sample_index,raw_code,voltage_mV,sample_rate_hz
0,34813,-1.464844,25000000.000
1,2045,-1.464844,25000000.000
2,2046,-0.976562,25000000.000
3,2045,-1.464844,25000000.000
4,2045,-1.464844,25000000.000
5,2046,-0.976562,25000000.000
6,2046,-0.976562,25000000.000
7,2045,-1.464844,25000000.000
8,2046,-0.976562,25000000.000
9,2047,-0.488281,25000000.000
10,2046,-0.976562,25000000.000
11,2046,-0.976562,25000000.000
12,2047,-0.488281,25000000.000
13,2046,-0.976562,25000000.000
14,2046,-0.976562,25000000.000
15,2047,-0.488281,25000000.000
16,2046,-0.976562,25000000.000
17,2046,-0.976562,25000000.000
18,2046,-0.976562,25000000.000
19,2045,-1.464844,25000000.000
20,2046,-0.976562,25000000.000
21,2046,-0.976562,25000000.000
22,2046,-0.976562,25000000.000
23,2045,-1.464844,25000000.000
24,2047,-0.488281,25000000.000
25,2046,-0.976562,25000000.000
26,2046,-0.976562,25000000.000
27,2045,-1.464844,25000000.000
28,2046,-0.976562,25000000.000
29,2045,-1.464844,25000000.000
30,2045,-1.464844,25000000.000
31,2046,-0.976562,25000000.000
32,2045,-1.464844,25000000.000
33,2045,-1.464844,25000000.000
34,2046,-0.976562,25000000.000
35,2045,-1.464844,25000000.000
36,2046,-0.976562,25000000.000
37,2046,-0.976562,25000000.000
38,2045,-1.464844,25000000.000
39,2045,-1.464844,25000000.000
40,2046,-0.976562,25000000.000
41,2046,-0.976562,25000000.000
42,2046,-0.976562,25000000.000
43,2046,-0.976562,25000000.000
44,2047,-0.488281,25000000.000
45,2045,-1.464844,25000000.000
46,2046,-0.976562,25000000.000
47,2046,-0.976562,25000000.000
48,2047,-0.488281,25000000.000
49,2046,-0.976562,25000000.000
50,2048,0.000000,25000000.000
51,2046,-0.976562,25000000.000
52,2047,-0.488281,25000000.000
53,2048,0.000000,25000000.000
54,2046,-0.976562,25000000.000
55,2047,-0.488281,25000000.000
56,2046,-0.976562,25000000.000
57,2047,-0.488281,25000000.000
58,2046,-0.976562,25000000.000
59,2046,-0.976562,25000000.000
60,2046,-0.976562,25000000.000
61,2046,-0.976562,25000000.000
62,2046,-0.976562,25000000.000
63,2047,-0.488281,25000000.000
64,2046,-0.976562,25000000.000
65,2046,-0.976562,25000000.000
66,2046,-0.976562,25000000.000
67,2046,-0.976562,25000000.000
68,2047,-0.488281,25000000.000
69,2047,-0.488281,25000000.000
70,2046,-0.976562,25000000.000
71,2046,-0.976562,25000000.000
72,2046,-0.976562,25000000.000
73,2045,-1.464844,25000000.000
74,2046,-0.976562,25000000.000
75,2046,-0.976562,25000000.000
76,2045,-1.464844,25000000.000
77,2046,-0.976562,25000000.000
78,2046,-0.976562,25000000.000
79,2046,-0.976562,25000000.000
80,2045,-1.464844,25000000.000
81,2046,-0.976562,25000000.000
82,2045,-1.464844,25000000.000
83,2045,-1.464844,25000000.000
84,2045,-1.464844,25000000.000
85,2045,-1.464844,25000000.000
86,2046,-0.976562,25000000.000
87,2045,-1.464844,25000000.000
88,2044,-1.953125,25000000.000
89,2045,-1.464844,25000000.000
90,2045,-1.464844,25000000.000
91,2046,-0.976562,25000000.000
92,2046,-0.976562,25000000.000
93,2046,-0.976562,25000000.000
94,2046,-0.976562,25000000.000
95,2046,-0.976562,25000000.000
96,2047,-0.488281,25000000.000
97,2047,-0.488281,25000000.000
98,2049,0.488281,25000000.000
99,2041,-3.417969,25000000.000
100,2050,0.976562,25000000.000
101,2045,-1.464844,25000000.000
102,2049,0.488281,25000000.000
103,2048,0.000000,25000000.000
104,2051,1.464844,25000000.000
105,2049,0.488281,25000000.000
106,2050,0.976562,25000000.000
107,2052,1.953125,25000000.000
108,2052,1.953125,25000000.000
109,2053,2.441406,25000000.000
110,2054,2.929688,25000000.000
111,2053,2.441406,25000000.000
112,2055,3.417969,25000000.000
113,2055,3.417969,25000000.000
114,2054,2.929688,25000000.000
115,2055,3.417969,25000000.000
116,2056,3.906250,25000000.000
117,2055,3.417969,25000000.000
118,2055,3.417969,25000000.000
119,2055,3.417969,25000000.000
120,2055,3.417969,25000000.000
121,2054,2.929688,25000000.000
122,2053,2.441406,25000000.000
123,2054,2.929688,25000000.000
124,2052,1.953125,25000000.000
125,2052,1.953125,25000000.000
126,2052,1.953125,25000000.000
127,2052,1.953125,25000000.000
128,2052,1.953125,25000000.000
129,2050,0.976562,25000000.000
130,2050,0.976562,25000000.000
131,2049,0.488281,25000000.000
132,2049,0.488281,25000000.000
133,2048,0.000000,25000000.000
134,2047,-0.488281,25000000.000
135,2047,-0.488281,25000000.000
136,2049,0.488281,25000000.000
137,2046,-0.976562,25000000.000
138,2045,-1.464844,25000000.000
139,2046,-0.976562,25000000.000
140,2046,-0.976562,25000000.000
141,2045,-1.464844,25000000.000
142,2045,-1.464844,25000000.000
143,2044,-1.953125,25000000.000
144,2044,-1.953125,25000000.000
145,2045,-1.464844,25000000.000
146,2044,-1.953125,25000000.000
147,2044,-1.953125,25000000.000
148,2043,-2.441406,25000000.000
149,2042,-2.929688,25000000.000
150,2043,-2.441406,25000000.000
151,2043,-2.441406,25000000.000
152,2042,-2.929688,25000000.000
153,2041,-3.417969,25000000.000
154,2042,-2.929688,25000000.000
155,2042,-2.929688,25000000.000
156,2041,-3.417969,25000000.000
157,2040,-3.906250,25000000.000
158,2039,-4.394531,25000000.000
159,2039,-4.394531,25000000.000
160,2038,-4.882812,25000000.000
161,2038,-4.882812,25000000.000
162,2038,-4.882812,25000000.000
163,2038,-4.882812,25000000.000
164,2037,-5.371094,25000000.000
165,2038,-4.882812,25000000.000
166,2038,-4.882812,25000000.000
167,2037,-5.371094,25000000.000
168,2037,-5.371094,25000000.000
169,2038,-4.882812,25000000.000
170,2038,-4.882812,25000000.000
171,2039,-4.394531,25000000.000
172,2039,-4.394531,25000000.000
173,2040,-3.906250,25000000.000
174,2040,-3.906250,25000000.000
175,2041,-3.417969,25000000.000
176,2043,-2.441406,25000000.000
177,2044,-1.953125,25000000.000
178,2044,-1.953125,25000000.000
179,2044,-1.953125,25000000.000
180,2046,-0.976562,25000000.000
181,2047,-0.488281,25000000.000
182,2049,0.488281,25000000.000
183,2047,-0.488281,25000000.000
184,2048,0.000000,25000000.000
185,2049,0.488281,25000000.000
186,2049,0.488281,25000000.000
187,2049,0.488281,25000000.000
188,2049,0.488281,25000000.000
189,2048,0.000000,25000000.000
190,2049,0.488281,25000000.000
191,2048,0.000000,25000000.000
192,2048,0.000000,25000000.000
193,2047,-0.488281,25000000.000
194,2045,-1.464844,25000000.000
195,2045,-1.464844,25000000.000
196,2042,-2.929688,25000000.000
197,2043,-2.441406,25000000.000
198,2041,-3.417969,25000000.000
199,2041,-3.417969,25000000.000
200,2039,-4.394531,25000000.000
201,2036,-5.859375,25000000.000
202,2035,-6.347656,25000000.000
203,2035,-6.347656,25000000.000
204,2032,-7.812500,25000000.000
205,2033,-7.324219,25000000.000
206,2032,-7.812500,25000000.000
207,2030,-8.789062,25000000.000
208,2032,-7.812500,25000000.000
209,2031,-8.300781,25000000.000
210,2031,-8.300781,25000000.000
211,2031,-8.300781,25000000.000
212,2034,-6.835938,25000000.000
213,2034,-6.835938,25000000.000
214,2035,-6.347656,25000000.000
215,2035,-6.347656,25000000.000
216,2037,-5.371094,25000000.000
217,2041,-3.417969,25000000.000
218,2042,-2.929688,25000000.000
219,2042,-2.929688,25000000.000
220,2046,-0.976562,25000000.000
221,2048,0.000000,25000000.000
222,2051,1.464844,25000000.000
223,2051,1.464844,25000000.000
224,2054,2.929688,25000000.000
225,2056,3.906250,25000000.000
226,2057,4.394531,25000000.000
227,2057,4.394531,25000000.000
228,2060,5.859375,25000000.000
229,2062,6.835938,25000000.000
230,2062,6.835938,25000000.000
231,2061,6.347656,25000000.000
232,2062,6.835938,25000000.000
233,2061,6.347656,25000000.000
234,2061,6.347656,25000000.000
235,2060,5.859375,25000000.000
236,2057,4.394531,25000000.000
237,2055,3.417969,25000000.000
238,2052,1.953125,25000000.000
239,2051,1.464844,25000000.000
240,2046,-0.976562,25000000.000
241,2044,-1.953125,25000000.000
242,2041,-3.417969,25000000.000
243,2041,-3.417969,25000000.000
244,2035,-6.347656,25000000.000
245,2031,-8.300781,25000000.000
246,2029,-9.277344,25000000.000
247,2028,-9.765625,25000000.000
248,2023,-12.207031,25000000.000
249,2021,-13.183594,25000000.000
250,2018,-14.648438,25000000.000
251,2019,-14.160156,25000000.000
252,2017,-15.136719,25000000.000
253,2016,-15.625000,25000000.000
254,2016,-15.625000,25000000.000
255,2016,-15.625000,25000000.000
256,2015,-16.113281,25000000.000
257,2018,-14.648438,25000000.000
258,2018,-14.648438,25000000.000
259,2017,-15.136719,25000000.000
260,2023,-12.207031,25000000.000
261,2024,-11.718750,25000000.000
262,2028,-9.765625,25000000.000
263,2028,-9.765625,25000000.000
264,2033,-7.324219,25000000.000
265,2036,-5.859375,25000000.000
266,2040,-3.906250,25000000.000
267,2040,-3.906250,25000000.000
268,2047,-0.488281,25000000.000
269,2049,0.488281,25000000.000
270,2052,1.953125,25000000.000
271,2052,1.953125,25000000.000
272,2058,4.882812,25000000.000
273,2059,5.371094,25000000.000
274,2060,5.859375,25000000.000
275,2061,6.347656,25000000.000
276,2062,6.835938,25000000.000
277,2062,6.835938,25000000.000
278,2062,6.835938,25000000.000
279,2062,6.835938,25000000.000
280,2059,5.371094,25000000.000
281,2059,5.371094,25000000.000
282,2057,4.394531,25000000.000
283,2055,3.417969,25000000.000
284,2051,1.464844,25000000.000
285,2048,0.000000,25000000.000
286,2046,-0.976562,25000000.000
287,2046,-0.976562,25000000.000
288,2042,-2.929688,25000000.000
289,2038,-4.882812,25000000.000
290,2036,-5.859375,25000000.000
291,2035,-6.347656,25000000.000
292,2032,-7.812500,25000000.000
293,2031,-8.300781,25000000.000
294,2029,-9.277344,25000000.000
295,2029,-9.277344,25000000.000
296,2029,-9.277344,25000000.000
297,2031,-8.300781,25000000.000
298,2031,-8.300781,25000000.000
299,2031,-8.300781,25000000.000
300,2035,-6.347656,25000000.000
301,2037,-5.371094,25000000.000
302,2041,-3.417969,25000000.000
303,2041,-3.417969,25000000.000
304,2049,0.488281,25000000.000
305,2052,1.953125,25000000.000
306,2056,3.906250,25000000.000
307,2057,4.394531,25000000.000
308,2066,8.789062,25000000.000
309,2069,10.253906,25000000.000
310,2074,12.695312,25000000.000
311,2074,12.695312,25000000.000
312,2081,16.113281,25000000.000
313,2084,17.578125,25000000.000
314,2087,19.042969,25000000.000
315,2087,19.042969,25000000.000
316,2089,20.019531,25000000.000
317,2090,20.507812,25000000.000
318,2090,20.507812,25000000.000
319,2090,20.507812,25000000.000
320,2088,19.531250,25000000.000
321,2086,18.554688,25000000.000
322,2082,16.601562,25000000.000
323,2082,16.601562,25000000.000
324,2075,13.183594,25000000.000
325,2070,10.742188,25000000.000
326,2065,8.300781,25000000.000
327,2064,7.812500,25000000.000
328,2054,2.929688,25000000.000
329,2048,0.000000,25000000.000
330,2043,-2.441406,25000000.000
331,2042,-2.929688,25000000.000
332,2033,-7.324219,25000000.000
333,2029,-9.277344,25000000.000
334,2025,-11.230469,25000000.000
335,2025,-11.230469,25000000.000
336,2019,-14.160156,25000000.000
337,2016,-15.625000,25000000.000
338,2017,-15.136719,25000000.000
339,2015,-16.113281,25000000.000
340,2016,-15.625000,25000000.000
341,2016,-15.625000,25000000.000
342,2018,-14.648438,25000000.000
343,2018,-14.648438,25000000.000
344,2023,-12.207031,25000000.000
345,2026,-10.742188,25000000.000
346,2031,-8.300781,25000000.000
347,2031,-8.300781,25000000.000
348,2038,-4.882812,25000000.000
349,2043,-2.441406,25000000.000
350,2048,0.000000,25000000.000
351,2048,0.000000,25000000.000
352,2054,2.929688,25000000.000
353,2059,5.371094,25000000.000
354,2061,6.347656,25000000.000
355,2061,6.347656,25000000.000
356,2065,8.300781,25000000.000
357,2067,9.277344,25000000.000
358,2066,8.789062,25000000.000
359,2065,8.300781,25000000.000
360,2065,8.300781,25000000.000
361,2064,7.812500,25000000.000
362,2061,6.347656,25000000.000
363,2060,5.859375,25000000.000
364,2056,3.906250,25000000.000
365,2051,1.464844,25000000.000
366,2048,0.000000,25000000.000
367,2048,0.000000,25000000.000
368,2040,-3.906250,25000000.000
369,2037,-5.371094,25000000.000
370,2033,-7.324219,25000000.000
371,2032,-7.812500,25000000.000
372,2027,-10.253906,25000000.000
373,2025,-11.230469,25000000.000
374,2022,-12.695312,25000000.000
375,2022,-12.695312,25000000.000
376,2020,-13.671875,25000000.000
377,2022,-12.695312,25000000.000
378,2021,-13.183594,25000000.000
379,2021,-13.183594,25000000.000
380,2025,-11.230469,25000000.000
381,2028,-9.765625,25000000.000
382,2032,-7.812500,25000000.000
383,2032,-7.812500,25000000.000
384,2041,-3.417969,25000000.000
385,2045,-1.464844,25000000.000
386,2050,0.976562,25000000.000
387,2049,0.488281,25000000.000
388,2058,4.882812,25000000.000
389,2064,7.812500,25000000.000
390,2068,9.765625,25000000.000
391,2069,10.253906,25000000.000
392,2076,13.671875,25000000.000
393,2078,14.648438,25000000.000
394,2079,15.136719,25000000.000
395,2079,15.136719,25000000.000
396,2081,16.113281,25000000.000
397,2080,15.625000,25000000.000
398,2079,15.136719,25000000.000
399,2079,15.136719,25000000.000
400,2073,12.207031,25000000.000
401,2069,10.253906,25000000.000
402,2065,8.300781,25000000.000
403,2065,8.300781,25000000.000
404,2055,3.417969,25000000.000
405,2049,0.488281,25000000.000
406,2043,-2.441406,25000000.000
407,2044,-1.953125,25000000.000
408,2028,-9.765625,25000000.000
409,2028,-9.765625,25000000.000
410,2021,-13.183594,25000000.000
411,2023,-12.207031,25000000.000
412,2010,-18.554688,25000000.000
413,2009,-19.042969,25000000.000
414,2004,-21.484375,25000000.000
415,2005,-20.996094,25000000.000
416,2002,-22.460938,25000000.000
417,2002,-22.460938,25000000.000
418,2004,-21.484375,25000000.000
419,2004,-21.484375,25000000.000
420,2010,-18.554688,25000000.000
421,2015,-16.113281,25000000.000
422,2020,-13.671875,25000000.000
423,2020,-13.671875,25000000.000
424,2032,-7.812500,25000000.000
425,2040,-3.906250,25000000.000
426,2046,-0.976562,25000000.000
427,2047,-0.488281,25000000.000
428,2061,6.347656,25000000.000
429,2068,9.765625,25000000.000
430,2076,13.671875,25000000.000
431,2076,13.671875,25000000.000
432,2087,19.042969,25000000.000
433,2092,21.484375,25000000.000
434,2095,22.949219,25000000.000
435,2095,22.949219,25000000.000
436,2099,24.902344,25000000.000
437,2100,25.390625,25000000.000
438,2100,25.390625,25000000.000
439,2099,24.902344,25000000.000
440,2095,22.949219,25000000.000
441,2090,20.507812,25000000.000
442,2086,18.554688,25000000.000
443,2084,17.578125,25000000.000
444,2073,12.207031,25000000.000
445,2067,9.277344,25000000.000
446,2057,4.394531,25000000.000
447,2056,3.906250,25000000.000
448,2037,-5.371094,25000000.000
449,2034,-6.835938,25000000.000
450,2026,-10.742188,25000000.000
451,2025,-11.230469,25000000.000
452,2012,-17.578125,25000000.000
453,2006,-20.507812,25000000.000
454,2001,-22.949219,25000000.000
455,2001,-22.949219,25000000.000
456,1994,-26.367188,25000000.000
457,1993,-26.855469,25000000.000
458,1992,-27.343750,25000000.000
459,1992,-27.343750,25000000.000
460,1995,-25.878906,25000000.000
461,1998,-24.414062,25000000.000
462,2002,-22.460938,25000000.000
463,2002,-22.460938,25000000.000
464,2012,-17.578125,25000000.000
465,2020,-13.671875,25000000.000
466,2026,-10.742188,25000000.000
467,2028,-9.765625,25000000.000
468,2041,-3.417969,25000000.000
469,2049,0.488281,25000000.000
470,2057,4.394531,25000000.000
471,2059,5.371094,25000000.000
472,2072,11.718750,25000000.000
473,2078,14.648438,25000000.000
474,2083,17.089844,25000000.000
475,2084,17.578125,25000000.000
476,2092,21.484375,25000000.000
477,2095,22.949219,25000000.000
478,2096,23.437500,25000000.000
479,2096,23.437500,25000000.000
480,2094,22.460938,25000000.000
481,2093,21.972656,25000000.000
482,2088,19.531250,25000000.000
483,2089,20.019531,25000000.000
484,2081,16.113281,25000000.000
485,2074,12.695312,25000000.000
486,2066,8.789062,25000000.000
487,2067,9.277344,25000000.000
488,2052,1.953125,25000000.000
489,2043,-2.441406,25000000.000
490,2037,-5.371094,25000000.000
491,2036,-5.859375,25000000.000
492,2021,-13.183594,25000000.000
493,2015,-16.113281,25000000.000
494,2009,-19.042969,25000000.000
495,2008,-19.531250,25000000.000
496,1998,-24.414062,25000000.000
497,1996,-25.390625,25000000.000
498,1995,-25.878906,25000000.000
499,1994,-26.367188,25000000.000
500,1994,-26.367188,25000000.000
501,1996,-25.390625,25000000.000
502,1999,-23.925781,25000000.000
503,1998,-24.414062,25000000.000
504,2006,-20.507812,25000000.000
505,2013,-17.089844,25000000.000
506,2019,-14.160156,25000000.000
507,2021,-13.183594,25000000.000
508,2036,-5.859375,25000000.000
509,2043,-2.441406,25000000.000
510,2050,0.976562,25000000.000
511,2052,1.953125,25000000.000
512,2068,9.765625,25000000.000
513,2076,13.671875,25000000.000
514,2083,17.089844,25000000.000
515,2083,17.089844,25000000.000
516,2095,22.949219,25000000.000
517,2100,25.390625,25000000.000
518,2104,27.343750,25000000.000
519,2104,27.343750,25000000.000
520,2108,29.296875,25000000.000
521,2107,28.808594,25000000.000
522,2107,28.808594,25000000.000
523,2106,28.320312,25000000.000
524,2101,25.878906,25000000.000
525,2096,23.437500,25000000.000
526,2091,20.996094,25000000.000
527,2091,20.996094,25000000.000
528,2078,14.648438,25000000.000
529,2070,10.742188,25000000.000
530,2062,6.835938,25000000.000
531,2059,5.371094,25000000.000
532,2045,-1.464844,25000000.000
533,2034,-6.835938,25000000.000
534,2027,-10.253906,25000000.000
535,2026,-10.742188,25000000.000
536,2009,-19.042969,25000000.000
537,2002,-22.460938,25000000.000
538,1995,-25.878906,25000000.000
539,1994,-26.367188,25000000.000
540,1985,-30.761719,25000000.000
541,1980,-33.203125,25000000.000
542,1978,-34.179688,25000000.000
543,1977,-34.667969,25000000.000
544,1975,-35.644531,25000000.000
545,1976,-35.156250,25000000.000
546,1979,-33.691406,25000000.000
547,1980,-33.203125,25000000.000
548,1988,-29.296875,25000000.000
549,1992,-27.343750,25000000.000
550,2001,-22.949219,25000000.000
551,2001,-22.949219,25000000.000
552,2017,-15.136719,25000000.000
553,2027,-10.253906,25000000.000
554,2037,-5.371094,25000000.000
555,2038,-4.882812,25000000.000
556,2056,3.906250,25000000.000
557,2067,9.277344,25000000.000
558,2077,14.160156,25000000.000
559,2077,14.160156,25000000.000
560,2094,22.460938,25000000.000
561,2101,25.878906,25000000.000
562,2107,28.808594,25000000.000
563,2108,29.296875,25000000.000
564,2116,33.203125,25000000.000
565,2118,34.179688,25000000.000
566,2118,34.179688,25000000.000
567,2118,34.179688,25000000.000
568,2113,31.738281,25000000.000
569,2109,29.785156,25000000.000
570,2103,26.855469,25000000.000
571,2103,26.855469,25000000.000
572,2088,19.531250,25000000.000
573,2079,15.136719,25000000.000
574,2069,10.253906,25000000.000
575,2068,9.765625,25000000.000
576,2047,-0.488281,25000000.000
577,2036,-5.859375,25000000.000
578,2024,-11.718750,25000000.000
579,2023,-12.207031,25000000.000
580,2003,-21.972656,25000000.000
581,1994,-26.367188,25000000.000
582,1986,-30.273438,25000000.000
583,1984,-31.250000,25000000.000
584,1973,-36.621094,25000000.000
585,1969,-38.574219,25000000.000
586,1967,-39.550781,25000000.000
587,1967,-39.550781,25000000.000
588,1967,-39.550781,25000000.000
589,1970,-38.085938,25000000.000
590,1977,-34.667969,25000000.000
591,1976,-35.156250,25000000.000
592,1990,-28.320312,25000000.000
593,1999,-23.925781,25000000.000
594,2010,-18.554688,25000000.000
595,2010,-18.554688,25000000.000
596,2032,-7.812500,25000000.000
597,2044,-1.953125,25000000.000
598,2056,3.906250,25000000.000
599,2056,3.906250,25000000.000
600,2080,15.625000,25000000.000
601,2090,20.507812,25000000.000
602,2101,25.878906,25000000.000
603,2102,26.367188,25000000.000
604,2115,32.714844,25000000.000
605,2121,35.644531,25000000.000
606,2128,39.062500,25000000.000
607,2125,37.597656,25000000.000
608,2129,39.550781,25000000.000
609,2129,39.550781,25000000.000
610,2122,36.132812,25000000.000
611,2122,36.132812,25000000.000
612,2112,31.250000,25000000.000
613,2103,26.855469,25000000.000
614,2093,21.972656,25000000.000
615,2092,21.484375,25000000.000
616,2071,11.230469,25000000.000
617,2059,5.371094,25000000.000
618,2046,-0.976562,25000000.000
619,2045,-1.464844,25000000.000
620,2022,-12.695312,25000000.000
621,2010,-18.554688,25000000.000
622,2000,-23.437500,25000000.000
623,1998,-24.414062,25000000.000
624,1980,-33.203125,25000000.000
625,1974,-36.132812,25000000.000
626,1968,-39.062500,25000000.000
627,1968,-39.062500,25000000.000
628,1962,-41.992188,25000000.000
629,1963,-41.503906,25000000.000
630,1965,-40.527344,25000000.000
631,1966,-40.039062,25000000.000
632,1976,-35.156250,25000000.000
633,1982,-32.226562,25000000.000
634,1990,-28.320312,25000000.000
635,1992,-27.343750,25000000.000
636,2011,-18.066406,25000000.000
637,2023,-12.207031,25000000.000
638,2036,-5.859375,25000000.000
639,2037,-5.371094,25000000.000
640,2061,6.347656,25000000.000
641,2073,12.207031,25000000.000
642,2084,17.578125,25000000.000
643,2086,18.554688,25000000.000
644,2105,27.832031,25000000.000
645,2113,31.738281,25000000.000
646,2120,35.156250,25000000.000
647,2121,35.644531,25000000.000
648,2128,39.062500,25000000.000
649,2128,39.062500,25000000.000
650,2128,39.062500,25000000.000
651,2128,39.062500,25000000.000
652,2121,35.644531,25000000.000
653,2115,32.714844,25000000.000
654,2107,28.808594,25000000.000
655,2106,28.320312,25000000.000
656,2086,18.554688,25000000.000
657,2076,13.671875,25000000.000
658,2062,6.835938,25000000.000
659,2062,6.835938,25000000.000
660,2036,-5.859375,25000000.000
661,2023,-12.207031,25000000.000
662,2012,-17.578125,25000000.000
663,2011,-18.066406,25000000.000
664,1990,-28.320312,25000000.000
665,1980,-33.203125,25000000.000
666,1972,-37.109375,25000000.000
667,1972,-37.109375,25000000.000
668,1962,-41.992188,25000000.000
669,1959,-43.457031,25000000.000
670,1959,-43.457031,25000000.000
671,1958,-43.945312,25000000.000
672,1964,-41.015625,25000000.000
673,1970,-38.085938,25000000.000
674,1977,-34.667969,25000000.000
675,1978,-34.179688,25000000.000
676,1996,-25.390625,25000000.000
677,2008,-19.531250,25000000.000
678,2019,-14.160156,25000000.000
679,2021,-13.183594,25000000.000
680,2046,-0.976562,25000000.000
681,2059,5.371094,25000000.000
682,2073,12.207031,25000000.000
683,2073,12.207031,25000000.000
684,2096,23.437500,25000000.000
685,2106,28.320312,25000000.000
686,2115,32.714844,25000000.000
687,2117,33.691406,25000000.000
688,2128,39.062500,25000000.000
689,2132,41.015625,25000000.000
690,2134,41.992188,25000000.000
691,2134,41.992188,25000000.000
692,2131,40.527344,25000000.000
693,2128,39.062500,25000000.000
694,2121,35.644531,25000000.000
695,2120,35.156250,25000000.000
696,2104,27.343750,25000000.000
697,2092,21.484375,25000000.000
698,2080,15.625000,25000000.000
699,2078,14.648438,25000000.000
700,2054,2.929688,25000000.000
701,2039,-4.394531,25000000.000
702,2026,-10.742188,25000000.000
703,2025,-11.230469,25000000.000
704,2000,-23.437500,25000000.000
705,1989,-28.808594,25000000.000
706,1979,-33.691406,25000000.000
707,1979,-33.691406,25000000.000
708,1963,-41.503906,25000000.000
709,1957,-44.433594,25000000.000
710,1954,-45.898438,25000000.000
711,1953,-46.386719,25000000.000
712,1954,-45.898438,25000000.000
713,1957,-44.433594,25000000.000
714,1962,-41.992188,25000000.000
715,1963,-41.503906,25000000.000
716,1977,-34.667969,25000000.000
717,1987,-29.785156,25000000.000
718,1998,-24.414062,25000000.000
719,1999,-23.925781,25000000.000
720,2023,-12.207031,25000000.000
721,2037,-5.371094,25000000.000
722,2052,1.953125,25000000.000
723,2052,1.953125,25000000.000
724,2077,14.160156,25000000.000
725,2089,20.019531,25000000.000
726,2100,25.390625,25000000.000
727,2101,25.878906,25000000.000
728,2118,34.179688,25000000.000
729,2124,37.109375,25000000.000
730,2128,39.062500,25000000.000
731,2129,39.550781,25000000.000
732,2132,41.015625,25000000.000
733,2131,40.527344,25000000.000
734,2127,38.574219,25000000.000
735,2126,38.085938,25000000.000
736,2114,32.226562,25000000.000
737,2105,27.832031,25000000.000
738,2093,21.972656,25000000.000
739,2092,21.484375,25000000.000
740,2069,10.253906,25000000.000
741,2055,3.417969,25000000.000
742,2042,-2.929688,25000000.000
743,2042,-2.929688,25000000.000
744,2017,-15.136719,25000000.000
745,2004,-21.484375,25000000.000
746,1993,-26.855469,25000000.000
747,1993,-26.855469,25000000.000
748,1975,-35.644531,25000000.000
749,1967,-39.550781,25000000.000
750,1960,-42.968750,25000000.000
751,1961,-42.480469,25000000.000
752,1958,-43.945312,25000000.000
753,1959,-43.457031,25000000.000
754,1960,-42.968750,25000000.000
755,1963,-41.503906,25000000.000
756,1975,-35.644531,25000000.000
757,1983,-31.738281,25000000.000
758,1993,-26.855469,25000000.000
759,1994,-26.367188,25000000.000
760,2017,-15.136719,25000000.000
761,2031,-8.300781,25000000.000
762,2045,-1.464844,25000000.000
763,2046,-0.976562,25000000.000
764,2073,12.207031,25000000.000
765,2086,18.554688,25000000.000
766,2099,24.902344,25000000.000
767,2100,25.390625,25000000.000
768,2122,36.132812,25000000.000
769,2129,39.550781,25000000.000
770,2136,42.968750,25000000.000
771,2136,42.968750,25000000.000
772,2142,45.898438,25000000.000
773,2143,46.386719,25000000.000
774,2140,44.921875,25000000.000
775,2140,44.921875,25000000.000
776,2130,40.039062,25000000.000
777,2123,36.621094,25000000.000
778,2113,31.738281,25000000.000
779,2111,30.761719,25000000.000
780,2089,20.019531,25000000.000
781,2076,13.671875,25000000.000
782,2063,7.324219,25000000.000
783,2061,6.347656,25000000.000
784,2033,-7.324219,25000000.000
785,2019,-14.160156,25000000.000
786,2004,-21.484375,25000000.000
787,2003,-21.972656,25000000.000
788,1982,-32.226562,25000000.000
789,1970,-38.085938,25000000.000
790,1964,-41.015625,25000000.000
791,1962,-41.992188,25000000.000
792,1953,-46.386719,25000000.000
793,1953,-46.386719,25000000.000
794,1952,-46.875000,25000000.000
795,1951,-47.363281,25000000.000
796,1959,-43.457031,25000000.000
797,1967,-39.550781,25000000.000
798,1975,-35.644531,25000000.000
799,1974,-36.132812,25000000.000
800,1994,-26.367188,25000000.000
801,2008,-19.531250,25000000.000
802,2023,-12.207031,25000000.000
803,2022,-12.695312,25000000.000
804,2048,0.000000,25000000.000
805,2064,7.812500,25000000.000
806,2077,14.160156,25000000.000
807,2078,14.648438,25000000.000
808,2101,25.878906,25000000.000
809,2111,30.761719,25000000.000
810,2120,35.156250,25000000.000
811,2121,35.644531,25000000.000
812,2134,41.992188,25000000.000
813,2137,43.457031,25000000.000
814,2137,43.457031,25000000.000
815,2136,42.968750,25000000.000
816,2133,41.503906,25000000.000
817,2127,38.574219,25000000.000
818,2120,35.156250,25000000.000
819,2119,34.667969,25000000.000
820,2100,25.390625,25000000.000
821,2088,19.531250,25000000.000
822,2075,13.183594,25000000.000
823,2074,12.695312,25000000.000
824,2048,0.000000,25000000.000
825,2034,-6.835938,25000000.000
826,2022,-12.695312,25000000.000
827,2019,-14.160156,25000000.000
828,1995,-25.878906,25000000.000
829,1985,-30.761719,25000000.000
830,1976,-35.156250,25000000.000
831,1975,-35.644531,25000000.000
832,1962,-41.992188,25000000.000
833,1959,-43.457031,25000000.000
834,1957,-44.433594,25000000.000
835,1958,-43.945312,25000000.000
836,1960,-42.968750,25000000.000
837,1966,-40.039062,25000000.000
838,1972,-37.109375,25000000.000
839,1973,-36.621094,25000000.000
840,1990,-28.320312,25000000.000
841,2001,-22.949219,25000000.000
842,2015,-16.113281,25000000.000
843,2016,-15.625000,25000000.000
844,2042,-2.929688,25000000.000
845,2056,3.906250,25000000.000
846,2070,10.742188,25000000.000
847,2070,10.742188,25000000.000
848,2094,22.460938,25000000.000
849,2105,27.832031,25000000.000
850,2115,32.714844,25000000.000
851,2116,33.203125,25000000.000
852,2131,40.527344,25000000.000
853,2134,41.992188,25000000.000
854,2136,42.968750,25000000.000
855,2137,43.457031,25000000.000
856,2135,42.480469,25000000.000
857,2132,41.015625,25000000.000
858,2124,37.109375,25000000.000
859,2123,36.621094,25000000.000
860,2107,28.808594,25000000.000
861,2096,23.437500,25000000.000
862,2084,17.578125,25000000.000
863,2082,16.601562,25000000.000
864,2056,3.906250,25000000.000
865,2041,-3.417969,25000000.000
866,2027,-10.253906,25000000.000
867,2026,-10.742188,25000000.000
868,2001,-22.949219,25000000.000
869,1989,-28.808594,25000000.000
870,1979,-33.691406,25000000.000
871,1978,-34.179688,25000000.000
872,1962,-41.992188,25000000.000
873,1958,-43.945312,25000000.000
874,1954,-45.898438,25000000.000
875,1955,-45.410156,25000000.000
876,1955,-45.410156,25000000.000
877,1958,-43.945312,25000000.000
878,1963,-41.503906,25000000.000
879,1963,-41.503906,25000000.000
880,1980,-33.203125,25000000.000
881,1990,-28.320312,25000000.000
882,2002,-22.460938,25000000.000
883,2003,-21.972656,25000000.000
884,2029,-9.277344,25000000.000
885,2040,-3.906250,25000000.000
886,2055,3.417969,25000000.000
887,2057,4.394531,25000000.000
888,2082,16.601562,25000000.000
889,2094,22.460938,25000000.000
890,2105,27.832031,25000000.000
891,2106,28.320312,25000000.000
892,2122,36.132812,25000000.000
893,2128,39.062500,25000000.000
894,2132,41.015625,25000000.000
895,2132,41.015625,25000000.000
896,2133,41.503906,25000000.000
897,2131,40.527344,25000000.000
898,2128,39.062500,25000000.000
899,2126,38.085938,25000000.000
900,2113,31.738281,25000000.000
901,2103,26.855469,25000000.000
902,2092,21.484375,25000000.000
903,2090,20.507812,25000000.000
904,2066,8.789062,25000000.000
905,2052,1.953125,25000000.000
906,2038,-4.882812,25000000.000
907,2038,-4.882812,25000000.000
908,2012,-17.578125,25000000.000
909,2001,-22.949219,25000000.000
910,1988,-29.296875,25000000.000
911,1988,-29.296875,25000000.000
912,1971,-37.597656,25000000.000
913,1963,-41.503906,25000000.000
914,1959,-43.457031,25000000.000
915,1959,-43.457031,25000000.000
916,1957,-44.433594,25000000.000
917,1959,-43.457031,25000000.000
918,1965,-40.527344,25000000.000
919,1962,-41.992188,25000000.000
920,1977,-34.667969,25000000.000
921,1986,-30.273438,25000000.000
922,1997,-24.902344,25000000.000
923,1998,-24.414062,25000000.000
924,2024,-11.718750,25000000.000
925,2036,-5.859375,25000000.000
926,2050,0.976562,25000000.000
927,2052,1.953125,25000000.000
928,2078,14.648438,25000000.000
929,2091,20.996094,25000000.000
930,2102,26.367188,25000000.000
931,2103,26.855469,25000000.000
932,2123,36.621094,25000000.000
933,2130,40.039062,25000000.000
934,2135,42.480469,25000000.000
935,2135,42.480469,25000000.000
936,2139,44.433594,25000000.000
937,2138,43.945312,25000000.000
938,2135,42.480469,25000000.000
939,2135,42.480469,25000000.000
940,2123,36.621094,25000000.000
941,2114,32.226562,25000000.000
942,2103,26.855469,25000000.000
943,2102,26.367188,25000000.000
944,2079,15.136719,25000000.000
945,2065,8.300781,25000000.000
946,2052,1.953125,25000000.000
947,2052,1.953125,25000000.000
948,2024,-11.718750,25000000.000
949,2012,-17.578125,25000000.000
950,1999,-23.925781,25000000.000
951,1997,-24.902344,25000000.000
952,1978,-34.179688,25000000.000
953,1968,-39.062500,25000000.000
954,1962,-41.992188,25000000.000
955,1962,-41.992188,25000000.000
956,1956,-44.921875,25000000.000
957,1955,-45.410156,25000000.000
958,1957,-44.433594,25000000.000
959,1957,-44.433594,25000000.000
960,1967,-39.550781,25000000.000
961,1975,-35.644531,25000000.000
962,1983,-31.738281,25000000.000
963,1985,-30.761719,25000000.000
964,2006,-20.507812,25000000.000
965,2018,-14.648438,25000000.000
966,2032,-7.812500,25000000.000
967,2032,-7.812500,25000000.000
968,2059,5.371094,25000000.000
969,2072,11.718750,25000000.000
970,2084,17.578125,25000000.000
971,2085,18.066406,25000000.000
972,2106,28.320312,25000000.000
973,2115,32.714844,25000000.000
974,2122,36.132812,25000000.000
975,2123,36.621094,25000000.000
976,2131,40.527344,25000000.000
977,2132,41.015625,25000000.000
978,2131,40.527344,25000000.000
979,2131,40.527344,25000000.000
980,2123,36.621094,25000000.000
981,2116,33.203125,25000000.000
982,2109,29.785156,25000000.000
983,2108,29.296875,25000000.000
984,2088,19.531250,25000000.000
985,2076,13.671875,25000000.000
986,2063,7.324219,25000000.000
987,2062,6.835938,25000000.000
988,2037,-5.371094,25000000.000
989,2024,-11.718750,25000000.000
990,2011,-18.066406,25000000.000
991,2010,-18.554688,25000000.000
992,1989,-28.808594,25000000.000
993,1981,-32.714844,25000000.000
994,1974,-36.132812,25000000.000
995,1973,-36.621094,25000000.000
996,1964,-41.015625,25000000.000
997,1962,-41.992188,25000000.000
998,1962,-41.992188,25000000.000
999,1963,-41.503906,25000000.000
1000,1970,-38.085938,25000000.000
1001,1977,-34.667969,25000000.000
1002,1985,-30.761719,25000000.000
1003,1986,-30.273438,25000000.000
1004,2006,-20.507812,25000000.000
1005,2017,-15.136719,25000000.000
1006,2030,-8.789062,25000000.000
1007,2031,-8.300781,25000000.000
1008,2055,3.417969,25000000.000
1009,2068,9.765625,25000000.000
1010,2082,16.601562,25000000.000
1011,2083,17.089844,25000000.000
1012,2104,27.343750,25000000.000
1013,2113,31.738281,25000000.000
1014,2121,35.644531,25000000.000
1015,2122,36.132812,25000000.000
1016,2131,40.527344,25000000.000
1017,2134,41.992188,25000000.000
1018,2134,41.992188,25000000.000
1019,2134,41.992188,25000000.000
1020,2129,39.550781,25000000.000
1021,2121,35.644531,25000000.000
1022,2114,32.226562,25000000.000
1023,2114,32.226562,25000000.000
1024,2095,22.949219,25000000.000
1025,2084,17.578125,25000000.000
1026,2071,11.230469,25000000.000
1027,2070,10.742188,25000000.000
1028,2045,-1.464844,25000000.000
1029,2032,-7.812500,25000000.000
1030,2018,-14.648438,25000000.000
1031,2016,-15.625000,25000000.000
1032,1995,-25.878906,25000000.000
1033,1983,-31.738281,25000000.000
1034,1976,-35.156250,25000000.000
1035,1976,-35.156250,25000000.000
1036,1963,-41.503906,25000000.000
1037,1960,-42.968750,25000000.000
1038,1958,-43.945312,25000000.000
1039,1958,-43.945312,25000000.000
1040,1962,-41.992188,25000000.000
1041,1968,-39.062500,25000000.000
1042,1974,-36.132812,25000000.000
1043,1973,-36.621094,25000000.000
1044,1993,-26.855469,25000000.000
1045,2003,-21.972656,25000000.000
1046,2013,-17.089844,25000000.000
1047,2016,-15.625000,25000000.000
1048,2041,-3.417969,25000000.000
1049,2053,2.441406,25000000.000
1050,2063,7.324219,25000000.000
1051,2066,8.789062,25000000.000
1052,2090,20.507812,25000000.000
1053,2100,25.390625,25000000.000
1054,2108,29.296875,25000000.000
1055,2110,30.273438,25000000.000
1056,2122,36.132812,25000000.000
1057,2126,38.085938,25000000.000
1058,2128,39.062500,25000000.000
1059,2128,39.062500,25000000.000
1060,2126,38.085938,25000000.000
1061,2122,36.132812,25000000.000
1062,2116,33.203125,25000000.000
1063,2117,33.691406,25000000.000
1064,2101,25.878906,25000000.000
1065,2091,20.996094,25000000.000
1066,2080,15.625000,25000000.000
1067,2079,15.136719,25000000.000
1068,2056,3.906250,25000000.000
1069,2042,-2.929688,25000000.000
1070,2031,-8.300781,25000000.000
1071,2030,-8.789062,25000000.000
1072,2005,-20.996094,25000000.000
1073,1996,-25.390625,25000000.000
1074,1986,-30.273438,25000000.000
1075,1985,-30.761719,25000000.000
1076,1968,-39.062500,25000000.000
1077,1966,-40.039062,25000000.000
1078,1963,-41.503906,25000000.000
1079,1962,-41.992188,25000000.000
1080,1961,-42.480469,25000000.000
1081,1964,-41.015625,25000000.000
1082,1969,-38.574219,25000000.000
1083,1969,-38.574219,25000000.000
1084,1984,-31.250000,25000000.000
1085,1993,-26.855469,25000000.000
1086,2003,-21.972656,25000000.000
1087,2004,-21.484375,25000000.000
1088,2028,-9.765625,25000000.000
1089,2040,-3.906250,25000000.000
1090,2053,2.441406,25000000.000
1091,2053,2.441406,25000000.000
1092,2077,14.160156,25000000.000
1093,2088,19.531250,25000000.000
1094,2096,23.437500,25000000.000
1095,2100,25.390625,25000000.000
1096,2113,31.738281,25000000.000
1097,2118,34.179688,25000000.000
1098,2123,36.621094,25000000.000
1099,2123,36.621094,25000000.000
1100,2126,38.085938,25000000.000
1101,2123,36.621094,25000000.000
1102,2120,35.156250,25000000.000
1103,2119,34.667969,25000000.000
1104,2107,28.808594,25000000.000
1105,2098,24.414062,25000000.000
1106,2087,19.042969,25000000.000
1107,2088,19.531250,25000000.000
1108,2064,7.812500,25000000.000
1109,2053,2.441406,25000000.000
1110,2040,-3.906250,25000000.000
1111,2040,-3.906250,25000000.000
1112,2016,-15.625000,25000000.000
1113,2003,-21.972656,25000000.000
1114,1993,-26.855469,25000000.000
1115,1992,-27.343750,25000000.000
1116,1976,-35.156250,25000000.000
1117,1969,-38.574219,25000000.000
1118,1965,-40.527344,25000000.000
1119,1964,-41.015625,25000000.000
1120,1961,-42.480469,25000000.000
1121,1962,-41.992188,25000000.000
1122,1965,-40.527344,25000000.000
1123,1966,-40.039062,25000000.000
1124,1977,-34.667969,25000000.000
1125,1985,-30.761719,25000000.000
1126,1995,-25.878906,25000000.000
1127,1996,-25.390625,25000000.000
1128,2017,-15.136719,25000000.000
1129,2030,-8.789062,25000000.000
1130,2043,-2.441406,25000000.000
1131,2045,-1.464844,25000000.000
1132,2068,9.765625,25000000.000
1133,2081,16.113281,25000000.000
1134,2091,20.996094,25000000.000
1135,2093,21.972656,25000000.000
1136,2109,29.785156,25000000.000
1137,2118,34.179688,25000000.000
1138,2123,36.621094,25000000.000
1139,2123,36.621094,25000000.000
1140,2127,38.574219,25000000.000
1141,2128,39.062500,25000000.000
1142,2125,37.597656,25000000.000
1143,2127,38.574219,25000000.000
1144,2110,30.273438,25000000.000
1145,2110,30.273438,25000000.000
1146,2102,26.367188,25000000.000
1147,2096,23.437500,25000000.000
1148,2073,12.207031,25000000.000
1149,2065,8.300781,25000000.000
1150,2052,1.953125,25000000.000
1151,2049,0.488281,25000000.000
1152,2025,-11.230469,25000000.000
1153,2013,-17.089844,25000000.000
1154,2002,-22.460938,25000000.000
1155,2002,-22.460938,25000000.000
1156,1983,-31.738281,25000000.000
1157,1974,-36.132812,25000000.000
1158,1968,-39.062500,25000000.000
1159,1968,-39.062500,25000000.000
1160,1961,-42.480469,25000000.000
1161,1960,-42.968750,25000000.000
1162,1963,-41.503906,25000000.000
1163,1963,-41.503906,25000000.000
1164,1971,-37.597656,25000000.000
1165,1979,-33.691406,25000000.000
1166,1988,-29.296875,25000000.000
1167,1989,-28.808594,25000000.000
1168,2010,-18.554688,25000000.000
1169,2021,-13.183594,25000000.000
1170,2035,-6.347656,25000000.000
1171,2036,-5.859375,25000000.000
1172,2060,5.859375,25000000.000
1173,2072,11.718750,25000000.000
1174,2085,18.066406,25000000.000
1175,2086,18.554688,25000000.000
1176,2106,28.320312,25000000.000
1177,2115,32.714844,25000000.000
1178,2122,36.132812,25000000.000
1179,2122,36.132812,25000000.000
1180,2131,40.527344,25000000.000
1181,2133,41.503906,25000000.000
1182,2130,40.039062,25000000.000
1183,2131,40.527344,25000000.000
1184,2123,36.621094,25000000.000
1185,2117,33.691406,25000000.000
1186,2108,29.296875,25000000.000
1187,2108,29.296875,25000000.000
1188,2089,20.019531,25000000.000
1189,2077,14.160156,25000000.000
1190,2065,8.300781,25000000.000
1191,2064,7.812500,25000000.000
1192,2039,-4.394531,25000000.000
1193,2026,-10.742188,25000000.000
1194,2014,-16.601562,25000000.000
1195,2014,-16.601562,25000000.000
1196,1993,-26.855469,25000000.000
1197,1983,-31.738281,25000000.000
1198,1975,-35.644531,25000000.000
1199,1975,-35.644531,25000000.000
1200,1966,-40.039062,25000000.000
1201,1964,-41.015625,25000000.000
1202,1964,-41.015625,25000000.000
1203,1964,-41.015625,25000000.000
1204,1970,-38.085938,25000000.000
1205,1975,-35.644531,25000000.000
1206,1983,-31.738281,25000000.000
1207,1984,-31.250000,25000000.000
1208,2001,-22.949219,25000000.000
1209,2013,-17.089844,25000000.000
1210,2024,-11.718750,25000000.000
1211,2026,-10.742188,25000000.000
1212,2050,0.976562,25000000.000
1213,2063,7.324219,25000000.000
1214,2075,13.183594,25000000.000
1215,2076,13.671875,25000000.000
1216,2098,24.414062,25000000.000
1217,2107,28.808594,25000000.000
1218,2114,32.226562,25000000.000
1219,2115,32.714844,25000000.000
1220,2126,38.085938,25000000.000
1221,2129,39.550781,25000000.000
1222,2130,40.039062,25000000.000
1223,2129,39.550781,25000000.000
1224,2126,38.085938,25000000.000
1225,2121,35.644531,25000000.000
1226,2114,32.226562,25000000.000
1227,2114,32.226562,25000000.000
1228,2097,23.925781,25000000.000
1229,2086,18.554688,25000000.000
1230,2074,12.695312,25000000.000
1231,2073,12.207031,25000000.000
1232,2050,0.976562,25000000.000
1233,2036,-5.859375,25000000.000
1234,2023,-12.207031,25000000.000
1235,2023,-12.207031,25000000.000
1236,2000,-23.437500,25000000.000
1237,1991,-27.832031,25000000.000
1238,1981,-32.714844,25000000.000
1239,1981,-32.714844,25000000.000
1240,1969,-38.574219,25000000.000
1241,1965,-40.527344,25000000.000
1242,1964,-41.015625,25000000.000
1243,1964,-41.015625,25000000.000
1244,1966,-40.039062,25000000.000
1245,1970,-38.085938,25000000.000
1246,1977,-34.667969,25000000.000
1247,1977,-34.667969,25000000.000
1248,1994,-26.367188,25000000.000
1249,2004,-21.484375,25000000.000
1250,2016,-15.625000,25000000.000
1251,2017,-15.136719,25000000.000
1252,2042,-2.929688,25000000.000
1253,2054,2.929688,25000000.000
1254,2067,9.277344,25000000.000
1255,2068,9.765625,25000000.000
1256,2091,20.996094,25000000.000
1257,2102,26.367188,25000000.000
1258,2112,31.250000,25000000.000
1259,2112,31.250000,25000000.000
1260,2125,37.597656,25000000.000
1261,2130,40.039062,25000000.000
1262,2132,41.015625,25000000.000
1263,2133,41.503906,25000000.000
1264,2130,40.039062,25000000.000
1265,2128,39.062500,25000000.000
1266,2122,36.132812,25000000.000
1267,2121,35.644531,25000000.000
1268,2106,28.320312,25000000.000
1269,2096,23.437500,25000000.000
1270,2086,18.554688,25000000.000
1271,2083,17.089844,25000000.000
1272,2060,5.859375,25000000.000
1273,2047,-0.488281,25000000.000
1274,2033,-7.324219,25000000.000
1275,2033,-7.324219,25000000.000
1276,2008,-19.531250,25000000.000
1277,1997,-24.902344,25000000.000
1278,1987,-29.785156,25000000.000
1279,1986,-30.273438,25000000.000
1280,1972,-37.109375,25000000.000
1281,1965,-40.527344,25000000.000
1282,1963,-41.503906,25000000.000
1283,1962,-41.992188,25000000.000
1284,1961,-42.480469,25000000.000
1285,1964,-41.015625,25000000.000
1286,1967,-39.550781,25000000.000
1287,1968,-39.062500,25000000.000
1288,1983,-31.738281,25000000.000
1289,1992,-27.343750,25000000.000
1290,2004,-21.484375,25000000.000
1291,2004,-21.484375,25000000.000
1292,2027,-10.253906,25000000.000
1293,2040,-3.906250,25000000.000
1294,2053,2.441406,25000000.000
1295,2054,2.929688,25000000.000
1296,2078,14.648438,25000000.000
1297,2090,20.507812,25000000.000
1298,2099,24.902344,25000000.000
1299,2101,25.878906,25000000.000
1300,2116,33.203125,25000000.000
1301,2123,36.621094,25000000.000
1302,2126,38.085938,25000000.000
1303,2126,38.085938,25000000.000
1304,2129,39.550781,25000000.000
1305,2128,39.062500,25000000.000
1306,2124,37.109375,25000000.000
1307,2123,36.621094,25000000.000
1308,2111,30.761719,25000000.000
1309,2102,26.367188,25000000.000
1310,2092,21.484375,25000000.000
1311,2092,21.484375,25000000.000
1312,2069,10.253906,25000000.000
1313,2056,3.906250,25000000.000
1314,2043,-2.441406,25000000.000
1315,2041,-3.417969,25000000.000
1316,2018,-14.648438,25000000.000
1317,2006,-20.507812,25000000.000
1318,1995,-25.878906,25000000.000
1319,1994,-26.367188,25000000.000
1320,1976,-35.156250,25000000.000
1321,1970,-38.085938,25000000.000
1322,1966,-40.039062,25000000.000
1323,1966,-40.039062,25000000.000
1324,1962,-41.992188,25000000.000
1325,1962,-41.992188,25000000.000
1326,1965,-40.527344,25000000.000
1327,1965,-40.527344,25000000.000
1328,1976,-35.156250,25000000.000
1329,1984,-31.250000,25000000.000
1330,1994,-26.367188,25000000.000
1331,1995,-25.878906,25000000.000
1332,2016,-15.625000,25000000.000
1333,2028,-9.765625,25000000.000
1334,2041,-3.417969,25000000.000
1335,2042,-2.929688,25000000.000
1336,2066,8.789062,25000000.000
1337,2078,14.648438,25000000.000
1338,2089,20.019531,25000000.000
1339,2090,20.507812,25000000.000
1340,2108,29.296875,25000000.000
1341,2115,32.714844,25000000.000
1342,2121,35.644531,25000000.000
1343,2122,36.132812,25000000.000
1344,2126,38.085938,25000000.000
1345,2125,37.597656,25000000.000
1346,2125,37.597656,25000000.000
1347,2124,37.109375,25000000.000
1348,2115,32.714844,25000000.000
1349,2107,28.808594,25000000.000
1350,2097,23.925781,25000000.000
1351,2097,23.925781,25000000.000
1352,2075,13.183594,25000000.000
1353,2063,7.324219,25000000.000
1354,2051,1.464844,25000000.000
1355,2050,0.976562,25000000.000
1356,2026,-10.742188,25000000.000
1357,2013,-17.089844,25000000.000
1358,2002,-22.460938,25000000.000
1359,1999,-23.925781,25000000.000
1360,1982,-32.226562,25000000.000
1361,1974,-36.132812,25000000.000
1362,1968,-39.062500,25000000.000
1363,1968,-39.062500,25000000.000
1364,1961,-42.480469,25000000.000
1365,1962,-41.992188,25000000.000
1366,1963,-41.503906,25000000.000
1367,1962,-41.992188,25000000.000
1368,1971,-37.597656,25000000.000
1369,1978,-34.179688,25000000.000
1370,1987,-29.785156,25000000.000
1371,1987,-29.785156,25000000.000
1372,2008,-19.531250,25000000.000
1373,2020,-13.671875,25000000.000
1374,2033,-7.324219,25000000.000
1375,2034,-6.835938,25000000.000
1376,2059,5.371094,25000000.000
1377,2070,10.742188,25000000.000
1378,2082,16.601562,25000000.000
1379,2083,17.089844,25000000.000
1380,2104,27.343750,25000000.000
1381,2112,31.250000,25000000.000
1382,2119,34.667969,25000000.000
1383,2120,35.156250,25000000.000
1384,2129,39.550781,25000000.000
1385,2131,40.527344,25000000.000
1386,2130,40.039062,25000000.000
1387,2129,39.550781,25000000.000
1388,2123,36.621094,25000000.000
1389,2117,33.691406,25000000.000
1390,2109,29.785156,25000000.000
1391,2108,29.296875,25000000.000
1392,2089,20.019531,25000000.000
1393,2077,14.160156,25000000.000
1394,2065,8.300781,25000000.000
1395,2064,7.812500,25000000.000
1396,2039,-4.394531,25000000.000
1397,2026,-10.742188,25000000.000
1398,2014,-16.601562,25000000.000
1399,2013,-17.089844,25000000.000
1400,1991,-27.832031,25000000.000
1401,1982,-32.226562,25000000.000
1402,1975,-35.644531,25000000.000
1403,1974,-36.132812,25000000.000
1404,1964,-41.015625,25000000.000
1405,1961,-42.480469,25000000.000
1406,1961,-42.480469,25000000.000
1407,1962,-41.992188,25000000.000
1408,1966,-40.039062,25000000.000
1409,1972,-37.109375,25000000.000
1410,1979,-33.691406,25000000.000
1411,1979,-33.691406,25000000.000
1412,1997,-24.902344,25000000.000
1413,2009,-19.042969,25000000.000
1414,2022,-12.695312,25000000.000
1415,2022,-12.695312,25000000.000
1416,2047,-0.488281,25000000.000
1417,2060,5.859375,25000000.000
1418,2073,12.207031,25000000.000
1419,2074,12.695312,25000000.000
1420,2096,23.437500,25000000.000
1421,2106,28.320312,25000000.000
1422,2115,32.714844,25000000.000
1423,2116,33.203125,25000000.000
1424,2127,38.574219,25000000.000
1425,2131,40.527344,25000000.000
1426,2132,41.015625,25000000.000
1427,2131,40.527344,25000000.000
1428,2129,39.550781,25000000.000
1429,2124,37.109375,25000000.000
1430,2118,34.179688,25000000.000
1431,2116,33.203125,25000000.000
1432,2099,24.902344,25000000.000
1433,2088,19.531250,25000000.000
1434,2078,14.648438,25000000.000
1435,2076,13.671875,25000000.000
1436,2052,1.953125,25000000.000
1437,2038,-4.882812,25000000.000
1438,2024,-11.718750,25000000.000
1439,2024,-11.718750,25000000.000
1440,2001,-22.949219,25000000.000
1441,1990,-28.320312,25000000.000
1442,1981,-32.714844,25000000.000
1443,1980,-33.203125,25000000.000
1444,1967,-39.550781,25000000.000
1445,1964,-41.015625,25000000.000
1446,1961,-42.480469,25000000.000
1447,1961,-42.480469,25000000.000
1448,1964,-41.015625,25000000.000
1449,1967,-39.550781,25000000.000
1450,1973,-36.621094,25000000.000
1451,1974,-36.132812,25000000.000
1452,1990,-28.320312,25000000.000
1453,2001,-22.949219,25000000.000
1454,2011,-18.066406,25000000.000
1455,2013,-17.089844,25000000.000
1456,2037,-5.371094,25000000.000
1457,2051,1.464844,25000000.000
1458,2062,6.835938,25000000.000
1459,2064,7.812500,25000000.000
1460,2087,19.042969,25000000.000
1461,2098,24.414062,25000000.000
1462,2108,29.296875,25000000.000
1463,2109,29.785156,25000000.000
1464,2123,36.621094,25000000.000
1465,2127,38.574219,25000000.000
1466,2131,40.527344,25000000.000
1467,2131,40.527344,25000000.000
1468,2130,40.039062,25000000.000
1469,2128,39.062500,25000000.000
1470,2123,36.621094,25000000.000
1471,2122,36.132812,25000000.000
1472,2108,29.296875,25000000.000
1473,2098,24.414062,25000000.000
1474,2086,18.554688,25000000.000
1475,2085,18.066406,25000000.000
1476,2062,6.835938,25000000.000
1477,2050,0.976562,25000000.000
1478,2036,-5.859375,25000000.000
1479,2034,-6.835938,25000000.000
1480,2010,-18.554688,25000000.000
1481,1998,-24.414062,25000000.000
1482,1989,-28.808594,25000000.000
1483,1987,-29.785156,25000000.000
1484,1971,-37.597656,25000000.000
1485,1966,-40.039062,25000000.000
1486,1963,-41.503906,25000000.000
1487,1963,-41.503906,25000000.000
1488,1960,-42.968750,25000000.000
1489,1963,-41.503906,25000000.000
1490,1969,-38.574219,25000000.000
1491,1969,-38.574219,25000000.000
1492,1976,-35.156250,25000000.000
1493,1993,-26.855469,25000000.000
1494,1998,-24.414062,25000000.000
1495,2001,-22.949219,25000000.000
1496,2023,-12.207031,25000000.000
1497,2036,-5.859375,25000000.000
1498,2049,0.488281,25000000.000
1499,2052,1.953125,25000000.000
1500,2075,13.183594,25000000.000
1501,2086,18.554688,25000000.000
1502,2098,24.414062,25000000.000
1503,2099,24.902344,25000000.000
1504,2116,33.203125,25000000.000
1505,2123,36.621094,25000000.000
1506,2127,38.574219,25000000.000
1507,2127,38.574219,25000000.000
1508,2131,40.527344,25000000.000
1509,2130,40.039062,25000000.000
1510,2126,38.085938,25000000.000
1511,2126,38.085938,25000000.000
1512,2115,32.714844,25000000.000
1513,2106,28.320312,25000000.000
1514,2095,22.949219,25000000.000
1515,2095,22.949219,25000000.000
1516,2073,12.207031,25000000.000
1517,2061,6.347656,25000000.000
1518,2049,0.488281,25000000.000
1519,2046,-0.976562,25000000.000
1520,2021,-13.183594,25000000.000
1521,2009,-19.042969,25000000.000
1522,1998,-24.414062,25000000.000
1523,1998,-24.414062,25000000.000
1524,1980,-33.203125,25000000.000
1525,1973,-36.621094,25000000.000
1526,1966,-40.039062,25000000.000
1527,1966,-40.039062,25000000.000
1528,1961,-42.480469,25000000.000
1529,1960,-42.968750,25000000.000
1530,1966,-40.039062,25000000.000
1531,1966,-40.039062,25000000.000
1532,1974,-36.132812,25000000.000
1533,1983,-31.738281,25000000.000
1534,1993,-26.855469,25000000.000
1535,1993,-26.855469,25000000.000
1536,2014,-16.601562,25000000.000
1537,2027,-10.253906,25000000.000
1538,2040,-3.906250,25000000.000
1539,2042,-2.929688,25000000.000
1540,2066,8.789062,25000000.000
1541,2078,14.648438,25000000.000
1542,2089,20.019531,25000000.000
1543,2092,21.484375,25000000.000
1544,2109,29.785156,25000000.000
1545,2118,34.179688,25000000.000
1546,2124,37.109375,25000000.000
1547,2125,37.597656,25000000.000
1548,2131,40.527344,25000000.000
1549,2131,40.527344,25000000.000
1550,2130,40.039062,25000000.000
1551,2129,39.550781,25000000.000
1552,2121,35.644531,25000000.000
1553,2113,31.738281,25000000.000
1554,2104,27.343750,25000000.000
1555,2102,26.367188,25000000.000
1556,2082,16.601562,25000000.000
1557,2069,10.253906,25000000.000
1558,2056,3.906250,25000000.000
1559,2055,3.417969,25000000.000
1560,2031,-8.300781,25000000.000
1561,2017,-15.136719,25000000.000
1562,2006,-20.507812,25000000.000
1563,2004,-21.484375,25000000.000
1564,1983,-31.738281,25000000.000
1565,1975,-35.644531,25000000.000
1566,1968,-39.062500,25000000.000
1567,1968,-39.062500,25000000.000
1568,1961,-42.480469,25000000.000
1569,1959,-43.457031,25000000.000
1570,1959,-43.457031,25000000.000
1571,1960,-42.968750,25000000.000
1572,1968,-39.062500,25000000.000
1573,1974,-36.132812,25000000.000
1574,1982,-32.226562,25000000.000
1575,1983,-31.738281,25000000.000
1576,2003,-21.972656,25000000.000
1577,2016,-15.625000,25000000.000
1578,2028,-9.765625,25000000.000
1579,2029,-9.277344,25000000.000
1580,2055,3.417969,25000000.000
1581,2067,9.277344,25000000.000
1582,2081,16.113281,25000000.000
1583,2081,16.113281,25000000.000
1584,2104,27.343750,25000000.000
1585,2113,31.738281,25000000.000
1586,2121,35.644531,25000000.000
1587,2121,35.644531,25000000.000
1588,2130,40.039062,25000000.000
1589,2133,41.503906,25000000.000
1590,2133,41.503906,25000000.000
1591,2133,41.503906,25000000.000
1592,2129,39.550781,25000000.000
1593,2121,35.644531,25000000.000
1594,2115,32.714844,25000000.000
1595,2114,32.226562,25000000.000
1596,2096,23.437500,25000000.000
1597,2084,17.578125,25000000.000
1598,2072,11.718750,25000000.000
1599,2071,11.230469,25000000.000
1600,2046,-0.976562,25000000.000
1601,2033,-7.324219,25000000.000
1602,2019,-14.160156,25000000.000
1603,2019,-14.160156,25000000.000
1604,1996,-25.390625,25000000.000
1605,1986,-30.273438,25000000.000
1606,1977,-34.667969,25000000.000
1607,1976,-35.156250,25000000.000
1608,1964,-41.015625,25000000.000
1609,1962,-41.992188,25000000.000
1610,1959,-43.457031,25000000.000
1611,1961,-42.480469,25000000.000
1612,1963,-41.503906,25000000.000
1613,1968,-39.062500,25000000.000
1614,1975,-35.644531,25000000.000
1615,1974,-36.132812,25000000.000
1616,1992,-27.343750,25000000.000
1617,2004,-21.484375,25000000.000
1618,2014,-16.601562,25000000.000
1619,2015,-16.113281,25000000.000
1620,2038,-4.882812,25000000.000
1621,2055,3.417969,25000000.000
1622,2067,9.277344,25000000.000
1623,2069,10.253906,25000000.000
1624,2090,20.507812,25000000.000
1625,2101,25.878906,25000000.000
1626,2108,29.296875,25000000.000
1627,2110,30.273438,25000000.000
1628,2122,36.132812,25000000.000
1629,2125,37.597656,25000000.000
1630,2128,39.062500,25000000.000
1631,2129,39.550781,25000000.000
1632,2126,38.085938,25000000.000
1633,2122,36.132812,25000000.000
1634,2116,33.203125,25000000.000
1635,2116,33.203125,25000000.000
1636,2099,24.902344,25000000.000
1637,2090,20.507812,25000000.000
1638,2078,14.648438,25000000.000
1639,2077,14.160156,25000000.000
1640,2053,2.441406,25000000.000
1641,2040,-3.906250,25000000.000
1642,2026,-10.742188,25000000.000
1643,2025,-11.230469,25000000.000
1644,2002,-22.460938,25000000.000
1645,1990,-28.320312,25000000.000
1646,1980,-33.203125,25000000.000
1647,1979,-33.691406,25000000.000
1648,1965,-40.527344,25000000.000
1649,1960,-42.968750,25000000.000
1650,1957,-44.433594,25000000.000
1651,1956,-44.921875,25000000.000
1652,1957,-44.433594,25000000.000
1653,1961,-42.480469,25000000.000
1654,1966,-40.039062,25000000.000
1655,1966,-40.039062,25000000.000
1656,1981,-32.714844,25000000.000
1657,1992,-27.343750,25000000.000
1658,2004,-21.484375,25000000.000
1659,2005,-20.996094,25000000.000
1660,2031,-8.300781,25000000.000
1661,2045,-1.464844,25000000.000
1662,2060,5.859375,25000000.000
1663,2062,6.835938,25000000.000
1664,2088,19.531250,25000000.000
1665,2102,26.367188,25000000.000
1666,2113,31.738281,25000000.000
1667,2114,32.226562,25000000.000
1668,2132,41.015625,25000000.000
1669,2139,44.433594,25000000.000
1670,2143,46.386719,25000000.000
1671,2144,46.875000,25000000.000
1672,2145,47.363281,25000000.000
1673,2141,45.410156,25000000.000
1674,2137,43.457031,25000000.000
1675,2138,43.945312,25000000.000
1676,2121,35.644531,25000000.000
1677,2109,29.785156,25000000.000
1678,2097,23.925781,25000000.000
1679,2096,23.437500,25000000.000
1680,2068,9.765625,25000000.000
1681,2051,1.464844,25000000.000
1682,2036,-5.859375,25000000.000
1683,2034,-6.835938,25000000.000
1684,2004,-21.484375,25000000.000
1685,1989,-28.808594,25000000.000
1686,1976,-35.156250,25000000.000
1687,1975,-35.644531,25000000.000
1688,1954,-45.898438,25000000.000
1689,1946,-49.804688,25000000.000
1690,1941,-52.246094,25000000.000
1691,1940,-52.734375,25000000.000
1692,1938,-53.710938,25000000.000
1693,1938,-53.710938,25000000.000
1694,1942,-51.757812,25000000.000
1695,1943,-51.269531,25000000.000
1696,1958,-43.945312,25000000.000
1697,1969,-38.574219,25000000.000
1698,1982,-32.226562,25000000.000
1699,1983,-31.738281,25000000.000
1700,2011,-18.066406,25000000.000
1701,2027,-10.253906,25000000.000
1702,2045,-1.464844,25000000.000
1703,2045,-1.464844,25000000.000
1704,2077,14.160156,25000000.000
1705,2094,22.460938,25000000.000
1706,2107,28.808594,25000000.000
1707,2109,29.785156,25000000.000
1708,2133,41.503906,25000000.000
1709,2144,46.875000,25000000.000
1710,2151,50.292969,25000000.000
1711,2152,50.781250,25000000.000
1712,2159,54.199219,25000000.000
1713,2160,54.687500,25000000.000
1714,2158,53.710938,25000000.000
1715,2158,53.710938,25000000.000
1716,2146,47.851562,25000000.000
1717,2137,43.457031,25000000.000
1718,2126,38.085938,25000000.000
1719,2125,37.597656,25000000.000
1720,2099,24.902344,25000000.000
1721,2082,16.601562,25000000.000
1722,2067,9.277344,25000000.000
1723,2065,8.300781,25000000.000
1724,2034,-6.835938,25000000.000
1725,2018,-14.648438,25000000.000
1726,2002,-22.460938,25000000.000
1727,2001,-22.949219,25000000.000
1728,1977,-34.667969,25000000.000
1729,1965,-40.527344,25000000.000
1730,1955,-45.410156,25000000.000
1731,1957,-44.433594,25000000.000
1732,1947,-49.316406,25000000.000
1733,1942,-51.757812,25000000.000
1734,1943,-51.269531,25000000.000
1735,1943,-51.269531,25000000.000
1736,1951,-47.363281,25000000.000
1737,1958,-43.945312,25000000.000
1738,1966,-40.039062,25000000.000
1739,1966,-40.039062,25000000.000
1740,1989,-28.808594,25000000.000
1741,2001,-22.949219,25000000.000
1742,2014,-16.601562,25000000.000
1743,2015,-16.113281,25000000.000
1744,2041,-3.417969,25000000.000
1745,2054,2.929688,25000000.000
1746,2068,9.765625,25000000.000
1747,2068,9.765625,25000000.000
1748,2089,20.019531,25000000.000
1749,2099,24.902344,25000000.000
1750,2108,29.296875,25000000.000
1751,2107,28.808594,25000000.000
1752,2117,33.691406,25000000.000
1753,2121,35.644531,25000000.000
1754,2122,36.132812,25000000.000
1755,2120,35.156250,25000000.000
1756,2119,34.667969,25000000.000
1757,2114,32.226562,25000000.000
1758,2108,29.296875,25000000.000
1759,2108,29.296875,25000000.000
1760,2094,22.460938,25000000.000
1761,2085,18.066406,25000000.000
1762,2075,13.183594,25000000.000
1763,2074,12.695312,25000000.000
1764,2054,2.929688,25000000.000
1765,2044,-1.953125,25000000.000
1766,2033,-7.324219,25000000.000
1767,2032,-7.812500,25000000.000
1768,2014,-16.601562,25000000.000
1769,2006,-20.507812,25000000.000
1770,2001,-22.949219,25000000.000
1771,2000,-23.437500,25000000.000
1772,1990,-28.320312,25000000.000
1773,1988,-29.296875,25000000.000
1774,1987,-29.785156,25000000.000
1775,1987,-29.785156,25000000.000
1776,1988,-29.296875,25000000.000
1777,1992,-27.343750,25000000.000
1778,1997,-24.902344,25000000.000
1779,1997,-24.902344,25000000.000
1780,2009,-19.042969,25000000.000
1781,2016,-15.625000,25000000.000
1782,2025,-11.230469,25000000.000
1783,2025,-11.230469,25000000.000
1784,2042,-2.929688,25000000.000
1785,2051,1.464844,25000000.000
1786,2060,5.859375,25000000.000
1787,2061,6.347656,25000000.000
1788,2074,12.695312,25000000.000
1789,2082,16.601562,25000000.000
1790,2088,19.531250,25000000.000
1791,2088,19.531250,25000000.000
1792,2096,23.437500,25000000.000
1793,2099,24.902344,25000000.000
1794,2101,25.878906,25000000.000
1795,2101,25.878906,25000000.000
1796,2099,24.902344,25000000.000
1797,2097,23.925781,25000000.000
1798,2093,21.972656,25000000.000
1799,2093,21.972656,25000000.000
1800,2082,16.601562,25000000.000
1801,2076,13.671875,25000000.000
1802,2069,10.253906,25000000.000
1803,2068,9.765625,25000000.000
1804,2054,2.929688,25000000.000
1805,2046,-0.976562,25000000.000
1806,2037,-5.371094,25000000.000
1807,2037,-5.371094,25000000.000
1808,2023,-12.207031,25000000.000
1809,2017,-15.136719,25000000.000
1810,2011,-18.066406,25000000.000
1811,2010,-18.554688,25000000.000
1812,2003,-21.972656,25000000.000
1813,2001,-22.949219,25000000.000
1814,2000,-23.437500,25000000.000
1815,2000,-23.437500,25000000.000
1816,2000,-23.437500,25000000.000
1817,2002,-22.460938,25000000.000
1818,2006,-20.507812,25000000.000
1819,2007,-20.019531,25000000.000
1820,2016,-15.625000,25000000.000
1821,2021,-13.183594,25000000.000
1822,2028,-9.765625,25000000.000
1823,2028,-9.765625,25000000.000
1824,2041,-3.417969,25000000.000
1825,2049,0.488281,25000000.000
1826,2055,3.417969,25000000.000
1827,2056,3.906250,25000000.000
1828,2067,9.277344,25000000.000
1829,2073,12.207031,25000000.000
1830,2078,14.648438,25000000.000
1831,2078,14.648438,25000000.000
1832,2084,17.578125,25000000.000
1833,2086,18.554688,25000000.000
1834,2087,19.042969,25000000.000
1835,2087,19.042969,25000000.000
1836,2085,18.066406,25000000.000
1837,2084,17.578125,25000000.000
1838,2081,16.113281,25000000.000
1839,2080,15.625000,25000000.000
1840,2077,14.160156,25000000.000
1841,2069,10.253906,25000000.000
1842,2057,4.394531,25000000.000
1843,2065,8.300781,25000000.000
1844,2047,-0.488281,25000000.000
1845,2040,-3.906250,25000000.000
1846,2034,-6.835938,25000000.000
1847,2035,-6.347656,25000000.000
1848,2022,-12.695312,25000000.000
1849,2017,-15.136719,25000000.000
1850,2013,-17.089844,25000000.000
1851,2013,-17.089844,25000000.000
1852,2006,-20.507812,25000000.000
1853,2004,-21.484375,25000000.000
1854,2003,-21.972656,25000000.000
1855,2003,-21.972656,25000000.000
1856,2003,-21.972656,25000000.000
1857,2006,-20.507812,25000000.000
1858,2010,-18.554688,25000000.000
1859,2010,-18.554688,25000000.000
1860,2018,-14.648438,25000000.000
1861,2022,-12.695312,25000000.000
1862,2029,-9.277344,25000000.000
1863,2029,-9.277344,25000000.000
1864,2042,-2.929688,25000000.000
1865,2048,0.000000,25000000.000
1866,2054,2.929688,25000000.000
1867,2055,3.417969,25000000.000
1868,2066,8.789062,25000000.000
1869,2071,11.230469,25000000.000
1870,2075,13.183594,25000000.000
1871,2075,13.183594,25000000.000
1872,2082,16.601562,25000000.000
1873,2084,17.578125,25000000.000
1874,2086,18.554688,25000000.000
1875,2086,18.554688,25000000.000
1876,2084,17.578125,25000000.000
1877,2084,17.578125,25000000.000
1878,2081,16.113281,25000000.000
1879,2081,16.113281,25000000.000
1880,2074,12.695312,25000000.000
1881,2069,10.253906,25000000.000
1882,2063,7.324219,25000000.000
1883,2063,7.324219,25000000.000
1884,2052,1.953125,25000000.000
1885,2045,-1.464844,25000000.000
1886,2038,-4.882812,25000000.000
1887,2039,-4.394531,25000000.000
1888,2028,-9.765625,25000000.000
1889,2024,-11.718750,25000000.000
1890,2020,-13.671875,25000000.000
1891,2018,-14.648438,25000000.000
1892,2014,-16.601562,25000000.000
1893,2010,-18.554688,25000000.000
1894,2009,-19.042969,25000000.000
1895,2010,-18.554688,25000000.000
1896,2011,-18.066406,25000000.000
1897,2011,-18.066406,25000000.000
1898,2014,-16.601562,25000000.000
1899,2014,-16.601562,25000000.000
1900,2020,-13.671875,25000000.000
1901,2024,-11.718750,25000000.000
1902,2030,-8.789062,25000000.000
1903,2030,-8.789062,25000000.000
1904,2040,-3.906250,25000000.000
1905,2046,-0.976562,25000000.000
1906,2051,1.464844,25000000.000
1907,2051,1.464844,25000000.000
1908,2061,6.347656,25000000.000
1909,2066,8.789062,25000000.000
1910,2069,10.253906,25000000.000
1911,2069,10.253906,25000000.000
1912,2076,13.671875,25000000.000
1913,2078,14.648438,25000000.000
1914,2077,14.160156,25000000.000
1915,2079,15.136719,25000000.000
1916,2078,14.648438,25000000.000
1917,2077,14.160156,25000000.000
1918,2074,12.695312,25000000.000
1919,2075,13.183594,25000000.000
1920,2069,10.253906,25000000.000
1921,2064,7.812500,25000000.000
1922,2060,5.859375,25000000.000
1923,2059,5.371094,25000000.000
1924,2049,0.488281,25000000.000
1925,2044,-1.953125,25000000.000
1926,2039,-4.394531,25000000.000
1927,2038,-4.882812,25000000.000
1928,2028,-9.765625,25000000.000
1929,2023,-12.207031,25000000.000
1930,2020,-13.671875,25000000.000
1931,2019,-14.160156,25000000.000
1932,2014,-16.601562,25000000.000
1933,2012,-17.578125,25000000.000
1934,2011,-18.066406,25000000.000
1935,2011,-18.066406,25000000.000
1936,2011,-18.066406,25000000.000
1937,2014,-16.601562,25000000.000
1938,2014,-16.601562,25000000.000
1939,2015,-16.113281,25000000.000
1940,2022,-12.695312,25000000.000
1941,2026,-10.742188,25000000.000
1942,2030,-8.789062,25000000.000
1943,2031,-8.300781,25000000.000
1944,2041,-3.417969,25000000.000
1945,2044,-1.953125,25000000.000
1946,2050,0.976562,25000000.000
1947,2051,1.464844,25000000.000
1948,2060,5.859375,25000000.000
1949,2064,7.812500,25000000.000
1950,2066,8.789062,25000000.000
1951,2067,9.277344,25000000.000
1952,2073,12.207031,25000000.000
1953,2075,13.183594,25000000.000
1954,2075,13.183594,25000000.000
1955,2075,13.183594,25000000.000
1956,2074,12.695312,25000000.000
1957,2074,12.695312,25000000.000
1958,2071,11.230469,25000000.000
1959,2073,12.207031,25000000.000
1960,2067,9.277344,25000000.000
1961,2064,7.812500,25000000.000
1962,2060,5.859375,25000000.000
1963,2060,5.859375,25000000.000
1964,2051,1.464844,25000000.000
1965,2045,-1.464844,25000000.000
1966,2042,-2.929688,25000000.000
1967,2041,-3.417969,25000000.000
1968,2034,-6.835938,25000000.000
1969,2029,-9.277344,25000000.000
1970,2026,-10.742188,25000000.000
1971,2026,-10.742188,25000000.000
1972,2022,-12.695312,25000000.000
1973,2020,-13.671875,25000000.000
1974,2018,-14.648438,25000000.000
1975,2019,-14.160156,25000000.000
1976,2019,-14.160156,25000000.000
1977,2021,-13.183594,25000000.000
1978,2023,-12.207031,25000000.000
1979,2023,-12.207031,25000000.000
1980,2030,-8.789062,25000000.000
1981,2032,-7.812500,25000000.000
1982,2038,-4.882812,25000000.000
1983,2039,-4.394531,25000000.000
1984,2047,-0.488281,25000000.000
1985,2051,1.464844,25000000.000
1986,2056,3.906250,25000000.000
1987,2056,3.906250,25000000.000
1988,2064,7.812500,25000000.000
1989,2068,9.765625,25000000.000
1990,2071,11.230469,25000000.000
1991,2072,11.718750,25000000.000
1992,2074,12.695312,25000000.000
1993,2076,13.671875,25000000.000
1994,2076,13.671875,25000000.000
1995,2076,13.671875,25000000.000
1996,2074,12.695312,25000000.000
1997,2072,11.718750,25000000.000
1998,2070,10.742188,25000000.000
1999,2068,9.765625,25000000.000
2000,2063,7.324219,25000000.000
2001,2059,5.371094,25000000.000
2002,2055,3.417969,25000000.000
2003,2054,2.929688,25000000.000
2004,2044,-1.953125,25000000.000
2005,2040,-3.906250,25000000.000
2006,2035,-6.347656,25000000.000
2007,2035,-6.347656,25000000.000
2008,2026,-10.742188,25000000.000
2009,2023,-12.207031,25000000.000
2010,2021,-13.183594,25000000.000
2011,2020,-13.671875,25000000.000
2012,2016,-15.625000,25000000.000
2013,2016,-15.625000,25000000.000
2014,2015,-16.113281,25000000.000
2015,2015,-16.113281,25000000.000
2016,2017,-15.136719,25000000.000
2017,2019,-14.160156,25000000.000
2018,2022,-12.695312,25000000.000
2019,2022,-12.695312,25000000.000
2020,2028,-9.765625,25000000.000
2021,2032,-7.812500,25000000.000
2022,2037,-5.371094,25000000.000
2023,2038,-4.882812,25000000.000
2024,2046,-0.976562,25000000.000
2025,2051,1.464844,25000000.000
2026,2055,3.417969,25000000.000
2027,2055,3.417969,25000000.000
2028,2063,7.324219,25000000.000
2029,2067,9.277344,25000000.000
2030,2069,10.253906,25000000.000
2031,2070,10.742188,25000000.000
2032,2073,12.207031,25000000.000
2033,2074,12.695312,25000000.000
2034,2073,12.207031,25000000.000
2035,2075,13.183594,25000000.000
2036,2072,11.718750,25000000.000
2037,2069,10.253906,25000000.000
2038,2067,9.277344,25000000.000
2039,2068,9.765625,25000000.000
2040,2062,6.835938,25000000.000
2041,2056,3.906250,25000000.000
2042,2054,2.929688,25000000.000
2043,2053,2.441406,25000000.000
2044,2044,-1.953125,25000000.000
2045,2040,-3.906250,25000000.000
2046,2035,-6.347656,25000000.000
2047,2035,-6.347656,25000000.000
2048,2027,-10.253906,25000000.000
2049,2025,-11.230469,25000000.000
2050,2020,-13.671875,25000000.000
2051,2021,-13.183594,25000000.000
2052,2016,-15.625000,25000000.000
2053,2016,-15.625000,25000000.000
2054,2016,-15.625000,25000000.000
2055,2016,-15.625000,25000000.000
2056,2017,-15.136719,25000000.000
2057,2020,-13.671875,25000000.000
2058,2022,-12.695312,25000000.000
2059,2023,-12.207031,25000000.000
2060,2029,-9.277344,25000000.000
2061,2032,-7.812500,25000000.000
2062,2037,-5.371094,25000000.000
2063,2037,-5.371094,25000000.000
2064,2047,-0.488281,25000000.000
2065,2051,1.464844,25000000.000
2066,2055,3.417969,25000000.000
2067,2056,3.906250,25000000.000
2068,2064,7.812500,25000000.000
2069,2068,9.765625,25000000.000
2070,2071,11.230469,25000000.000
2071,2071,11.230469,25000000.000
2072,2075,13.183594,25000000.000
2073,2077,14.160156,25000000.000
2074,2077,14.160156,25000000.000
2075,2078,14.648438,25000000.000
2076,2075,13.183594,25000000.000
2077,2075,13.183594,25000000.000
2078,2071,11.230469,25000000.000
2079,2072,11.718750,25000000.000
2080,2065,8.300781,25000000.000
2081,2062,6.835938,25000000.000
2082,2057,4.394531,25000000.000
2083,2057,4.394531,25000000.000
2084,2048,0.000000,25000000.000
2085,2044,-1.953125,25000000.000
2086,2038,-4.882812,25000000.000
2087,2038,-4.882812,25000000.000
2088,2030,-8.789062,25000000.000
2089,2025,-11.230469,25000000.000
2090,2022,-12.695312,25000000.000
2091,2022,-12.695312,25000000.000
2092,2017,-15.136719,25000000.000
2093,2015,-16.113281,25000000.000
2094,2014,-16.601562,25000000.000
2095,2015,-16.113281,25000000.000
2096,2014,-16.601562,25000000.000
2097,2016,-15.625000,25000000.000
2098,2017,-15.136719,25000000.000
2099,2018,-14.648438,25000000.000
2100,2023,-12.207031,25000000.000
2101,2027,-10.253906,25000000.000
2102,2031,-8.300781,25000000.000
2103,2032,-7.812500,25000000.000
2104,2040,-3.906250,25000000.000
2105,2045,-1.464844,25000000.000
2106,2051,1.464844,25000000.000
2107,2050,0.976562,25000000.000
2108,2060,5.859375,25000000.000
2109,2065,8.300781,25000000.000
2110,2069,10.253906,25000000.000
2111,2069,10.253906,25000000.000
2112,2075,13.183594,25000000.000
2113,2077,14.160156,25000000.000
2114,2079,15.136719,25000000.000
2115,2079,15.136719,25000000.000
2116,2079,15.136719,25000000.000
2117,2079,15.136719,25000000.000
2118,2077,14.160156,25000000.000
2119,2077,14.160156,25000000.000
2120,2072,11.718750,25000000.000
2121,2069,10.253906,25000000.000
2122,2066,8.789062,25000000.000
2123,2065,8.300781,25000000.000
2124,2056,3.906250,25000000.000
2125,2051,1.464844,25000000.000
2126,2047,-0.488281,25000000.000
2127,2047,-0.488281,25000000.000
2128,2037,-5.371094,25000000.000
2129,2032,-7.812500,25000000.000
2130,2027,-10.253906,25000000.000
2131,2026,-10.742188,25000000.000
2132,2020,-13.671875,25000000.000
2133,2017,-15.136719,25000000.000
2134,2015,-16.113281,25000000.000
2135,2017,-15.136719,25000000.000
2136,2013,-17.089844,25000000.000
2137,2014,-16.601562,25000000.000
2138,2015,-16.113281,25000000.000
2139,2014,-16.601562,25000000.000
2140,2019,-14.160156,25000000.000
2141,2021,-13.183594,25000000.000
2142,2026,-10.742188,25000000.000
2143,2025,-11.230469,25000000.000
2144,2033,-7.324219,25000000.000
2145,2037,-5.371094,25000000.000
2146,2042,-2.929688,25000000.000
2147,2043,-2.441406,25000000.000
2148,2052,1.953125,25000000.000
2149,2057,4.394531,25000000.000
2150,2061,6.347656,25000000.000
2151,2062,6.835938,25000000.000
2152,2069,10.253906,25000000.000
2153,2074,12.695312,25000000.000
2154,2076,13.671875,25000000.000
2155,2076,13.671875,25000000.000
2156,2078,14.648438,25000000.000
2157,2080,15.625000,25000000.000
2158,2079,15.136719,25000000.000
2159,2078,14.648438,25000000.000
2160,2077,14.160156,25000000.000
2161,2074,12.695312,25000000.000
2162,2072,11.718750,25000000.000
2163,2070,10.742188,25000000.000
2164,2063,7.324219,25000000.000
2165,2060,5.859375,25000000.000
2166,2055,3.417969,25000000.000
2167,2055,3.417969,25000000.000
2168,2045,-1.464844,25000000.000
2169,2040,-3.906250,25000000.000
2170,2036,-5.859375,25000000.000
2171,2035,-6.347656,25000000.000
2172,2028,-9.765625,25000000.000
2173,2022,-12.695312,25000000.000
2174,2019,-14.160156,25000000.000
2175,2020,-13.671875,25000000.000
2176,2016,-15.625000,25000000.000
2177,2014,-16.601562,25000000.000
2178,2014,-16.601562,25000000.000
2179,2013,-17.089844,25000000.000
2180,2015,-16.113281,25000000.000
2181,2016,-15.625000,25000000.000
2182,2019,-14.160156,25000000.000
2183,2019,-14.160156,25000000.000
2184,2026,-10.742188,25000000.000
2185,2029,-9.277344,25000000.000
2186,2034,-6.835938,25000000.000
2187,2034,-6.835938,25000000.000
2188,2044,-1.953125,25000000.000
2189,2043,-2.441406,25000000.000
2190,2053,2.441406,25000000.000
2191,2055,3.417969,25000000.000
2192,2060,5.859375,25000000.000
2193,2063,7.324219,25000000.000
2194,2069,10.253906,25000000.000
2195,2066,8.789062,25000000.000
2196,2071,11.230469,25000000.000
2197,2072,11.718750,25000000.000
2198,2073,12.207031,25000000.000
2199,2073,12.207031,25000000.000
2200,2072,11.718750,25000000.000
2201,2072,11.718750,25000000.000
2202,2069,10.253906,25000000.000
2203,2069,10.253906,25000000.000
2204,2065,8.300781,25000000.000
2205,2060,5.859375,25000000.000
2206,2058,4.882812,25000000.000
2207,2057,4.394531,25000000.000
2208,2048,0.000000,25000000.000
2209,2045,-1.464844,25000000.000
2210,2041,-3.417969,25000000.000
2211,2041,-3.417969,25000000.000
2212,2033,-7.324219,25000000.000
2213,2030,-8.789062,25000000.000
2214,2026,-10.742188,25000000.000
2215,2026,-10.742188,25000000.000
2216,2022,-12.695312,25000000.000
2217,2021,-13.183594,25000000.000
2218,2021,-13.183594,25000000.000
2219,2019,-14.160156,25000000.000
2220,2022,-12.695312,25000000.000
2221,2021,-13.183594,25000000.000
2222,2024,-11.718750,25000000.000
2223,2024,-11.718750,25000000.000
2224,2030,-8.789062,25000000.000
2225,2033,-7.324219,25000000.000
2226,2037,-5.371094,25000000.000
2227,2037,-5.371094,25000000.000
2228,2044,-1.953125,25000000.000
2229,2049,0.488281,25000000.000
2230,2052,1.953125,25000000.000
2231,2053,2.441406,25000000.000
2232,2060,5.859375,25000000.000
2233,2064,7.812500,25000000.000
2234,2066,8.789062,25000000.000
2235,2067,9.277344,25000000.000
2236,2071,11.230469,25000000.000
2237,2072,11.718750,25000000.000
2238,2072,11.718750,25000000.000
2239,2071,11.230469,25000000.000
2240,2071,11.230469,25000000.000
2241,2069,10.253906,25000000.000
2242,2067,9.277344,25000000.000
2243,2066,8.789062,25000000.000
2244,2061,6.347656,25000000.000
2245,2058,4.882812,25000000.000
2246,2054,2.929688,25000000.000
2247,2054,2.929688,25000000.000
2248,2045,-1.464844,25000000.000
2249,2040,-3.906250,25000000.000
2250,2037,-5.371094,25000000.000
2251,2038,-4.882812,25000000.000
2252,2030,-8.789062,25000000.000
2253,2027,-10.253906,25000000.000
2254,2024,-11.718750,25000000.000
2255,2024,-11.718750,25000000.000
2256,2019,-14.160156,25000000.000
2257,2019,-14.160156,25000000.000
2258,2018,-14.648438,25000000.000
2259,2018,-14.648438,25000000.000
2260,2020,-13.671875,25000000.000
2261,2021,-13.183594,25000000.000
2262,2023,-12.207031,25000000.000
2263,2024,-11.718750,25000000.000
2264,2029,-9.277344,25000000.000
2265,2033,-7.324219,25000000.000
2266,2037,-5.371094,25000000.000
2267,2038,-4.882812,25000000.000
2268,2046,-0.976562,25000000.000
2269,2050,0.976562,25000000.000
2270,2054,2.929688,25000000.000
2271,2055,3.417969,25000000.000
2272,2063,7.324219,25000000.000
2273,2066,8.789062,25000000.000
2274,2070,10.742188,25000000.000
2275,2070,10.742188,25000000.000
2276,2073,12.207031,25000000.000
2277,2075,13.183594,25000000.000
2278,2076,13.671875,25000000.000
2279,2075,13.183594,25000000.000
2280,2074,12.695312,25000000.000
2281,2072,11.718750,25000000.000
2282,2072,11.718750,25000000.000
2283,2072,11.718750,25000000.000
2284,2063,7.324219,25000000.000
2285,2061,6.347656,25000000.000
2286,2057,4.394531,25000000.000
2287,2056,3.906250,25000000.000
2288,2046,-0.976562,25000000.000
2289,2042,-2.929688,25000000.000
2290,2037,-5.371094,25000000.000
2291,2037,-5.371094,25000000.000
2292,2028,-9.765625,25000000.000
2293,2025,-11.230469,25000000.000
2294,2021,-13.183594,25000000.000
2295,2020,-13.671875,25000000.000
2296,2015,-16.113281,25000000.000
2297,2013,-17.089844,25000000.000
2298,2013,-17.089844,25000000.000
2299,2012,-17.578125,25000000.000
2300,2013,-17.089844,25000000.000
2301,2013,-17.089844,25000000.000
2302,2017,-15.136719,25000000.000
2303,2016,-15.625000,25000000.000
2304,2023,-12.207031,25000000.000
2305,2026,-10.742188,25000000.000
2306,2031,-8.300781,25000000.000
2307,2030,-8.789062,25000000.000
2308,2040,-3.906250,25000000.000
2309,2045,-1.464844,25000000.000
2310,2050,0.976562,25000000.000
2311,2051,1.464844,25000000.000
2312,2061,6.347656,25000000.000
2313,2063,7.324219,25000000.000
2314,2068,9.765625,25000000.000
2315,2068,9.765625,25000000.000
2316,2074,12.695312,25000000.000
2317,2076,13.671875,25000000.000
2318,2078,14.648438,25000000.000
2319,2076,13.671875,25000000.000
2320,2077,14.160156,25000000.000
2321,2076,13.671875,25000000.000
2322,2074,12.695312,25000000.000
2323,2072,11.718750,25000000.000
2324,2069,10.253906,25000000.000
2325,2064,7.812500,25000000.000
2326,2061,6.347656,25000000.000
2327,2060,5.859375,25000000.000
2328,2052,1.953125,25000000.000
2329,2047,-0.488281,25000000.000
2330,2043,-2.441406,25000000.000
2331,2042,-2.929688,25000000.000
2332,2033,-7.324219,25000000.000
2333,2029,-9.277344,25000000.000
2334,2025,-11.230469,25000000.000
2335,2025,-11.230469,25000000.000
2336,2020,-13.671875,25000000.000
2337,2018,-14.648438,25000000.000
2338,2016,-15.625000,25000000.000
2339,2016,-15.625000,25000000.000
2340,2015,-16.113281,25000000.000
2341,2018,-14.648438,25000000.000
2342,2019,-14.160156,25000000.000
2343,2019,-14.160156,25000000.000
2344,2024,-11.718750,25000000.000
2345,2028,-9.765625,25000000.000
2346,2032,-7.812500,25000000.000
2347,2032,-7.812500,25000000.000
2348,2041,-3.417969,25000000.000
2349,2045,-1.464844,25000000.000
2350,2049,0.488281,25000000.000
2351,2051,1.464844,25000000.000
2352,2059,5.371094,25000000.000
2353,2064,7.812500,25000000.000
2354,2067,9.277344,25000000.000
2355,2067,9.277344,25000000.000
2356,2073,12.207031,25000000.000
2357,2074,12.695312,25000000.000
2358,2076,13.671875,25000000.000
2359,2077,14.160156,25000000.000
2360,2076,13.671875,25000000.000
2361,2075,13.183594,25000000.000
2362,2074,12.695312,25000000.000
2363,2073,12.207031,25000000.000
2364,2069,10.253906,25000000.000
2365,2065,8.300781,25000000.000
2366,2061,6.347656,25000000.000
2367,2060,5.859375,25000000.000
2368,2052,1.953125,25000000.000
2369,2048,0.000000,25000000.000
2370,2042,-2.929688,25000000.000
2371,2042,-2.929688,25000000.000
2372,2034,-6.835938,25000000.000
2373,2030,-8.789062,25000000.000
2374,2025,-11.230469,25000000.000
2375,2026,-10.742188,25000000.000
2376,2020,-13.671875,25000000.000
2377,2016,-15.625000,25000000.000
2378,2015,-16.113281,25000000.000
2379,2016,-15.625000,25000000.000
2380,2015,-16.113281,25000000.000
2381,2014,-16.601562,25000000.000
2382,2017,-15.136719,25000000.000
2383,2017,-15.136719,25000000.000
2384,2022,-12.695312,25000000.000
2385,2026,-10.742188,25000000.000
2386,2030,-8.789062,25000000.000
2387,2030,-8.789062,25000000.000
2388,2039,-4.394531,25000000.000
2389,2044,-1.953125,25000000.000
2390,2049,0.488281,25000000.000
2391,2050,0.976562,25000000.000
2392,2059,5.371094,25000000.000
2393,2063,7.324219,25000000.000
2394,2067,9.277344,25000000.000
2395,2067,9.277344,25000000.000
2396,2073,12.207031,25000000.000
2397,2076,13.671875,25000000.000
2398,2077,14.160156,25000000.000
2399,2077,14.160156,25000000.000
2400,2079,15.136719,25000000.000
2401,2078,14.648438,25000000.000
2402,2076,13.671875,25000000.000
2403,2076,13.671875,25000000.000
2404,2071,11.230469,25000000.000
2405,2067,9.277344,25000000.000
2406,2064,7.812500,25000000.000
2407,2064,7.812500,25000000.000
2408,2055,3.417969,25000000.000
2409,2050,0.976562,25000000.000
2410,2045,-1.464844,25000000.000
2411,2044,-1.953125,25000000.000
2412,2035,-6.347656,25000000.000
2413,2030,-8.789062,25000000.000
2414,2026,-10.742188,25000000.000
2415,2025,-11.230469,25000000.000
2416,2019,-14.160156,25000000.000
2417,2017,-15.136719,25000000.000
2418,2014,-16.601562,25000000.000
2419,2013,-17.089844,25000000.000
2420,2011,-18.066406,25000000.000
2421,2011,-18.066406,25000000.000
2422,2012,-17.578125,25000000.000
2423,2015,-16.113281,25000000.000
2424,2018,-14.648438,25000000.000
2425,2021,-13.183594,25000000.000
2426,2025,-11.230469,25000000.000
2427,2025,-11.230469,25000000.000
2428,2035,-6.347656,25000000.000
2429,2039,-4.394531,25000000.000
2430,2044,-1.953125,25000000.000
2431,2046,-0.976562,25000000.000
2432,2055,3.417969,25000000.000
2433,2060,5.859375,25000000.000
2434,2065,8.300781,25000000.000
2435,2065,8.300781,25000000.000
2436,2072,11.718750,25000000.000
2437,2076,13.671875,25000000.000
2438,2078,14.648438,25000000.000
2439,2078,14.648438,25000000.000
2440,2079,15.136719,25000000.000
2441,2080,15.625000,25000000.000
2442,2079,15.136719,25000000.000
2443,2078,14.648438,25000000.000
2444,2074,12.695312,25000000.000
2445,2071,11.230469,25000000.000
2446,2068,9.765625,25000000.000
2447,2066,8.789062,25000000.000
2448,2059,5.371094,25000000.000
2449,2053,2.441406,25000000.000
2450,2048,0.000000,25000000.000
2451,2048,0.000000,25000000.000
2452,2038,-4.882812,25000000.000
2453,2033,-7.324219,25000000.000
2454,2028,-9.765625,25000000.000
2455,2027,-10.253906,25000000.000
2456,2020,-13.671875,25000000.000
2457,2017,-15.136719,25000000.000
2458,2015,-16.113281,25000000.000
2459,2014,-16.601562,25000000.000
2460,2012,-17.578125,25000000.000
2461,2012,-17.578125,25000000.000
2462,2012,-17.578125,25000000.000
2463,2013,-17.089844,25000000.000
2464,2016,-15.625000,25000000.000
2465,2018,-14.648438,25000000.000
2466,2023,-12.207031,25000000.000
2467,2022,-12.695312,25000000.000
2468,2031,-8.300781,25000000.000
2469,2036,-5.859375,25000000.000
2470,2042,-2.929688,25000000.000
2471,2043,-2.441406,25000000.000
2472,2053,2.441406,25000000.000
2473,2057,4.394531,25000000.000
2474,2062,6.835938,25000000.000
2475,2063,7.324219,25000000.000
2476,2071,11.230469,25000000.000
2477,2074,12.695312,25000000.000
2478,2078,14.648438,25000000.000
2479,2077,14.160156,25000000.000
2480,2080,15.625000,25000000.000
2481,2080,15.625000,25000000.000
2482,2079,15.136719,25000000.000
2483,2079,15.136719,25000000.000
2484,2076,13.671875,25000000.000
2485,2073,12.207031,25000000.000
2486,2069,10.253906,25000000.000
2487,2069,10.253906,25000000.000
2488,2061,6.347656,25000000.000
2489,2055,3.417969,25000000.000
2490,2050,0.976562,25000000.000
2491,2049,0.488281,25000000.000
2492,2039,-4.394531,25000000.000
2493,2035,-6.347656,25000000.000
2494,2028,-9.765625,25000000.000
2495,2028,-9.765625,25000000.000
2496,2019,-14.160156,25000000.000
2497,2016,-15.625000,25000000.000
2498,2012,-17.578125,25000000.000
2499,2013,-17.089844,25000000.000
2500,2011,-18.066406,25000000.000
2501,2009,-19.042969,25000000.000
2502,2008,-19.531250,25000000.000
2503,2007,-20.019531,25000000.000
2504,2011,-18.066406,25000000.000
2505,2014,-16.601562,25000000.000
2506,2017,-15.136719,25000000.000
2507,2019,-14.160156,25000000.000
2508,2026,-10.742188,25000000.000
2509,2031,-8.300781,25000000.000
2510,2037,-5.371094,25000000.000
2511,2037,-5.371094,25000000.000
2512,2047,-0.488281,25000000.000
2513,2053,2.441406,25000000.000
2514,2059,5.371094,25000000.000
2515,2060,5.859375,25000000.000
2516,2069,10.253906,25000000.000
2517,2074,12.695312,25000000.000
2518,2077,14.160156,25000000.000
2519,2076,13.671875,25000000.000
2520,2079,15.136719,25000000.000
2521,2080,15.625000,25000000.000
2522,2082,16.601562,25000000.000
2523,2081,16.113281,25000000.000
2524,2079,15.136719,25000000.000
2525,2077,14.160156,25000000.000
2526,2074,12.695312,25000000.000
2527,2074,12.695312,25000000.000
2528,2066,8.789062,25000000.000
2529,2062,6.835938,25000000.000
2530,2057,4.394531,25000000.000
2531,2055,3.417969,25000000.000
2532,2046,-0.976562,25000000.000
2533,2040,-3.906250,25000000.000
2534,2035,-6.347656,25000000.000
2535,2035,-6.347656,25000000.000
2536,2025,-11.230469,25000000.000
2537,2023,-12.207031,25000000.000
2538,2022,-12.695312,25000000.000
2539,2021,-13.183594,25000000.000
2540,2010,-18.554688,25000000.000
2541,2010,-18.554688,25000000.000
2542,2012,-17.578125,25000000.000
2543,2010,-18.554688,25000000.000
2544,2010,-18.554688,25000000.000
2545,2013,-17.089844,25000000.000
2546,2016,-15.625000,25000000.000
2547,2016,-15.625000,25000000.000
2548,2024,-11.718750,25000000.000
2549,2029,-9.277344,25000000.000
2550,2034,-6.835938,25000000.000
2551,2034,-6.835938,25000000.000
2552,2045,-1.464844,25000000.000
2553,2050,0.976562,25000000.000
2554,2057,4.394531,25000000.000
2555,2057,4.394531,25000000.000
2556,2067,9.277344,25000000.000
2557,2071,11.230469,25000000.000
2558,2074,12.695312,25000000.000
2559,2075,13.183594,25000000.000
2560,2080,15.625000,25000000.000
2561,2082,16.601562,25000000.000
2562,2084,17.578125,25000000.000
2563,2083,17.089844,25000000.000
2564,2082,16.601562,25000000.000
2565,2081,16.113281,25000000.000
2566,2079,15.136719,25000000.000
2567,2078,14.648438,25000000.000
2568,2071,11.230469,25000000.000
2569,2067,9.277344,25000000.000
2570,2063,7.324219,25000000.000
2571,2062,6.835938,25000000.000
2572,2052,1.953125,25000000.000
2573,2047,-0.488281,25000000.000
2574,2041,-3.417969,25000000.000
2575,2041,-3.417969,25000000.000
2576,2030,-8.789062,25000000.000
2577,2028,-9.765625,25000000.000
2578,2022,-12.695312,25000000.000
2579,2020,-13.671875,25000000.000
2580,2013,-17.089844,25000000.000
2581,2011,-18.066406,25000000.000
2582,2009,-19.042969,25000000.000
2583,2009,-19.042969,25000000.000
2584,2010,-18.554688,25000000.000
2585,2010,-18.554688,25000000.000
2586,2012,-17.578125,25000000.000
2587,2012,-17.578125,25000000.000
2588,2019,-14.160156,25000000.000
2589,2023,-12.207031,25000000.000
2590,2027,-10.253906,25000000.000
2591,2028,-9.765625,25000000.000
2592,2038,-4.882812,25000000.000
2593,2044,-1.953125,25000000.000
2594,2051,1.464844,25000000.000
2595,2051,1.464844,25000000.000
2596,2061,6.347656,25000000.000
2597,2067,9.277344,25000000.000
2598,2070,10.742188,25000000.000
2599,2071,11.230469,25000000.000
2600,2079,15.136719,25000000.000
2601,2080,15.625000,25000000.000
2602,2082,16.601562,25000000.000
2603,2082,16.601562,25000000.000
2604,2083,17.089844,25000000.000
2605,2083,17.089844,25000000.000
2606,2079,15.136719,25000000.000
2607,2080,15.625000,25000000.000
2608,2073,12.207031,25000000.000
2609,2070,10.742188,25000000.000
2610,2067,9.277344,25000000.000
2611,2065,8.300781,25000000.000
2612,2056,3.906250,25000000.000
2613,2050,0.976562,25000000.000
2614,2045,-1.464844,25000000.000
2615,2044,-1.953125,25000000.000
2616,2034,-6.835938,25000000.000
2617,2029,-9.277344,25000000.000
2618,2024,-11.718750,25000000.000
2619,2023,-12.207031,25000000.000
2620,2016,-15.625000,25000000.000
2621,2014,-16.601562,25000000.000
2622,2011,-18.066406,25000000.000
2623,2011,-18.066406,25000000.000
2624,2009,-19.042969,25000000.000
2625,2010,-18.554688,25000000.000
2626,2011,-18.066406,25000000.000
2627,2011,-18.066406,25000000.000
2628,2017,-15.136719,25000000.000
2629,2021,-13.183594,25000000.000
2630,2024,-11.718750,25000000.000
2631,2025,-11.230469,25000000.000
2632,2036,-5.859375,25000000.000
2633,2041,-3.417969,25000000.000
2634,2045,-1.464844,25000000.000
2635,2046,-0.976562,25000000.000
2636,2057,4.394531,25000000.000
2637,2062,6.835938,25000000.000
2638,2067,9.277344,25000000.000
2639,2067,9.277344,25000000.000
2640,2076,13.671875,25000000.000
2641,2080,15.625000,25000000.000
2642,2083,17.089844,25000000.000
2643,2082,16.601562,25000000.000
2644,2082,16.601562,25000000.000
2645,2081,16.113281,25000000.000
2646,2081,16.113281,25000000.000
2647,2082,16.601562,25000000.000
2648,2077,14.160156,25000000.000
2649,2072,11.718750,25000000.000
2650,2070,10.742188,25000000.000
2651,2069,10.253906,25000000.000
2652,2059,5.371094,25000000.000
2653,2053,2.441406,25000000.000
2654,2049,0.488281,25000000.000
2655,2048,0.000000,25000000.000
2656,2036,-5.859375,25000000.000
2657,2031,-8.300781,25000000.000
2658,2027,-10.253906,25000000.000
2659,2026,-10.742188,25000000.000
2660,2019,-14.160156,25000000.000
2661,2015,-16.113281,25000000.000
2662,2012,-17.578125,25000000.000
2663,2011,-18.066406,25000000.000
2664,2009,-19.042969,25000000.000
2665,2008,-19.531250,25000000.000
2666,2008,-19.531250,25000000.000
2667,2010,-18.554688,25000000.000
2668,2013,-17.089844,25000000.000
2669,2016,-15.625000,25000000.000
2670,2020,-13.671875,25000000.000
2671,2021,-13.183594,25000000.000
2672,2030,-8.789062,25000000.000
2673,2035,-6.347656,25000000.000
2674,2041,-3.417969,25000000.000
2675,2042,-2.929688,25000000.000
2676,2053,2.441406,25000000.000
2677,2058,4.882812,25000000.000
2678,2063,7.324219,25000000.000
2679,2064,7.812500,25000000.000
2680,2073,12.207031,25000000.000
2681,2076,13.671875,25000000.000
2682,2079,15.136719,25000000.000
2683,2080,15.625000,25000000.000
2684,2083,17.089844,25000000.000
2685,2083,17.089844,25000000.000
2686,2082,16.601562,25000000.000
2687,2081,16.113281,25000000.000
2688,2078,14.648438,25000000.000
2689,2075,13.183594,25000000.000
2690,2071,11.230469,25000000.000
2691,2072,11.718750,25000000.000
2692,2062,6.835938,25000000.000
2693,2057,4.394531,25000000.000
2694,2050,0.976562,25000000.000
2695,2050,0.976562,25000000.000
2696,2040,-3.906250,25000000.000
2697,2034,-6.835938,25000000.000
2698,2029,-9.277344,25000000.000
2699,2028,-9.765625,25000000.000
2700,2019,-14.160156,25000000.000
2701,2015,-16.113281,25000000.000
2702,2011,-18.066406,25000000.000
2703,2012,-17.578125,25000000.000
2704,2008,-19.531250,25000000.000
2705,2006,-20.507812,25000000.000
2706,2005,-20.996094,25000000.000
2707,2008,-19.531250,25000000.000
2708,2010,-18.554688,25000000.000
2709,2013,-17.089844,25000000.000
2710,2016,-15.625000,25000000.000
2711,2015,-16.113281,25000000.000
2712,2025,-11.230469,25000000.000
2713,2030,-8.789062,25000000.000
2714,2037,-5.371094,25000000.000
2715,2037,-5.371094,25000000.000
2716,2049,0.488281,25000000.000
2717,2056,3.906250,25000000.000
2718,2060,5.859375,25000000.000
2719,2061,6.347656,25000000.000
2720,2070,10.742188,25000000.000
2721,2075,13.183594,25000000.000
2722,2078,14.648438,25000000.000
2723,2079,15.136719,25000000.000
2724,2083,17.089844,25000000.000
2725,2084,17.578125,25000000.000
2726,2084,17.578125,25000000.000
2727,2084,17.578125,25000000.000
2728,2082,16.601562,25000000.000
2729,2080,15.625000,25000000.000
2730,2077,14.160156,25000000.000
2731,2075,13.183594,25000000.000
2732,2067,9.277344,25000000.000
2733,2061,6.347656,25000000.000
2734,2056,3.906250,25000000.000
2735,2056,3.906250,25000000.000
2736,2044,-1.953125,25000000.000
2737,2038,-4.882812,25000000.000
2738,2033,-7.324219,25000000.000
2739,2032,-7.812500,25000000.000
2740,2022,-12.695312,25000000.000
2741,2017,-15.136719,25000000.000
2742,2014,-16.601562,25000000.000
2743,2012,-17.578125,25000000.000
2744,2007,-20.019531,25000000.000
2745,2007,-20.019531,25000000.000
2746,2006,-20.507812,25000000.000
2747,2006,-20.507812,25000000.000
2748,2008,-19.531250,25000000.000
2749,2010,-18.554688,25000000.000
2750,2012,-17.578125,25000000.000
2751,2013,-17.089844,25000000.000
2752,2021,-13.183594,25000000.000
2753,2026,-10.742188,25000000.000
2754,2031,-8.300781,25000000.000
2755,2032,-7.812500,25000000.000
2756,2045,-1.464844,25000000.000
2757,2050,0.976562,25000000.000
2758,2055,3.417969,25000000.000
2759,2057,4.394531,25000000.000
2760,2067,9.277344,25000000.000
2761,2072,11.718750,25000000.000
2762,2076,13.671875,25000000.000
2763,2076,13.671875,25000000.000
2764,2082,16.601562,25000000.000
2765,2084,17.578125,25000000.000
2766,2085,18.066406,25000000.000
2767,2086,18.554688,25000000.000
2768,2086,18.554688,25000000.000
2769,2083,17.089844,25000000.000
2770,2079,15.136719,25000000.000
2771,2080,15.625000,25000000.000
2772,2074,12.695312,25000000.000
2773,2069,10.253906,25000000.000
2774,2064,7.812500,25000000.000
2775,2063,7.324219,25000000.000
2776,2052,1.953125,25000000.000
2777,2046,-0.976562,25000000.000
2778,2040,-3.906250,25000000.000
2779,2039,-4.394531,25000000.000
2780,2029,-9.277344,25000000.000
2781,2025,-11.230469,25000000.000
2782,2019,-14.160156,25000000.000
2783,2020,-13.671875,25000000.000
2784,2013,-17.089844,25000000.000
2785,2009,-19.042969,25000000.000
2786,2008,-19.531250,25000000.000
2787,2008,-19.531250,25000000.000
2788,2008,-19.531250,25000000.000
2789,2009,-19.042969,25000000.000
2790,2011,-18.066406,25000000.000
2791,2013,-17.089844,25000000.000
2792,2019,-14.160156,25000000.000
2793,2023,-12.207031,25000000.000
2794,2028,-9.765625,25000000.000
2795,2028,-9.765625,25000000.000
2796,2039,-4.394531,25000000.000
2797,2046,-0.976562,25000000.000
2798,2050,0.976562,25000000.000
2799,2051,1.464844,25000000.000
2800,2063,7.324219,25000000.000
2801,2067,9.277344,25000000.000
2802,2072,11.718750,25000000.000
2803,2073,12.207031,25000000.000
2804,2080,15.625000,25000000.000
2805,2081,16.113281,25000000.000
2806,2082,16.601562,25000000.000
2807,2083,17.089844,25000000.000
2808,2084,17.578125,25000000.000
2809,2083,17.089844,25000000.000
2810,2080,15.625000,25000000.000
2811,2080,15.625000,25000000.000
2812,2075,13.183594,25000000.000
2813,2070,10.742188,25000000.000
2814,2066,8.789062,25000000.000
2815,2065,8.300781,25000000.000
2816,2054,2.929688,25000000.000
2817,2049,0.488281,25000000.000
2818,2043,-2.441406,25000000.000
2819,2043,-2.441406,25000000.000
2820,2033,-7.324219,25000000.000
2821,2027,-10.253906,25000000.000
2822,2023,-12.207031,25000000.000
2823,2022,-12.695312,25000000.000
2824,2015,-16.113281,25000000.000
2825,2012,-17.578125,25000000.000
2826,2010,-18.554688,25000000.000
2827,2011,-18.066406,25000000.000
2828,2008,-19.531250,25000000.000
2829,2009,-19.042969,25000000.000
2830,2011,-18.066406,25000000.000
2831,2011,-18.066406,25000000.000
2832,2026,-10.742188,25000000.000
2833,2020,-13.671875,25000000.000
2834,2024,-11.718750,25000000.000
2835,2026,-10.742188,25000000.000
2836,2035,-6.347656,25000000.000
2837,2041,-3.417969,25000000.000
2838,2044,-1.953125,25000000.000
2839,2045,-1.464844,25000000.000
2840,2058,4.882812,25000000.000
2841,2061,6.347656,25000000.000
2842,2067,9.277344,25000000.000
2843,2067,9.277344,25000000.000
2844,2075,13.183594,25000000.000
2845,2080,15.625000,25000000.000
2846,2082,16.601562,25000000.000
2847,2081,16.113281,25000000.000
2848,2084,17.578125,25000000.000
2849,2084,17.578125,25000000.000
2850,2083,17.089844,25000000.000
2851,2082,16.601562,25000000.000
2852,2077,14.160156,25000000.000
2853,2073,12.207031,25000000.000
2854,2069,10.253906,25000000.000
2855,2070,10.742188,25000000.000
2856,2059,5.371094,25000000.000
2857,2053,2.441406,25000000.000
2858,2047,-0.488281,25000000.000
2859,2048,0.000000,25000000.000
2860,2036,-5.859375,25000000.000
2861,2029,-9.277344,25000000.000
2862,2025,-11.230469,25000000.000
2863,2025,-11.230469,25000000.000
2864,2015,-16.113281,25000000.000
2865,2012,-17.578125,25000000.000
2866,2009,-19.042969,25000000.000
2867,2009,-19.042969,25000000.000
2868,2007,-20.019531,25000000.000
2869,2006,-20.507812,25000000.000
2870,2007,-20.019531,25000000.000
2871,2007,-20.019531,25000000.000
2872,2012,-17.578125,25000000.000
2873,2015,-16.113281,25000000.000
2874,2020,-13.671875,25000000.000
2875,2020,-13.671875,25000000.000
2876,2028,-9.765625,25000000.000
2877,2035,-6.347656,25000000.000
2878,2040,-3.906250,25000000.000
2879,2040,-3.906250,25000000.000
2880,2052,1.953125,25000000.000
2881,2057,4.394531,25000000.000
2882,2063,7.324219,25000000.000
2883,2062,6.835938,25000000.000
2884,2070,10.742188,25000000.000
2885,2070,10.742188,25000000.000
2886,2082,16.601562,25000000.000
2887,2076,13.671875,25000000.000
2888,2081,16.113281,25000000.000
2889,2081,16.113281,25000000.000
2890,2082,16.601562,25000000.000
2891,2082,16.601562,25000000.000
2892,2079,15.136719,25000000.000
2893,2077,14.160156,25000000.000
2894,2072,11.718750,25000000.000
2895,2071,11.230469,25000000.000
2896,2063,7.324219,25000000.000
2897,2058,4.882812,25000000.000
2898,2053,2.441406,25000000.000
2899,2052,1.953125,25000000.000
2900,2042,-2.929688,25000000.000
2901,2035,-6.347656,25000000.000
2902,2031,-8.300781,25000000.000
2903,2030,-8.789062,25000000.000
2904,2022,-12.695312,25000000.000
2905,2018,-14.648438,25000000.000
2906,2013,-17.089844,25000000.000
2907,2014,-16.601562,25000000.000
2908,2009,-19.042969,25000000.000
2909,2008,-19.531250,25000000.000
2910,2009,-19.042969,25000000.000
2911,2008,-19.531250,25000000.000
2912,2012,-17.578125,25000000.000
2913,2014,-16.601562,25000000.000
2914,2017,-15.136719,25000000.000
2915,2017,-15.136719,25000000.000
2916,2025,-11.230469,25000000.000
2917,2031,-8.300781,25000000.000
2918,2035,-6.347656,25000000.000
2919,2036,-5.859375,25000000.000
2920,2047,-0.488281,25000000.000
2921,2052,1.953125,25000000.000
2922,2059,5.371094,25000000.000
2923,2059,5.371094,25000000.000
2924,2068,9.765625,25000000.000
2925,2073,12.207031,25000000.000
2926,2076,13.671875,25000000.000
2927,2076,13.671875,25000000.000
2928,2079,15.136719,25000000.000
2929,2084,17.578125,25000000.000
2930,2083,17.089844,25000000.000
2931,2083,17.089844,25000000.000
2932,2081,16.113281,25000000.000
2933,2078,14.648438,25000000.000
2934,2076,13.671875,25000000.000
2935,2075,13.183594,25000000.000
2936,2067,9.277344,25000000.000
2937,2063,7.324219,25000000.000
2938,2057,4.394531,25000000.000
2939,2057,4.394531,25000000.000
2940,2046,-0.976562,25000000.000
2941,2040,-3.906250,25000000.000
2942,2035,-6.347656,25000000.000
2943,2035,-6.347656,25000000.000
2944,2024,-11.718750,25000000.000
2945,2020,-13.671875,25000000.000
2946,2016,-15.625000,25000000.000
2947,2016,-15.625000,25000000.000
2948,2010,-18.554688,25000000.000
2949,2009,-19.042969,25000000.000
2950,2009,-19.042969,25000000.000
2951,2009,-19.042969,25000000.000
2952,2010,-18.554688,25000000.000
2953,2012,-17.578125,25000000.000
2954,2015,-16.113281,25000000.000
2955,2016,-15.625000,25000000.000
2956,2022,-12.695312,25000000.000
2957,2028,-9.765625,25000000.000
2958,2034,-6.835938,25000000.000
2959,2034,-6.835938,25000000.000
2960,2045,-1.464844,25000000.000
2961,2051,1.464844,25000000.000
2962,2057,4.394531,25000000.000
2963,2056,3.906250,25000000.000
2964,2067,9.277344,25000000.000
2965,2072,11.718750,25000000.000
2966,2075,13.183594,25000000.000
2967,2076,13.671875,25000000.000
2968,2081,16.113281,25000000.000
2969,2083,17.089844,25000000.000
2970,2083,17.089844,25000000.000
2971,2084,17.578125,25000000.000
2972,2083,17.089844,25000000.000
2973,2082,16.601562,25000000.000
2974,2079,15.136719,25000000.000
2975,2079,15.136719,25000000.000
2976,2070,10.742188,25000000.000
2977,2067,9.277344,25000000.000
2978,2062,6.835938,25000000.000
2979,2060,5.859375,25000000.000
2980,2051,1.464844,25000000.000
2981,2045,-1.464844,25000000.000
2982,2040,-3.906250,25000000.000
2983,2039,-4.394531,25000000.000
2984,2029,-9.277344,25000000.000
2985,2025,-11.230469,25000000.000
2986,2019,-14.160156,25000000.000
2987,2019,-14.160156,25000000.000
2988,2012,-17.578125,25000000.000
2989,2010,-18.554688,25000000.000
2990,2009,-19.042969,25000000.000
2991,2009,-19.042969,25000000.000
2992,2008,-19.531250,25000000.000
2993,2011,-18.066406,25000000.000
2994,2012,-17.578125,25000000.000
2995,2014,-16.601562,25000000.000
2996,2019,-14.160156,25000000.000
2997,2022,-12.695312,25000000.000
2998,2027,-10.253906,25000000.000
2999,2028,-9.765625,25000000.000
3000,2039,-4.394531,25000000.000
3001,2042,-2.929688,25000000.000
3002,2050,0.976562,25000000.000
3003,2051,1.464844,25000000.000
3004,2061,6.347656,25000000.000
3005,2066,8.789062,25000000.000
3006,2071,11.230469,25000000.000
3007,2071,11.230469,25000000.000
3008,2078,14.648438,25000000.000
3009,2080,15.625000,25000000.000
3010,2082,16.601562,25000000.000
3011,2081,16.113281,25000000.000
3012,2083,17.089844,25000000.000
3013,2081,16.113281,25000000.000
3014,2080,15.625000,25000000.000
3015,2079,15.136719,25000000.000
3016,2074,12.695312,25000000.000
3017,2071,11.230469,25000000.000
3018,2065,8.300781,25000000.000
3019,2065,8.300781,25000000.000
3020,2055,3.417969,25000000.000
3021,2051,1.464844,25000000.000
3022,2044,-1.953125,25000000.000
3023,2044,-1.953125,25000000.000
3024,2032,-7.812500,25000000.000
3025,2026,-10.742188,25000000.000
3026,2022,-12.695312,25000000.000
3027,2021,-13.183594,25000000.000
3028,2015,-16.113281,25000000.000
3029,2011,-18.066406,25000000.000
3030,2009,-19.042969,25000000.000
3031,2009,-19.042969,25000000.000
3032,2008,-19.531250,25000000.000
3033,2008,-19.531250,25000000.000
3034,2009,-19.042969,25000000.000
3035,2011,-18.066406,25000000.000
3036,2015,-16.113281,25000000.000
3037,2019,-14.160156,25000000.000
3038,2022,-12.695312,25000000.000
3039,2024,-11.718750,25000000.000
3040,2032,-7.812500,25000000.000
3041,2039,-4.394531,25000000.000
3042,2046,-0.976562,25000000.000
3043,2046,-0.976562,25000000.000
3044,2057,4.394531,25000000.000
3045,2063,7.324219,25000000.000
3046,2068,9.765625,25000000.000
3047,2068,9.765625,25000000.000
3048,2076,13.671875,25000000.000
3049,2080,15.625000,25000000.000
3050,2081,16.113281,25000000.000
3051,2081,16.113281,25000000.000
3052,2084,17.578125,25000000.000
3053,2083,17.089844,25000000.000
3054,2082,16.601562,25000000.000
3055,2081,16.113281,25000000.000
3056,2077,14.160156,25000000.000
3057,2074,12.695312,25000000.000
3058,2068,9.765625,25000000.000
3059,2068,9.765625,25000000.000
3060,2058,4.882812,25000000.000
3061,2054,2.929688,25000000.000
3062,2047,-0.488281,25000000.000
3063,2047,-0.488281,25000000.000
3064,2036,-5.859375,25000000.000
3065,2031,-8.300781,25000000.000
3066,2026,-10.742188,25000000.000
3067,2024,-11.718750,25000000.000
3068,2015,-16.113281,25000000.000
3069,2013,-17.089844,25000000.000
3070,2010,-18.554688,25000000.000
3071,2010,-18.554688,25000000.000
3072,2007,-20.019531,25000000.000
3073,2008,-19.531250,25000000.000
3074,2007,-20.019531,25000000.000
3075,2008,-19.531250,25000000.000
3076,2012,-17.578125,25000000.000
3077,2016,-15.625000,25000000.000
3078,2019,-14.160156,25000000.000
3079,2020,-13.671875,25000000.000
3080,2030,-8.789062,25000000.000
3081,2034,-6.835938,25000000.000
3082,2040,-3.906250,25000000.000
3083,2041,-3.417969,25000000.000
3084,2053,2.441406,25000000.000
3085,2059,5.371094,25000000.000
3086,2064,7.812500,25000000.000
3087,2064,7.812500,25000000.000
3088,2073,12.207031,25000000.000
3089,2077,14.160156,25000000.000
3090,2080,15.625000,25000000.000
3091,2080,15.625000,25000000.000
3092,2084,17.578125,25000000.000
3093,2084,17.578125,25000000.000
3094,2083,17.089844,25000000.000
3095,2083,17.089844,25000000.000
3096,2078,14.648438,25000000.000
3097,2077,14.160156,25000000.000
3098,2073,12.207031,25000000.000
3099,2073,12.207031,25000000.000
3100,2064,7.812500,25000000.000
3101,2059,5.371094,25000000.000
3102,2052,1.953125,25000000.000
3103,2052,1.953125,25000000.000
3104,2042,-2.929688,25000000.000
3105,2036,-5.859375,25000000.000
3106,2029,-9.277344,25000000.000
3107,2029,-9.277344,25000000.000
3108,2020,-13.671875,25000000.000
3109,2017,-15.136719,25000000.000
3110,2012,-17.578125,25000000.000
3111,2013,-17.089844,25000000.000
3112,2008,-19.531250,25000000.000
3113,2008,-19.531250,25000000.000
3114,2007,-20.019531,25000000.000
3115,2007,-20.019531,25000000.000
3116,2010,-18.554688,25000000.000
3117,2013,-17.089844,25000000.000
3118,2016,-15.625000,25000000.000
3119,2016,-15.625000,25000000.000
3120,2025,-11.230469,25000000.000
3121,2030,-8.789062,25000000.000
3122,2035,-6.347656,25000000.000
3123,2035,-6.347656,25000000.000
3124,2046,-0.976562,25000000.000
3125,2053,2.441406,25000000.000
3126,2058,4.882812,25000000.000
3127,2059,5.371094,25000000.000
3128,2069,10.253906,25000000.000
3129,2073,12.207031,25000000.000
3130,2077,14.160156,25000000.000
3131,2078,14.648438,25000000.000
3132,2083,17.089844,25000000.000
3133,2084,17.578125,25000000.000
3134,2085,18.066406,25000000.000
3135,2084,17.578125,25000000.000
3136,2083,17.089844,25000000.000
3137,2081,16.113281,25000000.000
3138,2078,14.648438,25000000.000
3139,2078,14.648438,25000000.000
3140,2071,11.230469,25000000.000
3141,2065,8.300781,25000000.000
3142,2060,5.859375,25000000.000
3143,2059,5.371094,25000000.000
3144,2049,0.488281,25000000.000
3145,2042,-2.929688,25000000.000
3146,2037,-5.371094,25000000.000
3147,2037,-5.371094,25000000.000
3148,2026,-10.742188,25000000.000
3149,2021,-13.183594,25000000.000
3150,2017,-15.136719,25000000.000
3151,2016,-15.625000,25000000.000
3152,2011,-18.066406,25000000.000
3153,2008,-19.531250,25000000.000
3154,2007,-20.019531,25000000.000
3155,2006,-20.507812,25000000.000
3156,2007,-20.019531,25000000.000
3157,2009,-19.042969,25000000.000
3158,2012,-17.578125,25000000.000
3159,2011,-18.066406,25000000.000
3160,2019,-14.160156,25000000.000
3161,2024,-11.718750,25000000.000
3162,2028,-9.765625,25000000.000
3163,2030,-8.789062,25000000.000
3164,2040,-3.906250,25000000.000
3165,2046,-0.976562,25000000.000
3166,2053,2.441406,25000000.000
3167,2054,2.929688,25000000.000
3168,2064,7.812500,25000000.000
3169,2070,10.742188,25000000.000
3170,2074,12.695312,25000000.000
3171,2075,13.183594,25000000.000
3172,2083,17.089844,25000000.000
3173,2085,18.066406,25000000.000
3174,2087,19.042969,25000000.000
3175,2087,19.042969,25000000.000
3176,2087,19.042969,25000000.000
3177,2086,18.554688,25000000.000
3178,2083,17.089844,25000000.000
3179,2083,17.089844,25000000.000
3180,2076,13.671875,25000000.000
3181,2073,12.207031,25000000.000
3182,2067,9.277344,25000000.000
3183,2066,8.789062,25000000.000
3184,2054,2.929688,25000000.000
3185,2050,0.976562,25000000.000
3186,2043,-2.441406,25000000.000
3187,2041,-3.417969,25000000.000
3188,2030,-8.789062,25000000.000
3189,2025,-11.230469,25000000.000
3190,2020,-13.671875,25000000.000
3191,2020,-13.671875,25000000.000
3192,2012,-17.578125,25000000.000
3193,2009,-19.042969,25000000.000
3194,2007,-20.019531,25000000.000
3195,2007,-20.019531,25000000.000
3196,2006,-20.507812,25000000.000
3197,2006,-20.507812,25000000.000
3198,2007,-20.019531,25000000.000
3199,2008,-19.531250,25000000.000
3200,2014,-16.601562,25000000.000
3201,2018,-14.648438,25000000.000
3202,2024,-11.718750,25000000.000
3203,2024,-11.718750,25000000.000
3204,2035,-6.347656,25000000.000
3205,2041,-3.417969,25000000.000
3206,2048,0.000000,25000000.000
3207,2048,0.000000,25000000.000
3208,2060,5.859375,25000000.000
3209,2066,8.789062,25000000.000
3210,2070,10.742188,25000000.000
3211,2071,11.230469,25000000.000
3212,2079,15.136719,25000000.000
3213,2082,16.601562,25000000.000
3214,2085,18.066406,25000000.000
3215,2085,18.066406,25000000.000
3216,2086,18.554688,25000000.000
3217,2086,18.554688,25000000.000
3218,2084,17.578125,25000000.000
3219,2084,17.578125,25000000.000
3220,2078,14.648438,25000000.000
3221,2075,13.183594,25000000.000
3222,2070,10.742188,25000000.000
3223,2070,10.742188,25000000.000
3224,2059,5.371094,25000000.000
3225,2052,1.953125,25000000.000
3226,2047,-0.488281,25000000.000
3227,2047,-0.488281,25000000.000
3228,2035,-6.347656,25000000.000
3229,2028,-9.765625,25000000.000
3230,2024,-11.718750,25000000.000
3231,2023,-12.207031,25000000.000
3232,2014,-16.601562,25000000.000
3233,2012,-17.578125,25000000.000
3234,2013,-17.089844,25000000.000
3235,2005,-20.996094,25000000.000
3236,2006,-20.507812,25000000.000
3237,2007,-20.019531,25000000.000
3238,2007,-20.019531,25000000.000
3239,2007,-20.019531,25000000.000
3240,2013,-17.089844,25000000.000
3241,2016,-15.625000,25000000.000
3242,2020,-13.671875,25000000.000
3243,2021,-13.183594,25000000.000
3244,2032,-7.812500,25000000.000
3245,2038,-4.882812,25000000.000
3246,2044,-1.953125,25000000.000
3247,2044,-1.953125,25000000.000
3248,2055,3.417969,25000000.000
3249,2060,5.859375,25000000.000
3250,2066,8.789062,25000000.000
3251,2066,8.789062,25000000.000
3252,2075,13.183594,25000000.000
3253,2078,14.648438,25000000.000
3254,2080,15.625000,25000000.000
3255,2082,16.601562,25000000.000
3256,2083,17.089844,25000000.000
3257,2084,17.578125,25000000.000
3258,2082,16.601562,25000000.000
3259,2081,16.113281,25000000.000
3260,2077,14.160156,25000000.000
3261,2074,12.695312,25000000.000
3262,2070,10.742188,25000000.000
3263,2069,10.253906,25000000.000
3264,2060,5.859375,25000000.000
3265,2055,3.417969,25000000.000
3266,2049,0.488281,25000000.000
3267,2048,0.000000,25000000.000
3268,2037,-5.371094,25000000.000
3269,2031,-8.300781,25000000.000
3270,2026,-10.742188,25000000.000
3271,2026,-10.742188,25000000.000
3272,2017,-15.136719,25000000.000
3273,2013,-17.089844,25000000.000
3274,2011,-18.066406,25000000.000
3275,2010,-18.554688,25000000.000
3276,2007,-20.019531,25000000.000
3277,2007,-20.019531,25000000.000
3278,2007,-20.019531,25000000.000
3279,2007,-20.019531,25000000.000
3280,2010,-18.554688,25000000.000
3281,2013,-17.089844,25000000.000
3282,2018,-14.648438,25000000.000
3283,2019,-14.160156,25000000.000
3284,2028,-9.765625,25000000.000
3285,2034,-6.835938,25000000.000
3286,2039,-4.394531,25000000.000
3287,2039,-4.394531,25000000.000
3288,2052,1.953125,25000000.000
3289,2057,4.394531,25000000.000
3290,2063,7.324219,25000000.000
3291,2064,7.812500,25000000.000
3292,2072,11.718750,25000000.000
3293,2075,13.183594,25000000.000
3294,2079,15.136719,25000000.000
3295,2080,15.625000,25000000.000
3296,2084,17.578125,25000000.000
3297,2084,17.578125,25000000.000
3298,2081,16.113281,25000000.000
3299,2083,17.089844,25000000.000
3300,2080,15.625000,25000000.000
3301,2076,13.671875,25000000.000
3302,2072,11.718750,25000000.000
3303,2072,11.718750,25000000.000
3304,2063,7.324219,25000000.000
3305,2058,4.882812,25000000.000
3306,2052,1.953125,25000000.000
3307,2051,1.464844,25000000.000
3308,2041,-3.417969,25000000.000
3309,2035,-6.347656,25000000.000
3310,2030,-8.789062,25000000.000
3311,2029,-9.277344,25000000.000
3312,2021,-13.183594,25000000.000
3313,2016,-15.625000,25000000.000
3314,2011,-18.066406,25000000.000
3315,2012,-17.578125,25000000.000
3316,2007,-20.019531,25000000.000
3317,2007,-20.019531,25000000.000
3318,2006,-20.507812,25000000.000
3319,2007,-20.019531,25000000.000
3320,2009,-19.042969,25000000.000
3321,2011,-18.066406,25000000.000
3322,2015,-16.113281,25000000.000
3323,2015,-16.113281,25000000.000
3324,2025,-11.230469,25000000.000
3325,2029,-9.277344,25000000.000
3326,2036,-5.859375,25000000.000
3327,2036,-5.859375,25000000.000
3328,2047,-0.488281,25000000.000
3329,2053,2.441406,25000000.000
3330,2059,5.371094,25000000.000
3331,2059,5.371094,25000000.000
3332,2070,10.742188,25000000.000
3333,2075,13.183594,25000000.000
3334,2077,14.160156,25000000.000
3335,2079,15.136719,25000000.000
3336,2083,17.089844,25000000.000
3337,2084,17.578125,25000000.000
3338,2085,18.066406,25000000.000
3339,2083,17.089844,25000000.000
3340,2082,16.601562,25000000.000
3341,2081,16.113281,25000000.000
3342,2079,15.136719,25000000.000
3343,2077,14.160156,25000000.000
3344,2069,10.253906,25000000.000
3345,2064,7.812500,25000000.000
3346,2058,4.882812,25000000.000
3347,2058,4.882812,25000000.000
3348,2048,0.000000,25000000.000
3349,2041,-3.417969,25000000.000
3350,2036,-5.859375,25000000.000
3351,2035,-6.347656,25000000.000
3352,2025,-11.230469,25000000.000
3353,2020,-13.671875,25000000.000
3354,2017,-15.136719,25000000.000
3355,2017,-15.136719,25000000.000
3356,2010,-18.554688,25000000.000
3357,2009,-19.042969,25000000.000
3358,2007,-20.019531,25000000.000
3359,2008,-19.531250,25000000.000
3360,2008,-19.531250,25000000.000
3361,2011,-18.066406,25000000.000
3362,2013,-17.089844,25000000.000
3363,2012,-17.578125,25000000.000
3364,2021,-13.183594,25000000.000
3365,2025,-11.230469,25000000.000
3366,2030,-8.789062,25000000.000
3367,2031,-8.300781,25000000.000
3368,2043,-2.441406,25000000.000
3369,2048,0.000000,25000000.000
3370,2054,2.929688,25000000.000
3371,2055,3.417969,25000000.000
3372,2064,7.812500,25000000.000
3373,2070,10.742188,25000000.000
3374,2075,13.183594,25000000.000
3375,2074,12.695312,25000000.000
3376,2081,16.113281,25000000.000
3377,2083,17.089844,25000000.000
3378,2083,17.089844,25000000.000
3379,2084,17.578125,25000000.000
3380,2084,17.578125,25000000.000
3381,2082,16.601562,25000000.000
3382,2079,15.136719,25000000.000
3383,2079,15.136719,25000000.000
3384,2073,12.207031,25000000.000
3385,2068,9.765625,25000000.000
3386,2063,7.324219,25000000.000
3387,2064,7.812500,25000000.000
3388,2053,2.441406,25000000.000
3389,2047,-0.488281,25000000.000
3390,2040,-3.906250,25000000.000
3391,2041,-3.417969,25000000.000
3392,2030,-8.789062,25000000.000
3393,2025,-11.230469,25000000.000
3394,2020,-13.671875,25000000.000
3395,2019,-14.160156,25000000.000
3396,2013,-17.089844,25000000.000
3397,2010,-18.554688,25000000.000
3398,2008,-19.531250,25000000.000
3399,2009,-19.042969,25000000.000
3400,2008,-19.531250,25000000.000
3401,2008,-19.531250,25000000.000
3402,2011,-18.066406,25000000.000
3403,2011,-18.066406,25000000.000
3404,2019,-14.160156,25000000.000
3405,2021,-13.183594,25000000.000
3406,2026,-10.742188,25000000.000
3407,2027,-10.253906,25000000.000
3408,2038,-4.882812,25000000.000
3409,2044,-1.953125,25000000.000
3410,2049,0.488281,25000000.000
3411,2050,0.976562,25000000.000
3412,2062,6.835938,25000000.000
3413,2067,9.277344,25000000.000
3414,2072,11.718750,25000000.000
3415,2071,11.230469,25000000.000
3416,2079,15.136719,25000000.000
3417,2082,16.601562,25000000.000
3418,2084,17.578125,25000000.000
3419,2083,17.089844,25000000.000
3420,2085,18.066406,25000000.000
3421,2083,17.089844,25000000.000
3422,2082,16.601562,25000000.000
3423,2081,16.113281,25000000.000
3424,2075,13.183594,25000000.000
3425,2071,11.230469,25000000.000
3426,2066,8.789062,25000000.000
3427,2066,8.789062,25000000.000
3428,2055,3.417969,25000000.000
3429,2049,0.488281,25000000.000
3430,2044,-1.953125,25000000.000
3431,2043,-2.441406,25000000.000
3432,2032,-7.812500,25000000.000
3433,2026,-10.742188,25000000.000
3434,2022,-12.695312,25000000.000
3435,2021,-13.183594,25000000.000
3436,2014,-16.601562,25000000.000
3437,2011,-18.066406,25000000.000
3438,2008,-19.531250,25000000.000
3439,2009,-19.042969,25000000.000
3440,2007,-20.019531,25000000.000
3441,2006,-20.507812,25000000.000
3442,2008,-19.531250,25000000.000
3443,2009,-19.042969,25000000.000
3444,2013,-17.089844,25000000.000
3445,2017,-15.136719,25000000.000
3446,2022,-12.695312,25000000.000
3447,2023,-12.207031,25000000.000
3448,2032,-7.812500,25000000.000
3449,2039,-4.394531,25000000.000
3450,2044,-1.953125,25000000.000
3451,2045,-1.464844,25000000.000
3452,2056,3.906250,25000000.000
3453,2063,7.324219,25000000.000
3454,2068,9.765625,25000000.000
3455,2068,9.765625,25000000.000
3456,2076,13.671875,25000000.000
3457,2080,15.625000,25000000.000
3458,2082,16.601562,25000000.000
3459,2082,16.601562,25000000.000
3460,2084,17.578125,25000000.000
3461,2084,17.578125,25000000.000
3462,2084,17.578125,25000000.000
3463,2082,16.601562,25000000.000
3464,2079,15.136719,25000000.000
3465,2075,13.183594,25000000.000
3466,2070,10.742188,25000000.000
3467,2070,10.742188,25000000.000
3468,2060,5.859375,25000000.000
3469,2054,2.929688,25000000.000
3470,2049,0.488281,25000000.000
3471,2049,0.488281,25000000.000
3472,2038,-4.882812,25000000.000
3473,2031,-8.300781,25000000.000
3474,2026,-10.742188,25000000.000
3475,2026,-10.742188,25000000.000
3476,2017,-15.136719,25000000.000
3477,2013,-17.089844,25000000.000
3478,2009,-19.042969,25000000.000
3479,2009,-19.042969,25000000.000
3480,2007,-20.019531,25000000.000
3481,2007,-20.019531,25000000.000
3482,2008,-19.531250,25000000.000
3483,2008,-19.531250,25000000.000
3484,2012,-17.578125,25000000.000
3485,2015,-16.113281,25000000.000
3486,2020,-13.671875,25000000.000
3487,2020,-13.671875,25000000.000
3488,2030,-8.789062,25000000.000
3489,2034,-6.835938,25000000.000
3490,2039,-4.394531,25000000.000
3491,2041,-3.417969,25000000.000
3492,2052,1.953125,25000000.000
3493,2058,4.882812,25000000.000
3494,2065,8.300781,25000000.000
3495,2065,8.300781,25000000.000
3496,2073,12.207031,25000000.000
3497,2078,14.648438,25000000.000
3498,2081,16.113281,25000000.000
3499,2081,16.113281,25000000.000
3500,2082,16.601562,25000000.000
3501,2085,18.066406,25000000.000
3502,2083,17.089844,25000000.000
3503,2083,17.089844,25000000.000
3504,2079,15.136719,25000000.000
3505,2076,13.671875,25000000.000
3506,2071,11.230469,25000000.000
3507,2072,11.718750,25000000.000
3508,2063,7.324219,25000000.000
3509,2057,4.394531,25000000.000
3510,2050,0.976562,25000000.000
3511,2051,1.464844,25000000.000
3512,2039,-4.394531,25000000.000
3513,2035,-6.347656,25000000.000
3514,2029,-9.277344,25000000.000
3515,2029,-9.277344,25000000.000
3516,2019,-14.160156,25000000.000
3517,2016,-15.625000,25000000.000
3518,2012,-17.578125,25000000.000
3519,2011,-18.066406,25000000.000
3520,2007,-20.019531,25000000.000
3521,2008,-19.531250,25000000.000
3522,2008,-19.531250,25000000.000
3523,2008,-19.531250,25000000.000
3524,2011,-18.066406,25000000.000
3525,2013,-17.089844,25000000.000
3526,2018,-14.648438,25000000.000
3527,2018,-14.648438,25000000.000
3528,2027,-10.253906,25000000.000
3529,2032,-7.812500,25000000.000
3530,2039,-4.394531,25000000.000
3531,2038,-4.882812,25000000.000
3532,2050,0.976562,25000000.000
3533,2056,3.906250,25000000.000
3534,2062,6.835938,25000000.000
3535,2063,7.324219,25000000.000
3536,2072,11.718750,25000000.000
3537,2076,13.671875,25000000.000
3538,2080,15.625000,25000000.000
3539,2081,16.113281,25000000.000
3540,2084,17.578125,25000000.000
3541,2085,18.066406,25000000.000
3542,2085,18.066406,25000000.000
3543,2085,18.066406,25000000.000
3544,2083,17.089844,25000000.000
3545,2080,15.625000,25000000.000
3546,2077,14.160156,25000000.000
3547,2076,13.671875,25000000.000
3548,2068,9.765625,25000000.000
3549,2063,7.324219,25000000.000
3550,2057,4.394531,25000000.000
3551,2056,3.906250,25000000.000
3552,2046,-0.976562,25000000.000
3553,2040,-3.906250,25000000.000
3554,2034,-6.835938,25000000.000
3555,2034,-6.835938,25000000.000
3556,2023,-12.207031,25000000.000
3557,2018,-14.648438,25000000.000
3558,2015,-16.113281,25000000.000
3559,2014,-16.601562,25000000.000
3560,2008,-19.531250,25000000.000
3561,2007,-20.019531,25000000.000
3562,2008,-19.531250,25000000.000
3563,2007,-20.019531,25000000.000
3564,2008,-19.531250,25000000.000
3565,2012,-17.578125,25000000.000
3566,2013,-17.089844,25000000.000
3567,2014,-16.601562,25000000.000
3568,2021,-13.183594,25000000.000
3569,2026,-10.742188,25000000.000
3570,2032,-7.812500,25000000.000
3571,2033,-7.324219,25000000.000
3572,2044,-1.953125,25000000.000
3573,2049,0.488281,25000000.000
3574,2055,3.417969,25000000.000
3575,2056,3.906250,25000000.000
3576,2066,8.789062,25000000.000
3577,2072,11.718750,25000000.000
3578,2076,13.671875,25000000.000
3579,2076,13.671875,25000000.000
3580,2082,16.601562,25000000.000
3581,2084,17.578125,25000000.000
3582,2092,21.484375,25000000.000
3583,2083,17.089844,25000000.000
3584,2081,16.113281,25000000.000
3585,2083,17.089844,25000000.000
3586,2080,15.625000,25000000.000
3587,2080,15.625000,25000000.000
3588,2072,11.718750,25000000.000
3589,2066,8.789062,25000000.000
3590,2062,6.835938,25000000.000
3591,2061,6.347656,25000000.000
3592,2049,0.488281,25000000.000
3593,2044,-1.953125,25000000.000
3594,2037,-5.371094,25000000.000
3595,2037,-5.371094,25000000.000
3596,2026,-10.742188,25000000.000
3597,2022,-12.695312,25000000.000
3598,2017,-15.136719,25000000.000
3599,2017,-15.136719,25000000.000
3600,2010,-18.554688,25000000.000
3601,2008,-19.531250,25000000.000
3602,2006,-20.507812,25000000.000
3603,2006,-20.507812,25000000.000
3604,2007,-20.019531,25000000.000
3605,2008,-19.531250,25000000.000
3606,2011,-18.066406,25000000.000
3607,2011,-18.066406,25000000.000
3608,2018,-14.648438,25000000.000
3609,2022,-12.695312,25000000.000
3610,2027,-10.253906,25000000.000
3611,2028,-9.765625,25000000.000
3612,2040,-3.906250,25000000.000
3613,2046,-0.976562,25000000.000
3614,2052,1.953125,25000000.000
3615,2052,1.953125,25000000.000
3616,2063,7.324219,25000000.000
3617,2070,10.742188,25000000.000
3618,2074,12.695312,25000000.000
3619,2073,12.207031,25000000.000
3620,2080,15.625000,25000000.000
3621,2085,18.066406,25000000.000
3622,2086,18.554688,25000000.000
3623,2084,17.578125,25000000.000
3624,2086,18.554688,25000000.000
3625,2085,18.066406,25000000.000
3626,2082,16.601562,25000000.000
3627,2082,16.601562,25000000.000
3628,2075,13.183594,25000000.000
3629,2070,10.742188,25000000.000
3630,2065,8.300781,25000000.000
3631,2065,8.300781,25000000.000
3632,2054,2.929688,25000000.000
3633,2050,0.976562,25000000.000
3634,2043,-2.441406,25000000.000
3635,2042,-2.929688,25000000.000
3636,2030,-8.789062,25000000.000
3637,2026,-10.742188,25000000.000
3638,2019,-14.160156,25000000.000
3639,2020,-13.671875,25000000.000
3640,2011,-18.066406,25000000.000
3641,2008,-19.531250,25000000.000
3642,2007,-20.019531,25000000.000
3643,2007,-20.019531,25000000.000
3644,2006,-20.507812,25000000.000
3645,2006,-20.507812,25000000.000
3646,2008,-19.531250,25000000.000
3647,2008,-19.531250,25000000.000
3648,2014,-16.601562,25000000.000
3649,2019,-14.160156,25000000.000
3650,2024,-11.718750,25000000.000
3651,2023,-12.207031,25000000.000
3652,2034,-6.835938,25000000.000
3653,2039,-4.394531,25000000.000
3654,2045,-1.464844,25000000.000
3655,2047,-0.488281,25000000.000
3656,2059,5.371094,25000000.000
3657,2064,7.812500,25000000.000
3658,2069,10.253906,25000000.000
3659,2069,10.253906,25000000.000
3660,2076,13.671875,25000000.000
3661,2080,15.625000,25000000.000
3662,2083,17.089844,25000000.000
3663,2083,17.089844,25000000.000
3664,2086,18.554688,25000000.000
3665,2085,18.066406,25000000.000
3666,2083,17.089844,25000000.000
3667,2082,16.601562,25000000.000
3668,2079,15.136719,25000000.000
3669,2075,13.183594,25000000.000
3670,2071,11.230469,25000000.000
3671,2070,10.742188,25000000.000
3672,2060,5.859375,25000000.000
3673,2054,2.929688,25000000.000
3674,2047,-0.488281,25000000.000
3675,2048,0.000000,25000000.000
3676,2034,-6.835938,25000000.000
3677,2030,-8.789062,25000000.000
3678,2024,-11.718750,25000000.000
3679,2024,-11.718750,25000000.000
3680,2016,-15.625000,25000000.000
3681,2011,-18.066406,25000000.000
3682,2009,-19.042969,25000000.000
3683,2008,-19.531250,25000000.000
3684,2005,-20.996094,25000000.000
3685,2005,-20.996094,25000000.000
3686,2006,-20.507812,25000000.000
3687,2006,-20.507812,25000000.000
3688,2010,-18.554688,25000000.000
3689,2013,-17.089844,25000000.000
3690,2018,-14.648438,25000000.000
3691,2018,-14.648438,25000000.000
3692,2028,-9.765625,25000000.000
3693,2033,-7.324219,25000000.000
3694,2040,-3.906250,25000000.000
3695,2040,-3.906250,25000000.000
3696,2052,1.953125,25000000.000
3697,2059,5.371094,25000000.000
3698,2065,8.300781,25000000.000
3699,2065,8.300781,25000000.000
3700,2075,13.183594,25000000.000
3701,2078,14.648438,25000000.000
3702,2081,16.113281,25000000.000
3703,2081,16.113281,25000000.000
3704,2084,17.578125,25000000.000
3705,2084,17.578125,25000000.000
3706,2084,17.578125,25000000.000
3707,2084,17.578125,25000000.000
3708,2080,15.625000,25000000.000
3709,2077,14.160156,25000000.000
3710,2073,12.207031,25000000.000
3711,2073,12.207031,25000000.000
3712,2064,7.812500,25000000.000
3713,2059,5.371094,25000000.000
3714,2052,1.953125,25000000.000
3715,2053,2.441406,25000000.000
3716,2041,-3.417969,25000000.000
3717,2036,-5.859375,25000000.000
3718,2031,-8.300781,25000000.000
3719,2030,-8.789062,25000000.000
3720,2021,-13.183594,25000000.000
3721,2016,-15.625000,25000000.000
3722,2013,-17.089844,25000000.000
3723,2012,-17.578125,25000000.000
3724,2007,-20.019531,25000000.000
3725,2007,-20.019531,25000000.000
3726,2007,-20.019531,25000000.000
3727,2007,-20.019531,25000000.000
3728,2011,-18.066406,25000000.000
3729,2014,-16.601562,25000000.000
3730,2017,-15.136719,25000000.000
3731,2017,-15.136719,25000000.000
3732,2026,-10.742188,25000000.000
3733,2031,-8.300781,25000000.000
3734,2036,-5.859375,25000000.000
3735,2038,-4.882812,25000000.000
3736,2048,0.000000,25000000.000
3737,2054,2.929688,25000000.000
3738,2061,6.347656,25000000.000
3739,2061,6.347656,25000000.000
3740,2071,11.230469,25000000.000
3741,2076,13.671875,25000000.000
3742,2079,15.136719,25000000.000
3743,2079,15.136719,25000000.000
3744,2085,18.066406,25000000.000
3745,2084,17.578125,25000000.000
3746,2085,18.066406,25000000.000
3747,2085,18.066406,25000000.000
3748,2082,16.601562,25000000.000
3749,2080,15.625000,25000000.000
3750,2076,13.671875,25000000.000
3751,2076,13.671875,25000000.000
3752,2068,9.765625,25000000.000
3753,2063,7.324219,25000000.000
3754,2057,4.394531,25000000.000
3755,2057,4.394531,25000000.000
3756,2046,-0.976562,25000000.000
3757,2040,-3.906250,25000000.000
3758,2034,-6.835938,25000000.000
3759,2034,-6.835938,25000000.000
3760,2024,-11.718750,25000000.000
3761,2019,-14.160156,25000000.000
3762,2016,-15.625000,25000000.000
3763,2014,-16.601562,25000000.000
3764,2010,-18.554688,25000000.000
3765,2008,-19.531250,25000000.000
3766,2007,-20.019531,25000000.000
3767,2008,-19.531250,25000000.000
3768,2009,-19.042969,25000000.000
3769,2012,-17.578125,25000000.000
3770,2014,-16.601562,25000000.000
3771,2014,-16.601562,25000000.000
3772,2022,-12.695312,25000000.000
3773,2027,-10.253906,25000000.000
3774,2032,-7.812500,25000000.000
3775,2034,-6.835938,25000000.000
3776,2045,-1.464844,25000000.000
3777,2051,1.464844,25000000.000
3778,2055,3.417969,25000000.000
3779,2057,4.394531,25000000.000
3780,2066,8.789062,25000000.000
3781,2071,11.230469,25000000.000
3782,2075,13.183594,25000000.000
3783,2075,13.183594,25000000.000
3784,2081,16.113281,25000000.000
3785,2083,17.089844,25000000.000
3786,2084,17.578125,25000000.000
3787,2084,17.578125,25000000.000
3788,2083,17.089844,25000000.000
3789,2080,15.625000,25000000.000
3790,2078,14.648438,25000000.000
3791,2078,14.648438,25000000.000
3792,2070,10.742188,25000000.000
3793,2066,8.789062,25000000.000
3794,2060,5.859375,25000000.000
3795,2060,5.859375,25000000.000
3796,2050,0.976562,25000000.000
3797,2044,-1.953125,25000000.000
3798,2038,-4.882812,25000000.000
3799,2038,-4.882812,25000000.000
3800,2028,-9.765625,25000000.000
3801,2022,-12.695312,25000000.000
3802,2019,-14.160156,25000000.000
3803,2018,-14.648438,25000000.000
3804,2011,-18.066406,25000000.000
3805,2010,-18.554688,25000000.000
3806,2008,-19.531250,25000000.000
3807,2008,-19.531250,25000000.000
3808,2009,-19.042969,25000000.000
3809,2010,-18.554688,25000000.000
3810,2012,-17.578125,25000000.000
3811,2012,-17.578125,25000000.000
3812,2020,-13.671875,25000000.000
3813,2023,-12.207031,25000000.000
3814,2029,-9.277344,25000000.000
3815,2030,-8.789062,25000000.000
3816,2039,-4.394531,25000000.000
3817,2046,-0.976562,25000000.000
3818,2052,1.953125,25000000.000
3819,2052,1.953125,25000000.000
3820,2062,6.835938,25000000.000
3821,2068,9.765625,25000000.000
3822,2074,12.695312,25000000.000
3823,2073,12.207031,25000000.000
3824,2080,15.625000,25000000.000
3825,2082,16.601562,25000000.000
3826,2083,17.089844,25000000.000
3827,2083,17.089844,25000000.000
3828,2084,17.578125,25000000.000
3829,2082,16.601562,25000000.000
3830,2079,15.136719,25000000.000
3831,2079,15.136719,25000000.000
3832,2073,12.207031,25000000.000
3833,2068,9.765625,25000000.000
3834,2063,7.324219,25000000.000
3835,2064,7.812500,25000000.000
3836,2053,2.441406,25000000.000
3837,2047,-0.488281,25000000.000
3838,2041,-3.417969,25000000.000
3839,2041,-3.417969,25000000.000
3840,2031,-8.300781,25000000.000
3841,2026,-10.742188,25000000.000
3842,2021,-13.183594,25000000.000
3843,2020,-13.671875,25000000.000
3844,2013,-17.089844,25000000.000
3845,2010,-18.554688,25000000.000
3846,2008,-19.531250,25000000.000
3847,2008,-19.531250,25000000.000
3848,2007,-20.019531,25000000.000
3849,2008,-19.531250,25000000.000
3850,2009,-19.042969,25000000.000
3851,2010,-18.554688,25000000.000
3852,2016,-15.625000,25000000.000
3853,2019,-14.160156,25000000.000
3854,2023,-12.207031,25000000.000
3855,2025,-11.230469,25000000.000
3856,2034,-6.835938,25000000.000
3857,2040,-3.906250,25000000.000
3858,2047,-0.488281,25000000.000
3859,2047,-0.488281,25000000.000
3860,2058,4.882812,25000000.000
3861,2064,7.812500,25000000.000
3862,2068,9.765625,25000000.000
3863,2069,10.253906,25000000.000
3864,2076,13.671875,25000000.000
3865,2080,15.625000,25000000.000
3866,2082,16.601562,25000000.000
3867,2083,17.089844,25000000.000
3868,2085,18.066406,25000000.000
3869,2084,17.578125,25000000.000
3870,2082,16.601562,25000000.000
3871,2082,16.601562,25000000.000
3872,2077,14.160156,25000000.000
3873,2074,12.695312,25000000.000
3874,2069,10.253906,25000000.000
3875,2068,9.765625,25000000.000
3876,2059,5.371094,25000000.000
3877,2053,2.441406,25000000.000
3878,2048,0.000000,25000000.000
3879,2048,0.000000,25000000.000
3880,2035,-6.347656,25000000.000
3881,2031,-8.300781,25000000.000
3882,2026,-10.742188,25000000.000
3883,2025,-11.230469,25000000.000
3884,2016,-15.625000,25000000.000
3885,2013,-17.089844,25000000.000
3886,2010,-18.554688,25000000.000
3887,2009,-19.042969,25000000.000
3888,2006,-20.507812,25000000.000
3889,2008,-19.531250,25000000.000
3890,2008,-19.531250,25000000.000
3891,2008,-19.531250,25000000.000
3892,2013,-17.089844,25000000.000
3893,2015,-16.113281,25000000.000
3894,2020,-13.671875,25000000.000
3895,2020,-13.671875,25000000.000
3896,2029,-9.277344,25000000.000
3897,2035,-6.347656,25000000.000
3898,2041,-3.417969,25000000.000
3899,2041,-3.417969,25000000.000
3900,2053,2.441406,25000000.000
3901,2059,5.371094,25000000.000
3902,2065,8.300781,25000000.000
3903,2065,8.300781,25000000.000
3904,2073,12.207031,25000000.000
3905,2078,14.648438,25000000.000
3906,2081,16.113281,25000000.000
3907,2082,16.601562,25000000.000
3908,2084,17.578125,25000000.000
3909,2084,17.578125,25000000.000
3910,2083,17.089844,25000000.000
3911,2084,17.578125,25000000.000
3912,2079,15.136719,25000000.000
3913,2076,13.671875,25000000.000
3914,2074,12.695312,25000000.000
3915,2074,12.695312,25000000.000
3916,2063,7.324219,25000000.000
3917,2058,4.882812,25000000.000
3918,2053,2.441406,25000000.000
3919,2052,1.953125,25000000.000
3920,2041,-3.417969,25000000.000
3921,2035,-6.347656,25000000.000
3922,2030,-8.789062,25000000.000
3923,2029,-9.277344,25000000.000
3924,2021,-13.183594,25000000.000
3925,2016,-15.625000,25000000.000
3926,2013,-17.089844,25000000.000
3927,2013,-17.089844,25000000.000
3928,2008,-19.531250,25000000.000
3929,2007,-20.019531,25000000.000
3930,2012,-17.578125,25000000.000
3931,2006,-20.507812,25000000.000
3932,2005,-20.996094,25000000.000
3933,2012,-17.578125,25000000.000
3934,2017,-15.136719,25000000.000
3935,2017,-15.136719,25000000.000
3936,2024,-11.718750,25000000.000
3937,2032,-7.812500,25000000.000
3938,2035,-6.347656,25000000.000
3939,2035,-6.347656,25000000.000
3940,2048,0.000000,25000000.000
3941,2053,2.441406,25000000.000
3942,2059,5.371094,25000000.000
3943,2059,5.371094,25000000.000
3944,2068,9.765625,25000000.000
3945,2073,12.207031,25000000.000
3946,2077,14.160156,25000000.000
3947,2077,14.160156,25000000.000
3948,2081,16.113281,25000000.000
3949,2083,17.089844,25000000.000
3950,2082,16.601562,25000000.000
3951,2083,17.089844,25000000.000
3952,2081,16.113281,25000000.000
3953,2080,15.625000,25000000.000
3954,2075,13.183594,25000000.000
3955,2076,13.671875,25000000.000
3956,2069,10.253906,25000000.000
3957,2063,7.324219,25000000.000
3958,2057,4.394531,25000000.000
3959,2056,3.906250,25000000.000
3960,2047,-0.488281,25000000.000
3961,2041,-3.417969,25000000.000
3962,2035,-6.347656,25000000.000
3963,2034,-6.835938,25000000.000
3964,2026,-10.742188,25000000.000
3965,2021,-13.183594,25000000.000
3966,2016,-15.625000,25000000.000
3967,2016,-15.625000,25000000.000
3968,2011,-18.066406,25000000.000
3969,2010,-18.554688,25000000.000
3970,2008,-19.531250,25000000.000
3971,2008,-19.531250,25000000.000
3972,2009,-19.042969,25000000.000
3973,2010,-18.554688,25000000.000
3974,2014,-16.601562,25000000.000
3975,2014,-16.601562,25000000.000
3976,2021,-13.183594,25000000.000
3977,2026,-10.742188,25000000.000
3978,2030,-8.789062,25000000.000
3979,2031,-8.300781,25000000.000
3980,2041,-3.417969,25000000.000
3981,2049,0.488281,25000000.000
3982,2052,1.953125,25000000.000
3983,2058,4.882812,25000000.000
3984,2067,9.277344,25000000.000
3985,2071,11.230469,25000000.000
3986,2075,13.183594,25000000.000
3987,2077,14.160156,25000000.000
3988,2082,16.601562,25000000.000
3989,2084,17.578125,25000000.000
3990,2085,18.066406,25000000.000
3991,2085,18.066406,25000000.000
3992,2084,17.578125,25000000.000
3993,2083,17.089844,25000000.000
3994,2081,16.113281,25000000.000
3995,2080,15.625000,25000000.000
3996,2074,12.695312,25000000.000
3997,2069,10.253906,25000000.000
3998,2063,7.324219,25000000.000
3999,2063,7.324219,25000000.000
4000,2052,1.953125,25000000.000
4001,2046,-0.976562,25000000.000
4002,2041,-3.417969,25000000.000
4003,2041,-3.417969,25000000.000
4004,2029,-9.277344,25000000.000
4005,2024,-11.718750,25000000.000
4006,2019,-14.160156,25000000.000
4007,2019,-14.160156,25000000.000
4008,2014,-16.601562,25000000.000
4009,2010,-18.554688,25000000.000
4010,2008,-19.531250,25000000.000
4011,2009,-19.042969,25000000.000
4012,2008,-19.531250,25000000.000
4013,2007,-20.019531,25000000.000
4014,2011,-18.066406,25000000.000
4015,2011,-18.066406,25000000.000
4016,2016,-15.625000,25000000.000
4017,2022,-12.695312,25000000.000
4018,2026,-10.742188,25000000.000
4019,2026,-10.742188,25000000.000
4020,2036,-5.859375,25000000.000
4021,2042,-2.929688,25000000.000
4022,2048,0.000000,25000000.000
4023,2049,0.488281,25000000.000
4024,2060,5.859375,25000000.000
4025,2066,8.789062,25000000.000
4026,2070,10.742188,25000000.000
4027,2070,10.742188,25000000.000
4028,2079,15.136719,25000000.000
4029,2081,16.113281,25000000.000
4030,2083,17.089844,25000000.000
4031,2083,17.089844,25000000.000
4032,2084,17.578125,25000000.000
4033,2083,17.089844,25000000.000
4034,2081,16.113281,25000000.000
4035,2082,16.601562,25000000.000
4036,2076,13.671875,25000000.000
4037,2072,11.718750,25000000.000
4038,2068,9.765625,25000000.000
4039,2066,8.789062,25000000.000
4040,2057,4.394531,25000000.000
4041,2052,1.953125,25000000.000
4042,2046,-0.976562,25000000.000
4043,2044,-1.953125,25000000.000
4044,2042,-2.929688,25000000.000
4045,2029,-9.277344,25000000.000
4046,2024,-11.718750,25000000.000
4047,2023,-12.207031,25000000.000
4048,2016,-15.625000,25000000.000
4049,2013,-17.089844,25000000.000
4050,2007,-20.019531,25000000.000
4051,2007,-20.019531,25000000.000
4052,2007,-20.019531,25000000.000
4053,2005,-20.996094,25000000.000
4054,2007,-20.019531,25000000.000
4055,2008,-19.531250,25000000.000
4056,2013,-17.089844,25000000.000
4057,2017,-15.136719,25000000.000
4058,2021,-13.183594,25000000.000
4059,2021,-13.183594,25000000.000
4060,2031,-8.300781,25000000.000
4061,2038,-4.882812,25000000.000
4062,2044,-1.953125,25000000.000
4063,2044,-1.953125,25000000.000
4064,2055,3.417969,25000000.000
4065,2061,6.347656,25000000.000
4066,2067,9.277344,25000000.000
4067,2067,9.277344,25000000.000
4068,2075,13.183594,25000000.000
4069,2080,15.625000,25000000.000
4070,2081,16.113281,25000000.000
4071,2081,16.113281,25000000.000
4072,2083,17.089844,25000000.000
4073,2083,17.089844,25000000.000
4074,2082,16.601562,25000000.000
4075,2082,16.601562,25000000.000
4076,2078,14.648438,25000000.000
4077,2074,12.695312,25000000.000
4078,2070,10.742188,25000000.000
4079,2070,10.742188,25000000.000
4080,2060,5.859375,25000000.000
4081,2055,3.417969,25000000.000
4082,2049,0.488281,25000000.000
4083,2046,-0.976562,25000000.000
4084,2037,-5.371094,25000000.000
4085,2032,-7.812500,25000000.000
4086,2027,-10.253906,25000000.000
4087,2026,-10.742188,25000000.000
4088,2018,-14.648438,25000000.000
4089,2014,-16.601562,25000000.000
4090,2010,-18.554688,25000000.000
4091,2010,-18.554688,25000000.000
4092,2006,-20.507812,25000000.000
4093,2007,-20.019531,25000000.000
4094,2009,-19.042969,25000000.000
4095,2006,-20.507812,25000000.000
4096,2011,-18.066406,25000000.000
4097,2013,-17.089844,25000000.000
4098,2016,-15.625000,25000000.000
4099,2018,-14.648438,25000000.000
4100,2027,-10.253906,25000000.000
4101,2032,-7.812500,25000000.000
4102,2038,-4.882812,25000000.000
4103,2038,-4.882812,25000000.000
4104,2050,0.976562,25000000.000
4105,2056,3.906250,25000000.000
4106,2062,6.835938,25000000.000
4107,2063,7.324219,25000000.000
4108,2072,11.718750,25000000.000
4109,2076,13.671875,25000000.000
4110,2078,14.648438,25000000.000
4111,2079,15.136719,25000000.000
4112,2084,17.578125,25000000.000
4113,2085,18.066406,25000000.000
4114,2084,17.578125,25000000.000
4115,2083,17.089844,25000000.000
4116,2081,16.113281,25000000.000
4117,2079,15.136719,25000000.000
4118,2075,13.183594,25000000.000
4119,2074,12.695312,25000000.000
4120,2066,8.789062,25000000.000
4121,2060,5.859375,25000000.000
4122,2055,3.417969,25000000.000
4123,2055,3.417969,25000000.000
4124,2044,-1.953125,25000000.000
4125,2037,-5.371094,25000000.000
4126,2032,-7.812500,25000000.000
4127,2032,-7.812500,25000000.000
4128,2022,-12.695312,25000000.000
4129,2018,-14.648438,25000000.000
4130,2015,-16.113281,25000000.000
4131,2013,-17.089844,25000000.000
4132,2009,-19.042969,25000000.000
4133,2008,-19.531250,25000000.000
4134,2008,-19.531250,25000000.000
4135,2008,-19.531250,25000000.000
4136,2010,-18.554688,25000000.000
4137,2013,-17.089844,25000000.000
4138,2016,-15.625000,25000000.000
4139,2016,-15.625000,25000000.000
4140,2024,-11.718750,25000000.000
4141,2029,-9.277344,25000000.000
4142,2036,-5.859375,25000000.000
4143,2036,-5.859375,25000000.000
4144,2047,-0.488281,25000000.000
4145,2052,1.953125,25000000.000
4146,2057,4.394531,25000000.000
4147,2059,5.371094,25000000.000
4148,2069,10.253906,25000000.000
4149,2073,12.207031,25000000.000
4150,2076,13.671875,25000000.000
4151,2077,14.160156,25000000.000
4152,2082,16.601562,25000000.000
4153,2083,17.089844,25000000.000
4154,2085,18.066406,25000000.000
4155,2085,18.066406,25000000.000
4156,2082,16.601562,25000000.000
4157,2081,16.113281,25000000.000
4158,2077,14.160156,25000000.000
4159,2077,14.160156,25000000.000
4160,2070,10.742188,25000000.000
4161,2064,7.812500,25000000.000
4162,2060,5.859375,25000000.000
4163,2058,4.882812,25000000.000
4164,2048,0.000000,25000000.000
4165,2044,-1.953125,25000000.000
4166,2038,-4.882812,25000000.000
4167,2037,-5.371094,25000000.000
4168,2026,-10.742188,25000000.000
4169,2021,-13.183594,25000000.000
4170,2018,-14.648438,25000000.000
4171,2017,-15.136719,25000000.000
4172,2011,-18.066406,25000000.000
4173,2010,-18.554688,25000000.000
4174,2008,-19.531250,25000000.000
4175,2008,-19.531250,25000000.000
4176,2009,-19.042969,25000000.000
4177,2010,-18.554688,25000000.000
4178,2012,-17.578125,25000000.000
4179,2013,-17.089844,25000000.000
4180,2019,-14.160156,25000000.000
4181,2023,-12.207031,25000000.000
4182,2029,-9.277344,25000000.000
4183,2029,-9.277344,25000000.000
4184,2042,-2.929688,25000000.000
4185,2047,-0.488281,25000000.000
4186,2052,1.953125,25000000.000
4187,2054,2.929688,25000000.000
4188,2064,7.812500,25000000.000
4189,2068,9.765625,25000000.000
4190,2073,12.207031,25000000.000
4191,2073,12.207031,25000000.000
4192,2080,15.625000,25000000.000
4193,2082,16.601562,25000000.000
4194,2083,17.089844,25000000.000
4195,2083,17.089844,25000000.000
4196,2083,17.089844,25000000.000
4197,2083,17.089844,25000000.000
4198,2080,15.625000,25000000.000
4199,2081,16.113281,25000000.000
4200,2073,12.207031,25000000.000
4201,2069,10.253906,25000000.000
4202,2065,8.300781,25000000.000
4203,2064,7.812500,25000000.000
4204,2053,2.441406,25000000.000
4205,2048,0.000000,25000000.000
4206,2043,-2.441406,25000000.000
4207,2041,-3.417969,25000000.000
4208,2031,-8.300781,25000000.000
4209,2026,-10.742188,25000000.000
4210,2021,-13.183594,25000000.000
4211,2021,-13.183594,25000000.000
4212,2014,-16.601562,25000000.000
4213,2011,-18.066406,25000000.000
4214,2010,-18.554688,25000000.000
4215,2010,-18.554688,25000000.000
4216,2008,-19.531250,25000000.000
4217,2009,-19.042969,25000000.000
4218,2011,-18.066406,25000000.000
4219,2011,-18.066406,25000000.000
4220,2017,-15.136719,25000000.000
4221,2021,-13.183594,25000000.000
4222,2025,-11.230469,25000000.000
4223,2025,-11.230469,25000000.000
4224,2036,-5.859375,25000000.000
4225,2042,-2.929688,25000000.000
4226,2048,0.000000,25000000.000
4227,2048,0.000000,25000000.000
4228,2058,4.882812,25000000.000
4229,2063,7.324219,25000000.000
4230,2069,10.253906,25000000.000
4231,2069,10.253906,25000000.000
4232,2078,14.648438,25000000.000
4233,2079,15.136719,25000000.000
4234,2081,16.113281,25000000.000
4235,2082,16.601562,25000000.000
4236,2083,17.089844,25000000.000
4237,2083,17.089844,25000000.000
4238,2080,15.625000,25000000.000
4239,2081,16.113281,25000000.000
4240,2076,13.671875,25000000.000
4241,2071,11.230469,25000000.000
4242,2067,9.277344,25000000.000
4243,2064,7.812500,25000000.000
4244,2057,4.394531,25000000.000
4245,2051,1.464844,25000000.000
4246,2045,-1.464844,25000000.000
4247,2044,-1.953125,25000000.000
4248,2034,-6.835938,25000000.000
4249,2029,-9.277344,25000000.000
4250,2024,-11.718750,25000000.000
4251,2023,-12.207031,25000000.000
4252,2016,-15.625000,25000000.000
4253,2012,-17.578125,25000000.000
4254,2010,-18.554688,25000000.000
4255,2009,-19.042969,25000000.000
4256,2007,-20.019531,25000000.000
4257,2008,-19.531250,25000000.000
4258,2009,-19.042969,25000000.000
4259,2009,-19.042969,25000000.000
4260,2014,-16.601562,25000000.000
4261,2017,-15.136719,25000000.000
4262,2022,-12.695312,25000000.000
4263,2021,-13.183594,25000000.000
4264,2032,-7.812500,25000000.000
4265,2038,-4.882812,25000000.000
4266,2043,-2.441406,25000000.000
4267,2043,-2.441406,25000000.000
4268,2056,3.906250,25000000.000
4269,2060,5.859375,25000000.000
4270,2067,9.277344,25000000.000
4271,2066,8.789062,25000000.000
4272,2075,13.183594,25000000.000
4273,2080,15.625000,25000000.000
4274,2081,16.113281,25000000.000
4275,2081,16.113281,25000000.000
4276,2084,17.578125,25000000.000
4277,2086,18.554688,25000000.000
4278,2082,16.601562,25000000.000
4279,2084,17.578125,25000000.000
4280,2084,17.578125,25000000.000
4281,2074,12.695312,25000000.000
4282,2072,11.718750,25000000.000
4283,2072,11.718750,25000000.000
4284,2062,6.835938,25000000.000
4285,2057,4.394531,25000000.000
4286,2051,1.464844,25000000.000
4287,2051,1.464844,25000000.000
4288,2040,-3.906250,25000000.000
4289,2033,-7.324219,25000000.000
4290,2027,-10.253906,25000000.000
4291,2028,-9.765625,25000000.000
4292,2018,-14.648438,25000000.000
4293,2014,-16.601562,25000000.000
4294,2012,-17.578125,25000000.000
4295,2010,-18.554688,25000000.000
4296,2006,-20.507812,25000000.000
4297,2007,-20.019531,25000000.000
4298,2006,-20.507812,25000000.000
4299,2006,-20.507812,25000000.000
4300,2010,-18.554688,25000000.000
4301,2013,-17.089844,25000000.000
4302,2017,-15.136719,25000000.000
4303,2017,-15.136719,25000000.000
4304,2025,-11.230469,25000000.000
4305,2031,-8.300781,25000000.000
4306,2037,-5.371094,25000000.000
4307,2038,-4.882812,25000000.000
4308,2049,0.488281,25000000.000
4309,2055,3.417969,25000000.000
4310,2061,6.347656,25000000.000
4311,2062,6.835938,25000000.000
4312,2071,11.230469,25000000.000
4313,2076,13.671875,25000000.000
4314,2079,15.136719,25000000.000
4315,2079,15.136719,25000000.000
4316,2083,17.089844,25000000.000
4317,2084,17.578125,25000000.000
4318,2085,18.066406,25000000.000
4319,2083,17.089844,25000000.000
4320,2082,16.601562,25000000.000
4321,2079,15.136719,25000000.000
4322,2076,13.671875,25000000.000
4323,2075,13.183594,25000000.000
4324,2067,9.277344,25000000.000
4325,2063,7.324219,25000000.000
4326,2057,4.394531,25000000.000
4327,2055,3.417969,25000000.000
4328,2044,-1.953125,25000000.000
4329,2037,-5.371094,25000000.000
4330,2033,-7.324219,25000000.000
4331,2032,-7.812500,25000000.000
4332,2024,-11.718750,25000000.000
4333,2018,-14.648438,25000000.000
4334,2015,-16.113281,25000000.000
4335,2015,-16.113281,25000000.000
4336,2010,-18.554688,25000000.000
4337,2009,-19.042969,25000000.000
4338,2008,-19.531250,25000000.000
4339,2007,-20.019531,25000000.000
4340,2009,-19.042969,25000000.000
4341,2011,-18.066406,25000000.000
4342,2014,-16.601562,25000000.000
4343,2014,-16.601562,25000000.000
4344,2022,-12.695312,25000000.000
4345,2027,-10.253906,25000000.000
4346,2032,-7.812500,25000000.000
4347,2033,-7.324219,25000000.000
4348,2043,-2.441406,25000000.000
4349,2049,0.488281,25000000.000
4350,2055,3.417969,25000000.000
4351,2055,3.417969,25000000.000
4352,2067,9.277344,25000000.000
4353,2070,10.742188,25000000.000
4354,2074,12.695312,25000000.000
4355,2076,13.671875,25000000.000
4356,2080,15.625000,25000000.000
4357,2083,17.089844,25000000.000
4358,2083,17.089844,25000000.000
4359,2083,17.089844,25000000.000
4360,2083,17.089844,25000000.000
4361,2081,16.113281,25000000.000
4362,2079,15.136719,25000000.000
4363,2077,14.160156,25000000.000
4364,2071,11.230469,25000000.000
4365,2067,9.277344,25000000.000
4366,2062,6.835938,25000000.000
4367,2060,5.859375,25000000.000
4368,2051,1.464844,25000000.000
4369,2045,-1.464844,25000000.000
4370,2039,-4.394531,25000000.000
4371,2039,-4.394531,25000000.000
4372,2030,-8.789062,25000000.000
4373,2024,-11.718750,25000000.000
4374,2019,-14.160156,25000000.000
4375,2019,-14.160156,25000000.000
4376,2013,-17.089844,25000000.000
4377,2010,-18.554688,25000000.000
4378,2009,-19.042969,25000000.000
4379,2009,-19.042969,25000000.000
4380,2008,-19.531250,25000000.000
4381,2010,-18.554688,25000000.000
4382,2012,-17.578125,25000000.000
4383,2013,-17.089844,25000000.000
4384,2019,-14.160156,25000000.000
4385,2024,-11.718750,25000000.000
4386,2028,-9.765625,25000000.000
4387,2029,-9.277344,25000000.000
4388,2039,-4.394531,25000000.000
4389,2046,-0.976562,25000000.000
4390,2051,1.464844,25000000.000
4391,2051,1.464844,25000000.000
4392,2063,7.324219,25000000.000
4393,2068,9.765625,25000000.000
4394,2072,11.718750,25000000.000
4395,2072,11.718750,25000000.000
4396,2079,15.136719,25000000.000
4397,2082,16.601562,25000000.000
4398,2083,17.089844,25000000.000
4399,2083,17.089844,25000000.000
4400,2084,17.578125,25000000.000
4401,2082,16.601562,25000000.000
4402,2080,15.625000,25000000.000
4403,2080,15.625000,25000000.000
4404,2073,12.207031,25000000.000
4405,2071,11.230469,25000000.000
4406,2065,8.300781,25000000.000
4407,2065,8.300781,25000000.000
4408,2055,3.417969,25000000.000
4409,2048,0.000000,25000000.000
4410,2043,-2.441406,25000000.000
4411,2042,-2.929688,25000000.000
4412,2032,-7.812500,25000000.000
4413,2028,-9.765625,25000000.000
4414,2022,-12.695312,25000000.000
4415,2022,-12.695312,25000000.000
4416,2014,-16.601562,25000000.000
4417,2011,-18.066406,25000000.000
4418,2010,-18.554688,25000000.000
4419,2009,-19.042969,25000000.000
4420,2009,-19.042969,25000000.000
4421,2008,-19.531250,25000000.000
4422,2011,-18.066406,25000000.000
4423,2010,-18.554688,25000000.000
4424,2016,-15.625000,25000000.000
4425,2019,-14.160156,25000000.000
4426,2023,-12.207031,25000000.000
4427,2023,-12.207031,25000000.000
4428,2034,-6.835938,25000000.000
4429,2040,-3.906250,25000000.000
4430,2045,-1.464844,25000000.000
4431,2046,-0.976562,25000000.000
4432,2057,4.394531,25000000.000
4433,2062,6.835938,25000000.000
4434,2067,9.277344,25000000.000
4435,2068,9.765625,25000000.000
4436,2076,13.671875,25000000.000
4437,2079,15.136719,25000000.000
4438,2081,16.113281,25000000.000
4439,2081,16.113281,25000000.000
4440,2083,17.089844,25000000.000
4441,2082,16.601562,25000000.000
4442,2083,17.089844,25000000.000
4443,2081,16.113281,25000000.000
4444,2076,13.671875,25000000.000
4445,2075,13.183594,25000000.000
4446,2070,10.742188,25000000.000
4447,2069,10.253906,25000000.000
4448,2060,5.859375,25000000.000
4449,2054,2.929688,25000000.000
4450,2049,0.488281,25000000.000
4451,2048,0.000000,25000000.000
4452,2038,-4.882812,25000000.000
4453,2032,-7.812500,25000000.000
4454,2026,-10.742188,25000000.000
4455,2027,-10.253906,25000000.000
4456,2018,-14.648438,25000000.000
4457,2015,-16.113281,25000000.000
4458,2011,-18.066406,25000000.000
4459,2011,-18.066406,25000000.000
4460,2009,-19.042969,25000000.000
4461,2008,-19.531250,25000000.000
4462,2010,-18.554688,25000000.000
4463,2009,-19.042969,25000000.000
4464,2013,-17.089844,25000000.000
4465,2016,-15.625000,25000000.000
4466,2018,-14.648438,25000000.000
4467,2021,-13.183594,25000000.000
4468,2029,-9.277344,25000000.000
4469,2035,-6.347656,25000000.000
4470,2040,-3.906250,25000000.000
4471,2040,-3.906250,25000000.000
4472,2051,1.464844,25000000.000
4473,2057,4.394531,25000000.000
4474,2063,7.324219,25000000.000
4475,2063,7.324219,25000000.000
4476,2071,11.230469,25000000.000
4477,2076,13.671875,25000000.000
4478,2079,15.136719,25000000.000
4479,2079,15.136719,25000000.000
4480,2082,16.601562,25000000.000
4481,2083,17.089844,25000000.000
4482,2082,16.601562,25000000.000
4483,2082,16.601562,25000000.000
4484,2080,15.625000,25000000.000
4485,2078,14.648438,25000000.000
4486,2073,12.207031,25000000.000
4487,2074,12.695312,25000000.000
4488,2063,7.324219,25000000.000
4489,2058,4.882812,25000000.000
4490,2053,2.441406,25000000.000
4491,2054,2.929688,25000000.000
4492,2043,-2.441406,25000000.000
4493,2036,-5.859375,25000000.000
4494,2030,-8.789062,25000000.000
4495,2030,-8.789062,25000000.000
4496,2022,-12.695312,25000000.000
4497,2016,-15.625000,25000000.000
4498,2012,-17.578125,25000000.000
4499,2013,-17.089844,25000000.000
4500,2009,-19.042969,25000000.000
4501,2008,-19.531250,25000000.000
4502,2008,-19.531250,25000000.000
4503,2008,-19.531250,25000000.000
4504,2010,-18.554688,25000000.000
4505,2012,-17.578125,25000000.000
4506,2016,-15.625000,25000000.000
4507,2016,-15.625000,25000000.000
4508,2024,-11.718750,25000000.000
4509,2030,-8.789062,25000000.000
4510,2035,-6.347656,25000000.000
4511,2036,-5.859375,25000000.000
4512,2046,-0.976562,25000000.000
4513,2054,2.929688,25000000.000
4514,2059,5.371094,25000000.000
4515,2059,5.371094,25000000.000
4516,2069,10.253906,25000000.000
4517,2074,12.695312,25000000.000
4518,2077,14.160156,25000000.000
4519,2077,14.160156,25000000.000
4520,2082,16.601562,25000000.000
4521,2084,17.578125,25000000.000
4522,2084,17.578125,25000000.000
4523,2084,17.578125,25000000.000
4524,2082,16.601562,25000000.000
4525,2079,15.136719,25000000.000
4526,2076,13.671875,25000000.000
4527,2076,13.671875,25000000.000
4528,2068,9.765625,25000000.000
4529,2063,7.324219,25000000.000
4530,2058,4.882812,25000000.000
4531,2058,4.882812,25000000.000
4532,2048,0.000000,25000000.000
4533,2042,-2.929688,25000000.000
4534,2036,-5.859375,25000000.000
4535,2036,-5.859375,25000000.000
4536,2025,-11.230469,25000000.000
4537,2021,-13.183594,25000000.000
4538,2017,-15.136719,25000000.000
4539,2017,-15.136719,25000000.000
4540,2011,-18.066406,25000000.000
4541,2010,-18.554688,25000000.000
4542,2009,-19.042969,25000000.000
4543,2009,-19.042969,25000000.000
4544,2011,-18.066406,25000000.000
4545,2012,-17.578125,25000000.000
4546,2014,-16.601562,25000000.000
4547,2015,-16.113281,25000000.000
4548,2022,-12.695312,25000000.000
4549,2027,-10.253906,25000000.000
4550,2032,-7.812500,25000000.000
4551,2032,-7.812500,25000000.000
4552,2042,-2.929688,25000000.000
4553,2048,0.000000,25000000.000
4554,2054,2.929688,25000000.000
4555,2054,2.929688,25000000.000
4556,2065,8.300781,25000000.000
4557,2069,10.253906,25000000.000
4558,2074,12.695312,25000000.000
4559,2074,12.695312,25000000.000
4560,2080,15.625000,25000000.000
4561,2082,16.601562,25000000.000
4562,2083,17.089844,25000000.000
4563,2082,16.601562,25000000.000
4564,2082,16.601562,25000000.000
4565,2082,16.601562,25000000.000
4566,2079,15.136719,25000000.000
4567,2079,15.136719,25000000.000
4568,2072,11.718750,25000000.000
4569,2068,9.765625,25000000.000
4570,2063,7.324219,25000000.000
4571,2063,7.324219,25000000.000
4572,2053,2.441406,25000000.000
4573,2047,-0.488281,25000000.000
4574,2041,-3.417969,25000000.000
4575,2040,-3.906250,25000000.000
4576,2029,-9.277344,25000000.000
4577,2026,-10.742188,25000000.000
4578,2021,-13.183594,25000000.000
4579,2021,-13.183594,25000000.000
4580,2014,-16.601562,25000000.000
4581,2011,-18.066406,25000000.000
4582,2010,-18.554688,25000000.000
4583,2009,-19.042969,25000000.000
4584,2009,-19.042969,25000000.000
4585,2010,-18.554688,25000000.000
4586,2011,-18.066406,25000000.000
4587,2011,-18.066406,25000000.000
4588,2017,-15.136719,25000000.000
4589,2022,-12.695312,25000000.000
4590,2027,-10.253906,25000000.000
4591,2026,-10.742188,25000000.000
4592,2037,-5.371094,25000000.000
4593,2043,-2.441406,25000000.000
4594,2048,0.000000,25000000.000
4595,2049,0.488281,25000000.000
4596,2060,5.859375,25000000.000
4597,2065,8.300781,25000000.000
4598,2069,10.253906,25000000.000
4599,2069,10.253906,25000000.000
4600,2078,14.648438,25000000.000
4601,2080,15.625000,25000000.000
4602,2082,16.601562,25000000.000
4603,2082,16.601562,25000000.000
4604,2084,17.578125,25000000.000
4605,2083,17.089844,25000000.000
4606,2080,15.625000,25000000.000
4607,2080,15.625000,25000000.000
4608,2075,13.183594,25000000.000
4609,2072,11.718750,25000000.000
4610,2066,8.789062,25000000.000
4611,2066,8.789062,25000000.000
4612,2056,3.906250,25000000.000
4613,2051,1.464844,25000000.000
4614,2045,-1.464844,25000000.000
4615,2046,-0.976562,25000000.000
4616,2035,-6.347656,25000000.000
4617,2029,-9.277344,25000000.000
4618,2023,-12.207031,25000000.000
4619,2024,-11.718750,25000000.000
4620,2017,-15.136719,25000000.000
4621,2013,-17.089844,25000000.000
4622,2012,-17.578125,25000000.000
4623,2012,-17.578125,25000000.000
4624,2008,-19.531250,25000000.000
4625,2009,-19.042969,25000000.000
4626,2010,-18.554688,25000000.000
4627,2011,-18.066406,25000000.000
4628,2020,-13.671875,25000000.000
4629,2017,-15.136719,25000000.000
4630,2021,-13.183594,25000000.000
4631,2025,-11.230469,25000000.000
4632,2033,-7.324219,25000000.000
4633,2037,-5.371094,25000000.000
4634,2042,-2.929688,25000000.000
4635,2044,-1.953125,25000000.000
4636,2054,2.929688,25000000.000
4637,2060,5.859375,25000000.000
4638,2065,8.300781,25000000.000
4639,2065,8.300781,25000000.000
4640,2074,12.695312,25000000.000
4641,2076,13.671875,25000000.000
4642,2079,15.136719,25000000.000
4643,2080,15.625000,25000000.000
4644,2082,16.601562,25000000.000
4645,2083,17.089844,25000000.000
4646,2082,16.601562,25000000.000
4647,2081,16.113281,25000000.000
4648,2077,14.160156,25000000.000
4649,2075,13.183594,25000000.000
4650,2071,11.230469,25000000.000
4651,2069,10.253906,25000000.000
4652,2061,6.347656,25000000.000
4653,2056,3.906250,25000000.000
4654,2050,0.976562,25000000.000
4655,2049,0.488281,25000000.000
4656,2039,-4.394531,25000000.000
4657,2033,-7.324219,25000000.000
4658,2027,-10.253906,25000000.000
4659,2028,-9.765625,25000000.000
4660,2018,-14.648438,25000000.000
4661,2016,-15.625000,25000000.000
4662,2013,-17.089844,25000000.000
4663,2013,-17.089844,25000000.000
4664,2008,-19.531250,25000000.000
4665,2009,-19.042969,25000000.000
4666,2008,-19.531250,25000000.000
4667,2009,-19.042969,25000000.000
4668,2012,-17.578125,25000000.000
4669,2015,-16.113281,25000000.000
4670,2019,-14.160156,25000000.000
4671,2019,-14.160156,25000000.000
4672,2027,-10.253906,25000000.000
4673,2033,-7.324219,25000000.000
4674,2039,-4.394531,25000000.000
4675,2039,-4.394531,25000000.000
4676,2050,0.976562,25000000.000
4677,2057,4.394531,25000000.000
4678,2063,7.324219,25000000.000
4679,2060,5.859375,25000000.000
4680,2070,10.742188,25000000.000
4681,2076,13.671875,25000000.000
4682,2079,15.136719,25000000.000
4683,2078,14.648438,25000000.000
4684,2083,17.089844,25000000.000
4685,2083,17.089844,25000000.000
4686,2083,17.089844,25000000.000
4687,2084,17.578125,25000000.000
4688,2080,15.625000,25000000.000
4689,2077,14.160156,25000000.000
4690,2075,13.183594,25000000.000
4691,2073,12.207031,25000000.000
4692,2067,9.277344,25000000.000
4693,2060,5.859375,25000000.000
4694,2055,3.417969,25000000.000
4695,2054,2.929688,25000000.000
4696,2044,-1.953125,25000000.000
4697,2038,-4.882812,25000000.000
4698,2033,-7.324219,25000000.000
4699,2032,-7.812500,25000000.000
4700,2022,-12.695312,25000000.000
4701,2018,-14.648438,25000000.000
4702,2014,-16.601562,25000000.000
4703,2014,-16.601562,25000000.000
4704,2009,-19.042969,25000000.000
4705,2008,-19.531250,25000000.000
4706,2009,-19.042969,25000000.000
4707,2009,-19.042969,25000000.000
4708,2010,-18.554688,25000000.000
4709,2014,-16.601562,25000000.000
4710,2015,-16.113281,25000000.000
4711,2016,-15.625000,25000000.000
4712,2023,-12.207031,25000000.000
4713,2029,-9.277344,25000000.000
4714,2034,-6.835938,25000000.000
4715,2035,-6.347656,25000000.000
4716,2046,-0.976562,25000000.000
4717,2051,1.464844,25000000.000
4718,2058,4.882812,25000000.000
4719,2057,4.394531,25000000.000
4720,2067,9.277344,25000000.000
4721,2072,11.718750,25000000.000
4722,2077,14.160156,25000000.000
4723,2077,14.160156,25000000.000
4724,2082,16.601562,25000000.000
4725,2084,17.578125,25000000.000
4726,2085,18.066406,25000000.000
4727,2085,18.066406,25000000.000
4728,2083,17.089844,25000000.000
4729,2081,16.113281,25000000.000
4730,2078,14.648438,25000000.000
4731,2078,14.648438,25000000.000
4732,2070,10.742188,25000000.000
4733,2066,8.789062,25000000.000
4734,2061,6.347656,25000000.000
4735,2060,5.859375,25000000.000
4736,2048,0.000000,25000000.000
4737,2043,-2.441406,25000000.000
4738,2038,-4.882812,25000000.000
4739,2036,-5.859375,25000000.000
4740,2027,-10.253906,25000000.000
4741,2023,-12.207031,25000000.000
4742,2017,-15.136719,25000000.000
4743,2017,-15.136719,25000000.000
4744,2010,-18.554688,25000000.000
4745,2009,-19.042969,25000000.000
4746,2008,-19.531250,25000000.000
4747,2008,-19.531250,25000000.000
4748,2008,-19.531250,25000000.000
4749,2009,-19.042969,25000000.000
4750,2012,-17.578125,25000000.000
4751,2011,-18.066406,25000000.000
4752,2019,-14.160156,25000000.000
4753,2023,-12.207031,25000000.000
4754,2029,-9.277344,25000000.000
4755,2030,-8.789062,25000000.000
4756,2040,-3.906250,25000000.000
4757,2046,-0.976562,25000000.000
4758,2053,2.441406,25000000.000
4759,2053,2.441406,25000000.000
4760,2063,7.324219,25000000.000
4761,2068,9.765625,25000000.000
4762,2074,12.695312,25000000.000
4763,2075,13.183594,25000000.000
4764,2080,15.625000,25000000.000
4765,2083,17.089844,25000000.000
4766,2084,17.578125,25000000.000
4767,2085,18.066406,25000000.000
4768,2084,17.578125,25000000.000
4769,2083,17.089844,25000000.000
4770,2082,16.601562,25000000.000
4771,2081,16.113281,25000000.000
4772,2075,13.183594,25000000.000
4773,2070,10.742188,25000000.000
4774,2063,7.324219,25000000.000
4775,2065,8.300781,25000000.000
4776,2054,2.929688,25000000.000
4777,2049,0.488281,25000000.000
4778,2043,-2.441406,25000000.000
4779,2042,-2.929688,25000000.000
4780,2031,-8.300781,25000000.000
4781,2026,-10.742188,25000000.000
4782,2022,-12.695312,25000000.000
4783,2021,-13.183594,25000000.000
4784,2013,-17.089844,25000000.000
4785,2011,-18.066406,25000000.000
4786,2009,-19.042969,25000000.000
4787,2009,-19.042969,25000000.000
4788,2008,-19.531250,25000000.000
4789,2008,-19.531250,25000000.000
4790,2011,-18.066406,25000000.000
4791,2011,-18.066406,25000000.000
4792,2016,-15.625000,25000000.000
4793,2021,-13.183594,25000000.000
4794,2025,-11.230469,25000000.000
4795,2025,-11.230469,25000000.000
4796,2036,-5.859375,25000000.000
4797,2041,-3.417969,25000000.000
4798,2047,-0.488281,25000000.000
4799,2048,0.000000,25000000.000
4800,2058,4.882812,25000000.000
4801,2064,7.812500,25000000.000
4802,2068,9.765625,25000000.000
4803,2070,10.742188,25000000.000
4804,2077,14.160156,25000000.000
4805,2080,15.625000,25000000.000
4806,2083,17.089844,25000000.000
4807,2082,16.601562,25000000.000
4808,2084,17.578125,25000000.000
4809,2083,17.089844,25000000.000
4810,2082,16.601562,25000000.000
4811,2082,16.601562,25000000.000
4812,2077,14.160156,25000000.000
4813,2072,11.718750,25000000.000
4814,2069,10.253906,25000000.000
4815,2069,10.253906,25000000.000
4816,2058,4.882812,25000000.000
4817,2053,2.441406,25000000.000
4818,2048,0.000000,25000000.000
4819,2046,-0.976562,25000000.000
4820,2036,-5.859375,25000000.000
4821,2030,-8.789062,25000000.000
4822,2024,-11.718750,25000000.000
4823,2024,-11.718750,25000000.000
4824,2016,-15.625000,25000000.000
4825,2013,-17.089844,25000000.000
4826,2011,-18.066406,25000000.000
4827,2010,-18.554688,25000000.000
4828,2007,-20.019531,25000000.000
4829,2007,-20.019531,25000000.000
4830,2008,-19.531250,25000000.000
4831,2007,-20.019531,25000000.000
4832,2013,-17.089844,25000000.000
4833,2016,-15.625000,25000000.000
4834,2020,-13.671875,25000000.000
4835,2020,-13.671875,25000000.000
4836,2030,-8.789062,25000000.000
4837,2037,-5.371094,25000000.000
4838,2041,-3.417969,25000000.000
4839,2043,-2.441406,25000000.000
4840,2052,1.953125,25000000.000
4841,2059,5.371094,25000000.000
4842,2064,7.812500,25000000.000
4843,2066,8.789062,25000000.000
4844,2074,12.695312,25000000.000
4845,2078,14.648438,25000000.000
4846,2081,16.113281,25000000.000
4847,2082,16.601562,25000000.000
4848,2084,17.578125,25000000.000
4849,2084,17.578125,25000000.000
4850,2084,17.578125,25000000.000
4851,2083,17.089844,25000000.000
4852,2079,15.136719,25000000.000
4853,2077,14.160156,25000000.000
4854,2073,12.207031,25000000.000
4855,2072,11.718750,25000000.000
4856,2062,6.835938,25000000.000
4857,2058,4.882812,25000000.000
4858,2051,1.464844,25000000.000
4859,2051,1.464844,25000000.000
4860,2041,-3.417969,25000000.000
4861,2034,-6.835938,25000000.000
4862,2029,-9.277344,25000000.000
4863,2027,-10.253906,25000000.000
4864,2019,-14.160156,25000000.000
4865,2015,-16.113281,25000000.000
4866,2011,-18.066406,25000000.000
4867,2010,-18.554688,25000000.000
4868,2008,-19.531250,25000000.000
4869,2007,-20.019531,25000000.000
4870,2007,-20.019531,25000000.000
4871,2006,-20.507812,25000000.000
4872,2011,-18.066406,25000000.000
4873,2012,-17.578125,25000000.000
4874,2016,-15.625000,25000000.000
4875,2016,-15.625000,25000000.000
4876,2025,-11.230469,25000000.000
4877,2032,-7.812500,25000000.000
4878,2037,-5.371094,25000000.000
4879,2038,-4.882812,25000000.000
4880,2049,0.488281,25000000.000
4881,2054,2.929688,25000000.000
4882,2061,6.347656,25000000.000
4883,2061,6.347656,25000000.000
4884,2071,11.230469,25000000.000
4885,2075,13.183594,25000000.000
4886,2079,15.136719,25000000.000
4887,2079,15.136719,25000000.000
4888,2084,17.578125,25000000.000
4889,2085,18.066406,25000000.000
4890,2084,17.578125,25000000.000
4891,2085,18.066406,25000000.000
4892,2082,16.601562,25000000.000
4893,2080,15.625000,25000000.000
4894,2075,13.183594,25000000.000
4895,2076,13.671875,25000000.000
4896,2068,9.765625,25000000.000
4897,2062,6.835938,25000000.000
4898,2057,4.394531,25000000.000
4899,2055,3.417969,25000000.000
4900,2044,-1.953125,25000000.000
4901,2038,-4.882812,25000000.000
4902,2034,-6.835938,25000000.000
4903,2032,-7.812500,25000000.000
4904,2023,-12.207031,25000000.000
4905,2018,-14.648438,25000000.000
4906,2014,-16.601562,25000000.000
4907,2014,-16.601562,25000000.000
4908,2009,-19.042969,25000000.000
4909,2008,-19.531250,25000000.000
4910,2007,-20.019531,25000000.000
4911,2008,-19.531250,25000000.000
4912,2009,-19.042969,25000000.000
4913,2012,-17.578125,25000000.000
4914,2014,-16.601562,25000000.000
4915,2015,-16.113281,25000000.000
4916,2023,-12.207031,25000000.000
4917,2027,-10.253906,25000000.000
4918,2033,-7.324219,25000000.000
4919,2033,-7.324219,25000000.000
4920,2045,-1.464844,25000000.000
4921,2051,1.464844,25000000.000
4922,2057,4.394531,25000000.000
4923,2057,4.394531,25000000.000
4924,2067,9.277344,25000000.000
4925,2072,11.718750,25000000.000
4926,2076,13.671875,25000000.000
4927,2076,13.671875,25000000.000
4928,2082,16.601562,25000000.000
4929,2084,17.578125,25000000.000
4930,2085,18.066406,25000000.000
4931,2085,18.066406,25000000.000
4932,2083,17.089844,25000000.000
4933,2082,16.601562,25000000.000
4934,2079,15.136719,25000000.000
4935,2079,15.136719,25000000.000
4936,2071,11.230469,25000000.000
4937,2067,9.277344,25000000.000
4938,2061,6.347656,25000000.000
4939,2060,5.859375,25000000.000
4940,2050,0.976562,25000000.000
4941,2044,-1.953125,25000000.000
4942,2039,-4.394531,25000000.000
4943,2038,-4.882812,25000000.000
4944,2027,-10.253906,25000000.000
4945,2022,-12.695312,25000000.000
4946,2019,-14.160156,25000000.000
4947,2017,-15.136719,25000000.000
4948,2012,-17.578125,25000000.000
4949,2009,-19.042969,25000000.000
4950,2008,-19.531250,25000000.000
4951,2008,-19.531250,25000000.000
4952,2009,-19.042969,25000000.000
4953,2008,-19.531250,25000000.000
4954,2010,-18.554688,25000000.000
4955,2012,-17.578125,25000000.000
4956,2018,-14.648438,25000000.000
4957,2023,-12.207031,25000000.000
4958,2027,-10.253906,25000000.000
4959,2028,-9.765625,25000000.000
4960,2038,-4.882812,25000000.000
4961,2044,-1.953125,25000000.000
4962,2051,1.464844,25000000.000
4963,2050,0.976562,25000000.000
4964,2062,6.835938,25000000.000
4965,2067,9.277344,25000000.000
4966,2072,11.718750,25000000.000
4967,2073,12.207031,25000000.000
4968,2080,15.625000,25000000.000
4969,2081,16.113281,25000000.000
4970,2084,17.578125,25000000.000
4971,2083,17.089844,25000000.000
4972,2084,17.578125,25000000.000
4973,2083,17.089844,25000000.000
4974,2081,16.113281,25000000.000
4975,2081,16.113281,25000000.000
4976,2071,11.230469,25000000.000
4977,2066,8.789062,25000000.000
4978,2069,10.253906,25000000.000
4979,2063,7.324219,25000000.000
4980,2054,2.929688,25000000.000
4981,2049,0.488281,25000000.000
4982,2043,-2.441406,25000000.000
4983,2042,-2.929688,25000000.000
4984,2033,-7.324219,25000000.000
4985,2026,-10.742188,25000000.000
4986,2021,-13.183594,25000000.000
4987,2021,-13.183594,25000000.000
4988,2013,-17.089844,25000000.000
4989,2011,-18.066406,25000000.000
4990,2008,-19.531250,25000000.000
4991,2009,-19.042969,25000000.000
4992,2007,-20.019531,25000000.000
4993,2007,-20.019531,25000000.000
4994,2009,-19.042969,25000000.000
4995,2009,-19.042969,25000000.000
4996,2014,-16.601562,25000000.000
4997,2020,-13.671875,25000000.000
4998,2023,-12.207031,25000000.000
4999,2025,-11.230469,25000000.000
5000,2034,-6.835938,25000000.000
5001,2041,-3.417969,25000000.000
5002,2047,-0.488281,25000000.000
5003,2047,-0.488281,25000000.000
5004,2059,5.371094,25000000.000
5005,2063,7.324219,25000000.000
5006,2069,10.253906,25000000.000
5007,2069,10.253906,25000000.000
5008,2077,14.160156,25000000.000
5009,2080,15.625000,25000000.000
5010,2083,17.089844,25000000.000
5011,2083,17.089844,25000000.000
5012,2085,18.066406,25000000.000
5013,2084,17.578125,25000000.000
5014,2082,16.601562,25000000.000
5015,2083,17.089844,25000000.000
5016,2079,15.136719,25000000.000
5017,2074,12.695312,25000000.000
5018,2070,10.742188,25000000.000
5019,2070,10.742188,25000000.000
5020,2059,5.371094,25000000.000
5021,2053,2.441406,25000000.000
5022,2047,-0.488281,25000000.000
5023,2048,0.000000,25000000.000
5024,2036,-5.859375,25000000.000
5025,2031,-8.300781,25000000.000
5026,2024,-11.718750,25000000.000
5027,2024,-11.718750,25000000.000
5028,2020,-13.671875,25000000.000
5029,2012,-17.578125,25000000.000
5030,2008,-19.531250,25000000.000
5031,2010,-18.554688,25000000.000
5032,2008,-19.531250,25000000.000
5033,2007,-20.019531,25000000.000
5034,2008,-19.531250,25000000.000
5035,2008,-19.531250,25000000.000
5036,2012,-17.578125,25000000.000
5037,2015,-16.113281,25000000.000
5038,2019,-14.160156,25000000.000
5039,2019,-14.160156,25000000.000
5040,2029,-9.277344,25000000.000
5041,2035,-6.347656,25000000.000
5042,2039,-4.394531,25000000.000
5043,2040,-3.906250,25000000.000
5044,2053,2.441406,25000000.000
5045,2057,4.394531,25000000.000
5046,2063,7.324219,25000000.000
5047,2063,7.324219,25000000.000
5048,2072,11.718750,25000000.000
5049,2076,13.671875,25000000.000
5050,2079,15.136719,25000000.000
5051,2081,16.113281,25000000.000
5052,2082,16.601562,25000000.000
5053,2084,17.578125,25000000.000
5054,2082,16.601562,25000000.000
5055,2083,17.089844,25000000.000
5056,2080,15.625000,25000000.000
5057,2076,13.671875,25000000.000
5058,2072,11.718750,25000000.000
5059,2073,12.207031,25000000.000
5060,2063,7.324219,25000000.000
5061,2059,5.371094,25000000.000
5062,2053,2.441406,25000000.000
5063,2053,2.441406,25000000.000
5064,2041,-3.417969,25000000.000
5065,2036,-5.859375,25000000.000
5066,2029,-9.277344,25000000.000
5067,2030,-8.789062,25000000.000
5068,2021,-13.183594,25000000.000
5069,2017,-15.136719,25000000.000
5070,2014,-16.601562,25000000.000
5071,2013,-17.089844,25000000.000
5072,2009,-19.042969,25000000.000
5073,2008,-19.531250,25000000.000
5074,2007,-20.019531,25000000.000
5075,2008,-19.531250,25000000.000
5076,2011,-18.066406,25000000.000
5077,2013,-17.089844,25000000.000
5078,2016,-15.625000,25000000.000
5079,2017,-15.136719,25000000.000
5080,2026,-10.742188,25000000.000
5081,2030,-8.789062,25000000.000
5082,2036,-5.859375,25000000.000
5083,2036,-5.859375,25000000.000
5084,2047,-0.488281,25000000.000
5085,2053,2.441406,25000000.000
5086,2059,5.371094,25000000.000
5087,2058,4.882812,25000000.000
5088,2069,10.253906,25000000.000
5089,2073,12.207031,25000000.000
5090,2077,14.160156,25000000.000
5091,2076,13.671875,25000000.000
5092,2083,17.089844,25000000.000
5093,2083,17.089844,25000000.000
5094,2082,16.601562,25000000.000
5095,2083,17.089844,25000000.000
5096,2082,16.601562,25000000.000
5097,2079,15.136719,25000000.000
5098,2075,13.183594,25000000.000
5099,2075,13.183594,25000000.000
5100,2067,9.277344,25000000.000
5101,2063,7.324219,25000000.000
5102,2057,4.394531,25000000.000
5103,2057,4.394531,25000000.000
5104,2047,-0.488281,25000000.000
5105,2040,-3.906250,25000000.000
5106,2035,-6.347656,25000000.000
5107,2034,-6.835938,25000000.000
5108,2025,-11.230469,25000000.000
5109,2020,-13.671875,25000000.000
5110,2017,-15.136719,25000000.000
5111,2016,-15.625000,25000000.000
5112,2010,-18.554688,25000000.000
5113,2009,-19.042969,25000000.000
5114,2009,-19.042969,25000000.000
5115,2008,-19.531250,25000000.000
5116,2009,-19.042969,25000000.000
5117,2012,-17.578125,25000000.000
5118,2014,-16.601562,25000000.000
5119,2014,-16.601562,25000000.000
5120,2022,-12.695312,25000000.000
5121,2027,-10.253906,25000000.000
5122,2031,-8.300781,25000000.000
5123,2032,-7.812500,25000000.000
5124,2043,-2.441406,25000000.000
5125,2049,0.488281,25000000.000
5126,2056,3.906250,25000000.000
5127,2055,3.417969,25000000.000
5128,2066,8.789062,25000000.000
5129,2071,11.230469,25000000.000
5130,2075,13.183594,25000000.000
5131,2076,13.671875,25000000.000
5132,2082,16.601562,25000000.000
5133,2083,17.089844,25000000.000
5134,2084,17.578125,25000000.000
5135,2084,17.578125,25000000.000
5136,2083,17.089844,25000000.000
5137,2082,16.601562,25000000.000
5138,2080,15.625000,25000000.000
5139,2079,15.136719,25000000.000
5140,2071,11.230469,25000000.000
5141,2067,9.277344,25000000.000
5142,2062,6.835938,25000000.000
5143,2061,6.347656,25000000.000
5144,2051,1.464844,25000000.000
5145,2045,-1.464844,25000000.000
5146,2039,-4.394531,25000000.000
5147,2038,-4.882812,25000000.000
5148,2028,-9.765625,25000000.000
5149,2023,-12.207031,25000000.000
5150,2019,-14.160156,25000000.000
5151,2018,-14.648438,25000000.000
5152,2013,-17.089844,25000000.000
5153,2010,-18.554688,25000000.000
5154,2009,-19.042969,25000000.000
5155,2009,-19.042969,25000000.000
5156,2009,-19.042969,25000000.000
5157,2011,-18.066406,25000000.000
5158,2013,-17.089844,25000000.000
5159,2013,-17.089844,25000000.000
5160,2018,-14.648438,25000000.000
5161,2023,-12.207031,25000000.000
5162,2029,-9.277344,25000000.000
5163,2030,-8.789062,25000000.000
5164,2040,-3.906250,25000000.000
5165,2046,-0.976562,25000000.000
5166,2051,1.464844,25000000.000
5167,2052,1.953125,25000000.000
5168,2062,6.835938,25000000.000
5169,2068,9.765625,25000000.000
5170,2071,11.230469,25000000.000
5171,2072,11.718750,25000000.000
5172,2079,15.136719,25000000.000
5173,2082,16.601562,25000000.000
5174,2083,17.089844,25000000.000
5175,2083,17.089844,25000000.000
5176,2083,17.089844,25000000.000
5177,2083,17.089844,25000000.000
5178,2080,15.625000,25000000.000
5179,2080,15.625000,25000000.000
5180,2074,12.695312,25000000.000
5181,2069,10.253906,25000000.000
5182,2066,8.789062,25000000.000
5183,2065,8.300781,25000000.000
5184,2055,3.417969,25000000.000
5185,2050,0.976562,25000000.000
5186,2045,-1.464844,25000000.000
5187,2044,-1.953125,25000000.000
5188,2034,-6.835938,25000000.000
5189,2028,-9.765625,25000000.000
5190,2023,-12.207031,25000000.000
5191,2022,-12.695312,25000000.000
5192,2015,-16.113281,25000000.000
5193,2013,-17.089844,25000000.000
5194,2010,-18.554688,25000000.000
5195,2010,-18.554688,25000000.000
5196,2010,-18.554688,25000000.000
5197,2010,-18.554688,25000000.000
5198,2012,-17.578125,25000000.000
5199,2011,-18.066406,25000000.000
5200,2016,-15.625000,25000000.000
5201,2020,-13.671875,25000000.000
5202,2025,-11.230469,25000000.000
5203,2026,-10.742188,25000000.000
5204,2034,-6.835938,25000000.000
5205,2040,-3.906250,25000000.000
5206,2045,-1.464844,25000000.000
5207,2046,-0.976562,25000000.000
5208,2057,4.394531,25000000.000
5209,2062,6.835938,25000000.000
5210,2067,9.277344,25000000.000
5211,2068,9.765625,25000000.000
5212,2075,13.183594,25000000.000
5213,2078,14.648438,25000000.000
5214,2081,16.113281,25000000.000
5215,2081,16.113281,25000000.000
5216,2082,16.601562,25000000.000
5217,2083,17.089844,25000000.000
5218,2081,16.113281,25000000.000
5219,2080,15.625000,25000000.000
5220,2075,13.183594,25000000.000
5221,2072,11.718750,25000000.000
5222,2067,9.277344,25000000.000
5223,2067,9.277344,25000000.000
5224,2057,4.394531,25000000.000
5225,2053,2.441406,25000000.000
5226,2047,-0.488281,25000000.000
5227,2046,-0.976562,25000000.000
5228,2036,-5.859375,25000000.000
5229,2030,-8.789062,25000000.000
5230,2025,-11.230469,25000000.000
5231,2025,-11.230469,25000000.000
5232,2017,-15.136719,25000000.000
5233,2014,-16.601562,25000000.000
5234,2011,-18.066406,25000000.000
5235,2011,-18.066406,25000000.000
5236,2008,-19.531250,25000000.000
5237,2008,-19.531250,25000000.000
5238,2008,-19.531250,25000000.000
5239,2009,-19.042969,25000000.000
5240,2013,-17.089844,25000000.000
5241,2016,-15.625000,25000000.000
5242,2019,-14.160156,25000000.000
5243,2021,-13.183594,25000000.000
5244,2029,-9.277344,25000000.000
5245,2036,-5.859375,25000000.000
5246,2040,-3.906250,25000000.000
5247,2040,-3.906250,25000000.000
5248,2052,1.953125,25000000.000
5249,2057,4.394531,25000000.000
5250,2063,7.324219,25000000.000
5251,2064,7.812500,25000000.000
5252,2071,11.230469,25000000.000
5253,2076,13.671875,25000000.000
5254,2079,15.136719,25000000.000
5255,2079,15.136719,25000000.000
5256,2085,18.066406,25000000.000
5257,2085,18.066406,25000000.000
5258,2082,16.601562,25000000.000
5259,2082,16.601562,25000000.000
5260,2079,15.136719,25000000.000
5261,2077,14.160156,25000000.000
5262,2070,10.742188,25000000.000
5263,2070,10.742188,25000000.000
5264,2062,6.835938,25000000.000
5265,2056,3.906250,25000000.000
5266,2051,1.464844,25000000.000
5267,2051,1.464844,25000000.000
5268,2040,-3.906250,25000000.000
5269,2034,-6.835938,25000000.000
5270,2029,-9.277344,25000000.000
5271,2028,-9.765625,25000000.000
5272,2021,-13.183594,25000000.000
5273,2016,-15.625000,25000000.000
5274,2013,-17.089844,25000000.000
5275,2013,-17.089844,25000000.000
5276,2008,-19.531250,25000000.000
5277,2008,-19.531250,25000000.000
5278,2009,-19.042969,25000000.000
5279,2009,-19.042969,25000000.000
5280,2010,-18.554688,25000000.000
5281,2014,-16.601562,25000000.000
5282,2017,-15.136719,25000000.000
5283,2017,-15.136719,25000000.000
5284,2026,-10.742188,25000000.000
5285,2031,-8.300781,25000000.000
5286,2037,-5.371094,25000000.000
5287,2037,-5.371094,25000000.000
5288,2047,-0.488281,25000000.000
5289,2054,2.929688,25000000.000
5290,2059,5.371094,25000000.000
5291,2058,4.882812,25000000.000
5292,2069,10.253906,25000000.000
5293,2073,12.207031,25000000.000
5294,2077,14.160156,25000000.000
5295,2077,14.160156,25000000.000
5296,2082,16.601562,25000000.000
5297,2083,17.089844,25000000.000
5298,2082,16.601562,25000000.000
5299,2083,17.089844,25000000.000
5300,2080,15.625000,25000000.000
5301,2079,15.136719,25000000.000
5302,2076,13.671875,25000000.000
5303,2075,13.183594,25000000.000
5304,2068,9.765625,25000000.000
5305,2063,7.324219,25000000.000
5306,2057,4.394531,25000000.000
5307,2057,4.394531,25000000.000
5308,2046,-0.976562,25000000.000
5309,2041,-3.417969,25000000.000
5310,2035,-6.347656,25000000.000
5311,2036,-5.859375,25000000.000
5312,2026,-10.742188,25000000.000
5313,2021,-13.183594,25000000.000
5314,2018,-14.648438,25000000.000
5315,2017,-15.136719,25000000.000
5316,2011,-18.066406,25000000.000
5317,2009,-19.042969,25000000.000
5318,2009,-19.042969,25000000.000
5319,2009,-19.042969,25000000.000
5320,2011,-18.066406,25000000.000
5321,2012,-17.578125,25000000.000
5322,2015,-16.113281,25000000.000
5323,2014,-16.601562,25000000.000
5324,2024,-11.718750,25000000.000
5325,2032,-7.812500,25000000.000
5326,2029,-9.277344,25000000.000
5327,2035,-6.347656,25000000.000
5328,2045,-1.464844,25000000.000
5329,2049,0.488281,25000000.000
5330,2055,3.417969,25000000.000
5331,2056,3.906250,25000000.000
5332,2066,8.789062,25000000.000
5333,2071,11.230469,25000000.000
5334,2074,12.695312,25000000.000
5335,2075,13.183594,25000000.000
5336,2081,16.113281,25000000.000
5337,2083,17.089844,25000000.000
5338,2084,17.578125,25000000.000
5339,2084,17.578125,25000000.000
5340,2083,17.089844,25000000.000
5341,2080,15.625000,25000000.000
5342,2079,15.136719,25000000.000
5343,2078,14.648438,25000000.000
5344,2071,11.230469,25000000.000
5345,2066,8.789062,25000000.000
5346,2062,6.835938,25000000.000
5347,2062,6.835938,25000000.000
5348,2051,1.464844,25000000.000
5349,2046,-0.976562,25000000.000
5350,2040,-3.906250,25000000.000
5351,2039,-4.394531,25000000.000
5352,2030,-8.789062,25000000.000
5353,2025,-11.230469,25000000.000
5354,2019,-14.160156,25000000.000
5355,2019,-14.160156,25000000.000
5356,2013,-17.089844,25000000.000
5357,2012,-17.578125,25000000.000
5358,2010,-18.554688,25000000.000
5359,2009,-19.042969,25000000.000
5360,2009,-19.042969,25000000.000
5361,2010,-18.554688,25000000.000
5362,2012,-17.578125,25000000.000
5363,2013,-17.089844,25000000.000
5364,2019,-14.160156,25000000.000
5365,2023,-12.207031,25000000.000
5366,2027,-10.253906,25000000.000
5367,2028,-9.765625,25000000.000
5368,2038,-4.882812,25000000.000
5369,2044,-1.953125,25000000.000
5370,2050,0.976562,25000000.000
5371,2050,0.976562,25000000.000
5372,2062,6.835938,25000000.000
5373,2066,8.789062,25000000.000
5374,2071,11.230469,25000000.000
5375,2072,11.718750,25000000.000
5376,2081,16.113281,25000000.000
5377,2080,15.625000,25000000.000
5378,2082,16.601562,25000000.000
5379,2083,17.089844,25000000.000
5380,2084,17.578125,25000000.000
5381,2082,16.601562,25000000.000
5382,2081,16.113281,25000000.000
5383,2080,15.625000,25000000.000
5384,2074,12.695312,25000000.000
5385,2070,10.742188,25000000.000
5386,2066,8.789062,25000000.000
5387,2065,8.300781,25000000.000
5388,2057,4.394531,25000000.000
5389,2051,1.464844,25000000.000
5390,2044,-1.953125,25000000.000
5391,2043,-2.441406,25000000.000
5392,2033,-7.324219,25000000.000
5393,2027,-10.253906,25000000.000
5394,2023,-12.207031,25000000.000
5395,2023,-12.207031,25000000.000
5396,2014,-16.601562,25000000.000
5397,2012,-17.578125,25000000.000
5398,2010,-18.554688,25000000.000
5399,2009,-19.042969,25000000.000
5400,2008,-19.531250,25000000.000
5401,2008,-19.531250,25000000.000
5402,2010,-18.554688,25000000.000
5403,2010,-18.554688,25000000.000
5404,2014,-16.601562,25000000.000
5405,2018,-14.648438,25000000.000
5406,2022,-12.695312,25000000.000
5407,2023,-12.207031,25000000.000
5408,2032,-7.812500,25000000.000
5409,2038,-4.882812,25000000.000
5410,2044,-1.953125,25000000.000
5411,2045,-1.464844,25000000.000
5412,2055,3.417969,25000000.000
5413,2062,6.835938,25000000.000
5414,2066,8.789062,25000000.000
5415,2067,9.277344,25000000.000
5416,2075,13.183594,25000000.000
5417,2078,14.648438,25000000.000
5418,2080,15.625000,25000000.000
5419,2080,15.625000,25000000.000
5420,2083,17.089844,25000000.000
5421,2082,16.601562,25000000.000
5422,2081,16.113281,25000000.000
5423,2080,15.625000,25000000.000
5424,2077,14.160156,25000000.000
5425,2073,12.207031,25000000.000
5426,2069,10.253906,25000000.000
5427,2068,9.765625,25000000.000
5428,2059,5.371094,25000000.000
5429,2054,2.929688,25000000.000
5430,2047,-0.488281,25000000.000
5431,2048,0.000000,25000000.000
5432,2037,-5.371094,25000000.000
5433,2032,-7.812500,25000000.000
5434,2026,-10.742188,25000000.000
5435,2026,-10.742188,25000000.000
5436,2018,-14.648438,25000000.000
5437,2015,-16.113281,25000000.000
5438,2011,-18.066406,25000000.000
5439,2012,-17.578125,25000000.000
5440,2008,-19.531250,25000000.000
5441,2009,-19.042969,25000000.000
5442,2010,-18.554688,25000000.000
5443,2008,-19.531250,25000000.000
5444,2012,-17.578125,25000000.000
5445,2016,-15.625000,25000000.000
5446,2019,-14.160156,25000000.000
5447,2020,-13.671875,25000000.000
5448,2028,-9.765625,25000000.000
5449,2033,-7.324219,25000000.000
5450,2039,-4.394531,25000000.000
5451,2039,-4.394531,25000000.000
5452,2051,1.464844,25000000.000
5453,2057,4.394531,25000000.000
5454,2062,6.835938,25000000.000
5455,2062,6.835938,25000000.000
5456,2071,11.230469,25000000.000
5457,2074,12.695312,25000000.000
5458,2077,14.160156,25000000.000
5459,2078,14.648438,25000000.000
5460,2081,16.113281,25000000.000
5461,2082,16.601562,25000000.000
5462,2081,16.113281,25000000.000
5463,2081,16.113281,25000000.000
5464,2080,15.625000,25000000.000
5465,2075,13.183594,25000000.000
5466,2072,11.718750,25000000.000
5467,2072,11.718750,25000000.000
5468,2063,7.324219,25000000.000
5469,2058,4.882812,25000000.000
5470,2053,2.441406,25000000.000
5471,2052,1.953125,25000000.000
5472,2042,-2.929688,25000000.000
5473,2036,-5.859375,25000000.000
5474,2032,-7.812500,25000000.000
5475,2031,-8.300781,25000000.000
5476,2022,-12.695312,25000000.000
5477,2018,-14.648438,25000000.000
5478,2015,-16.113281,25000000.000
5479,2014,-16.601562,25000000.000
5480,2010,-18.554688,25000000.000
5481,2009,-19.042969,25000000.000
5482,2008,-19.531250,25000000.000
5483,2010,-18.554688,25000000.000
5484,2011,-18.066406,25000000.000
5485,2013,-17.089844,25000000.000
5486,2017,-15.136719,25000000.000
5487,2017,-15.136719,25000000.000
5488,2024,-11.718750,25000000.000
5489,2031,-8.300781,25000000.000
5490,2035,-6.347656,25000000.000
5491,2036,-5.859375,25000000.000
5492,2047,-0.488281,25000000.000
5493,2053,2.441406,25000000.000
5494,2058,4.882812,25000000.000
5495,2058,4.882812,25000000.000
5496,2068,9.765625,25000000.000
5497,2073,12.207031,25000000.000
5498,2077,14.160156,25000000.000
5499,2077,14.160156,25000000.000
5500,2081,16.113281,25000000.000
5501,2083,17.089844,25000000.000
5502,2083,17.089844,25000000.000
5503,2083,17.089844,25000000.000
5504,2083,17.089844,25000000.000
5505,2080,15.625000,25000000.000
5506,2077,14.160156,25000000.000
5507,2076,13.671875,25000000.000
5508,2069,10.253906,25000000.000
5509,2063,7.324219,25000000.000
5510,2059,5.371094,25000000.000
5511,2058,4.882812,25000000.000
5512,2048,0.000000,25000000.000
5513,2042,-2.929688,25000000.000
5514,2036,-5.859375,25000000.000
5515,2036,-5.859375,25000000.000
5516,2026,-10.742188,25000000.000
5517,2022,-12.695312,25000000.000
5518,2018,-14.648438,25000000.000
5519,2017,-15.136719,25000000.000
5520,2013,-17.089844,25000000.000
5521,2010,-18.554688,25000000.000
5522,2009,-19.042969,25000000.000
5523,2009,-19.042969,25000000.000
5524,2010,-18.554688,25000000.000
5525,2012,-17.578125,25000000.000
5526,2014,-16.601562,25000000.000
5527,2014,-16.601562,25000000.000
5528,2022,-12.695312,25000000.000
5529,2025,-11.230469,25000000.000
5530,2031,-8.300781,25000000.000
5531,2032,-7.812500,25000000.000
5532,2042,-2.929688,25000000.000
5533,2048,0.000000,25000000.000
5534,2054,2.929688,25000000.000
5535,2055,3.417969,25000000.000
5536,2065,8.300781,25000000.000
5537,2070,10.742188,25000000.000
5538,2074,12.695312,25000000.000
5539,2075,13.183594,25000000.000
5540,2081,16.113281,25000000.000
5541,2083,17.089844,25000000.000
5542,2084,17.578125,25000000.000
5543,2084,17.578125,25000000.000
5544,2083,17.089844,25000000.000
5545,2081,16.113281,25000000.000
5546,2080,15.625000,25000000.000
5547,2079,15.136719,25000000.000
5548,2073,12.207031,25000000.000
5549,2068,9.765625,25000000.000
5550,2063,7.324219,25000000.000
5551,2063,7.324219,25000000.000
5552,2053,2.441406,25000000.000
5553,2046,-0.976562,25000000.000
5554,2040,-3.906250,25000000.000
5555,2040,-3.906250,25000000.000
5556,2030,-8.789062,25000000.000
5557,2025,-11.230469,25000000.000
5558,2020,-13.671875,25000000.000
5559,2019,-14.160156,25000000.000
5560,2012,-17.578125,25000000.000
5561,2010,-18.554688,25000000.000
5562,2009,-19.042969,25000000.000
5563,2009,-19.042969,25000000.000
5564,2008,-19.531250,25000000.000
5565,2009,-19.042969,25000000.000
5566,2011,-18.066406,25000000.000
5567,2011,-18.066406,25000000.000
5568,2019,-14.160156,25000000.000
5569,2023,-12.207031,25000000.000
5570,2027,-10.253906,25000000.000
5571,2027,-10.253906,25000000.000
5572,2038,-4.882812,25000000.000
5573,2044,-1.953125,25000000.000
5574,2050,0.976562,25000000.000
5575,2050,0.976562,25000000.000
5576,2061,6.347656,25000000.000
5577,2067,9.277344,25000000.000
5578,2071,11.230469,25000000.000
5579,2071,11.230469,25000000.000
5580,2079,15.136719,25000000.000
5581,2081,16.113281,25000000.000
5582,2084,17.578125,25000000.000
5583,2083,17.089844,25000000.000
5584,2084,17.578125,25000000.000
5585,2082,16.601562,25000000.000
5586,2081,16.113281,25000000.000
5587,2079,15.136719,25000000.000
5588,2074,12.695312,25000000.000
5589,2071,11.230469,25000000.000
5590,2066,8.789062,25000000.000
5591,2065,8.300781,25000000.000
5592,2055,3.417969,25000000.000
5593,2050,0.976562,25000000.000
5594,2044,-1.953125,25000000.000
5595,2043,-2.441406,25000000.000
5596,2033,-7.324219,25000000.000
5597,2027,-10.253906,25000000.000
5598,2022,-12.695312,25000000.000
5599,2021,-13.183594,25000000.000
5600,2014,-16.601562,25000000.000
5601,2011,-18.066406,25000000.000
5602,2009,-19.042969,25000000.000
5603,2009,-19.042969,25000000.000
5604,2008,-19.531250,25000000.000
5605,2008,-19.531250,25000000.000
5606,2008,-19.531250,25000000.000
5607,2008,-19.531250,25000000.000
5608,2014,-16.601562,25000000.000
5609,2019,-14.160156,25000000.000
5610,2023,-12.207031,25000000.000
5611,2022,-12.695312,25000000.000
5612,2032,-7.812500,25000000.000
5613,2038,-4.882812,25000000.000
5614,2044,-1.953125,25000000.000
5615,2045,-1.464844,25000000.000
5616,2055,3.417969,25000000.000
5617,2061,6.347656,25000000.000
5618,2066,8.789062,25000000.000
5619,2067,9.277344,25000000.000
5620,2076,13.671875,25000000.000
5621,2078,14.648438,25000000.000
5622,2081,16.113281,25000000.000
5623,2081,16.113281,25000000.000
5624,2083,17.089844,25000000.000
5625,2083,17.089844,25000000.000
5626,2081,16.113281,25000000.000
5627,2082,16.601562,25000000.000
5628,2077,14.160156,25000000.000
5629,2073,12.207031,25000000.000
5630,2070,10.742188,25000000.000
5631,2069,10.253906,25000000.000
5632,2060,5.859375,25000000.000
5633,2055,3.417969,25000000.000
5634,2049,0.488281,25000000.000
5635,2049,0.488281,25000000.000
5636,2039,-4.394531,25000000.000
5637,2032,-7.812500,25000000.000
5638,2027,-10.253906,25000000.000
5639,2025,-11.230469,25000000.000
5640,2019,-14.160156,25000000.000
5641,2014,-16.601562,25000000.000
5642,2012,-17.578125,25000000.000
5643,2012,-17.578125,25000000.000
5644,2008,-19.531250,25000000.000
5645,2008,-19.531250,25000000.000
5646,2008,-19.531250,25000000.000
5647,2008,-19.531250,25000000.000
5648,2013,-17.089844,25000000.000
5649,2015,-16.113281,25000000.000
5650,2019,-14.160156,25000000.000
5651,2018,-14.648438,25000000.000
5652,2028,-9.765625,25000000.000
5653,2034,-6.835938,25000000.000
5654,2040,-3.906250,25000000.000
5655,2040,-3.906250,25000000.000
5656,2051,1.464844,25000000.000
5657,2056,3.906250,25000000.000
5658,2062,6.835938,25000000.000
5659,2063,7.324219,25000000.000
5660,2072,11.718750,25000000.000
5661,2077,14.160156,25000000.000
5662,2080,15.625000,25000000.000
5663,2078,14.648438,25000000.000
5664,2082,16.601562,25000000.000
5665,2083,17.089844,25000000.000
5666,2084,17.578125,25000000.000
5667,2083,17.089844,25000000.000
5668,2080,15.625000,25000000.000
5669,2077,14.160156,25000000.000
5670,2072,11.718750,25000000.000
5671,2073,12.207031,25000000.000
5672,2063,7.324219,25000000.000
5673,2064,7.812500,25000000.000
5674,2055,3.417969,25000000.000
5675,2052,1.953125,25000000.000
5676,2041,-3.417969,25000000.000
5677,2036,-5.859375,25000000.000
5678,2029,-9.277344,25000000.000
5679,2029,-9.277344,25000000.000
5680,2020,-13.671875,25000000.000
5681,2017,-15.136719,25000000.000
5682,2013,-17.089844,25000000.000
5683,2012,-17.578125,25000000.000
5684,2008,-19.531250,25000000.000
5685,2008,-19.531250,25000000.000
5686,2007,-20.019531,25000000.000
5687,2008,-19.531250,25000000.000
5688,2010,-18.554688,25000000.000
5689,2012,-17.578125,25000000.000
5690,2016,-15.625000,25000000.000
5691,2016,-15.625000,25000000.000
5692,2024,-11.718750,25000000.000
5693,2030,-8.789062,25000000.000
5694,2035,-6.347656,25000000.000
5695,2036,-5.859375,25000000.000
5696,2046,-0.976562,25000000.000
5697,2053,2.441406,25000000.000
5698,2059,5.371094,25000000.000
5699,2059,5.371094,25000000.000
5700,2070,10.742188,25000000.000
5701,2075,13.183594,25000000.000
5702,2079,15.136719,25000000.000
5703,2079,15.136719,25000000.000
5704,2083,17.089844,25000000.000
5705,2085,18.066406,25000000.000
5706,2085,18.066406,25000000.000
5707,2085,18.066406,25000000.000
5708,2083,17.089844,25000000.000
5709,2081,16.113281,25000000.000
5710,2077,14.160156,25000000.000
5711,2078,14.648438,25000000.000
5712,2070,10.742188,25000000.000
5713,2065,8.300781,25000000.000
5714,2059,5.371094,25000000.000
5715,2059,5.371094,25000000.000
5716,2048,0.000000,25000000.000
5717,2043,-2.441406,25000000.000
5718,2036,-5.859375,25000000.000
5719,2037,-5.371094,25000000.000
5720,2026,-10.742188,25000000.000
5721,2021,-13.183594,25000000.000
5722,2016,-15.625000,25000000.000
5723,2017,-15.136719,25000000.000
5724,2008,-19.531250,25000000.000
5725,2009,-19.042969,25000000.000
5726,2007,-20.019531,25000000.000
5727,2006,-20.507812,25000000.000
5728,2008,-19.531250,25000000.000
5729,2011,-18.066406,25000000.000
5730,2012,-17.578125,25000000.000
5731,2013,-17.089844,25000000.000
5732,2020,-13.671875,25000000.000
5733,2024,-11.718750,25000000.000
5734,2029,-9.277344,25000000.000
5735,2030,-8.789062,25000000.000
5736,2041,-3.417969,25000000.000
5737,2047,-0.488281,25000000.000
5738,2053,2.441406,25000000.000
5739,2053,2.441406,25000000.000
5740,2065,8.300781,25000000.000
5741,2070,10.742188,25000000.000
5742,2074,12.695312,25000000.000
5743,2074,12.695312,25000000.000
5744,2080,15.625000,25000000.000
5745,2083,17.089844,25000000.000
5746,2084,17.578125,25000000.000
5747,2084,17.578125,25000000.000
5748,2084,17.578125,25000000.000
5749,2082,16.601562,25000000.000
5750,2079,15.136719,25000000.000
5751,2081,16.113281,25000000.000
5752,2073,12.207031,25000000.000
5753,2069,10.253906,25000000.000
5754,2063,7.324219,25000000.000
5755,2063,7.324219,25000000.000
5756,2052,1.953125,25000000.000
5757,2047,-0.488281,25000000.000
5758,2040,-3.906250,25000000.000
5759,2040,-3.906250,25000000.000
5760,2030,-8.789062,25000000.000
5761,2025,-11.230469,25000000.000
5762,2020,-13.671875,25000000.000
5763,2020,-13.671875,25000000.000
5764,2013,-17.089844,25000000.000
5765,2010,-18.554688,25000000.000
5766,2008,-19.531250,25000000.000
5767,2008,-19.531250,25000000.000
5768,2009,-19.042969,25000000.000
5769,2009,-19.042969,25000000.000
5770,2011,-18.066406,25000000.000
5771,2012,-17.578125,25000000.000
5772,2017,-15.136719,25000000.000
5773,2021,-13.183594,25000000.000
5774,2026,-10.742188,25000000.000
5775,2027,-10.253906,25000000.000
5776,2037,-5.371094,25000000.000
5777,2043,-2.441406,25000000.000
5778,2048,0.000000,25000000.000
5779,2049,0.488281,25000000.000
5780,2060,5.859375,25000000.000
5781,2066,8.789062,25000000.000
5782,2071,11.230469,25000000.000
5783,2071,11.230469,25000000.000
5784,2079,15.136719,25000000.000
5785,2081,16.113281,25000000.000
5786,2083,17.089844,25000000.000
5787,2083,17.089844,25000000.000
5788,2084,17.578125,25000000.000
5789,2084,17.578125,25000000.000
5790,2082,16.601562,25000000.000
5791,2083,17.089844,25000000.000
5792,2077,14.160156,25000000.000
5793,2073,12.207031,25000000.000
5794,2068,9.765625,25000000.000
5795,2068,9.765625,25000000.000
5796,2057,4.394531,25000000.000
5797,2053,2.441406,25000000.000
5798,2046,-0.976562,25000000.000
5799,2045,-1.464844,25000000.000
5800,2035,-6.347656,25000000.000
5801,2029,-9.277344,25000000.000
5802,2025,-11.230469,25000000.000
5803,2024,-11.718750,25000000.000
5804,2016,-15.625000,25000000.000
5805,2012,-17.578125,25000000.000
5806,2009,-19.042969,25000000.000
5807,2009,-19.042969,25000000.000
5808,2007,-20.019531,25000000.000
5809,2007,-20.019531,25000000.000
5810,2008,-19.531250,25000000.000
5811,2007,-20.019531,25000000.000
5812,2013,-17.089844,25000000.000
5813,2016,-15.625000,25000000.000
5814,2020,-13.671875,25000000.000
5815,2020,-13.671875,25000000.000
5816,2030,-8.789062,25000000.000
5817,2037,-5.371094,25000000.000
5818,2042,-2.929688,25000000.000
5819,2042,-2.929688,25000000.000
5820,2054,2.929688,25000000.000
5821,2059,5.371094,25000000.000
5822,2064,7.812500,25000000.000
5823,2064,7.812500,25000000.000
5824,2073,12.207031,25000000.000
5825,2078,14.648438,25000000.000
5826,2080,15.625000,25000000.000
5827,2080,15.625000,25000000.000
5828,2083,17.089844,25000000.000
5829,2084,17.578125,25000000.000
5830,2082,16.601562,25000000.000
5831,2083,17.089844,25000000.000
5832,2079,15.136719,25000000.000
5833,2076,13.671875,25000000.000
5834,2071,11.230469,25000000.000
5835,2070,10.742188,25000000.000
5836,2062,6.835938,25000000.000
5837,2056,3.906250,25000000.000
5838,2050,0.976562,25000000.000
5839,2050,0.976562,25000000.000
5840,2040,-3.906250,25000000.000
5841,2034,-6.835938,25000000.000
5842,2028,-9.765625,25000000.000
5843,2028,-9.765625,25000000.000
5844,2018,-14.648438,25000000.000
5845,2015,-16.113281,25000000.000
5846,2012,-17.578125,25000000.000
5847,2012,-17.578125,25000000.000
5848,2008,-19.531250,25000000.000
5849,2008,-19.531250,25000000.000
5850,2008,-19.531250,25000000.000
5851,2008,-19.531250,25000000.000
5852,2012,-17.578125,25000000.000
5853,2014,-16.601562,25000000.000
5854,2018,-14.648438,25000000.000
5855,2019,-14.160156,25000000.000
5856,2026,-10.742188,25000000.000
5857,2033,-7.324219,25000000.000
5858,2038,-4.882812,25000000.000
5859,2039,-4.394531,25000000.000
5860,2050,0.976562,25000000.000
5861,2056,3.906250,25000000.000
5862,2061,6.347656,25000000.000
5863,2062,6.835938,25000000.000
5864,2072,11.718750,25000000.000
5865,2075,13.183594,25000000.000
5866,2078,14.648438,25000000.000
5867,2079,15.136719,25000000.000
5868,2083,17.089844,25000000.000
5869,2083,17.089844,25000000.000
5870,2083,17.089844,25000000.000
5871,2084,17.578125,25000000.000
5872,2081,16.113281,25000000.000
5873,2078,14.648438,25000000.000
5874,2075,13.183594,25000000.000
5875,2074,12.695312,25000000.000
5876,2067,9.277344,25000000.000
5877,2061,6.347656,25000000.000
5878,2056,3.906250,25000000.000
5879,2055,3.417969,25000000.000
5880,2043,-2.441406,25000000.000
5881,2039,-4.394531,25000000.000
5882,2033,-7.324219,25000000.000
5883,2032,-7.812500,25000000.000
5884,2022,-12.695312,25000000.000
5885,2018,-14.648438,25000000.000
5886,2014,-16.601562,25000000.000
5887,2014,-16.601562,25000000.000
5888,2008,-19.531250,25000000.000
5889,2008,-19.531250,25000000.000
5890,2008,-19.531250,25000000.000
5891,2008,-19.531250,25000000.000
5892,2009,-19.042969,25000000.000
5893,2011,-18.066406,25000000.000
5894,2014,-16.601562,25000000.000
5895,2015,-16.113281,25000000.000
5896,2022,-12.695312,25000000.000
5897,2027,-10.253906,25000000.000
5898,2033,-7.324219,25000000.000
5899,2033,-7.324219,25000000.000
5900,2044,-1.953125,25000000.000
5901,2050,0.976562,25000000.000
5902,2056,3.906250,25000000.000
5903,2056,3.906250,25000000.000
5904,2066,8.789062,25000000.000
5905,2072,11.718750,25000000.000
5906,2076,13.671875,25000000.000
5907,2076,13.671875,25000000.000
5908,2083,17.089844,25000000.000
5909,2084,17.578125,25000000.000
5910,2084,17.578125,25000000.000
5911,2083,17.089844,25000000.000
5912,2083,17.089844,25000000.000
5913,2082,16.601562,25000000.000
5914,2079,15.136719,25000000.000
5915,2079,15.136719,25000000.000
5916,2071,11.230469,25000000.000
5917,2066,8.789062,25000000.000
5918,2062,6.835938,25000000.000
5919,2061,6.347656,25000000.000
5920,2051,1.464844,25000000.000
5921,2045,-1.464844,25000000.000
5922,2040,-3.906250,25000000.000
5923,2038,-4.882812,25000000.000
5924,2027,-10.253906,25000000.000
5925,2023,-12.207031,25000000.000
5926,2018,-14.648438,25000000.000
5927,2018,-14.648438,25000000.000
5928,2013,-17.089844,25000000.000
5929,2010,-18.554688,25000000.000
5930,2009,-19.042969,25000000.000
5931,2009,-19.042969,25000000.000
5932,2008,-19.531250,25000000.000
5933,2009,-19.042969,25000000.000
5934,2012,-17.578125,25000000.000
5935,2012,-17.578125,25000000.000
5936,2020,-13.671875,25000000.000
5937,2023,-12.207031,25000000.000
5938,2028,-9.765625,25000000.000
5939,2028,-9.765625,25000000.000
5940,2039,-4.394531,25000000.000
5941,2045,-1.464844,25000000.000
5942,2051,1.464844,25000000.000
5943,2053,2.441406,25000000.000
5944,2062,6.835938,25000000.000
5945,2068,9.765625,25000000.000
5946,2072,11.718750,25000000.000
5947,2073,12.207031,25000000.000
5948,2081,16.113281,25000000.000
5949,2082,16.601562,25000000.000
5950,2085,18.066406,25000000.000
5951,2085,18.066406,25000000.000
5952,2085,18.066406,25000000.000
5953,2084,17.578125,25000000.000
5954,2082,16.601562,25000000.000
5955,2081,16.113281,25000000.000
5956,2075,13.183594,25000000.000
5957,2071,11.230469,25000000.000
5958,2067,9.277344,25000000.000
5959,2066,8.789062,25000000.000
5960,2055,3.417969,25000000.000
5961,2050,0.976562,25000000.000
5962,2044,-1.953125,25000000.000
5963,2043,-2.441406,25000000.000
5964,2034,-6.835938,25000000.000
5965,2028,-9.765625,25000000.000
5966,2023,-12.207031,25000000.000
5967,2022,-12.695312,25000000.000
5968,2015,-16.113281,25000000.000
5969,2012,-17.578125,25000000.000
5970,2011,-18.066406,25000000.000
5971,2010,-18.554688,25000000.000
5972,2008,-19.531250,25000000.000
5973,2008,-19.531250,25000000.000
5974,2010,-18.554688,25000000.000
5975,2010,-18.554688,25000000.000
5976,2015,-16.113281,25000000.000
5977,2018,-14.648438,25000000.000
5978,2023,-12.207031,25000000.000
5979,2023,-12.207031,25000000.000
5980,2033,-7.324219,25000000.000
5981,2039,-4.394531,25000000.000
5982,2044,-1.953125,25000000.000
5983,2045,-1.464844,25000000.000
5984,2057,4.394531,25000000.000
5985,2062,6.835938,25000000.000
5986,2066,8.789062,25000000.000
5987,2068,9.765625,25000000.000
5988,2076,13.671875,25000000.000
5989,2080,15.625000,25000000.000
5990,2082,16.601562,25000000.000
5991,2081,16.113281,25000000.000
5992,2084,17.578125,25000000.000
5993,2084,17.578125,25000000.000
5994,2082,16.601562,25000000.000
5995,2081,16.113281,25000000.000
5996,2078,14.648438,25000000.000
5997,2073,12.207031,25000000.000
5998,2070,10.742188,25000000.000
5999,2068,9.765625,25000000.000
6000,2059,5.371094,25000000.000
6001,2054,2.929688,25000000.000
6002,2049,0.488281,25000000.000
6003,2047,-0.488281,25000000.000
6004,2035,-6.347656,25000000.000
6005,2032,-7.812500,25000000.000
6006,2024,-11.718750,25000000.000
6007,2025,-11.230469,25000000.000
6008,2016,-15.625000,25000000.000
6009,2013,-17.089844,25000000.000
6010,2010,-18.554688,25000000.000
6011,2010,-18.554688,25000000.000
6012,2006,-20.507812,25000000.000
6013,2006,-20.507812,25000000.000
6014,2006,-20.507812,25000000.000
6015,2007,-20.019531,25000000.000
6016,2012,-17.578125,25000000.000
6017,2014,-16.601562,25000000.000
6018,2019,-14.160156,25000000.000
6019,2019,-14.160156,25000000.000
6020,2030,-8.789062,25000000.000
6021,2029,-9.277344,25000000.000
6022,2044,-1.953125,25000000.000
6023,2033,-7.324219,25000000.000
6024,2053,2.441406,25000000.000
6025,2057,4.394531,25000000.000
6026,2063,7.324219,25000000.000
6027,2063,7.324219,25000000.000
6028,2074,12.695312,25000000.000
6029,2077,14.160156,25000000.000
6030,2080,15.625000,25000000.000
6031,2080,15.625000,25000000.000
6032,2084,17.578125,25000000.000
6033,2084,17.578125,25000000.000
6034,2083,17.089844,25000000.000
6035,2085,18.066406,25000000.000
6036,2080,15.625000,25000000.000
6037,2076,13.671875,25000000.000
6038,2073,12.207031,25000000.000
6039,2073,12.207031,25000000.000
6040,2064,7.812500,25000000.000
6041,2059,5.371094,25000000.000
6042,2052,1.953125,25000000.000
6043,2052,1.953125,25000000.000
6044,2040,-3.906250,25000000.000
6045,2036,-5.859375,25000000.000
6046,2029,-9.277344,25000000.000
6047,2029,-9.277344,25000000.000
6048,2019,-14.160156,25000000.000
6049,2016,-15.625000,25000000.000
6050,2012,-17.578125,25000000.000
6051,2012,-17.578125,25000000.000
6052,2008,-19.531250,25000000.000
6053,2007,-20.019531,25000000.000
6054,2007,-20.019531,25000000.000
6055,2007,-20.019531,25000000.000
6056,2009,-19.042969,25000000.000
6057,2012,-17.578125,25000000.000
6058,2016,-15.625000,25000000.000
6059,2016,-15.625000,25000000.000
6060,2024,-11.718750,25000000.000
6061,2029,-9.277344,25000000.000
6062,2036,-5.859375,25000000.000
6063,2036,-5.859375,25000000.000
6064,2047,-0.488281,25000000.000
6065,2054,2.929688,25000000.000
6066,2060,5.859375,25000000.000
6067,2060,5.859375,25000000.000
6068,2069,10.253906,25000000.000
6069,2073,12.207031,25000000.000
6070,2078,14.648438,25000000.000
6071,2078,14.648438,25000000.000
6072,2083,17.089844,25000000.000
6073,2086,18.554688,25000000.000
6074,2084,17.578125,25000000.000
6075,2086,18.554688,25000000.000
6076,2082,16.601562,25000000.000
6077,2080,15.625000,25000000.000
6078,2077,14.160156,25000000.000
6079,2077,14.160156,25000000.000
6080,2068,9.765625,25000000.000
6081,2064,7.812500,25000000.000
6082,2058,4.882812,25000000.000
6083,2057,4.394531,25000000.000
6084,2047,-0.488281,25000000.000
6085,2042,-2.929688,25000000.000
6086,2036,-5.859375,25000000.000
6087,2035,-6.347656,25000000.000
6088,2026,-10.742188,25000000.000
6089,2021,-13.183594,25000000.000
6090,2016,-15.625000,25000000.000
6091,2016,-15.625000,25000000.000
6092,2011,-18.066406,25000000.000
6093,2010,-18.554688,25000000.000
6094,2008,-19.531250,25000000.000
6095,2008,-19.531250,25000000.000
6096,2009,-19.042969,25000000.000
6097,2011,-18.066406,25000000.000
6098,2014,-16.601562,25000000.000
6099,2014,-16.601562,25000000.000
6100,2021,-13.183594,25000000.000
6101,2026,-10.742188,25000000.000
6102,2032,-7.812500,25000000.000
6103,2032,-7.812500,25000000.000
6104,2042,-2.929688,25000000.000
6105,2047,-0.488281,25000000.000
6106,2054,2.929688,25000000.000
6107,2054,2.929688,25000000.000
6108,2065,8.300781,25000000.000
6109,2071,11.230469,25000000.000
6110,2075,13.183594,25000000.000
6111,2075,13.183594,25000000.000
6112,2082,16.601562,25000000.000
6113,2084,17.578125,25000000.000
6114,2084,17.578125,25000000.000
6115,2084,17.578125,25000000.000
6116,2085,18.066406,25000000.000
6117,2083,17.089844,25000000.000
6118,2080,15.625000,25000000.000
6119,2081,16.113281,25000000.000
6120,2073,12.207031,25000000.000
6121,2068,9.765625,25000000.000
6122,2063,7.324219,25000000.000
6123,2063,7.324219,25000000.000
6124,2052,1.953125,25000000.000
6125,2047,-0.488281,25000000.000
6126,2041,-3.417969,25000000.000
6127,2040,-3.906250,25000000.000
6128,2029,-9.277344,25000000.000
6129,2026,-10.742188,25000000.000
6130,2021,-13.183594,25000000.000
6131,2020,-13.671875,25000000.000
6132,2013,-17.089844,25000000.000
6133,2010,-18.554688,25000000.000
6134,2009,-19.042969,25000000.000
6135,2009,-19.042969,25000000.000
6136,2008,-19.531250,25000000.000
6137,2009,-19.042969,25000000.000
6138,2011,-18.066406,25000000.000
6139,2011,-18.066406,25000000.000
6140,2017,-15.136719,25000000.000
6141,2021,-13.183594,25000000.000
6142,2025,-11.230469,25000000.000
6143,2026,-10.742188,25000000.000
6144,2036,-5.859375,25000000.000
6145,2043,-2.441406,25000000.000
6146,2048,0.000000,25000000.000
6147,2049,0.488281,25000000.000
6148,2060,5.859375,25000000.000
6149,2065,8.300781,25000000.000
6150,2070,10.742188,25000000.000
6151,2071,11.230469,25000000.000
6152,2079,15.136719,25000000.000
6153,2081,16.113281,25000000.000
6154,2082,16.601562,25000000.000
6155,2083,17.089844,25000000.000
6156,2084,17.578125,25000000.000
6157,2082,16.601562,25000000.000
6158,2082,16.601562,25000000.000
6159,2081,16.113281,25000000.000
6160,2076,13.671875,25000000.000
6161,2072,11.718750,25000000.000
6162,2068,9.765625,25000000.000
6163,2067,9.277344,25000000.000
6164,2056,3.906250,25000000.000
6165,2050,0.976562,25000000.000
6166,2046,-0.976562,25000000.000
6167,2045,-1.464844,25000000.000
6168,2035,-6.347656,25000000.000
6169,2028,-9.765625,25000000.000
6170,2023,-12.207031,25000000.000
6171,2023,-12.207031,25000000.000
6172,2017,-15.136719,25000000.000
6173,2011,-18.066406,25000000.000
6174,2009,-19.042969,25000000.000
6175,2009,-19.042969,25000000.000
6176,2007,-20.019531,25000000.000
6177,2008,-19.531250,25000000.000
6178,2010,-18.554688,25000000.000
6179,2009,-19.042969,25000000.000
6180,2014,-16.601562,25000000.000
6181,2017,-15.136719,25000000.000
6182,2022,-12.695312,25000000.000
6183,2022,-12.695312,25000000.000
6184,2032,-7.812500,25000000.000
6185,2038,-4.882812,25000000.000
6186,2044,-1.953125,25000000.000
6187,2045,-1.464844,25000000.000
6188,2055,3.417969,25000000.000
6189,2060,5.859375,25000000.000
6190,2066,8.789062,25000000.000
6191,2065,8.300781,25000000.000
6192,2075,13.183594,25000000.000
6193,2078,14.648438,25000000.000
6194,2080,15.625000,25000000.000
6195,2081,16.113281,25000000.000
6196,2084,17.578125,25000000.000
6197,2083,17.089844,25000000.000
6198,2082,16.601562,25000000.000
6199,2082,16.601562,25000000.000
6200,2078,14.648438,25000000.000
6201,2075,13.183594,25000000.000
6202,2071,11.230469,25000000.000
6203,2070,10.742188,25000000.000
6204,2062,6.835938,25000000.000
6205,2056,3.906250,25000000.000
6206,2050,0.976562,25000000.000
6207,2050,0.976562,25000000.000
6208,2038,-4.882812,25000000.000
6209,2032,-7.812500,25000000.000
6210,2029,-9.277344,25000000.000
6211,2028,-9.765625,25000000.000
6212,2020,-13.671875,25000000.000
6213,2015,-16.113281,25000000.000
6214,2011,-18.066406,25000000.000
6215,2012,-17.578125,25000000.000
6216,2008,-19.531250,25000000.000
6217,2007,-20.019531,25000000.000
6218,2009,-19.042969,25000000.000
6219,2008,-19.531250,25000000.000
6220,2011,-18.066406,25000000.000
6221,2014,-16.601562,25000000.000
6222,2018,-14.648438,25000000.000
6223,2019,-14.160156,25000000.000
6224,2027,-10.253906,25000000.000
6225,2032,-7.812500,25000000.000
6226,2038,-4.882812,25000000.000
6227,2039,-4.394531,25000000.000
6228,2049,0.488281,25000000.000
6229,2056,3.906250,25000000.000
6230,2061,6.347656,25000000.000
6231,2062,6.835938,25000000.000
6232,2070,10.742188,25000000.000
6233,2075,13.183594,25000000.000
6234,2077,14.160156,25000000.000
6235,2078,14.648438,25000000.000
6236,2082,16.601562,25000000.000
6237,2082,16.601562,25000000.000
6238,2082,16.601562,25000000.000
6239,2083,17.089844,25000000.000
6240,2079,15.136719,25000000.000
6241,2077,14.160156,25000000.000
6242,2074,12.695312,25000000.000
6243,2073,12.207031,25000000.000
6244,2065,8.300781,25000000.000
6245,2061,6.347656,25000000.000
6246,2055,3.417969,25000000.000
6247,2054,2.929688,25000000.000
6248,2044,-1.953125,25000000.000
6249,2039,-4.394531,25000000.000
6250,2034,-6.835938,25000000.000
6251,2032,-7.812500,25000000.000
6252,2024,-11.718750,25000000.000
6253,2019,-14.160156,25000000.000
6254,2016,-15.625000,25000000.000
6255,2015,-16.113281,25000000.000
6256,2010,-18.554688,25000000.000
6257,2010,-18.554688,25000000.000
6258,2008,-19.531250,25000000.000
6259,2009,-19.042969,25000000.000
6260,2011,-18.066406,25000000.000
6261,2012,-17.578125,25000000.000
6262,2015,-16.113281,25000000.000
6263,2016,-15.625000,25000000.000
6264,2023,-12.207031,25000000.000
6265,2029,-9.277344,25000000.000
6266,2033,-7.324219,25000000.000
6267,2034,-6.835938,25000000.000
6268,2045,-1.464844,25000000.000
6269,2050,0.976562,25000000.000
6270,2056,3.906250,25000000.000
6271,2057,4.394531,25000000.000
6272,2067,9.277344,25000000.000
6273,2073,12.207031,25000000.000
6274,2076,13.671875,25000000.000
6275,2076,13.671875,25000000.000
6276,2081,16.113281,25000000.000
6277,2082,16.601562,25000000.000
6278,2083,17.089844,25000000.000
6279,2082,16.601562,25000000.000
6280,2082,16.601562,25000000.000
6281,2080,15.625000,25000000.000
6282,2076,13.671875,25000000.000
6283,2077,14.160156,25000000.000
6284,2069,10.253906,25000000.000
6285,2064,7.812500,25000000.000
6286,2059,5.371094,25000000.000
6287,2059,5.371094,25000000.000
6288,2048,0.000000,25000000.000
6289,2044,-1.953125,25000000.000
6290,2038,-4.882812,25000000.000
6291,2037,-5.371094,25000000.000
6292,2027,-10.253906,25000000.000
6293,2023,-12.207031,25000000.000
6294,2018,-14.648438,25000000.000
6295,2018,-14.648438,25000000.000
6296,2013,-17.089844,25000000.000
6297,2011,-18.066406,25000000.000
6298,2009,-19.042969,25000000.000
6299,2010,-18.554688,25000000.000
6300,2009,-19.042969,25000000.000
6301,2011,-18.066406,25000000.000
6302,2013,-17.089844,25000000.000
6303,2014,-16.601562,25000000.000
6304,2020,-13.671875,25000000.000
6305,2026,-10.742188,25000000.000
6306,2030,-8.789062,25000000.000
6307,2030,-8.789062,25000000.000
6308,2040,-3.906250,25000000.000
6309,2047,-0.488281,25000000.000
6310,2053,2.441406,25000000.000
6311,2054,2.929688,25000000.000
6312,2064,7.812500,25000000.000
6313,2069,10.253906,25000000.000
6314,2073,12.207031,25000000.000
6315,2073,12.207031,25000000.000
6316,2079,15.136719,25000000.000
6317,2084,17.578125,25000000.000
6318,2084,17.578125,25000000.000
6319,2084,17.578125,25000000.000
6320,2082,16.601562,25000000.000
6321,2081,16.113281,25000000.000
6322,2080,15.625000,25000000.000
6323,2080,15.625000,25000000.000
6324,2072,11.718750,25000000.000
6325,2068,9.765625,25000000.000
6326,2064,7.812500,25000000.000
6327,2064,7.812500,25000000.000
6328,2052,1.953125,25000000.000
6329,2047,-0.488281,25000000.000
6330,2042,-2.929688,25000000.000
6331,2041,-3.417969,25000000.000
6332,2030,-8.789062,25000000.000
6333,2025,-11.230469,25000000.000
6334,2020,-13.671875,25000000.000
6335,2020,-13.671875,25000000.000
6336,2014,-16.601562,25000000.000
6337,2011,-18.066406,25000000.000
6338,2010,-18.554688,25000000.000
6339,2009,-19.042969,25000000.000
6340,2009,-19.042969,25000000.000
6341,2010,-18.554688,25000000.000
6342,2011,-18.066406,25000000.000
6343,2011,-18.066406,25000000.000
6344,2017,-15.136719,25000000.000
6345,2021,-13.183594,25000000.000
6346,2026,-10.742188,25000000.000
6347,2026,-10.742188,25000000.000
6348,2037,-5.371094,25000000.000
6349,2042,-2.929688,25000000.000
6350,2047,-0.488281,25000000.000
6351,2049,0.488281,25000000.000
6352,2059,5.371094,25000000.000
6353,2064,7.812500,25000000.000
6354,2071,11.230469,25000000.000
6355,2070,10.742188,25000000.000
6356,2077,14.160156,25000000.000
6357,2080,15.625000,25000000.000
6358,2082,16.601562,25000000.000
6359,2083,17.089844,25000000.000
6360,2084,17.578125,25000000.000
6361,2083,17.089844,25000000.000
6362,2083,17.089844,25000000.000
6363,2083,17.089844,25000000.000
6364,2077,14.160156,25000000.000
6365,2073,12.207031,25000000.000
6366,2070,10.742188,25000000.000
6367,2068,9.765625,25000000.000
6368,2059,5.371094,25000000.000
6369,2054,2.929688,25000000.000
6370,2046,-0.976562,25000000.000
6371,2047,-0.488281,25000000.000
6372,2039,-4.394531,25000000.000
6373,2030,-8.789062,25000000.000
6374,2025,-11.230469,25000000.000
6375,2024,-11.718750,25000000.000
6376,2017,-15.136719,25000000.000
6377,2012,-17.578125,25000000.000
6378,2011,-18.066406,25000000.000
6379,2010,-18.554688,25000000.000
6380,2008,-19.531250,25000000.000
6381,2008,-19.531250,25000000.000
6382,2009,-19.042969,25000000.000
6383,2008,-19.531250,25000000.000
6384,2013,-17.089844,25000000.000
6385,2016,-15.625000,25000000.000
6386,2021,-13.183594,25000000.000
6387,2021,-13.183594,25000000.000
6388,2031,-8.300781,25000000.000
6389,2036,-5.859375,25000000.000
6390,2041,-3.417969,25000000.000
6391,2043,-2.441406,25000000.000
6392,2054,2.929688,25000000.000
6393,2059,5.371094,25000000.000
6394,2064,7.812500,25000000.000
6395,2065,8.300781,25000000.000
6396,2074,12.695312,25000000.000
6397,2077,14.160156,25000000.000
6398,2080,15.625000,25000000.000
6399,2080,15.625000,25000000.000
6400,2083,17.089844,25000000.000
6401,2083,17.089844,25000000.000
6402,2082,16.601562,25000000.000
6403,2083,17.089844,25000000.000
6404,2079,15.136719,25000000.000
6405,2074,12.695312,25000000.000
6406,2071,11.230469,25000000.000
6407,2071,11.230469,25000000.000
6408,2062,6.835938,25000000.000
6409,2057,4.394531,25000000.000
6410,2052,1.953125,25000000.000
6411,2051,1.464844,25000000.000
6412,2040,-3.906250,25000000.000
6413,2034,-6.835938,25000000.000
6414,2029,-9.277344,25000000.000
6415,2028,-9.765625,25000000.000
6416,2020,-13.671875,25000000.000
6417,2015,-16.113281,25000000.000
6418,2012,-17.578125,25000000.000
6419,2010,-18.554688,25000000.000
6420,2008,-19.531250,25000000.000
6421,2007,-20.019531,25000000.000
6422,2006,-20.507812,25000000.000
6423,2007,-20.019531,25000000.000
6424,2010,-18.554688,25000000.000
6425,2013,-17.089844,25000000.000
6426,2015,-16.113281,25000000.000
6427,2016,-15.625000,25000000.000
6428,2024,-11.718750,25000000.000
6429,2031,-8.300781,25000000.000
6430,2036,-5.859375,25000000.000
6431,2037,-5.371094,25000000.000
6432,2048,0.000000,25000000.000
6433,2055,3.417969,25000000.000
6434,2060,5.859375,25000000.000
6435,2060,5.859375,25000000.000
6436,2070,10.742188,25000000.000
6437,2074,12.695312,25000000.000
6438,2078,14.648438,25000000.000
6439,2078,14.648438,25000000.000
6440,2082,16.601562,25000000.000
6441,2084,17.578125,25000000.000
6442,2083,17.089844,25000000.000
6443,2084,17.578125,25000000.000
6444,2082,16.601562,25000000.000
6445,2079,15.136719,25000000.000
6446,2076,13.671875,25000000.000
6447,2075,13.183594,25000000.000
6448,2067,9.277344,25000000.000
6449,2063,7.324219,25000000.000
6450,2056,3.906250,25000000.000
6451,2056,3.906250,25000000.000
6452,2045,-1.464844,25000000.000
6453,2040,-3.906250,25000000.000
6454,2034,-6.835938,25000000.000
6455,2033,-7.324219,25000000.000
6456,2023,-12.207031,25000000.000
6457,2020,-13.671875,25000000.000
6458,2016,-15.625000,25000000.000
6459,2015,-16.113281,25000000.000
6460,2010,-18.554688,25000000.000
6461,2008,-19.531250,25000000.000
6462,2007,-20.019531,25000000.000
6463,2007,-20.019531,25000000.000
6464,2009,-19.042969,25000000.000
6465,2011,-18.066406,25000000.000
6466,2014,-16.601562,25000000.000
6467,2013,-17.089844,25000000.000
6468,2022,-12.695312,25000000.000
6469,2028,-9.765625,25000000.000
6470,2032,-7.812500,25000000.000
6471,2033,-7.324219,25000000.000
6472,2045,-1.464844,25000000.000
6473,2051,1.464844,25000000.000
6474,2053,2.441406,25000000.000
6475,2054,2.929688,25000000.000
6476,2065,8.300781,25000000.000
6477,2068,9.765625,25000000.000
6478,2074,12.695312,25000000.000
6479,2074,12.695312,25000000.000
6480,2081,16.113281,25000000.000
6481,2082,16.601562,25000000.000
6482,2082,16.601562,25000000.000
6483,2082,16.601562,25000000.000
6484,2082,16.601562,25000000.000
6485,2082,16.601562,25000000.000
6486,2078,14.648438,25000000.000
6487,2078,14.648438,25000000.000
6488,2071,11.230469,25000000.000
6489,2068,9.765625,25000000.000
6490,2062,6.835938,25000000.000
6491,2062,6.835938,25000000.000
6492,2050,0.976562,25000000.000
6493,2045,-1.464844,25000000.000
6494,2039,-4.394531,25000000.000
6495,2039,-4.394531,25000000.000
6496,2029,-9.277344,25000000.000
6497,2024,-11.718750,25000000.000
6498,2020,-13.671875,25000000.000
6499,2018,-14.648438,25000000.000
6500,2013,-17.089844,25000000.000
6501,2009,-19.042969,25000000.000
6502,2009,-19.042969,25000000.000
6503,2009,-19.042969,25000000.000
6504,2009,-19.042969,25000000.000
6505,2011,-18.066406,25000000.000
6506,2013,-17.089844,25000000.000
6507,2012,-17.578125,25000000.000
6508,2019,-14.160156,25000000.000
6509,2024,-11.718750,25000000.000
6510,2029,-9.277344,25000000.000
6511,2030,-8.789062,25000000.000
6512,2040,-3.906250,25000000.000
6513,2047,-0.488281,25000000.000
6514,2051,1.464844,25000000.000
6515,2053,2.441406,25000000.000
6516,2063,7.324219,25000000.000
6517,2068,9.765625,25000000.000
6518,2072,11.718750,25000000.000
6519,2073,12.207031,25000000.000
6520,2081,16.113281,25000000.000
6521,2082,16.601562,25000000.000
6522,2084,17.578125,25000000.000
6523,2083,17.089844,25000000.000
6524,2084,17.578125,25000000.000
6525,2083,17.089844,25000000.000
6526,2081,16.113281,25000000.000
6527,2081,16.113281,25000000.000
6528,2076,13.671875,25000000.000
6529,2071,11.230469,25000000.000
6530,2067,9.277344,25000000.000
6531,2065,8.300781,25000000.000
6532,2055,3.417969,25000000.000
6533,2050,0.976562,25000000.000
6534,2045,-1.464844,25000000.000
6535,2043,-2.441406,25000000.000
6536,2033,-7.324219,25000000.000
6537,2027,-10.253906,25000000.000
6538,2023,-12.207031,25000000.000
6539,2021,-13.183594,25000000.000
6540,2014,-16.601562,25000000.000
6541,2012,-17.578125,25000000.000
6542,2009,-19.042969,25000000.000
6543,2009,-19.042969,25000000.000
6544,2008,-19.531250,25000000.000
6545,2008,-19.531250,25000000.000
6546,2010,-18.554688,25000000.000
6547,2010,-18.554688,25000000.000
6548,2016,-15.625000,25000000.000
6549,2019,-14.160156,25000000.000
6550,2024,-11.718750,25000000.000
6551,2024,-11.718750,25000000.000
6552,2034,-6.835938,25000000.000
6553,2040,-3.906250,25000000.000
6554,2046,-0.976562,25000000.000
6555,2046,-0.976562,25000000.000
6556,2057,4.394531,25000000.000
6557,2064,7.812500,25000000.000
6558,2069,10.253906,25000000.000
6559,2068,9.765625,25000000.000
6560,2077,14.160156,25000000.000
6561,2080,15.625000,25000000.000
6562,2082,16.601562,25000000.000
6563,2083,17.089844,25000000.000
6564,2084,17.578125,25000000.000
6565,2083,17.089844,25000000.000
6566,2082,16.601562,25000000.000
6567,2082,16.601562,25000000.000
6568,2078,14.648438,25000000.000
6569,2074,12.695312,25000000.000
6570,2069,10.253906,25000000.000
6571,2069,10.253906,25000000.000
6572,2059,5.371094,25000000.000
6573,2054,2.929688,25000000.000
6574,2048,0.000000,25000000.000
6575,2047,-0.488281,25000000.000
6576,2037,-5.371094,25000000.000
6577,2029,-9.277344,25000000.000
6578,2026,-10.742188,25000000.000
6579,2026,-10.742188,25000000.000
6580,2017,-15.136719,25000000.000
6581,2013,-17.089844,25000000.000
6582,2011,-18.066406,25000000.000
6583,2011,-18.066406,25000000.000
6584,2008,-19.531250,25000000.000
6585,2007,-20.019531,25000000.000
6586,2008,-19.531250,25000000.000
6587,2008,-19.531250,25000000.000
6588,2013,-17.089844,25000000.000
6589,2016,-15.625000,25000000.000
6590,2019,-14.160156,25000000.000
6591,2020,-13.671875,25000000.000
6592,2030,-8.789062,25000000.000
6593,2035,-6.347656,25000000.000
6594,2040,-3.906250,25000000.000
6595,2041,-3.417969,25000000.000
6596,2052,1.953125,25000000.000
6597,2058,4.882812,25000000.000
6598,2063,7.324219,25000000.000
6599,2062,6.835938,25000000.000
6600,2073,12.207031,25000000.000
6601,2075,13.183594,25000000.000
6602,2080,15.625000,25000000.000
6603,2079,15.136719,25000000.000
6604,2082,16.601562,25000000.000
6605,2083,17.089844,25000000.000
6606,2082,16.601562,25000000.000
6607,2082,16.601562,25000000.000
6608,2078,14.648438,25000000.000
6609,2076,13.671875,25000000.000
6610,2072,11.718750,25000000.000
6611,2071,11.230469,25000000.000
6612,2064,7.812500,25000000.000
6613,2058,4.882812,25000000.000
6614,2053,2.441406,25000000.000
6615,2053,2.441406,25000000.000
6616,2041,-3.417969,25000000.000
6617,2036,-5.859375,25000000.000
6618,2031,-8.300781,25000000.000
6619,2030,-8.789062,25000000.000
6620,2021,-13.183594,25000000.000
6621,2017,-15.136719,25000000.000
6622,2013,-17.089844,25000000.000
6623,2013,-17.089844,25000000.000
6624,2009,-19.042969,25000000.000
6625,2008,-19.531250,25000000.000
6626,2007,-20.019531,25000000.000
6627,2008,-19.531250,25000000.000
6628,2010,-18.554688,25000000.000
6629,2012,-17.578125,25000000.000
6630,2016,-15.625000,25000000.000
6631,2016,-15.625000,25000000.000
6632,2024,-11.718750,25000000.000
6633,2029,-9.277344,25000000.000
6634,2035,-6.347656,25000000.000
6635,2035,-6.347656,25000000.000
6636,2046,-0.976562,25000000.000
6637,2053,2.441406,25000000.000
6638,2057,4.394531,25000000.000
6639,2059,5.371094,25000000.000
6640,2068,9.765625,25000000.000
6641,2073,12.207031,25000000.000
6642,2076,13.671875,25000000.000
6643,2077,14.160156,25000000.000
6644,2083,17.089844,25000000.000
6645,2081,16.113281,25000000.000
6646,2085,18.066406,25000000.000
6647,2083,17.089844,25000000.000
6648,2081,16.113281,25000000.000
6649,2080,15.625000,25000000.000
6650,2076,13.671875,25000000.000
6651,2076,13.671875,25000000.000
6652,2069,10.253906,25000000.000
6653,2065,8.300781,25000000.000
6654,2057,4.394531,25000000.000
6655,2058,4.882812,25000000.000
6656,2047,-0.488281,25000000.000
6657,2042,-2.929688,25000000.000
6658,2035,-6.347656,25000000.000
6659,2036,-5.859375,25000000.000
6660,2025,-11.230469,25000000.000
6661,2021,-13.183594,25000000.000
6662,2017,-15.136719,25000000.000
6663,2017,-15.136719,25000000.000
6664,2011,-18.066406,25000000.000
6665,2009,-19.042969,25000000.000
6666,2008,-19.531250,25000000.000
6667,2008,-19.531250,25000000.000
6668,2008,-19.531250,25000000.000
6669,2011,-18.066406,25000000.000
6670,2014,-16.601562,25000000.000
6671,2014,-16.601562,25000000.000
6672,2022,-12.695312,25000000.000
6673,2025,-11.230469,25000000.000
6674,2031,-8.300781,25000000.000
6675,2033,-7.324219,25000000.000
6676,2043,-2.441406,25000000.000
6677,2048,0.000000,25000000.000
6678,2055,3.417969,25000000.000
6679,2054,2.929688,25000000.000
6680,2064,7.812500,25000000.000
6681,2069,10.253906,25000000.000
6682,2074,12.695312,25000000.000
6683,2074,12.695312,25000000.000
6684,2081,16.113281,25000000.000
6685,2082,16.601562,25000000.000
6686,2083,17.089844,25000000.000
6687,2084,17.578125,25000000.000
6688,2084,17.578125,25000000.000
6689,2081,16.113281,25000000.000
6690,2079,15.136719,25000000.000
6691,2079,15.136719,25000000.000
6692,2072,11.718750,25000000.000
6693,2067,9.277344,25000000.000
6694,2063,7.324219,25000000.000
6695,2063,7.324219,25000000.000
6696,2052,1.953125,25000000.000
6697,2047,-0.488281,25000000.000
6698,2041,-3.417969,25000000.000
6699,2040,-3.906250,25000000.000
6700,2030,-8.789062,25000000.000
6701,2025,-11.230469,25000000.000
6702,2021,-13.183594,25000000.000
6703,2020,-13.671875,25000000.000
6704,2015,-16.113281,25000000.000
6705,2012,-17.578125,25000000.000
6706,2010,-18.554688,25000000.000
6707,2009,-19.042969,25000000.000
6708,2009,-19.042969,25000000.000
6709,2011,-18.066406,25000000.000
6710,2012,-17.578125,25000000.000
6711,2012,-17.578125,25000000.000
6712,2019,-14.160156,25000000.000
6713,2023,-12.207031,25000000.000
6714,2027,-10.253906,25000000.000
6715,2027,-10.253906,25000000.000
6716,2037,-5.371094,25000000.000
6717,2047,-0.488281,25000000.000
6718,2046,-0.976562,25000000.000
6719,2052,1.953125,25000000.000
6720,2061,6.347656,25000000.000
6721,2067,9.277344,25000000.000
6722,2071,11.230469,25000000.000
6723,2071,11.230469,25000000.000
6724,2078,14.648438,25000000.000
6725,2081,16.113281,25000000.000
6726,2083,17.089844,25000000.000
6727,2083,17.089844,25000000.000
6728,2085,18.066406,25000000.000
6729,2083,17.089844,25000000.000
6730,2081,16.113281,25000000.000
6731,2082,16.601562,25000000.000
6732,2077,14.160156,25000000.000
6733,2072,11.718750,25000000.000
6734,2067,9.277344,25000000.000
6735,2068,9.765625,25000000.000
6736,2057,4.394531,25000000.000
6737,2051,1.464844,25000000.000
6738,2047,-0.488281,25000000.000
6739,2044,-1.953125,25000000.000
6740,2034,-6.835938,25000000.000
6741,2030,-8.789062,25000000.000
6742,2024,-11.718750,25000000.000
6743,2024,-11.718750,25000000.000
6744,2017,-15.136719,25000000.000
6745,2013,-17.089844,25000000.000
6746,2010,-18.554688,25000000.000
6747,2010,-18.554688,25000000.000
6748,2009,-19.042969,25000000.000
6749,2009,-19.042969,25000000.000
6750,2010,-18.554688,25000000.000
6751,2009,-19.042969,25000000.000
6752,2014,-16.601562,25000000.000
6753,2018,-14.648438,25000000.000
6754,2021,-13.183594,25000000.000
6755,2022,-12.695312,25000000.000
6756,2031,-8.300781,25000000.000
6757,2037,-5.371094,25000000.000
6758,2043,-2.441406,25000000.000
6759,2043,-2.441406,25000000.000
6760,2055,3.417969,25000000.000
6761,2060,5.859375,25000000.000
6762,2066,8.789062,25000000.000
6763,2066,8.789062,25000000.000
6764,2075,13.183594,25000000.000
6765,2077,14.160156,25000000.000
6766,2081,16.113281,25000000.000
6767,2080,15.625000,25000000.000
6768,2083,17.089844,25000000.000
6769,2084,17.578125,25000000.000
6770,2084,17.578125,25000000.000
6771,2081,16.113281,25000000.000
6772,2077,14.160156,25000000.000
6773,2074,12.695312,25000000.000
6774,2071,11.230469,25000000.000
6775,2070,10.742188,25000000.000
6776,2060,5.859375,25000000.000
6777,2056,3.906250,25000000.000
6778,2050,0.976562,25000000.000
6779,2048,0.000000,25000000.000
6780,2038,-4.882812,25000000.000
6781,2031,-8.300781,25000000.000
6782,2028,-9.765625,25000000.000
6783,2027,-10.253906,25000000.000
6784,2018,-14.648438,25000000.000
6785,2015,-16.113281,25000000.000
6786,2012,-17.578125,25000000.000
6787,2011,-18.066406,25000000.000
6788,2008,-19.531250,25000000.000
6789,2007,-20.019531,25000000.000
6790,2007,-20.019531,25000000.000
6791,2008,-19.531250,25000000.000
6792,2011,-18.066406,25000000.000
6793,2014,-16.601562,25000000.000
6794,2017,-15.136719,25000000.000
6795,2019,-14.160156,25000000.000
6796,2026,-10.742188,25000000.000
6797,2033,-7.324219,25000000.000
6798,2039,-4.394531,25000000.000
6799,2038,-4.882812,25000000.000
6800,2050,0.976562,25000000.000
6801,2056,3.906250,25000000.000
6802,2061,6.347656,25000000.000
6803,2061,6.347656,25000000.000
6804,2070,10.742188,25000000.000
6805,2074,12.695312,25000000.000
6806,2079,15.136719,25000000.000
6807,2079,15.136719,25000000.000
6808,2082,16.601562,25000000.000
6809,2083,17.089844,25000000.000
6810,2083,17.089844,25000000.000
6811,2083,17.089844,25000000.000
6812,2080,15.625000,25000000.000
6813,2078,14.648438,25000000.000
6814,2074,12.695312,25000000.000
6815,2074,12.695312,25000000.000
6816,2066,8.789062,25000000.000
6817,2060,5.859375,25000000.000
6818,2055,3.417969,25000000.000
6819,2055,3.417969,25000000.000
6820,2043,-2.441406,25000000.000
6821,2038,-4.882812,25000000.000
6822,2033,-7.324219,25000000.000
6823,2032,-7.812500,25000000.000
6824,2023,-12.207031,25000000.000
6825,2019,-14.160156,25000000.000
6826,2015,-16.113281,25000000.000
6827,2014,-16.601562,25000000.000
6828,2009,-19.042969,25000000.000
6829,2008,-19.531250,25000000.000
6830,2007,-20.019531,25000000.000
6831,2007,-20.019531,25000000.000
6832,2010,-18.554688,25000000.000
6833,2011,-18.066406,25000000.000
6834,2015,-16.113281,25000000.000
6835,2014,-16.601562,25000000.000
6836,2024,-11.718750,25000000.000
6837,2028,-9.765625,25000000.000
6838,2033,-7.324219,25000000.000
6839,2033,-7.324219,25000000.000
6840,2043,-2.441406,25000000.000
6841,2049,0.488281,25000000.000
6842,2056,3.906250,25000000.000
6843,2056,3.906250,25000000.000
6844,2066,8.789062,25000000.000
6845,2071,11.230469,25000000.000
6846,2075,13.183594,25000000.000
6847,2075,13.183594,25000000.000
6848,2080,15.625000,25000000.000
6849,2082,16.601562,25000000.000
6850,2082,16.601562,25000000.000
6851,2083,17.089844,25000000.000
6852,2082,16.601562,25000000.000
6853,2079,15.136719,25000000.000
6854,2077,14.160156,25000000.000
6855,2078,14.648438,25000000.000
6856,2069,10.253906,25000000.000
6857,2065,8.300781,25000000.000
6858,2060,5.859375,25000000.000
6859,2059,5.371094,25000000.000
6860,2049,0.488281,25000000.000
6861,2044,-1.953125,25000000.000
6862,2039,-4.394531,25000000.000
6863,2037,-5.371094,25000000.000
6864,2028,-9.765625,25000000.000
6865,2023,-12.207031,25000000.000
6866,2019,-14.160156,25000000.000
6867,2018,-14.648438,25000000.000
6868,2013,-17.089844,25000000.000
6869,2011,-18.066406,25000000.000
6870,2010,-18.554688,25000000.000
6871,2009,-19.042969,25000000.000
6872,2009,-19.042969,25000000.000
6873,2012,-17.578125,25000000.000
6874,2015,-16.113281,25000000.000
6875,2014,-16.601562,25000000.000
6876,2021,-13.183594,25000000.000
6877,2025,-11.230469,25000000.000
6878,2028,-9.765625,25000000.000
6879,2031,-8.300781,25000000.000
6880,2041,-3.417969,25000000.000
6881,2047,-0.488281,25000000.000
6882,2051,1.464844,25000000.000
6883,2053,2.441406,25000000.000
6884,2063,7.324219,25000000.000
6885,2067,9.277344,25000000.000
6886,2072,11.718750,25000000.000
6887,2072,11.718750,25000000.000
6888,2078,14.648438,25000000.000
6889,2081,16.113281,25000000.000
6890,2082,16.601562,25000000.000
6891,2082,16.601562,25000000.000
6892,2083,17.089844,25000000.000
6893,2082,16.601562,25000000.000
6894,2080,15.625000,25000000.000
6895,2078,14.648438,25000000.000
6896,2073,12.207031,25000000.000
6897,2069,10.253906,25000000.000
6898,2063,7.324219,25000000.000
6899,2063,7.324219,25000000.000
6900,2054,2.929688,25000000.000
6901,2048,0.000000,25000000.000
6902,2044,-1.953125,25000000.000
6903,2043,-2.441406,25000000.000
6904,2032,-7.812500,25000000.000
6905,2027,-10.253906,25000000.000
6906,2023,-12.207031,25000000.000
6907,2023,-12.207031,25000000.000
6908,2015,-16.113281,25000000.000
6909,2012,-17.578125,25000000.000
6910,2011,-18.066406,25000000.000
6911,2011,-18.066406,25000000.000
6912,2009,-19.042969,25000000.000
6913,2010,-18.554688,25000000.000
6914,2013,-17.089844,25000000.000
6915,2012,-17.578125,25000000.000
6916,2019,-14.160156,25000000.000
6917,2021,-13.183594,25000000.000
6918,2026,-10.742188,25000000.000
6919,2026,-10.742188,25000000.000
6920,2037,-5.371094,25000000.000
6921,2041,-3.417969,25000000.000
6922,2047,-0.488281,25000000.000
6923,2048,0.000000,25000000.000
6924,2059,5.371094,25000000.000
6925,2064,7.812500,25000000.000
6926,2068,9.765625,25000000.000
6927,2069,10.253906,25000000.000
6928,2076,13.671875,25000000.000
6929,2079,15.136719,25000000.000
6930,2081,16.113281,25000000.000
6931,2082,16.601562,25000000.000
6932,2083,17.089844,25000000.000
6933,2081,16.113281,25000000.000
6934,2081,16.113281,25000000.000
6935,2080,15.625000,25000000.000
6936,2076,13.671875,25000000.000
6937,2072,11.718750,25000000.000
6938,2067,9.277344,25000000.000
6939,2067,9.277344,25000000.000
6940,2058,4.882812,25000000.000
6941,2053,2.441406,25000000.000
6942,2048,0.000000,25000000.000
6943,2046,-0.976562,25000000.000
6944,2037,-5.371094,25000000.000
6945,2032,-7.812500,25000000.000
6946,2026,-10.742188,25000000.000
6947,2026,-10.742188,25000000.000
6948,2019,-14.160156,25000000.000
6949,2015,-16.113281,25000000.000
6950,2013,-17.089844,25000000.000
6951,2013,-17.089844,25000000.000
6952,2010,-18.554688,25000000.000
6953,2011,-18.066406,25000000.000
6954,2011,-18.066406,25000000.000
6955,2011,-18.066406,25000000.000
6956,2015,-16.113281,25000000.000
6957,2019,-14.160156,25000000.000
6958,2022,-12.695312,25000000.000
6959,2022,-12.695312,25000000.000
6960,2032,-7.812500,25000000.000
6961,2037,-5.371094,25000000.000
6962,2043,-2.441406,25000000.000
6963,2042,-2.929688,25000000.000
6964,2055,3.417969,25000000.000
6965,2058,4.882812,25000000.000
6966,2064,7.812500,25000000.000
6967,2065,8.300781,25000000.000
6968,2073,12.207031,25000000.000
6969,2077,14.160156,25000000.000
6970,2080,15.625000,25000000.000
6971,2080,15.625000,25000000.000
6972,2083,17.089844,25000000.000
6973,2083,17.089844,25000000.000
6974,2082,16.601562,25000000.000
6975,2081,16.113281,25000000.000
6976,2077,14.160156,25000000.000
6977,2075,13.183594,25000000.000
6978,2072,11.718750,25000000.000
6979,2069,10.253906,25000000.000
6980,2062,6.835938,25000000.000
6981,2056,3.906250,25000000.000
6982,2052,1.953125,25000000.000
6983,2050,0.976562,25000000.000
6984,2040,-3.906250,25000000.000
6985,2036,-5.859375,25000000.000
6986,2029,-9.277344,25000000.000
6987,2030,-8.789062,25000000.000
6988,2020,-13.671875,25000000.000
6989,2017,-15.136719,25000000.000
6990,2014,-16.601562,25000000.000
6991,2013,-17.089844,25000000.000
6992,2010,-18.554688,25000000.000
6993,2010,-18.554688,25000000.000
6994,2008,-19.531250,25000000.000
6995,2009,-19.042969,25000000.000
6996,2011,-18.066406,25000000.000
6997,2014,-16.601562,25000000.000
6998,2018,-14.648438,25000000.000
6999,2018,-14.648438,25000000.000
7000,2027,-10.253906,25000000.000
7001,2031,-8.300781,25000000.000
7002,2037,-5.371094,25000000.000
7003,2038,-4.882812,25000000.000
7004,2049,0.488281,25000000.000
7005,2055,3.417969,25000000.000
7006,2059,5.371094,25000000.000
7007,2060,5.859375,25000000.000
7008,2070,10.742188,25000000.000
7009,2074,12.695312,25000000.000
7010,2077,14.160156,25000000.000
7011,2078,14.648438,25000000.000
7012,2081,16.113281,25000000.000
7013,2082,16.601562,25000000.000
7014,2082,16.601562,25000000.000
7015,2083,17.089844,25000000.000
7016,2080,15.625000,25000000.000
7017,2078,14.648438,25000000.000
7018,2075,13.183594,25000000.000
7019,2073,12.207031,25000000.000
7020,2066,8.789062,25000000.000
7021,2060,5.859375,25000000.000
7022,2055,3.417969,25000000.000
7023,2055,3.417969,25000000.000
7024,2044,-1.953125,25000000.000
7025,2038,-4.882812,25000000.000
7026,2033,-7.324219,25000000.000
7027,2033,-7.324219,25000000.000
7028,2023,-12.207031,25000000.000
7029,2019,-14.160156,25000000.000
7030,2015,-16.113281,25000000.000
7031,2015,-16.113281,25000000.000
7032,2010,-18.554688,25000000.000
7033,2009,-19.042969,25000000.000
7034,2008,-19.531250,25000000.000
7035,2008,-19.531250,25000000.000
7036,2009,-19.042969,25000000.000
7037,2012,-17.578125,25000000.000
7038,2015,-16.113281,25000000.000
7039,2014,-16.601562,25000000.000
7040,2023,-12.207031,25000000.000
7041,2028,-9.765625,25000000.000
7042,2033,-7.324219,25000000.000
7043,2033,-7.324219,25000000.000
7044,2044,-1.953125,25000000.000
7045,2049,0.488281,25000000.000
7046,2056,3.906250,25000000.000
7047,2056,3.906250,25000000.000
7048,2067,9.277344,25000000.000
7049,2070,10.742188,25000000.000
7050,2075,13.183594,25000000.000
7051,2074,12.695312,25000000.000
7052,2081,16.113281,25000000.000
7053,2082,16.601562,25000000.000
7054,2083,17.089844,25000000.000
7055,2083,17.089844,25000000.000
7056,2083,17.089844,25000000.000
7057,2080,15.625000,25000000.000
7058,2077,14.160156,25000000.000
7059,2077,14.160156,25000000.000
7060,2070,10.742188,25000000.000
7061,2066,8.789062,25000000.000
7062,2060,5.859375,25000000.000
7063,2060,5.859375,25000000.000
7064,2049,0.488281,25000000.000
7065,2044,-1.953125,25000000.000
7066,2038,-4.882812,25000000.000
7067,2036,-5.859375,25000000.000
7068,2025,-11.230469,25000000.000
7069,2021,-13.183594,25000000.000
7070,2018,-14.648438,25000000.000
7071,2017,-15.136719,25000000.000
7072,2012,-17.578125,25000000.000
7073,2009,-19.042969,25000000.000
7074,2008,-19.531250,25000000.000
7075,2008,-19.531250,25000000.000
7076,2008,-19.531250,25000000.000
7077,2010,-18.554688,25000000.000
7078,2012,-17.578125,25000000.000
7079,2013,-17.089844,25000000.000
7080,2019,-14.160156,25000000.000
7081,2024,-11.718750,25000000.000
7082,2030,-8.789062,25000000.000
7083,2029,-9.277344,25000000.000
7084,2040,-3.906250,25000000.000
7085,2047,-0.488281,25000000.000
7086,2052,1.953125,25000000.000
7087,2052,1.953125,25000000.000
7088,2063,7.324219,25000000.000
7089,2069,10.253906,25000000.000
7090,2073,12.207031,25000000.000
7091,2074,12.695312,25000000.000
7092,2078,14.648438,25000000.000
7093,2081,16.113281,25000000.000
7094,2083,17.089844,25000000.000
7095,2084,17.578125,25000000.000
7096,2083,17.089844,25000000.000
7097,2082,16.601562,25000000.000
7098,2080,15.625000,25000000.000
7099,2081,16.113281,25000000.000
7100,2074,12.695312,25000000.000
7101,2069,10.253906,25000000.000
7102,2064,7.812500,25000000.000
7103,2063,7.324219,25000000.000
7104,2053,2.441406,25000000.000
7105,2048,0.000000,25000000.000
7106,2042,-2.929688,25000000.000
7107,2041,-3.417969,25000000.000
7108,2030,-8.789062,25000000.000
7109,2026,-10.742188,25000000.000
7110,2021,-13.183594,25000000.000
7111,2021,-13.183594,25000000.000
7112,2014,-16.601562,25000000.000
7113,2011,-18.066406,25000000.000
7114,2009,-19.042969,25000000.000
7115,2009,-19.042969,25000000.000
7116,2008,-19.531250,25000000.000
7117,2011,-18.066406,25000000.000
7118,2008,-19.531250,25000000.000
7119,2012,-17.578125,25000000.000
7120,2018,-14.648438,25000000.000
7121,2022,-12.695312,25000000.000
7122,2025,-11.230469,25000000.000
7123,2026,-10.742188,25000000.000
7124,2036,-5.859375,25000000.000
7125,2043,-2.441406,25000000.000
7126,2048,0.000000,25000000.000
7127,2049,0.488281,25000000.000
7128,2059,5.371094,25000000.000
7129,2065,8.300781,25000000.000
7130,2070,10.742188,25000000.000
7131,2072,11.718750,25000000.000
7132,2079,15.136719,25000000.000
7133,2081,16.113281,25000000.000
7134,2081,16.113281,25000000.000
7135,2083,17.089844,25000000.000
7136,2083,17.089844,25000000.000
7137,2084,17.578125,25000000.000
7138,2081,16.113281,25000000.000
7139,2081,16.113281,25000000.000
7140,2077,14.160156,25000000.000
7141,2072,11.718750,25000000.000
7142,2068,9.765625,25000000.000
7143,2068,9.765625,25000000.000
7144,2059,5.371094,25000000.000
7145,2053,2.441406,25000000.000
7146,2047,-0.488281,25000000.000
7147,2047,-0.488281,25000000.000
7148,2037,-5.371094,25000000.000
7149,2031,-8.300781,25000000.000
7150,2027,-10.253906,25000000.000
7151,2026,-10.742188,25000000.000
7152,2018,-14.648438,25000000.000
7153,2014,-16.601562,25000000.000
7154,2011,-18.066406,25000000.000
7155,2011,-18.066406,25000000.000
7156,2009,-19.042969,25000000.000
7157,2009,-19.042969,25000000.000
7158,2009,-19.042969,25000000.000
7159,2010,-18.554688,25000000.000
7160,2013,-17.089844,25000000.000
7161,2016,-15.625000,25000000.000
7162,2022,-12.695312,25000000.000
7163,2022,-12.695312,25000000.000
7164,2030,-8.789062,25000000.000
7165,2035,-6.347656,25000000.000
7166,2042,-2.929688,25000000.000
7167,2042,-2.929688,25000000.000
7168,2052,1.953125,25000000.000
7169,2058,4.882812,25000000.000
7170,2064,7.812500,25000000.000
7171,2065,8.300781,25000000.000
7172,2073,12.207031,25000000.000
7173,2078,14.648438,25000000.000
7174,2080,15.625000,25000000.000
7175,2080,15.625000,25000000.000
7176,2083,17.089844,25000000.000
7177,2083,17.089844,25000000.000
7178,2082,16.601562,25000000.000
7179,2082,16.601562,25000000.000
7180,2079,15.136719,25000000.000
7181,2076,13.671875,25000000.000
7182,2072,11.718750,25000000.000
7183,2072,11.718750,25000000.000
7184,2062,6.835938,25000000.000
7185,2057,4.394531,25000000.000
7186,2052,1.953125,25000000.000
7187,2050,0.976562,25000000.000
7188,2040,-3.906250,25000000.000
7189,2034,-6.835938,25000000.000
7190,2028,-9.765625,25000000.000
7191,2028,-9.765625,25000000.000
7192,2020,-13.671875,25000000.000
7193,2016,-15.625000,25000000.000
7194,2012,-17.578125,25000000.000
7195,2012,-17.578125,25000000.000
7196,2009,-19.042969,25000000.000
7197,2007,-20.019531,25000000.000
7198,2008,-19.531250,25000000.000
7199,2007,-20.019531,25000000.000
7200,2011,-18.066406,25000000.000
7201,2014,-16.601562,25000000.000
7202,2018,-14.648438,25000000.000
7203,2017,-15.136719,25000000.000
7204,2025,-11.230469,25000000.000
7205,2032,-7.812500,25000000.000
7206,2036,-5.859375,25000000.000
7207,2037,-5.371094,25000000.000
7208,2048,0.000000,25000000.000
7209,2054,2.929688,25000000.000
7210,2061,6.347656,25000000.000
7211,2061,6.347656,25000000.000
7212,2070,10.742188,25000000.000
7213,2073,12.207031,25000000.000
7214,2078,14.648438,25000000.000
7215,2078,14.648438,25000000.000
7216,2082,16.601562,25000000.000
7217,2084,17.578125,25000000.000
7218,2083,17.089844,25000000.000
7219,2083,17.089844,25000000.000
7220,2081,16.113281,25000000.000
7221,2078,14.648438,25000000.000
7222,2075,13.183594,25000000.000
7223,2074,12.695312,25000000.000
7224,2066,8.789062,25000000.000
7225,2061,6.347656,25000000.000
7226,2056,3.906250,25000000.000
7227,2056,3.906250,25000000.000
7228,2044,-1.953125,25000000.000
7229,2038,-4.882812,25000000.000
7230,2034,-6.835938,25000000.000
7231,2033,-7.324219,25000000.000
7232,2023,-12.207031,25000000.000
7233,2018,-14.648438,25000000.000
7234,2015,-16.113281,25000000.000
7235,2013,-17.089844,25000000.000
7236,2009,-19.042969,25000000.000
7237,2009,-19.042969,25000000.000
7238,2007,-20.019531,25000000.000
7239,2007,-20.019531,25000000.000
7240,2008,-19.531250,25000000.000
7241,2010,-18.554688,25000000.000
7242,2013,-17.089844,25000000.000
7243,2014,-16.601562,25000000.000
7244,2021,-13.183594,25000000.000
7245,2028,-9.765625,25000000.000
7246,2032,-7.812500,25000000.000
7247,2033,-7.324219,25000000.000
7248,2045,-1.464844,25000000.000
7249,2050,0.976562,25000000.000
7250,2054,2.929688,25000000.000
7251,2057,4.394531,25000000.000
7252,2066,8.789062,25000000.000
7253,2071,11.230469,25000000.000
7254,2075,13.183594,25000000.000
7255,2075,13.183594,25000000.000
7256,2081,16.113281,25000000.000
7257,2083,17.089844,25000000.000
7258,2084,17.578125,25000000.000
7259,2084,17.578125,25000000.000
7260,2083,17.089844,25000000.000
7261,2082,16.601562,25000000.000
7262,2079,15.136719,25000000.000
7263,2078,14.648438,25000000.000
7264,2071,11.230469,25000000.000
7265,2067,9.277344,25000000.000
7266,2061,6.347656,25000000.000
7267,2059,5.371094,25000000.000
7268,2050,0.976562,25000000.000
7269,2044,-1.953125,25000000.000
7270,2038,-4.882812,25000000.000
7271,2038,-4.882812,25000000.000
7272,2028,-9.765625,25000000.000
7273,2023,-12.207031,25000000.000
7274,2018,-14.648438,25000000.000
7275,2019,-14.160156,25000000.000
7276,2012,-17.578125,25000000.000
7277,2010,-18.554688,25000000.000
7278,2009,-19.042969,25000000.000
7279,2009,-19.042969,25000000.000
7280,2009,-19.042969,25000000.000
7281,2011,-18.066406,25000000.000
7282,2014,-16.601562,25000000.000
7283,2014,-16.601562,25000000.000
7284,2020,-13.671875,25000000.000
7285,2024,-11.718750,25000000.000
7286,2029,-9.277344,25000000.000
7287,2029,-9.277344,25000000.000
7288,2039,-4.394531,25000000.000
7289,2045,-1.464844,25000000.000
7290,2050,0.976562,25000000.000
7291,2052,1.953125,25000000.000
7292,2063,7.324219,25000000.000
7293,2069,10.253906,25000000.000
7294,2073,12.207031,25000000.000
7295,2074,12.695312,25000000.000
7296,2079,15.136719,25000000.000
7297,2081,16.113281,25000000.000
7298,2084,17.578125,25000000.000
7299,2082,16.601562,25000000.000
7300,2084,17.578125,25000000.000
7301,2083,17.089844,25000000.000
7302,2080,15.625000,25000000.000
7303,2080,15.625000,25000000.000
7304,2075,13.183594,25000000.000
7305,2071,11.230469,25000000.000
7306,2066,8.789062,25000000.000
7307,2064,7.812500,25000000.000
7308,2053,2.441406,25000000.000
7309,2049,0.488281,25000000.000
7310,2042,-2.929688,25000000.000
7311,2042,-2.929688,25000000.000
7312,2033,-7.324219,25000000.000
7313,2026,-10.742188,25000000.000
7314,2022,-12.695312,25000000.000
7315,2022,-12.695312,25000000.000
7316,2013,-17.089844,25000000.000
7317,2011,-18.066406,25000000.000
7318,2009,-19.042969,25000000.000
7319,2008,-19.531250,25000000.000
7320,2007,-20.019531,25000000.000
7321,2008,-19.531250,25000000.000
7322,2009,-19.042969,25000000.000
7323,2010,-18.554688,25000000.000
7324,2016,-15.625000,25000000.000
7325,2020,-13.671875,25000000.000
7326,2024,-11.718750,25000000.000
7327,2024,-11.718750,25000000.000
7328,2035,-6.347656,25000000.000
7329,2040,-3.906250,25000000.000
7330,2046,-0.976562,25000000.000
7331,2047,-0.488281,25000000.000
7332,2059,5.371094,25000000.000
7333,2063,7.324219,25000000.000
7334,2070,10.742188,25000000.000
7335,2069,10.253906,25000000.000
7336,2078,14.648438,25000000.000
7337,2080,15.625000,25000000.000
7338,2084,17.578125,25000000.000
7339,2084,17.578125,25000000.000
7340,2084,17.578125,25000000.000
7341,2083,17.089844,25000000.000
7342,2083,17.089844,25000000.000
7343,2083,17.089844,25000000.000
7344,2077,14.160156,25000000.000
7345,2074,12.695312,25000000.000
7346,2070,10.742188,25000000.000
7347,2070,10.742188,25000000.000
7348,2059,5.371094,25000000.000
7349,2054,2.929688,25000000.000
7350,2049,0.488281,25000000.000
7351,2048,0.000000,25000000.000
7352,2037,-5.371094,25000000.000
7353,2031,-8.300781,25000000.000
7354,2025,-11.230469,25000000.000
7355,2026,-10.742188,25000000.000
7356,2016,-15.625000,25000000.000
7357,2013,-17.089844,25000000.000
7358,2011,-18.066406,25000000.000
7359,2011,-18.066406,25000000.000
7360,2007,-20.019531,25000000.000
7361,2007,-20.019531,25000000.000
7362,2008,-19.531250,25000000.000
7363,2008,-19.531250,25000000.000
7364,2012,-17.578125,25000000.000
7365,2016,-15.625000,25000000.000
7366,2019,-14.160156,25000000.000
7367,2020,-13.671875,25000000.000
7368,2030,-8.789062,25000000.000
7369,2035,-6.347656,25000000.000
7370,2041,-3.417969,25000000.000
7371,2042,-2.929688,25000000.000
7372,2054,2.929688,25000000.000
7373,2058,4.882812,25000000.000
7374,2064,7.812500,25000000.000
7375,2065,8.300781,25000000.000
7376,2074,12.695312,25000000.000
7377,2077,14.160156,25000000.000
7378,2081,16.113281,25000000.000
7379,2080,15.625000,25000000.000
7380,2083,17.089844,25000000.000
7381,2084,17.578125,25000000.000
7382,2083,17.089844,25000000.000
7383,2083,17.089844,25000000.000
7384,2080,15.625000,25000000.000
7385,2076,13.671875,25000000.000
7386,2073,12.207031,25000000.000
7387,2072,11.718750,25000000.000
7388,2063,7.324219,25000000.000
7389,2058,4.882812,25000000.000
7390,2053,2.441406,25000000.000
7391,2052,1.953125,25000000.000
7392,2041,-3.417969,25000000.000
7393,2035,-6.347656,25000000.000
7394,2029,-9.277344,25000000.000
7395,2029,-9.277344,25000000.000
7396,2020,-13.671875,25000000.000
7397,2014,-16.601562,25000000.000
7398,2013,-17.089844,25000000.000
7399,2011,-18.066406,25000000.000
7400,2008,-19.531250,25000000.000
7401,2006,-20.507812,25000000.000
7402,2006,-20.507812,25000000.000
7403,2007,-20.019531,25000000.000
7404,2009,-19.042969,25000000.000
7405,2011,-18.066406,25000000.000
7406,2015,-16.113281,25000000.000
7407,2015,-16.113281,25000000.000
7408,2023,-12.207031,25000000.000
7409,2030,-8.789062,25000000.000
7410,2035,-6.347656,25000000.000
7411,2037,-5.371094,25000000.000
7412,2048,0.000000,25000000.000
7413,2054,2.929688,25000000.000
7414,2057,4.394531,25000000.000
7415,2061,6.347656,25000000.000
7416,2069,10.253906,25000000.000
7417,2075,13.183594,25000000.000
7418,2076,13.671875,25000000.000
7419,2077,14.160156,25000000.000
7420,2085,18.066406,25000000.000
7421,2086,18.554688,25000000.000
7422,2084,17.578125,25000000.000
7423,2084,17.578125,25000000.000
7424,2083,17.089844,25000000.000
7425,2080,15.625000,25000000.000
7426,2077,14.160156,25000000.000
7427,2077,14.160156,25000000.000
7428,2069,10.253906,25000000.000
7429,2063,7.324219,25000000.000
7430,2058,4.882812,25000000.000
7431,2057,4.394531,25000000.000
7432,2045,-1.464844,25000000.000
7433,2040,-3.906250,25000000.000
7434,2035,-6.347656,25000000.000
7435,2033,-7.324219,25000000.000
7436,2023,-12.207031,25000000.000
7437,2019,-14.160156,25000000.000
7438,2014,-16.601562,25000000.000
7439,2014,-16.601562,25000000.000
7440,2008,-19.531250,25000000.000
7441,2006,-20.507812,25000000.000
7442,2006,-20.507812,25000000.000
7443,2006,-20.507812,25000000.000
7444,2007,-20.019531,25000000.000
7445,2009,-19.042969,25000000.000
7446,2013,-17.089844,25000000.000
7447,2013,-17.089844,25000000.000
7448,2021,-13.183594,25000000.000
7449,2026,-10.742188,25000000.000
7450,2030,-8.789062,25000000.000
7451,2031,-8.300781,25000000.000
7452,2043,-2.441406,25000000.000
7453,2048,0.000000,25000000.000
7454,2055,3.417969,25000000.000
7455,2056,3.906250,25000000.000
7456,2066,8.789062,25000000.000
7457,2072,11.718750,25000000.000
7458,2075,13.183594,25000000.000
7459,2075,13.183594,25000000.000
7460,2082,16.601562,25000000.000
7461,2084,17.578125,25000000.000
7462,2085,18.066406,25000000.000
7463,2085,18.066406,25000000.000
7464,2085,18.066406,25000000.000
7465,2081,16.113281,25000000.000
7466,2081,16.113281,25000000.000
7467,2079,15.136719,25000000.000
7468,2072,11.718750,25000000.000
7469,2067,9.277344,25000000.000
7470,2062,6.835938,25000000.000
7471,2061,6.347656,25000000.000
7472,2052,1.953125,25000000.000
7473,2046,-0.976562,25000000.000
7474,2039,-4.394531,25000000.000
7475,2039,-4.394531,25000000.000
7476,2028,-9.765625,25000000.000
7477,2024,-11.718750,25000000.000
7478,2018,-14.648438,25000000.000
7479,2018,-14.648438,25000000.000
7480,2013,-17.089844,25000000.000
7481,2010,-18.554688,25000000.000
7482,2008,-19.531250,25000000.000
7483,2008,-19.531250,25000000.000
7484,2007,-20.019531,25000000.000
7485,2008,-19.531250,25000000.000
7486,2009,-19.042969,25000000.000
7487,2011,-18.066406,25000000.000
7488,2018,-14.648438,25000000.000
7489,2022,-12.695312,25000000.000
7490,2026,-10.742188,25000000.000
7491,2027,-10.253906,25000000.000
7492,2038,-4.882812,25000000.000
7493,2044,-1.953125,25000000.000
7494,2050,0.976562,25000000.000
7495,2051,1.464844,25000000.000
7496,2062,6.835938,25000000.000
7497,2067,9.277344,25000000.000
7498,2071,11.230469,25000000.000
7499,2072,11.718750,25000000.000
7500,2079,15.136719,25000000.000
7501,2081,16.113281,25000000.000
7502,2084,17.578125,25000000.000
7503,2084,17.578125,25000000.000
7504,2085,18.066406,25000000.000
7505,2083,17.089844,25000000.000
7506,2082,16.601562,25000000.000
7507,2081,16.113281,25000000.000
7508,2076,13.671875,25000000.000
7509,2072,11.718750,25000000.000
7510,2067,9.277344,25000000.000
7511,2066,8.789062,25000000.000
7512,2057,4.394531,25000000.000
7513,2050,0.976562,25000000.000
7514,2045,-1.464844,25000000.000
7515,2044,-1.953125,25000000.000
7516,2033,-7.324219,25000000.000
7517,2028,-9.765625,25000000.000
7518,2023,-12.207031,25000000.000
7519,2022,-12.695312,25000000.000
7520,2015,-16.113281,25000000.000
7521,2012,-17.578125,25000000.000
7522,2009,-19.042969,25000000.000
7523,2010,-18.554688,25000000.000
7524,2008,-19.531250,25000000.000
7525,2007,-20.019531,25000000.000
7526,2010,-18.554688,25000000.000
7527,2010,-18.554688,25000000.000
7528,2014,-16.601562,25000000.000
7529,2018,-14.648438,25000000.000
7530,2023,-12.207031,25000000.000
7531,2023,-12.207031,25000000.000
7532,2033,-7.324219,25000000.000
7533,2039,-4.394531,25000000.000
7534,2045,-1.464844,25000000.000
7535,2046,-0.976562,25000000.000
7536,2056,3.906250,25000000.000
7537,2063,7.324219,25000000.000
7538,2068,9.765625,25000000.000
7539,2068,9.765625,25000000.000
7540,2077,14.160156,25000000.000
7541,2080,15.625000,25000000.000
7542,2084,17.578125,25000000.000
7543,2083,17.089844,25000000.000
7544,2086,18.554688,25000000.000
7545,2085,18.066406,25000000.000
7546,2085,18.066406,25000000.000
7547,2085,18.066406,25000000.000
7548,2080,15.625000,25000000.000
7549,2077,14.160156,25000000.000
7550,2072,11.718750,25000000.000
7551,2072,11.718750,25000000.000
7552,2062,6.835938,25000000.000
7553,2055,3.417969,25000000.000
7554,2049,0.488281,25000000.000
7555,2049,0.488281,25000000.000
7556,2038,-4.882812,25000000.000
7557,2032,-7.812500,25000000.000
7558,2027,-10.253906,25000000.000
7559,2026,-10.742188,25000000.000
7560,2017,-15.136719,25000000.000
7561,2014,-16.601562,25000000.000
7562,2010,-18.554688,25000000.000
7563,2009,-19.042969,25000000.000
7564,2007,-20.019531,25000000.000
7565,2006,-20.507812,25000000.000
7566,2007,-20.019531,25000000.000
7567,2006,-20.507812,25000000.000
7568,2011,-18.066406,25000000.000
7569,2014,-16.601562,25000000.000
7570,2018,-14.648438,25000000.000
7571,2019,-14.160156,25000000.000
7572,2028,-9.765625,25000000.000
7573,2033,-7.324219,25000000.000
7574,2039,-4.394531,25000000.000
7575,2040,-3.906250,25000000.000
7576,2051,1.464844,25000000.000
7577,2058,4.882812,25000000.000
7578,2064,7.812500,25000000.000
7579,2063,7.324219,25000000.000
7580,2074,12.695312,25000000.000
7581,2077,14.160156,25000000.000
7582,2081,16.113281,25000000.000
7583,2081,16.113281,25000000.000
7584,2085,18.066406,25000000.000
7585,2084,17.578125,25000000.000
7586,2084,17.578125,25000000.000
7587,2084,17.578125,25000000.000
7588,2081,16.113281,25000000.000
7589,2079,15.136719,25000000.000
7590,2075,13.183594,25000000.000
7591,2074,12.695312,25000000.000
7592,2065,8.300781,25000000.000
7593,2058,4.882812,25000000.000
7594,2053,2.441406,25000000.000
7595,2053,2.441406,25000000.000
7596,2042,-2.929688,25000000.000
7597,2037,-5.371094,25000000.000
7598,2030,-8.789062,25000000.000
7599,2029,-9.277344,25000000.000
7600,2020,-13.671875,25000000.000
7601,2016,-15.625000,25000000.000
7602,2011,-18.066406,25000000.000
7603,2012,-17.578125,25000000.000
7604,2006,-20.507812,25000000.000
7605,2006,-20.507812,25000000.000
7606,2005,-20.996094,25000000.000
7607,2006,-20.507812,25000000.000
7608,2008,-19.531250,25000000.000
7609,2010,-18.554688,25000000.000
7610,2015,-16.113281,25000000.000
7611,2016,-15.625000,25000000.000
7612,2024,-11.718750,25000000.000
7613,2029,-9.277344,25000000.000
7614,2034,-6.835938,25000000.000
7615,2035,-6.347656,25000000.000
7616,2048,0.000000,25000000.000
7617,2052,1.953125,25000000.000
7618,2058,4.882812,25000000.000
7619,2059,5.371094,25000000.000
7620,2071,11.230469,25000000.000
7621,2073,12.207031,25000000.000
7622,2079,15.136719,25000000.000
7623,2079,15.136719,25000000.000
7624,2084,17.578125,25000000.000
7625,2085,18.066406,25000000.000
7626,2086,18.554688,25000000.000
7627,2085,18.066406,25000000.000
7628,2083,17.089844,25000000.000
7629,2081,16.113281,25000000.000
7630,2077,14.160156,25000000.000
7631,2079,15.136719,25000000.000
7632,2070,10.742188,25000000.000
7633,2064,7.812500,25000000.000
7634,2059,5.371094,25000000.000
7635,2058,4.882812,25000000.000
7636,2047,-0.488281,25000000.000
7637,2042,-2.929688,25000000.000
7638,2035,-6.347656,25000000.000
7639,2034,-6.835938,25000000.000
7640,2025,-11.230469,25000000.000
7641,2020,-13.671875,25000000.000
7642,2015,-16.113281,25000000.000
7643,2014,-16.601562,25000000.000
7644,2009,-19.042969,25000000.000
7645,2007,-20.019531,25000000.000
7646,2006,-20.507812,25000000.000
7647,2006,-20.507812,25000000.000
7648,2007,-20.019531,25000000.000
7649,2009,-19.042969,25000000.000
7650,2012,-17.578125,25000000.000
7651,2012,-17.578125,25000000.000
7652,2019,-14.160156,25000000.000
7653,2024,-11.718750,25000000.000
7654,2030,-8.789062,25000000.000
7655,2031,-8.300781,25000000.000
7656,2042,-2.929688,25000000.000
7657,2048,0.000000,25000000.000
7658,2054,2.929688,25000000.000
7659,2055,3.417969,25000000.000
7660,2065,8.300781,25000000.000
7661,2070,10.742188,25000000.000
7662,2076,13.671875,25000000.000
7663,2076,13.671875,25000000.000
7664,2082,16.601562,25000000.000
7665,2085,18.066406,25000000.000
7666,2086,18.554688,25000000.000
7667,2086,18.554688,25000000.000
7668,2085,18.066406,25000000.000
7669,2084,17.578125,25000000.000
7670,2081,16.113281,25000000.000
7671,2081,16.113281,25000000.000
7672,2073,12.207031,25000000.000
7673,2069,10.253906,25000000.000
7674,2064,7.812500,25000000.000
7675,2063,7.324219,25000000.000
7676,2052,1.953125,25000000.000
7677,2046,-0.976562,25000000.000
7678,2040,-3.906250,25000000.000
7679,2039,-4.394531,25000000.000
7680,2030,-8.789062,25000000.000
7681,2021,-13.183594,25000000.000
7682,2018,-14.648438,25000000.000
7683,2018,-14.648438,25000000.000
7684,2012,-17.578125,25000000.000
7685,2009,-19.042969,25000000.000
7686,2004,-21.484375,25000000.000
7687,2003,-21.972656,25000000.000
7688,2005,-20.996094,25000000.000
7689,2005,-20.996094,25000000.000
7690,2008,-19.531250,25000000.000
7691,2008,-19.531250,25000000.000
7692,2016,-15.625000,25000000.000
7693,2020,-13.671875,25000000.000
7694,2024,-11.718750,25000000.000
7695,2026,-10.742188,25000000.000
7696,2037,-5.371094,25000000.000
7697,2044,-1.953125,25000000.000
7698,2050,0.976562,25000000.000
7699,2051,1.464844,25000000.000
7700,2063,7.324219,25000000.000
7701,2068,9.765625,25000000.000
7702,2073,12.207031,25000000.000
7703,2073,12.207031,25000000.000
7704,2081,16.113281,25000000.000
7705,2084,17.578125,25000000.000
7706,2087,19.042969,25000000.000
7707,2086,18.554688,25000000.000
7708,2088,19.531250,25000000.000
7709,2086,18.554688,25000000.000
7710,2084,17.578125,25000000.000
7711,2084,17.578125,25000000.000
7712,2079,15.136719,25000000.000
7713,2074,12.695312,25000000.000
7714,2069,10.253906,25000000.000
7715,2068,9.765625,25000000.000
7716,2058,4.882812,25000000.000
7717,2051,1.464844,25000000.000
7718,2045,-1.464844,25000000.000
7719,2044,-1.953125,25000000.000
7720,2033,-7.324219,25000000.000
7721,2028,-9.765625,25000000.000
7722,2022,-12.695312,25000000.000
7723,2021,-13.183594,25000000.000
7724,2013,-17.089844,25000000.000
7725,2010,-18.554688,25000000.000
7726,2007,-20.019531,25000000.000
7727,2007,-20.019531,25000000.000
7728,2005,-20.996094,25000000.000
7729,2005,-20.996094,25000000.000
7730,2007,-20.019531,25000000.000
7731,2007,-20.019531,25000000.000
7732,2012,-17.578125,25000000.000
7733,2015,-16.113281,25000000.000
7734,2020,-13.671875,25000000.000
7735,2020,-13.671875,25000000.000
7736,2031,-8.300781,25000000.000
7737,2037,-5.371094,25000000.000
7738,2044,-1.953125,25000000.000
7739,2043,-2.441406,25000000.000
7740,2056,3.906250,25000000.000
7741,2063,7.324219,25000000.000
7742,2068,9.765625,25000000.000
7743,2069,10.253906,25000000.000
7744,2077,14.160156,25000000.000
7745,2081,16.113281,25000000.000
7746,2084,17.578125,25000000.000
7747,2083,17.089844,25000000.000
7748,2086,18.554688,25000000.000
7749,2086,18.554688,25000000.000
7750,2085,18.066406,25000000.000
7751,2086,18.554688,25000000.000
7752,2081,16.113281,25000000.000
7753,2076,13.671875,25000000.000
7754,2073,12.207031,25000000.000
7755,2072,11.718750,25000000.000
7756,2062,6.835938,25000000.000
7757,2057,4.394531,25000000.000
7758,2050,0.976562,25000000.000
7759,2049,0.488281,25000000.000
7760,2038,-4.882812,25000000.000
7761,2032,-7.812500,25000000.000
7762,2027,-10.253906,25000000.000
7763,2026,-10.742188,25000000.000
7764,2016,-15.625000,25000000.000
7765,2006,-20.507812,25000000.000
7766,2011,-18.066406,25000000.000
7767,2007,-20.019531,25000000.000
7768,2005,-20.996094,25000000.000
7769,2006,-20.507812,25000000.000
7770,2006,-20.507812,25000000.000
7771,2005,-20.996094,25000000.000
7772,2008,-19.531250,25000000.000
7773,2013,-17.089844,25000000.000
7774,2017,-15.136719,25000000.000
7775,2017,-15.136719,25000000.000
7776,2026,-10.742188,25000000.000
7777,2032,-7.812500,25000000.000
7778,2038,-4.882812,25000000.000
7779,2038,-4.882812,25000000.000
7780,2050,0.976562,25000000.000
7781,2055,3.417969,25000000.000
7782,2062,6.835938,25000000.000
7783,2063,7.324219,25000000.000
7784,2072,11.718750,25000000.000
7785,2077,14.160156,25000000.000
7786,2080,15.625000,25000000.000
7787,2079,15.136719,25000000.000
7788,2085,18.066406,25000000.000
7789,2085,18.066406,25000000.000
7790,2085,18.066406,25000000.000
7791,2085,18.066406,25000000.000
7792,2082,16.601562,25000000.000
7793,2079,15.136719,25000000.000
7794,2076,13.671875,25000000.000
7795,2075,13.183594,25000000.000
7796,2067,9.277344,25000000.000
7797,2061,6.347656,25000000.000
7798,2055,3.417969,25000000.000
7799,2055,3.417969,25000000.000
7800,2044,-1.953125,25000000.000
7801,2038,-4.882812,25000000.000
7802,2032,-7.812500,25000000.000
7803,2032,-7.812500,25000000.000
7804,2021,-13.183594,25000000.000
7805,2016,-15.625000,25000000.000
7806,2014,-16.601562,25000000.000
7807,2012,-17.578125,25000000.000
7808,2007,-20.019531,25000000.000
7809,2005,-20.996094,25000000.000
7810,2005,-20.996094,25000000.000
7811,2005,-20.996094,25000000.000
7812,2007,-20.019531,25000000.000
7813,2009,-19.042969,25000000.000
7814,2014,-16.601562,25000000.000
7815,2013,-17.089844,25000000.000
7816,2020,-13.671875,25000000.000
7817,2027,-10.253906,25000000.000
7818,2032,-7.812500,25000000.000
7819,2032,-7.812500,25000000.000
7820,2044,-1.953125,25000000.000
7821,2050,0.976562,25000000.000
7822,2057,4.394531,25000000.000
7823,2057,4.394531,25000000.000
7824,2068,9.765625,25000000.000
7825,2072,11.718750,25000000.000
7826,2077,14.160156,25000000.000
7827,2078,14.648438,25000000.000
7828,2084,17.578125,25000000.000
7829,2085,18.066406,25000000.000
7830,2086,18.554688,25000000.000
7831,2086,18.554688,25000000.000
7832,2084,17.578125,25000000.000
7833,2082,16.601562,25000000.000
7834,2079,15.136719,25000000.000
7835,2079,15.136719,25000000.000
7836,2072,11.718750,25000000.000
7837,2067,9.277344,25000000.000
7838,2061,6.347656,25000000.000
7839,2060,5.859375,25000000.000
7840,2049,0.488281,25000000.000
7841,2043,-2.441406,25000000.000
7842,2037,-5.371094,25000000.000
7843,2037,-5.371094,25000000.000
7844,2026,-10.742188,25000000.000
7845,2022,-12.695312,25000000.000
7846,2017,-15.136719,25000000.000
7847,2017,-15.136719,25000000.000
7848,2010,-18.554688,25000000.000
7849,2008,-19.531250,25000000.000
7850,2005,-20.996094,25000000.000
7851,2007,-20.019531,25000000.000
7852,2007,-20.019531,25000000.000
7853,2008,-19.531250,25000000.000
7854,2011,-18.066406,25000000.000
7855,2010,-18.554688,25000000.000
7856,2019,-14.160156,25000000.000
7857,2023,-12.207031,25000000.000
7858,2027,-10.253906,25000000.000
7859,2029,-9.277344,25000000.000
7860,2038,-4.882812,25000000.000
7861,2046,-0.976562,25000000.000
7862,2052,1.953125,25000000.000
7863,2052,1.953125,25000000.000
7864,2065,8.300781,25000000.000
7865,2069,10.253906,25000000.000
7866,2074,12.695312,25000000.000
7867,2075,13.183594,25000000.000
7868,2082,16.601562,25000000.000
7869,2084,17.578125,25000000.000
7870,2086,18.554688,25000000.000
7871,2086,18.554688,25000000.000
7872,2086,18.554688,25000000.000
7873,2085,18.066406,25000000.000
7874,2083,17.089844,25000000.000
7875,2082,16.601562,25000000.000
7876,2076,13.671875,25000000.000
7877,2072,11.718750,25000000.000
7878,2066,8.789062,25000000.000
7879,2066,8.789062,25000000.000
7880,2056,3.906250,25000000.000
7881,2049,0.488281,25000000.000
7882,2042,-2.929688,25000000.000
7883,2042,-2.929688,25000000.000
7884,2031,-8.300781,25000000.000
7885,2026,-10.742188,25000000.000
7886,2021,-13.183594,25000000.000
7887,2020,-13.671875,25000000.000
7888,2012,-17.578125,25000000.000
7889,2010,-18.554688,25000000.000
7890,2008,-19.531250,25000000.000
7891,2009,-19.042969,25000000.000
7892,2006,-20.507812,25000000.000
7893,2007,-20.019531,25000000.000
7894,2010,-18.554688,25000000.000
7895,2009,-19.042969,25000000.000
7896,2015,-16.113281,25000000.000
7897,2019,-14.160156,25000000.000
7898,2024,-11.718750,25000000.000
7899,2024,-11.718750,25000000.000
7900,2035,-6.347656,25000000.000
7901,2040,-3.906250,25000000.000
7902,2047,-0.488281,25000000.000
7903,2048,0.000000,25000000.000
7904,2058,4.882812,25000000.000
7905,2065,8.300781,25000000.000
7906,2069,10.253906,25000000.000
7907,2070,10.742188,25000000.000
7908,2078,14.648438,25000000.000
7909,2082,16.601562,25000000.000
7910,2085,18.066406,25000000.000
7911,2085,18.066406,25000000.000
7912,2087,19.042969,25000000.000
7913,2086,18.554688,25000000.000
7914,2086,18.554688,25000000.000
7915,2084,17.578125,25000000.000
7916,2079,15.136719,25000000.000
7917,2075,13.183594,25000000.000
7918,2072,11.718750,25000000.000
7919,2069,10.253906,25000000.000
7920,2059,5.371094,25000000.000
7921,2054,2.929688,25000000.000
7922,2048,0.000000,25000000.000
7923,2048,0.000000,25000000.000
7924,2037,-5.371094,25000000.000
7925,2031,-8.300781,25000000.000
7926,2025,-11.230469,25000000.000
7927,2026,-10.742188,25000000.000
7928,2017,-15.136719,25000000.000
7929,2013,-17.089844,25000000.000
7930,2010,-18.554688,25000000.000
7931,2010,-18.554688,25000000.000
7932,2007,-20.019531,25000000.000
7933,2007,-20.019531,25000000.000
7934,2008,-19.531250,25000000.000
7935,2008,-19.531250,25000000.000
7936,2012,-17.578125,25000000.000
7937,2016,-15.625000,25000000.000
7938,2020,-13.671875,25000000.000
7939,2019,-14.160156,25000000.000
7940,2030,-8.789062,25000000.000
7941,2034,-6.835938,25000000.000
7942,2041,-3.417969,25000000.000
7943,2041,-3.417969,25000000.000
7944,2053,2.441406,25000000.000
7945,2058,4.882812,25000000.000
7946,2064,7.812500,25000000.000
7947,2064,7.812500,25000000.000
7948,2074,12.695312,25000000.000
7949,2078,14.648438,25000000.000
7950,2081,16.113281,25000000.000
7951,2081,16.113281,25000000.000
7952,2084,17.578125,25000000.000
7953,2084,17.578125,25000000.000
7954,2084,17.578125,25000000.000
7955,2084,17.578125,25000000.000
7956,2080,15.625000,25000000.000
7957,2079,15.136719,25000000.000
7958,2074,12.695312,25000000.000
7959,2072,11.718750,25000000.000
7960,2064,7.812500,25000000.000
7961,2059,5.371094,25000000.000
7962,2053,2.441406,25000000.000
7963,2052,1.953125,25000000.000
7964,2041,-3.417969,25000000.000
7965,2035,-6.347656,25000000.000
7966,2030,-8.789062,25000000.000
7967,2029,-9.277344,25000000.000
7968,2019,-14.160156,25000000.000
7969,2017,-15.136719,25000000.000
7970,2011,-18.066406,25000000.000
7971,2011,-18.066406,25000000.000
7972,2008,-19.531250,25000000.000
7973,2007,-20.019531,25000000.000
7974,2006,-20.507812,25000000.000
7975,2006,-20.507812,25000000.000
7976,2008,-19.531250,25000000.000
7977,2012,-17.578125,25000000.000
7978,2014,-16.601562,25000000.000
7979,2015,-16.113281,25000000.000
7980,2025,-11.230469,25000000.000
7981,2029,-9.277344,25000000.000
7982,2035,-6.347656,25000000.000
7983,2035,-6.347656,25000000.000
7984,2047,-0.488281,25000000.000
7985,2052,1.953125,25000000.000
7986,2059,5.371094,25000000.000
7987,2060,5.859375,25000000.000
7988,2069,10.253906,25000000.000
7989,2074,12.695312,25000000.000
7990,2078,14.648438,25000000.000
7991,2079,15.136719,25000000.000
7992,2084,17.578125,25000000.000
7993,2085,18.066406,25000000.000
7994,2085,18.066406,25000000.000
7995,2084,17.578125,25000000.000
7996,2082,16.601562,25000000.000
7997,2079,15.136719,25000000.000
7998,2077,14.160156,25000000.000
7999,2076,13.671875,25000000.000
8000,2068,9.765625,25000000.000
8001,2063,7.324219,25000000.000
8002,2057,4.394531,25000000.000
8003,2057,4.394531,25000000.000
8004,2045,-1.464844,25000000.000
8005,2039,-4.394531,25000000.000
8006,2035,-6.347656,25000000.000
8007,2034,-6.835938,25000000.000
8008,2023,-12.207031,25000000.000
8009,2020,-13.671875,25000000.000
8010,2016,-15.625000,25000000.000
8011,2015,-16.113281,25000000.000
8012,2009,-19.042969,25000000.000
8013,2008,-19.531250,25000000.000
8014,2007,-20.019531,25000000.000
8015,2007,-20.019531,25000000.000
8016,2008,-19.531250,25000000.000
8017,2009,-19.042969,25000000.000
8018,2013,-17.089844,25000000.000
8019,2014,-16.601562,25000000.000
8020,2021,-13.183594,25000000.000
8021,2026,-10.742188,25000000.000
8022,2030,-8.789062,25000000.000
8023,2032,-7.812500,25000000.000
8024,2043,-2.441406,25000000.000
8025,2049,0.488281,25000000.000
8026,2054,2.929688,25000000.000
8027,2055,3.417969,25000000.000
8028,2065,8.300781,25000000.000
8029,2072,11.718750,25000000.000
8030,2074,12.695312,25000000.000
8031,2075,13.183594,25000000.000
8032,2081,16.113281,25000000.000
8033,2084,17.578125,25000000.000
8034,2085,18.066406,25000000.000
8035,2084,17.578125,25000000.000
8036,2082,16.601562,25000000.000
8037,2082,16.601562,25000000.000
8038,2079,15.136719,25000000.000
8039,2078,14.648438,25000000.000
8040,2071,11.230469,25000000.000
8041,2066,8.789062,25000000.000
8042,2062,6.835938,25000000.000
8043,2061,6.347656,25000000.000
8044,2050,0.976562,25000000.000
8045,2045,-1.464844,25000000.000
8046,2039,-4.394531,25000000.000
8047,2039,-4.394531,25000000.000
8048,2029,-9.277344,25000000.000
8049,2024,-11.718750,25000000.000
8050,2020,-13.671875,25000000.000
8051,2018,-14.648438,25000000.000
8052,2012,-17.578125,25000000.000
8053,2010,-18.554688,25000000.000
8054,2008,-19.531250,25000000.000
8055,2009,-19.042969,25000000.000
8056,2009,-19.042969,25000000.000
8057,2010,-18.554688,25000000.000
8058,2011,-18.066406,25000000.000
8059,2013,-17.089844,25000000.000
8060,2019,-14.160156,25000000.000
8061,2023,-12.207031,25000000.000
8062,2029,-9.277344,25000000.000
8063,2029,-9.277344,25000000.000
8064,2039,-4.394531,25000000.000
8065,2046,-0.976562,25000000.000
8066,2052,1.953125,25000000.000
8067,2053,2.441406,25000000.000
8068,2064,7.812500,25000000.000
8069,2068,9.765625,25000000.000
8070,2073,12.207031,25000000.000
8071,2074,12.695312,25000000.000
8072,2080,15.625000,25000000.000
8073,2083,17.089844,25000000.000
8074,2085,18.066406,25000000.000
8075,2085,18.066406,25000000.000
8076,2086,18.554688,25000000.000
8077,2084,17.578125,25000000.000
8078,2082,16.601562,25000000.000
8079,2081,16.113281,25000000.000
8080,2076,13.671875,25000000.000
8081,2070,10.742188,25000000.000
8082,2067,9.277344,25000000.000
8083,2065,8.300781,25000000.000
8084,2056,3.906250,25000000.000
8085,2049,0.488281,25000000.000
8086,2044,-1.953125,25000000.000
8087,2043,-2.441406,25000000.000
8088,2033,-7.324219,25000000.000
8089,2027,-10.253906,25000000.000
8090,2022,-12.695312,25000000.000
8091,2021,-13.183594,25000000.000
8092,2014,-16.601562,25000000.000
8093,2010,-18.554688,25000000.000
8094,2008,-19.531250,25000000.000
8095,2008,-19.531250,25000000.000
8096,2007,-20.019531,25000000.000
8097,2007,-20.019531,25000000.000
8098,2009,-19.042969,25000000.000
8099,2009,-19.042969,25000000.000
8100,2016,-15.625000,25000000.000
8101,2019,-14.160156,25000000.000
8102,2024,-11.718750,25000000.000
8103,2024,-11.718750,25000000.000
8104,2035,-6.347656,25000000.000
8105,2041,-3.417969,25000000.000
8106,2047,-0.488281,25000000.000
8107,2047,-0.488281,25000000.000
8108,2059,5.371094,25000000.000
8109,2065,8.300781,25000000.000
8110,2070,10.742188,25000000.000
8111,2069,10.253906,25000000.000
8112,2078,14.648438,25000000.000
8113,2073,12.207031,25000000.000
8114,2081,16.113281,25000000.000
8115,2084,17.578125,25000000.000
8116,2085,18.066406,25000000.000
8117,2083,17.089844,25000000.000
8118,2084,17.578125,25000000.000
8119,2083,17.089844,25000000.000
8120,2077,14.160156,25000000.000
8121,2074,12.695312,25000000.000
8122,2069,10.253906,25000000.000
8123,2069,10.253906,25000000.000
8124,2059,5.371094,25000000.000
8125,2054,2.929688,25000000.000
8126,2048,0.000000,25000000.000
8127,2048,0.000000,25000000.000
8128,2036,-5.859375,25000000.000
8129,2031,-8.300781,25000000.000
8130,2026,-10.742188,25000000.000
8131,2025,-11.230469,25000000.000
8132,2018,-14.648438,25000000.000
8133,2013,-17.089844,25000000.000
8134,2011,-18.066406,25000000.000
8135,2011,-18.066406,25000000.000
8136,2008,-19.531250,25000000.000
8137,2008,-19.531250,25000000.000
8138,2009,-19.042969,25000000.000
8139,2008,-19.531250,25000000.000
8140,2012,-17.578125,25000000.000
8141,2016,-15.625000,25000000.000
8142,2020,-13.671875,25000000.000
8143,2019,-14.160156,25000000.000
8144,2030,-8.789062,25000000.000
8145,2035,-6.347656,25000000.000
8146,2041,-3.417969,25000000.000
8147,2042,-2.929688,25000000.000
8148,2052,1.953125,25000000.000
8149,2058,4.882812,25000000.000
8150,2063,7.324219,25000000.000
8151,2064,7.812500,25000000.000
8152,2074,12.695312,25000000.000
8153,2077,14.160156,25000000.000
8154,2080,15.625000,25000000.000
8155,2081,16.113281,25000000.000
8156,2084,17.578125,25000000.000
8157,2084,17.578125,25000000.000
8158,2084,17.578125,25000000.000
8159,2083,17.089844,25000000.000
8160,2080,15.625000,25000000.000
8161,2076,13.671875,25000000.000
8162,2072,11.718750,25000000.000
8163,2072,11.718750,25000000.000
8164,2061,6.347656,25000000.000
8165,2059,5.371094,25000000.000
8166,2053,2.441406,25000000.000
8167,2051,1.464844,25000000.000
8168,2041,-3.417969,25000000.000
8169,2036,-5.859375,25000000.000
8170,2029,-9.277344,25000000.000
8171,2029,-9.277344,25000000.000
8172,2020,-13.671875,25000000.000
8173,2016,-15.625000,25000000.000
8174,2012,-17.578125,25000000.000
8175,2011,-18.066406,25000000.000
8176,2007,-20.019531,25000000.000
8177,2006,-20.507812,25000000.000
8178,2007,-20.019531,25000000.000
8179,2006,-20.507812,25000000.000
8180,2009,-19.042969,25000000.000
8181,2012,-17.578125,25000000.000
8182,2015,-16.113281,25000000.000
8183,2015,-16.113281,25000000.000
8184,2024,-11.718750,25000000.000
8185,2030,-8.789062,25000000.000
8186,2034,-6.835938,25000000.000
8187,2036,-5.859375,25000000.000
8188,2048,0.000000,25000000.000
8189,2054,2.929688,25000000.000
8190,2060,5.859375,25000000.000
8191,2061,6.347656,25000000.000
8192,2070,10.742188,25000000.000
8193,2074,12.695312,25000000.000
8194,2079,15.136719,25000000.000
8195,2080,15.625000,25000000.000
8196,2083,17.089844,25000000.000
8197,2085,18.066406,25000000.000
8198,2085,18.066406,25000000.000
8199,2085,18.066406,25000000.000
8200,2083,17.089844,25000000.000
8201,2079,15.136719,25000000.000
8202,2077,14.160156,25000000.000
8203,2076,13.671875,25000000.000
8204,2067,9.277344,25000000.000
8205,2062,6.835938,25000000.000
8206,2058,4.882812,25000000.000
8207,2055,3.417969,25000000.000
8208,2045,-1.464844,25000000.000
8209,2039,-4.394531,25000000.000
8210,2033,-7.324219,25000000.000
8211,2032,-7.812500,25000000.000
8212,2024,-11.718750,25000000.000
8213,2018,-14.648438,25000000.000
8214,2015,-16.113281,25000000.000
8215,2013,-17.089844,25000000.000
8216,2008,-19.531250,25000000.000
8217,2007,-20.019531,25000000.000
8218,2006,-20.507812,25000000.000
8219,2006,-20.507812,25000000.000
8220,2008,-19.531250,25000000.000
8221,2009,-19.042969,25000000.000
8222,2012,-17.578125,25000000.000
8223,2013,-17.089844,25000000.000
8224,2021,-13.183594,25000000.000
8225,2025,-11.230469,25000000.000
8226,2031,-8.300781,25000000.000
8227,2033,-7.324219,25000000.000
8228,2043,-2.441406,25000000.000
8229,2049,0.488281,25000000.000
8230,2055,3.417969,25000000.000
8231,2055,3.417969,25000000.000
8232,2067,9.277344,25000000.000
8233,2072,11.718750,25000000.000
8234,2076,13.671875,25000000.000
8235,2077,14.160156,25000000.000
8236,2082,16.601562,25000000.000
8237,2085,18.066406,25000000.000
8238,2085,18.066406,25000000.000
8239,2085,18.066406,25000000.000
8240,2085,18.066406,25000000.000
8241,2083,17.089844,25000000.000
8242,2081,16.113281,25000000.000
8243,2081,16.113281,25000000.000
8244,2073,12.207031,25000000.000
8245,2067,9.277344,25000000.000
8246,2062,6.835938,25000000.000
8247,2062,6.835938,25000000.000
8248,2051,1.464844,25000000.000
8249,2045,-1.464844,25000000.000
8250,2039,-4.394531,25000000.000
8251,2038,-4.882812,25000000.000
8252,2028,-9.765625,25000000.000
8253,2022,-12.695312,25000000.000
8254,2018,-14.648438,25000000.000
8255,2016,-15.625000,25000000.000
8256,2011,-18.066406,25000000.000
8257,2009,-19.042969,25000000.000
8258,2007,-20.019531,25000000.000
8259,2007,-20.019531,25000000.000
8260,2006,-20.507812,25000000.000
8261,2009,-19.042969,25000000.000
8262,2010,-18.554688,25000000.000
8263,2010,-18.554688,25000000.000
8264,2018,-14.648438,25000000.000
8265,2022,-12.695312,25000000.000
8266,2026,-10.742188,25000000.000
8267,2027,-10.253906,25000000.000
8268,2038,-4.882812,25000000.000
8269,2046,-0.976562,25000000.000
8270,2051,1.464844,25000000.000
8271,2051,1.464844,25000000.000
8272,2063,7.324219,25000000.000
8273,2068,9.765625,25000000.000
8274,2072,11.718750,25000000.000
8275,2073,12.207031,25000000.000
8276,2081,16.113281,25000000.000
8277,2082,16.601562,25000000.000
8278,2085,18.066406,25000000.000
8279,2085,18.066406,25000000.000
8280,2085,18.066406,25000000.000
8281,2085,18.066406,25000000.000
8282,2082,16.601562,25000000.000
8283,2082,16.601562,25000000.000
8284,2076,13.671875,25000000.000
8285,2071,11.230469,25000000.000
8286,2067,9.277344,25000000.000
8287,2066,8.789062,25000000.000
8288,2055,3.417969,25000000.000
8289,2049,0.488281,25000000.000
8290,2044,-1.953125,25000000.000
8291,2043,-2.441406,25000000.000
8292,2031,-8.300781,25000000.000
8293,2025,-11.230469,25000000.000
8294,2022,-12.695312,25000000.000
8295,2020,-13.671875,25000000.000
8296,2013,-17.089844,25000000.000
8297,2009,-19.042969,25000000.000
8298,2007,-20.019531,25000000.000
8299,2008,-19.531250,25000000.000
8300,2007,-20.019531,25000000.000
8301,2007,-20.019531,25000000.000
8302,2009,-19.042969,25000000.000
8303,2008,-19.531250,25000000.000
8304,2014,-16.601562,25000000.000
8305,2019,-14.160156,25000000.000
8306,2023,-12.207031,25000000.000
8307,2023,-12.207031,25000000.000
8308,2035,-6.347656,25000000.000
8309,2040,-3.906250,25000000.000
8310,2046,-0.976562,25000000.000
8311,2046,-0.976562,25000000.000
8312,2058,4.882812,25000000.000
8313,2064,7.812500,25000000.000
8314,2069,10.253906,25000000.000
8315,2070,10.742188,25000000.000
8316,2078,14.648438,25000000.000
8317,2081,16.113281,25000000.000
8318,2084,17.578125,25000000.000
8319,2084,17.578125,25000000.000
8320,2087,19.042969,25000000.000
8321,2087,19.042969,25000000.000
8322,2085,18.066406,25000000.000
8323,2085,18.066406,25000000.000
8324,2079,15.136719,25000000.000
8325,2076,13.671875,25000000.000
8326,2071,11.230469,25000000.000
8327,2072,11.718750,25000000.000
8328,2061,6.347656,25000000.000
8329,2055,3.417969,25000000.000
8330,2048,0.000000,25000000.000
8331,2048,0.000000,25000000.000
8332,2039,-4.394531,25000000.000
8333,2031,-8.300781,25000000.000
8334,2026,-10.742188,25000000.000
8335,2025,-11.230469,25000000.000
8336,2015,-16.113281,25000000.000
8337,2013,-17.089844,25000000.000
8338,2009,-19.042969,25000000.000
8339,2010,-18.554688,25000000.000
8340,2007,-20.019531,25000000.000
8341,2006,-20.507812,25000000.000
8342,2007,-20.019531,25000000.000
8343,2008,-19.531250,25000000.000
8344,2013,-17.089844,25000000.000
8345,2014,-16.601562,25000000.000
8346,2017,-15.136719,25000000.000
8347,2019,-14.160156,25000000.000
8348,2028,-9.765625,25000000.000
8349,2034,-6.835938,25000000.000
8350,2041,-3.417969,25000000.000
8351,2041,-3.417969,25000000.000
8352,2054,2.929688,25000000.000
8353,2059,5.371094,25000000.000
8354,2064,7.812500,25000000.000
8355,2066,8.789062,25000000.000
8356,2073,12.207031,25000000.000
8357,2077,14.160156,25000000.000
8358,2082,16.601562,25000000.000
8359,2082,16.601562,25000000.000
8360,2085,18.066406,25000000.000
8361,2086,18.554688,25000000.000
8362,2086,18.554688,25000000.000
8363,2085,18.066406,25000000.000
8364,2081,16.113281,25000000.000
8365,2077,14.160156,25000000.000
8366,2074,12.695312,25000000.000
8367,2074,12.695312,25000000.000
8368,2064,7.812500,25000000.000
8369,2060,5.859375,25000000.000
8370,2053,2.441406,25000000.000
8371,2051,1.464844,25000000.000
8372,2041,-3.417969,25000000.000
8373,2035,-6.347656,25000000.000
8374,2030,-8.789062,25000000.000
8375,2029,-9.277344,25000000.000
8376,2018,-14.648438,25000000.000
8377,2014,-16.601562,25000000.000
8378,2011,-18.066406,25000000.000
8379,2011,-18.066406,25000000.000
8380,2006,-20.507812,25000000.000
8381,2005,-20.996094,25000000.000
8382,2006,-20.507812,25000000.000
8383,2005,-20.996094,25000000.000
8384,2007,-20.019531,25000000.000
8385,2011,-18.066406,25000000.000
8386,2014,-16.601562,25000000.000
8387,2015,-16.113281,25000000.000
8388,2024,-11.718750,25000000.000
8389,2030,-8.789062,25000000.000
8390,2035,-6.347656,25000000.000
8391,2037,-5.371094,25000000.000
8392,2047,-0.488281,25000000.000
8393,2054,2.929688,25000000.000
8394,2060,5.859375,25000000.000
8395,2060,5.859375,25000000.000
8396,2070,10.742188,25000000.000
8397,2076,13.671875,25000000.000
8398,2078,14.648438,25000000.000
8399,2078,14.648438,25000000.000
8400,2084,17.578125,25000000.000
8401,2085,18.066406,25000000.000
8402,2086,18.554688,25000000.000
8403,2085,18.066406,25000000.000
8404,2084,17.578125,25000000.000
8405,2081,16.113281,25000000.000
8406,2079,15.136719,25000000.000
8407,2078,14.648438,25000000.000
8408,2070,10.742188,25000000.000
8409,2064,7.812500,25000000.000
8410,2057,4.394531,25000000.000
8411,2058,4.882812,25000000.000
8412,2046,-0.976562,25000000.000
8413,2040,-3.906250,25000000.000
8414,2033,-7.324219,25000000.000
8415,2034,-6.835938,25000000.000
8416,2023,-12.207031,25000000.000
8417,2018,-14.648438,25000000.000
8418,2013,-17.089844,25000000.000
8419,2013,-17.089844,25000000.000
8420,2007,-20.019531,25000000.000
8421,2006,-20.507812,25000000.000
8422,2005,-20.996094,25000000.000
8423,2006,-20.507812,25000000.000
8424,2005,-20.996094,25000000.000
8425,2009,-19.042969,25000000.000
8426,2011,-18.066406,25000000.000
8427,2011,-18.066406,25000000.000
8428,2019,-14.160156,25000000.000
8429,2024,-11.718750,25000000.000
8430,2031,-8.300781,25000000.000
8431,2030,-8.789062,25000000.000
8432,2042,-2.929688,25000000.000
8433,2048,0.000000,25000000.000
8434,2056,3.906250,25000000.000
8435,2056,3.906250,25000000.000
8436,2067,9.277344,25000000.000
8437,2072,11.718750,25000000.000
8438,2077,14.160156,25000000.000
8439,2077,14.160156,25000000.000
8440,2083,17.089844,25000000.000
8441,2085,18.066406,25000000.000
8442,2087,19.042969,25000000.000
8443,2087,19.042969,25000000.000
8444,2085,18.066406,25000000.000
8445,2084,17.578125,25000000.000
8446,2081,16.113281,25000000.000
8447,2080,15.625000,25000000.000
8448,2073,12.207031,25000000.000
8449,2069,10.253906,25000000.000
8450,2064,7.812500,25000000.000
8451,2062,6.835938,25000000.000
8452,2052,1.953125,25000000.000
8453,2046,-0.976562,25000000.000
8454,2040,-3.906250,25000000.000
8455,2040,-3.906250,25000000.000
8456,2028,-9.765625,25000000.000
8457,2023,-12.207031,25000000.000
8458,2018,-14.648438,25000000.000
8459,2017,-15.136719,25000000.000
8460,2012,-17.578125,25000000.000
8461,2006,-20.507812,25000000.000
8462,2003,-21.972656,25000000.000
8463,2002,-22.460938,25000000.000
8464,2007,-20.019531,25000000.000
8465,2007,-20.019531,25000000.000
8466,2008,-19.531250,25000000.000
8467,2010,-18.554688,25000000.000
8468,2016,-15.625000,25000000.000
8469,2021,-13.183594,25000000.000
8470,2026,-10.742188,25000000.000
8471,2026,-10.742188,25000000.000
8472,2038,-4.882812,25000000.000
8473,2042,-2.929688,25000000.000
8474,2050,0.976562,25000000.000
8475,2052,1.953125,25000000.000
8476,2062,6.835938,25000000.000
8477,2068,9.765625,25000000.000
8478,2073,12.207031,25000000.000
8479,2073,12.207031,25000000.000
8480,2080,15.625000,25000000.000
8481,2084,17.578125,25000000.000
8482,2086,18.554688,25000000.000
8483,2086,18.554688,25000000.000
8484,2086,18.554688,25000000.000
8485,2087,19.042969,25000000.000
8486,2084,17.578125,25000000.000
8487,2083,17.089844,25000000.000
8488,2078,14.648438,25000000.000
8489,2074,12.695312,25000000.000
8490,2068,9.765625,25000000.000
8491,2068,9.765625,25000000.000
8492,2057,4.394531,25000000.000
8493,2050,0.976562,25000000.000
8494,2045,-1.464844,25000000.000
8495,2045,-1.464844,25000000.000
8496,2033,-7.324219,25000000.000
8497,2027,-10.253906,25000000.000
8498,2022,-12.695312,25000000.000
8499,2022,-12.695312,25000000.000
8500,2013,-17.089844,25000000.000
8501,2010,-18.554688,25000000.000
8502,2007,-20.019531,25000000.000
8503,2008,-19.531250,25000000.000
8504,2004,-21.484375,25000000.000
8505,2006,-20.507812,25000000.000
8506,2008,-19.531250,25000000.000
8507,2007,-20.019531,25000000.000
8508,2013,-17.089844,25000000.000
8509,2018,-14.648438,25000000.000
8510,2021,-13.183594,25000000.000
8511,2022,-12.695312,25000000.000
8512,2031,-8.300781,25000000.000
8513,2036,-5.859375,25000000.000
8514,2043,-2.441406,25000000.000
8515,2044,-1.953125,25000000.000
8516,2056,3.906250,25000000.000
8517,2062,6.835938,25000000.000
8518,2067,9.277344,25000000.000
8519,2067,9.277344,25000000.000
8520,2077,14.160156,25000000.000
8521,2080,15.625000,25000000.000
8522,2083,17.089844,25000000.000
8523,2083,17.089844,25000000.000
8524,2086,18.554688,25000000.000
8525,2087,19.042969,25000000.000
8526,2085,18.066406,25000000.000
8527,2084,17.578125,25000000.000
8528,2080,15.625000,25000000.000
8529,2078,14.648438,25000000.000
8530,2073,12.207031,25000000.000
8531,2071,11.230469,25000000.000
8532,2062,6.835938,25000000.000
8533,2056,3.906250,25000000.000
8534,2050,0.976562,25000000.000
8535,2049,0.488281,25000000.000
8536,2038,-4.882812,25000000.000
8537,2032,-7.812500,25000000.000
8538,2027,-10.253906,25000000.000
8539,2026,-10.742188,25000000.000
8540,2016,-15.625000,25000000.000
8541,2013,-17.089844,25000000.000
8542,2009,-19.042969,25000000.000
8543,2009,-19.042969,25000000.000
8544,2005,-20.996094,25000000.000
8545,2006,-20.507812,25000000.000
8546,2005,-20.996094,25000000.000
8547,2005,-20.996094,25000000.000
8548,2009,-19.042969,25000000.000
8549,2012,-17.578125,25000000.000
8550,2016,-15.625000,25000000.000
8551,2017,-15.136719,25000000.000
8552,2027,-10.253906,25000000.000
8553,2033,-7.324219,25000000.000
8554,2039,-4.394531,25000000.000
8555,2040,-3.906250,25000000.000
8556,2051,1.464844,25000000.000
8557,2058,4.882812,25000000.000
8558,2062,6.835938,25000000.000
8559,2066,8.789062,25000000.000
8560,2076,13.671875,25000000.000
8561,2079,15.136719,25000000.000
8562,2081,16.113281,25000000.000
8563,2081,16.113281,25000000.000
8564,2086,18.554688,25000000.000
8565,2086,18.554688,25000000.000
8566,2086,18.554688,25000000.000
8567,2086,18.554688,25000000.000
8568,2083,17.089844,25000000.000
8569,2080,15.625000,25000000.000
8570,2075,13.183594,25000000.000
8571,2076,13.671875,25000000.000
8572,2067,9.277344,25000000.000
8573,2060,5.859375,25000000.000
8574,2054,2.929688,25000000.000
8575,2054,2.929688,25000000.000
8576,2042,-2.929688,25000000.000
8577,2036,-5.859375,25000000.000
8578,2030,-8.789062,25000000.000
8579,2030,-8.789062,25000000.000
8580,2018,-14.648438,25000000.000
8581,2015,-16.113281,25000000.000
8582,2012,-17.578125,25000000.000
8583,2011,-18.066406,25000000.000
8584,2007,-20.019531,25000000.000
8585,2005,-20.996094,25000000.000
8586,2004,-21.484375,25000000.000
8587,2005,-20.996094,25000000.000
8588,2006,-20.507812,25000000.000
8589,2010,-18.554688,25000000.000
8590,2013,-17.089844,25000000.000
8591,2013,-17.089844,25000000.000
8592,2022,-12.695312,25000000.000
8593,2027,-10.253906,25000000.000
8594,2033,-7.324219,25000000.000
8595,2033,-7.324219,25000000.000
8596,2046,-0.976562,25000000.000
8597,2052,1.953125,25000000.000
8598,2058,4.882812,25000000.000
8599,2059,5.371094,25000000.000
8600,2069,10.253906,25000000.000
8601,2074,12.695312,25000000.000
8602,2078,14.648438,25000000.000
8603,2078,14.648438,25000000.000
8604,2084,17.578125,25000000.000
8605,2086,18.554688,25000000.000
8606,2086,18.554688,25000000.000
8607,2086,18.554688,25000000.000
8608,2083,17.089844,25000000.000
8609,2082,16.601562,25000000.000
8610,2079,15.136719,25000000.000
8611,2078,14.648438,25000000.000
8612,2070,10.742188,25000000.000
8613,2065,8.300781,25000000.000
8614,2060,5.859375,25000000.000
8615,2059,5.371094,25000000.000
8616,2047,-0.488281,25000000.000
8617,2042,-2.929688,25000000.000
8618,2036,-5.859375,25000000.000
8619,2035,-6.347656,25000000.000
8620,2024,-11.718750,25000000.000
8621,2019,-14.160156,25000000.000
8622,2015,-16.113281,25000000.000
8623,2015,-16.113281,25000000.000
8624,2009,-19.042969,25000000.000
8625,2006,-20.507812,25000000.000
8626,2006,-20.507812,25000000.000
8627,2005,-20.996094,25000000.000
8628,2006,-20.507812,25000000.000
8629,2007,-20.019531,25000000.000
8630,2011,-18.066406,25000000.000
8631,2011,-18.066406,25000000.000
8632,2018,-14.648438,25000000.000
8633,2023,-12.207031,25000000.000
8634,2027,-10.253906,25000000.000
8635,2029,-9.277344,25000000.000
8636,2041,-3.417969,25000000.000
8637,2047,-0.488281,25000000.000
8638,2054,2.929688,25000000.000
8639,2054,2.929688,25000000.000
8640,2065,8.300781,25000000.000
8641,2070,10.742188,25000000.000
8642,2074,12.695312,25000000.000
8643,2075,13.183594,25000000.000
8644,2082,16.601562,25000000.000
8645,2085,18.066406,25000000.000
8646,2086,18.554688,25000000.000
8647,2086,18.554688,25000000.000
8648,2086,18.554688,25000000.000
8649,2084,17.578125,25000000.000
8650,2083,17.089844,25000000.000
8651,2082,16.601562,25000000.000
8652,2076,13.671875,25000000.000
8653,2070,10.742188,25000000.000
8654,2066,8.789062,25000000.000
8655,2065,8.300781,25000000.000
8656,2054,2.929688,25000000.000
8657,2048,0.000000,25000000.000
8658,2042,-2.929688,25000000.000
8659,2041,-3.417969,25000000.000
8660,2030,-8.789062,25000000.000
8661,2024,-11.718750,25000000.000
8662,2020,-13.671875,25000000.000
8663,2018,-14.648438,25000000.000
8664,2011,-18.066406,25000000.000
8665,2008,-19.531250,25000000.000
8666,2006,-20.507812,25000000.000
8667,2006,-20.507812,25000000.000
8668,2005,-20.996094,25000000.000
8669,2006,-20.507812,25000000.000
8670,2007,-20.019531,25000000.000
8671,2009,-19.042969,25000000.000
8672,2014,-16.601562,25000000.000
8673,2019,-14.160156,25000000.000
8674,2023,-12.207031,25000000.000
8675,2023,-12.207031,25000000.000
8676,2035,-6.347656,25000000.000
8677,2040,-3.906250,25000000.000
8678,2046,-0.976562,25000000.000
8679,2047,-0.488281,25000000.000
8680,2060,5.859375,25000000.000
8681,2065,8.300781,25000000.000
8682,2071,11.230469,25000000.000
8683,2070,10.742188,25000000.000
8684,2079,15.136719,25000000.000
8685,2081,16.113281,25000000.000
8686,2085,18.066406,25000000.000
8687,2086,18.554688,25000000.000
8688,2086,18.554688,25000000.000
8689,2087,19.042969,25000000.000
8690,2085,18.066406,25000000.000
8691,2085,18.066406,25000000.000
8692,2078,14.648438,25000000.000
8693,2076,13.671875,25000000.000
8694,2070,10.742188,25000000.000
8695,2071,11.230469,25000000.000
8696,2059,5.371094,25000000.000
8697,2054,2.929688,25000000.000
8698,2047,-0.488281,25000000.000
8699,2047,-0.488281,25000000.000
8700,2035,-6.347656,25000000.000
8701,2029,-9.277344,25000000.000
8702,2025,-11.230469,25000000.000
8703,2024,-11.718750,25000000.000
8704,2016,-15.625000,25000000.000
8705,2011,-18.066406,25000000.000
8706,2009,-19.042969,25000000.000
8707,2008,-19.531250,25000000.000
8708,2006,-20.507812,25000000.000
8709,2005,-20.996094,25000000.000
8710,2006,-20.507812,25000000.000
8711,2006,-20.507812,25000000.000
8712,2013,-17.089844,25000000.000
8713,2015,-16.113281,25000000.000
8714,2020,-13.671875,25000000.000
8715,2020,-13.671875,25000000.000
8716,2030,-8.789062,25000000.000
8717,2035,-6.347656,25000000.000
8718,2043,-2.441406,25000000.000
8719,2043,-2.441406,25000000.000
8720,2055,3.417969,25000000.000
8721,2061,6.347656,25000000.000
8722,2068,9.765625,25000000.000
8723,2068,9.765625,25000000.000
8724,2076,13.671875,25000000.000
8725,2080,15.625000,25000000.000
8726,2083,17.089844,25000000.000
8727,2083,17.089844,25000000.000
8728,2087,19.042969,25000000.000
8729,2086,18.554688,25000000.000
8730,2085,18.066406,25000000.000
8731,2086,18.554688,25000000.000
8732,2081,16.113281,25000000.000
8733,2077,14.160156,25000000.000
8734,2073,12.207031,25000000.000
8735,2073,12.207031,25000000.000
8736,2062,6.835938,25000000.000
8737,2058,4.882812,25000000.000
8738,2052,1.953125,25000000.000
8739,2051,1.464844,25000000.000
8740,2040,-3.906250,25000000.000
8741,2033,-7.324219,25000000.000
8742,2028,-9.765625,25000000.000
8743,2027,-10.253906,25000000.000
8744,2017,-15.136719,25000000.000
8745,2014,-16.601562,25000000.000
8746,2010,-18.554688,25000000.000
8747,2011,-18.066406,25000000.000
8748,2006,-20.507812,25000000.000
8749,2006,-20.507812,25000000.000
8750,2006,-20.507812,25000000.000
8751,2006,-20.507812,25000000.000
8752,2008,-19.531250,25000000.000
8753,2011,-18.066406,25000000.000
8754,2016,-15.625000,25000000.000
8755,2017,-15.136719,25000000.000
8756,2025,-11.230469,25000000.000
8757,2031,-8.300781,25000000.000
8758,2037,-5.371094,25000000.000
8759,2037,-5.371094,25000000.000
8760,2049,0.488281,25000000.000
8761,2055,3.417969,25000000.000
8762,2061,6.347656,25000000.000
8763,2061,6.347656,25000000.000
8764,2073,12.207031,25000000.000
8765,2076,13.671875,25000000.000
8766,2080,15.625000,25000000.000
8767,2080,15.625000,25000000.000
8768,2085,18.066406,25000000.000
8769,2085,18.066406,25000000.000
8770,2085,18.066406,25000000.000
8771,2084,17.578125,25000000.000
8772,2083,17.089844,25000000.000
8773,2080,15.625000,25000000.000
8774,2075,13.183594,25000000.000
8775,2077,14.160156,25000000.000
8776,2067,9.277344,25000000.000
8777,2061,6.347656,25000000.000
8778,2056,3.906250,25000000.000
8779,2056,3.906250,25000000.000
8780,2043,-2.441406,25000000.000
8781,2038,-4.882812,25000000.000
8782,2033,-7.324219,25000000.000
8783,2030,-8.789062,25000000.000
8784,2022,-12.695312,25000000.000
8785,2017,-15.136719,25000000.000
8786,2013,-17.089844,25000000.000
8787,2013,-17.089844,25000000.000
8788,2008,-19.531250,25000000.000
8789,2007,-20.019531,25000000.000
8790,2006,-20.507812,25000000.000
8791,2006,-20.507812,25000000.000
8792,2008,-19.531250,25000000.000
8793,2010,-18.554688,25000000.000
8794,2013,-17.089844,25000000.000
8795,2014,-16.601562,25000000.000
8796,2021,-13.183594,25000000.000
8797,2027,-10.253906,25000000.000
8798,2033,-7.324219,25000000.000
8799,2032,-7.812500,25000000.000
8800,2044,-1.953125,25000000.000
8801,2051,1.464844,25000000.000
8802,2058,4.882812,25000000.000
8803,2057,4.394531,25000000.000
8804,2068,9.765625,25000000.000
8805,2072,11.718750,25000000.000
8806,2077,14.160156,25000000.000
8807,2078,14.648438,25000000.000
8808,2085,18.066406,25000000.000
8809,2081,16.113281,25000000.000
8810,2091,20.996094,25000000.000
8811,2077,14.160156,25000000.000
8812,2085,18.066406,25000000.000
8813,2080,15.625000,25000000.000
8814,2078,14.648438,25000000.000
8815,2077,14.160156,25000000.000
8816,2072,11.718750,25000000.000
8817,2065,8.300781,25000000.000
8818,2061,6.347656,25000000.000
8819,2060,5.859375,25000000.000
8820,2049,0.488281,25000000.000
8821,2042,-2.929688,25000000.000
8822,2036,-5.859375,25000000.000
8823,2036,-5.859375,25000000.000
8824,2026,-10.742188,25000000.000
8825,2021,-13.183594,25000000.000
8826,2016,-15.625000,25000000.000
8827,2015,-16.113281,25000000.000
8828,2010,-18.554688,25000000.000
8829,2007,-20.019531,25000000.000
8830,2005,-20.996094,25000000.000
8831,2006,-20.507812,25000000.000
8832,2007,-20.019531,25000000.000
8833,2009,-19.042969,25000000.000
8834,2010,-18.554688,25000000.000
8835,2011,-18.066406,25000000.000
8836,2018,-14.648438,25000000.000
8837,2023,-12.207031,25000000.000
8838,2028,-9.765625,25000000.000
8839,2029,-9.277344,25000000.000
8840,2041,-3.417969,25000000.000
8841,2047,-0.488281,25000000.000
8842,2052,1.953125,25000000.000
8843,2053,2.441406,25000000.000
8844,2064,7.812500,25000000.000
8845,2069,10.253906,25000000.000
8846,2073,12.207031,25000000.000
8847,2074,12.695312,25000000.000
8848,2081,16.113281,25000000.000
8849,2084,17.578125,25000000.000
8850,2085,18.066406,25000000.000
8851,2084,17.578125,25000000.000
8852,2086,18.554688,25000000.000
8853,2084,17.578125,25000000.000
8854,2082,16.601562,25000000.000
8855,2082,16.601562,25000000.000
8856,2075,13.183594,25000000.000
8857,2070,10.742188,25000000.000
8858,2066,8.789062,25000000.000
8859,2064,7.812500,25000000.000
8860,2055,3.417969,25000000.000
8861,2047,-0.488281,25000000.000
8862,2041,-3.417969,25000000.000
8863,2043,-2.441406,25000000.000
8864,2029,-9.277344,25000000.000
8865,2025,-11.230469,25000000.000
8866,2020,-13.671875,25000000.000
8867,2018,-14.648438,25000000.000
8868,2012,-17.578125,25000000.000
8869,2010,-18.554688,25000000.000
8870,2008,-19.531250,25000000.000
8871,2008,-19.531250,25000000.000
8872,2007,-20.019531,25000000.000
8873,2007,-20.019531,25000000.000
8874,2009,-19.042969,25000000.000
8875,2009,-19.042969,25000000.000
8876,2015,-16.113281,25000000.000
8877,2020,-13.671875,25000000.000
8878,2024,-11.718750,25000000.000
8879,2024,-11.718750,25000000.000
8880,2035,-6.347656,25000000.000
8881,2041,-3.417969,25000000.000
8882,2048,0.000000,25000000.000
8883,2047,-0.488281,25000000.000
8884,2059,5.371094,25000000.000
8885,2065,8.300781,25000000.000
8886,2069,10.253906,25000000.000
8887,2071,11.230469,25000000.000
8888,2079,15.136719,25000000.000
8889,2081,16.113281,25000000.000
8890,2085,18.066406,25000000.000
8891,2084,17.578125,25000000.000
8892,2099,24.902344,25000000.000
8893,2084,17.578125,25000000.000
8894,2084,17.578125,25000000.000
8895,2085,18.066406,25000000.000
8896,2081,16.113281,25000000.000
8897,2074,12.695312,25000000.000
8898,2069,10.253906,25000000.000
8899,2067,9.277344,25000000.000
8900,2056,3.906250,25000000.000
8901,2051,1.464844,25000000.000
8902,2046,-0.976562,25000000.000
8903,2046,-0.976562,25000000.000
8904,2035,-6.347656,25000000.000
8905,2028,-9.765625,25000000.000
8906,2024,-11.718750,25000000.000
8907,2024,-11.718750,25000000.000
8908,2015,-16.113281,25000000.000
8909,2011,-18.066406,25000000.000
8910,2008,-19.531250,25000000.000
8911,2009,-19.042969,25000000.000
8912,2007,-20.019531,25000000.000
8913,2007,-20.019531,25000000.000
8914,2008,-19.531250,25000000.000
8915,2007,-20.019531,25000000.000
8916,2013,-17.089844,25000000.000
8917,2017,-15.136719,25000000.000
8918,2020,-13.671875,25000000.000
8919,2022,-12.695312,25000000.000
8920,2030,-8.789062,25000000.000
8921,2037,-5.371094,25000000.000
8922,2043,-2.441406,25000000.000
8923,2043,-2.441406,25000000.000
8924,2055,3.417969,25000000.000
8925,2061,6.347656,25000000.000
8926,2066,8.789062,25000000.000
8927,2066,8.789062,25000000.000
8928,2075,13.183594,25000000.000
8929,2079,15.136719,25000000.000
8930,2082,16.601562,25000000.000
8931,2082,16.601562,25000000.000
8932,2087,19.042969,25000000.000
8933,2086,18.554688,25000000.000
8934,2085,18.066406,25000000.000
8935,2085,18.066406,25000000.000
8936,2080,15.625000,25000000.000
8937,2077,14.160156,25000000.000
8938,2074,12.695312,25000000.000
8939,2073,12.207031,25000000.000
8940,2064,7.812500,25000000.000
8941,2058,4.882812,25000000.000
8942,2053,2.441406,25000000.000
8943,2051,1.464844,25000000.000
8944,2040,-3.906250,25000000.000
8945,2034,-6.835938,25000000.000
8946,2029,-9.277344,25000000.000
8947,2028,-9.765625,25000000.000
8948,2018,-14.648438,25000000.000
8949,2014,-16.601562,25000000.000
8950,2010,-18.554688,25000000.000
8951,2011,-18.066406,25000000.000
8952,2006,-20.507812,25000000.000
8953,2006,-20.507812,25000000.000
8954,2005,-20.996094,25000000.000
8955,2006,-20.507812,25000000.000
8956,2009,-19.042969,25000000.000
8957,2012,-17.578125,25000000.000
8958,2016,-15.625000,25000000.000
8959,2015,-16.113281,25000000.000
8960,2024,-11.718750,25000000.000
8961,2030,-8.789062,25000000.000
8962,2037,-5.371094,25000000.000
8963,2037,-5.371094,25000000.000
8964,2049,0.488281,25000000.000
8965,2054,2.929688,25000000.000
8966,2061,6.347656,25000000.000
8967,2061,6.347656,25000000.000
8968,2071,11.230469,25000000.000
8969,2076,13.671875,25000000.000
8970,2079,15.136719,25000000.000
8971,2079,15.136719,25000000.000
8972,2084,17.578125,25000000.000
8973,2085,18.066406,25000000.000
8974,2085,18.066406,25000000.000
8975,2086,18.554688,25000000.000
8976,2083,17.089844,25000000.000
8977,2080,15.625000,25000000.000
8978,2077,14.160156,25000000.000
8979,2076,13.671875,25000000.000
8980,2067,9.277344,25000000.000
8981,2061,6.347656,25000000.000
8982,2057,4.394531,25000000.000
8983,2056,3.906250,25000000.000
8984,2044,-1.953125,25000000.000
8985,2039,-4.394531,25000000.000
8986,2032,-7.812500,25000000.000
8987,2032,-7.812500,25000000.000
8988,2022,-12.695312,25000000.000
8989,2017,-15.136719,25000000.000
8990,2014,-16.601562,25000000.000
8991,2013,-17.089844,25000000.000
8992,2009,-19.042969,25000000.000
8993,2007,-20.019531,25000000.000
8994,2006,-20.507812,25000000.000
8995,2006,-20.507812,25000000.000
8996,2007,-20.019531,25000000.000
8997,2011,-18.066406,25000000.000
8998,2013,-17.089844,25000000.000
8999,2013,-17.089844,25000000.000
9000,2021,-13.183594,25000000.000
9001,2026,-10.742188,25000000.000
9002,2031,-8.300781,25000000.000
9003,2032,-7.812500,25000000.000
9004,2042,-2.929688,25000000.000
9005,2050,0.976562,25000000.000
9006,2056,3.906250,25000000.000
9007,2056,3.906250,25000000.000
9008,2066,8.789062,25000000.000
9009,2072,11.718750,25000000.000
9010,2076,13.671875,25000000.000
9011,2075,13.183594,25000000.000
9012,2081,16.113281,25000000.000
9013,2084,17.578125,25000000.000
9014,2085,18.066406,25000000.000
9015,2084,17.578125,25000000.000
9016,2083,17.089844,25000000.000
9017,2082,16.601562,25000000.000
9018,2080,15.625000,25000000.000
9019,2078,14.648438,25000000.000
9020,2073,12.207031,25000000.000
9021,2067,9.277344,25000000.000
9022,2063,7.324219,25000000.000
9023,2061,6.347656,25000000.000
9024,2051,1.464844,25000000.000
9025,2045,-1.464844,25000000.000
9026,2038,-4.882812,25000000.000
9027,2037,-5.371094,25000000.000
9028,2028,-9.765625,25000000.000
9029,2022,-12.695312,25000000.000
9030,2018,-14.648438,25000000.000
9031,2018,-14.648438,25000000.000
9032,2011,-18.066406,25000000.000
9033,2009,-19.042969,25000000.000
9034,2006,-20.507812,25000000.000
9035,2006,-20.507812,25000000.000
9036,2006,-20.507812,25000000.000
9037,2008,-19.531250,25000000.000
9038,2010,-18.554688,25000000.000
9039,2009,-19.042969,25000000.000
9040,2017,-15.136719,25000000.000
9041,2021,-13.183594,25000000.000
9042,2026,-10.742188,25000000.000
9043,2027,-10.253906,25000000.000
9044,2038,-4.882812,25000000.000
9045,2045,-1.464844,25000000.000
9046,2050,0.976562,25000000.000
9047,2050,0.976562,25000000.000
9048,2062,6.835938,25000000.000
9049,2067,9.277344,25000000.000
9050,2073,12.207031,25000000.000
9051,2073,12.207031,25000000.000
9052,2081,16.113281,25000000.000
9053,2083,17.089844,25000000.000
9054,2085,18.066406,25000000.000
9055,2086,18.554688,25000000.000
9056,2086,18.554688,25000000.000
9057,2085,18.066406,25000000.000
9058,2083,17.089844,25000000.000
9059,2083,17.089844,25000000.000
9060,2076,13.671875,25000000.000
9061,2072,11.718750,25000000.000
9062,2068,9.765625,25000000.000
9063,2067,9.277344,25000000.000
9064,2056,3.906250,25000000.000
9065,2050,0.976562,25000000.000
9066,2044,-1.953125,25000000.000
9067,2043,-2.441406,25000000.000
9068,2031,-8.300781,25000000.000
9069,2027,-10.253906,25000000.000
9070,2022,-12.695312,25000000.000
9071,2022,-12.695312,25000000.000
9072,2014,-16.601562,25000000.000
9073,2010,-18.554688,25000000.000
9074,2008,-19.531250,25000000.000
9075,2008,-19.531250,25000000.000
9076,2007,-20.019531,25000000.000
9077,2007,-20.019531,25000000.000
9078,2008,-19.531250,25000000.000
9079,2009,-19.042969,25000000.000
9080,2014,-16.601562,25000000.000
9081,2018,-14.648438,25000000.000
9082,2023,-12.207031,25000000.000
9083,2023,-12.207031,25000000.000
9084,2033,-7.324219,25000000.000
9085,2040,-3.906250,25000000.000
9086,2045,-1.464844,25000000.000
9087,2046,-0.976562,25000000.000
9088,2057,4.394531,25000000.000
9089,2064,7.812500,25000000.000
9090,2069,10.253906,25000000.000
9091,2069,10.253906,25000000.000
9092,2078,14.648438,25000000.000
9093,2081,16.113281,25000000.000
9094,2084,17.578125,25000000.000
9095,2084,17.578125,25000000.000
9096,2085,18.066406,25000000.000
9097,2086,18.554688,25000000.000
9098,2085,18.066406,25000000.000
9099,2084,17.578125,25000000.000
9100,2079,15.136719,25000000.000
9101,2078,14.648438,25000000.000
9102,2072,11.718750,25000000.000
9103,2072,11.718750,25000000.000
9104,2061,6.347656,25000000.000
9105,2055,3.417969,25000000.000
9106,2049,0.488281,25000000.000
9107,2048,0.000000,25000000.000
9108,2037,-5.371094,25000000.000
9109,2032,-7.812500,25000000.000
9110,2026,-10.742188,25000000.000
9111,2025,-11.230469,25000000.000
9112,2017,-15.136719,25000000.000
9113,2013,-17.089844,25000000.000
9114,2009,-19.042969,25000000.000
9115,2009,-19.042969,25000000.000
9116,2006,-20.507812,25000000.000
9117,2006,-20.507812,25000000.000
9118,2006,-20.507812,25000000.000
9119,2006,-20.507812,25000000.000
9120,2011,-18.066406,25000000.000
9121,2013,-17.089844,25000000.000
9122,2018,-14.648438,25000000.000
9123,2019,-14.160156,25000000.000
9124,2027,-10.253906,25000000.000
9125,2035,-6.347656,25000000.000
9126,2040,-3.906250,25000000.000
9127,2040,-3.906250,25000000.000
9128,2052,1.953125,25000000.000
9129,2058,4.882812,25000000.000
9130,2064,7.812500,25000000.000
9131,2064,7.812500,25000000.000
9132,2073,12.207031,25000000.000
9133,2078,14.648438,25000000.000
9134,2081,16.113281,25000000.000
9135,2081,16.113281,25000000.000
9136,2083,17.089844,25000000.000
9137,2085,18.066406,25000000.000
9138,2083,17.089844,25000000.000
9139,2084,17.578125,25000000.000
9140,2081,16.113281,25000000.000
9141,2077,14.160156,25000000.000
9142,2074,12.695312,25000000.000
9143,2074,12.695312,25000000.000
9144,2063,7.324219,25000000.000
9145,2058,4.882812,25000000.000
9146,2053,2.441406,25000000.000
9147,2052,1.953125,25000000.000
9148,2040,-3.906250,25000000.000
9149,2036,-5.859375,25000000.000
9150,2029,-9.277344,25000000.000
9151,2029,-9.277344,25000000.000
9152,2020,-13.671875,25000000.000
9153,2016,-15.625000,25000000.000
9154,2012,-17.578125,25000000.000
9155,2012,-17.578125,25000000.000
9156,2008,-19.531250,25000000.000
9157,2007,-20.019531,25000000.000
9158,2001,-22.949219,25000000.000
9159,2011,-18.066406,25000000.000
9160,2010,-18.554688,25000000.000
9161,2013,-17.089844,25000000.000
9162,2015,-16.113281,25000000.000
9163,2016,-15.625000,25000000.000
9164,2022,-12.695312,25000000.000
9165,2029,-9.277344,25000000.000
9166,2034,-6.835938,25000000.000
9167,2035,-6.347656,25000000.000
9168,2046,-0.976562,25000000.000
9169,2052,1.953125,25000000.000
9170,2057,4.394531,25000000.000
9171,2059,5.371094,25000000.000
9172,2069,10.253906,25000000.000
9173,2074,12.695312,25000000.000
9174,2077,14.160156,25000000.000
9175,2077,14.160156,25000000.000
9176,2083,17.089844,25000000.000
9177,2084,17.578125,25000000.000
9178,2085,18.066406,25000000.000
9179,2085,18.066406,25000000.000
9180,2084,17.578125,25000000.000
9181,2081,16.113281,25000000.000
9182,2078,14.648438,25000000.000
9183,2077,14.160156,25000000.000
9184,2070,10.742188,25000000.000
9185,2063,7.324219,25000000.000
9186,2059,5.371094,25000000.000
9187,2057,4.394531,25000000.000
9188,2047,-0.488281,25000000.000
9189,2042,-2.929688,25000000.000
9190,2036,-5.859375,25000000.000
9191,2035,-6.347656,25000000.000
9192,2025,-11.230469,25000000.000
9193,2019,-14.160156,25000000.000
9194,2015,-16.113281,25000000.000
9195,2015,-16.113281,25000000.000
9196,2010,-18.554688,25000000.000
9197,2008,-19.531250,25000000.000
9198,2007,-20.019531,25000000.000
9199,2007,-20.019531,25000000.000
9200,2008,-19.531250,25000000.000
9201,2009,-19.042969,25000000.000
9202,2013,-17.089844,25000000.000
9203,2011,-18.066406,25000000.000
9204,2019,-14.160156,25000000.000
9205,2024,-11.718750,25000000.000
9206,2029,-9.277344,25000000.000
9207,2030,-8.789062,25000000.000
9208,2041,-3.417969,25000000.000
9209,2045,-1.464844,25000000.000
9210,2051,1.464844,25000000.000
9211,2053,2.441406,25000000.000
9212,2066,8.789062,25000000.000
9213,2070,10.742188,25000000.000
9214,2074,12.695312,25000000.000
9215,2074,12.695312,25000000.000
9216,2082,16.601562,25000000.000
9217,2083,17.089844,25000000.000
9218,2084,17.578125,25000000.000
9219,2085,18.066406,25000000.000
9220,2085,18.066406,25000000.000
9221,2084,17.578125,25000000.000
9222,2081,16.113281,25000000.000
9223,2080,15.625000,25000000.000
9224,2073,12.207031,25000000.000
9225,2069,10.253906,25000000.000
9226,2064,7.812500,25000000.000
9227,2064,7.812500,25000000.000
9228,2052,1.953125,25000000.000
9229,2046,-0.976562,25000000.000
9230,2041,-3.417969,25000000.000
9231,2040,-3.906250,25000000.000
9232,2030,-8.789062,25000000.000
9233,2025,-11.230469,25000000.000
9234,2020,-13.671875,25000000.000
9235,2019,-14.160156,25000000.000
9236,2013,-17.089844,25000000.000
9237,2010,-18.554688,25000000.000
9238,2009,-19.042969,25000000.000
9239,2008,-19.531250,25000000.000
9240,2009,-19.042969,25000000.000
9241,2008,-19.531250,25000000.000
9242,2011,-18.066406,25000000.000
9243,2011,-18.066406,25000000.000
9244,2017,-15.136719,25000000.000
9245,2021,-13.183594,25000000.000
9246,2026,-10.742188,25000000.000
9247,2026,-10.742188,25000000.000
9248,2038,-4.882812,25000000.000
9249,2043,-2.441406,25000000.000
9250,2049,0.488281,25000000.000
9251,2049,0.488281,25000000.000
9252,2061,6.347656,25000000.000
9253,2067,9.277344,25000000.000
9254,2071,11.230469,25000000.000
9255,2072,11.718750,25000000.000
9256,2079,15.136719,25000000.000
9257,2082,16.601562,25000000.000
9258,2084,17.578125,25000000.000
9259,2085,18.066406,25000000.000
9260,2084,17.578125,25000000.000
9261,2083,17.089844,25000000.000
9262,2082,16.601562,25000000.000
9263,2082,16.601562,25000000.000
9264,2077,14.160156,25000000.000
9265,2073,12.207031,25000000.000
9266,2067,9.277344,25000000.000
9267,2067,9.277344,25000000.000
9268,2057,4.394531,25000000.000
9269,2051,1.464844,25000000.000
9270,2045,-1.464844,25000000.000
9271,2045,-1.464844,25000000.000
9272,2035,-6.347656,25000000.000
9273,2028,-9.765625,25000000.000
9274,2022,-12.695312,25000000.000
9275,2023,-12.207031,25000000.000
9276,2015,-16.113281,25000000.000
9277,2012,-17.578125,25000000.000
9278,2009,-19.042969,25000000.000
9279,2010,-18.554688,25000000.000
9280,2007,-20.019531,25000000.000
9281,2007,-20.019531,25000000.000
9282,2009,-19.042969,25000000.000
9283,2009,-19.042969,25000000.000
9284,2013,-17.089844,25000000.000
9285,2017,-15.136719,25000000.000
9286,2021,-13.183594,25000000.000
9287,2021,-13.183594,25000000.000
9288,2031,-8.300781,25000000.000
9289,2037,-5.371094,25000000.000
9290,2044,-1.953125,25000000.000
9291,2043,-2.441406,25000000.000
9292,2056,3.906250,25000000.000
9293,2062,6.835938,25000000.000
9294,2065,8.300781,25000000.000
9295,2068,9.765625,25000000.000
9296,2075,13.183594,25000000.000
9297,2079,15.136719,25000000.000
9298,2081,16.113281,25000000.000
9299,2082,16.601562,25000000.000
9300,2084,17.578125,25000000.000
9301,2084,17.578125,25000000.000
9302,2085,18.066406,25000000.000
9303,2083,17.089844,25000000.000
9304,2079,15.136719,25000000.000
9305,2076,13.671875,25000000.000
9306,2071,11.230469,25000000.000
9307,2071,11.230469,25000000.000
9308,2062,6.835938,25000000.000
9309,2057,4.394531,25000000.000
9310,2050,0.976562,25000000.000
9311,2050,0.976562,25000000.000
9312,2039,-4.394531,25000000.000
9313,2033,-7.324219,25000000.000
9314,2028,-9.765625,25000000.000
9315,2028,-9.765625,25000000.000
9316,2018,-14.648438,25000000.000
9317,2014,-16.601562,25000000.000
9318,2011,-18.066406,25000000.000
9319,2010,-18.554688,25000000.000
9320,2008,-19.531250,25000000.000
9321,2007,-20.019531,25000000.000
9322,2007,-20.019531,25000000.000
9323,2007,-20.019531,25000000.000
9324,2011,-18.066406,25000000.000
9325,2014,-16.601562,25000000.000
9326,2017,-15.136719,25000000.000
9327,2018,-14.648438,25000000.000
9328,2027,-10.253906,25000000.000
9329,2032,-7.812500,25000000.000
9330,2038,-4.882812,25000000.000
9331,2039,-4.394531,25000000.000
9332,2050,0.976562,25000000.000
9333,2056,3.906250,25000000.000
9334,2062,6.835938,25000000.000
9335,2063,7.324219,25000000.000
9336,2072,11.718750,25000000.000
9337,2076,13.671875,25000000.000
9338,2080,15.625000,25000000.000
9339,2081,16.113281,25000000.000
9340,2085,18.066406,25000000.000
9341,2086,18.554688,25000000.000
9342,2085,18.066406,25000000.000
9343,2086,18.554688,25000000.000
9344,2082,16.601562,25000000.000
9345,2080,15.625000,25000000.000
9346,2077,14.160156,25000000.000
9347,2076,13.671875,25000000.000
9348,2067,9.277344,25000000.000
9349,2061,6.347656,25000000.000
9350,2054,2.929688,25000000.000
9351,2055,3.417969,25000000.000
9352,2044,-1.953125,25000000.000
9353,2037,-5.371094,25000000.000
9354,2031,-8.300781,25000000.000
9355,2031,-8.300781,25000000.000
9356,2020,-13.671875,25000000.000
9357,2017,-15.136719,25000000.000
9358,2013,-17.089844,25000000.000
9359,2014,-16.601562,25000000.000
9360,2007,-20.019531,25000000.000
9361,2006,-20.507812,25000000.000
9362,2006,-20.507812,25000000.000
9363,2006,-20.507812,25000000.000
9364,2008,-19.531250,25000000.000
9365,2011,-18.066406,25000000.000
9366,2013,-17.089844,25000000.000
9367,2014,-16.601562,25000000.000
9368,2022,-12.695312,25000000.000
9369,2027,-10.253906,25000000.000
9370,2033,-7.324219,25000000.000
9371,2033,-7.324219,25000000.000
9372,2045,-1.464844,25000000.000
9373,2051,1.464844,25000000.000
9374,2058,4.882812,25000000.000
9375,2057,4.394531,25000000.000
9376,2067,9.277344,25000000.000
9377,2073,12.207031,25000000.000
9378,2077,14.160156,25000000.000
9379,2077,14.160156,25000000.000
9380,2083,17.089844,25000000.000
9381,2084,17.578125,25000000.000
9382,2086,18.554688,25000000.000
9383,2086,18.554688,25000000.000
9384,2084,17.578125,25000000.000
9385,2082,16.601562,25000000.000
9386,2079,15.136719,25000000.000
9387,2078,14.648438,25000000.000
9388,2072,11.718750,25000000.000
9389,2066,8.789062,25000000.000
9390,2061,6.347656,25000000.000
9391,2060,5.859375,25000000.000
9392,2048,0.000000,25000000.000
9393,2043,-2.441406,25000000.000
9394,2037,-5.371094,25000000.000
9395,2037,-5.371094,25000000.000
9396,2026,-10.742188,25000000.000
9397,2021,-13.183594,25000000.000
9398,2017,-15.136719,25000000.000
9399,2016,-15.625000,25000000.000
9400,2010,-18.554688,25000000.000
9401,2007,-20.019531,25000000.000
9402,2007,-20.019531,25000000.000
9403,2007,-20.019531,25000000.000
9404,2008,-19.531250,25000000.000
9405,2008,-19.531250,25000000.000
9406,2010,-18.554688,25000000.000
9407,2011,-18.066406,25000000.000
9408,2018,-14.648438,25000000.000
9409,2023,-12.207031,25000000.000
9410,2028,-9.765625,25000000.000
9411,2028,-9.765625,25000000.000
9412,2039,-4.394531,25000000.000
9413,2044,-1.953125,25000000.000
9414,2052,1.953125,25000000.000
9415,2052,1.953125,25000000.000
9416,2063,7.324219,25000000.000
9417,2069,10.253906,25000000.000
9418,2073,12.207031,25000000.000
9419,2074,12.695312,25000000.000
9420,2080,15.625000,25000000.000
9421,2084,17.578125,25000000.000
9422,2085,18.066406,25000000.000
9423,2086,18.554688,25000000.000
9424,2085,18.066406,25000000.000
9425,2085,18.066406,25000000.000
9426,2082,16.601562,25000000.000
9427,2082,16.601562,25000000.000
9428,2076,13.671875,25000000.000
9429,2072,11.718750,25000000.000
9430,2067,9.277344,25000000.000
9431,2066,8.789062,25000000.000
9432,2055,3.417969,25000000.000
9433,2050,0.976562,25000000.000
9434,2043,-2.441406,25000000.000
9435,2043,-2.441406,25000000.000
9436,2032,-7.812500,25000000.000
9437,2026,-10.742188,25000000.000
9438,2021,-13.183594,25000000.000
9439,2020,-13.671875,25000000.000
9440,2013,-17.089844,25000000.000
9441,2009,-19.042969,25000000.000
9442,2007,-20.019531,25000000.000
9443,2007,-20.019531,25000000.000
9444,2007,-20.019531,25000000.000
9445,2007,-20.019531,25000000.000
9446,2008,-19.531250,25000000.000
9447,2008,-19.531250,25000000.000
9448,2014,-16.601562,25000000.000
9449,2018,-14.648438,25000000.000
9450,2022,-12.695312,25000000.000
9451,2023,-12.207031,25000000.000
9452,2035,-6.347656,25000000.000
9453,2041,-3.417969,25000000.000
9454,2046,-0.976562,25000000.000
9455,2048,0.000000,25000000.000
9456,2059,5.371094,25000000.000
9457,2065,8.300781,25000000.000
9458,2069,10.253906,25000000.000
9459,2070,10.742188,25000000.000
9460,2078,14.648438,25000000.000
9461,2082,16.601562,25000000.000
9462,2084,17.578125,25000000.000
9463,2084,17.578125,25000000.000
9464,2086,18.554688,25000000.000
9465,2085,18.066406,25000000.000
9466,2085,18.066406,25000000.000
9467,2083,17.089844,25000000.000
9468,2078,14.648438,25000000.000
9469,2076,13.671875,25000000.000
9470,2071,11.230469,25000000.000
9471,2070,10.742188,25000000.000
9472,2060,5.859375,25000000.000
9473,2054,2.929688,25000000.000
9474,2048,0.000000,25000000.000
9475,2048,0.000000,25000000.000
9476,2036,-5.859375,25000000.000
9477,2030,-8.789062,25000000.000
9478,2026,-10.742188,25000000.000
9479,2025,-11.230469,25000000.000
9480,2016,-15.625000,25000000.000
9481,2013,-17.089844,25000000.000
9482,2011,-18.066406,25000000.000
9483,2009,-19.042969,25000000.000
9484,2007,-20.019531,25000000.000
9485,2006,-20.507812,25000000.000
9486,2008,-19.531250,25000000.000
9487,2008,-19.531250,25000000.000
9488,2011,-18.066406,25000000.000
9489,2015,-16.113281,25000000.000
9490,2019,-14.160156,25000000.000
9491,2019,-14.160156,25000000.000
9492,2030,-8.789062,25000000.000
9493,2035,-6.347656,25000000.000
9494,2041,-3.417969,25000000.000
9495,2041,-3.417969,25000000.000
9496,2053,2.441406,25000000.000
9497,2059,5.371094,25000000.000
9498,2065,8.300781,25000000.000
9499,2066,8.789062,25000000.000
9500,2074,12.695312,25000000.000
9501,2080,15.625000,25000000.000
9502,2083,17.089844,25000000.000
9503,2082,16.601562,25000000.000
9504,2086,18.554688,25000000.000
9505,2086,18.554688,25000000.000
9506,2087,19.042969,25000000.000
9507,2084,17.578125,25000000.000
9508,2075,13.183594,25000000.000
9509,2080,15.625000,25000000.000
9510,2075,13.183594,25000000.000
9511,2072,11.718750,25000000.000
9512,2066,8.789062,25000000.000
9513,2060,5.859375,25000000.000
9514,2053,2.441406,25000000.000
9515,2052,1.953125,25000000.000
9516,2042,-2.929688,25000000.000
9517,2036,-5.859375,25000000.000
9518,2030,-8.789062,25000000.000
9519,2029,-9.277344,25000000.000
9520,2018,-14.648438,25000000.000
9521,2016,-15.625000,25000000.000
9522,2012,-17.578125,25000000.000
9523,2011,-18.066406,25000000.000
9524,2006,-20.507812,25000000.000
9525,2005,-20.996094,25000000.000
9526,2006,-20.507812,25000000.000
9527,2006,-20.507812,25000000.000
9528,2009,-19.042969,25000000.000
9529,2011,-18.066406,25000000.000
9530,2014,-16.601562,25000000.000
9531,2015,-16.113281,25000000.000
9532,2023,-12.207031,25000000.000
9533,2028,-9.765625,25000000.000
9534,2034,-6.835938,25000000.000
9535,2035,-6.347656,25000000.000
9536,2047,-0.488281,25000000.000
9537,2054,2.929688,25000000.000
9538,2060,5.859375,25000000.000
9539,2060,5.859375,25000000.000
9540,2070,10.742188,25000000.000
9541,2075,13.183594,25000000.000
9542,2079,15.136719,25000000.000
9543,2080,15.625000,25000000.000
9544,2084,17.578125,25000000.000
9545,2085,18.066406,25000000.000
9546,2085,18.066406,25000000.000
9547,2086,18.554688,25000000.000
9548,2083,17.089844,25000000.000
9549,2080,15.625000,25000000.000
9550,2077,14.160156,25000000.000
9551,2077,14.160156,25000000.000
9552,2069,10.253906,25000000.000
9553,2064,7.812500,25000000.000
9554,2057,4.394531,25000000.000
9555,2057,4.394531,25000000.000
9556,2047,-0.488281,25000000.000
9557,2040,-3.906250,25000000.000
9558,2034,-6.835938,25000000.000
9559,2034,-6.835938,25000000.000
9560,2022,-12.695312,25000000.000
9561,2018,-14.648438,25000000.000
9562,2014,-16.601562,25000000.000
9563,2014,-16.601562,25000000.000
9564,2008,-19.531250,25000000.000
9565,2007,-20.019531,25000000.000
9566,2006,-20.507812,25000000.000
9567,2006,-20.507812,25000000.000
9568,2007,-20.019531,25000000.000
9569,2008,-19.531250,25000000.000
9570,2010,-18.554688,25000000.000
9571,2012,-17.578125,25000000.000
9572,2020,-13.671875,25000000.000
9573,2025,-11.230469,25000000.000
9574,2030,-8.789062,25000000.000
9575,2030,-8.789062,25000000.000
9576,2041,-3.417969,25000000.000
9577,2047,-0.488281,25000000.000
9578,2054,2.929688,25000000.000
9579,2054,2.929688,25000000.000
9580,2065,8.300781,25000000.000
9581,2071,11.230469,25000000.000
9582,2075,13.183594,25000000.000
9583,2076,13.671875,25000000.000
9584,2083,17.089844,25000000.000
9585,2084,17.578125,25000000.000
9586,2086,18.554688,25000000.000
9587,2086,18.554688,25000000.000
9588,2085,18.066406,25000000.000
9589,2084,17.578125,25000000.000
9590,2082,16.601562,25000000.000
9591,2081,16.113281,25000000.000
9592,2074,12.695312,25000000.000
9593,2069,10.253906,25000000.000
9594,2064,7.812500,25000000.000
9595,2062,6.835938,25000000.000
9596,2052,1.953125,25000000.000
9597,2045,-1.464844,25000000.000
9598,2040,-3.906250,25000000.000
9599,2038,-4.882812,25000000.000
9600,2027,-10.253906,25000000.000
9601,2022,-12.695312,25000000.000
9602,2018,-14.648438,25000000.000
9603,2017,-15.136719,25000000.000
9604,2010,-18.554688,25000000.000
9605,2008,-19.531250,25000000.000
9606,2007,-20.019531,25000000.000
9607,2004,-21.484375,25000000.000
9608,2005,-20.996094,25000000.000
9609,2007,-20.019531,25000000.000
9610,2008,-19.531250,25000000.000
9611,2009,-19.042969,25000000.000
9612,2016,-15.625000,25000000.000
9613,2020,-13.671875,25000000.000
9614,2025,-11.230469,25000000.000
9615,2026,-10.742188,25000000.000
9616,2038,-4.882812,25000000.000
9617,2044,-1.953125,25000000.000
9618,2049,0.488281,25000000.000
9619,2051,1.464844,25000000.000
9620,2062,6.835938,25000000.000
9621,2066,8.789062,25000000.000
9622,2072,11.718750,25000000.000
9623,2073,12.207031,25000000.000
9624,2080,15.625000,25000000.000
9625,2083,17.089844,25000000.000
9626,2085,18.066406,25000000.000
9627,2085,18.066406,25000000.000
9628,2086,18.554688,25000000.000
9629,2085,18.066406,25000000.000
9630,2083,17.089844,25000000.000
9631,2083,17.089844,25000000.000
9632,2077,14.160156,25000000.000
9633,2073,12.207031,25000000.000
9634,2068,9.765625,25000000.000
9635,2068,9.765625,25000000.000
9636,2058,4.882812,25000000.000
9637,2051,1.464844,25000000.000
9638,2045,-1.464844,25000000.000
9639,2045,-1.464844,25000000.000
9640,2033,-7.324219,25000000.000
9641,2028,-9.765625,25000000.000
9642,2024,-11.718750,25000000.000
9643,2022,-12.695312,25000000.000
9644,2013,-17.089844,25000000.000
9645,2011,-18.066406,25000000.000
9646,2008,-19.531250,25000000.000
9647,2009,-19.042969,25000000.000
9648,2006,-20.507812,25000000.000
9649,2007,-20.019531,25000000.000
9650,2007,-20.019531,25000000.000
9651,2008,-19.531250,25000000.000
9652,2013,-17.089844,25000000.000
9653,2018,-14.648438,25000000.000
9654,2021,-13.183594,25000000.000
9655,2023,-12.207031,25000000.000
9656,2032,-7.812500,25000000.000
9657,2039,-4.394531,25000000.000
9658,2046,-0.976562,25000000.000
9659,2046,-0.976562,25000000.000
9660,2056,3.906250,25000000.000
9661,2062,6.835938,25000000.000
9662,2069,10.253906,25000000.000
9663,2069,10.253906,25000000.000
9664,2078,14.648438,25000000.000
9665,2082,16.601562,25000000.000
9666,2084,17.578125,25000000.000
9667,2083,17.089844,25000000.000
9668,2088,19.531250,25000000.000
9669,2086,18.554688,25000000.000
9670,2086,18.554688,25000000.000
9671,2085,18.066406,25000000.000
9672,2080,15.625000,25000000.000
9673,2078,14.648438,25000000.000
9674,2073,12.207031,25000000.000
9675,2071,11.230469,25000000.000
9676,2061,6.347656,25000000.000
9677,2057,4.394531,25000000.000
9678,2049,0.488281,25000000.000
9679,2049,0.488281,25000000.000
9680,2038,-4.882812,25000000.000
9681,2032,-7.812500,25000000.000
9682,2026,-10.742188,25000000.000
9683,2025,-11.230469,25000000.000
9684,2016,-15.625000,25000000.000
9685,2012,-17.578125,25000000.000
9686,2009,-19.042969,25000000.000
9687,2009,-19.042969,25000000.000
9688,2005,-20.996094,25000000.000
9689,2006,-20.507812,25000000.000
9690,2005,-20.996094,25000000.000
9691,2006,-20.507812,25000000.000
9692,2011,-18.066406,25000000.000
9693,2013,-17.089844,25000000.000
9694,2017,-15.136719,25000000.000
9695,2018,-14.648438,25000000.000
9696,2027,-10.253906,25000000.000
9697,2034,-6.835938,25000000.000
9698,2038,-4.882812,25000000.000
9699,2040,-3.906250,25000000.000
9700,2052,1.953125,25000000.000
9701,2058,4.882812,25000000.000
9702,2064,7.812500,25000000.000
9703,2065,8.300781,25000000.000
9704,2074,12.695312,25000000.000
9705,2078,14.648438,25000000.000
9706,2081,16.113281,25000000.000
9707,2082,16.601562,25000000.000
9708,2085,18.066406,25000000.000
9709,2087,19.042969,25000000.000
9710,2086,18.554688,25000000.000
9711,2086,18.554688,25000000.000
9712,2083,17.089844,25000000.000
9713,2080,15.625000,25000000.000
9714,2077,14.160156,25000000.000
9715,2077,14.160156,25000000.000
9716,2067,9.277344,25000000.000
9717,2062,6.835938,25000000.000
9718,2056,3.906250,25000000.000
9719,2055,3.417969,25000000.000
9720,2042,-2.929688,25000000.000
9721,2037,-5.371094,25000000.000
9722,2032,-7.812500,25000000.000
9723,2031,-8.300781,25000000.000
9724,2021,-13.183594,25000000.000
9725,2016,-15.625000,25000000.000
9726,2012,-17.578125,25000000.000
9727,2010,-18.554688,25000000.000
9728,2007,-20.019531,25000000.000
9729,2005,-20.996094,25000000.000
9730,2005,-20.996094,25000000.000
9731,2005,-20.996094,25000000.000
9732,2006,-20.507812,25000000.000
9733,2009,-19.042969,25000000.000
9734,2014,-16.601562,25000000.000
9735,2013,-17.089844,25000000.000
9736,2021,-13.183594,25000000.000
9737,2027,-10.253906,25000000.000
9738,2033,-7.324219,25000000.000
9739,2034,-6.835938,25000000.000
9740,2045,-1.464844,25000000.000
9741,2051,1.464844,25000000.000
9742,2058,4.882812,25000000.000
9743,2058,4.882812,25000000.000
9744,2069,10.253906,25000000.000
9745,2074,12.695312,25000000.000
9746,2078,14.648438,25000000.000
9747,2079,15.136719,25000000.000
9748,2085,18.066406,25000000.000
9749,2085,18.066406,25000000.000
9750,2085,18.066406,25000000.000
9751,2086,18.554688,25000000.000
9752,2085,18.066406,25000000.000
9753,2081,16.113281,25000000.000
9754,2079,15.136719,25000000.000
9755,2079,15.136719,25000000.000
9756,2070,10.742188,25000000.000
9757,2066,8.789062,25000000.000
9758,2059,5.371094,25000000.000
9759,2059,5.371094,25000000.000
9760,2049,0.488281,25000000.000
9761,2041,-3.417969,25000000.000
9762,2035,-6.347656,25000000.000
9763,2035,-6.347656,25000000.000
9764,2025,-11.230469,25000000.000
9765,2019,-14.160156,25000000.000
9766,2014,-16.601562,25000000.000
9767,2015,-16.113281,25000000.000
9768,2008,-19.531250,25000000.000
9769,2006,-20.507812,25000000.000
9770,2006,-20.507812,25000000.000
9771,2006,-20.507812,25000000.000
9772,2006,-20.507812,25000000.000
9773,2008,-19.531250,25000000.000
9774,2010,-18.554688,25000000.000
9775,2011,-18.066406,25000000.000
9776,2019,-14.160156,25000000.000
9777,2022,-12.695312,25000000.000
9778,2027,-10.253906,25000000.000
9779,2028,-9.765625,25000000.000
9780,2041,-3.417969,25000000.000
9781,2046,-0.976562,25000000.000
9782,2052,1.953125,25000000.000
9783,2053,2.441406,25000000.000
9784,2064,7.812500,25000000.000
9785,2070,10.742188,25000000.000
9786,2075,13.183594,25000000.000
9787,2075,13.183594,25000000.000
9788,2082,16.601562,25000000.000
9789,2085,18.066406,25000000.000
9790,2086,18.554688,25000000.000
9791,2087,19.042969,25000000.000
9792,2086,18.554688,25000000.000
9793,2084,17.578125,25000000.000
9794,2082,16.601562,25000000.000
9795,2082,16.601562,25000000.000
9796,2076,13.671875,25000000.000
9797,2070,10.742188,25000000.000
9798,2064,7.812500,25000000.000
9799,2064,7.812500,25000000.000
9800,2054,2.929688,25000000.000
9801,2048,0.000000,25000000.000
9802,2042,-2.929688,25000000.000
9803,2041,-3.417969,25000000.000
9804,2029,-9.277344,25000000.000
9805,2023,-12.207031,25000000.000
9806,2019,-14.160156,25000000.000
9807,2020,-13.671875,25000000.000
9808,2010,-18.554688,25000000.000
9809,2008,-19.531250,25000000.000
9810,2006,-20.507812,25000000.000
9811,2006,-20.507812,25000000.000
9812,2005,-20.996094,25000000.000
9813,2006,-20.507812,25000000.000
9814,2008,-19.531250,25000000.000
9815,2009,-19.042969,25000000.000
9816,2014,-16.601562,25000000.000
9817,2020,-13.671875,25000000.000
9818,2024,-11.718750,25000000.000
9819,2024,-11.718750,25000000.000
9820,2036,-5.859375,25000000.000
9821,2041,-3.417969,25000000.000
9822,2047,-0.488281,25000000.000
9823,2048,0.000000,25000000.000
9824,2061,6.347656,25000000.000
9825,2066,8.789062,25000000.000
9826,2071,11.230469,25000000.000
9827,2072,11.718750,25000000.000
9828,2080,15.625000,25000000.000
9829,2083,17.089844,25000000.000
9830,2085,18.066406,25000000.000
9831,2085,18.066406,25000000.000
9832,2088,19.531250,25000000.000
9833,2087,19.042969,25000000.000
9834,2085,18.066406,25000000.000
9835,2084,17.578125,25000000.000
9836,2079,15.136719,25000000.000
9837,2073,12.207031,25000000.000
9838,2069,10.253906,25000000.000
9839,2069,10.253906,25000000.000
9840,2056,3.906250,25000000.000
9841,2053,2.441406,25000000.000
9842,2047,-0.488281,25000000.000
9843,2046,-0.976562,25000000.000
9844,2033,-7.324219,25000000.000
9845,2028,-9.765625,25000000.000
9846,2023,-12.207031,25000000.000
9847,2023,-12.207031,25000000.000
9848,2014,-16.601562,25000000.000
9849,2012,-17.578125,25000000.000
9850,2008,-19.531250,25000000.000
9851,2008,-19.531250,25000000.000
9852,2005,-20.996094,25000000.000
9853,2005,-20.996094,25000000.000
9854,2004,-21.484375,25000000.000
9855,2008,-19.531250,25000000.000
9856,2008,-19.531250,25000000.000
9857,2015,-16.113281,25000000.000
9858,2017,-15.136719,25000000.000
9859,2019,-14.160156,25000000.000
9860,2030,-8.789062,25000000.000
9861,2036,-5.859375,25000000.000
9862,2041,-3.417969,25000000.000
9863,2043,-2.441406,25000000.000
9864,2056,3.906250,25000000.000
9865,2061,6.347656,25000000.000
9866,2068,9.765625,25000000.000
9867,2068,9.765625,25000000.000
9868,2077,14.160156,25000000.000
9869,2080,15.625000,25000000.000
9870,2084,17.578125,25000000.000
9871,2083,17.089844,25000000.000
9872,2087,19.042969,25000000.000
9873,2086,18.554688,25000000.000
9874,2087,19.042969,25000000.000
9875,2086,18.554688,25000000.000
9876,2081,16.113281,25000000.000
9877,2079,15.136719,25000000.000
9878,2075,13.183594,25000000.000
9879,2073,12.207031,25000000.000
9880,2064,7.812500,25000000.000
9881,2058,4.882812,25000000.000
9882,2052,1.953125,25000000.000
9883,2051,1.464844,25000000.000
9884,2039,-4.394531,25000000.000
9885,2034,-6.835938,25000000.000
9886,2028,-9.765625,25000000.000
9887,2028,-9.765625,25000000.000
9888,2018,-14.648438,25000000.000
9889,2015,-16.113281,25000000.000
9890,2010,-18.554688,25000000.000
9891,2010,-18.554688,25000000.000
9892,2007,-20.019531,25000000.000
9893,2005,-20.996094,25000000.000
9894,2005,-20.996094,25000000.000
9895,2006,-20.507812,25000000.000
9896,2009,-19.042969,25000000.000
9897,2013,-17.089844,25000000.000
9898,2016,-15.625000,25000000.000
9899,2017,-15.136719,25000000.000
9900,2026,-10.742188,25000000.000
9901,2032,-7.812500,25000000.000
9902,2037,-5.371094,25000000.000
9903,2039,-4.394531,25000000.000
9904,2051,1.464844,25000000.000
9905,2056,3.906250,25000000.000
9906,2062,6.835938,25000000.000
9907,2062,6.835938,25000000.000
9908,2074,12.695312,25000000.000
9909,2078,14.648438,25000000.000
9910,2082,16.601562,25000000.000
9911,2081,16.113281,25000000.000
9912,2086,18.554688,25000000.000
9913,2087,19.042969,25000000.000
9914,2086,18.554688,25000000.000
9915,2087,19.042969,25000000.000
9916,2084,17.578125,25000000.000
9917,2080,15.625000,25000000.000
9918,2077,14.160156,25000000.000
9919,2077,14.160156,25000000.000
9920,2067,9.277344,25000000.000
9921,2062,6.835938,25000000.000
9922,2056,3.906250,25000000.000
9923,2055,3.417969,25000000.000
9924,2044,-1.953125,25000000.000
9925,2038,-4.882812,25000000.000
9926,2031,-8.300781,25000000.000
9927,2031,-8.300781,25000000.000
9928,2021,-13.183594,25000000.000
9929,2017,-15.136719,25000000.000
9930,2012,-17.578125,25000000.000
9931,2012,-17.578125,25000000.000
9932,2007,-20.019531,25000000.000
9933,2005,-20.996094,25000000.000
9934,2005,-20.996094,25000000.000
9935,2005,-20.996094,25000000.000
9936,2006,-20.507812,25000000.000
9937,2009,-19.042969,25000000.000
9938,2013,-17.089844,25000000.000
9939,2013,-17.089844,25000000.000
9940,2021,-13.183594,25000000.000
9941,2026,-10.742188,25000000.000
9942,2033,-7.324219,25000000.000
9943,2033,-7.324219,25000000.000
9944,2045,-1.464844,25000000.000
9945,2051,1.464844,25000000.000
9946,2057,4.394531,25000000.000
9947,2058,4.882812,25000000.000
9948,2068,9.765625,25000000.000
9949,2073,12.207031,25000000.000
9950,2079,15.136719,25000000.000
9951,2079,15.136719,25000000.000
9952,2085,18.066406,25000000.000
9953,2085,18.066406,25000000.000
9954,2088,19.531250,25000000.000
9955,2087,19.042969,25000000.000
9956,2085,18.066406,25000000.000
9957,2083,17.089844,25000000.000
9958,2080,15.625000,25000000.000
9959,2080,15.625000,25000000.000
9960,2071,11.230469,25000000.000
9961,2066,8.789062,25000000.000
9962,2060,5.859375,25000000.000
9963,2060,5.859375,25000000.000
9964,2049,0.488281,25000000.000
9965,2041,-3.417969,25000000.000
9966,2036,-5.859375,25000000.000
9967,2035,-6.347656,25000000.000
9968,2025,-11.230469,25000000.000
9969,2020,-13.671875,25000000.000
9970,2015,-16.113281,25000000.000
9971,2013,-17.089844,25000000.000
9972,2008,-19.531250,25000000.000
9973,2006,-20.507812,25000000.000
9974,2004,-21.484375,25000000.000
9975,2004,-21.484375,25000000.000
9976,2004,-21.484375,25000000.000
9977,2007,-20.019531,25000000.000
9978,2009,-19.042969,25000000.000
9979,2009,-19.042969,25000000.000
9980,2016,-15.625000,25000000.000
9981,2021,-13.183594,25000000.000
9982,2027,-10.253906,25000000.000
9983,2027,-10.253906,25000000.000
9984,2039,-4.394531,25000000.000
9985,2045,-1.464844,25000000.000
9986,2052,1.953125,25000000.000
9987,2052,1.953125,25000000.000
9988,2064,7.812500,25000000.000
9989,2070,10.742188,25000000.000
9990,2074,12.695312,25000000.000
9991,2074,12.695312,25000000.000
9992,2083,17.089844,25000000.000
9993,2085,18.066406,25000000.000
9994,2086,18.554688,25000000.000
9995,2086,18.554688,25000000.000
9996,2087,19.042969,25000000.000
9997,2085,18.066406,25000000.000
9998,2082,16.601562,25000000.000
9999,2083,17.089844,25000000.000
10000,2076,13.671875,25000000.000
10001,2071,11.230469,25000000.000
10002,2066,8.789062,25000000.000
10003,2066,8.789062,25000000.000
10004,2054,2.929688,25000000.000
10005,2049,0.488281,25000000.000
10006,2042,-2.929688,25000000.000
10007,2041,-3.417969,25000000.000
10008,2030,-8.789062,25000000.000
10009,2024,-11.718750,25000000.000
10010,2020,-13.671875,25000000.000
10011,2019,-14.160156,25000000.000
10012,2010,-18.554688,25000000.000
10013,2008,-19.531250,25000000.000
10014,2007,-20.019531,25000000.000
10015,2006,-20.507812,25000000.000
10016,2005,-20.996094,25000000.000
10017,2007,-20.019531,25000000.000
10018,2007,-20.019531,25000000.000
10019,2008,-19.531250,25000000.000
10020,2012,-17.578125,25000000.000
10021,2018,-14.648438,25000000.000
10022,2023,-12.207031,25000000.000
10023,2023,-12.207031,25000000.000
10024,2035,-6.347656,25000000.000
10025,2041,-3.417969,25000000.000
10026,2048,0.000000,25000000.000
10027,2049,0.488281,25000000.000
10028,2059,5.371094,25000000.000
10029,2067,9.277344,25000000.000
10030,2071,11.230469,25000000.000
10031,2072,11.718750,25000000.000
10032,2081,16.113281,25000000.000
10033,2084,17.578125,25000000.000
10034,2085,18.066406,25000000.000
10035,2086,18.554688,25000000.000
10036,2088,19.531250,25000000.000
10037,2088,19.531250,25000000.000
10038,2086,18.554688,25000000.000
10039,2085,18.066406,25000000.000
10040,2079,15.136719,25000000.000
10041,2076,13.671875,25000000.000
10042,2071,11.230469,25000000.000
10043,2070,10.742188,25000000.000
10044,2060,5.859375,25000000.000
10045,2054,2.929688,25000000.000
10046,2047,-0.488281,25000000.000
10047,2047,-0.488281,25000000.000
10048,2034,-6.835938,25000000.000
10049,2029,-9.277344,25000000.000
10050,2024,-11.718750,25000000.000
10051,2022,-12.695312,25000000.000
10052,2014,-16.601562,25000000.000
10053,2010,-18.554688,25000000.000
10054,2007,-20.019531,25000000.000
10055,2007,-20.019531,25000000.000
10056,2005,-20.996094,25000000.000
10057,2005,-20.996094,25000000.000
10058,2006,-20.507812,25000000.000
10059,2007,-20.019531,25000000.000
10060,2011,-18.066406,25000000.000
10061,2014,-16.601562,25000000.000
10062,2019,-14.160156,25000000.000
10063,2019,-14.160156,25000000.000
10064,2030,-8.789062,25000000.000
10065,2036,-5.859375,25000000.000
10066,2042,-2.929688,25000000.000
10067,2042,-2.929688,25000000.000
10068,2054,2.929688,25000000.000
10069,2060,5.859375,25000000.000
10070,2066,8.789062,25000000.000
10071,2066,8.789062,25000000.000
10072,2077,14.160156,25000000.000
10073,2081,16.113281,25000000.000
10074,2084,17.578125,25000000.000
10075,2084,17.578125,25000000.000
10076,2087,19.042969,25000000.000
10077,2088,19.531250,25000000.000
10078,2087,19.042969,25000000.000
10079,2086,18.554688,25000000.000
10080,2082,16.601562,25000000.000
10081,2079,15.136719,25000000.000
10082,2074,12.695312,25000000.000
10083,2074,12.695312,25000000.000
10084,2064,7.812500,25000000.000
10085,2058,4.882812,25000000.000
10086,2052,1.953125,25000000.000
10087,2051,1.464844,25000000.000
10088,2039,-4.394531,25000000.000
10089,2034,-6.835938,25000000.000
10090,2028,-9.765625,25000000.000
10091,2028,-9.765625,25000000.000
10092,2018,-14.648438,25000000.000
10093,2013,-17.089844,25000000.000
10094,2011,-18.066406,25000000.000
10095,2010,-18.554688,25000000.000
10096,2006,-20.507812,25000000.000
10097,2005,-20.996094,25000000.000
10098,2005,-20.996094,25000000.000
10099,2005,-20.996094,25000000.000
10100,2008,-19.531250,25000000.000
10101,2011,-18.066406,25000000.000
10102,2015,-16.113281,25000000.000
10103,2015,-16.113281,25000000.000
10104,2038,-4.882812,25000000.000
10105,2028,-9.765625,25000000.000
10106,2036,-5.859375,25000000.000
10107,2036,-5.859375,25000000.000
10108,2051,1.464844,25000000.000
10109,2055,3.417969,25000000.000
10110,2060,5.859375,25000000.000
10111,2061,6.347656,25000000.000
10112,2070,10.742188,25000000.000
10113,2074,12.695312,25000000.000
10114,2079,15.136719,25000000.000
10115,2079,15.136719,25000000.000
10116,2085,18.066406,25000000.000
10117,2085,18.066406,25000000.000
10118,2086,18.554688,25000000.000
10119,2086,18.554688,25000000.000
10120,2084,17.578125,25000000.000
10121,2080,15.625000,25000000.000
10122,2078,14.648438,25000000.000
10123,2078,14.648438,25000000.000
10124,2070,10.742188,25000000.000
10125,2063,7.324219,25000000.000
10126,2058,4.882812,25000000.000
10127,2057,4.394531,25000000.000
10128,2046,-0.976562,25000000.000
10129,2040,-3.906250,25000000.000
10130,2033,-7.324219,25000000.000
10131,2032,-7.812500,25000000.000
10132,2022,-12.695312,25000000.000
10133,2016,-15.625000,25000000.000
10134,2012,-17.578125,25000000.000
10135,2012,-17.578125,25000000.000
10136,2007,-20.019531,25000000.000
10137,2005,-20.996094,25000000.000
10138,2004,-21.484375,25000000.000
10139,2003,-21.972656,25000000.000
10140,2006,-20.507812,25000000.000
10141,2008,-19.531250,25000000.000
10142,2010,-18.554688,25000000.000
10143,2011,-18.066406,25000000.000
10144,2019,-14.160156,25000000.000
10145,2024,-11.718750,25000000.000
10146,2029,-9.277344,25000000.000
10147,2030,-8.789062,25000000.000
10148,2043,-2.441406,25000000.000
10149,2049,0.488281,25000000.000
10150,2055,3.417969,25000000.000
10151,2056,3.906250,25000000.000
10152,2068,9.765625,25000000.000
10153,2073,12.207031,25000000.000
10154,2077,14.160156,25000000.000
10155,2078,14.648438,25000000.000
10156,2083,17.089844,25000000.000
10157,2086,18.554688,25000000.000
10158,2087,19.042969,25000000.000
10159,2086,18.554688,25000000.000
10160,2085,18.066406,25000000.000
10161,2083,17.089844,25000000.000
10162,2082,16.601562,25000000.000
10163,2081,16.113281,25000000.000
10164,2074,12.695312,25000000.000
10165,2069,10.253906,25000000.000
10166,2063,7.324219,25000000.000
10167,2062,6.835938,25000000.000
10168,2051,1.464844,25000000.000
10169,2046,-0.976562,25000000.000
10170,2040,-3.906250,25000000.000
10171,2038,-4.882812,25000000.000
10172,2028,-9.765625,25000000.000
10173,2021,-13.183594,25000000.000
10174,2018,-14.648438,25000000.000
10175,2017,-15.136719,25000000.000
10176,2009,-19.042969,25000000.000
10177,2007,-20.019531,25000000.000
10178,2005,-20.996094,25000000.000
10179,2003,-21.972656,25000000.000
10180,2004,-21.484375,25000000.000
10181,2005,-20.996094,25000000.000
10182,2008,-19.531250,25000000.000
10183,2009,-19.042969,25000000.000
10184,2015,-16.113281,25000000.000
10185,2019,-14.160156,25000000.000
10186,2026,-10.742188,25000000.000
10187,2025,-11.230469,25000000.000
10188,2037,-5.371094,25000000.000
10189,2043,-2.441406,25000000.000
10190,2050,0.976562,25000000.000
10191,2051,1.464844,25000000.000
10192,2061,6.347656,25000000.000
10193,2067,9.277344,25000000.000
10194,2073,12.207031,25000000.000
10195,2073,12.207031,25000000.000
10196,2082,16.601562,25000000.000
10197,2085,18.066406,25000000.000
10198,2086,18.554688,25000000.000
10199,2087,19.042969,25000000.000
10200,2087,19.042969,25000000.000
10201,2087,19.042969,25000000.000
10202,2086,18.554688,25000000.000
10203,2083,17.089844,25000000.000
10204,2079,15.136719,25000000.000
10205,2082,16.601562,25000000.000
10206,2068,9.765625,25000000.000
10207,2068,9.765625,25000000.000
10208,2059,5.371094,25000000.000
10209,2052,1.953125,25000000.000
10210,2044,-1.953125,25000000.000
10211,2045,-1.464844,25000000.000
10212,2033,-7.324219,25000000.000
10213,2026,-10.742188,25000000.000
10214,2022,-12.695312,25000000.000
10215,2021,-13.183594,25000000.000
10216,2013,-17.089844,25000000.000
10217,2010,-18.554688,25000000.000
10218,2007,-20.019531,25000000.000
10219,2007,-20.019531,25000000.000
10220,2005,-20.996094,25000000.000
10221,2006,-20.507812,25000000.000
10222,2006,-20.507812,25000000.000
10223,2007,-20.019531,25000000.000
10224,2012,-17.578125,25000000.000
10225,2016,-15.625000,25000000.000
10226,2020,-13.671875,25000000.000
10227,2021,-13.183594,25000000.000
10228,2032,-7.812500,25000000.000
10229,2038,-4.882812,25000000.000
10230,2044,-1.953125,25000000.000
10231,2044,-1.953125,25000000.000
10232,2057,4.394531,25000000.000
10233,2063,7.324219,25000000.000
10234,2070,10.742188,25000000.000
10235,2069,10.253906,25000000.000
10236,2078,14.648438,25000000.000
10237,2082,16.601562,25000000.000
10238,2084,17.578125,25000000.000
10239,2085,18.066406,25000000.000
10240,2087,19.042969,25000000.000
10241,2086,18.554688,25000000.000
10242,2087,19.042969,25000000.000
10243,2086,18.554688,25000000.000
10244,2082,16.601562,25000000.000
10245,2077,14.160156,25000000.000
10246,2072,11.718750,25000000.000
10247,2072,11.718750,25000000.000
10248,2063,7.324219,25000000.000
10249,2057,4.394531,25000000.000
10250,2051,1.464844,25000000.000
10251,2051,1.464844,25000000.000
10252,2038,-4.882812,25000000.000
10253,2032,-7.812500,25000000.000
10254,2028,-9.765625,25000000.000
10255,2025,-11.230469,25000000.000
10256,2016,-15.625000,25000000.000
10257,2012,-17.578125,25000000.000
10258,2009,-19.042969,25000000.000
10259,2009,-19.042969,25000000.000
10260,2005,-20.996094,25000000.000
10261,2004,-21.484375,25000000.000
10262,2006,-20.507812,25000000.000
10263,2005,-20.996094,25000000.000
10264,2009,-19.042969,25000000.000
10265,2012,-17.578125,25000000.000
10266,2017,-15.136719,25000000.000
10267,2016,-15.625000,25000000.000
10268,2027,-10.253906,25000000.000
10269,2034,-6.835938,25000000.000
10270,2039,-4.394531,25000000.000
10271,2040,-3.906250,25000000.000
10272,2053,2.441406,25000000.000
10273,2058,4.882812,25000000.000
10274,2064,7.812500,25000000.000
10275,2065,8.300781,25000000.000
10276,2074,12.695312,25000000.000
10277,2078,14.648438,25000000.000
10278,2082,16.601562,25000000.000
10279,2083,17.089844,25000000.000
10280,2086,18.554688,25000000.000
10281,2088,19.531250,25000000.000
10282,2087,19.042969,25000000.000
10283,2086,18.554688,25000000.000
10284,2083,17.089844,25000000.000
10285,2081,16.113281,25000000.000
10286,2076,13.671875,25000000.000
10287,2076,13.671875,25000000.000
10288,2068,9.765625,25000000.000
10289,2061,6.347656,25000000.000
10290,2056,3.906250,25000000.000
10291,2055,3.417969,25000000.000
10292,2044,-1.953125,25000000.000
10293,2037,-5.371094,25000000.000
10294,2031,-8.300781,25000000.000
10295,2030,-8.789062,25000000.000
10296,2019,-14.160156,25000000.000
10297,2015,-16.113281,25000000.000
10298,2011,-18.066406,25000000.000
10299,2011,-18.066406,25000000.000
10300,2006,-20.507812,25000000.000
10301,2005,-20.996094,25000000.000
10302,2005,-20.996094,25000000.000
10303,2005,-20.996094,25000000.000
10304,2007,-20.019531,25000000.000
10305,2010,-18.554688,25000000.000
10306,2012,-17.578125,25000000.000
10307,2013,-17.089844,25000000.000
10308,2022,-12.695312,25000000.000
10309,2027,-10.253906,25000000.000
10310,2034,-6.835938,25000000.000
10311,2034,-6.835938,25000000.000
10312,2046,-0.976562,25000000.000
10313,2052,1.953125,25000000.000
10314,2058,4.882812,25000000.000
10315,2059,5.371094,25000000.000
10316,2070,10.742188,25000000.000
10317,2075,13.183594,25000000.000
10318,2079,15.136719,25000000.000
10319,2079,15.136719,25000000.000
10320,2085,18.066406,25000000.000
10321,2086,18.554688,25000000.000
10322,2086,18.554688,25000000.000
10323,2087,19.042969,25000000.000
10324,2084,17.578125,25000000.000
10325,2083,17.089844,25000000.000
10326,2079,15.136719,25000000.000
10327,2078,14.648438,25000000.000
10328,2070,10.742188,25000000.000
10329,2066,8.789062,25000000.000
10330,2058,4.882812,25000000.000
10331,2059,5.371094,25000000.000
10332,2047,-0.488281,25000000.000
10333,2042,-2.929688,25000000.000
10334,2035,-6.347656,25000000.000
10335,2035,-6.347656,25000000.000
10336,2023,-12.207031,25000000.000
10337,2019,-14.160156,25000000.000
10338,2015,-16.113281,25000000.000
10339,2014,-16.601562,25000000.000
10340,2008,-19.531250,25000000.000
10341,2006,-20.507812,25000000.000
10342,2005,-20.996094,25000000.000
10343,2005,-20.996094,25000000.000
10344,2006,-20.507812,25000000.000
10345,2007,-20.019531,25000000.000
10346,2010,-18.554688,25000000.000
10347,2011,-18.066406,25000000.000
10348,2018,-14.648438,25000000.000
10349,2023,-12.207031,25000000.000
10350,2028,-9.765625,25000000.000
10351,2028,-9.765625,25000000.000
10352,2040,-3.906250,25000000.000
10353,2046,-0.976562,25000000.000
10354,2054,2.929688,25000000.000
10355,2053,2.441406,25000000.000
10356,2064,7.812500,25000000.000
10357,2070,10.742188,25000000.000
10358,2075,13.183594,25000000.000
10359,2075,13.183594,25000000.000
10360,2082,16.601562,25000000.000
10361,2084,17.578125,25000000.000
10362,2086,18.554688,25000000.000
10363,2086,18.554688,25000000.000
10364,2086,18.554688,25000000.000
10365,2085,18.066406,25000000.000
10366,2082,16.601562,25000000.000
10367,2082,16.601562,25000000.000
10368,2075,13.183594,25000000.000
10369,2070,10.742188,25000000.000
10370,2064,7.812500,25000000.000
10371,2063,7.324219,25000000.000
10372,2051,1.464844,25000000.000
10373,2046,-0.976562,25000000.000
10374,2040,-3.906250,25000000.000
10375,2039,-4.394531,25000000.000
10376,2028,-9.765625,25000000.000
10377,2023,-12.207031,25000000.000
10378,2019,-14.160156,25000000.000
10379,2018,-14.648438,25000000.000
10380,2010,-18.554688,25000000.000
10381,2008,-19.531250,25000000.000
10382,2005,-20.996094,25000000.000
10383,2006,-20.507812,25000000.000
10384,2005,-20.996094,25000000.000
10385,2005,-20.996094,25000000.000
10386,2007,-20.019531,25000000.000
10387,2008,-19.531250,25000000.000
10388,2014,-16.601562,25000000.000
10389,2018,-14.648438,25000000.000
10390,2024,-11.718750,25000000.000
10391,2025,-11.230469,25000000.000
10392,2036,-5.859375,25000000.000
10393,2042,-2.929688,25000000.000
10394,2048,0.000000,25000000.000
10395,2050,0.976562,25000000.000
10396,2061,6.347656,25000000.000
10397,2066,8.789062,25000000.000
10398,2071,11.230469,25000000.000
10399,2073,12.207031,25000000.000
10400,2080,15.625000,25000000.000
10401,2083,17.089844,25000000.000
10402,2085,18.066406,25000000.000
10403,2086,18.554688,25000000.000
10404,2087,19.042969,25000000.000
10405,2087,19.042969,25000000.000
10406,2085,18.066406,25000000.000
10407,2083,17.089844,25000000.000
10408,2079,15.136719,25000000.000
10409,2075,13.183594,25000000.000
10410,2070,10.742188,25000000.000
10411,2069,10.253906,25000000.000
10412,2058,4.882812,25000000.000
10413,2053,2.441406,25000000.000
10414,2047,-0.488281,25000000.000
10415,2046,-0.976562,25000000.000
10416,2033,-7.324219,25000000.000
10417,2029,-9.277344,25000000.000
10418,2022,-12.695312,25000000.000
10419,2023,-12.207031,25000000.000
10420,2013,-17.089844,25000000.000
10421,2010,-18.554688,25000000.000
10422,2008,-19.531250,25000000.000
10423,2008,-19.531250,25000000.000
10424,2006,-20.507812,25000000.000
10425,2006,-20.507812,25000000.000
10426,2006,-20.507812,25000000.000
10427,2007,-20.019531,25000000.000
10428,2011,-18.066406,25000000.000
10429,2015,-16.113281,25000000.000
10430,2020,-13.671875,25000000.000
10431,2020,-13.671875,25000000.000
10432,2031,-8.300781,25000000.000
10433,2036,-5.859375,25000000.000
10434,2044,-1.953125,25000000.000
10435,2044,-1.953125,25000000.000
10436,2056,3.906250,25000000.000
10437,2062,6.835938,25000000.000
10438,2067,9.277344,25000000.000
10439,2067,9.277344,25000000.000
10440,2078,14.648438,25000000.000
10441,2081,16.113281,25000000.000
10442,2084,17.578125,25000000.000
10443,2084,17.578125,25000000.000
10444,2086,18.554688,25000000.000
10445,2087,19.042969,25000000.000
10446,2085,18.066406,25000000.000
10447,2085,18.066406,25000000.000
10448,2081,16.113281,25000000.000
10449,2078,14.648438,25000000.000
10450,2073,12.207031,25000000.000
10451,2072,11.718750,25000000.000
10452,2063,7.324219,25000000.000
10453,2057,4.394531,25000000.000
10454,2052,1.953125,25000000.000
10455,2051,1.464844,25000000.000
10456,2039,-4.394531,25000000.000
10457,2033,-7.324219,25000000.000
10458,2027,-10.253906,25000000.000
10459,2027,-10.253906,25000000.000
10460,2017,-15.136719,25000000.000
10461,2013,-17.089844,25000000.000
10462,2011,-18.066406,25000000.000
10463,2010,-18.554688,25000000.000
10464,2005,-20.996094,25000000.000
10465,2005,-20.996094,25000000.000
10466,2005,-20.996094,25000000.000
10467,2005,-20.996094,25000000.000
10468,2009,-19.042969,25000000.000
10469,2012,-17.578125,25000000.000
10470,2015,-16.113281,25000000.000
10471,2017,-15.136719,25000000.000
10472,2025,-11.230469,25000000.000
10473,2031,-8.300781,25000000.000
10474,2038,-4.882812,25000000.000
10475,2038,-4.882812,25000000.000
10476,2049,0.488281,25000000.000
10477,2057,4.394531,25000000.000
10478,2064,7.812500,25000000.000
10479,2062,6.835938,25000000.000
10480,2072,11.718750,25000000.000
10481,2078,14.648438,25000000.000
10482,2081,16.113281,25000000.000
10483,2081,16.113281,25000000.000
10484,2087,19.042969,25000000.000
10485,2086,18.554688,25000000.000
10486,2089,20.019531,25000000.000
10487,2086,18.554688,25000000.000
10488,2084,17.578125,25000000.000
10489,2082,16.601562,25000000.000
10490,2078,14.648438,25000000.000
10491,2077,14.160156,25000000.000
10492,2069,10.253906,25000000.000
10493,2063,7.324219,25000000.000
10494,2057,4.394531,25000000.000
10495,2057,4.394531,25000000.000
10496,2044,-1.953125,25000000.000
10497,2039,-4.394531,25000000.000
10498,2032,-7.812500,25000000.000
10499,2032,-7.812500,25000000.000
10500,2022,-12.695312,25000000.000
10501,2016,-15.625000,25000000.000
10502,2012,-17.578125,25000000.000
10503,2012,-17.578125,25000000.000
10504,2007,-20.019531,25000000.000
10505,2005,-20.996094,25000000.000
10506,2005,-20.996094,25000000.000
10507,2004,-21.484375,25000000.000
10508,2007,-20.019531,25000000.000
10509,2008,-19.531250,25000000.000
10510,2012,-17.578125,25000000.000
10511,2013,-17.089844,25000000.000
10512,2021,-13.183594,25000000.000
10513,2027,-10.253906,25000000.000
10514,2032,-7.812500,25000000.000
10515,2034,-6.835938,25000000.000
10516,2045,-1.464844,25000000.000
10517,2051,1.464844,25000000.000
10518,2057,4.394531,25000000.000
10519,2057,4.394531,25000000.000
10520,2068,9.765625,25000000.000
10521,2073,12.207031,25000000.000
10522,2077,14.160156,25000000.000
10523,2078,14.648438,25000000.000
10524,2084,17.578125,25000000.000
10525,2085,18.066406,25000000.000
10526,2087,19.042969,25000000.000
10527,2086,18.554688,25000000.000
10528,2085,18.066406,25000000.000
10529,2082,16.601562,25000000.000
10530,2080,15.625000,25000000.000
10531,2080,15.625000,25000000.000
10532,2071,11.230469,25000000.000
10533,2066,8.789062,25000000.000
10534,2061,6.347656,25000000.000
10535,2060,5.859375,25000000.000
10536,2049,0.488281,25000000.000
10537,2043,-2.441406,25000000.000
10538,2036,-5.859375,25000000.000
10539,2036,-5.859375,25000000.000
10540,2026,-10.742188,25000000.000
10541,2021,-13.183594,25000000.000
10542,2015,-16.113281,25000000.000
10543,2014,-16.601562,25000000.000
10544,2007,-20.019531,25000000.000
10545,2006,-20.507812,25000000.000
10546,2004,-21.484375,25000000.000
10547,2004,-21.484375,25000000.000
10548,2006,-20.507812,25000000.000
10549,2006,-20.507812,25000000.000
10550,2009,-19.042969,25000000.000
10551,2010,-18.554688,25000000.000
10552,2010,-18.554688,25000000.000
10553,2023,-12.207031,25000000.000
10554,2030,-8.789062,25000000.000
10555,2023,-12.207031,25000000.000
10556,2038,-4.882812,25000000.000
10557,2046,-0.976562,25000000.000
10558,2052,1.953125,25000000.000
10559,2052,1.953125,25000000.000
10560,2063,7.324219,25000000.000
10561,2070,10.742188,25000000.000
10562,2074,12.695312,25000000.000
10563,2074,12.695312,25000000.000
10564,2082,16.601562,25000000.000
10565,2084,17.578125,25000000.000
10566,2085,18.066406,25000000.000
10567,2084,17.578125,25000000.000
10568,2086,18.554688,25000000.000
10569,2084,17.578125,25000000.000
10570,2083,17.089844,25000000.000
10571,2083,17.089844,25000000.000
10572,2076,13.671875,25000000.000
10573,2071,11.230469,25000000.000
10574,2065,8.300781,25000000.000
10575,2065,8.300781,25000000.000
10576,2055,3.417969,25000000.000
10577,2048,0.000000,25000000.000
10578,2043,-2.441406,25000000.000
10579,2042,-2.929688,25000000.000
10580,2030,-8.789062,25000000.000
10581,2024,-11.718750,25000000.000
10582,2019,-14.160156,25000000.000
10583,2019,-14.160156,25000000.000
10584,2011,-18.066406,25000000.000
10585,2009,-19.042969,25000000.000
10586,2005,-20.996094,25000000.000
10587,2006,-20.507812,25000000.000
10588,2005,-20.996094,25000000.000
10589,2005,-20.996094,25000000.000
10590,2008,-19.531250,25000000.000
10591,2007,-20.019531,25000000.000
10592,2014,-16.601562,25000000.000
10593,2016,-15.625000,25000000.000
10594,2023,-12.207031,25000000.000
10595,2024,-11.718750,25000000.000
10596,2033,-7.324219,25000000.000
10597,2040,-3.906250,25000000.000
10598,2046,-0.976562,25000000.000
10599,2047,-0.488281,25000000.000
10600,2059,5.371094,25000000.000
10601,2066,8.789062,25000000.000
10602,2070,10.742188,25000000.000
10603,2068,9.765625,25000000.000
10604,2082,16.601562,25000000.000
10605,2083,17.089844,25000000.000
10606,2085,18.066406,25000000.000
10607,2086,18.554688,25000000.000
10608,2088,19.531250,25000000.000
10609,2087,19.042969,25000000.000
10610,2086,18.554688,25000000.000
10611,2085,18.066406,25000000.000
10612,2081,16.113281,25000000.000
10613,2076,13.671875,25000000.000
10614,2070,10.742188,25000000.000
10615,2071,11.230469,25000000.000
10616,2061,6.347656,25000000.000
10617,2055,3.417969,25000000.000
10618,2049,0.488281,25000000.000
10619,2047,-0.488281,25000000.000
10620,2036,-5.859375,25000000.000
10621,2030,-8.789062,25000000.000
10622,2025,-11.230469,25000000.000
10623,2024,-11.718750,25000000.000
10624,2015,-16.113281,25000000.000
10625,2011,-18.066406,25000000.000
10626,2008,-19.531250,25000000.000
10627,2008,-19.531250,25000000.000
10628,2006,-20.507812,25000000.000
10629,2005,-20.996094,25000000.000
10630,2005,-20.996094,25000000.000
10631,2005,-20.996094,25000000.000
10632,2009,-19.042969,25000000.000
10633,2014,-16.601562,25000000.000
10634,2018,-14.648438,25000000.000
10635,2019,-14.160156,25000000.000
10636,2029,-9.277344,25000000.000
10637,2035,-6.347656,25000000.000
10638,2041,-3.417969,25000000.000
10639,2043,-2.441406,25000000.000
10640,2053,2.441406,25000000.000
10641,2060,5.859375,25000000.000
10642,2065,8.300781,25000000.000
10643,2065,8.300781,25000000.000
10644,2075,13.183594,25000000.000
10645,2080,15.625000,25000000.000
10646,2081,16.113281,25000000.000
10647,2082,16.601562,25000000.000
10648,2085,18.066406,25000000.000
10649,2087,19.042969,25000000.000
10650,2086,18.554688,25000000.000
10651,2086,18.554688,25000000.000
10652,2082,16.601562,25000000.000
10653,2079,15.136719,25000000.000
10654,2075,13.183594,25000000.000
10655,2075,13.183594,25000000.000
10656,2065,8.300781,25000000.000
10657,2060,5.859375,25000000.000
10658,2054,2.929688,25000000.000
10659,2053,2.441406,25000000.000
10660,2042,-2.929688,25000000.000
10661,2035,-6.347656,25000000.000
10662,2031,-8.300781,25000000.000
10663,2029,-9.277344,25000000.000
10664,2020,-13.671875,25000000.000
10665,2014,-16.601562,25000000.000
10666,2011,-18.066406,25000000.000
10667,2011,-18.066406,25000000.000
10668,2007,-20.019531,25000000.000
10669,2005,-20.996094,25000000.000
10670,2005,-20.996094,25000000.000
10671,2005,-20.996094,25000000.000
10672,2008,-19.531250,25000000.000
10673,2011,-18.066406,25000000.000
10674,2014,-16.601562,25000000.000
10675,2015,-16.113281,25000000.000
10676,2024,-11.718750,25000000.000
10677,2030,-8.789062,25000000.000
10678,2035,-6.347656,25000000.000
10679,2036,-5.859375,25000000.000
10680,2048,0.000000,25000000.000
10681,2055,3.417969,25000000.000
10682,2061,6.347656,25000000.000
10683,2061,6.347656,25000000.000
10684,2072,11.718750,25000000.000
10685,2076,13.671875,25000000.000
10686,2080,15.625000,25000000.000
10687,2081,16.113281,25000000.000
10688,2085,18.066406,25000000.000
10689,2086,18.554688,25000000.000
10690,2086,18.554688,25000000.000
10691,2086,18.554688,25000000.000
10692,2086,18.554688,25000000.000
10693,2082,16.601562,25000000.000
10694,2079,15.136719,25000000.000
10695,2079,15.136719,25000000.000
10696,2070,10.742188,25000000.000
10697,2065,8.300781,25000000.000
10698,2059,5.371094,25000000.000
10699,2058,4.882812,25000000.000
10700,2047,-0.488281,25000000.000
10701,2039,-4.394531,25000000.000
10702,2034,-6.835938,25000000.000
10703,2033,-7.324219,25000000.000
10704,2022,-12.695312,25000000.000
10705,2017,-15.136719,25000000.000
10706,2014,-16.601562,25000000.000
10707,2013,-17.089844,25000000.000
10708,2007,-20.019531,25000000.000
10709,2006,-20.507812,25000000.000
10710,2005,-20.996094,25000000.000
10711,2004,-21.484375,25000000.000
10712,2006,-20.507812,25000000.000
10713,2008,-19.531250,25000000.000
10714,2011,-18.066406,25000000.000
10715,2011,-18.066406,25000000.000
10716,2019,-14.160156,25000000.000
10717,2025,-11.230469,25000000.000
10718,2030,-8.789062,25000000.000
10719,2030,-8.789062,25000000.000
10720,2042,-2.929688,25000000.000
10721,2048,0.000000,25000000.000
10722,2055,3.417969,25000000.000
10723,2055,3.417969,25000000.000
10724,2067,9.277344,25000000.000
10725,2072,11.718750,25000000.000
10726,2076,13.671875,25000000.000
10727,2077,14.160156,25000000.000
10728,2083,17.089844,25000000.000
10729,2085,18.066406,25000000.000
10730,2087,19.042969,25000000.000
10731,2086,18.554688,25000000.000
10732,2084,17.578125,25000000.000
10733,2083,17.089844,25000000.000
10734,2081,16.113281,25000000.000
10735,2081,16.113281,25000000.000
10736,2072,11.718750,25000000.000
10737,2069,10.253906,25000000.000
10738,2062,6.835938,25000000.000
10739,2062,6.835938,25000000.000
10740,2051,1.464844,25000000.000
10741,2045,-1.464844,25000000.000
10742,2040,-3.906250,25000000.000
10743,2037,-5.371094,25000000.000
10744,2027,-10.253906,25000000.000
10745,2022,-12.695312,25000000.000
10746,2016,-15.625000,25000000.000
10747,2016,-15.625000,25000000.000
10748,2010,-18.554688,25000000.000
10749,2007,-20.019531,25000000.000
10750,2005,-20.996094,25000000.000
10751,2005,-20.996094,25000000.000
10752,2005,-20.996094,25000000.000
10753,2007,-20.019531,25000000.000
10754,2009,-19.042969,25000000.000
10755,2009,-19.042969,25000000.000
10756,2016,-15.625000,25000000.000
10757,2020,-13.671875,25000000.000
10758,2026,-10.742188,25000000.000
10759,2026,-10.742188,25000000.000
10760,2037,-5.371094,25000000.000
10761,2043,-2.441406,25000000.000
10762,2049,0.488281,25000000.000
10763,2050,0.976562,25000000.000
10764,2061,6.347656,25000000.000
10765,2067,9.277344,25000000.000
10766,2073,12.207031,25000000.000
10767,2073,12.207031,25000000.000
10768,2081,16.113281,25000000.000
10769,2081,16.113281,25000000.000
10770,2084,17.578125,25000000.000
10771,2084,17.578125,25000000.000
10772,2086,18.554688,25000000.000
10773,2086,18.554688,25000000.000
10774,2082,16.601562,25000000.000
10775,2082,16.601562,25000000.000
10776,2076,13.671875,25000000.000
10777,2072,11.718750,25000000.000
10778,2066,8.789062,25000000.000
10779,2067,9.277344,25000000.000
10780,2056,3.906250,25000000.000
10781,2050,0.976562,25000000.000
10782,2045,-1.464844,25000000.000
10783,2042,-2.929688,25000000.000
10784,2032,-7.812500,25000000.000
10785,2027,-10.253906,25000000.000
10786,2022,-12.695312,25000000.000
10787,2021,-13.183594,25000000.000
10788,2012,-17.578125,25000000.000
10789,2010,-18.554688,25000000.000
10790,2007,-20.019531,25000000.000
10791,2008,-19.531250,25000000.000
10792,2005,-20.996094,25000000.000
10793,2005,-20.996094,25000000.000
10794,2007,-20.019531,25000000.000
10795,2007,-20.019531,25000000.000
10796,2012,-17.578125,25000000.000
10797,2017,-15.136719,25000000.000
10798,2022,-12.695312,25000000.000
10799,2022,-12.695312,25000000.000
10800,2033,-7.324219,25000000.000
10801,2038,-4.882812,25000000.000
10802,2045,-1.464844,25000000.000
10803,2045,-1.464844,25000000.000
10804,2057,4.394531,25000000.000
10805,2063,7.324219,25000000.000
10806,2069,10.253906,25000000.000
10807,2069,10.253906,25000000.000
10808,2078,14.648438,25000000.000
10809,2081,16.113281,25000000.000
10810,2084,17.578125,25000000.000
10811,2084,17.578125,25000000.000
10812,2087,19.042969,25000000.000
10813,2087,19.042969,25000000.000
10814,2085,18.066406,25000000.000
10815,2085,18.066406,25000000.000
10816,2080,15.625000,25000000.000
10817,2077,14.160156,25000000.000
10818,2072,11.718750,25000000.000
10819,2073,12.207031,25000000.000
10820,2062,6.835938,25000000.000
10821,2057,4.394531,25000000.000
10822,2051,1.464844,25000000.000
10823,2050,0.976562,25000000.000
10824,2038,-4.882812,25000000.000
10825,2032,-7.812500,25000000.000
10826,2026,-10.742188,25000000.000
10827,2025,-11.230469,25000000.000
10828,2018,-14.648438,25000000.000
10829,2013,-17.089844,25000000.000
10830,2009,-19.042969,25000000.000
10831,2010,-18.554688,25000000.000
10832,2007,-20.019531,25000000.000
10833,2006,-20.507812,25000000.000
10834,2006,-20.507812,25000000.000
10835,2007,-20.019531,25000000.000
10836,2011,-18.066406,25000000.000
10837,2014,-16.601562,25000000.000
10838,2018,-14.648438,25000000.000
10839,2019,-14.160156,25000000.000
10840,2028,-9.765625,25000000.000
10841,2035,-6.347656,25000000.000
10842,2040,-3.906250,25000000.000
10843,2039,-4.394531,25000000.000
10844,2052,1.953125,25000000.000
10845,2058,4.882812,25000000.000
10846,2064,7.812500,25000000.000
10847,2065,8.300781,25000000.000
10848,2074,12.695312,25000000.000
10849,2079,15.136719,25000000.000
10850,2081,16.113281,25000000.000
10851,2081,16.113281,25000000.000
10852,2085,18.066406,25000000.000
10853,2086,18.554688,25000000.000
10854,2085,18.066406,25000000.000
10855,2085,18.066406,25000000.000
10856,2082,16.601562,25000000.000
10857,2079,15.136719,25000000.000
10858,2075,13.183594,25000000.000
10859,2074,12.695312,25000000.000
10860,2065,8.300781,25000000.000
10861,2059,5.371094,25000000.000
10862,2055,3.417969,25000000.000
10863,2054,2.929688,25000000.000
10864,2042,-2.929688,25000000.000
10865,2036,-5.859375,25000000.000
10866,2031,-8.300781,25000000.000
10867,2030,-8.789062,25000000.000
10868,2020,-13.671875,25000000.000
10869,2016,-15.625000,25000000.000
10870,2013,-17.089844,25000000.000
10871,2012,-17.578125,25000000.000
10872,2007,-20.019531,25000000.000
10873,2006,-20.507812,25000000.000
10874,2005,-20.996094,25000000.000
10875,2006,-20.507812,25000000.000
10876,2008,-19.531250,25000000.000
10877,2011,-18.066406,25000000.000
10878,2014,-16.601562,25000000.000
10879,2014,-16.601562,25000000.000
10880,2024,-11.718750,25000000.000
10881,2029,-9.277344,25000000.000
10882,2036,-5.859375,25000000.000
10883,2035,-6.347656,25000000.000
10884,2047,-0.488281,25000000.000
10885,2054,2.929688,25000000.000
10886,2059,5.371094,25000000.000
10887,2060,5.859375,25000000.000
10888,2070,10.742188,25000000.000
10889,2074,12.695312,25000000.000
10890,2079,15.136719,25000000.000
10891,2079,15.136719,25000000.000
10892,2084,17.578125,25000000.000
10893,2086,18.554688,25000000.000
10894,2086,18.554688,25000000.000
10895,2086,18.554688,25000000.000
10896,2084,17.578125,25000000.000
10897,2083,17.089844,25000000.000
10898,2079,15.136719,25000000.000
10899,2077,14.160156,25000000.000
10900,2074,12.695312,25000000.000
10901,2066,8.789062,25000000.000
10902,2053,2.441406,25000000.000
10903,2060,5.859375,25000000.000
10904,2049,0.488281,25000000.000
10905,2041,-3.417969,25000000.000
10906,2034,-6.835938,25000000.000
10907,2035,-6.347656,25000000.000
10908,2024,-11.718750,25000000.000
10909,2019,-14.160156,25000000.000
10910,2015,-16.113281,25000000.000
10911,2014,-16.601562,25000000.000
10912,2008,-19.531250,25000000.000
10913,2007,-20.019531,25000000.000
10914,2006,-20.507812,25000000.000
10915,2006,-20.507812,25000000.000
10916,2006,-20.507812,25000000.000
10917,2008,-19.531250,25000000.000
10918,2011,-18.066406,25000000.000
10919,2010,-18.554688,25000000.000
10920,2018,-14.648438,25000000.000
10921,2024,-11.718750,25000000.000
10922,2029,-9.277344,25000000.000
10923,2029,-9.277344,25000000.000
10924,2041,-3.417969,25000000.000
10925,2047,-0.488281,25000000.000
10926,2053,2.441406,25000000.000
10927,2054,2.929688,25000000.000
10928,2064,7.812500,25000000.000
10929,2069,10.253906,25000000.000
10930,2075,13.183594,25000000.000
10931,2076,13.671875,25000000.000
10932,2082,16.601562,25000000.000
10933,2084,17.578125,25000000.000
10934,2086,18.554688,25000000.000
10935,2086,18.554688,25000000.000
10936,2086,18.554688,25000000.000
10937,2084,17.578125,25000000.000
10938,2081,16.113281,25000000.000
10939,2083,17.089844,25000000.000
10940,2074,12.695312,25000000.000
10941,2069,10.253906,25000000.000
10942,2065,8.300781,25000000.000
10943,2064,7.812500,25000000.000
10944,2052,1.953125,25000000.000
10945,2047,-0.488281,25000000.000
10946,2040,-3.906250,25000000.000
10947,2040,-3.906250,25000000.000
10948,2029,-9.277344,25000000.000
10949,2022,-12.695312,25000000.000
10950,2018,-14.648438,25000000.000
10951,2017,-15.136719,25000000.000
10952,2011,-18.066406,25000000.000
10953,2009,-19.042969,25000000.000
10954,2006,-20.507812,25000000.000
10955,2006,-20.507812,25000000.000
10956,2006,-20.507812,25000000.000
10957,2006,-20.507812,25000000.000
10958,2008,-19.531250,25000000.000
10959,2009,-19.042969,25000000.000
10960,2014,-16.601562,25000000.000
10961,2020,-13.671875,25000000.000
10962,2025,-11.230469,25000000.000
10963,2025,-11.230469,25000000.000
10964,2035,-6.347656,25000000.000
10965,2041,-3.417969,25000000.000
10966,2049,0.488281,25000000.000
10967,2049,0.488281,25000000.000
10968,2062,6.835938,25000000.000
10969,2067,9.277344,25000000.000
10970,2072,11.718750,25000000.000
10971,2071,11.230469,25000000.000
10972,2080,15.625000,25000000.000
10973,2084,17.578125,25000000.000
10974,2084,17.578125,25000000.000
10975,2085,18.066406,25000000.000
10976,2085,18.066406,25000000.000
10977,2086,18.554688,25000000.000
10978,2083,17.089844,25000000.000
10979,2083,17.089844,25000000.000
10980,2077,14.160156,25000000.000
10981,2073,12.207031,25000000.000
10982,2069,10.253906,25000000.000
10983,2067,9.277344,25000000.000
10984,2057,4.394531,25000000.000
10985,2051,1.464844,25000000.000
10986,2045,-1.464844,25000000.000
10987,2044,-1.953125,25000000.000
10988,2032,-7.812500,25000000.000
10989,2027,-10.253906,25000000.000
10990,2022,-12.695312,25000000.000
10991,2021,-13.183594,25000000.000
10992,2014,-16.601562,25000000.000
10993,2010,-18.554688,25000000.000
10994,2009,-19.042969,25000000.000
10995,2008,-19.531250,25000000.000
10996,2005,-20.996094,25000000.000
10997,2007,-20.019531,25000000.000
10998,2008,-19.531250,25000000.000
10999,2008,-19.531250,25000000.000
11000,2013,-17.089844,25000000.000
11001,2016,-15.625000,25000000.000
11002,2020,-13.671875,25000000.000
11003,2022,-12.695312,25000000.000
11004,2031,-8.300781,25000000.000
11005,2037,-5.371094,25000000.000
11006,2044,-1.953125,25000000.000
11007,2044,-1.953125,25000000.000
11008,2055,3.417969,25000000.000
11009,2062,6.835938,25000000.000
11010,2067,9.277344,25000000.000
11011,2067,9.277344,25000000.000
11012,2078,14.648438,25000000.000
11013,2080,15.625000,25000000.000
11014,2083,17.089844,25000000.000
11015,2084,17.578125,25000000.000
11016,2086,18.554688,25000000.000
11017,2086,18.554688,25000000.000
11018,2086,18.554688,25000000.000
11019,2084,17.578125,25000000.000
11020,2081,16.113281,25000000.000
11021,2078,14.648438,25000000.000
11022,2073,12.207031,25000000.000
11023,2072,11.718750,25000000.000
11024,2062,6.835938,25000000.000
11025,2057,4.394531,25000000.000
11026,2051,1.464844,25000000.000
11027,2050,0.976562,25000000.000
11028,2038,-4.882812,25000000.000
11029,2034,-6.835938,25000000.000
11030,2027,-10.253906,25000000.000
11031,2028,-9.765625,25000000.000
11032,2017,-15.136719,25000000.000
11033,2013,-17.089844,25000000.000
11034,2010,-18.554688,25000000.000
11035,2009,-19.042969,25000000.000
11036,2006,-20.507812,25000000.000
11037,2006,-20.507812,25000000.000
11038,2005,-20.996094,25000000.000
11039,2006,-20.507812,25000000.000
11040,2009,-19.042969,25000000.000
11041,2012,-17.578125,25000000.000
11042,2019,-14.160156,25000000.000
11043,2016,-15.625000,25000000.000
11044,2025,-11.230469,25000000.000
11045,2032,-7.812500,25000000.000
11046,2039,-4.394531,25000000.000
11047,2039,-4.394531,25000000.000
11048,2051,1.464844,25000000.000
11049,2058,4.882812,25000000.000
11050,2063,7.324219,25000000.000
11051,2063,7.324219,25000000.000
11052,2073,12.207031,25000000.000
11053,2077,14.160156,25000000.000
11054,2081,16.113281,25000000.000
11055,2082,16.601562,25000000.000
11056,2087,19.042969,25000000.000
11057,2087,19.042969,25000000.000
11058,2087,19.042969,25000000.000
11059,2087,19.042969,25000000.000
11060,2084,17.578125,25000000.000
11061,2081,16.113281,25000000.000
11062,2077,14.160156,25000000.000
11063,2077,14.160156,25000000.000
11064,2068,9.765625,25000000.000
11065,2062,6.835938,25000000.000
11066,2056,3.906250,25000000.000
11067,2055,3.417969,25000000.000
11068,2044,-1.953125,25000000.000
11069,2038,-4.882812,25000000.000
11070,2033,-7.324219,25000000.000
11071,2032,-7.812500,25000000.000
11072,2022,-12.695312,25000000.000
11073,2017,-15.136719,25000000.000
11074,2013,-17.089844,25000000.000
11075,2012,-17.578125,25000000.000
11076,2007,-20.019531,25000000.000
11077,2006,-20.507812,25000000.000
11078,2006,-20.507812,25000000.000
11079,2005,-20.996094,25000000.000
11080,2008,-19.531250,25000000.000
11081,2011,-18.066406,25000000.000
11082,2013,-17.089844,25000000.000
11083,2015,-16.113281,25000000.000
11084,2022,-12.695312,25000000.000
11085,2028,-9.765625,25000000.000
11086,2033,-7.324219,25000000.000
11087,2033,-7.324219,25000000.000
11088,2046,-0.976562,25000000.000
11089,2052,1.953125,25000000.000
11090,2058,4.882812,25000000.000
11091,2058,4.882812,25000000.000
11092,2069,10.253906,25000000.000
11093,2074,12.695312,25000000.000
11094,2078,14.648438,25000000.000
11095,2078,14.648438,25000000.000
11096,2083,17.089844,25000000.000
11097,2086,18.554688,25000000.000
11098,2086,18.554688,25000000.000
11099,2086,18.554688,25000000.000
11100,2085,18.066406,25000000.000
11101,2082,16.601562,25000000.000
11102,2079,15.136719,25000000.000
11103,2079,15.136719,25000000.000
11104,2071,11.230469,25000000.000
11105,2066,8.789062,25000000.000
11106,2060,5.859375,25000000.000
11107,2061,6.347656,25000000.000
11108,2049,0.488281,25000000.000
11109,2042,-2.929688,25000000.000
11110,2037,-5.371094,25000000.000
11111,2035,-6.347656,25000000.000
11112,2025,-11.230469,25000000.000
11113,2020,-13.671875,25000000.000
11114,2015,-16.113281,25000000.000
11115,2015,-16.113281,25000000.000
11116,2008,-19.531250,25000000.000
11117,2007,-20.019531,25000000.000
11118,2006,-20.507812,25000000.000
11119,2005,-20.996094,25000000.000
11120,2006,-20.507812,25000000.000
11121,2008,-19.531250,25000000.000
11122,2011,-18.066406,25000000.000
11123,2010,-18.554688,25000000.000
11124,2016,-15.625000,25000000.000
11125,2022,-12.695312,25000000.000
11126,2028,-9.765625,25000000.000
11127,2028,-9.765625,25000000.000
11128,2039,-4.394531,25000000.000
11129,2046,-0.976562,25000000.000
11130,2051,1.464844,25000000.000
11131,2053,2.441406,25000000.000
11132,2063,7.324219,25000000.000
11133,2069,10.253906,25000000.000
11134,2072,11.718750,25000000.000
11135,2075,13.183594,25000000.000
11136,2080,15.625000,25000000.000
11137,2083,17.089844,25000000.000
11138,2085,18.066406,25000000.000
11139,2085,18.066406,25000000.000
11140,2085,18.066406,25000000.000
11141,2083,17.089844,25000000.000
11142,2082,16.601562,25000000.000
11143,2081,16.113281,25000000.000
11144,2074,12.695312,25000000.000
11145,2070,10.742188,25000000.000
11146,2064,7.812500,25000000.000
11147,2064,7.812500,25000000.000
11148,2054,2.929688,25000000.000
11149,2047,-0.488281,25000000.000
11150,2041,-3.417969,25000000.000
11151,2042,-2.929688,25000000.000
11152,2029,-9.277344,25000000.000
11153,2024,-11.718750,25000000.000
11154,2019,-14.160156,25000000.000
11155,2018,-14.648438,25000000.000
11156,2012,-17.578125,25000000.000
11157,2009,-19.042969,25000000.000
11158,2007,-20.019531,25000000.000
11159,2007,-20.019531,25000000.000
11160,2006,-20.507812,25000000.000
11161,2006,-20.507812,25000000.000
11162,2007,-20.019531,25000000.000
11163,2008,-19.531250,25000000.000
11164,2014,-16.601562,25000000.000
11165,2018,-14.648438,25000000.000
11166,2023,-12.207031,25000000.000
11167,2023,-12.207031,25000000.000
11168,2034,-6.835938,25000000.000
11169,2041,-3.417969,25000000.000
11170,2046,-0.976562,25000000.000
11171,2047,-0.488281,25000000.000
11172,2059,5.371094,25000000.000
11173,2064,7.812500,25000000.000
11174,2070,10.742188,25000000.000
11175,2070,10.742188,25000000.000
11176,2077,14.160156,25000000.000
11177,2081,16.113281,25000000.000
11178,2083,17.089844,25000000.000
11179,2084,17.578125,25000000.000
11180,2085,18.066406,25000000.000
11181,2084,17.578125,25000000.000
11182,2084,17.578125,25000000.000
11183,2084,17.578125,25000000.000
11184,2078,14.648438,25000000.000
11185,2074,12.695312,25000000.000
11186,2069,10.253906,25000000.000
11187,2069,10.253906,25000000.000
11188,2059,5.371094,25000000.000
11189,2053,2.441406,25000000.000
11190,2048,0.000000,25000000.000
11191,2046,-0.976562,25000000.000
11192,2035,-6.347656,25000000.000
11193,2029,-9.277344,25000000.000
11194,2024,-11.718750,25000000.000
11195,2023,-12.207031,25000000.000
11196,2014,-16.601562,25000000.000
11197,2011,-18.066406,25000000.000
11198,2009,-19.042969,25000000.000
11199,2009,-19.042969,25000000.000
11200,2006,-20.507812,25000000.000
11201,2007,-20.019531,25000000.000
11202,2007,-20.019531,25000000.000
11203,2007,-20.019531,25000000.000
11204,2011,-18.066406,25000000.000
11205,2016,-15.625000,25000000.000
11206,2019,-14.160156,25000000.000
11207,2020,-13.671875,25000000.000
11208,2029,-9.277344,25000000.000
11209,2035,-6.347656,25000000.000
11210,2042,-2.929688,25000000.000
11211,2042,-2.929688,25000000.000
11212,2054,2.929688,25000000.000
11213,2059,5.371094,25000000.000
11214,2066,8.789062,25000000.000
11215,2066,8.789062,25000000.000
11216,2076,13.671875,25000000.000
11217,2080,15.625000,25000000.000
11218,2083,17.089844,25000000.000
11219,2083,17.089844,25000000.000
11220,2086,18.554688,25000000.000
11221,2086,18.554688,25000000.000
11222,2086,18.554688,25000000.000
11223,2086,18.554688,25000000.000
11224,2082,16.601562,25000000.000
11225,2078,14.648438,25000000.000
11226,2074,12.695312,25000000.000
11227,2074,12.695312,25000000.000
11228,2064,7.812500,25000000.000
11229,2059,5.371094,25000000.000
11230,2053,2.441406,25000000.000
11231,2053,2.441406,25000000.000
11232,2041,-3.417969,25000000.000
11233,2035,-6.347656,25000000.000
11234,2029,-9.277344,25000000.000
11235,2027,-10.253906,25000000.000
11236,2018,-14.648438,25000000.000
11237,2014,-16.601562,25000000.000
11238,2010,-18.554688,25000000.000
11239,2011,-18.066406,25000000.000
11240,2007,-20.019531,25000000.000
11241,2006,-20.507812,25000000.000
11242,2007,-20.019531,25000000.000
11243,2006,-20.507812,25000000.000
11244,2010,-18.554688,25000000.000
11245,2012,-17.578125,25000000.000
11246,2016,-15.625000,25000000.000
11247,2017,-15.136719,25000000.000
11248,2025,-11.230469,25000000.000
11249,2032,-7.812500,25000000.000
11250,2041,-3.417969,25000000.000
11251,2032,-7.812500,25000000.000
11252,2050,0.976562,25000000.000
11253,2056,3.906250,25000000.000
11254,2061,6.347656,25000000.000
11255,2063,7.324219,25000000.000
11256,2072,11.718750,25000000.000
11257,2076,13.671875,25000000.000
11258,2080,15.625000,25000000.000
11259,2080,15.625000,25000000.000
11260,2085,18.066406,25000000.000
11261,2086,18.554688,25000000.000
11262,2086,18.554688,25000000.000
11263,2086,18.554688,25000000.000
11264,2083,17.089844,25000000.000
11265,2080,15.625000,25000000.000
11266,2076,13.671875,25000000.000
11267,2076,13.671875,25000000.000
11268,2067,9.277344,25000000.000
11269,2062,6.835938,25000000.000
11270,2057,4.394531,25000000.000
11271,2056,3.906250,25000000.000
11272,2045,-1.464844,25000000.000
11273,2039,-4.394531,25000000.000
11274,2033,-7.324219,25000000.000
11275,2032,-7.812500,25000000.000
11276,2022,-12.695312,25000000.000
11277,2018,-14.648438,25000000.000
11278,2013,-17.089844,25000000.000
11279,2014,-16.601562,25000000.000
11280,2009,-19.042969,25000000.000
11281,2006,-20.507812,25000000.000
11282,2006,-20.507812,25000000.000
11283,2006,-20.507812,25000000.000
11284,2006,-20.507812,25000000.000
11285,2010,-18.554688,25000000.000
11286,2013,-17.089844,25000000.000
11287,2013,-17.089844,25000000.000
11288,2021,-13.183594,25000000.000
11289,2027,-10.253906,25000000.000
11290,2031,-8.300781,25000000.000
11291,2032,-7.812500,25000000.000
11292,2044,-1.953125,25000000.000
11293,2051,1.464844,25000000.000
11294,2055,3.417969,25000000.000
11295,2057,4.394531,25000000.000
11296,2067,9.277344,25000000.000
11297,2073,12.207031,25000000.000
11298,2078,14.648438,25000000.000
11299,2076,13.671875,25000000.000
11300,2085,18.066406,25000000.000
11301,2086,18.554688,25000000.000
11302,2086,18.554688,25000000.000
11303,2088,19.531250,25000000.000
11304,2084,17.578125,25000000.000
11305,2082,16.601562,25000000.000
11306,2080,15.625000,25000000.000
11307,2079,15.136719,25000000.000
11308,2071,11.230469,25000000.000
11309,2067,9.277344,25000000.000
11310,2062,6.835938,25000000.000
11311,2061,6.347656,25000000.000
11312,2050,0.976562,25000000.000
11313,2044,-1.953125,25000000.000
11314,2038,-4.882812,25000000.000
11315,2038,-4.882812,25000000.000
11316,2031,-8.300781,25000000.000
11317,2025,-11.230469,25000000.000
11318,2018,-14.648438,25000000.000
11319,2016,-15.625000,25000000.000
11320,2010,-18.554688,25000000.000
11321,2006,-20.507812,25000000.000
11322,2006,-20.507812,25000000.000
11323,2004,-21.484375,25000000.000
11324,2004,-21.484375,25000000.000
11325,2006,-20.507812,25000000.000
11326,2008,-19.531250,25000000.000
11327,2010,-18.554688,25000000.000
11328,2015,-16.113281,25000000.000
11329,2021,-13.183594,25000000.000
11330,2026,-10.742188,25000000.000
11331,2027,-10.253906,25000000.000
11332,2037,-5.371094,25000000.000
11333,2045,-1.464844,25000000.000
11334,2050,0.976562,25000000.000
11335,2051,1.464844,25000000.000
11336,2063,7.324219,25000000.000
11337,2067,9.277344,25000000.000
11338,2072,11.718750,25000000.000
11339,2073,12.207031,25000000.000
11340,2080,15.625000,25000000.000
11341,2083,17.089844,25000000.000
11342,2085,18.066406,25000000.000
11343,2085,18.066406,25000000.000
11344,2084,17.578125,25000000.000
11345,2083,17.089844,25000000.000
11346,2081,16.113281,25000000.000
11347,2082,16.601562,25000000.000
11348,2075,13.183594,25000000.000
11349,2071,11.230469,25000000.000
11350,2067,9.277344,25000000.000
11351,2065,8.300781,25000000.000
11352,2055,3.417969,25000000.000
11353,2049,0.488281,25000000.000
11354,2043,-2.441406,25000000.000
11355,2042,-2.929688,25000000.000
11356,2031,-8.300781,25000000.000
11357,2026,-10.742188,25000000.000
11358,2020,-13.671875,25000000.000
11359,2020,-13.671875,25000000.000
11360,2012,-17.578125,25000000.000
11361,2009,-19.042969,25000000.000
11362,2007,-20.019531,25000000.000
11363,2006,-20.507812,25000000.000
11364,2005,-20.996094,25000000.000
11365,2007,-20.019531,25000000.000
11366,2007,-20.019531,25000000.000
11367,2007,-20.019531,25000000.000
11368,2013,-17.089844,25000000.000
11369,2017,-15.136719,25000000.000
11370,2022,-12.695312,25000000.000
11371,2022,-12.695312,25000000.000
11372,2032,-7.812500,25000000.000
11373,2040,-3.906250,25000000.000
11374,2046,-0.976562,25000000.000
11375,2046,-0.976562,25000000.000
11376,2058,4.882812,25000000.000
11377,2065,8.300781,25000000.000
11378,2071,11.230469,25000000.000
11379,2068,9.765625,25000000.000
11380,2077,14.160156,25000000.000
11381,2082,16.601562,25000000.000
11382,2084,17.578125,25000000.000
11383,2084,17.578125,25000000.000
11384,2087,19.042969,25000000.000
11385,2086,18.554688,25000000.000
11386,2084,17.578125,25000000.000
11387,2084,17.578125,25000000.000
11388,2080,15.625000,25000000.000
11389,2076,13.671875,25000000.000
11390,2072,11.718750,25000000.000
11391,2070,10.742188,25000000.000
11392,2061,6.347656,25000000.000
11393,2055,3.417969,25000000.000
11394,2047,-0.488281,25000000.000
11395,2048,0.000000,25000000.000
11396,2035,-6.347656,25000000.000
11397,2029,-9.277344,25000000.000
11398,2026,-10.742188,25000000.000
11399,2024,-11.718750,25000000.000
11400,2014,-16.601562,25000000.000
11401,2012,-17.578125,25000000.000
11402,2009,-19.042969,25000000.000
11403,2009,-19.042969,25000000.000
11404,2007,-20.019531,25000000.000
11405,2006,-20.507812,25000000.000
11406,2006,-20.507812,25000000.000
11407,2007,-20.019531,25000000.000
11408,2010,-18.554688,25000000.000
11409,2015,-16.113281,25000000.000
11410,2019,-14.160156,25000000.000
11411,2019,-14.160156,25000000.000
11412,2029,-9.277344,25000000.000
11413,2035,-6.347656,25000000.000
11414,2041,-3.417969,25000000.000
11415,2042,-2.929688,25000000.000
11416,2054,2.929688,25000000.000
11417,2060,5.859375,25000000.000
11418,2066,8.789062,25000000.000
11419,2066,8.789062,25000000.000
11420,2076,13.671875,25000000.000
11421,2080,15.625000,25000000.000
11422,2083,17.089844,25000000.000
11423,2083,17.089844,25000000.000
11424,2087,19.042969,25000000.000
11425,2087,19.042969,25000000.000
11426,2086,18.554688,25000000.000
11427,2086,18.554688,25000000.000
11428,2081,16.113281,25000000.000
11429,2080,15.625000,25000000.000
11430,2076,13.671875,25000000.000
11431,2074,12.695312,25000000.000
11432,2065,8.300781,25000000.000
11433,2061,6.347656,25000000.000
11434,2054,2.929688,25000000.000
11435,2053,2.441406,25000000.000
11436,2041,-3.417969,25000000.000
11437,2036,-5.859375,25000000.000
11438,2029,-9.277344,25000000.000
11439,2029,-9.277344,25000000.000
11440,2019,-14.160156,25000000.000
11441,2016,-15.625000,25000000.000
11442,2012,-17.578125,25000000.000
11443,2011,-18.066406,25000000.000
11444,2008,-19.531250,25000000.000
11445,2007,-20.019531,25000000.000
11446,2006,-20.507812,25000000.000
11447,2006,-20.507812,25000000.000
11448,2009,-19.042969,25000000.000
11449,2012,-17.578125,25000000.000
11450,2017,-15.136719,25000000.000
11451,2015,-16.113281,25000000.000
11452,2023,-12.207031,25000000.000
11453,2029,-9.277344,25000000.000
11454,2035,-6.347656,25000000.000
11455,2036,-5.859375,25000000.000
11456,2047,-0.488281,25000000.000
11457,2054,2.929688,25000000.000
11458,2060,5.859375,25000000.000
11459,2061,6.347656,25000000.000
11460,2070,10.742188,25000000.000
11461,2076,13.671875,25000000.000
11462,2080,15.625000,25000000.000
11463,2080,15.625000,25000000.000
11464,2085,18.066406,25000000.000
11465,2086,18.554688,25000000.000
11466,2086,18.554688,25000000.000
11467,2086,18.554688,25000000.000
11468,2086,18.554688,25000000.000
11469,2082,16.601562,25000000.000
11470,2079,15.136719,25000000.000
11471,2078,14.648438,25000000.000
11472,2070,10.742188,25000000.000
11473,2066,8.789062,25000000.000
11474,2059,5.371094,25000000.000
11475,2058,4.882812,25000000.000
11476,2047,-0.488281,25000000.000
11477,2041,-3.417969,25000000.000
11478,2034,-6.835938,25000000.000
11479,2034,-6.835938,25000000.000
11480,2024,-11.718750,25000000.000
11481,2019,-14.160156,25000000.000
11482,2016,-15.625000,25000000.000
11483,2014,-16.601562,25000000.000
11484,2008,-19.531250,25000000.000
11485,2006,-20.507812,25000000.000
11486,2005,-20.996094,25000000.000
11487,2005,-20.996094,25000000.000
11488,2007,-20.019531,25000000.000
11489,2008,-19.531250,25000000.000
11490,2012,-17.578125,25000000.000
11491,2012,-17.578125,25000000.000
11492,2020,-13.671875,25000000.000
11493,2024,-11.718750,25000000.000
11494,2030,-8.789062,25000000.000
11495,2030,-8.789062,25000000.000
11496,2040,-3.906250,25000000.000
11497,2048,0.000000,25000000.000
11498,2054,2.929688,25000000.000
11499,2055,3.417969,25000000.000
11500,2066,8.789062,25000000.000
11501,2070,10.742188,25000000.000
11502,2074,12.695312,25000000.000
11503,2074,12.695312,25000000.000
11504,2081,16.113281,25000000.000
11505,2083,17.089844,25000000.000
11506,2085,18.066406,25000000.000
11507,2085,18.066406,25000000.000
11508,2084,17.578125,25000000.000
11509,2083,17.089844,25000000.000
11510,2080,15.625000,25000000.000
11511,2080,15.625000,25000000.000
11512,2073,12.207031,25000000.000
11513,2069,10.253906,25000000.000
11514,2062,6.835938,25000000.000
11515,2062,6.835938,25000000.000
11516,2052,1.953125,25000000.000
11517,2045,-1.464844,25000000.000
11518,2040,-3.906250,25000000.000
11519,2038,-4.882812,25000000.000
11520,2028,-9.765625,25000000.000
11521,2022,-12.695312,25000000.000
11522,2019,-14.160156,25000000.000
11523,2016,-15.625000,25000000.000
11524,2010,-18.554688,25000000.000
11525,2008,-19.531250,25000000.000
11526,2005,-20.996094,25000000.000
11527,2007,-20.019531,25000000.000
11528,2004,-21.484375,25000000.000
11529,2006,-20.507812,25000000.000
11530,2008,-19.531250,25000000.000
11531,2007,-20.019531,25000000.000
11532,2016,-15.625000,25000000.000
11533,2020,-13.671875,25000000.000
11534,2024,-11.718750,25000000.000
11535,2026,-10.742188,25000000.000
11536,2036,-5.859375,25000000.000
11537,2042,-2.929688,25000000.000
11538,2048,0.000000,25000000.000
11539,2049,0.488281,25000000.000
11540,2060,5.859375,25000000.000
11541,2066,8.789062,25000000.000
11542,2071,11.230469,25000000.000
11543,2071,11.230469,25000000.000
11544,2080,15.625000,25000000.000
11545,2082,16.601562,25000000.000
11546,2084,17.578125,25000000.000
11547,2085,18.066406,25000000.000
11548,2086,18.554688,25000000.000
11549,2084,17.578125,25000000.000
11550,2083,17.089844,25000000.000
11551,2082,16.601562,25000000.000
11552,2078,14.648438,25000000.000
11553,2072,11.718750,25000000.000
11554,2068,9.765625,25000000.000
11555,2068,9.765625,25000000.000
11556,2056,3.906250,25000000.000
11557,2050,0.976562,25000000.000
11558,2045,-1.464844,25000000.000
11559,2043,-2.441406,25000000.000
11560,2032,-7.812500,25000000.000
11561,2027,-10.253906,25000000.000
11562,2022,-12.695312,25000000.000
11563,2022,-12.695312,25000000.000
11564,2014,-16.601562,25000000.000
11565,2010,-18.554688,25000000.000
11566,2008,-19.531250,25000000.000
11567,2008,-19.531250,25000000.000
11568,2006,-20.507812,25000000.000
11569,2006,-20.507812,25000000.000
11570,2008,-19.531250,25000000.000
11571,2007,-20.019531,25000000.000
11572,2013,-17.089844,25000000.000
11573,2016,-15.625000,25000000.000
11574,2021,-13.183594,25000000.000
11575,2022,-12.695312,25000000.000
11576,2031,-8.300781,25000000.000
11577,2039,-4.394531,25000000.000
11578,2044,-1.953125,25000000.000
11579,2045,-1.464844,25000000.000
11580,2056,3.906250,25000000.000
11581,2063,7.324219,25000000.000
11582,2068,9.765625,25000000.000
11583,2068,9.765625,25000000.000
11584,2076,13.671875,25000000.000
11585,2080,15.625000,25000000.000
11586,2083,17.089844,25000000.000
11587,2084,17.578125,25000000.000
11588,2086,18.554688,25000000.000
11589,2085,18.066406,25000000.000
11590,2085,18.066406,25000000.000
11591,2084,17.578125,25000000.000
11592,2080,15.625000,25000000.000
11593,2077,14.160156,25000000.000
11594,2072,11.718750,25000000.000
11595,2072,11.718750,25000000.000
11596,2059,5.371094,25000000.000
11597,2061,6.347656,25000000.000
11598,2045,-1.464844,25000000.000
11599,2054,2.929688,25000000.000
11600,2038,-4.882812,25000000.000
11601,2032,-7.812500,25000000.000
11602,2027,-10.253906,25000000.000
11603,2028,-9.765625,25000000.000
11604,2018,-14.648438,25000000.000
11605,2013,-17.089844,25000000.000
11606,2010,-18.554688,25000000.000
11607,2011,-18.066406,25000000.000
11608,2007,-20.019531,25000000.000
11609,2007,-20.019531,25000000.000
11610,2007,-20.019531,25000000.000
11611,2007,-20.019531,25000000.000
11612,2011,-18.066406,25000000.000
11613,2014,-16.601562,25000000.000
11614,2017,-15.136719,25000000.000
11615,2018,-14.648438,25000000.000
11616,2027,-10.253906,25000000.000
11617,2033,-7.324219,25000000.000
11618,2039,-4.394531,25000000.000
11619,2040,-3.906250,25000000.000
11620,2051,1.464844,25000000.000
11621,2057,4.394531,25000000.000
11622,2063,7.324219,25000000.000
11623,2063,7.324219,25000000.000
11624,2074,12.695312,25000000.000
11625,2079,15.136719,25000000.000
11626,2080,15.625000,25000000.000
11627,2081,16.113281,25000000.000
11628,2085,18.066406,25000000.000
11629,2086,18.554688,25000000.000
11630,2086,18.554688,25000000.000
11631,2086,18.554688,25000000.000
11632,2083,17.089844,25000000.000
11633,2080,15.625000,25000000.000
11634,2076,13.671875,25000000.000
11635,2075,13.183594,25000000.000
11636,2067,9.277344,25000000.000
11637,2063,7.324219,25000000.000
11638,2056,3.906250,25000000.000
11639,2055,3.417969,25000000.000
11640,2043,-2.441406,25000000.000
11641,2037,-5.371094,25000000.000
11642,2032,-7.812500,25000000.000
11643,2031,-8.300781,25000000.000
11644,2020,-13.671875,25000000.000
11645,2017,-15.136719,25000000.000
11646,2012,-17.578125,25000000.000
11647,2012,-17.578125,25000000.000
11648,2008,-19.531250,25000000.000
11649,2008,-19.531250,25000000.000
11650,2005,-20.996094,25000000.000
11651,2007,-20.019531,25000000.000
11652,2007,-20.019531,25000000.000
11653,2011,-18.066406,25000000.000
11654,2013,-17.089844,25000000.000
11655,2014,-16.601562,25000000.000
11656,2023,-12.207031,25000000.000
11657,2028,-9.765625,25000000.000
11658,2033,-7.324219,25000000.000
11659,2034,-6.835938,25000000.000
11660,2047,-0.488281,25000000.000
11661,2053,2.441406,25000000.000
11662,2059,5.371094,25000000.000
11663,2059,5.371094,25000000.000
11664,2071,11.230469,25000000.000
11665,2074,12.695312,25000000.000
11666,2078,14.648438,25000000.000
11667,2079,15.136719,25000000.000
11668,2083,17.089844,25000000.000
11669,2085,18.066406,25000000.000
11670,2087,19.042969,25000000.000
11671,2087,19.042969,25000000.000
11672,2085,18.066406,25000000.000
11673,2084,17.578125,25000000.000
11674,2078,14.648438,25000000.000
11675,2080,15.625000,25000000.000
11676,2072,11.718750,25000000.000
11677,2067,9.277344,25000000.000
11678,2061,6.347656,25000000.000
11679,2060,5.859375,25000000.000
11680,2049,0.488281,25000000.000
11681,2043,-2.441406,25000000.000
11682,2037,-5.371094,25000000.000
11683,2036,-5.859375,25000000.000
11684,2024,-11.718750,25000000.000
11685,2019,-14.160156,25000000.000
11686,2015,-16.113281,25000000.000
11687,2015,-16.113281,25000000.000
11688,2009,-19.042969,25000000.000
11689,2006,-20.507812,25000000.000
11690,2005,-20.996094,25000000.000
11691,2005,-20.996094,25000000.000
11692,2005,-20.996094,25000000.000
11693,2007,-20.019531,25000000.000
11694,2011,-18.066406,25000000.000
11695,2011,-18.066406,25000000.000
11696,2018,-14.648438,25000000.000
11697,2023,-12.207031,25000000.000
11698,2028,-9.765625,25000000.000
11699,2028,-9.765625,25000000.000
11700,2040,-3.906250,25000000.000
11701,2046,-0.976562,25000000.000
11702,2054,2.929688,25000000.000
11703,2053,2.441406,25000000.000
11704,2064,7.812500,25000000.000
11705,2070,10.742188,25000000.000
11706,2075,13.183594,25000000.000
11707,2074,12.695312,25000000.000
11708,2083,17.089844,25000000.000
11709,2084,17.578125,25000000.000
11710,2086,18.554688,25000000.000
11711,2085,18.066406,25000000.000
11712,2085,18.066406,25000000.000
11713,2084,17.578125,25000000.000
11714,2081,16.113281,25000000.000
11715,2082,16.601562,25000000.000
11716,2073,12.207031,25000000.000
11717,2070,10.742188,25000000.000
11718,2063,7.324219,25000000.000
11719,2063,7.324219,25000000.000
11720,2053,2.441406,25000000.000
11721,2047,-0.488281,25000000.000
11722,2041,-3.417969,25000000.000
11723,2040,-3.906250,25000000.000
11724,2029,-9.277344,25000000.000
11725,2024,-11.718750,25000000.000
11726,2020,-13.671875,25000000.000
11727,2019,-14.160156,25000000.000
11728,2011,-18.066406,25000000.000
11729,2008,-19.531250,25000000.000
11730,2007,-20.019531,25000000.000
11731,2006,-20.507812,25000000.000
11732,2006,-20.507812,25000000.000
11733,2006,-20.507812,25000000.000
11734,2008,-19.531250,25000000.000
11735,2009,-19.042969,25000000.000
11736,2015,-16.113281,25000000.000
11737,2019,-14.160156,25000000.000
11738,2024,-11.718750,25000000.000
11739,2024,-11.718750,25000000.000
11740,2034,-6.835938,25000000.000
11741,2040,-3.906250,25000000.000
11742,2047,-0.488281,25000000.000
11743,2047,-0.488281,25000000.000
11744,2059,5.371094,25000000.000
11745,2065,8.300781,25000000.000
11746,2068,9.765625,25000000.000
11747,2070,10.742188,25000000.000
11748,2079,15.136719,25000000.000
11749,2081,16.113281,25000000.000
11750,2083,17.089844,25000000.000
11751,2082,16.601562,25000000.000
11752,2085,18.066406,25000000.000
11753,2086,18.554688,25000000.000
11754,2083,17.089844,25000000.000
11755,2082,16.601562,25000000.000
11756,2077,14.160156,25000000.000
11757,2074,12.695312,25000000.000
11758,2070,10.742188,25000000.000
11759,2068,9.765625,25000000.000
11760,2058,4.882812,25000000.000
11761,2052,1.953125,25000000.000
11762,2048,0.000000,25000000.000
11763,2046,-0.976562,25000000.000
11764,2034,-6.835938,25000000.000
11765,2030,-8.789062,25000000.000
11766,2023,-12.207031,25000000.000
11767,2023,-12.207031,25000000.000
11768,2015,-16.113281,25000000.000
11769,2010,-18.554688,25000000.000
11770,2008,-19.531250,25000000.000
11771,2009,-19.042969,25000000.000
11772,2007,-20.019531,25000000.000
11773,2006,-20.507812,25000000.000
11774,2007,-20.019531,25000000.000
11775,2007,-20.019531,25000000.000
11776,2012,-17.578125,25000000.000
11777,2015,-16.113281,25000000.000
11778,2019,-14.160156,25000000.000
11779,2019,-14.160156,25000000.000
11780,2029,-9.277344,25000000.000
11781,2037,-5.371094,25000000.000
11782,2042,-2.929688,25000000.000
11783,2043,-2.441406,25000000.000
11784,2055,3.417969,25000000.000
11785,2061,6.347656,25000000.000
11786,2066,8.789062,25000000.000
11787,2066,8.789062,25000000.000
11788,2077,14.160156,25000000.000
11789,2080,15.625000,25000000.000
11790,2083,17.089844,25000000.000
11791,2083,17.089844,25000000.000
11792,2086,18.554688,25000000.000
11793,2086,18.554688,25000000.000
11794,2086,18.554688,25000000.000
11795,2085,18.066406,25000000.000
11796,2081,16.113281,25000000.000
11797,2079,15.136719,25000000.000
11798,2073,12.207031,25000000.000
11799,2072,11.718750,25000000.000
11800,2063,7.324219,25000000.000
11801,2058,4.882812,25000000.000
11802,2052,1.953125,25000000.000
11803,2051,1.464844,25000000.000
11804,2040,-3.906250,25000000.000
11805,2034,-6.835938,25000000.000
11806,2029,-9.277344,25000000.000
11807,2028,-9.765625,25000000.000
11808,2018,-14.648438,25000000.000
11809,2015,-16.113281,25000000.000
11810,2010,-18.554688,25000000.000
11811,2011,-18.066406,25000000.000
11812,2007,-20.019531,25000000.000
11813,2006,-20.507812,25000000.000
11814,2007,-20.019531,25000000.000
11815,2006,-20.507812,25000000.000
11816,2009,-19.042969,25000000.000
11817,2013,-17.089844,25000000.000
11818,2016,-15.625000,25000000.000
11819,2017,-15.136719,25000000.000
11820,2026,-10.742188,25000000.000
11821,2031,-8.300781,25000000.000
11822,2036,-5.859375,25000000.000
11823,2037,-5.371094,25000000.000
11824,2049,0.488281,25000000.000
11825,2055,3.417969,25000000.000
11826,2061,6.347656,25000000.000
11827,2062,6.835938,25000000.000
11828,2071,11.230469,25000000.000
11829,2075,13.183594,25000000.000
11830,2080,15.625000,25000000.000
11831,2080,15.625000,25000000.000
11832,2085,18.066406,25000000.000
11833,2085,18.066406,25000000.000
11834,2086,18.554688,25000000.000
11835,2086,18.554688,25000000.000
11836,2084,17.578125,25000000.000
11837,2080,15.625000,25000000.000
11838,2076,13.671875,25000000.000
11839,2076,13.671875,25000000.000
11840,2069,10.253906,25000000.000
11841,2063,7.324219,25000000.000
11842,2057,4.394531,25000000.000
11843,2057,4.394531,25000000.000
11844,2046,-0.976562,25000000.000
11845,2039,-4.394531,25000000.000
11846,2033,-7.324219,25000000.000
11847,2033,-7.324219,25000000.000
11848,2023,-12.207031,25000000.000
11849,2018,-14.648438,25000000.000
11850,2016,-15.625000,25000000.000
11851,2014,-16.601562,25000000.000
11852,2008,-19.531250,25000000.000
11853,2006,-20.507812,25000000.000
11854,2007,-20.019531,25000000.000
11855,2006,-20.507812,25000000.000
11856,2007,-20.019531,25000000.000
11857,2010,-18.554688,25000000.000
11858,2014,-16.601562,25000000.000
11859,2014,-16.601562,25000000.000
11860,2021,-13.183594,25000000.000
11861,2026,-10.742188,25000000.000
11862,2032,-7.812500,25000000.000
11863,2032,-7.812500,25000000.000
11864,2045,-1.464844,25000000.000
11865,2050,0.976562,25000000.000
11866,2057,4.394531,25000000.000
11867,2058,4.882812,25000000.000
11868,2068,9.765625,25000000.000
11869,2073,12.207031,25000000.000
11870,2077,14.160156,25000000.000
11871,2077,14.160156,25000000.000
11872,2084,17.578125,25000000.000
11873,2084,17.578125,25000000.000
11874,2086,18.554688,25000000.000
11875,2087,19.042969,25000000.000
11876,2084,17.578125,25000000.000
11877,2083,17.089844,25000000.000
11878,2079,15.136719,25000000.000
11879,2080,15.625000,25000000.000
11880,2072,11.718750,25000000.000
11881,2068,9.765625,25000000.000
11882,2061,6.347656,25000000.000
11883,2060,5.859375,25000000.000
11884,2049,0.488281,25000000.000
11885,2043,-2.441406,25000000.000
11886,2037,-5.371094,25000000.000
11887,2036,-5.859375,25000000.000
11888,2026,-10.742188,25000000.000
11889,2021,-13.183594,25000000.000
11890,2016,-15.625000,25000000.000
11891,2016,-15.625000,25000000.000
11892,2010,-18.554688,25000000.000
11893,2007,-20.019531,25000000.000
11894,2006,-20.507812,25000000.000
11895,2007,-20.019531,25000000.000
11896,2006,-20.507812,25000000.000
11897,2008,-19.531250,25000000.000
11898,2010,-18.554688,25000000.000
11899,2011,-18.066406,25000000.000
11900,2017,-15.136719,25000000.000
11901,2022,-12.695312,25000000.000
11902,2026,-10.742188,25000000.000
11903,2028,-9.765625,25000000.000
11904,2040,-3.906250,25000000.000
11905,2045,-1.464844,25000000.000
11906,2051,1.464844,25000000.000
11907,2051,1.464844,25000000.000
11908,2063,7.324219,25000000.000
11909,2068,9.765625,25000000.000
11910,2073,12.207031,25000000.000
11911,2074,12.695312,25000000.000
11912,2081,16.113281,25000000.000
11913,2083,17.089844,25000000.000
11914,2084,17.578125,25000000.000
11915,2085,18.066406,25000000.000
11916,2086,18.554688,25000000.000
11917,2083,17.089844,25000000.000
11918,2082,16.601562,25000000.000
11919,2081,16.113281,25000000.000
11920,2075,13.183594,25000000.000
11921,2070,10.742188,25000000.000
11922,2065,8.300781,25000000.000
11923,2065,8.300781,25000000.000
11924,2053,2.441406,25000000.000
11925,2048,0.000000,25000000.000
11926,2042,-2.929688,25000000.000
11927,2042,-2.929688,25000000.000
11928,2030,-8.789062,25000000.000
11929,2025,-11.230469,25000000.000
11930,2020,-13.671875,25000000.000
11931,2020,-13.671875,25000000.000
11932,2011,-18.066406,25000000.000
11933,2009,-19.042969,25000000.000
11934,2006,-20.507812,25000000.000
11935,2007,-20.019531,25000000.000
11936,2004,-21.484375,25000000.000
11937,2007,-20.019531,25000000.000
11938,2008,-19.531250,25000000.000
11939,2008,-19.531250,25000000.000
11940,2014,-16.601562,25000000.000
11941,2018,-14.648438,25000000.000
11942,2022,-12.695312,25000000.000
11943,2022,-12.695312,25000000.000
11944,2034,-6.835938,25000000.000
11945,2042,-2.929688,25000000.000
11946,2045,-1.464844,25000000.000
11947,2050,0.976562,25000000.000
11948,2060,5.859375,25000000.000
11949,2065,8.300781,25000000.000
11950,2069,10.253906,25000000.000
11951,2068,9.765625,25000000.000
11952,2079,15.136719,25000000.000
11953,2081,16.113281,25000000.000
11954,2084,17.578125,25000000.000
11955,2084,17.578125,25000000.000
11956,2086,18.554688,25000000.000
11957,2086,18.554688,25000000.000
11958,2084,17.578125,25000000.000
11959,2084,17.578125,25000000.000
11960,2079,15.136719,25000000.000
11961,2074,12.695312,25000000.000
11962,2071,11.230469,25000000.000
11963,2070,10.742188,25000000.000
11964,2060,5.859375,25000000.000
11965,2054,2.929688,25000000.000
11966,2048,0.000000,25000000.000
11967,2047,-0.488281,25000000.000
11968,2036,-5.859375,25000000.000
11969,2031,-8.300781,25000000.000
11970,2024,-11.718750,25000000.000
11971,2024,-11.718750,25000000.000
11972,2016,-15.625000,25000000.000
11973,2012,-17.578125,25000000.000
11974,2009,-19.042969,25000000.000
11975,2009,-19.042969,25000000.000
11976,2006,-20.507812,25000000.000
11977,2006,-20.507812,25000000.000
11978,2006,-20.507812,25000000.000
11979,2006,-20.507812,25000000.000
11980,2012,-17.578125,25000000.000
11981,2014,-16.601562,25000000.000
11982,2019,-14.160156,25000000.000
11983,2019,-14.160156,25000000.000
11984,2030,-8.789062,25000000.000
11985,2036,-5.859375,25000000.000
11986,2041,-3.417969,25000000.000
11987,2041,-3.417969,25000000.000
11988,2054,2.929688,25000000.000
11989,2060,5.859375,25000000.000
11990,2065,8.300781,25000000.000
11991,2066,8.789062,25000000.000
11992,2075,13.183594,25000000.000
11993,2079,15.136719,25000000.000
11994,2082,16.601562,25000000.000
11995,2083,17.089844,25000000.000
11996,2088,19.531250,25000000.000
11997,2084,17.578125,25000000.000
11998,2085,18.066406,25000000.000
11999,2086,18.554688,25000000.000
12000,2082,16.601562,25000000.000
12001,2079,15.136719,25000000.000
12002,2074,12.695312,25000000.000
12003,2074,12.695312,25000000.000
12004,2065,8.300781,25000000.000
12005,2060,5.859375,25000000.000
12006,2053,2.441406,25000000.000
12007,2052,1.953125,25000000.000
12008,2041,-3.417969,25000000.000
12009,2035,-6.347656,25000000.000
12010,2029,-9.277344,25000000.000
12011,2028,-9.765625,25000000.000
12012,2020,-13.671875,25000000.000
12013,2015,-16.113281,25000000.000
12014,2011,-18.066406,25000000.000
12015,2011,-18.066406,25000000.000
12016,2007,-20.019531,25000000.000
12017,2006,-20.507812,25000000.000
12018,2006,-20.507812,25000000.000
12019,2006,-20.507812,25000000.000
12020,2009,-19.042969,25000000.000
12021,2012,-17.578125,25000000.000
12022,2015,-16.113281,25000000.000
12023,2016,-15.625000,25000000.000
12024,2024,-11.718750,25000000.000
12025,2031,-8.300781,25000000.000
12026,2037,-5.371094,25000000.000
12027,2036,-5.859375,25000000.000
12028,2048,0.000000,25000000.000
12029,2054,2.929688,25000000.000
12030,2061,6.347656,25000000.000
12031,2061,6.347656,25000000.000
12032,2072,11.718750,25000000.000
12033,2076,13.671875,25000000.000
12034,2079,15.136719,25000000.000
12035,2080,15.625000,25000000.000
12036,2084,17.578125,25000000.000
12037,2086,18.554688,25000000.000
12038,2087,19.042969,25000000.000
12039,2087,19.042969,25000000.000
12040,2083,17.089844,25000000.000
12041,2081,16.113281,25000000.000
12042,2078,14.648438,25000000.000
12043,2079,15.136719,25000000.000
12044,2069,10.253906,25000000.000
12045,2064,7.812500,25000000.000
12046,2057,4.394531,25000000.000
12047,2057,4.394531,25000000.000
12048,2046,-0.976562,25000000.000
12049,2039,-4.394531,25000000.000
12050,2034,-6.835938,25000000.000
12051,2034,-6.835938,25000000.000
12052,2024,-11.718750,25000000.000
12053,2018,-14.648438,25000000.000
12054,2014,-16.601562,25000000.000
12055,2014,-16.601562,25000000.000
12056,2008,-19.531250,25000000.000
12057,2006,-20.507812,25000000.000
12058,2006,-20.507812,25000000.000
12059,2005,-20.996094,25000000.000
12060,2007,-20.019531,25000000.000
12061,2009,-19.042969,25000000.000
12062,2012,-17.578125,25000000.000
12063,2013,-17.089844,25000000.000
12064,2021,-13.183594,25000000.000
12065,2026,-10.742188,25000000.000
12066,2031,-8.300781,25000000.000
12067,2031,-8.300781,25000000.000
12068,2044,-1.953125,25000000.000
12069,2049,0.488281,25000000.000
12070,2056,3.906250,25000000.000
12071,2057,4.394531,25000000.000
12072,2067,9.277344,25000000.000
12073,2071,11.230469,25000000.000
12074,2076,13.671875,25000000.000
12075,2078,14.648438,25000000.000
12076,2085,18.066406,25000000.000
12077,2086,18.554688,25000000.000
12078,2086,18.554688,25000000.000
12079,2086,18.554688,25000000.000
12080,2085,18.066406,25000000.000
12081,2084,17.578125,25000000.000
12082,2081,16.113281,25000000.000
12083,2081,16.113281,25000000.000
12084,2073,12.207031,25000000.000
12085,2068,9.765625,25000000.000
12086,2063,7.324219,25000000.000
12087,2062,6.835938,25000000.000
12088,2051,1.464844,25000000.000
12089,2045,-1.464844,25000000.000
12090,2039,-4.394531,25000000.000
12091,2039,-4.394531,25000000.000
12092,2027,-10.253906,25000000.000
12093,2022,-12.695312,25000000.000
12094,2016,-15.625000,25000000.000
12095,2016,-15.625000,25000000.000
12096,2009,-19.042969,25000000.000
12097,2007,-20.019531,25000000.000
12098,2005,-20.996094,25000000.000
12099,2005,-20.996094,25000000.000
12100,2005,-20.996094,25000000.000
12101,2006,-20.507812,25000000.000
12102,2008,-19.531250,25000000.000
12103,2009,-19.042969,25000000.000
12104,2014,-16.601562,25000000.000
12105,2020,-13.671875,25000000.000
12106,2025,-11.230469,25000000.000
12107,2025,-11.230469,25000000.000
12108,2038,-4.882812,25000000.000
12109,2044,-1.953125,25000000.000
12110,2049,0.488281,25000000.000
12111,2050,0.976562,25000000.000
12112,2062,6.835938,25000000.000
12113,2067,9.277344,25000000.000
12114,2072,11.718750,25000000.000
12115,2073,12.207031,25000000.000
12116,2081,16.113281,25000000.000
12117,2083,17.089844,25000000.000
12118,2086,18.554688,25000000.000
12119,2085,18.066406,25000000.000
12120,2086,18.554688,25000000.000
12121,2086,18.554688,25000000.000
12122,2083,17.089844,25000000.000
12123,2083,17.089844,25000000.000
12124,2076,13.671875,25000000.000
12125,2073,12.207031,25000000.000
12126,2068,9.765625,25000000.000
12127,2067,9.277344,25000000.000
12128,2056,3.906250,25000000.000
12129,2051,1.464844,25000000.000
12130,2045,-1.464844,25000000.000
12131,2044,-1.953125,25000000.000
12132,2032,-7.812500,25000000.000
12133,2027,-10.253906,25000000.000
12134,2022,-12.695312,25000000.000
12135,2021,-13.183594,25000000.000
12136,2013,-17.089844,25000000.000
12137,2010,-18.554688,25000000.000
12138,2007,-20.019531,25000000.000
12139,2006,-20.507812,25000000.000
12140,2005,-20.996094,25000000.000
12141,2006,-20.507812,25000000.000
12142,2008,-19.531250,25000000.000
12143,2007,-20.019531,25000000.000
12144,2013,-17.089844,25000000.000
12145,2017,-15.136719,25000000.000
12146,2020,-13.671875,25000000.000
12147,2023,-12.207031,25000000.000
12148,2033,-7.324219,25000000.000
12149,2037,-5.371094,25000000.000
12150,2044,-1.953125,25000000.000
12151,2045,-1.464844,25000000.000
12152,2057,4.394531,25000000.000
12153,2062,6.835938,25000000.000
12154,2068,9.765625,25000000.000
12155,2068,9.765625,25000000.000
12156,2077,14.160156,25000000.000
12157,2082,16.601562,25000000.000
12158,2083,17.089844,25000000.000
12159,2083,17.089844,25000000.000
12160,2085,18.066406,25000000.000
12161,2086,18.554688,25000000.000
12162,2085,18.066406,25000000.000
12163,2084,17.578125,25000000.000
12164,2079,15.136719,25000000.000
12165,2076,13.671875,25000000.000
12166,2072,11.718750,25000000.000
12167,2071,11.230469,25000000.000
12168,2063,7.324219,25000000.000
12169,2055,3.417969,25000000.000
12170,2050,0.976562,25000000.000
12171,2049,0.488281,25000000.000
12172,2038,-4.882812,25000000.000
12173,2031,-8.300781,25000000.000
12174,2025,-11.230469,25000000.000
12175,2026,-10.742188,25000000.000
12176,2017,-15.136719,25000000.000
12177,2012,-17.578125,25000000.000
12178,2010,-18.554688,25000000.000
12179,2010,-18.554688,25000000.000
12180,2006,-20.507812,25000000.000
12181,2006,-20.507812,25000000.000
12182,2007,-20.019531,25000000.000
12183,2007,-20.019531,25000000.000
12184,2011,-18.066406,25000000.000
12185,2014,-16.601562,25000000.000
12186,2017,-15.136719,25000000.000
12187,2018,-14.648438,25000000.000
12188,2028,-9.765625,25000000.000
12189,2033,-7.324219,25000000.000
12190,2040,-3.906250,25000000.000
12191,2041,-3.417969,25000000.000
12192,2052,1.953125,25000000.000
12193,2059,5.371094,25000000.000
12194,2064,7.812500,25000000.000
12195,2064,7.812500,25000000.000
12196,2075,13.183594,25000000.000
12197,2078,14.648438,25000000.000
12198,2081,16.113281,25000000.000
12199,2082,16.601562,25000000.000
12200,2085,18.066406,25000000.000
12201,2086,18.554688,25000000.000
12202,2087,19.042969,25000000.000
12203,2086,18.554688,25000000.000
12204,2082,16.601562,25000000.000
12205,2080,15.625000,25000000.000
12206,2075,13.183594,25000000.000
12207,2076,13.671875,25000000.000
12208,2066,8.789062,25000000.000
12209,2060,5.859375,25000000.000
12210,2054,2.929688,25000000.000
12211,2054,2.929688,25000000.000
12212,2043,-2.441406,25000000.000
12213,2036,-5.859375,25000000.000
12214,2031,-8.300781,25000000.000
12215,2030,-8.789062,25000000.000
12216,2020,-13.671875,25000000.000
12217,2015,-16.113281,25000000.000
12218,2011,-18.066406,25000000.000
12219,2011,-18.066406,25000000.000
12220,2007,-20.019531,25000000.000
12221,2005,-20.996094,25000000.000
12222,2005,-20.996094,25000000.000
12223,2006,-20.507812,25000000.000
12224,2006,-20.507812,25000000.000
12225,2011,-18.066406,25000000.000
12226,2014,-16.601562,25000000.000
12227,2015,-16.113281,25000000.000
12228,2023,-12.207031,25000000.000
12229,2029,-9.277344,25000000.000
12230,2035,-6.347656,25000000.000
12231,2035,-6.347656,25000000.000
12232,2047,-0.488281,25000000.000
12233,2053,2.441406,25000000.000
12234,2059,5.371094,25000000.000
12235,2059,5.371094,25000000.000
12236,2070,10.742188,25000000.000
12237,2076,13.671875,25000000.000
12238,2079,15.136719,25000000.000
12239,2079,15.136719,25000000.000
12240,2085,18.066406,25000000.000
12241,2086,18.554688,25000000.000
12242,2086,18.554688,25000000.000
12243,2087,19.042969,25000000.000
12244,2085,18.066406,25000000.000
12245,2082,16.601562,25000000.000
12246,2079,15.136719,25000000.000
12247,2078,14.648438,25000000.000
12248,2070,10.742188,25000000.000
12249,2065,8.300781,25000000.000
12250,2060,5.859375,25000000.000
12251,2060,5.859375,25000000.000
12252,2048,0.000000,25000000.000
12253,2042,-2.929688,25000000.000
12254,2036,-5.859375,25000000.000
12255,2037,-5.371094,25000000.000
12256,2025,-11.230469,25000000.000
12257,2020,-13.671875,25000000.000
12258,2016,-15.625000,25000000.000
12259,2015,-16.113281,25000000.000
12260,2008,-19.531250,25000000.000
12261,2008,-19.531250,25000000.000
12262,2007,-20.019531,25000000.000
12263,2006,-20.507812,25000000.000
12264,2007,-20.019531,25000000.000
12265,2009,-19.042969,25000000.000
12266,2012,-17.578125,25000000.000
12267,2012,-17.578125,25000000.000
12268,2019,-14.160156,25000000.000
12269,2026,-10.742188,25000000.000
12270,2031,-8.300781,25000000.000
12271,2030,-8.789062,25000000.000
12272,2042,-2.929688,25000000.000
12273,2050,0.976562,25000000.000
12274,2055,3.417969,25000000.000
12275,2055,3.417969,25000000.000
12276,2066,8.789062,25000000.000
12277,2071,11.230469,25000000.000
12278,2075,13.183594,25000000.000
12279,2075,13.183594,25000000.000
12280,2082,16.601562,25000000.000
12281,2085,18.066406,25000000.000
12282,2086,18.554688,25000000.000
12283,2087,19.042969,25000000.000
12284,2085,18.066406,25000000.000
12285,2084,17.578125,25000000.000
12286,2082,16.601562,25000000.000
12287,2080,15.625000,25000000.000
12288,2074,12.695312,25000000.000
12289,2068,9.765625,25000000.000
12290,2063,7.324219,25000000.000
12291,2063,7.324219,25000000.000
12292,2053,2.441406,25000000.000
12293,2047,-0.488281,25000000.000
12294,2037,-5.371094,25000000.000
12295,2040,-3.906250,25000000.000
12296,2028,-9.765625,25000000.000
12297,2023,-12.207031,25000000.000
12298,2018,-14.648438,25000000.000
12299,2019,-14.160156,25000000.000
12300,2010,-18.554688,25000000.000
12301,2009,-19.042969,25000000.000
12302,2006,-20.507812,25000000.000
12303,2005,-20.996094,25000000.000
12304,2005,-20.996094,25000000.000
12305,2006,-20.507812,25000000.000
12306,2009,-19.042969,25000000.000
12307,2009,-19.042969,25000000.000
12308,2015,-16.113281,25000000.000
12309,2019,-14.160156,25000000.000
12310,2025,-11.230469,25000000.000
12311,2025,-11.230469,25000000.000
12312,2036,-5.859375,25000000.000
12313,2041,-3.417969,25000000.000
12314,2048,0.000000,25000000.000
12315,2049,0.488281,25000000.000
12316,2059,5.371094,25000000.000
12317,2066,8.789062,25000000.000
12318,2071,11.230469,25000000.000
12319,2071,11.230469,25000000.000
12320,2079,15.136719,25000000.000
12321,2082,16.601562,25000000.000
12322,2085,18.066406,25000000.000
12323,2084,17.578125,25000000.000
12324,2085,18.066406,25000000.000
12325,2084,17.578125,25000000.000
12326,2083,17.089844,25000000.000
12327,2081,16.113281,25000000.000
12328,2078,14.648438,25000000.000
12329,2073,12.207031,25000000.000
12330,2068,9.765625,25000000.000
12331,2067,9.277344,25000000.000
12332,2057,4.394531,25000000.000
12333,2052,1.953125,25000000.000
12334,2046,-0.976562,25000000.000
12335,2045,-1.464844,25000000.000
12336,2033,-7.324219,25000000.000
12337,2028,-9.765625,25000000.000
12338,2022,-12.695312,25000000.000
12339,2021,-13.183594,25000000.000
12340,2013,-17.089844,25000000.000
12341,2010,-18.554688,25000000.000
12342,2007,-20.019531,25000000.000
12343,2007,-20.019531,25000000.000
12344,2005,-20.996094,25000000.000
12345,2006,-20.507812,25000000.000
12346,2007,-20.019531,25000000.000
12347,2005,-20.996094,25000000.000
12348,2011,-18.066406,25000000.000
12349,2015,-16.113281,25000000.000
12350,2020,-13.671875,25000000.000
12351,2021,-13.183594,25000000.000
12352,2030,-8.789062,25000000.000
12353,2036,-5.859375,25000000.000
12354,2042,-2.929688,25000000.000
12355,2042,-2.929688,25000000.000
12356,2055,3.417969,25000000.000
12357,2061,6.347656,25000000.000
12358,2067,9.277344,25000000.000
12359,2068,9.765625,25000000.000
12360,2076,13.671875,25000000.000
12361,2080,15.625000,25000000.000
12362,2083,17.089844,25000000.000
12363,2083,17.089844,25000000.000
12364,2086,18.554688,25000000.000
12365,2086,18.554688,25000000.000
12366,2085,18.066406,25000000.000
12367,2085,18.066406,25000000.000
12368,2081,16.113281,25000000.000
12369,2078,14.648438,25000000.000
12370,2073,12.207031,25000000.000
12371,2072,11.718750,25000000.000
12372,2063,7.324219,25000000.000
12373,2057,4.394531,25000000.000
12374,2050,0.976562,25000000.000
12375,2051,1.464844,25000000.000
12376,2039,-4.394531,25000000.000
12377,2033,-7.324219,25000000.000
12378,2027,-10.253906,25000000.000
12379,2027,-10.253906,25000000.000
12380,2017,-15.136719,25000000.000
12381,2013,-17.089844,25000000.000
12382,2009,-19.042969,25000000.000
12383,2009,-19.042969,25000000.000
12384,2006,-20.507812,25000000.000
12385,2006,-20.507812,25000000.000
12386,2005,-20.996094,25000000.000
12387,2005,-20.996094,25000000.000
12388,2009,-19.042969,25000000.000
12389,2012,-17.578125,25000000.000
12390,2016,-15.625000,25000000.000
12391,2017,-15.136719,25000000.000
12392,2027,-10.253906,25000000.000
12393,2031,-8.300781,25000000.000
12394,2038,-4.882812,25000000.000
12395,2038,-4.882812,25000000.000
12396,2051,1.464844,25000000.000
12397,2057,4.394531,25000000.000
12398,2064,7.812500,25000000.000
12399,2063,7.324219,25000000.000
12400,2073,12.207031,25000000.000
12401,2077,14.160156,25000000.000
12402,2081,16.113281,25000000.000
12403,2082,16.601562,25000000.000
12404,2085,18.066406,25000000.000
12405,2085,18.066406,25000000.000
12406,2087,19.042969,25000000.000
12407,2086,18.554688,25000000.000
12408,2083,17.089844,25000000.000
12409,2080,15.625000,25000000.000
12410,2079,15.136719,25000000.000
12411,2076,13.671875,25000000.000
12412,2067,9.277344,25000000.000
12413,2062,6.835938,25000000.000
12414,2057,4.394531,25000000.000
12415,2056,3.906250,25000000.000
12416,2044,-1.953125,25000000.000
12417,2039,-4.394531,25000000.000
12418,2032,-7.812500,25000000.000
12419,2031,-8.300781,25000000.000
12420,2022,-12.695312,25000000.000
12421,2017,-15.136719,25000000.000
12422,2013,-17.089844,25000000.000
12423,2012,-17.578125,25000000.000
12424,2007,-20.019531,25000000.000
12425,2006,-20.507812,25000000.000
12426,2007,-20.019531,25000000.000
12427,2005,-20.996094,25000000.000
12428,2007,-20.019531,25000000.000
12429,2009,-19.042969,25000000.000
12430,2013,-17.089844,25000000.000
12431,2013,-17.089844,25000000.000
12432,2021,-13.183594,25000000.000
12433,2027,-10.253906,25000000.000
12434,2033,-7.324219,25000000.000
12435,2033,-7.324219,25000000.000
12436,2045,-1.464844,25000000.000
12437,2052,1.953125,25000000.000
12438,2058,4.882812,25000000.000
12439,2058,4.882812,25000000.000
12440,2068,9.765625,25000000.000
12441,2074,12.695312,25000000.000
12442,2077,14.160156,25000000.000
12443,2078,14.648438,25000000.000
12444,2084,17.578125,25000000.000
12445,2086,18.554688,25000000.000
12446,2086,18.554688,25000000.000
12447,2087,19.042969,25000000.000
12448,2085,18.066406,25000000.000
12449,2082,16.601562,25000000.000
12450,2081,16.113281,25000000.000
12451,2080,15.625000,25000000.000
12452,2072,11.718750,25000000.000
12453,2066,8.789062,25000000.000
12454,2061,6.347656,25000000.000
12455,2061,6.347656,25000000.000
12456,2049,0.488281,25000000.000
12457,2044,-1.953125,25000000.000
12458,2037,-5.371094,25000000.000
12459,2036,-5.859375,25000000.000
12460,2027,-10.253906,25000000.000
12461,2022,-12.695312,25000000.000
12462,2016,-15.625000,25000000.000
12463,2015,-16.113281,25000000.000
12464,2010,-18.554688,25000000.000
12465,2007,-20.019531,25000000.000
12466,2006,-20.507812,25000000.000
12467,2005,-20.996094,25000000.000
12468,2006,-20.507812,25000000.000
12469,2007,-20.019531,25000000.000
12470,2010,-18.554688,25000000.000
12471,2010,-18.554688,25000000.000
12472,2018,-14.648438,25000000.000
12473,2021,-13.183594,25000000.000
12474,2027,-10.253906,25000000.000
12475,2028,-9.765625,25000000.000
12476,2039,-4.394531,25000000.000
12477,2046,-0.976562,25000000.000
12478,2051,1.464844,25000000.000
12479,2053,2.441406,25000000.000
12480,2064,7.812500,25000000.000
12481,2069,10.253906,25000000.000
12482,2074,12.695312,25000000.000
12483,2074,12.695312,25000000.000
12484,2082,16.601562,25000000.000
12485,2084,17.578125,25000000.000
12486,2085,18.066406,25000000.000
12487,2086,18.554688,25000000.000
12488,2085,18.066406,25000000.000
12489,2084,17.578125,25000000.000
12490,2082,16.601562,25000000.000
12491,2081,16.113281,25000000.000
12492,2075,13.183594,25000000.000
12493,2070,10.742188,25000000.000
12494,2066,8.789062,25000000.000
12495,2065,8.300781,25000000.000
12496,2054,2.929688,25000000.000
12497,2049,0.488281,25000000.000
12498,2042,-2.929688,25000000.000
12499,2042,-2.929688,25000000.000
12500,2031,-8.300781,25000000.000
12501,2025,-11.230469,25000000.000
12502,2020,-13.671875,25000000.000
12503,2019,-14.160156,25000000.000
12504,2012,-17.578125,25000000.000
12505,2008,-19.531250,25000000.000
12506,2007,-20.019531,25000000.000
12507,2007,-20.019531,25000000.000
12508,2005,-20.996094,25000000.000
12509,2006,-20.507812,25000000.000
12510,2007,-20.019531,25000000.000
12511,2007,-20.019531,25000000.000
12512,2013,-17.089844,25000000.000
12513,2017,-15.136719,25000000.000
12514,2022,-12.695312,25000000.000
12515,2022,-12.695312,25000000.000
12516,2032,-7.812500,25000000.000
12517,2039,-4.394531,25000000.000
12518,2045,-1.464844,25000000.000
12519,2045,-1.464844,25000000.000
12520,2058,4.882812,25000000.000
12521,2063,7.324219,25000000.000
12522,2069,10.253906,25000000.000
12523,2070,10.742188,25000000.000
12524,2078,14.648438,25000000.000
12525,2082,16.601562,25000000.000
12526,2084,17.578125,25000000.000
12527,2084,17.578125,25000000.000
12528,2074,12.695312,25000000.000
12529,2085,18.066406,25000000.000
12530,2091,20.996094,25000000.000
12531,2087,19.042969,25000000.000
12532,2079,15.136719,25000000.000
12533,2073,12.207031,25000000.000
12534,2071,11.230469,25000000.000
12535,2070,10.742188,25000000.000
12536,2057,4.394531,25000000.000
12537,2054,2.929688,25000000.000
12538,2047,-0.488281,25000000.000
12539,2046,-0.976562,25000000.000
12540,2035,-6.347656,25000000.000
12541,2029,-9.277344,25000000.000
12542,2023,-12.207031,25000000.000
12543,2023,-12.207031,25000000.000
12544,2015,-16.113281,25000000.000
12545,2011,-18.066406,25000000.000
12546,2008,-19.531250,25000000.000
12547,2009,-19.042969,25000000.000
12548,2005,-20.996094,25000000.000
12549,2004,-21.484375,25000000.000
12550,2007,-20.019531,25000000.000
12551,2006,-20.507812,25000000.000
12552,2010,-18.554688,25000000.000
12553,2014,-16.601562,25000000.000
12554,2018,-14.648438,25000000.000
12555,2018,-14.648438,25000000.000
12556,2028,-9.765625,25000000.000
12557,2034,-6.835938,25000000.000
12558,2040,-3.906250,25000000.000
12559,2040,-3.906250,25000000.000
12560,2053,2.441406,25000000.000
12561,2058,4.882812,25000000.000
12562,2065,8.300781,25000000.000
12563,2066,8.789062,25000000.000
12564,2075,13.183594,25000000.000
12565,2078,14.648438,25000000.000
12566,2082,16.601562,25000000.000
12567,2082,16.601562,25000000.000
12568,2086,18.554688,25000000.000
12569,2086,18.554688,25000000.000
12570,2085,18.066406,25000000.000
12571,2085,18.066406,25000000.000
12572,2081,16.113281,25000000.000
12573,2079,15.136719,25000000.000
12574,2075,13.183594,25000000.000
12575,2075,13.183594,25000000.000
12576,2065,8.300781,25000000.000
12577,2060,5.859375,25000000.000
12578,2054,2.929688,25000000.000
12579,2053,2.441406,25000000.000
12580,2041,-3.417969,25000000.000
12581,2035,-6.347656,25000000.000
12582,2028,-9.765625,25000000.000
12583,2028,-9.765625,25000000.000
12584,2018,-14.648438,25000000.000
12585,2014,-16.601562,25000000.000
12586,2011,-18.066406,25000000.000
12587,2011,-18.066406,25000000.000
12588,2007,-20.019531,25000000.000
12589,2006,-20.507812,25000000.000
12590,2006,-20.507812,25000000.000
12591,2005,-20.996094,25000000.000
12592,2009,-19.042969,25000000.000
12593,2012,-17.578125,25000000.000
12594,2016,-15.625000,25000000.000
12595,2016,-15.625000,25000000.000
12596,2024,-11.718750,25000000.000
12597,2031,-8.300781,25000000.000
12598,2036,-5.859375,25000000.000
12599,2037,-5.371094,25000000.000
12600,2049,0.488281,25000000.000
12601,2055,3.417969,25000000.000
12602,2060,5.859375,25000000.000
12603,2061,6.347656,25000000.000
12604,2072,11.718750,25000000.000
12605,2076,13.671875,25000000.000
12606,2079,15.136719,25000000.000
12607,2081,16.113281,25000000.000
12608,2085,18.066406,25000000.000
12609,2087,19.042969,25000000.000
12610,2088,19.531250,25000000.000
12611,2087,19.042969,25000000.000
12612,2085,18.066406,25000000.000
12613,2082,16.601562,25000000.000
12614,2079,15.136719,25000000.000
12615,2079,15.136719,25000000.000
12616,2069,10.253906,25000000.000
12617,2063,7.324219,25000000.000
12618,2058,4.882812,25000000.000
12619,2057,4.394531,25000000.000
12620,2047,-0.488281,25000000.000
12621,2041,-3.417969,25000000.000
12622,2034,-6.835938,25000000.000
12623,2034,-6.835938,25000000.000
12624,2023,-12.207031,25000000.000
12625,2019,-14.160156,25000000.000
12626,2014,-16.601562,25000000.000
12627,2014,-16.601562,25000000.000
12628,2009,-19.042969,25000000.000
12629,2007,-20.019531,25000000.000
12630,2006,-20.507812,25000000.000
12631,2006,-20.507812,25000000.000
12632,2007,-20.019531,25000000.000
12633,2009,-19.042969,25000000.000
12634,2013,-17.089844,25000000.000
12635,2013,-17.089844,25000000.000
12636,2019,-14.160156,25000000.000
12637,2025,-11.230469,25000000.000
12638,2031,-8.300781,25000000.000
12639,2031,-8.300781,25000000.000
12640,2042,-2.929688,25000000.000
12641,2048,0.000000,25000000.000
12642,2057,4.394531,25000000.000
12643,2054,2.929688,25000000.000
12644,2060,5.859375,25000000.000
12645,2076,13.671875,25000000.000
12646,2077,14.160156,25000000.000
12647,2075,13.183594,25000000.000
12648,2083,17.089844,25000000.000
12649,2086,18.554688,25000000.000
12650,2086,18.554688,25000000.000
12651,2087,19.042969,25000000.000
12652,2085,18.066406,25000000.000
12653,2083,17.089844,25000000.000
12654,2080,15.625000,25000000.000
12655,2081,16.113281,25000000.000
12656,2072,11.718750,25000000.000
12657,2069,10.253906,25000000.000
12658,2063,7.324219,25000000.000
12659,2061,6.347656,25000000.000
12660,2051,1.464844,25000000.000
12661,2045,-1.464844,25000000.000
12662,2039,-4.394531,25000000.000
12663,2038,-4.882812,25000000.000
12664,2027,-10.253906,25000000.000
12665,2022,-12.695312,25000000.000
12666,2018,-14.648438,25000000.000
12667,2017,-15.136719,25000000.000
12668,2009,-19.042969,25000000.000
12669,2007,-20.019531,25000000.000
12670,2005,-20.996094,25000000.000
12671,2005,-20.996094,25000000.000
12672,2006,-20.507812,25000000.000
12673,2006,-20.507812,25000000.000
12674,2009,-19.042969,25000000.000
12675,2009,-19.042969,25000000.000
12676,2015,-16.113281,25000000.000
12677,2019,-14.160156,25000000.000
12678,2025,-11.230469,25000000.000
12679,2025,-11.230469,25000000.000
12680,2037,-5.371094,25000000.000
12681,2043,-2.441406,25000000.000
12682,2050,0.976562,25000000.000
12683,2049,0.488281,25000000.000
12684,2061,6.347656,25000000.000
12685,2067,9.277344,25000000.000
12686,2072,11.718750,25000000.000
12687,2072,11.718750,25000000.000
12688,2079,15.136719,25000000.000
12689,2083,17.089844,25000000.000
12690,2085,18.066406,25000000.000
12691,2085,18.066406,25000000.000
12692,2087,19.042969,25000000.000
12693,2086,18.554688,25000000.000
12694,2085,18.066406,25000000.000
12695,2085,18.066406,25000000.000
12696,2077,14.160156,25000000.000
12697,2072,11.718750,25000000.000
12698,2067,9.277344,25000000.000
12699,2068,9.765625,25000000.000
12700,2056,3.906250,25000000.000
12701,2051,1.464844,25000000.000
12702,2044,-1.953125,25000000.000
12703,2042,-2.929688,25000000.000
12704,2033,-7.324219,25000000.000
12705,2025,-11.230469,25000000.000
12706,2021,-13.183594,25000000.000
12707,2020,-13.671875,25000000.000
12708,2012,-17.578125,25000000.000
12709,2009,-19.042969,25000000.000
12710,2007,-20.019531,25000000.000
12711,2007,-20.019531,25000000.000
12712,2004,-21.484375,25000000.000
12713,2005,-20.996094,25000000.000
12714,2007,-20.019531,25000000.000
12715,2007,-20.019531,25000000.000
12716,2011,-18.066406,25000000.000
12717,2016,-15.625000,25000000.000
12718,2019,-14.160156,25000000.000
12719,2022,-12.695312,25000000.000
12720,2032,-7.812500,25000000.000
12721,2038,-4.882812,25000000.000
12722,2045,-1.464844,25000000.000
12723,2045,-1.464844,25000000.000
12724,2057,4.394531,25000000.000
12725,2062,6.835938,25000000.000
12726,2068,9.765625,25000000.000
12727,2069,10.253906,25000000.000
12728,2078,14.648438,25000000.000
12729,2081,16.113281,25000000.000
12730,2084,17.578125,25000000.000
12731,2084,17.578125,25000000.000
12732,2086,18.554688,25000000.000
12733,2087,19.042969,25000000.000
12734,2085,18.066406,25000000.000
12735,2084,17.578125,25000000.000
12736,2080,15.625000,25000000.000
12737,2076,13.671875,25000000.000
12738,2073,12.207031,25000000.000
12739,2071,11.230469,25000000.000
12740,2061,6.347656,25000000.000
12741,2055,3.417969,25000000.000
12742,2049,0.488281,25000000.000
12743,2048,0.000000,25000000.000
12744,2037,-5.371094,25000000.000
12745,2030,-8.789062,25000000.000
12746,2024,-11.718750,25000000.000
12747,2024,-11.718750,25000000.000
12748,2016,-15.625000,25000000.000
12749,2011,-18.066406,25000000.000
12750,2010,-18.554688,25000000.000
12751,2009,-19.042969,25000000.000
12752,2005,-20.996094,25000000.000
12753,2006,-20.507812,25000000.000
12754,2006,-20.507812,25000000.000
12755,2006,-20.507812,25000000.000
12756,2010,-18.554688,25000000.000
12757,2013,-17.089844,25000000.000
12758,2016,-15.625000,25000000.000
12759,2017,-15.136719,25000000.000
12760,2027,-10.253906,25000000.000
12761,2033,-7.324219,25000000.000
12762,2040,-3.906250,25000000.000
12763,2040,-3.906250,25000000.000
12764,2052,1.953125,25000000.000
12765,2057,4.394531,25000000.000
12766,2064,7.812500,25000000.000
12767,2064,7.812500,25000000.000
12768,2075,13.183594,25000000.000
12769,2078,14.648438,25000000.000
12770,2081,16.113281,25000000.000
12771,2082,16.601562,25000000.000
12772,2085,18.066406,25000000.000
12773,2087,19.042969,25000000.000
12774,2086,18.554688,25000000.000
12775,2087,19.042969,25000000.000
12776,2083,17.089844,25000000.000
12777,2080,15.625000,25000000.000
12778,2076,13.671875,25000000.000
12779,2076,13.671875,25000000.000
12780,2068,9.765625,25000000.000
12781,2061,6.347656,25000000.000
12782,2056,3.906250,25000000.000
12783,2055,3.417969,25000000.000
12784,2043,-2.441406,25000000.000
12785,2038,-4.882812,25000000.000
12786,2031,-8.300781,25000000.000
12787,2030,-8.789062,25000000.000
12788,2022,-12.695312,25000000.000
12789,2017,-15.136719,25000000.000
12790,2013,-17.089844,25000000.000
12791,2012,-17.578125,25000000.000
12792,2007,-20.019531,25000000.000
12793,2005,-20.996094,25000000.000
12794,2006,-20.507812,25000000.000
12795,2007,-20.019531,25000000.000
12796,2009,-19.042969,25000000.000
12797,2010,-18.554688,25000000.000
12798,2014,-16.601562,25000000.000
12799,2014,-16.601562,25000000.000
12800,2022,-12.695312,25000000.000
12801,2027,-10.253906,25000000.000
12802,2034,-6.835938,25000000.000
12803,2034,-6.835938,25000000.000
12804,2045,-1.464844,25000000.000
12805,2051,1.464844,25000000.000
12806,2058,4.882812,25000000.000
12807,2059,5.371094,25000000.000
12808,2070,10.742188,25000000.000
12809,2075,13.183594,25000000.000
12810,2078,14.648438,25000000.000
12811,2079,15.136719,25000000.000
12812,2084,17.578125,25000000.000
12813,2086,18.554688,25000000.000
12814,2086,18.554688,25000000.000
12815,2086,18.554688,25000000.000
12816,2085,18.066406,25000000.000
12817,2082,16.601562,25000000.000
12818,2080,15.625000,25000000.000
12819,2079,15.136719,25000000.000
12820,2070,10.742188,25000000.000
12821,2065,8.300781,25000000.000
12822,2061,6.347656,25000000.000
12823,2059,5.371094,25000000.000
12824,2048,0.000000,25000000.000
12825,2042,-2.929688,25000000.000
12826,2036,-5.859375,25000000.000
12827,2035,-6.347656,25000000.000
12828,2025,-11.230469,25000000.000
12829,2020,-13.671875,25000000.000
12830,2015,-16.113281,25000000.000
12831,2015,-16.113281,25000000.000
12832,2009,-19.042969,25000000.000
12833,2007,-20.019531,25000000.000
12834,2006,-20.507812,25000000.000
12835,2006,-20.507812,25000000.000
12836,2006,-20.507812,25000000.000
12837,2009,-19.042969,25000000.000
12838,2011,-18.066406,25000000.000
12839,2011,-18.066406,25000000.000
12840,2019,-14.160156,25000000.000
12841,2024,-11.718750,25000000.000
12842,2030,-8.789062,25000000.000
12843,2030,-8.789062,25000000.000
12844,2042,-2.929688,25000000.000
12845,2048,0.000000,25000000.000
12846,2054,2.929688,25000000.000
12847,2055,3.417969,25000000.000
12848,2065,8.300781,25000000.000
12849,2070,10.742188,25000000.000
12850,2076,13.671875,25000000.000
12851,2076,13.671875,25000000.000
12852,2082,16.601562,25000000.000
12853,2085,18.066406,25000000.000
12854,2085,18.066406,25000000.000
12855,2085,18.066406,25000000.000
12856,2086,18.554688,25000000.000
12857,2084,17.578125,25000000.000
12858,2082,16.601562,25000000.000
12859,2081,16.113281,25000000.000
12860,2074,12.695312,25000000.000
12861,2070,10.742188,25000000.000
12862,2065,8.300781,25000000.000
12863,2064,7.812500,25000000.000
12864,2052,1.953125,25000000.000
12865,2047,-0.488281,25000000.000
12866,2041,-3.417969,25000000.000
12867,2040,-3.906250,25000000.000
12868,2029,-9.277344,25000000.000
12869,2024,-11.718750,25000000.000
12870,2019,-14.160156,25000000.000
12871,2019,-14.160156,25000000.000
12872,2012,-17.578125,25000000.000
12873,2009,-19.042969,25000000.000
12874,2007,-20.019531,25000000.000
12875,2006,-20.507812,25000000.000
12876,2005,-20.996094,25000000.000
12877,2006,-20.507812,25000000.000
12878,2009,-19.042969,25000000.000
12879,2009,-19.042969,25000000.000
12880,2015,-16.113281,25000000.000
12881,2020,-13.671875,25000000.000
12882,2024,-11.718750,25000000.000
12883,2025,-11.230469,25000000.000
12884,2035,-6.347656,25000000.000
12885,2041,-3.417969,25000000.000
12886,2047,-0.488281,25000000.000
12887,2048,0.000000,25000000.000
12888,2060,5.859375,25000000.000
12889,2065,8.300781,25000000.000
12890,2070,10.742188,25000000.000
12891,2071,11.230469,25000000.000
12892,2079,15.136719,25000000.000
12893,2082,16.601562,25000000.000
12894,2083,17.089844,25000000.000
12895,2084,17.578125,25000000.000
12896,2084,17.578125,25000000.000
12897,2085,18.066406,25000000.000
12898,2082,16.601562,25000000.000
12899,2083,17.089844,25000000.000
12900,2077,14.160156,25000000.000
12901,2072,11.718750,25000000.000
12902,2068,9.765625,25000000.000
12903,2068,9.765625,25000000.000
12904,2058,4.882812,25000000.000
12905,2051,1.464844,25000000.000
12906,2045,-1.464844,25000000.000
12907,2046,-0.976562,25000000.000
12908,2034,-6.835938,25000000.000
12909,2029,-9.277344,25000000.000
12910,2023,-12.207031,25000000.000
12911,2023,-12.207031,25000000.000
12912,2014,-16.601562,25000000.000
12913,2012,-17.578125,25000000.000
12914,2009,-19.042969,25000000.000
12915,2008,-19.531250,25000000.000
12916,2006,-20.507812,25000000.000
12917,2005,-20.996094,25000000.000
12918,2007,-20.019531,25000000.000
12919,2007,-20.019531,25000000.000
12920,2012,-17.578125,25000000.000
12921,2015,-16.113281,25000000.000
12922,2020,-13.671875,25000000.000
12923,2020,-13.671875,25000000.000
12924,2030,-8.789062,25000000.000
12925,2036,-5.859375,25000000.000
12926,2043,-2.441406,25000000.000
12927,2043,-2.441406,25000000.000
12928,2054,2.929688,25000000.000
12929,2059,5.371094,25000000.000
12930,2066,8.789062,25000000.000
12931,2066,8.789062,25000000.000
12932,2076,13.671875,25000000.000
12933,2079,15.136719,25000000.000
12934,2082,16.601562,25000000.000
12935,2082,16.601562,25000000.000
12936,2086,18.554688,25000000.000
12937,2085,18.066406,25000000.000
12938,2084,17.578125,25000000.000
12939,2084,17.578125,25000000.000
12940,2080,15.625000,25000000.000
12941,2077,14.160156,25000000.000
12942,2072,11.718750,25000000.000
12943,2072,11.718750,25000000.000
12944,2062,6.835938,25000000.000
12945,2057,4.394531,25000000.000
12946,2051,1.464844,25000000.000
12947,2050,0.976562,25000000.000
12948,2040,-3.906250,25000000.000
12949,2033,-7.324219,25000000.000
12950,2027,-10.253906,25000000.000
12951,2028,-9.765625,25000000.000
12952,2018,-14.648438,25000000.000
12953,2014,-16.601562,25000000.000
12954,2011,-18.066406,25000000.000
12955,2011,-18.066406,25000000.000
12956,2007,-20.019531,25000000.000
12957,2006,-20.507812,25000000.000
12958,2006,-20.507812,25000000.000
12959,2005,-20.996094,25000000.000
12960,2010,-18.554688,25000000.000
12961,2012,-17.578125,25000000.000
12962,2017,-15.136719,25000000.000
12963,2016,-15.625000,25000000.000
12964,2026,-10.742188,25000000.000
12965,2032,-7.812500,25000000.000
12966,2038,-4.882812,25000000.000
12967,2038,-4.882812,25000000.000
12968,2050,0.976562,25000000.000
12969,2056,3.906250,25000000.000
12970,2062,6.835938,25000000.000
12971,2062,6.835938,25000000.000
12972,2073,12.207031,25000000.000
12973,2077,14.160156,25000000.000
12974,2081,16.113281,25000000.000
12975,2082,16.601562,25000000.000
12976,2086,18.554688,25000000.000
12977,2086,18.554688,25000000.000
12978,2087,19.042969,25000000.000
12979,2087,19.042969,25000000.000
12980,2084,17.578125,25000000.000
12981,2080,15.625000,25000000.000
12982,2077,14.160156,25000000.000
12983,2077,14.160156,25000000.000
12984,2068,9.765625,25000000.000
12985,2062,6.835938,25000000.000
12986,2056,3.906250,25000000.000
12987,2057,4.394531,25000000.000
12988,2043,-2.441406,25000000.000
12989,2039,-4.394531,25000000.000
12990,2031,-8.300781,25000000.000
12991,2033,-7.324219,25000000.000
12992,2028,-9.765625,25000000.000
12993,2016,-15.625000,25000000.000
12994,2011,-18.066406,25000000.000
12995,2015,-16.113281,25000000.000
12996,2008,-19.531250,25000000.000
12997,2006,-20.507812,25000000.000
12998,2005,-20.996094,25000000.000
12999,2006,-20.507812,25000000.000
13000,2008,-19.531250,25000000.000
13001,2009,-19.042969,25000000.000
13002,2013,-17.089844,25000000.000
13003,2013,-17.089844,25000000.000
13004,2020,-13.671875,25000000.000
13005,2028,-9.765625,25000000.000
13006,2032,-7.812500,25000000.000
13007,2033,-7.324219,25000000.000
13008,2045,-1.464844,25000000.000
13009,2051,1.464844,25000000.000
13010,2059,5.371094,25000000.000
13011,2058,4.882812,25000000.000
13012,2069,10.253906,25000000.000
13013,2074,12.695312,25000000.000
13014,2077,14.160156,25000000.000
13015,2078,14.648438,25000000.000
13016,2084,17.578125,25000000.000
13017,2085,18.066406,25000000.000
13018,2085,18.066406,25000000.000
13019,2088,19.531250,25000000.000
13020,2086,18.554688,25000000.000
13021,2083,17.089844,25000000.000
13022,2080,15.625000,25000000.000
13023,2080,15.625000,25000000.000
13024,2072,11.718750,25000000.000
13025,2067,9.277344,25000000.000
13026,2062,6.835938,25000000.000
13027,2060,5.859375,25000000.000
13028,2049,0.488281,25000000.000
13029,2044,-1.953125,25000000.000
13030,2038,-4.882812,25000000.000
13031,2037,-5.371094,25000000.000
13032,2026,-10.742188,25000000.000
13033,2022,-12.695312,25000000.000
13034,2017,-15.136719,25000000.000
13035,2017,-15.136719,25000000.000
13036,2009,-19.042969,25000000.000
13037,2008,-19.531250,25000000.000
13038,2007,-20.019531,25000000.000
13039,2006,-20.507812,25000000.000
13040,2007,-20.019531,25000000.000
13041,2008,-19.531250,25000000.000
13042,2013,-17.089844,25000000.000
13043,2009,-19.042969,25000000.000
13044,2019,-14.160156,25000000.000
13045,2023,-12.207031,25000000.000
13046,2029,-9.277344,25000000.000
13047,2028,-9.765625,25000000.000
13048,2039,-4.394531,25000000.000
13049,2046,-0.976562,25000000.000
13050,2051,1.464844,25000000.000
13051,2052,1.953125,25000000.000
13052,2063,7.324219,25000000.000
13053,2069,10.253906,25000000.000
13054,2074,12.695312,25000000.000
13055,2075,13.183594,25000000.000
13056,2080,15.625000,25000000.000
13057,2084,17.578125,25000000.000
13058,2085,18.066406,25000000.000
13059,2085,18.066406,25000000.000
13060,2086,18.554688,25000000.000
13061,2084,17.578125,25000000.000
13062,2082,16.601562,25000000.000
13063,2082,16.601562,25000000.000
13064,2076,13.671875,25000000.000
13065,2069,10.253906,25000000.000
13066,2066,8.789062,25000000.000
13067,2066,8.789062,25000000.000
13068,2055,3.417969,25000000.000
13069,2048,0.000000,25000000.000
13070,2042,-2.929688,25000000.000
13071,2041,-3.417969,25000000.000
13072,2030,-8.789062,25000000.000
13073,2025,-11.230469,25000000.000
13074,2019,-14.160156,25000000.000
13075,2019,-14.160156,25000000.000
13076,2011,-18.066406,25000000.000
13077,2009,-19.042969,25000000.000
13078,2007,-20.019531,25000000.000
13079,2006,-20.507812,25000000.000
13080,2005,-20.996094,25000000.000
13081,2005,-20.996094,25000000.000
13082,2007,-20.019531,25000000.000
13083,2007,-20.019531,25000000.000
13084,2014,-16.601562,25000000.000
13085,2018,-14.648438,25000000.000
13086,2023,-12.207031,25000000.000
13087,2024,-11.718750,25000000.000
13088,2034,-6.835938,25000000.000
13089,2039,-4.394531,25000000.000
13090,2046,-0.976562,25000000.000
13091,2046,-0.976562,25000000.000
13092,2058,4.882812,25000000.000
13093,2063,7.324219,25000000.000
13094,2070,10.742188,25000000.000
13095,2070,10.742188,25000000.000
13096,2079,15.136719,25000000.000
13097,2081,16.113281,25000000.000
13098,2082,16.601562,25000000.000
13099,2084,17.578125,25000000.000
13100,2086,18.554688,25000000.000
13101,2085,18.066406,25000000.000
13102,2084,17.578125,25000000.000
13103,2083,17.089844,25000000.000
13104,2079,15.136719,25000000.000
13105,2075,13.183594,25000000.000
13106,2069,10.253906,25000000.000
13107,2069,10.253906,25000000.000
13108,2059,5.371094,25000000.000
13109,2053,2.441406,25000000.000
13110,2047,-0.488281,25000000.000
13111,2046,-0.976562,25000000.000
13112,2035,-6.347656,25000000.000
13113,2029,-9.277344,25000000.000
13114,2024,-11.718750,25000000.000
13115,2023,-12.207031,25000000.000
13116,2015,-16.113281,25000000.000
13117,2012,-17.578125,25000000.000
13118,2009,-19.042969,25000000.000
13119,2009,-19.042969,25000000.000
13120,2006,-20.507812,25000000.000
13121,2006,-20.507812,25000000.000
13122,2006,-20.507812,25000000.000
13123,2007,-20.019531,25000000.000
13124,2011,-18.066406,25000000.000
13125,2014,-16.601562,25000000.000
13126,2019,-14.160156,25000000.000
13127,2019,-14.160156,25000000.000
13128,2030,-8.789062,25000000.000
13129,2035,-6.347656,25000000.000
13130,2041,-3.417969,25000000.000
13131,2041,-3.417969,25000000.000
13132,2053,2.441406,25000000.000
13133,2059,5.371094,25000000.000
13134,2065,8.300781,25000000.000
13135,2066,8.789062,25000000.000
13136,2074,12.695312,25000000.000
13137,2078,14.648438,25000000.000
13138,2081,16.113281,25000000.000
13139,2080,15.625000,25000000.000
13140,2084,17.578125,25000000.000
13141,2084,17.578125,25000000.000
13142,2084,17.578125,25000000.000
13143,2084,17.578125,25000000.000
13144,2080,15.625000,25000000.000
13145,2076,13.671875,25000000.000
13146,2073,12.207031,25000000.000
13147,2073,12.207031,25000000.000
13148,2063,7.324219,25000000.000
13149,2058,4.882812,25000000.000
13150,2054,2.929688,25000000.000
13151,2051,1.464844,25000000.000
13152,2042,-2.929688,25000000.000
13153,2035,-6.347656,25000000.000
13154,2029,-9.277344,25000000.000
13155,2029,-9.277344,25000000.000
13156,2020,-13.671875,25000000.000
13157,2015,-16.113281,25000000.000
13158,2012,-17.578125,25000000.000
13159,2012,-17.578125,25000000.000
13160,2007,-20.019531,25000000.000
13161,2006,-20.507812,25000000.000
13162,2007,-20.019531,25000000.000
13163,2006,-20.507812,25000000.000
13164,2010,-18.554688,25000000.000
13165,2014,-16.601562,25000000.000
13166,2017,-15.136719,25000000.000
13167,2016,-15.625000,25000000.000
13168,2025,-11.230469,25000000.000
13169,2031,-8.300781,25000000.000
13170,2037,-5.371094,25000000.000
13171,2038,-4.882812,25000000.000
13172,2050,0.976562,25000000.000
13173,2055,3.417969,25000000.000
13174,2061,6.347656,25000000.000
13175,2062,6.835938,25000000.000
13176,2071,11.230469,25000000.000
13177,2076,13.671875,25000000.000
13178,2080,15.625000,25000000.000
13179,2079,15.136719,25000000.000
13180,2084,17.578125,25000000.000
13181,2085,18.066406,25000000.000
13182,2086,18.554688,25000000.000
13183,2086,18.554688,25000000.000
13184,2083,17.089844,25000000.000
13185,2081,16.113281,25000000.000
13186,2078,14.648438,25000000.000
13187,2078,14.648438,25000000.000
13188,2069,10.253906,25000000.000
13189,2064,7.812500,25000000.000
13190,2058,4.882812,25000000.000
13191,2057,4.394531,25000000.000
13192,2047,-0.488281,25000000.000
13193,2039,-4.394531,25000000.000
13194,2035,-6.347656,25000000.000
13195,2033,-7.324219,25000000.000
13196,2024,-11.718750,25000000.000
13197,2018,-14.648438,25000000.000
13198,2014,-16.601562,25000000.000
13199,2014,-16.601562,25000000.000
13200,2008,-19.531250,25000000.000
13201,2007,-20.019531,25000000.000
13202,2005,-20.996094,25000000.000
13203,2006,-20.507812,25000000.000
13204,2007,-20.019531,25000000.000
13205,2010,-18.554688,25000000.000
13206,2012,-17.578125,25000000.000
13207,2012,-17.578125,25000000.000
13208,2020,-13.671875,25000000.000
13209,2025,-11.230469,25000000.000
13210,2031,-8.300781,25000000.000
13211,2032,-7.812500,25000000.000
13212,2044,-1.953125,25000000.000
13213,2050,0.976562,25000000.000
13214,2055,3.417969,25000000.000
13215,2056,3.906250,25000000.000
13216,2067,9.277344,25000000.000
13217,2073,12.207031,25000000.000
13218,2077,14.160156,25000000.000
13219,2077,14.160156,25000000.000
13220,2084,17.578125,25000000.000
13221,2084,17.578125,25000000.000
13222,2085,18.066406,25000000.000
13223,2086,18.554688,25000000.000
13224,2083,17.089844,25000000.000
13225,2082,16.601562,25000000.000
13226,2081,16.113281,25000000.000
13227,2078,14.648438,25000000.000
13228,2071,11.230469,25000000.000
13229,2067,9.277344,25000000.000
13230,2062,6.835938,25000000.000
13231,2062,6.835938,25000000.000
13232,2051,1.464844,25000000.000
13233,2045,-1.464844,25000000.000
13234,2038,-4.882812,25000000.000
13235,2037,-5.371094,25000000.000
13236,2027,-10.253906,25000000.000
13237,2022,-12.695312,25000000.000
13238,2018,-14.648438,25000000.000
13239,2017,-15.136719,25000000.000
13240,2011,-18.066406,25000000.000
13241,2008,-19.531250,25000000.000
13242,2007,-20.019531,25000000.000
13243,2007,-20.019531,25000000.000
13244,2007,-20.019531,25000000.000
13245,2007,-20.019531,25000000.000
13246,2011,-18.066406,25000000.000
13247,2011,-18.066406,25000000.000
13248,2019,-14.160156,25000000.000
13249,2022,-12.695312,25000000.000
13250,2028,-9.765625,25000000.000
13251,2028,-9.765625,25000000.000
13252,2040,-3.906250,25000000.000
13253,2044,-1.953125,25000000.000
13254,2050,0.976562,25000000.000
13255,2051,1.464844,25000000.000
13256,2062,6.835938,25000000.000
13257,2069,10.253906,25000000.000
13258,2073,12.207031,25000000.000
13259,2072,11.718750,25000000.000
13260,2079,15.136719,25000000.000
13261,2083,17.089844,25000000.000
13262,2085,18.066406,25000000.000
13263,2084,17.578125,25000000.000
13264,2085,18.066406,25000000.000
13265,2084,17.578125,25000000.000
13266,2082,16.601562,25000000.000
13267,2081,16.113281,25000000.000
13268,2075,13.183594,25000000.000
13269,2071,11.230469,25000000.000
13270,2066,8.789062,25000000.000
13271,2065,8.300781,25000000.000
13272,2055,3.417969,25000000.000
13273,2048,0.000000,25000000.000
13274,2043,-2.441406,25000000.000
13275,2043,-2.441406,25000000.000
13276,2031,-8.300781,25000000.000
13277,2026,-10.742188,25000000.000
13278,2020,-13.671875,25000000.000
13279,2020,-13.671875,25000000.000
13280,2012,-17.578125,25000000.000
13281,2009,-19.042969,25000000.000
13282,2007,-20.019531,25000000.000
13283,2007,-20.019531,25000000.000
13284,2005,-20.996094,25000000.000
13285,2005,-20.996094,25000000.000
13286,2008,-19.531250,25000000.000
13287,2008,-19.531250,25000000.000
13288,2013,-17.089844,25000000.000
13289,2017,-15.136719,25000000.000
13290,2022,-12.695312,25000000.000
13291,2023,-12.207031,25000000.000
13292,2033,-7.324219,25000000.000
13293,2039,-4.394531,25000000.000
13294,2046,-0.976562,25000000.000
13295,2045,-1.464844,25000000.000
13296,2057,4.394531,25000000.000
13297,2063,7.324219,25000000.000
13298,2069,10.253906,25000000.000
13299,2069,10.253906,25000000.000
13300,2077,14.160156,25000000.000
13301,2079,15.136719,25000000.000
13302,2083,17.089844,25000000.000
13303,2082,16.601562,25000000.000
13304,2085,18.066406,25000000.000
13305,2084,17.578125,25000000.000
13306,2084,17.578125,25000000.000
13307,2083,17.089844,25000000.000
13308,2078,14.648438,25000000.000
13309,2075,13.183594,25000000.000
13310,2070,10.742188,25000000.000
13311,2070,10.742188,25000000.000
13312,2060,5.859375,25000000.000
13313,2053,2.441406,25000000.000
13314,2048,0.000000,25000000.000
13315,2048,0.000000,25000000.000
13316,2036,-5.859375,25000000.000
13317,2031,-8.300781,25000000.000
13318,2025,-11.230469,25000000.000
13319,2024,-11.718750,25000000.000
13320,2014,-16.601562,25000000.000
13321,2012,-17.578125,25000000.000
13322,2008,-19.531250,25000000.000
13323,2009,-19.042969,25000000.000
13324,2005,-20.996094,25000000.000
13325,2005,-20.996094,25000000.000
13326,2007,-20.019531,25000000.000
13327,2005,-20.996094,25000000.000
13328,2010,-18.554688,25000000.000
13329,2013,-17.089844,25000000.000
13330,2018,-14.648438,25000000.000
13331,2018,-14.648438,25000000.000
13332,2029,-9.277344,25000000.000
13333,2035,-6.347656,25000000.000
13334,2039,-4.394531,25000000.000
13335,2041,-3.417969,25000000.000
13336,2051,1.464844,25000000.000
13337,2058,4.882812,25000000.000
13338,2063,7.324219,25000000.000
13339,2064,7.812500,25000000.000
13340,2075,13.183594,25000000.000
13341,2074,12.695312,25000000.000
13342,2077,14.160156,25000000.000
13343,2079,15.136719,25000000.000
13344,2084,17.578125,25000000.000
13345,2084,17.578125,25000000.000
13346,2085,18.066406,25000000.000
13347,2084,17.578125,25000000.000
13348,2081,16.113281,25000000.000
13349,2078,14.648438,25000000.000
13350,2074,12.695312,25000000.000
13351,2075,13.183594,25000000.000
13352,2065,8.300781,25000000.000
13353,2060,5.859375,25000000.000
13354,2053,2.441406,25000000.000
13355,2053,2.441406,25000000.000
13356,2041,-3.417969,25000000.000
13357,2035,-6.347656,25000000.000
13358,2029,-9.277344,25000000.000
13359,2030,-8.789062,25000000.000
13360,2020,-13.671875,25000000.000
13361,2015,-16.113281,25000000.000
13362,2012,-17.578125,25000000.000
13363,2011,-18.066406,25000000.000
13364,2007,-20.019531,25000000.000
13365,2006,-20.507812,25000000.000
13366,2006,-20.507812,25000000.000
13367,2006,-20.507812,25000000.000
13368,2008,-19.531250,25000000.000
13369,2011,-18.066406,25000000.000
13370,2015,-16.113281,25000000.000
13371,2015,-16.113281,25000000.000
13372,2024,-11.718750,25000000.000
13373,2028,-9.765625,25000000.000
13374,2035,-6.347656,25000000.000
13375,2036,-5.859375,25000000.000
13376,2047,-0.488281,25000000.000
13377,2054,2.929688,25000000.000
13378,2059,5.371094,25000000.000
13379,2061,6.347656,25000000.000
13380,2070,10.742188,25000000.000
13381,2076,13.671875,25000000.000
13382,2080,15.625000,25000000.000
13383,2080,15.625000,25000000.000
13384,2084,17.578125,25000000.000
13385,2085,18.066406,25000000.000
13386,2086,18.554688,25000000.000
13387,2086,18.554688,25000000.000
13388,2083,17.089844,25000000.000
13389,2082,16.601562,25000000.000
13390,2078,14.648438,25000000.000
13391,2077,14.160156,25000000.000
13392,2067,9.277344,25000000.000
13393,2063,7.324219,25000000.000
13394,2058,4.882812,25000000.000
13395,2057,4.394531,25000000.000
13396,2046,-0.976562,25000000.000
13397,2041,-3.417969,25000000.000
13398,2034,-6.835938,25000000.000
13399,2034,-6.835938,25000000.000
13400,2023,-12.207031,25000000.000
13401,2017,-15.136719,25000000.000
13402,2015,-16.113281,25000000.000
13403,2014,-16.601562,25000000.000
13404,2008,-19.531250,25000000.000
13405,2007,-20.019531,25000000.000
13406,2006,-20.507812,25000000.000
13407,2007,-20.019531,25000000.000
13408,2007,-20.019531,25000000.000
13409,2010,-18.554688,25000000.000
13410,2012,-17.578125,25000000.000
13411,2012,-17.578125,25000000.000
13412,2020,-13.671875,25000000.000
13413,2025,-11.230469,25000000.000
13414,2032,-7.812500,25000000.000
13415,2031,-8.300781,25000000.000
13416,2042,-2.929688,25000000.000
13417,2048,0.000000,25000000.000
13418,2054,2.929688,25000000.000
13419,2056,3.906250,25000000.000
13420,2066,8.789062,25000000.000
13421,2072,11.718750,25000000.000
13422,2076,13.671875,25000000.000
13423,2076,13.671875,25000000.000
13424,2083,17.089844,25000000.000
13425,2085,18.066406,25000000.000
13426,2085,18.066406,25000000.000
13427,2085,18.066406,25000000.000
13428,2085,18.066406,25000000.000
13429,2084,17.578125,25000000.000
13430,2081,16.113281,25000000.000
13431,2081,16.113281,25000000.000
13432,2075,13.183594,25000000.000
13433,2069,10.253906,25000000.000
13434,2064,7.812500,25000000.000
13435,2064,7.812500,25000000.000
13436,2052,1.953125,25000000.000
13437,2047,-0.488281,25000000.000
13438,2040,-3.906250,25000000.000
13439,2040,-3.906250,25000000.000
13440,2029,-9.277344,25000000.000
13441,2023,-12.207031,25000000.000
13442,2019,-14.160156,25000000.000
13443,2018,-14.648438,25000000.000
13444,2011,-18.066406,25000000.000
13445,2008,-19.531250,25000000.000
13446,2008,-19.531250,25000000.000
13447,2008,-19.531250,25000000.000
13448,2007,-20.019531,25000000.000
13449,2008,-19.531250,25000000.000
13450,2009,-19.042969,25000000.000
13451,2010,-18.554688,25000000.000
13452,2016,-15.625000,25000000.000
13453,2021,-13.183594,25000000.000
13454,2025,-11.230469,25000000.000
13455,2026,-10.742188,25000000.000
13456,2037,-5.371094,25000000.000
13457,2043,-2.441406,25000000.000
13458,2049,0.488281,25000000.000
13459,2049,0.488281,25000000.000
13460,2061,6.347656,25000000.000
13461,2065,8.300781,25000000.000
13462,2071,11.230469,25000000.000
13463,2071,11.230469,25000000.000
13464,2079,15.136719,25000000.000
13465,2082,16.601562,25000000.000
13466,2084,17.578125,25000000.000
13467,2084,17.578125,25000000.000
13468,2084,17.578125,25000000.000
13469,2085,18.066406,25000000.000
13470,2082,16.601562,25000000.000
13471,2083,17.089844,25000000.000
13472,2076,13.671875,25000000.000
13473,2073,12.207031,25000000.000
13474,2068,9.765625,25000000.000
13475,2067,9.277344,25000000.000
13476,2056,3.906250,25000000.000
13477,2050,0.976562,25000000.000
13478,2045,-1.464844,25000000.000
13479,2044,-1.953125,25000000.000
13480,2033,-7.324219,25000000.000
13481,2027,-10.253906,25000000.000
13482,2023,-12.207031,25000000.000
13483,2021,-13.183594,25000000.000
13484,2014,-16.601562,25000000.000
13485,2010,-18.554688,25000000.000
13486,2008,-19.531250,25000000.000
13487,2007,-20.019531,25000000.000
13488,2006,-20.507812,25000000.000
13489,2006,-20.507812,25000000.000
13490,2007,-20.019531,25000000.000
13491,2006,-20.507812,25000000.000
13492,2012,-17.578125,25000000.000
13493,2016,-15.625000,25000000.000
13494,2020,-13.671875,25000000.000
13495,2021,-13.183594,25000000.000
13496,2031,-8.300781,25000000.000
13497,2036,-5.859375,25000000.000
13498,2043,-2.441406,25000000.000
13499,2044,-1.953125,25000000.000
13500,2054,2.929688,25000000.000
13501,2062,6.835938,25000000.000
13502,2068,9.765625,25000000.000
13503,2067,9.277344,25000000.000
13504,2077,14.160156,25000000.000
13505,2080,15.625000,25000000.000
13506,2082,16.601562,25000000.000
13507,2083,17.089844,25000000.000
13508,2085,18.066406,25000000.000
13509,2085,18.066406,25000000.000
13510,2084,17.578125,25000000.000
13511,2084,17.578125,25000000.000
13512,2080,15.625000,25000000.000
13513,2076,13.671875,25000000.000
13514,2071,11.230469,25000000.000
13515,2072,11.718750,25000000.000
13516,2062,6.835938,25000000.000
13517,2056,3.906250,25000000.000
13518,2049,0.488281,25000000.000
13519,2049,0.488281,25000000.000
13520,2037,-5.371094,25000000.000
13521,2031,-8.300781,25000000.000
13522,2026,-10.742188,25000000.000
13523,2027,-10.253906,25000000.000
13524,2018,-14.648438,25000000.000
13525,2012,-17.578125,25000000.000
13526,2009,-19.042969,25000000.000
13527,2009,-19.042969,25000000.000
13528,2006,-20.507812,25000000.000
13529,2006,-20.507812,25000000.000
13530,2005,-20.996094,25000000.000
13531,2006,-20.507812,25000000.000
13532,2008,-19.531250,25000000.000
13533,2012,-17.578125,25000000.000
13534,2017,-15.136719,25000000.000
13535,2016,-15.625000,25000000.000
13536,2026,-10.742188,25000000.000
13537,2033,-7.324219,25000000.000
13538,2038,-4.882812,25000000.000
13539,2039,-4.394531,25000000.000
13540,2052,1.953125,25000000.000
13541,2057,4.394531,25000000.000
13542,2064,7.812500,25000000.000
13543,2063,7.324219,25000000.000
13544,2072,11.718750,25000000.000
13545,2077,14.160156,25000000.000
13546,2082,16.601562,25000000.000
13547,2081,16.113281,25000000.000
13548,2086,18.554688,25000000.000
13549,2086,18.554688,25000000.000
13550,2086,18.554688,25000000.000
13551,2086,18.554688,25000000.000
13552,2083,17.089844,25000000.000
13553,2080,15.625000,25000000.000
13554,2077,14.160156,25000000.000
13555,2076,13.671875,25000000.000
13556,2066,8.789062,25000000.000
13557,2062,6.835938,25000000.000
13558,2056,3.906250,25000000.000
13559,2055,3.417969,25000000.000
13560,2045,-1.464844,25000000.000
13561,2038,-4.882812,25000000.000
13562,2032,-7.812500,25000000.000
13563,2031,-8.300781,25000000.000
13564,2021,-13.183594,25000000.000
13565,2016,-15.625000,25000000.000
13566,2012,-17.578125,25000000.000
13567,2012,-17.578125,25000000.000
13568,2008,-19.531250,25000000.000
13569,2007,-20.019531,25000000.000
13570,2006,-20.507812,25000000.000
13571,2006,-20.507812,25000000.000
13572,2008,-19.531250,25000000.000
13573,2010,-18.554688,25000000.000
13574,2014,-16.601562,25000000.000
13575,2015,-16.113281,25000000.000
13576,2022,-12.695312,25000000.000
13577,2028,-9.765625,25000000.000
13578,2032,-7.812500,25000000.000
13579,2034,-6.835938,25000000.000
13580,2046,-0.976562,25000000.000
13581,2052,1.953125,25000000.000
13582,2059,5.371094,25000000.000
13583,2058,4.882812,25000000.000
13584,2069,10.253906,25000000.000
13585,2073,12.207031,25000000.000
13586,2078,14.648438,25000000.000
13587,2078,14.648438,25000000.000
13588,2084,17.578125,25000000.000
13589,2086,18.554688,25000000.000
13590,2085,18.066406,25000000.000
13591,2085,18.066406,25000000.000
13592,2084,17.578125,25000000.000
13593,2082,16.601562,25000000.000
13594,2079,15.136719,25000000.000
13595,2079,15.136719,25000000.000
13596,2071,11.230469,25000000.000
13597,2066,8.789062,25000000.000
13598,2061,6.347656,25000000.000
13599,2061,6.347656,25000000.000
13600,2049,0.488281,25000000.000
13601,2042,-2.929688,25000000.000
13602,2037,-5.371094,25000000.000
13603,2036,-5.859375,25000000.000
13604,2026,-10.742188,25000000.000
13605,2020,-13.671875,25000000.000
13606,2016,-15.625000,25000000.000
13607,2017,-15.136719,25000000.000
13608,2010,-18.554688,25000000.000
13609,2007,-20.019531,25000000.000
13610,2007,-20.019531,25000000.000
13611,2006,-20.507812,25000000.000
13612,2007,-20.019531,25000000.000
13613,2009,-19.042969,25000000.000
13614,2011,-18.066406,25000000.000
13615,2011,-18.066406,25000000.000
13616,2018,-14.648438,25000000.000
13617,2023,-12.207031,25000000.000
13618,2029,-9.277344,25000000.000
13619,2029,-9.277344,25000000.000
13620,2040,-3.906250,25000000.000
13621,2047,-0.488281,25000000.000
13622,2052,1.953125,25000000.000
13623,2053,2.441406,25000000.000
13624,2064,7.812500,25000000.000
13625,2069,10.253906,25000000.000
13626,2074,12.695312,25000000.000
13627,2074,12.695312,25000000.000
13628,2082,16.601562,25000000.000
13629,2084,17.578125,25000000.000
13630,2085,18.066406,25000000.000
13631,2085,18.066406,25000000.000
13632,2085,18.066406,25000000.000
13633,2084,17.578125,25000000.000
13634,2082,16.601562,25000000.000
13635,2082,16.601562,25000000.000
13636,2074,12.695312,25000000.000
13637,2071,11.230469,25000000.000
13638,2066,8.789062,25000000.000
13639,2065,8.300781,25000000.000
13640,2054,2.929688,25000000.000
13641,2048,0.000000,25000000.000
13642,2043,-2.441406,25000000.000
13643,2041,-3.417969,25000000.000
13644,2031,-8.300781,25000000.000
13645,2025,-11.230469,25000000.000
13646,2020,-13.671875,25000000.000
13647,2020,-13.671875,25000000.000
13648,2013,-17.089844,25000000.000
13649,2009,-19.042969,25000000.000
13650,2007,-20.019531,25000000.000
13651,2006,-20.507812,25000000.000
13652,2006,-20.507812,25000000.000
13653,2007,-20.019531,25000000.000
13654,2007,-20.019531,25000000.000
13655,2008,-19.531250,25000000.000
13656,2013,-17.089844,25000000.000
13657,2019,-14.160156,25000000.000
13658,2023,-12.207031,25000000.000
13659,2024,-11.718750,25000000.000
13660,2034,-6.835938,25000000.000
13661,2041,-3.417969,25000000.000
13662,2046,-0.976562,25000000.000
13663,2048,0.000000,25000000.000
13664,2059,5.371094,25000000.000
13665,2064,7.812500,25000000.000
13666,2070,10.742188,25000000.000
13667,2069,10.253906,25000000.000
13668,2078,14.648438,25000000.000
13669,2081,16.113281,25000000.000
13670,2083,17.089844,25000000.000
13671,2082,16.601562,25000000.000
13672,2085,18.066406,25000000.000
13673,2084,17.578125,25000000.000
13674,2084,17.578125,25000000.000
13675,2083,17.089844,25000000.000
13676,2077,14.160156,25000000.000
13677,2074,12.695312,25000000.000
13678,2068,9.765625,25000000.000
13679,2069,10.253906,25000000.000
13680,2058,4.882812,25000000.000
13681,2053,2.441406,25000000.000
13682,2046,-0.976562,25000000.000
13683,2046,-0.976562,25000000.000
13684,2035,-6.347656,25000000.000
13685,2028,-9.765625,25000000.000
13686,2024,-11.718750,25000000.000
13687,2024,-11.718750,25000000.000
13688,2011,-18.066406,25000000.000
13689,2020,-13.671875,25000000.000
13690,2008,-19.531250,25000000.000
13691,2009,-19.042969,25000000.000
13692,2007,-20.019531,25000000.000
13693,2006,-20.507812,25000000.000
13694,2006,-20.507812,25000000.000
13695,2008,-19.531250,25000000.000
13696,2011,-18.066406,25000000.000
13697,2016,-15.625000,25000000.000
13698,2021,-13.183594,25000000.000
13699,2020,-13.671875,25000000.000
13700,2029,-9.277344,25000000.000
13701,2035,-6.347656,25000000.000
13702,2041,-3.417969,25000000.000
13703,2042,-2.929688,25000000.000
13704,2053,2.441406,25000000.000
13705,2059,5.371094,25000000.000
13706,2063,7.324219,25000000.000
13707,2064,7.812500,25000000.000
13708,2075,13.183594,25000000.000
13709,2078,14.648438,25000000.000
13710,2081,16.113281,25000000.000
13711,2081,16.113281,25000000.000
13712,2085,18.066406,25000000.000
13713,2084,17.578125,25000000.000
13714,2085,18.066406,25000000.000
13715,2083,17.089844,25000000.000
13716,2080,15.625000,25000000.000
13717,2077,14.160156,25000000.000
13718,2072,11.718750,25000000.000
13719,2072,11.718750,25000000.000
13720,2063,7.324219,25000000.000
13721,2057,4.394531,25000000.000
13722,2051,1.464844,25000000.000
13723,2051,1.464844,25000000.000
13724,2040,-3.906250,25000000.000
13725,2033,-7.324219,25000000.000
13726,2028,-9.765625,25000000.000
13727,2028,-9.765625,25000000.000
13728,2019,-14.160156,25000000.000
13729,2015,-16.113281,25000000.000
13730,2011,-18.066406,25000000.000
13731,2011,-18.066406,25000000.000
13732,2006,-20.507812,25000000.000
13733,2006,-20.507812,25000000.000
13734,2006,-20.507812,25000000.000
13735,2007,-20.019531,25000000.000
13736,2010,-18.554688,25000000.000
13737,2012,-17.578125,25000000.000
13738,2017,-15.136719,25000000.000
13739,2017,-15.136719,25000000.000
13740,2016,-15.625000,25000000.000
13741,2028,-9.765625,25000000.000
13742,2044,-1.953125,25000000.000
13743,2043,-2.441406,25000000.000
13744,2051,1.464844,25000000.000
13745,2053,2.441406,25000000.000
13746,2062,6.835938,25000000.000
13747,2061,6.347656,25000000.000
13748,2070,10.742188,25000000.000
13749,2075,13.183594,25000000.000
13750,2079,15.136719,25000000.000
13751,2079,15.136719,25000000.000
13752,2084,17.578125,25000000.000
13753,2085,18.066406,25000000.000
13754,2085,18.066406,25000000.000
13755,2085,18.066406,25000000.000
13756,2083,17.089844,25000000.000
13757,2080,15.625000,25000000.000
13758,2076,13.671875,25000000.000
13759,2077,14.160156,25000000.000
13760,2068,9.765625,25000000.000
13761,2063,7.324219,25000000.000
13762,2057,4.394531,25000000.000
13763,2057,4.394531,25000000.000
13764,2045,-1.464844,25000000.000
13765,2040,-3.906250,25000000.000
13766,2033,-7.324219,25000000.000
13767,2033,-7.324219,25000000.000
13768,2023,-12.207031,25000000.000
13769,2018,-14.648438,25000000.000
13770,2013,-17.089844,25000000.000
13771,2014,-16.601562,25000000.000
13772,2009,-19.042969,25000000.000
13773,2007,-20.019531,25000000.000
13774,2006,-20.507812,25000000.000
13775,2007,-20.019531,25000000.000
13776,2006,-20.507812,25000000.000
13777,2010,-18.554688,25000000.000
13778,2012,-17.578125,25000000.000
13779,2013,-17.089844,25000000.000
13780,2021,-13.183594,25000000.000
13781,2027,-10.253906,25000000.000
13782,2032,-7.812500,25000000.000
13783,2034,-6.835938,25000000.000
13784,2045,-1.464844,25000000.000
13785,2051,1.464844,25000000.000
13786,2056,3.906250,25000000.000
13787,2057,4.394531,25000000.000
13788,2068,9.765625,25000000.000
13789,2073,12.207031,25000000.000
13790,2077,14.160156,25000000.000
13791,2077,14.160156,25000000.000
13792,2084,17.578125,25000000.000
13793,2084,17.578125,25000000.000
13794,2085,18.066406,25000000.000
13795,2086,18.554688,25000000.000
13796,2084,17.578125,25000000.000
13797,2083,17.089844,25000000.000
13798,2080,15.625000,25000000.000
13799,2079,15.136719,25000000.000
13800,2072,11.718750,25000000.000
13801,2067,9.277344,25000000.000
13802,2062,6.835938,25000000.000
13803,2061,6.347656,25000000.000
13804,2050,0.976562,25000000.000
13805,2045,-1.464844,25000000.000
13806,2038,-4.882812,25000000.000
13807,2038,-4.882812,25000000.000
13808,2027,-10.253906,25000000.000
13809,2021,-13.183594,25000000.000
13810,2018,-14.648438,25000000.000
13811,2018,-14.648438,25000000.000
13812,2011,-18.066406,25000000.000
13813,2008,-19.531250,25000000.000
13814,2008,-19.531250,25000000.000
13815,2007,-20.019531,25000000.000
13816,2008,-19.531250,25000000.000
13817,2008,-19.531250,25000000.000
13818,2011,-18.066406,25000000.000
13819,2011,-18.066406,25000000.000
13820,2018,-14.648438,25000000.000
13821,2022,-12.695312,25000000.000
13822,2028,-9.765625,25000000.000
13823,2028,-9.765625,25000000.000
13824,2039,-4.394531,25000000.000
13825,2044,-1.953125,25000000.000
13826,2050,0.976562,25000000.000
13827,2051,1.464844,25000000.000
13828,2064,7.812500,25000000.000
13829,2068,9.765625,25000000.000
13830,2073,12.207031,25000000.000
13831,2073,12.207031,25000000.000
13832,2081,16.113281,25000000.000
13833,2083,17.089844,25000000.000
13834,2085,18.066406,25000000.000
13835,2084,17.578125,25000000.000
13836,2085,18.066406,25000000.000
13837,2083,17.089844,25000000.000
13838,2082,16.601562,25000000.000
13839,2081,16.113281,25000000.000
13840,2076,13.671875,25000000.000
13841,2072,11.718750,25000000.000
13842,2066,8.789062,25000000.000
13843,2066,8.789062,25000000.000
13844,2056,3.906250,25000000.000
13845,2049,0.488281,25000000.000
13846,2043,-2.441406,25000000.000
13847,2042,-2.929688,25000000.000
13848,2032,-7.812500,25000000.000
13849,2027,-10.253906,25000000.000
13850,2021,-13.183594,25000000.000
13851,2020,-13.671875,25000000.000
13852,2013,-17.089844,25000000.000
13853,2009,-19.042969,25000000.000
13854,2008,-19.531250,25000000.000
13855,2008,-19.531250,25000000.000
13856,2006,-20.507812,25000000.000
13857,2007,-20.019531,25000000.000
13858,2008,-19.531250,25000000.000
13859,2009,-19.042969,25000000.000
13860,2014,-16.601562,25000000.000
13861,2018,-14.648438,25000000.000
13862,2023,-12.207031,25000000.000
13863,2023,-12.207031,25000000.000
13864,2033,-7.324219,25000000.000
13865,2040,-3.906250,25000000.000
13866,2046,-0.976562,25000000.000
13867,2045,-1.464844,25000000.000
13868,2057,4.394531,25000000.000
13869,2062,6.835938,25000000.000
13870,2067,9.277344,25000000.000
13871,2068,9.765625,25000000.000
13872,2076,13.671875,25000000.000
13873,2080,15.625000,25000000.000
13874,2082,16.601562,25000000.000
13875,2083,17.089844,25000000.000
13876,2085,18.066406,25000000.000
13877,2084,17.578125,25000000.000
13878,2083,17.089844,25000000.000
13879,2082,16.601562,25000000.000
13880,2079,15.136719,25000000.000
13881,2074,12.695312,25000000.000
13882,2070,10.742188,25000000.000
13883,2069,10.253906,25000000.000
13884,2060,5.859375,25000000.000
13885,2053,2.441406,25000000.000
13886,2048,0.000000,25000000.000
13887,2048,0.000000,25000000.000
13888,2036,-5.859375,25000000.000
13889,2031,-8.300781,25000000.000
13890,2025,-11.230469,25000000.000
13891,2025,-11.230469,25000000.000
13892,2016,-15.625000,25000000.000
13893,2012,-17.578125,25000000.000
13894,2009,-19.042969,25000000.000
13895,2010,-18.554688,25000000.000
13896,2006,-20.507812,25000000.000
13897,2006,-20.507812,25000000.000
13898,2007,-20.019531,25000000.000
13899,2007,-20.019531,25000000.000
13900,2011,-18.066406,25000000.000
13901,2014,-16.601562,25000000.000
13902,2020,-13.671875,25000000.000
13903,2019,-14.160156,25000000.000
13904,2028,-9.765625,25000000.000
13905,2035,-6.347656,25000000.000
13906,2040,-3.906250,25000000.000
13907,2042,-2.929688,25000000.000
13908,2053,2.441406,25000000.000
13909,2058,4.882812,25000000.000
13910,2063,7.324219,25000000.000
13911,2064,7.812500,25000000.000
13912,2074,12.695312,25000000.000
13913,2077,14.160156,25000000.000
13914,2081,16.113281,25000000.000
13915,2081,16.113281,25000000.000
13916,2084,17.578125,25000000.000
13917,2084,17.578125,25000000.000
13918,2083,17.089844,25000000.000
13919,2084,17.578125,25000000.000
13920,2080,15.625000,25000000.000
13921,2078,14.648438,25000000.000
13922,2075,13.183594,25000000.000
13923,2073,12.207031,25000000.000
13924,2063,7.324219,25000000.000
13925,2058,4.882812,25000000.000
13926,2053,2.441406,25000000.000
13927,2053,2.441406,25000000.000
13928,2041,-3.417969,25000000.000
13929,2035,-6.347656,25000000.000
13930,2029,-9.277344,25000000.000
13931,2029,-9.277344,25000000.000
13932,2019,-14.160156,25000000.000
13933,2015,-16.113281,25000000.000
13934,2012,-17.578125,25000000.000
13935,2013,-17.089844,25000000.000
13936,2008,-19.531250,25000000.000
13937,2007,-20.019531,25000000.000
13938,2006,-20.507812,25000000.000
13939,2006,-20.507812,25000000.000
13940,2011,-18.066406,25000000.000
13941,2012,-17.578125,25000000.000
13942,2017,-15.136719,25000000.000
13943,2017,-15.136719,25000000.000
13944,2025,-11.230469,25000000.000
13945,2031,-8.300781,25000000.000
13946,2037,-5.371094,25000000.000
13947,2038,-4.882812,25000000.000
13948,2048,0.000000,25000000.000
13949,2055,3.417969,25000000.000
13950,2061,6.347656,25000000.000
13951,2061,6.347656,25000000.000
13952,2071,11.230469,25000000.000
13953,2075,13.183594,25000000.000
13954,2079,15.136719,25000000.000
13955,2079,15.136719,25000000.000
13956,2084,17.578125,25000000.000
13957,2085,18.066406,25000000.000
13958,2085,18.066406,25000000.000
13959,2086,18.554688,25000000.000
13960,2083,17.089844,25000000.000
13961,2081,16.113281,25000000.000
13962,2078,14.648438,25000000.000
13963,2077,14.160156,25000000.000
13964,2069,10.253906,25000000.000
13965,2063,7.324219,25000000.000
13966,2059,5.371094,25000000.000
13967,2058,4.882812,25000000.000
13968,2046,-0.976562,25000000.000
13969,2041,-3.417969,25000000.000
13970,2035,-6.347656,25000000.000
13971,2035,-6.347656,25000000.000
13972,2024,-11.718750,25000000.000
13973,2020,-13.671875,25000000.000
13974,2015,-16.113281,25000000.000
13975,2015,-16.113281,25000000.000
13976,2009,-19.042969,25000000.000
13977,2008,-19.531250,25000000.000
13978,2007,-20.019531,25000000.000
13979,2007,-20.019531,25000000.000
13980,2009,-19.042969,25000000.000
13981,2010,-18.554688,25000000.000
13982,2013,-17.089844,25000000.000
13983,2014,-16.601562,25000000.000
13984,2021,-13.183594,25000000.000
13985,2026,-10.742188,25000000.000
13986,2030,-8.789062,25000000.000
13987,2031,-8.300781,25000000.000
13988,2044,-1.953125,25000000.000
13989,2049,0.488281,25000000.000
13990,2056,3.906250,25000000.000
13991,2055,3.417969,25000000.000
13992,2067,9.277344,25000000.000
13993,2072,11.718750,25000000.000
13994,2075,13.183594,25000000.000
13995,2076,13.671875,25000000.000
13996,2081,16.113281,25000000.000
13997,2085,18.066406,25000000.000
13998,2084,17.578125,25000000.000
13999,2085,18.066406,25000000.000
14000,2085,18.066406,25000000.000
14001,2082,16.601562,25000000.000
14002,2079,15.136719,25000000.000
14003,2080,15.625000,25000000.000
14004,2072,11.718750,25000000.000
14005,2068,9.765625,25000000.000
14006,2063,7.324219,25000000.000
14007,2062,6.835938,25000000.000
14008,2051,1.464844,25000000.000
14009,2045,-1.464844,25000000.000
14010,2040,-3.906250,25000000.000
14011,2038,-4.882812,25000000.000
14012,2028,-9.765625,25000000.000
14013,2023,-12.207031,25000000.000
14014,2019,-14.160156,25000000.000
14015,2018,-14.648438,25000000.000
14016,2011,-18.066406,25000000.000
14017,2009,-19.042969,25000000.000
14018,2007,-20.019531,25000000.000
14019,2007,-20.019531,25000000.000
14020,2008,-19.531250,25000000.000
14021,2008,-19.531250,25000000.000
14022,2010,-18.554688,25000000.000
14023,2010,-18.554688,25000000.000
14024,2018,-14.648438,25000000.000
14025,2022,-12.695312,25000000.000
14026,2027,-10.253906,25000000.000
14027,2027,-10.253906,25000000.000
14028,2038,-4.882812,25000000.000
14029,2044,-1.953125,25000000.000
14030,2051,1.464844,25000000.000
14031,2050,0.976562,25000000.000
14032,2062,6.835938,25000000.000
14033,2068,9.765625,25000000.000
14034,2072,11.718750,25000000.000
14035,2072,11.718750,25000000.000
14036,2081,16.113281,25000000.000
14037,2078,14.648438,25000000.000
14038,2081,16.113281,25000000.000
14039,2086,18.554688,25000000.000
14040,2087,19.042969,25000000.000
14041,2083,17.089844,25000000.000
14042,2082,16.601562,25000000.000
14043,2081,16.113281,25000000.000
14044,2076,13.671875,25000000.000
14045,2071,11.230469,25000000.000
14046,2066,8.789062,25000000.000
14047,2066,8.789062,25000000.000
14048,2057,4.394531,25000000.000
14049,2050,0.976562,25000000.000
14050,2044,-1.953125,25000000.000
14051,2043,-2.441406,25000000.000
14052,2032,-7.812500,25000000.000
14053,2026,-10.742188,25000000.000
14054,2021,-13.183594,25000000.000
14055,2020,-13.671875,25000000.000
14056,2014,-16.601562,25000000.000
14057,2009,-19.042969,25000000.000
14058,2007,-20.019531,25000000.000
14059,2007,-20.019531,25000000.000
14060,2006,-20.507812,25000000.000
14061,2006,-20.507812,25000000.000
14062,2007,-20.019531,25000000.000
14063,2007,-20.019531,25000000.000
14064,2013,-17.089844,25000000.000
14065,2017,-15.136719,25000000.000
14066,2021,-13.183594,25000000.000
14067,2022,-12.695312,25000000.000
14068,2032,-7.812500,25000000.000
14069,2039,-4.394531,25000000.000
14070,2044,-1.953125,25000000.000
14071,2044,-1.953125,25000000.000
14072,2057,4.394531,25000000.000
14073,2062,6.835938,25000000.000
14074,2067,9.277344,25000000.000
14075,2068,9.765625,25000000.000
14076,2077,14.160156,25000000.000
14077,2081,16.113281,25000000.000
14078,2083,17.089844,25000000.000
14079,2083,17.089844,25000000.000
14080,2085,18.066406,25000000.000
14081,2085,18.066406,25000000.000
14082,2084,17.578125,25000000.000
14083,2083,17.089844,25000000.000
14084,2079,15.136719,25000000.000
14085,2074,12.695312,25000000.000
14086,2071,11.230469,25000000.000
14087,2071,11.230469,25000000.000
14088,2061,6.347656,25000000.000
14089,2054,2.929688,25000000.000
14090,2048,0.000000,25000000.000
14091,2047,-0.488281,25000000.000
14092,2038,-4.882812,25000000.000
14093,2031,-8.300781,25000000.000
14094,2026,-10.742188,25000000.000
14095,2026,-10.742188,25000000.000
14096,2017,-15.136719,25000000.000
14097,2013,-17.089844,25000000.000
14098,2009,-19.042969,25000000.000
14099,2010,-18.554688,25000000.000
14100,2006,-20.507812,25000000.000
14101,2006,-20.507812,25000000.000
14102,2006,-20.507812,25000000.000
14103,2006,-20.507812,25000000.000
14104,2010,-18.554688,25000000.000
14105,2014,-16.601562,25000000.000
14106,2018,-14.648438,25000000.000
14107,2018,-14.648438,25000000.000
14108,2027,-10.253906,25000000.000
14109,2033,-7.324219,25000000.000
14110,2039,-4.394531,25000000.000
14111,2039,-4.394531,25000000.000
14112,2052,1.953125,25000000.000
14113,2057,4.394531,25000000.000
14114,2062,6.835938,25000000.000
14115,2063,7.324219,25000000.000
14116,2073,12.207031,25000000.000
14117,2076,13.671875,25000000.000
14118,2081,16.113281,25000000.000
14119,2081,16.113281,25000000.000
14120,2085,18.066406,25000000.000
14121,2085,18.066406,25000000.000
14122,2085,18.066406,25000000.000
14123,2085,18.066406,25000000.000
14124,2081,16.113281,25000000.000
14125,2078,14.648438,25000000.000
14126,2074,12.695312,25000000.000
14127,2074,12.695312,25000000.000
14128,2066,8.789062,25000000.000
14129,2060,5.859375,25000000.000
14130,2054,2.929688,25000000.000
14131,2054,2.929688,25000000.000
14132,2041,-3.417969,25000000.000
14133,2037,-5.371094,25000000.000
14134,2032,-7.812500,25000000.000
14135,2031,-8.300781,25000000.000
14136,2020,-13.671875,25000000.000
14137,2016,-15.625000,25000000.000
14138,2012,-17.578125,25000000.000
14139,2012,-17.578125,25000000.000
14140,2008,-19.531250,25000000.000
14141,2007,-20.019531,25000000.000
14142,2006,-20.507812,25000000.000
14143,2006,-20.507812,25000000.000
14144,2009,-19.042969,25000000.000
14145,2011,-18.066406,25000000.000
14146,2015,-16.113281,25000000.000
14147,2016,-15.625000,25000000.000
14148,2023,-12.207031,25000000.000
14149,2030,-8.789062,25000000.000
14150,2036,-5.859375,25000000.000
14151,2036,-5.859375,25000000.000
14152,2048,0.000000,25000000.000
14153,2053,2.441406,25000000.000
14154,2059,5.371094,25000000.000
14155,2061,6.347656,25000000.000
14156,2070,10.742188,25000000.000
14157,2074,12.695312,25000000.000
14158,2078,14.648438,25000000.000
14159,2079,15.136719,25000000.000
14160,2084,17.578125,25000000.000
14161,2084,17.578125,25000000.000
14162,2085,18.066406,25000000.000
14163,2085,18.066406,25000000.000
14164,2083,17.089844,25000000.000
14165,2082,16.601562,25000000.000
14166,2078,14.648438,25000000.000
14167,2077,14.160156,25000000.000
14168,2069,10.253906,25000000.000
14169,2064,7.812500,25000000.000
14170,2059,5.371094,25000000.000
14171,2059,5.371094,25000000.000
14172,2048,0.000000,25000000.000
14173,2041,-3.417969,25000000.000
14174,2036,-5.859375,25000000.000
14175,2035,-6.347656,25000000.000
14176,2024,-11.718750,25000000.000
14177,2020,-13.671875,25000000.000
14178,2015,-16.113281,25000000.000
14179,2014,-16.601562,25000000.000
14180,2008,-19.531250,25000000.000
14181,2006,-20.507812,25000000.000
14182,2006,-20.507812,25000000.000
14183,2005,-20.996094,25000000.000
14184,2007,-20.019531,25000000.000
14185,2009,-19.042969,25000000.000
14186,2011,-18.066406,25000000.000
14187,2013,-17.089844,25000000.000
14188,2020,-13.671875,25000000.000
14189,2024,-11.718750,25000000.000
14190,2030,-8.789062,25000000.000
14191,2030,-8.789062,25000000.000
14192,2042,-2.929688,25000000.000
14193,2048,0.000000,25000000.000
14194,2054,2.929688,25000000.000
14195,2054,2.929688,25000000.000
14196,2065,8.300781,25000000.000
14197,2071,11.230469,25000000.000
14198,2075,13.183594,25000000.000
14199,2076,13.671875,25000000.000
14200,2082,16.601562,25000000.000
14201,2084,17.578125,25000000.000
14202,2087,19.042969,25000000.000
14203,2086,18.554688,25000000.000
14204,2084,17.578125,25000000.000
14205,2083,17.089844,25000000.000
14206,2081,16.113281,25000000.000
14207,2082,16.601562,25000000.000
14208,2073,12.207031,25000000.000
14209,2069,10.253906,25000000.000
14210,2064,7.812500,25000000.000
14211,2064,7.812500,25000000.000
14212,2053,2.441406,25000000.000
14213,2047,-0.488281,25000000.000
14214,2041,-3.417969,25000000.000
14215,2040,-3.906250,25000000.000
14216,2029,-9.277344,25000000.000
14217,2024,-11.718750,25000000.000
14218,2020,-13.671875,25000000.000
14219,2018,-14.648438,25000000.000
14220,2012,-17.578125,25000000.000
14221,2010,-18.554688,25000000.000
14222,2008,-19.531250,25000000.000
14223,2006,-20.507812,25000000.000
14224,2007,-20.019531,25000000.000
14225,2008,-19.531250,25000000.000
14226,2009,-19.042969,25000000.000
14227,2010,-18.554688,25000000.000
14228,2015,-16.113281,25000000.000
14229,2020,-13.671875,25000000.000
14230,2025,-11.230469,25000000.000
14231,2025,-11.230469,25000000.000
14232,2037,-5.371094,25000000.000
14233,2043,-2.441406,25000000.000
14234,2049,0.488281,25000000.000
14235,2049,0.488281,25000000.000
14236,2060,5.859375,25000000.000
14237,2066,8.789062,25000000.000
14238,2070,10.742188,25000000.000
14239,2071,11.230469,25000000.000
14240,2079,15.136719,25000000.000
14241,2082,16.601562,25000000.000
14242,2083,17.089844,25000000.000
14243,2084,17.578125,25000000.000
14244,2084,17.578125,25000000.000
14245,2085,18.066406,25000000.000
14246,2082,16.601562,25000000.000
14247,2082,16.601562,25000000.000
14248,2076,13.671875,25000000.000
14249,2073,12.207031,25000000.000
14250,2068,9.765625,25000000.000
14251,2067,9.277344,25000000.000
14252,2058,4.882812,25000000.000
14253,2051,1.464844,25000000.000
14254,2045,-1.464844,25000000.000
14255,2045,-1.464844,25000000.000
14256,2034,-6.835938,25000000.000
14257,2028,-9.765625,25000000.000
14258,2022,-12.695312,25000000.000
14259,2022,-12.695312,25000000.000
14260,2014,-16.601562,25000000.000
14261,2011,-18.066406,25000000.000
14262,2008,-19.531250,25000000.000
14263,2007,-20.019531,25000000.000
14264,2006,-20.507812,25000000.000
14265,2006,-20.507812,25000000.000
14266,2008,-19.531250,25000000.000
14267,2007,-20.019531,25000000.000
14268,2013,-17.089844,25000000.000
14269,2016,-15.625000,25000000.000
14270,2020,-13.671875,25000000.000
14271,2021,-13.183594,25000000.000
14272,2032,-7.812500,25000000.000
14273,2036,-5.859375,25000000.000
14274,2042,-2.929688,25000000.000
14275,2045,-1.464844,25000000.000
14276,2055,3.417969,25000000.000
14277,2062,6.835938,25000000.000
14278,2066,8.789062,25000000.000
14279,2066,8.789062,25000000.000
14280,2075,13.183594,25000000.000
14281,2078,14.648438,25000000.000
14282,2082,16.601562,25000000.000
14283,2082,16.601562,25000000.000
14284,2084,17.578125,25000000.000
14285,2085,18.066406,25000000.000
14286,2084,17.578125,25000000.000
14287,2083,17.089844,25000000.000
14288,2080,15.625000,25000000.000
14289,2076,13.671875,25000000.000
14290,2071,11.230469,25000000.000
14291,2072,11.718750,25000000.000
14292,2063,7.324219,25000000.000
14293,2057,4.394531,25000000.000
14294,2051,1.464844,25000000.000
14295,2051,1.464844,25000000.000
14296,2038,-4.882812,25000000.000
14297,2033,-7.324219,25000000.000
14298,2027,-10.253906,25000000.000
14299,2027,-10.253906,25000000.000
14300,2018,-14.648438,25000000.000
14301,2013,-17.089844,25000000.000
14302,2011,-18.066406,25000000.000
14303,2010,-18.554688,25000000.000
14304,2006,-20.507812,25000000.000
14305,2007,-20.019531,25000000.000
14306,2006,-20.507812,25000000.000
14307,2007,-20.019531,25000000.000
14308,2010,-18.554688,25000000.000
14309,2013,-17.089844,25000000.000
14310,2016,-15.625000,25000000.000
14311,2016,-15.625000,25000000.000
14312,2026,-10.742188,25000000.000
14313,2032,-7.812500,25000000.000
14314,2038,-4.882812,25000000.000
14315,2038,-4.882812,25000000.000
14316,2050,0.976562,25000000.000
14317,2056,3.906250,25000000.000
14318,2062,6.835938,25000000.000
14319,2062,6.835938,25000000.000
14320,2072,11.718750,25000000.000
14321,2075,13.183594,25000000.000
14322,2080,15.625000,25000000.000
14323,2080,15.625000,25000000.000
14324,2084,17.578125,25000000.000
14325,2085,18.066406,25000000.000
14326,2086,18.554688,25000000.000
14327,2085,18.066406,25000000.000
14328,2083,17.089844,25000000.000
14329,2079,15.136719,25000000.000
14330,2076,13.671875,25000000.000
14331,2076,13.671875,25000000.000
14332,2067,9.277344,25000000.000
14333,2062,6.835938,25000000.000
14334,2056,3.906250,25000000.000
14335,2055,3.417969,25000000.000
14336,2043,-2.441406,25000000.000
14337,2039,-4.394531,25000000.000
14338,2032,-7.812500,25000000.000
14339,2031,-8.300781,25000000.000
14340,2022,-12.695312,25000000.000
14341,2017,-15.136719,25000000.000
14342,2014,-16.601562,25000000.000
14343,2013,-17.089844,25000000.000
14344,2008,-19.531250,25000000.000
14345,2007,-20.019531,25000000.000
14346,2008,-19.531250,25000000.000
14347,2006,-20.507812,25000000.000
14348,2008,-19.531250,25000000.000
14349,2011,-18.066406,25000000.000
14350,2014,-16.601562,25000000.000
14351,2015,-16.113281,25000000.000
14352,2023,-12.207031,25000000.000
14353,2028,-9.765625,25000000.000
14354,2033,-7.324219,25000000.000
14355,2034,-6.835938,25000000.000
14356,2045,-1.464844,25000000.000
14357,2051,1.464844,25000000.000
14358,2056,3.906250,25000000.000
14359,2057,4.394531,25000000.000
14360,2068,9.765625,25000000.000
14361,2073,12.207031,25000000.000
14362,2078,14.648438,25000000.000
14363,2078,14.648438,25000000.000
14364,2083,17.089844,25000000.000
14365,2085,18.066406,25000000.000
14366,2085,18.066406,25000000.000
14367,2084,17.578125,25000000.000
14368,2084,17.578125,25000000.000
14369,2081,16.113281,25000000.000
14370,2079,15.136719,25000000.000
14371,2079,15.136719,25000000.000
14372,2071,11.230469,25000000.000
14373,2066,8.789062,25000000.000
14374,2061,6.347656,25000000.000
14375,2061,6.347656,25000000.000
14376,2049,0.488281,25000000.000
14377,2044,-1.953125,25000000.000
14378,2037,-5.371094,25000000.000
14379,2038,-4.882812,25000000.000
14380,2027,-10.253906,25000000.000
14381,2022,-12.695312,25000000.000
14382,2017,-15.136719,25000000.000
14383,2017,-15.136719,25000000.000
14384,2010,-18.554688,25000000.000
14385,2008,-19.531250,25000000.000
14386,2003,-21.972656,25000000.000
14387,2010,-18.554688,25000000.000
14388,2008,-19.531250,25000000.000
14389,2008,-19.531250,25000000.000
14390,2012,-17.578125,25000000.000
14391,2012,-17.578125,25000000.000
14392,2018,-14.648438,25000000.000
14393,2022,-12.695312,25000000.000
14394,2027,-10.253906,25000000.000
14395,2027,-10.253906,25000000.000
14396,2039,-4.394531,25000000.000
14397,2046,-0.976562,25000000.000
14398,2051,1.464844,25000000.000
14399,2052,1.953125,25000000.000
14400,2063,7.324219,25000000.000
14401,2068,9.765625,25000000.000
14402,2073,12.207031,25000000.000
14403,2073,12.207031,25000000.000
14404,2080,15.625000,25000000.000
14405,2081,16.113281,25000000.000
14406,2085,18.066406,25000000.000
14407,2085,18.066406,25000000.000
14408,2086,18.554688,25000000.000
14409,2084,17.578125,25000000.000
14410,2081,16.113281,25000000.000
14411,2081,16.113281,25000000.000
14412,2075,13.183594,25000000.000
14413,2070,10.742188,25000000.000
14414,2066,8.789062,25000000.000
14415,2065,8.300781,25000000.000
14416,2055,3.417969,25000000.000
14417,2050,0.976562,25000000.000
14418,2043,-2.441406,25000000.000
14419,2042,-2.929688,25000000.000
14420,2032,-7.812500,25000000.000
14421,2027,-10.253906,25000000.000
14422,2022,-12.695312,25000000.000
14423,2020,-13.671875,25000000.000
14424,2013,-17.089844,25000000.000
14425,2010,-18.554688,25000000.000
14426,2008,-19.531250,25000000.000
14427,2008,-19.531250,25000000.000
14428,2007,-20.019531,25000000.000
14429,2008,-19.531250,25000000.000
14430,2007,-20.019531,25000000.000
14431,2010,-18.554688,25000000.000
14432,2015,-16.113281,25000000.000
14433,2019,-14.160156,25000000.000
14434,2022,-12.695312,25000000.000
14435,2025,-11.230469,25000000.000
14436,2031,-8.300781,25000000.000
14437,2042,-2.929688,25000000.000
14438,2046,-0.976562,25000000.000
14439,2044,-1.953125,25000000.000
14440,2058,4.882812,25000000.000
14441,2064,7.812500,25000000.000
14442,2069,10.253906,25000000.000
14443,2070,10.742188,25000000.000
14444,2078,14.648438,25000000.000
14445,2081,16.113281,25000000.000
14446,2082,16.601562,25000000.000
14447,2083,17.089844,25000000.000
14448,2086,18.554688,25000000.000
14449,2084,17.578125,25000000.000
14450,2083,17.089844,25000000.000
14451,2083,17.089844,25000000.000
14452,2079,15.136719,25000000.000
14453,2074,12.695312,25000000.000
14454,2069,10.253906,25000000.000
14455,2069,10.253906,25000000.000
14456,2059,5.371094,25000000.000
14457,2053,2.441406,25000000.000
14458,2047,-0.488281,25000000.000
14459,2047,-0.488281,25000000.000
14460,2035,-6.347656,25000000.000
14461,2030,-8.789062,25000000.000
14462,2024,-11.718750,25000000.000
14463,2024,-11.718750,25000000.000
14464,2015,-16.113281,25000000.000
14465,2012,-17.578125,25000000.000
14466,2009,-19.042969,25000000.000
14467,2009,-19.042969,25000000.000
14468,2006,-20.507812,25000000.000
14469,2007,-20.019531,25000000.000
14470,2007,-20.019531,25000000.000
14471,2008,-19.531250,25000000.000
14472,2011,-18.066406,25000000.000
14473,2015,-16.113281,25000000.000
14474,2019,-14.160156,25000000.000
14475,2020,-13.671875,25000000.000
14476,2029,-9.277344,25000000.000
14477,2034,-6.835938,25000000.000
14478,2041,-3.417969,25000000.000
14479,2042,-2.929688,25000000.000
14480,2053,2.441406,25000000.000
14481,2059,5.371094,25000000.000
14482,2065,8.300781,25000000.000
14483,2065,8.300781,25000000.000
14484,2074,12.695312,25000000.000
14485,2077,14.160156,25000000.000
14486,2080,15.625000,25000000.000
14487,2081,16.113281,25000000.000
14488,2085,18.066406,25000000.000
14489,2085,18.066406,25000000.000
14490,2084,17.578125,25000000.000
14491,2083,17.089844,25000000.000
14492,2080,15.625000,25000000.000
14493,2077,14.160156,25000000.000
14494,2073,12.207031,25000000.000
14495,2073,12.207031,25000000.000
14496,2063,7.324219,25000000.000
14497,2058,4.882812,25000000.000
14498,2053,2.441406,25000000.000
14499,2052,1.953125,25000000.000
14500,2041,-3.417969,25000000.000
14501,2035,-6.347656,25000000.000
14502,2030,-8.789062,25000000.000
14503,2029,-9.277344,25000000.000
14504,2020,-13.671875,25000000.000
14505,2016,-15.625000,25000000.000
14506,2012,-17.578125,25000000.000
14507,2012,-17.578125,25000000.000
14508,2008,-19.531250,25000000.000
14509,2006,-20.507812,25000000.000
14510,2006,-20.507812,25000000.000
14511,2007,-20.019531,25000000.000
14512,2010,-18.554688,25000000.000
14513,2013,-17.089844,25000000.000
14514,2016,-15.625000,25000000.000
14515,2016,-15.625000,25000000.000
14516,2025,-11.230469,25000000.000
14517,2029,-9.277344,25000000.000
14518,2036,-5.859375,25000000.000
14519,2036,-5.859375,25000000.000
14520,2047,-0.488281,25000000.000
14521,2053,2.441406,25000000.000
14522,2059,5.371094,25000000.000
14523,2060,5.859375,25000000.000
14524,2069,10.253906,25000000.000
14525,2074,12.695312,25000000.000
14526,2079,15.136719,25000000.000
14527,2078,14.648438,25000000.000
14528,2083,17.089844,25000000.000
14529,2084,17.578125,25000000.000
14530,2085,18.066406,25000000.000
14531,2086,18.554688,25000000.000
14532,2083,17.089844,25000000.000
14533,2080,15.625000,25000000.000
14534,2077,14.160156,25000000.000
14535,2077,14.160156,25000000.000
14536,2068,9.765625,25000000.000
14537,2064,7.812500,25000000.000
14538,2058,4.882812,25000000.000
14539,2058,4.882812,25000000.000
14540,2047,-0.488281,25000000.000
14541,2041,-3.417969,25000000.000
14542,2035,-6.347656,25000000.000
14543,2034,-6.835938,25000000.000
14544,2025,-11.230469,25000000.000
14545,2020,-13.671875,25000000.000
14546,2016,-15.625000,25000000.000
14547,2015,-16.113281,25000000.000
14548,2010,-18.554688,25000000.000
14549,2008,-19.531250,25000000.000
14550,2007,-20.019531,25000000.000
14551,2007,-20.019531,25000000.000
14552,2008,-19.531250,25000000.000
14553,2011,-18.066406,25000000.000
14554,2013,-17.089844,25000000.000
14555,2013,-17.089844,25000000.000
14556,2020,-13.671875,25000000.000
14557,2026,-10.742188,25000000.000
14558,2031,-8.300781,25000000.000
14559,2032,-7.812500,25000000.000
14560,2044,-1.953125,25000000.000
14561,2049,0.488281,25000000.000
14562,2056,3.906250,25000000.000
14563,2055,3.417969,25000000.000
14564,2066,8.789062,25000000.000
14565,2069,10.253906,25000000.000
14566,2075,13.183594,25000000.000
14567,2075,13.183594,25000000.000
14568,2082,16.601562,25000000.000
14569,2083,17.089844,25000000.000
14570,2085,18.066406,25000000.000
14571,2085,18.066406,25000000.000
14572,2082,16.601562,25000000.000
14573,2081,16.113281,25000000.000
14574,2079,15.136719,25000000.000
14575,2078,14.648438,25000000.000
14576,2072,11.718750,25000000.000
14577,2067,9.277344,25000000.000
14578,2063,7.324219,25000000.000
14579,2061,6.347656,25000000.000
14580,2052,1.953125,25000000.000
14581,2046,-0.976562,25000000.000
14582,2040,-3.906250,25000000.000
14583,2039,-4.394531,25000000.000
14584,2029,-9.277344,25000000.000
14585,2024,-11.718750,25000000.000
14586,2019,-14.160156,25000000.000
14587,2019,-14.160156,25000000.000
14588,2012,-17.578125,25000000.000
14589,2010,-18.554688,25000000.000
14590,2008,-19.531250,25000000.000
14591,2008,-19.531250,25000000.000
14592,2009,-19.042969,25000000.000
14593,2010,-18.554688,25000000.000
14594,2011,-18.066406,25000000.000
14595,2011,-18.066406,25000000.000
14596,2018,-14.648438,25000000.000
14597,2022,-12.695312,25000000.000
14598,2027,-10.253906,25000000.000
14599,2027,-10.253906,25000000.000
14600,2039,-4.394531,25000000.000
14601,2044,-1.953125,25000000.000
14602,2050,0.976562,25000000.000
14603,2051,1.464844,25000000.000
14604,2062,6.835938,25000000.000
14605,2067,9.277344,25000000.000
14606,2072,11.718750,25000000.000
14607,2073,12.207031,25000000.000
14608,2080,15.625000,25000000.000
14609,2083,17.089844,25000000.000
14610,2084,17.578125,25000000.000
14611,2085,18.066406,25000000.000
14612,2086,18.554688,25000000.000
14613,2084,17.578125,25000000.000
14614,2081,16.113281,25000000.000
14615,2082,16.601562,25000000.000
14616,2076,13.671875,25000000.000
14617,2072,11.718750,25000000.000
14618,2067,9.277344,25000000.000
14619,2067,9.277344,25000000.000
14620,2055,3.417969,25000000.000
14621,2049,0.488281,25000000.000
14622,2044,-1.953125,25000000.000
14623,2043,-2.441406,25000000.000
14624,2033,-7.324219,25000000.000
14625,2027,-10.253906,25000000.000
14626,2022,-12.695312,25000000.000
14627,2021,-13.183594,25000000.000
14628,2016,-15.625000,25000000.000
14629,2012,-17.578125,25000000.000
14630,2010,-18.554688,25000000.000
14631,2008,-19.531250,25000000.000
14632,2006,-20.507812,25000000.000
14633,2008,-19.531250,25000000.000
14634,2009,-19.042969,25000000.000
14635,2009,-19.042969,25000000.000
14636,2014,-16.601562,25000000.000
14637,2018,-14.648438,25000000.000
14638,2022,-12.695312,25000000.000
14639,2023,-12.207031,25000000.000
14640,2033,-7.324219,25000000.000
14641,2039,-4.394531,25000000.000
14642,2045,-1.464844,25000000.000
14643,2045,-1.464844,25000000.000
14644,2057,4.394531,25000000.000
14645,2061,6.347656,25000000.000
14646,2067,9.277344,25000000.000
14647,2067,9.277344,25000000.000
14648,2076,13.671875,25000000.000
14649,2079,15.136719,25000000.000
14650,2081,16.113281,25000000.000
14651,2081,16.113281,25000000.000
14652,2084,17.578125,25000000.000
14653,2084,17.578125,25000000.000
14654,2082,16.601562,25000000.000
14655,2082,16.601562,25000000.000
14656,2078,14.648438,25000000.000
14657,2073,12.207031,25000000.000
14658,2070,10.742188,25000000.000
14659,2069,10.253906,25000000.000
14660,2060,5.859375,25000000.000
14661,2054,2.929688,25000000.000
14662,2048,0.000000,25000000.000
14663,2047,-0.488281,25000000.000
14664,2036,-5.859375,25000000.000
14665,2031,-8.300781,25000000.000
14666,2026,-10.742188,25000000.000
14667,2025,-11.230469,25000000.000
14668,2018,-14.648438,25000000.000
14669,2013,-17.089844,25000000.000
14670,2011,-18.066406,25000000.000
14671,2010,-18.554688,25000000.000
14672,2008,-19.531250,25000000.000
14673,2007,-20.019531,25000000.000
14674,2008,-19.531250,25000000.000
14675,2008,-19.531250,25000000.000
14676,2012,-17.578125,25000000.000
14677,2015,-16.113281,25000000.000
14678,2019,-14.160156,25000000.000
14679,2020,-13.671875,25000000.000
14680,2028,-9.765625,25000000.000
14681,2034,-6.835938,25000000.000
14682,2040,-3.906250,25000000.000
14683,2041,-3.417969,25000000.000
14684,2051,1.464844,25000000.000
14685,2058,4.882812,25000000.000
14686,2063,7.324219,25000000.000
14687,2063,7.324219,25000000.000
14688,2073,12.207031,25000000.000
14689,2077,14.160156,25000000.000
14690,2080,15.625000,25000000.000
14691,2081,16.113281,25000000.000
14692,2084,17.578125,25000000.000
14693,2084,17.578125,25000000.000
14694,2084,17.578125,25000000.000
14695,2083,17.089844,25000000.000
14696,2080,15.625000,25000000.000
14697,2078,14.648438,25000000.000
14698,2074,12.695312,25000000.000
14699,2073,12.207031,25000000.000
14700,2064,7.812500,25000000.000
14701,2059,5.371094,25000000.000
14702,2054,2.929688,25000000.000
14703,2054,2.929688,25000000.000
14704,2042,-2.929688,25000000.000
14705,2035,-6.347656,25000000.000
14706,2030,-8.789062,25000000.000
14707,2030,-8.789062,25000000.000
14708,2020,-13.671875,25000000.000
14709,2016,-15.625000,25000000.000
14710,2013,-17.089844,25000000.000
14711,2013,-17.089844,25000000.000
14712,2008,-19.531250,25000000.000
14713,2005,-20.996094,25000000.000
14714,2007,-20.019531,25000000.000
14715,2007,-20.019531,25000000.000
14716,2009,-19.042969,25000000.000
14717,2012,-17.578125,25000000.000
14718,2015,-16.113281,25000000.000
14719,2015,-16.113281,25000000.000
14720,2024,-11.718750,25000000.000
14721,2029,-9.277344,25000000.000
14722,2035,-6.347656,25000000.000
14723,2035,-6.347656,25000000.000
14724,2048,0.000000,25000000.000
14725,2053,2.441406,25000000.000
14726,2059,5.371094,25000000.000
14727,2060,5.859375,25000000.000
14728,2070,10.742188,25000000.000
14729,2075,13.183594,25000000.000
14730,2079,15.136719,25000000.000
14731,2078,14.648438,25000000.000
14732,2083,17.089844,25000000.000
14733,2083,17.089844,25000000.000
14734,2081,16.113281,25000000.000
14735,2085,18.066406,25000000.000
14736,2086,18.554688,25000000.000
14737,2079,15.136719,25000000.000
14738,2077,14.160156,25000000.000
14739,2078,14.648438,25000000.000
14740,2068,9.765625,25000000.000
14741,2063,7.324219,25000000.000
14742,2059,5.371094,25000000.000
14743,2057,4.394531,25000000.000
14744,2046,-0.976562,25000000.000
14745,2042,-2.929688,25000000.000
14746,2035,-6.347656,25000000.000
14747,2035,-6.347656,25000000.000
14748,2025,-11.230469,25000000.000
14749,2020,-13.671875,25000000.000
14750,2015,-16.113281,25000000.000
14751,2015,-16.113281,25000000.000
14752,2009,-19.042969,25000000.000
14753,2008,-19.531250,25000000.000
14754,2007,-20.019531,25000000.000
14755,2008,-19.531250,25000000.000
14756,2009,-19.042969,25000000.000
14757,2011,-18.066406,25000000.000
14758,2013,-17.089844,25000000.000
14759,2013,-17.089844,25000000.000
14760,2020,-13.671875,25000000.000
14761,2025,-11.230469,25000000.000
14762,2032,-7.812500,25000000.000
14763,2031,-8.300781,25000000.000
14764,2042,-2.929688,25000000.000
14765,2048,0.000000,25000000.000
14766,2055,3.417969,25000000.000
14767,2055,3.417969,25000000.000
14768,2065,8.300781,25000000.000
14769,2071,11.230469,25000000.000
14770,2074,12.695312,25000000.000
14771,2076,13.671875,25000000.000
14772,2081,16.113281,25000000.000
14773,2084,17.578125,25000000.000
14774,2085,18.066406,25000000.000
14775,2084,17.578125,25000000.000
14776,2084,17.578125,25000000.000
14777,2082,16.601562,25000000.000
14778,2080,15.625000,25000000.000
14779,2080,15.625000,25000000.000
14780,2073,12.207031,25000000.000
14781,2068,9.765625,25000000.000
14782,2063,7.324219,25000000.000
14783,2063,7.324219,25000000.000
14784,2050,0.976562,25000000.000
14785,2045,-1.464844,25000000.000
14786,2041,-3.417969,25000000.000
14787,2038,-4.882812,25000000.000
14788,2028,-9.765625,25000000.000
14789,2024,-11.718750,25000000.000
14790,2019,-14.160156,25000000.000
14791,2019,-14.160156,25000000.000
14792,2011,-18.066406,25000000.000
14793,2010,-18.554688,25000000.000
14794,2007,-20.019531,25000000.000
14795,2008,-19.531250,25000000.000
14796,2007,-20.019531,25000000.000
14797,2009,-19.042969,25000000.000
14798,2011,-18.066406,25000000.000
14799,2010,-18.554688,25000000.000
14800,2017,-15.136719,25000000.000
14801,2022,-12.695312,25000000.000
14802,2026,-10.742188,25000000.000
14803,2026,-10.742188,25000000.000
14804,2038,-4.882812,25000000.000
14805,2043,-2.441406,25000000.000
14806,2049,0.488281,25000000.000
14807,2049,0.488281,25000000.000
14808,2062,6.835938,25000000.000
14809,2067,9.277344,25000000.000
14810,2072,11.718750,25000000.000
14811,2072,11.718750,25000000.000
14812,2080,15.625000,25000000.000
14813,2082,16.601562,25000000.000
14814,2083,17.089844,25000000.000
14815,2085,18.066406,25000000.000
14816,2084,17.578125,25000000.000
14817,2085,18.066406,25000000.000
14818,2082,16.601562,25000000.000
14819,2082,16.601562,25000000.000
14820,2077,14.160156,25000000.000
14821,2072,11.718750,25000000.000
14822,2067,9.277344,25000000.000
14823,2066,8.789062,25000000.000
14824,2056,3.906250,25000000.000
14825,2050,0.976562,25000000.000
14826,2045,-1.464844,25000000.000
14827,2043,-2.441406,25000000.000
14828,2034,-6.835938,25000000.000
14829,2028,-9.765625,25000000.000
14830,2023,-12.207031,25000000.000
14831,2022,-12.695312,25000000.000
14832,2014,-16.601562,25000000.000
14833,2011,-18.066406,25000000.000
14834,2008,-19.531250,25000000.000
14835,2008,-19.531250,25000000.000
14836,2007,-20.019531,25000000.000
14837,2007,-20.019531,25000000.000
14838,2008,-19.531250,25000000.000
14839,2008,-19.531250,25000000.000
14840,2013,-17.089844,25000000.000
14841,2018,-14.648438,25000000.000
14842,2022,-12.695312,25000000.000
14843,2021,-13.183594,25000000.000
14844,2032,-7.812500,25000000.000
14845,2037,-5.371094,25000000.000
14846,2043,-2.441406,25000000.000
14847,2045,-1.464844,25000000.000
14848,2056,3.906250,25000000.000
14849,2061,6.347656,25000000.000
14850,2066,8.789062,25000000.000
14851,2067,9.277344,25000000.000
14852,2077,14.160156,25000000.000
14853,2079,15.136719,25000000.000
14854,2082,16.601562,25000000.000
14855,2083,17.089844,25000000.000
14856,2085,18.066406,25000000.000
14857,2085,18.066406,25000000.000
14858,2084,17.578125,25000000.000
14859,2083,17.089844,25000000.000
14860,2079,15.136719,25000000.000
14861,2076,13.671875,25000000.000
14862,2073,12.207031,25000000.000
14863,2071,11.230469,25000000.000
14864,2063,7.324219,25000000.000
14865,2055,3.417969,25000000.000
14866,2050,0.976562,25000000.000
14867,2050,0.976562,25000000.000
14868,2037,-5.371094,25000000.000
14869,2033,-7.324219,25000000.000
14870,2027,-10.253906,25000000.000
14871,2025,-11.230469,25000000.000
14872,2016,-15.625000,25000000.000
14873,2014,-16.601562,25000000.000
14874,2009,-19.042969,25000000.000
14875,2010,-18.554688,25000000.000
14876,2006,-20.507812,25000000.000
14877,2005,-20.996094,25000000.000
14878,2007,-20.019531,25000000.000
14879,2007,-20.019531,25000000.000
14880,2009,-19.042969,25000000.000
14881,2013,-17.089844,25000000.000
14882,2017,-15.136719,25000000.000
14883,2017,-15.136719,25000000.000
14884,2027,-10.253906,25000000.000
14885,2032,-7.812500,25000000.000
14886,2038,-4.882812,25000000.000
14887,2038,-4.882812,25000000.000
14888,2051,1.464844,25000000.000
14889,2056,3.906250,25000000.000
14890,2063,7.324219,25000000.000
14891,2063,7.324219,25000000.000
14892,2073,12.207031,25000000.000
14893,2077,14.160156,25000000.000
14894,2080,15.625000,25000000.000
14895,2080,15.625000,25000000.000
14896,2084,17.578125,25000000.000
14897,2086,18.554688,25000000.000
14898,2084,17.578125,25000000.000
14899,2084,17.578125,25000000.000
14900,2081,16.113281,25000000.000
14901,2078,14.648438,25000000.000
14902,2075,13.183594,25000000.000
14903,2075,13.183594,25000000.000
14904,2066,8.789062,25000000.000
14905,2061,6.347656,25000000.000
14906,2054,2.929688,25000000.000
14907,2055,3.417969,25000000.000
14908,2043,-2.441406,25000000.000
14909,2037,-5.371094,25000000.000
14910,2032,-7.812500,25000000.000
14911,2030,-8.789062,25000000.000
14912,2021,-13.183594,25000000.000
14913,2018,-14.648438,25000000.000
14914,2013,-17.089844,25000000.000
14915,2013,-17.089844,25000000.000
14916,2008,-19.531250,25000000.000
14917,2008,-19.531250,25000000.000
14918,2007,-20.019531,25000000.000
14919,2006,-20.507812,25000000.000
14920,2008,-19.531250,25000000.000
14921,2011,-18.066406,25000000.000
14922,2015,-16.113281,25000000.000
14923,2015,-16.113281,25000000.000
14924,2022,-12.695312,25000000.000
14925,2027,-10.253906,25000000.000
14926,2033,-7.324219,25000000.000
14927,2034,-6.835938,25000000.000
14928,2046,-0.976562,25000000.000
14929,2052,1.953125,25000000.000
14930,2057,4.394531,25000000.000
14931,2058,4.882812,25000000.000
14932,2069,10.253906,25000000.000
14933,2074,12.695312,25000000.000
14934,2077,14.160156,25000000.000
14935,2078,14.648438,25000000.000
14936,2083,17.089844,25000000.000
14937,2084,17.578125,25000000.000
14938,2084,17.578125,25000000.000
14939,2085,18.066406,25000000.000
14940,2083,17.089844,25000000.000
14941,2082,16.601562,25000000.000
14942,2079,15.136719,25000000.000
14943,2078,14.648438,25000000.000
14944,2070,10.742188,25000000.000
14945,2066,8.789062,25000000.000
14946,2061,6.347656,25000000.000
14947,2060,5.859375,25000000.000
14948,2050,0.976562,25000000.000
14949,2043,-2.441406,25000000.000
14950,2037,-5.371094,25000000.000
14951,2037,-5.371094,25000000.000
14952,2026,-10.742188,25000000.000
14953,2019,-14.160156,25000000.000
14954,2020,-13.671875,25000000.000
14955,2022,-12.695312,25000000.000
14956,2011,-18.066406,25000000.000
14957,2008,-19.531250,25000000.000
14958,2008,-19.531250,25000000.000
14959,2008,-19.531250,25000000.000
14960,2006,-20.507812,25000000.000
14961,2009,-19.042969,25000000.000
14962,2010,-18.554688,25000000.000
14963,2011,-18.066406,25000000.000
14964,2019,-14.160156,25000000.000
14965,2023,-12.207031,25000000.000
14966,2030,-8.789062,25000000.000
14967,2030,-8.789062,25000000.000
14968,2041,-3.417969,25000000.000
14969,2047,-0.488281,25000000.000
14970,2054,2.929688,25000000.000
14971,2054,2.929688,25000000.000
14972,2066,8.789062,25000000.000
14973,2070,10.742188,25000000.000
14974,2075,13.183594,25000000.000
14975,2075,13.183594,25000000.000
14976,2081,16.113281,25000000.000
14977,2083,17.089844,25000000.000
14978,2084,17.578125,25000000.000
14979,2084,17.578125,25000000.000
14980,2085,18.066406,25000000.000
14981,2083,17.089844,25000000.000
14982,2081,16.113281,25000000.000
14983,2080,15.625000,25000000.000
14984,2074,12.695312,25000000.000
14985,2070,10.742188,25000000.000
14986,2065,8.300781,25000000.000
14987,2063,7.324219,25000000.000
14988,2054,2.929688,25000000.000
14989,2047,-0.488281,25000000.000
14990,2041,-3.417969,25000000.000
14991,2040,-3.906250,25000000.000
14992,2031,-8.300781,25000000.000
14993,2025,-11.230469,25000000.000
14994,2020,-13.671875,25000000.000
14995,2020,-13.671875,25000000.000
14996,2012,-17.578125,25000000.000
14997,2010,-18.554688,25000000.000
14998,2008,-19.531250,25000000.000
14999,2008,-19.531250,25000000.000
15000,2008,-19.531250,25000000.000
15001,2008,-19.531250,25000000.000
15002,2009,-19.042969,25000000.000
15003,2010,-18.554688,25000000.000
15004,2016,-15.625000,25000000.000
15005,2020,-13.671875,25000000.000
15006,2025,-11.230469,25000000.000
15007,2025,-11.230469,25000000.000
15008,2036,-5.859375,25000000.000
15009,2041,-3.417969,25000000.000
15010,2047,-0.488281,25000000.000
15011,2048,0.000000,25000000.000
15012,2059,5.371094,25000000.000
15013,2064,7.812500,25000000.000
15014,2069,10.253906,25000000.000
15015,2070,10.742188,25000000.000
15016,2077,14.160156,25000000.000
15017,2082,16.601562,25000000.000
15018,2083,17.089844,25000000.000
15019,2083,17.089844,25000000.000
15020,2084,17.578125,25000000.000
15021,2084,17.578125,25000000.000
15022,2083,17.089844,25000000.000
15023,2082,16.601562,25000000.000
15024,2077,14.160156,25000000.000
15025,2073,12.207031,25000000.000
15026,2068,9.765625,25000000.000
15027,2068,9.765625,25000000.000
15028,2057,4.394531,25000000.000
15029,2052,1.953125,25000000.000
15030,2046,-0.976562,25000000.000
15031,2044,-1.953125,25000000.000
15032,2035,-6.347656,25000000.000
15033,2028,-9.765625,25000000.000
15034,2023,-12.207031,25000000.000
15035,2023,-12.207031,25000000.000
15036,2015,-16.113281,25000000.000
15037,2011,-18.066406,25000000.000
15038,2008,-19.531250,25000000.000
15039,2009,-19.042969,25000000.000
15040,2005,-20.996094,25000000.000
15041,2005,-20.996094,25000000.000
15042,2006,-20.507812,25000000.000
15043,2007,-20.019531,25000000.000
15044,2011,-18.066406,25000000.000
15045,2015,-16.113281,25000000.000
15046,2019,-14.160156,25000000.000
15047,2021,-13.183594,25000000.000
15048,2031,-8.300781,25000000.000
15049,2037,-5.371094,25000000.000
15050,2043,-2.441406,25000000.000
15051,2044,-1.953125,25000000.000
15052,2055,3.417969,25000000.000
15053,2061,6.347656,25000000.000
15054,2066,8.789062,25000000.000
15055,2066,8.789062,25000000.000
15056,2074,12.695312,25000000.000
15057,2080,15.625000,25000000.000
15058,2082,16.601562,25000000.000
15059,2082,16.601562,25000000.000
15060,2085,18.066406,25000000.000
15061,2084,17.578125,25000000.000
15062,2084,17.578125,25000000.000
15063,2084,17.578125,25000000.000
15064,2079,15.136719,25000000.000
15065,2076,13.671875,25000000.000
15066,2072,11.718750,25000000.000
15067,2072,11.718750,25000000.000
15068,2062,6.835938,25000000.000
15069,2057,4.394531,25000000.000
15070,2052,1.953125,25000000.000
15071,2050,0.976562,25000000.000
15072,2040,-3.906250,25000000.000
15073,2034,-6.835938,25000000.000
15074,2027,-10.253906,25000000.000
15075,2027,-10.253906,25000000.000
15076,2018,-14.648438,25000000.000
15077,2015,-16.113281,25000000.000
15078,2011,-18.066406,25000000.000
15079,2011,-18.066406,25000000.000
15080,2008,-19.531250,25000000.000
15081,2007,-20.019531,25000000.000
15082,2008,-19.531250,25000000.000
15083,2004,-21.484375,25000000.000
15084,2008,-19.531250,25000000.000
15085,2011,-18.066406,25000000.000
15086,2016,-15.625000,25000000.000
15087,2015,-16.113281,25000000.000
15088,2026,-10.742188,25000000.000
15089,2032,-7.812500,25000000.000
15090,2038,-4.882812,25000000.000
15091,2037,-5.371094,25000000.000
15092,2049,0.488281,25000000.000
15093,2055,3.417969,25000000.000
15094,2061,6.347656,25000000.000
15095,2062,6.835938,25000000.000
15096,2071,11.230469,25000000.000
15097,2075,13.183594,25000000.000
15098,2080,15.625000,25000000.000
15099,2079,15.136719,25000000.000
15100,2084,17.578125,25000000.000
15101,2084,17.578125,25000000.000
15102,2085,18.066406,25000000.000
15103,2085,18.066406,25000000.000
15104,2083,17.089844,25000000.000
15105,2079,15.136719,25000000.000
15106,2077,14.160156,25000000.000
15107,2076,13.671875,25000000.000
15108,2068,9.765625,25000000.000
15109,2062,6.835938,25000000.000
15110,2057,4.394531,25000000.000
15111,2056,3.906250,25000000.000
15112,2044,-1.953125,25000000.000
15113,2039,-4.394531,25000000.000
15114,2033,-7.324219,25000000.000
15115,2033,-7.324219,25000000.000
15116,2022,-12.695312,25000000.000
15117,2018,-14.648438,25000000.000
15118,2015,-16.113281,25000000.000
15119,2014,-16.601562,25000000.000
15120,2008,-19.531250,25000000.000
15121,2007,-20.019531,25000000.000
15122,2005,-20.996094,25000000.000
15123,2006,-20.507812,25000000.000
15124,2009,-19.042969,25000000.000
15125,2010,-18.554688,25000000.000
15126,2013,-17.089844,25000000.000
15127,2013,-17.089844,25000000.000
15128,2023,-12.207031,25000000.000
15129,2027,-10.253906,25000000.000
15130,2033,-7.324219,25000000.000
15131,2034,-6.835938,25000000.000
15132,2045,-1.464844,25000000.000
15133,2050,0.976562,25000000.000
15134,2059,5.371094,25000000.000
15135,2058,4.882812,25000000.000
15136,2067,9.277344,25000000.000
15137,2072,11.718750,25000000.000
15138,2078,14.648438,25000000.000
15139,2078,14.648438,25000000.000
15140,2083,17.089844,25000000.000
15141,2085,18.066406,25000000.000
15142,2086,18.554688,25000000.000
15143,2085,18.066406,25000000.000
15144,2084,17.578125,25000000.000
15145,2082,16.601562,25000000.000
15146,2079,15.136719,25000000.000
15147,2079,15.136719,25000000.000
15148,2071,11.230469,25000000.000
15149,2067,9.277344,25000000.000
15150,2063,7.324219,25000000.000
15151,2061,6.347656,25000000.000
15152,2050,0.976562,25000000.000
15153,2045,-1.464844,25000000.000
15154,2037,-5.371094,25000000.000
15155,2038,-4.882812,25000000.000
15156,2027,-10.253906,25000000.000
15157,2022,-12.695312,25000000.000
15158,2017,-15.136719,25000000.000
15159,2017,-15.136719,25000000.000
15160,2010,-18.554688,25000000.000
15161,2007,-20.019531,25000000.000
15162,2007,-20.019531,25000000.000
15163,2007,-20.019531,25000000.000
15164,2006,-20.507812,25000000.000
15165,2009,-19.042969,25000000.000
15166,2010,-18.554688,25000000.000
15167,2011,-18.066406,25000000.000
15168,2018,-14.648438,25000000.000
15169,2023,-12.207031,25000000.000
15170,2027,-10.253906,25000000.000
15171,2028,-9.765625,25000000.000
15172,2040,-3.906250,25000000.000
15173,2045,-1.464844,25000000.000
15174,2051,1.464844,25000000.000
15175,2052,1.953125,25000000.000
15176,2063,7.324219,25000000.000
15177,2068,9.765625,25000000.000
15178,2073,12.207031,25000000.000
15179,2074,12.695312,25000000.000
15180,2080,15.625000,25000000.000
15181,2081,16.113281,25000000.000
15182,2084,17.578125,25000000.000
15183,2085,18.066406,25000000.000
15184,2084,17.578125,25000000.000
15185,2083,17.089844,25000000.000
15186,2081,16.113281,25000000.000
15187,2080,15.625000,25000000.000
15188,2075,13.183594,25000000.000
15189,2071,11.230469,25000000.000
15190,2067,9.277344,25000000.000
15191,2066,8.789062,25000000.000
15192,2056,3.906250,25000000.000
15193,2049,0.488281,25000000.000
15194,2043,-2.441406,25000000.000
15195,2043,-2.441406,25000000.000
15196,2032,-7.812500,25000000.000
15197,2027,-10.253906,25000000.000
15198,2021,-13.183594,25000000.000
15199,2021,-13.183594,25000000.000
15200,2014,-16.601562,25000000.000
15201,2010,-18.554688,25000000.000
15202,2009,-19.042969,25000000.000
15203,2009,-19.042969,25000000.000
15204,2006,-20.507812,25000000.000
15205,2008,-19.531250,25000000.000
15206,2010,-18.554688,25000000.000
15207,2009,-19.042969,25000000.000
15208,2015,-16.113281,25000000.000
15209,2018,-14.648438,25000000.000
15210,2022,-12.695312,25000000.000
15211,2023,-12.207031,25000000.000
15212,2034,-6.835938,25000000.000
15213,2039,-4.394531,25000000.000
15214,2046,-0.976562,25000000.000
15215,2047,-0.488281,25000000.000
15216,2058,4.882812,25000000.000
15217,2063,7.324219,25000000.000
15218,2068,9.765625,25000000.000
15219,2069,10.253906,25000000.000
15220,2077,14.160156,25000000.000
15221,2081,16.113281,25000000.000
15222,2082,16.601562,25000000.000
15223,2082,16.601562,25000000.000
15224,2084,17.578125,25000000.000
15225,2084,17.578125,25000000.000
15226,2083,17.089844,25000000.000
15227,2083,17.089844,25000000.000
15228,2078,14.648438,25000000.000
15229,2074,12.695312,25000000.000
15230,2069,10.253906,25000000.000
15231,2069,10.253906,25000000.000
15232,2060,5.859375,25000000.000
15233,2054,2.929688,25000000.000
15234,2047,-0.488281,25000000.000
15235,2047,-0.488281,25000000.000
15236,2036,-5.859375,25000000.000
15237,2030,-8.789062,25000000.000
15238,2024,-11.718750,25000000.000
15239,2025,-11.230469,25000000.000
15240,2016,-15.625000,25000000.000
15241,2012,-17.578125,25000000.000
15242,2010,-18.554688,25000000.000
15243,2009,-19.042969,25000000.000
15244,2006,-20.507812,25000000.000
15245,2005,-20.996094,25000000.000
15246,2006,-20.507812,25000000.000
15247,2007,-20.019531,25000000.000
15248,2011,-18.066406,25000000.000
15249,2015,-16.113281,25000000.000
15250,2019,-14.160156,25000000.000
15251,2019,-14.160156,25000000.000
15252,2029,-9.277344,25000000.000
15253,2035,-6.347656,25000000.000
15254,2041,-3.417969,25000000.000
15255,2041,-3.417969,25000000.000
15256,2053,2.441406,25000000.000
15257,2057,4.394531,25000000.000
15258,2064,7.812500,25000000.000
15259,2064,7.812500,25000000.000
15260,2074,12.695312,25000000.000
15261,2077,14.160156,25000000.000
15262,2080,15.625000,25000000.000
15263,2081,16.113281,25000000.000
15264,2083,17.089844,25000000.000
15265,2084,17.578125,25000000.000
15266,2084,17.578125,25000000.000
15267,2083,17.089844,25000000.000
15268,2080,15.625000,25000000.000
15269,2076,13.671875,25000000.000
15270,2073,12.207031,25000000.000
15271,2072,11.718750,25000000.000
15272,2064,7.812500,25000000.000
15273,2058,4.882812,25000000.000
15274,2054,2.929688,25000000.000
15275,2051,1.464844,25000000.000
15276,2041,-3.417969,25000000.000
15277,2036,-5.859375,25000000.000
15278,2028,-9.765625,25000000.000
15279,2029,-9.277344,25000000.000
15280,2019,-14.160156,25000000.000
15281,2015,-16.113281,25000000.000
15282,2011,-18.066406,25000000.000
15283,2012,-17.578125,25000000.000
15284,2007,-20.019531,25000000.000
15285,2006,-20.507812,25000000.000
15286,2006,-20.507812,25000000.000
15287,2005,-20.996094,25000000.000
15288,2008,-19.531250,25000000.000
15289,2012,-17.578125,25000000.000
15290,2016,-15.625000,25000000.000
15291,2015,-16.113281,25000000.000
15292,2025,-11.230469,25000000.000
15293,2030,-8.789062,25000000.000
15294,2036,-5.859375,25000000.000
15295,2036,-5.859375,25000000.000
15296,2048,0.000000,25000000.000
15297,2055,3.417969,25000000.000
15298,2059,5.371094,25000000.000
15299,2060,5.859375,25000000.000
15300,2071,11.230469,25000000.000
15301,2075,13.183594,25000000.000
15302,2079,15.136719,25000000.000
15303,2079,15.136719,25000000.000
15304,2084,17.578125,25000000.000
15305,2084,17.578125,25000000.000
15306,2086,18.554688,25000000.000
15307,2085,18.066406,25000000.000
15308,2083,17.089844,25000000.000
15309,2080,15.625000,25000000.000
15310,2077,14.160156,25000000.000
15311,2076,13.671875,25000000.000
15312,2068,9.765625,25000000.000
15313,2064,7.812500,25000000.000
15314,2058,4.882812,25000000.000
15315,2058,4.882812,25000000.000
15316,2048,0.000000,25000000.000
15317,2040,-3.906250,25000000.000
15318,2034,-6.835938,25000000.000
15319,2034,-6.835938,25000000.000
15320,2024,-11.718750,25000000.000
15321,2019,-14.160156,25000000.000
15322,2016,-15.625000,25000000.000
15323,2014,-16.601562,25000000.000
15324,2009,-19.042969,25000000.000
15325,2007,-20.019531,25000000.000
15326,2007,-20.019531,25000000.000
15327,2007,-20.019531,25000000.000
15328,2008,-19.531250,25000000.000
15329,2011,-18.066406,25000000.000
15330,2014,-16.601562,25000000.000
15331,2014,-16.601562,25000000.000
15332,2021,-13.183594,25000000.000
15333,2026,-10.742188,25000000.000
15334,2031,-8.300781,25000000.000
15335,2032,-7.812500,25000000.000
15336,2044,-1.953125,25000000.000
15337,2048,0.000000,25000000.000
15338,2055,3.417969,25000000.000
15339,2056,3.906250,25000000.000
15340,2066,8.789062,25000000.000
15341,2071,11.230469,25000000.000
15342,2076,13.671875,25000000.000
15343,2075,13.183594,25000000.000
15344,2083,17.089844,25000000.000
15345,2084,17.578125,25000000.000
15346,2085,18.066406,25000000.000
15347,2085,18.066406,25000000.000
15348,2084,17.578125,25000000.000
15349,2083,17.089844,25000000.000
15350,2080,15.625000,25000000.000
15351,2080,15.625000,25000000.000
15352,2072,11.718750,25000000.000
15353,2067,9.277344,25000000.000
15354,2062,6.835938,25000000.000
15355,2061,6.347656,25000000.000
15356,2051,1.464844,25000000.000
15357,2044,-1.953125,25000000.000
15358,2039,-4.394531,25000000.000
15359,2038,-4.882812,25000000.000
15360,2028,-9.765625,25000000.000
15361,2023,-12.207031,25000000.000
15362,2018,-14.648438,25000000.000
15363,2018,-14.648438,25000000.000
15364,2011,-18.066406,25000000.000
15365,2009,-19.042969,25000000.000
15366,2007,-20.019531,25000000.000
15367,2007,-20.019531,25000000.000
15368,2008,-19.531250,25000000.000
15369,2008,-19.531250,25000000.000
15370,2011,-18.066406,25000000.000
15371,2012,-17.578125,25000000.000
15372,2017,-15.136719,25000000.000
15373,2023,-12.207031,25000000.000
15374,2027,-10.253906,25000000.000
15375,2028,-9.765625,25000000.000
15376,2039,-4.394531,25000000.000
15377,2044,-1.953125,25000000.000
15378,2051,1.464844,25000000.000
15379,2052,1.953125,25000000.000
15380,2062,6.835938,25000000.000
15381,2068,9.765625,25000000.000
15382,2073,12.207031,25000000.000
15383,2072,11.718750,25000000.000
15384,2079,15.136719,25000000.000
15385,2083,17.089844,25000000.000
15386,2084,17.578125,25000000.000
15387,2084,17.578125,25000000.000
15388,2083,17.089844,25000000.000
15389,2085,18.066406,25000000.000
15390,2082,16.601562,25000000.000
15391,2082,16.601562,25000000.000
15392,2077,14.160156,25000000.000
15393,2072,11.718750,25000000.000
15394,2066,8.789062,25000000.000
15395,2068,9.765625,25000000.000
15396,2057,4.394531,25000000.000
15397,2051,1.464844,25000000.000
15398,2045,-1.464844,25000000.000
15399,2044,-1.953125,25000000.000
15400,2034,-6.835938,25000000.000
15401,2028,-9.765625,25000000.000
15402,2023,-12.207031,25000000.000
15403,2022,-12.695312,25000000.000
15404,2014,-16.601562,25000000.000
15405,2011,-18.066406,25000000.000
15406,2009,-19.042969,25000000.000
15407,2008,-19.531250,25000000.000
15408,2008,-19.531250,25000000.000
15409,2007,-20.019531,25000000.000
15410,2008,-19.531250,25000000.000
15411,2009,-19.042969,25000000.000
15412,2014,-16.601562,25000000.000
15413,2018,-14.648438,25000000.000
15414,2022,-12.695312,25000000.000
15415,2023,-12.207031,25000000.000
15416,2032,-7.812500,25000000.000
15417,2039,-4.394531,25000000.000
15418,2044,-1.953125,25000000.000
15419,2046,-0.976562,25000000.000
15420,2056,3.906250,25000000.000
15421,2062,6.835938,25000000.000
15422,2068,9.765625,25000000.000
15423,2068,9.765625,25000000.000
15424,2076,13.671875,25000000.000
15425,2079,15.136719,25000000.000
15426,2082,16.601562,25000000.000
15427,2081,16.113281,25000000.000
15428,2084,17.578125,25000000.000
15429,2084,17.578125,25000000.000
15430,2082,16.601562,25000000.000
15431,2081,16.113281,25000000.000
15432,2076,13.671875,25000000.000
15433,2074,12.695312,25000000.000
15434,2070,10.742188,25000000.000
15435,2070,10.742188,25000000.000
15436,2061,6.347656,25000000.000
15437,2056,3.906250,25000000.000
15438,2049,0.488281,25000000.000
15439,2049,0.488281,25000000.000
15440,2037,-5.371094,25000000.000
15441,2032,-7.812500,25000000.000
15442,2026,-10.742188,25000000.000
15443,2025,-11.230469,25000000.000
15444,2017,-15.136719,25000000.000
15445,2014,-16.601562,25000000.000
15446,2009,-19.042969,25000000.000
15447,2010,-18.554688,25000000.000
15448,2006,-20.507812,25000000.000
15449,2007,-20.019531,25000000.000
15450,2007,-20.019531,25000000.000
15451,2007,-20.019531,25000000.000
15452,2011,-18.066406,25000000.000
15453,2014,-16.601562,25000000.000
15454,2017,-15.136719,25000000.000
15455,2018,-14.648438,25000000.000
15456,2026,-10.742188,25000000.000
15457,2033,-7.324219,25000000.000
15458,2040,-3.906250,25000000.000
15459,2039,-4.394531,25000000.000
15460,2051,1.464844,25000000.000
15461,2058,4.882812,25000000.000
15462,2063,7.324219,25000000.000
15463,2063,7.324219,25000000.000
15464,2073,12.207031,25000000.000
15465,2076,13.671875,25000000.000
15466,2080,15.625000,25000000.000
15467,2081,16.113281,25000000.000
15468,2084,17.578125,25000000.000
15469,2085,18.066406,25000000.000
15470,2085,18.066406,25000000.000
15471,2085,18.066406,25000000.000
15472,2081,16.113281,25000000.000
15473,2078,14.648438,25000000.000
15474,2074,12.695312,25000000.000
15475,2074,12.695312,25000000.000
15476,2065,8.300781,25000000.000
15477,2060,5.859375,25000000.000
15478,2054,2.929688,25000000.000
15479,2053,2.441406,25000000.000
15480,2042,-2.929688,25000000.000
15481,2037,-5.371094,25000000.000
15482,2030,-8.789062,25000000.000
15483,2030,-8.789062,25000000.000
15484,2020,-13.671875,25000000.000
15485,2016,-15.625000,25000000.000
15486,2014,-16.601562,25000000.000
15487,2012,-17.578125,25000000.000
15488,2007,-20.019531,25000000.000
15489,2006,-20.507812,25000000.000
15490,2007,-20.019531,25000000.000
15491,2006,-20.507812,25000000.000
15492,2008,-19.531250,25000000.000
15493,2011,-18.066406,25000000.000
15494,2015,-16.113281,25000000.000
15495,2015,-16.113281,25000000.000
15496,2023,-12.207031,25000000.000
15497,2028,-9.765625,25000000.000
15498,2034,-6.835938,25000000.000
15499,2034,-6.835938,25000000.000
15500,2046,-0.976562,25000000.000
15501,2051,1.464844,25000000.000
15502,2058,4.882812,25000000.000
15503,2058,4.882812,25000000.000
15504,2069,10.253906,25000000.000
15505,2073,12.207031,25000000.000
15506,2077,14.160156,25000000.000
15507,2078,14.648438,25000000.000
15508,2084,17.578125,25000000.000
15509,2084,17.578125,25000000.000
15510,2084,17.578125,25000000.000
15511,2084,17.578125,25000000.000
15512,2083,17.089844,25000000.000
15513,2080,15.625000,25000000.000
15514,2077,14.160156,25000000.000
15515,2077,14.160156,25000000.000
15516,2069,10.253906,25000000.000
15517,2065,8.300781,25000000.000
15518,2060,5.859375,25000000.000
15519,2059,5.371094,25000000.000
15520,2048,0.000000,25000000.000
15521,2042,-2.929688,25000000.000
15522,2036,-5.859375,25000000.000
15523,2036,-5.859375,25000000.000
15524,2026,-10.742188,25000000.000
15525,2020,-13.671875,25000000.000
15526,2017,-15.136719,25000000.000
15527,2016,-15.625000,25000000.000
15528,2009,-19.042969,25000000.000
15529,2008,-19.531250,25000000.000
15530,2009,-19.042969,25000000.000
15531,2008,-19.531250,25000000.000
15532,2008,-19.531250,25000000.000
15533,2010,-18.554688,25000000.000
15534,2013,-17.089844,25000000.000
15535,2014,-16.601562,25000000.000
15536,2020,-13.671875,25000000.000
15537,2026,-10.742188,25000000.000
15538,2031,-8.300781,25000000.000
15539,2031,-8.300781,25000000.000
15540,2042,-2.929688,25000000.000
15541,2048,0.000000,25000000.000
15542,2054,2.929688,25000000.000
15543,2055,3.417969,25000000.000
15544,2065,8.300781,25000000.000
15545,2070,10.742188,25000000.000
15546,2074,12.695312,25000000.000
15547,2075,13.183594,25000000.000
15548,2082,16.601562,25000000.000
15549,2083,17.089844,25000000.000
15550,2084,17.578125,25000000.000
15551,2085,18.066406,25000000.000
15552,2084,17.578125,25000000.000
15553,2082,16.601562,25000000.000
15554,2080,15.625000,25000000.000
15555,2080,15.625000,25000000.000
15556,2072,11.718750,25000000.000
15557,2069,10.253906,25000000.000
15558,2063,7.324219,25000000.000
15559,2063,7.324219,25000000.000
15560,2052,1.953125,25000000.000
15561,2048,0.000000,25000000.000
15562,2042,-2.929688,25000000.000
15563,2041,-3.417969,25000000.000
15564,2030,-8.789062,25000000.000
15565,2026,-10.742188,25000000.000
15566,2020,-13.671875,25000000.000
15567,2020,-13.671875,25000000.000
15568,2012,-17.578125,25000000.000
15569,2010,-18.554688,25000000.000
15570,2008,-19.531250,25000000.000
15571,2009,-19.042969,25000000.000
15572,2007,-20.019531,25000000.000
15573,2009,-19.042969,25000000.000
15574,2010,-18.554688,25000000.000
15575,2010,-18.554688,25000000.000
15576,2017,-15.136719,25000000.000
15577,2020,-13.671875,25000000.000
15578,2025,-11.230469,25000000.000
15579,2026,-10.742188,25000000.000
15580,2035,-6.347656,25000000.000
15581,2040,-3.906250,25000000.000
15582,2048,0.000000,25000000.000
15583,2048,0.000000,25000000.000
15584,2059,5.371094,25000000.000
15585,2065,8.300781,25000000.000
15586,2070,10.742188,25000000.000
15587,2071,11.230469,25000000.000
15588,2078,14.648438,25000000.000
15589,2081,16.113281,25000000.000
15590,2083,17.089844,25000000.000
15591,2083,17.089844,25000000.000
15592,2085,18.066406,25000000.000
15593,2084,17.578125,25000000.000
15594,2082,16.601562,25000000.000
15595,2083,17.089844,25000000.000
15596,2077,14.160156,25000000.000
15597,2072,11.718750,25000000.000
15598,2069,10.253906,25000000.000
15599,2068,9.765625,25000000.000
15600,2058,4.882812,25000000.000
15601,2052,1.953125,25000000.000
15602,2046,-0.976562,25000000.000
15603,2046,-0.976562,25000000.000
15604,2035,-6.347656,25000000.000
15605,2029,-9.277344,25000000.000
15606,2024,-11.718750,25000000.000
15607,2024,-11.718750,25000000.000
15608,2016,-15.625000,25000000.000
15609,2011,-18.066406,25000000.000
15610,2010,-18.554688,25000000.000
15611,2010,-18.554688,25000000.000
15612,2008,-19.531250,25000000.000
15613,2007,-20.019531,25000000.000
15614,2009,-19.042969,25000000.000
15615,2008,-19.531250,25000000.000
15616,2012,-17.578125,25000000.000
15617,2016,-15.625000,25000000.000
15618,2022,-12.695312,25000000.000
15619,2022,-12.695312,25000000.000
15620,2031,-8.300781,25000000.000
15621,2036,-5.859375,25000000.000
15622,2043,-2.441406,25000000.000
15623,2043,-2.441406,25000000.000
15624,2055,3.417969,25000000.000
15625,2061,6.347656,25000000.000
15626,2066,8.789062,25000000.000
15627,2066,8.789062,25000000.000
15628,2075,13.183594,25000000.000
15629,2077,14.160156,25000000.000
15630,2081,16.113281,25000000.000
15631,2082,16.601562,25000000.000
15632,2084,17.578125,25000000.000
15633,2084,17.578125,25000000.000
15634,2082,16.601562,25000000.000
15635,2083,17.089844,25000000.000
15636,2078,14.648438,25000000.000
15637,2076,13.671875,25000000.000
15638,2071,11.230469,25000000.000
15639,2071,11.230469,25000000.000
15640,2061,6.347656,25000000.000
15641,2056,3.906250,25000000.000
15642,2051,1.464844,25000000.000
15643,2050,0.976562,25000000.000
15644,2039,-4.394531,25000000.000
15645,2033,-7.324219,25000000.000
15646,2028,-9.765625,25000000.000
15647,2026,-10.742188,25000000.000
15648,2018,-14.648438,25000000.000
15649,2014,-16.601562,25000000.000
15650,2011,-18.066406,25000000.000
15651,2011,-18.066406,25000000.000
15652,2007,-20.019531,25000000.000
15653,2006,-20.507812,25000000.000
15654,2006,-20.507812,25000000.000
15655,2007,-20.019531,25000000.000
15656,2010,-18.554688,25000000.000
15657,2014,-16.601562,25000000.000
15658,2016,-15.625000,25000000.000
15659,2017,-15.136719,25000000.000
15660,2026,-10.742188,25000000.000
15661,2031,-8.300781,25000000.000
15662,2037,-5.371094,25000000.000
15663,2038,-4.882812,25000000.000
15664,2049,0.488281,25000000.000
15665,2055,3.417969,25000000.000
15666,2061,6.347656,25000000.000
15667,2061,6.347656,25000000.000
15668,2071,11.230469,25000000.000
15669,2075,13.183594,25000000.000
15670,2078,14.648438,25000000.000
15671,2079,15.136719,25000000.000
15672,2084,17.578125,25000000.000
15673,2085,18.066406,25000000.000
15674,2084,17.578125,25000000.000
15675,2084,17.578125,25000000.000
15676,2080,15.625000,25000000.000
15677,2079,15.136719,25000000.000
15678,2075,13.183594,25000000.000
15679,2075,13.183594,25000000.000
15680,2067,9.277344,25000000.000
15681,2061,6.347656,25000000.000
15682,2055,3.417969,25000000.000
15683,2055,3.417969,25000000.000
15684,2043,-2.441406,25000000.000
15685,2038,-4.882812,25000000.000
15686,2032,-7.812500,25000000.000
15687,2031,-8.300781,25000000.000
15688,2022,-12.695312,25000000.000
15689,2017,-15.136719,25000000.000
15690,2013,-17.089844,25000000.000
15691,2013,-17.089844,25000000.000
15692,2008,-19.531250,25000000.000
15693,2007,-20.019531,25000000.000
15694,2007,-20.019531,25000000.000
15695,2006,-20.507812,25000000.000
15696,2009,-19.042969,25000000.000
15697,2011,-18.066406,25000000.000
15698,2014,-16.601562,25000000.000
15699,2014,-16.601562,25000000.000
15700,2023,-12.207031,25000000.000
15701,2028,-9.765625,25000000.000
15702,2031,-8.300781,25000000.000
15703,2034,-6.835938,25000000.000
15704,2044,-1.953125,25000000.000
15705,2051,1.464844,25000000.000
15706,2057,4.394531,25000000.000
15707,2057,4.394531,25000000.000
15708,2068,9.765625,25000000.000
15709,2073,12.207031,25000000.000
15710,2077,14.160156,25000000.000
15711,2077,14.160156,25000000.000
15712,2083,17.089844,25000000.000
15713,2084,17.578125,25000000.000
15714,2085,18.066406,25000000.000
15715,2084,17.578125,25000000.000
15716,2084,17.578125,25000000.000
15717,2081,16.113281,25000000.000
15718,2079,15.136719,25000000.000
15719,2078,14.648438,25000000.000
15720,2071,11.230469,25000000.000
15721,2066,8.789062,25000000.000
15722,2060,5.859375,25000000.000
15723,2060,5.859375,25000000.000
15724,2050,0.976562,25000000.000
15725,2044,-1.953125,25000000.000
15726,2037,-5.371094,25000000.000
15727,2038,-4.882812,25000000.000
15728,2026,-10.742188,25000000.000
15729,2021,-13.183594,25000000.000
15730,2018,-14.648438,25000000.000
15731,2016,-15.625000,25000000.000
15732,2011,-18.066406,25000000.000
15733,2009,-19.042969,25000000.000
15734,2007,-20.019531,25000000.000
15735,2008,-19.531250,25000000.000
15736,2008,-19.531250,25000000.000
15737,2010,-18.554688,25000000.000
15738,2013,-17.089844,25000000.000
15739,2013,-17.089844,25000000.000
15740,2018,-14.648438,25000000.000
15741,2023,-12.207031,25000000.000
15742,2029,-9.277344,25000000.000
15743,2028,-9.765625,25000000.000
15744,2040,-3.906250,25000000.000
15745,2045,-1.464844,25000000.000
15746,2051,1.464844,25000000.000
15747,2052,1.953125,25000000.000
15748,2063,7.324219,25000000.000
15749,2068,9.765625,25000000.000
15750,2073,12.207031,25000000.000
15751,2073,12.207031,25000000.000
15752,2080,15.625000,25000000.000
15753,2083,17.089844,25000000.000
15754,2084,17.578125,25000000.000
15755,2083,17.089844,25000000.000
15756,2084,17.578125,25000000.000
15757,2082,16.601562,25000000.000
15758,2081,16.113281,25000000.000
15759,2080,15.625000,25000000.000
15760,2074,12.695312,25000000.000
15761,2070,10.742188,25000000.000
15762,2066,8.789062,25000000.000
15763,2065,8.300781,25000000.000
15764,2054,2.929688,25000000.000
15765,2049,0.488281,25000000.000
15766,2043,-2.441406,25000000.000
15767,2042,-2.929688,25000000.000
15768,2033,-7.324219,25000000.000
15769,2028,-9.765625,25000000.000
15770,2022,-12.695312,25000000.000
15771,2022,-12.695312,25000000.000
15772,2014,-16.601562,25000000.000
15773,2011,-18.066406,25000000.000
15774,2008,-19.531250,25000000.000
15775,2009,-19.042969,25000000.000
15776,2007,-20.019531,25000000.000
15777,2008,-19.531250,25000000.000
15778,2010,-18.554688,25000000.000
15779,2008,-19.531250,25000000.000
15780,2016,-15.625000,25000000.000
15781,2025,-11.230469,25000000.000
15782,2023,-12.207031,25000000.000
15783,2025,-11.230469,25000000.000
15784,2035,-6.347656,25000000.000
15785,2041,-3.417969,25000000.000
15786,2047,-0.488281,25000000.000
15787,2048,0.000000,25000000.000
15788,2059,5.371094,25000000.000
15789,2064,7.812500,25000000.000
15790,2070,10.742188,25000000.000
15791,2071,11.230469,25000000.000
15792,2079,15.136719,25000000.000
15793,2081,16.113281,25000000.000
15794,2084,17.578125,25000000.000
15795,2083,17.089844,25000000.000
15796,2084,17.578125,25000000.000
15797,2084,17.578125,25000000.000
15798,2082,16.601562,25000000.000
15799,2084,17.578125,25000000.000
15800,2079,15.136719,25000000.000
15801,2073,12.207031,25000000.000
15802,2071,11.230469,25000000.000
15803,2068,9.765625,25000000.000
15804,2058,4.882812,25000000.000
15805,2054,2.929688,25000000.000
15806,2046,-0.976562,25000000.000
15807,2047,-0.488281,25000000.000
15808,2036,-5.859375,25000000.000
15809,2029,-9.277344,25000000.000
15810,2024,-11.718750,25000000.000
15811,2024,-11.718750,25000000.000
15812,2016,-15.625000,25000000.000
15813,2013,-17.089844,25000000.000
15814,2010,-18.554688,25000000.000
15815,2010,-18.554688,25000000.000
15816,2007,-20.019531,25000000.000
15817,2008,-19.531250,25000000.000
15818,2008,-19.531250,25000000.000
15819,2008,-19.531250,25000000.000
15820,2012,-17.578125,25000000.000
15821,2016,-15.625000,25000000.000
15822,2020,-13.671875,25000000.000
15823,2021,-13.183594,25000000.000
15824,2029,-9.277344,25000000.000
15825,2036,-5.859375,25000000.000
15826,2041,-3.417969,25000000.000
15827,2042,-2.929688,25000000.000
15828,2053,2.441406,25000000.000
15829,2060,5.859375,25000000.000
15830,2063,7.324219,25000000.000
15831,2068,9.765625,25000000.000
15832,2073,12.207031,25000000.000
15833,2078,14.648438,25000000.000
15834,2081,16.113281,25000000.000
15835,2081,16.113281,25000000.000
15836,2083,17.089844,25000000.000
15837,2084,17.578125,25000000.000
15838,2084,17.578125,25000000.000
15839,2083,17.089844,25000000.000
15840,2080,15.625000,25000000.000
15841,2076,13.671875,25000000.000
15842,2072,11.718750,25000000.000
15843,2072,11.718750,25000000.000
15844,2063,7.324219,25000000.000
15845,2057,4.394531,25000000.000
15846,2052,1.953125,25000000.000
15847,2051,1.464844,25000000.000
15848,2040,-3.906250,25000000.000
15849,2034,-6.835938,25000000.000
15850,2028,-9.765625,25000000.000
15851,2029,-9.277344,25000000.000
15852,2019,-14.160156,25000000.000
15853,2016,-15.625000,25000000.000
15854,2011,-18.066406,25000000.000
15855,2012,-17.578125,25000000.000
15856,2007,-20.019531,25000000.000
15857,2006,-20.507812,25000000.000
15858,2007,-20.019531,25000000.000
15859,2009,-19.042969,25000000.000
15860,2010,-18.554688,25000000.000
15861,2012,-17.578125,25000000.000
15862,2017,-15.136719,25000000.000
15863,2017,-15.136719,25000000.000
15864,2024,-11.718750,25000000.000
15865,2031,-8.300781,25000000.000
15866,2036,-5.859375,25000000.000
15867,2036,-5.859375,25000000.000
15868,2048,0.000000,25000000.000
15869,2053,2.441406,25000000.000
15870,2061,6.347656,25000000.000
15871,2060,5.859375,25000000.000
15872,2070,10.742188,25000000.000
15873,2074,12.695312,25000000.000
15874,2079,15.136719,25000000.000
15875,2078,14.648438,25000000.000
15876,2083,17.089844,25000000.000
15877,2085,18.066406,25000000.000
15878,2084,17.578125,25000000.000
15879,2084,17.578125,25000000.000
15880,2082,16.601562,25000000.000
15881,2079,15.136719,25000000.000
15882,2077,14.160156,25000000.000
15883,2076,13.671875,25000000.000
15884,2068,9.765625,25000000.000
15885,2063,7.324219,25000000.000
15886,2056,3.906250,25000000.000
15887,2057,4.394531,25000000.000
15888,2045,-1.464844,25000000.000
15889,2040,-3.906250,25000000.000
15890,2034,-6.835938,25000000.000
15891,2034,-6.835938,25000000.000
15892,2022,-12.695312,25000000.000
15893,2019,-14.160156,25000000.000
15894,2014,-16.601562,25000000.000
15895,2013,-17.089844,25000000.000
15896,2009,-19.042969,25000000.000
15897,2006,-20.507812,25000000.000
15898,2006,-20.507812,25000000.000
15899,2006,-20.507812,25000000.000
15900,2008,-19.531250,25000000.000
15901,2010,-18.554688,25000000.000
15902,2013,-17.089844,25000000.000
15903,2013,-17.089844,25000000.000
15904,2021,-13.183594,25000000.000
15905,2027,-10.253906,25000000.000
15906,2032,-7.812500,25000000.000
15907,2032,-7.812500,25000000.000
15908,2043,-2.441406,25000000.000
15909,2050,0.976562,25000000.000
15910,2055,3.417969,25000000.000
15911,2055,3.417969,25000000.000
15912,2066,8.789062,25000000.000
15913,2071,11.230469,25000000.000
15914,2076,13.671875,25000000.000
15915,2076,13.671875,25000000.000
15916,2081,16.113281,25000000.000
15917,2085,18.066406,25000000.000
15918,2085,18.066406,25000000.000
15919,2084,17.578125,25000000.000
15920,2083,17.089844,25000000.000
15921,2082,16.601562,25000000.000
15922,2080,15.625000,25000000.000
15923,2079,15.136719,25000000.000
15924,2072,11.718750,25000000.000
15925,2067,9.277344,25000000.000
15926,2062,6.835938,25000000.000
15927,2061,6.347656,25000000.000
15928,2050,0.976562,25000000.000
15929,2044,-1.953125,25000000.000
15930,2038,-4.882812,25000000.000
15931,2038,-4.882812,25000000.000
15932,2027,-10.253906,25000000.000
15933,2023,-12.207031,25000000.000
15934,2018,-14.648438,25000000.000
15935,2018,-14.648438,25000000.000
15936,2011,-18.066406,25000000.000
15937,2009,-19.042969,25000000.000
15938,2007,-20.019531,25000000.000
15939,2006,-20.507812,25000000.000
15940,2008,-19.531250,25000000.000
15941,2007,-20.019531,25000000.000
15942,2011,-18.066406,25000000.000
15943,2011,-18.066406,25000000.000
15944,2018,-14.648438,25000000.000
15945,2023,-12.207031,25000000.000
15946,2028,-9.765625,25000000.000
15947,2028,-9.765625,25000000.000
15948,2039,-4.394531,25000000.000
15949,2046,-0.976562,25000000.000
15950,2052,1.953125,25000000.000
15951,2052,1.953125,25000000.000
15952,2063,7.324219,25000000.000
15953,2069,10.253906,25000000.000
15954,2074,12.695312,25000000.000
15955,2073,12.207031,25000000.000
15956,2081,16.113281,25000000.000
15957,2082,16.601562,25000000.000
15958,2084,17.578125,25000000.000
15959,2084,17.578125,25000000.000
15960,2084,17.578125,25000000.000
15961,2083,17.089844,25000000.000
15962,2082,16.601562,25000000.000
15963,2081,16.113281,25000000.000
15964,2074,12.695312,25000000.000
15965,2071,11.230469,25000000.000
15966,2066,8.789062,25000000.000
15967,2065,8.300781,25000000.000
15968,2055,3.417969,25000000.000
15969,2049,0.488281,25000000.000
15970,2043,-2.441406,25000000.000
15971,2043,-2.441406,25000000.000
15972,2032,-7.812500,25000000.000
15973,2027,-10.253906,25000000.000
15974,2022,-12.695312,25000000.000
15975,2021,-13.183594,25000000.000
15976,2014,-16.601562,25000000.000
15977,2012,-17.578125,25000000.000
15978,2009,-19.042969,25000000.000
15979,2008,-19.531250,25000000.000
15980,2007,-20.019531,25000000.000
15981,2007,-20.019531,25000000.000
15982,2009,-19.042969,25000000.000
15983,2009,-19.042969,25000000.000
15984,2014,-16.601562,25000000.000
15985,2018,-14.648438,25000000.000
15986,2023,-12.207031,25000000.000
15987,2024,-11.718750,25000000.000
15988,2034,-6.835938,25000000.000
15989,2039,-4.394531,25000000.000
15990,2045,-1.464844,25000000.000
15991,2047,-0.488281,25000000.000
15992,2057,4.394531,25000000.000
15993,2063,7.324219,25000000.000
15994,2068,9.765625,25000000.000
15995,2069,10.253906,25000000.000
15996,2078,14.648438,25000000.000
15997,2081,16.113281,25000000.000
15998,2083,17.089844,25000000.000
15999,2083,17.089844,25000000.000
16000,2085,18.066406,25000000.000
16001,2084,17.578125,25000000.000
16002,2084,17.578125,25000000.000
16003,2083,17.089844,25000000.000
16004,2079,15.136719,25000000.000
16005,2075,13.183594,25000000.000
16006,2070,10.742188,25000000.000
16007,2070,10.742188,25000000.000
16008,2059,5.371094,25000000.000
16009,2054,2.929688,25000000.000
16010,2048,0.000000,25000000.000
16011,2047,-0.488281,25000000.000
16012,2036,-5.859375,25000000.000
16013,2030,-8.789062,25000000.000
16014,2025,-11.230469,25000000.000
16015,2025,-11.230469,25000000.000
16016,2015,-16.113281,25000000.000
16017,2013,-17.089844,25000000.000
16018,2010,-18.554688,25000000.000
16019,2009,-19.042969,25000000.000
16020,2006,-20.507812,25000000.000
16021,2005,-20.996094,25000000.000
16022,2007,-20.019531,25000000.000
16023,2007,-20.019531,25000000.000
16024,2011,-18.066406,25000000.000
16025,2014,-16.601562,25000000.000
16026,2018,-14.648438,25000000.000
16027,2019,-14.160156,25000000.000
16028,2028,-9.765625,25000000.000
16029,2034,-6.835938,25000000.000
16030,2039,-4.394531,25000000.000
16031,2040,-3.906250,25000000.000
16032,2053,2.441406,25000000.000
16033,2057,4.394531,25000000.000
16034,2064,7.812500,25000000.000
16035,2063,7.324219,25000000.000
16036,2074,12.695312,25000000.000
16037,2077,14.160156,25000000.000
16038,2080,15.625000,25000000.000
16039,2080,15.625000,25000000.000
16040,2084,17.578125,25000000.000
16041,2085,18.066406,25000000.000
16042,2084,17.578125,25000000.000
16043,2085,18.066406,25000000.000
16044,2080,15.625000,25000000.000
16045,2077,14.160156,25000000.000
16046,2074,12.695312,25000000.000
16047,2073,12.207031,25000000.000
16048,2063,7.324219,25000000.000
16049,2057,4.394531,25000000.000
16050,2052,1.953125,25000000.000
16051,2052,1.953125,25000000.000
16052,2040,-3.906250,25000000.000
16053,2035,-6.347656,25000000.000
16054,2030,-8.789062,25000000.000
16055,2029,-9.277344,25000000.000
16056,2020,-13.671875,25000000.000
16057,2015,-16.113281,25000000.000
16058,2011,-18.066406,25000000.000
16059,2011,-18.066406,25000000.000
16060,2008,-19.531250,25000000.000
16061,2006,-20.507812,25000000.000
16062,2007,-20.019531,25000000.000
16063,2007,-20.019531,25000000.000
16064,2009,-19.042969,25000000.000
16065,2012,-17.578125,25000000.000
16066,2015,-16.113281,25000000.000
16067,2016,-15.625000,25000000.000
16068,2024,-11.718750,25000000.000
16069,2029,-9.277344,25000000.000
16070,2034,-6.835938,25000000.000
16071,2036,-5.859375,25000000.000
16072,2047,-0.488281,25000000.000
16073,2054,2.929688,25000000.000
16074,2059,5.371094,25000000.000
16075,2060,5.859375,25000000.000
16076,2069,10.253906,25000000.000
16077,2073,12.207031,25000000.000
16078,2079,15.136719,25000000.000
16079,2078,14.648438,25000000.000
16080,2082,16.601562,25000000.000
16081,2084,17.578125,25000000.000
16082,2084,17.578125,25000000.000
16083,2084,17.578125,25000000.000
16084,2082,16.601562,25000000.000
16085,2080,15.625000,25000000.000
16086,2077,14.160156,25000000.000
16087,2077,14.160156,25000000.000
16088,2069,10.253906,25000000.000
16089,2064,7.812500,25000000.000
16090,2058,4.882812,25000000.000
16091,2059,5.371094,25000000.000
16092,2047,-0.488281,25000000.000
16093,2041,-3.417969,25000000.000
16094,2036,-5.859375,25000000.000
16095,2035,-6.347656,25000000.000
16096,2024,-11.718750,25000000.000
16097,2020,-13.671875,25000000.000
16098,2015,-16.113281,25000000.000
16099,2015,-16.113281,25000000.000
16100,2009,-19.042969,25000000.000
16101,2007,-20.019531,25000000.000
16102,2007,-20.019531,25000000.000
16103,2007,-20.019531,25000000.000
16104,2008,-19.531250,25000000.000
16105,2010,-18.554688,25000000.000
16106,2012,-17.578125,25000000.000
16107,2012,-17.578125,25000000.000
16108,2019,-14.160156,25000000.000
16109,2025,-11.230469,25000000.000
16110,2030,-8.789062,25000000.000
16111,2032,-7.812500,25000000.000
16112,2042,-2.929688,25000000.000
16113,2048,0.000000,25000000.000
16114,2055,3.417969,25000000.000
16115,2055,3.417969,25000000.000
16116,2066,8.789062,25000000.000
16117,2071,11.230469,25000000.000
16118,2075,13.183594,25000000.000
16119,2075,13.183594,25000000.000
16120,2082,16.601562,25000000.000
16121,2084,17.578125,25000000.000
16122,2084,17.578125,25000000.000
16123,2086,18.554688,25000000.000
16124,2084,17.578125,25000000.000
16125,2083,17.089844,25000000.000
16126,2080,15.625000,25000000.000
16127,2080,15.625000,25000000.000
16128,2068,9.765625,25000000.000
16129,2072,11.718750,25000000.000
16130,2069,10.253906,25000000.000
16131,2059,5.371094,25000000.000
16132,2051,1.464844,25000000.000
16133,2047,-0.488281,25000000.000
16134,2039,-4.394531,25000000.000
16135,2040,-3.906250,25000000.000
16136,2029,-9.277344,25000000.000
16137,2023,-12.207031,25000000.000
16138,2019,-14.160156,25000000.000
16139,2019,-14.160156,25000000.000
16140,2012,-17.578125,25000000.000
16141,2009,-19.042969,25000000.000
16142,2009,-19.042969,25000000.000
16143,2008,-19.531250,25000000.000
16144,2008,-19.531250,25000000.000
16145,2009,-19.042969,25000000.000
16146,2010,-18.554688,25000000.000
16147,2011,-18.066406,25000000.000
16148,2017,-15.136719,25000000.000
16149,2022,-12.695312,25000000.000
16150,2027,-10.253906,25000000.000
16151,2026,-10.742188,25000000.000
16152,2038,-4.882812,25000000.000
16153,2044,-1.953125,25000000.000
16154,2050,0.976562,25000000.000
16155,2050,0.976562,25000000.000
16156,2062,6.835938,25000000.000
16157,2067,9.277344,25000000.000
16158,2072,11.718750,25000000.000
16159,2073,12.207031,25000000.000
16160,2080,15.625000,25000000.000
16161,2081,16.113281,25000000.000
16162,2086,18.554688,25000000.000
16163,2084,17.578125,25000000.000
16164,2083,17.089844,25000000.000
16165,2085,18.066406,25000000.000
16166,2084,17.578125,25000000.000
16167,2088,19.531250,25000000.000
16168,2077,14.160156,25000000.000
16169,2071,11.230469,25000000.000
16170,2068,9.765625,25000000.000
16171,2068,9.765625,25000000.000
16172,2055,3.417969,25000000.000
16173,2051,1.464844,25000000.000
16174,2044,-1.953125,25000000.000
16175,2043,-2.441406,25000000.000
16176,2034,-6.835938,25000000.000
16177,2027,-10.253906,25000000.000
16178,2022,-12.695312,25000000.000
16179,2021,-13.183594,25000000.000
16180,2011,-18.066406,25000000.000
16181,2010,-18.554688,25000000.000
16182,2008,-19.531250,25000000.000
16183,2009,-19.042969,25000000.000
16184,2007,-20.019531,25000000.000
16185,2007,-20.019531,25000000.000
16186,2009,-19.042969,25000000.000
16187,2010,-18.554688,25000000.000
16188,2015,-16.113281,25000000.000
16189,2019,-14.160156,25000000.000
16190,2022,-12.695312,25000000.000
16191,2023,-12.207031,25000000.000
16192,2032,-7.812500,25000000.000
16193,2039,-4.394531,25000000.000
16194,2044,-1.953125,25000000.000
16195,2044,-1.953125,25000000.000
16196,2055,3.417969,25000000.000
16197,2062,6.835938,25000000.000
16198,2067,9.277344,25000000.000
16199,2067,9.277344,25000000.000
16200,2076,13.671875,25000000.000
16201,2079,15.136719,25000000.000
16202,2082,16.601562,25000000.000
16203,2082,16.601562,25000000.000
16204,2085,18.066406,25000000.000
16205,2084,17.578125,25000000.000
16206,2083,17.089844,25000000.000
16207,2084,17.578125,25000000.000
16208,2079,15.136719,25000000.000
16209,2075,13.183594,25000000.000
16210,2071,11.230469,25000000.000
16211,2070,10.742188,25000000.000
16212,2061,6.347656,25000000.000
16213,2055,3.417969,25000000.000
16214,2049,0.488281,25000000.000
16215,2049,0.488281,25000000.000
16216,2038,-4.882812,25000000.000
16217,2032,-7.812500,25000000.000
16218,2026,-10.742188,25000000.000
16219,2025,-11.230469,25000000.000
16220,2016,-15.625000,25000000.000
16221,2013,-17.089844,25000000.000
16222,2010,-18.554688,25000000.000
16223,2010,-18.554688,25000000.000
16224,2007,-20.019531,25000000.000
16225,2007,-20.019531,25000000.000
16226,2006,-20.507812,25000000.000
16227,2006,-20.507812,25000000.000
16228,2011,-18.066406,25000000.000
16229,2013,-17.089844,25000000.000
16230,2018,-14.648438,25000000.000
16231,2018,-14.648438,25000000.000
16232,2027,-10.253906,25000000.000
16233,2033,-7.324219,25000000.000
16234,2039,-4.394531,25000000.000
16235,2039,-4.394531,25000000.000
16236,2052,1.953125,25000000.000
16237,2057,4.394531,25000000.000
16238,2062,6.835938,25000000.000
16239,2063,7.324219,25000000.000
16240,2071,11.230469,25000000.000
16241,2076,13.671875,25000000.000
16242,2081,16.113281,25000000.000
16243,2080,15.625000,25000000.000
16244,2084,17.578125,25000000.000
16245,2085,18.066406,25000000.000
16246,2084,17.578125,25000000.000
16247,2084,17.578125,25000000.000
16248,2080,15.625000,25000000.000
16249,2078,14.648438,25000000.000
16250,2074,12.695312,25000000.000
16251,2074,12.695312,25000000.000
16252,2066,8.789062,25000000.000
16253,2061,6.347656,25000000.000
16254,2054,2.929688,25000000.000
16255,2055,3.417969,25000000.000
16256,2043,-2.441406,25000000.000
16257,2036,-5.859375,25000000.000
16258,2031,-8.300781,25000000.000
16259,2031,-8.300781,25000000.000
16260,2021,-13.183594,25000000.000
16261,2017,-15.136719,25000000.000
16262,2012,-17.578125,25000000.000
16263,2013,-17.089844,25000000.000
16264,2008,-19.531250,25000000.000
16265,2007,-20.019531,25000000.000
16266,2006,-20.507812,25000000.000
16267,2006,-20.507812,25000000.000
16268,2008,-19.531250,25000000.000
16269,2012,-17.578125,25000000.000
16270,2014,-16.601562,25000000.000
16271,2015,-16.113281,25000000.000
16272,2023,-12.207031,25000000.000
16273,2028,-9.765625,25000000.000
16274,2034,-6.835938,25000000.000
16275,2034,-6.835938,25000000.000
16276,2046,-0.976562,25000000.000
16277,2052,1.953125,25000000.000
16278,2058,4.882812,25000000.000
16279,2058,4.882812,25000000.000
16280,2068,9.765625,25000000.000
16281,2074,12.695312,25000000.000
16282,2078,14.648438,25000000.000
16283,2078,14.648438,25000000.000
16284,2082,16.601562,25000000.000
16285,2084,17.578125,25000000.000
16286,2085,18.066406,25000000.000
16287,2085,18.066406,25000000.000
16288,2083,17.089844,25000000.000
16289,2080,15.625000,25000000.000
16290,2080,15.625000,25000000.000
16291,2077,14.160156,25000000.000
16292,2070,10.742188,25000000.000
16293,2065,8.300781,25000000.000
16294,2059,5.371094,25000000.000
16295,2058,4.882812,25000000.000
16296,2048,0.000000,25000000.000
16297,2043,-2.441406,25000000.000
16298,2036,-5.859375,25000000.000
16299,2035,-6.347656,25000000.000
16300,2026,-10.742188,25000000.000
16301,2020,-13.671875,25000000.000
16302,2017,-15.136719,25000000.000
16303,2016,-15.625000,25000000.000
16304,2010,-18.554688,25000000.000
16305,2008,-19.531250,25000000.000
16306,2007,-20.019531,25000000.000
16307,2008,-19.531250,25000000.000
16308,2008,-19.531250,25000000.000
16309,2009,-19.042969,25000000.000
16310,2012,-17.578125,25000000.000
16311,2012,-17.578125,25000000.000
16312,2020,-13.671875,25000000.000
16313,2024,-11.718750,25000000.000
16314,2030,-8.789062,25000000.000
16315,2031,-8.300781,25000000.000
16316,2041,-3.417969,25000000.000
16317,2047,-0.488281,25000000.000
16318,2054,2.929688,25000000.000
16319,2054,2.929688,25000000.000
16320,2064,7.812500,25000000.000
16321,2070,10.742188,25000000.000
16322,2074,12.695312,25000000.000
16323,2076,13.671875,25000000.000
16324,2081,16.113281,25000000.000
16325,2084,17.578125,25000000.000
16326,2084,17.578125,25000000.000
16327,2085,18.066406,25000000.000
16328,2085,18.066406,25000000.000
16329,2083,17.089844,25000000.000
16330,2080,15.625000,25000000.000
16331,2080,15.625000,25000000.000
16332,2073,12.207031,25000000.000
16333,2070,10.742188,25000000.000
16334,2065,8.300781,25000000.000
16335,2065,8.300781,25000000.000
16336,2052,1.953125,25000000.000
16337,2047,-0.488281,25000000.000
16338,2042,-2.929688,25000000.000
16339,2040,-3.906250,25000000.000
16340,2029,-9.277344,25000000.000
16341,2024,-11.718750,25000000.000
16342,2019,-14.160156,25000000.000
16343,2019,-14.160156,25000000.000
16344,2012,-17.578125,25000000.000
16345,2009,-19.042969,25000000.000
16346,2008,-19.531250,25000000.000
16347,2008,-19.531250,25000000.000
16348,2007,-20.019531,25000000.000
16349,2008,-19.531250,25000000.000
16350,2010,-18.554688,25000000.000
16351,2011,-18.066406,25000000.000
16352,2016,-15.625000,25000000.000
16353,2019,-14.160156,25000000.000
16354,2025,-11.230469,25000000.000
16355,2025,-11.230469,25000000.000
16356,2035,-6.347656,25000000.000
16357,2042,-2.929688,25000000.000
16358,2048,0.000000,25000000.000
16359,2048,0.000000,25000000.000
16360,2059,5.371094,25000000.000
16361,2065,8.300781,25000000.000
16362,2071,11.230469,25000000.000
16363,2070,10.742188,25000000.000
16364,2077,14.160156,25000000.000
16365,2081,16.113281,25000000.000
16366,2084,17.578125,25000000.000
16367,2084,17.578125,25000000.000
16368,2084,17.578125,25000000.000
16369,2085,18.066406,25000000.000
16370,2082,16.601562,25000000.000
16371,2082,16.601562,25000000.000
16372,2078,14.648438,25000000.000
16373,2073,12.207031,25000000.000
16374,2069,10.253906,25000000.000
16375,2069,10.253906,25000000.000
16376,2058,4.882812,25000000.000
16377,2054,2.929688,25000000.000
16378,2046,-0.976562,25000000.000
16379,2046,-0.976562,25000000.000
16380,2035,-6.347656,25000000.000
16381,2030,-8.789062,25000000.000
16382,2024,-11.718750,25000000.000
16383,2024,-11.718750,25000000.000
16384,2016,-15.625000,25000000.000
16385,2012,-17.578125,25000000.000
16386,2010,-18.554688,25000000.000
16387,2009,-19.042969,25000000.000
16388,2007,-20.019531,25000000.000
16389,2007,-20.019531,25000000.000
16390,2008,-19.531250,25000000.000
16391,2009,-19.042969,25000000.000
16392,2013,-17.089844,25000000.000
16393,2017,-15.136719,25000000.000
16394,2021,-13.183594,25000000.000
16395,2021,-13.183594,25000000.000
16396,2030,-8.789062,25000000.000
16397,2037,-5.371094,25000000.000
16398,2043,-2.441406,25000000.000
16399,2044,-1.953125,25000000.000
16400,2055,3.417969,25000000.000
16401,2060,5.859375,25000000.000
16402,2067,9.277344,25000000.000
16403,2067,9.277344,25000000.000
16404,2075,13.183594,25000000.000
16405,2079,15.136719,25000000.000
16406,2081,16.113281,25000000.000
16407,2082,16.601562,25000000.000
16408,2084,17.578125,25000000.000
16409,2084,17.578125,25000000.000
16410,2083,17.089844,25000000.000
16411,2084,17.578125,25000000.000
16412,2080,15.625000,25000000.000
16413,2076,13.671875,25000000.000
16414,2071,11.230469,25000000.000
16415,2072,11.718750,25000000.000
16416,2062,6.835938,25000000.000
16417,2056,3.906250,25000000.000
16418,2051,1.464844,25000000.000
16419,2050,0.976562,25000000.000
16420,2039,-4.394531,25000000.000
16421,2032,-7.812500,25000000.000
16422,2027,-10.253906,25000000.000
16423,2026,-10.742188,25000000.000
16424,2018,-14.648438,25000000.000
16425,2014,-16.601562,25000000.000
16426,2011,-18.066406,25000000.000
16427,2011,-18.066406,25000000.000
16428,2007,-20.019531,25000000.000
16429,2006,-20.507812,25000000.000
16430,2005,-20.996094,25000000.000
16431,2006,-20.507812,25000000.000
16432,2011,-18.066406,25000000.000
16433,2014,-16.601562,25000000.000
16434,2017,-15.136719,25000000.000
16435,2018,-14.648438,25000000.000
16436,2026,-10.742188,25000000.000
16437,2032,-7.812500,25000000.000
16438,2038,-4.882812,25000000.000
16439,2038,-4.882812,25000000.000
16440,2050,0.976562,25000000.000
16441,2056,3.906250,25000000.000
16442,2062,6.835938,25000000.000
16443,2062,6.835938,25000000.000
16444,2071,11.230469,25000000.000
16445,2076,13.671875,25000000.000
16446,2079,15.136719,25000000.000
16447,2080,15.625000,25000000.000
16448,2085,18.066406,25000000.000
16449,2084,17.578125,25000000.000
16450,2085,18.066406,25000000.000
16451,2085,18.066406,25000000.000
16452,2082,16.601562,25000000.000
16453,2080,15.625000,25000000.000
16454,2075,13.183594,25000000.000
16455,2075,13.183594,25000000.000
16456,2067,9.277344,25000000.000
16457,2062,6.835938,25000000.000
16458,2055,3.417969,25000000.000
16459,2055,3.417969,25000000.000
16460,2043,-2.441406,25000000.000
16461,2038,-4.882812,25000000.000
16462,2032,-7.812500,25000000.000
16463,2031,-8.300781,25000000.000
16464,2022,-12.695312,25000000.000
16465,2017,-15.136719,25000000.000
16466,2014,-16.601562,25000000.000
16467,2012,-17.578125,25000000.000
16468,2007,-20.019531,25000000.000
16469,2006,-20.507812,25000000.000
16470,2006,-20.507812,25000000.000
16471,2006,-20.507812,25000000.000
16472,2008,-19.531250,25000000.000
16473,2010,-18.554688,25000000.000
16474,2014,-16.601562,25000000.000
16475,2014,-16.601562,25000000.000
16476,2022,-12.695312,25000000.000
16477,2023,-12.207031,25000000.000
16478,2037,-5.371094,25000000.000
16479,2027,-10.253906,25000000.000
16480,2044,-1.953125,25000000.000
16481,2051,1.464844,25000000.000
16482,2059,5.371094,25000000.000
16483,2056,3.906250,25000000.000
16484,2067,9.277344,25000000.000
16485,2073,12.207031,25000000.000
16486,2078,14.648438,25000000.000
16487,2076,13.671875,25000000.000
16488,2083,17.089844,25000000.000
16489,2084,17.578125,25000000.000
16490,2085,18.066406,25000000.000
16491,2085,18.066406,25000000.000
16492,2084,17.578125,25000000.000
16493,2082,16.601562,25000000.000
16494,2079,15.136719,25000000.000
16495,2078,14.648438,25000000.000
16496,2071,11.230469,25000000.000
16497,2067,9.277344,25000000.000
16498,2061,6.347656,25000000.000
16499,2060,5.859375,25000000.000
16500,2049,0.488281,25000000.000
16501,2043,-2.441406,25000000.000
16502,2038,-4.882812,25000000.000
16503,2037,-5.371094,25000000.000
16504,2026,-10.742188,25000000.000
16505,2022,-12.695312,25000000.000
16506,2018,-14.648438,25000000.000
16507,2017,-15.136719,25000000.000
16508,2010,-18.554688,25000000.000
16509,2008,-19.531250,25000000.000
16510,2008,-19.531250,25000000.000
16511,2007,-20.019531,25000000.000
16512,2007,-20.019531,25000000.000
16513,2010,-18.554688,25000000.000
16514,2012,-17.578125,25000000.000
16515,2012,-17.578125,25000000.000
16516,2018,-14.648438,25000000.000
16517,2024,-11.718750,25000000.000
16518,2029,-9.277344,25000000.000
16519,2029,-9.277344,25000000.000
16520,2038,-4.882812,25000000.000
16521,2046,-0.976562,25000000.000
16522,2052,1.953125,25000000.000
16523,2052,1.953125,25000000.000
16524,2063,7.324219,25000000.000
16525,2068,9.765625,25000000.000
16526,2074,12.695312,25000000.000
16527,2073,12.207031,25000000.000
16528,2080,15.625000,25000000.000
16529,2082,16.601562,25000000.000
16530,2085,18.066406,25000000.000
16531,2084,17.578125,25000000.000
16532,2085,18.066406,25000000.000
16533,2084,17.578125,25000000.000
16534,2081,16.113281,25000000.000
16535,2081,16.113281,25000000.000
16536,2074,12.695312,25000000.000
16537,2070,10.742188,25000000.000
16538,2064,7.812500,25000000.000
16539,2064,7.812500,25000000.000
16540,2053,2.441406,25000000.000
16541,2048,0.000000,25000000.000
16542,2042,-2.929688,25000000.000
16543,2042,-2.929688,25000000.000
16544,2031,-8.300781,25000000.000
16545,2025,-11.230469,25000000.000
16546,2020,-13.671875,25000000.000
16547,2020,-13.671875,25000000.000
16548,2013,-17.089844,25000000.000
16549,2009,-19.042969,25000000.000
16550,2008,-19.531250,25000000.000
16551,2008,-19.531250,25000000.000
16552,2008,-19.531250,25000000.000
16553,2009,-19.042969,25000000.000
16554,2010,-18.554688,25000000.000
16555,2010,-18.554688,25000000.000
16556,2015,-16.113281,25000000.000
16557,2021,-13.183594,25000000.000
16558,2024,-11.718750,25000000.000
16559,2025,-11.230469,25000000.000
16560,2036,-5.859375,25000000.000
16561,2042,-2.929688,25000000.000
16562,2048,0.000000,25000000.000
16563,2049,0.488281,25000000.000
16564,2059,5.371094,25000000.000
16565,2065,8.300781,25000000.000
16566,2071,11.230469,25000000.000
16567,2071,11.230469,25000000.000
16568,2078,14.648438,25000000.000
16569,2081,16.113281,25000000.000
16570,2084,17.578125,25000000.000
16571,2083,17.089844,25000000.000
16572,2085,18.066406,25000000.000
16573,2085,18.066406,25000000.000
16574,2083,17.089844,25000000.000
16575,2084,17.578125,25000000.000
16576,2078,14.648438,25000000.000
16577,2074,12.695312,25000000.000
16578,2070,10.742188,25000000.000
16579,2069,10.253906,25000000.000
16580,2058,4.882812,25000000.000
16581,2053,2.441406,25000000.000
16582,2047,-0.488281,25000000.000
16583,2047,-0.488281,25000000.000
16584,2035,-6.347656,25000000.000
16585,2029,-9.277344,25000000.000
16586,2024,-11.718750,25000000.000
16587,2024,-11.718750,25000000.000
16588,2016,-15.625000,25000000.000
16589,2012,-17.578125,25000000.000
16590,2010,-18.554688,25000000.000
16591,2009,-19.042969,25000000.000
16592,2007,-20.019531,25000000.000
16593,2007,-20.019531,25000000.000
16594,2007,-20.019531,25000000.000
16595,2008,-19.531250,25000000.000
16596,2011,-18.066406,25000000.000
16597,2016,-15.625000,25000000.000
16598,2020,-13.671875,25000000.000
16599,2020,-13.671875,25000000.000
16600,2029,-9.277344,25000000.000
16601,2035,-6.347656,25000000.000
16602,2040,-3.906250,25000000.000
16603,2042,-2.929688,25000000.000
16604,2053,2.441406,25000000.000
16605,2058,4.882812,25000000.000
16606,2065,8.300781,25000000.000
16607,2065,8.300781,25000000.000
16608,2075,13.183594,25000000.000
16609,2078,14.648438,25000000.000
16610,2081,16.113281,25000000.000
16611,2082,16.601562,25000000.000
16612,2084,17.578125,25000000.000
16613,2085,18.066406,25000000.000
16614,2084,17.578125,25000000.000
16615,2084,17.578125,25000000.000
16616,2080,15.625000,25000000.000
16617,2077,14.160156,25000000.000
16618,2073,12.207031,25000000.000
16619,2073,12.207031,25000000.000
16620,2064,7.812500,25000000.000
16621,2057,4.394531,25000000.000
16622,2052,1.953125,25000000.000
16623,2053,2.441406,25000000.000
16624,2040,-3.906250,25000000.000
16625,2034,-6.835938,25000000.000
16626,2028,-9.765625,25000000.000
16627,2029,-9.277344,25000000.000
16628,2020,-13.671875,25000000.000
16629,2015,-16.113281,25000000.000
16630,2012,-17.578125,25000000.000
16631,2012,-17.578125,25000000.000
16632,2008,-19.531250,25000000.000
16633,2007,-20.019531,25000000.000
16634,2006,-20.507812,25000000.000
16635,2005,-20.996094,25000000.000
16636,2009,-19.042969,25000000.000
16637,2012,-17.578125,25000000.000
16638,2015,-16.113281,25000000.000
16639,2015,-16.113281,25000000.000
16640,2024,-11.718750,25000000.000
16641,2030,-8.789062,25000000.000
16642,2035,-6.347656,25000000.000
16643,2036,-5.859375,25000000.000
16644,2048,0.000000,25000000.000
16645,2053,2.441406,25000000.000
16646,2059,5.371094,25000000.000
16647,2060,5.859375,25000000.000
16648,2070,10.742188,25000000.000
16649,2074,12.695312,25000000.000
16650,2079,15.136719,25000000.000
16651,2079,15.136719,25000000.000
16652,2083,17.089844,25000000.000
16653,2084,17.578125,25000000.000
16654,2084,17.578125,25000000.000
16655,2085,18.066406,25000000.000
16656,2083,17.089844,25000000.000
16657,2081,16.113281,25000000.000
16658,2076,13.671875,25000000.000
16659,2075,13.183594,25000000.000
16660,2068,9.765625,25000000.000
16661,2062,6.835938,25000000.000
16662,2057,4.394531,25000000.000
16663,2056,3.906250,25000000.000
16664,2045,-1.464844,25000000.000
16665,2040,-3.906250,25000000.000
16666,2034,-6.835938,25000000.000
16667,2033,-7.324219,25000000.000
16668,2023,-12.207031,25000000.000
16669,2018,-14.648438,25000000.000
16670,2013,-17.089844,25000000.000
16671,2014,-16.601562,25000000.000
16672,2008,-19.531250,25000000.000
16673,2006,-20.507812,25000000.000
16674,2006,-20.507812,25000000.000
16675,2006,-20.507812,25000000.000
16676,2008,-19.531250,25000000.000
16677,2010,-18.554688,25000000.000
16678,2013,-17.089844,25000000.000
16679,2013,-17.089844,25000000.000
16680,2021,-13.183594,25000000.000
16681,2025,-11.230469,25000000.000
16682,2031,-8.300781,25000000.000
16683,2032,-7.812500,25000000.000
16684,2043,-2.441406,25000000.000
16685,2050,0.976562,25000000.000
16686,2056,3.906250,25000000.000
16687,2056,3.906250,25000000.000
16688,2066,8.789062,25000000.000
16689,2071,11.230469,25000000.000
16690,2075,13.183594,25000000.000
16691,2077,14.160156,25000000.000
16692,2082,16.601562,25000000.000
16693,2084,17.578125,25000000.000
16694,2086,18.554688,25000000.000
16695,2085,18.066406,25000000.000
16696,2084,17.578125,25000000.000
16697,2083,17.089844,25000000.000
16698,2079,15.136719,25000000.000
16699,2078,14.648438,25000000.000
16700,2073,12.207031,25000000.000
16701,2068,9.765625,25000000.000
16702,2062,6.835938,25000000.000
16703,2061,6.347656,25000000.000
16704,2051,1.464844,25000000.000
16705,2045,-1.464844,25000000.000
16706,2040,-3.906250,25000000.000
16707,2039,-4.394531,25000000.000
16708,2028,-9.765625,25000000.000
16709,2023,-12.207031,25000000.000
16710,2018,-14.648438,25000000.000
16711,2019,-14.160156,25000000.000
16712,2010,-18.554688,25000000.000
16713,2008,-19.531250,25000000.000
16714,2006,-20.507812,25000000.000
16715,2007,-20.019531,25000000.000
16716,2007,-20.019531,25000000.000
16717,2008,-19.531250,25000000.000
16718,2011,-18.066406,25000000.000
16719,2011,-18.066406,25000000.000
16720,2017,-15.136719,25000000.000
16721,2021,-13.183594,25000000.000
16722,2027,-10.253906,25000000.000
16723,2027,-10.253906,25000000.000
16724,2038,-4.882812,25000000.000
16725,2045,-1.464844,25000000.000
16726,2052,1.953125,25000000.000
16727,2052,1.953125,25000000.000
16728,2062,6.835938,25000000.000
16729,2069,10.253906,25000000.000
16730,2073,12.207031,25000000.000
16731,2074,12.695312,25000000.000
16732,2081,16.113281,25000000.000
16733,2083,17.089844,25000000.000
16734,2086,18.554688,25000000.000
16735,2085,18.066406,25000000.000
16736,2086,18.554688,25000000.000
16737,2085,18.066406,25000000.000
16738,2083,17.089844,25000000.000
16739,2082,16.601562,25000000.000
16740,2076,13.671875,25000000.000
16741,2071,11.230469,25000000.000
16742,2067,9.277344,25000000.000
16743,2065,8.300781,25000000.000
16744,2055,3.417969,25000000.000
16745,2049,0.488281,25000000.000
16746,2043,-2.441406,25000000.000
16747,2043,-2.441406,25000000.000
16748,2031,-8.300781,25000000.000
16749,2026,-10.742188,25000000.000
16750,2021,-13.183594,25000000.000
16751,2021,-13.183594,25000000.000
16752,2013,-17.089844,25000000.000
16753,2011,-18.066406,25000000.000
16754,2008,-19.531250,25000000.000
16755,2008,-19.531250,25000000.000
16756,2007,-20.019531,25000000.000
16757,2007,-20.019531,25000000.000
16758,2010,-18.554688,25000000.000
16759,2009,-19.042969,25000000.000
16760,2013,-17.089844,25000000.000
16761,2018,-14.648438,25000000.000
16762,2021,-13.183594,25000000.000
16763,2024,-11.718750,25000000.000
16764,2033,-7.324219,25000000.000
16765,2039,-4.394531,25000000.000
16766,2045,-1.464844,25000000.000
16767,2045,-1.464844,25000000.000
16768,2057,4.394531,25000000.000
16769,2063,7.324219,25000000.000
16770,2068,9.765625,25000000.000
16771,2069,10.253906,25000000.000
16772,2077,14.160156,25000000.000
16773,2079,15.136719,25000000.000
16774,2082,16.601562,25000000.000
16775,2082,16.601562,25000000.000
16776,2085,18.066406,25000000.000
16777,2086,18.554688,25000000.000
16778,2084,17.578125,25000000.000
16779,2083,17.089844,25000000.000
16780,2079,15.136719,25000000.000
16781,2075,13.183594,25000000.000
16782,2070,10.742188,25000000.000
16783,2070,10.742188,25000000.000
16784,2061,6.347656,25000000.000
16785,2055,3.417969,25000000.000
16786,2048,0.000000,25000000.000
16787,2048,0.000000,25000000.000
16788,2038,-4.882812,25000000.000
16789,2032,-7.812500,25000000.000
16790,2026,-10.742188,25000000.000
16791,2026,-10.742188,25000000.000
16792,2016,-15.625000,25000000.000
16793,2014,-16.601562,25000000.000
16794,2010,-18.554688,25000000.000
16795,2009,-19.042969,25000000.000
16796,2007,-20.019531,25000000.000
16797,2007,-20.019531,25000000.000
16798,2008,-19.531250,25000000.000
16799,2008,-19.531250,25000000.000
16800,2011,-18.066406,25000000.000
16801,2015,-16.113281,25000000.000
16802,2019,-14.160156,25000000.000
16803,2019,-14.160156,25000000.000
16804,2029,-9.277344,25000000.000
16805,2035,-6.347656,25000000.000
16806,2040,-3.906250,25000000.000
16807,2041,-3.417969,25000000.000
16808,2052,1.953125,25000000.000
16809,2058,4.882812,25000000.000
16810,2063,7.324219,25000000.000
16811,2064,7.812500,25000000.000
16812,2073,12.207031,25000000.000
16813,2078,14.648438,25000000.000
16814,2081,16.113281,25000000.000
16815,2081,16.113281,25000000.000
16816,2084,17.578125,25000000.000
16817,2085,18.066406,25000000.000
16818,2085,18.066406,25000000.000
16819,2084,17.578125,25000000.000
16820,2081,16.113281,25000000.000
16821,2076,13.671875,25000000.000
16822,2074,12.695312,25000000.000
16823,2074,12.695312,25000000.000
16824,2062,6.835938,25000000.000
16825,2062,6.835938,25000000.000
16826,2050,0.976562,25000000.000
16827,2052,1.953125,25000000.000
16828,2040,-3.906250,25000000.000
16829,2034,-6.835938,25000000.000
16830,2029,-9.277344,25000000.000
16831,2029,-9.277344,25000000.000
16832,2021,-13.183594,25000000.000
16833,2015,-16.113281,25000000.000
16834,2012,-17.578125,25000000.000
16835,2011,-18.066406,25000000.000
16836,2007,-20.019531,25000000.000
16837,2006,-20.507812,25000000.000
16838,2007,-20.019531,25000000.000
16839,2006,-20.507812,25000000.000
16840,2008,-19.531250,25000000.000
16841,2012,-17.578125,25000000.000
16842,2015,-16.113281,25000000.000
16843,2015,-16.113281,25000000.000
16844,2023,-12.207031,25000000.000
16845,2029,-9.277344,25000000.000
16846,2035,-6.347656,25000000.000
16847,2036,-5.859375,25000000.000
16848,2046,-0.976562,25000000.000
16849,2053,2.441406,25000000.000
16850,2059,5.371094,25000000.000
16851,2060,5.859375,25000000.000
16852,2071,11.230469,25000000.000
16853,2074,12.695312,25000000.000
16854,2079,15.136719,25000000.000
16855,2078,14.648438,25000000.000
16856,2083,17.089844,25000000.000
16857,2085,18.066406,25000000.000
16858,2085,18.066406,25000000.000
16859,2084,17.578125,25000000.000
16860,2083,17.089844,25000000.000
16861,2081,16.113281,25000000.000
16862,2077,14.160156,25000000.000
16863,2077,14.160156,25000000.000
16864,2068,9.765625,25000000.000
16865,2064,7.812500,25000000.000
16866,2058,4.882812,25000000.000
16867,2058,4.882812,25000000.000
16868,2047,-0.488281,25000000.000
16869,2041,-3.417969,25000000.000
16870,2034,-6.835938,25000000.000
16871,2033,-7.324219,25000000.000
16872,2023,-12.207031,25000000.000
16873,2018,-14.648438,25000000.000
16874,2015,-16.113281,25000000.000
16875,2014,-16.601562,25000000.000
16876,2012,-17.578125,25000000.000
16877,2005,-20.996094,25000000.000
16878,2005,-20.996094,25000000.000
16879,2007,-20.019531,25000000.000
16880,2007,-20.019531,25000000.000
16881,2008,-19.531250,25000000.000
16882,2012,-17.578125,25000000.000
16883,2012,-17.578125,25000000.000
16884,2020,-13.671875,25000000.000
16885,2025,-11.230469,25000000.000
16886,2030,-8.789062,25000000.000
16887,2031,-8.300781,25000000.000
16888,2042,-2.929688,25000000.000
16889,2048,0.000000,25000000.000
16890,2054,2.929688,25000000.000
16891,2053,2.441406,25000000.000
16892,2065,8.300781,25000000.000
16893,2071,11.230469,25000000.000
16894,2077,14.160156,25000000.000
16895,2075,13.183594,25000000.000
16896,2082,16.601562,25000000.000
16897,2084,17.578125,25000000.000
16898,2085,18.066406,25000000.000
16899,2085,18.066406,25000000.000
16900,2085,18.066406,25000000.000
16901,2083,17.089844,25000000.000
16902,2081,16.113281,25000000.000
16903,2081,16.113281,25000000.000
16904,2074,12.695312,25000000.000
16905,2068,9.765625,25000000.000
16906,2064,7.812500,25000000.000
16907,2063,7.324219,25000000.000
16908,2052,1.953125,25000000.000
16909,2047,-0.488281,25000000.000
16910,2040,-3.906250,25000000.000
16911,2040,-3.906250,25000000.000
16912,2029,-9.277344,25000000.000
16913,2023,-12.207031,25000000.000
16914,2018,-14.648438,25000000.000
16915,2018,-14.648438,25000000.000
16916,2013,-17.089844,25000000.000
16917,2009,-19.042969,25000000.000
16918,2007,-20.019531,25000000.000
16919,2007,-20.019531,25000000.000
16920,2007,-20.019531,25000000.000
16921,2008,-19.531250,25000000.000
16922,2010,-18.554688,25000000.000
16923,2011,-18.066406,25000000.000
16924,2015,-16.113281,25000000.000
16925,2021,-13.183594,25000000.000
16926,2027,-10.253906,25000000.000
16927,2026,-10.742188,25000000.000
16928,2036,-5.859375,25000000.000
16929,2043,-2.441406,25000000.000
16930,2049,0.488281,25000000.000
16931,2049,0.488281,25000000.000
16932,2060,5.859375,25000000.000
16933,2066,8.789062,25000000.000
16934,2070,10.742188,25000000.000
16935,2071,11.230469,25000000.000
16936,2080,15.625000,25000000.000
16937,2082,16.601562,25000000.000
16938,2083,17.089844,25000000.000
16939,2083,17.089844,25000000.000
16940,2085,18.066406,25000000.000
16941,2084,17.578125,25000000.000
16942,2082,16.601562,25000000.000
16943,2082,16.601562,25000000.000
16944,2077,14.160156,25000000.000
16945,2073,12.207031,25000000.000
16946,2069,10.253906,25000000.000
16947,2068,9.765625,25000000.000
16948,2058,4.882812,25000000.000
16949,2052,1.953125,25000000.000
16950,2046,-0.976562,25000000.000
16951,2045,-1.464844,25000000.000
16952,2035,-6.347656,25000000.000
16953,2028,-9.765625,25000000.000
16954,2023,-12.207031,25000000.000
16955,2023,-12.207031,25000000.000
16956,2014,-16.601562,25000000.000
16957,2011,-18.066406,25000000.000
16958,2010,-18.554688,25000000.000
16959,2009,-19.042969,25000000.000
16960,2008,-19.531250,25000000.000
16961,2006,-20.507812,25000000.000
16962,2009,-19.042969,25000000.000
16963,2008,-19.531250,25000000.000
16964,2014,-16.601562,25000000.000
16965,2018,-14.648438,25000000.000
16966,2022,-12.695312,25000000.000
16967,2022,-12.695312,25000000.000
16968,2032,-7.812500,25000000.000
16969,2037,-5.371094,25000000.000
16970,2043,-2.441406,25000000.000
16971,2045,-1.464844,25000000.000
16972,2056,3.906250,25000000.000
16973,2062,6.835938,25000000.000
16974,2066,8.789062,25000000.000
16975,2068,9.765625,25000000.000
16976,2076,13.671875,25000000.000
16977,2080,15.625000,25000000.000
16978,2084,17.578125,25000000.000
16979,2083,17.089844,25000000.000
16980,2086,18.554688,25000000.000
16981,2086,18.554688,25000000.000
16982,2085,18.066406,25000000.000
16983,2084,17.578125,25000000.000
16984,2080,15.625000,25000000.000
16985,2076,13.671875,25000000.000
16986,2072,11.718750,25000000.000
16987,2072,11.718750,25000000.000
16988,2063,7.324219,25000000.000
16989,2057,4.394531,25000000.000
16990,2050,0.976562,25000000.000
16991,2050,0.976562,25000000.000
16992,2039,-4.394531,25000000.000
16993,2032,-7.812500,25000000.000
16994,2027,-10.253906,25000000.000
16995,2028,-9.765625,25000000.000
16996,2018,-14.648438,25000000.000
16997,2014,-16.601562,25000000.000
16998,2011,-18.066406,25000000.000
16999,2011,-18.066406,25000000.000
17000,2006,-20.507812,25000000.000
17001,2006,-20.507812,25000000.000
17002,2007,-20.019531,25000000.000
17003,2006,-20.507812,25000000.000
17004,2010,-18.554688,25000000.000
17005,2014,-16.601562,25000000.000
17006,2017,-15.136719,25000000.000
17007,2017,-15.136719,25000000.000
17008,2026,-10.742188,25000000.000
17009,2031,-8.300781,25000000.000
17010,2037,-5.371094,25000000.000
17011,2038,-4.882812,25000000.000
17012,2049,0.488281,25000000.000
17013,2056,3.906250,25000000.000
17014,2061,6.347656,25000000.000
17015,2062,6.835938,25000000.000
17016,2071,11.230469,25000000.000
17017,2076,13.671875,25000000.000
17018,2079,15.136719,25000000.000
17019,2080,15.625000,25000000.000
17020,2084,17.578125,25000000.000
17021,2085,18.066406,25000000.000
17022,2085,18.066406,25000000.000
17023,2085,18.066406,25000000.000
17024,2082,16.601562,25000000.000
17025,2079,15.136719,25000000.000
17026,2076,13.671875,25000000.000
17027,2075,13.183594,25000000.000
17028,2066,8.789062,25000000.000
17029,2060,5.859375,25000000.000
17030,2055,3.417969,25000000.000
17031,2054,2.929688,25000000.000
17032,2044,-1.953125,25000000.000
17033,2038,-4.882812,25000000.000
17034,2032,-7.812500,25000000.000
17035,2031,-8.300781,25000000.000
17036,2021,-13.183594,25000000.000
17037,2017,-15.136719,25000000.000
17038,2012,-17.578125,25000000.000
17039,2013,-17.089844,25000000.000
17040,2007,-20.019531,25000000.000
17041,2007,-20.019531,25000000.000
17042,2006,-20.507812,25000000.000
17043,2007,-20.019531,25000000.000
17044,2007,-20.019531,25000000.000
17045,2010,-18.554688,25000000.000
17046,2014,-16.601562,25000000.000
17047,2013,-17.089844,25000000.000
17048,2022,-12.695312,25000000.000
17049,2027,-10.253906,25000000.000
17050,2033,-7.324219,25000000.000
17051,2033,-7.324219,25000000.000
17052,2045,-1.464844,25000000.000
17053,2050,0.976562,25000000.000
17054,2056,3.906250,25000000.000
17055,2057,4.394531,25000000.000
17056,2067,9.277344,25000000.000
17057,2072,11.718750,25000000.000
17058,2077,14.160156,25000000.000
17059,2076,13.671875,25000000.000
17060,2082,16.601562,25000000.000
17061,2084,17.578125,25000000.000
17062,2085,18.066406,25000000.000
17063,2084,17.578125,25000000.000
17064,2083,17.089844,25000000.000
17065,2081,16.113281,25000000.000
17066,2079,15.136719,25000000.000
17067,2079,15.136719,25000000.000
17068,2070,10.742188,25000000.000
17069,2064,7.812500,25000000.000
17070,2060,5.859375,25000000.000
17071,2060,5.859375,25000000.000
17072,2049,0.488281,25000000.000
17073,2043,-2.441406,25000000.000
17074,2037,-5.371094,25000000.000
17075,2036,-5.859375,25000000.000
17076,2027,-10.253906,25000000.000
17077,2021,-13.183594,25000000.000
17078,2017,-15.136719,25000000.000
17079,2017,-15.136719,25000000.000
17080,2009,-19.042969,25000000.000
17081,2008,-19.531250,25000000.000
17082,2007,-20.019531,25000000.000
17083,2006,-20.507812,25000000.000
17084,2007,-20.019531,25000000.000
17085,2008,-19.531250,25000000.000
17086,2010,-18.554688,25000000.000
17087,2010,-18.554688,25000000.000
17088,2019,-14.160156,25000000.000
17089,2023,-12.207031,25000000.000
17090,2028,-9.765625,25000000.000
17091,2029,-9.277344,25000000.000
17092,2040,-3.906250,25000000.000
17093,2046,-0.976562,25000000.000
17094,2052,1.953125,25000000.000
17095,2052,1.953125,25000000.000
17096,2062,6.835938,25000000.000
17097,2069,10.253906,25000000.000
17098,2073,12.207031,25000000.000
17099,2073,12.207031,25000000.000
17100,2080,15.625000,25000000.000
17101,2082,16.601562,25000000.000
17102,2085,18.066406,25000000.000
17103,2084,17.578125,25000000.000
17104,2085,18.066406,25000000.000
17105,2083,17.089844,25000000.000
17106,2081,16.113281,25000000.000
17107,2081,16.113281,25000000.000
17108,2075,13.183594,25000000.000
17109,2070,10.742188,25000000.000
17110,2067,9.277344,25000000.000
17111,2065,8.300781,25000000.000
17112,2054,2.929688,25000000.000
17113,2049,0.488281,25000000.000
17114,2044,-1.953125,25000000.000
17115,2043,-2.441406,25000000.000
17116,2032,-7.812500,25000000.000
17117,2026,-10.742188,25000000.000
17118,2022,-12.695312,25000000.000
17119,2021,-13.183594,25000000.000
17120,2014,-16.601562,25000000.000
17121,2010,-18.554688,25000000.000
17122,2010,-18.554688,25000000.000
17123,2009,-19.042969,25000000.000
17124,2008,-19.531250,25000000.000
17125,2008,-19.531250,25000000.000
17126,2011,-18.066406,25000000.000
17127,2011,-18.066406,25000000.000
17128,2016,-15.625000,25000000.000
17129,2021,-13.183594,25000000.000
17130,2023,-12.207031,25000000.000
17131,2025,-11.230469,25000000.000
17132,2035,-6.347656,25000000.000
17133,2040,-3.906250,25000000.000
17134,2047,-0.488281,25000000.000
17135,2047,-0.488281,25000000.000
17136,2058,4.882812,25000000.000
17137,2064,7.812500,25000000.000
17138,2068,9.765625,25000000.000
17139,2069,10.253906,25000000.000
17140,2077,14.160156,25000000.000
17141,2080,15.625000,25000000.000
17142,2082,16.601562,25000000.000
17143,2083,17.089844,25000000.000
17144,2083,17.089844,25000000.000
17145,2084,17.578125,25000000.000
17146,2082,16.601562,25000000.000
17147,2082,16.601562,25000000.000
17148,2077,14.160156,25000000.000
17149,2075,13.183594,25000000.000
17150,2069,10.253906,25000000.000
17151,2069,10.253906,25000000.000
17152,2059,5.371094,25000000.000
17153,2054,2.929688,25000000.000
17154,2047,-0.488281,25000000.000
17155,2047,-0.488281,25000000.000
17156,2036,-5.859375,25000000.000
17157,2031,-8.300781,25000000.000
17158,2026,-10.742188,25000000.000
17159,2025,-11.230469,25000000.000
17160,2016,-15.625000,25000000.000
17161,2012,-17.578125,25000000.000
17162,2010,-18.554688,25000000.000
17163,2010,-18.554688,25000000.000
17164,2007,-20.019531,25000000.000
17165,2007,-20.019531,25000000.000
17166,2008,-19.531250,25000000.000
17167,2008,-19.531250,25000000.000
17168,2013,-17.089844,25000000.000
17169,2016,-15.625000,25000000.000
17170,2020,-13.671875,25000000.000
17171,2020,-13.671875,25000000.000
17172,2032,-7.812500,25000000.000
17173,2033,-7.324219,25000000.000
17174,2043,-2.441406,25000000.000
17175,2037,-5.371094,25000000.000
17176,2054,2.929688,25000000.000
17177,2060,5.859375,25000000.000
17178,2064,7.812500,25000000.000
17179,2065,8.300781,25000000.000
17180,2074,12.695312,25000000.000
17181,2078,14.648438,25000000.000
17182,2082,16.601562,25000000.000
17183,2082,16.601562,25000000.000
17184,2085,18.066406,25000000.000
17185,2085,18.066406,25000000.000
17186,2084,17.578125,25000000.000
17187,2083,17.089844,25000000.000
17188,2080,15.625000,25000000.000
17189,2076,13.671875,25000000.000
17190,2072,11.718750,25000000.000
17191,2072,11.718750,25000000.000
17192,2063,7.324219,25000000.000
17193,2058,4.882812,25000000.000
17194,2051,1.464844,25000000.000
17195,2051,1.464844,25000000.000
17196,2040,-3.906250,25000000.000
17197,2035,-6.347656,25000000.000
17198,2029,-9.277344,25000000.000
17199,2027,-10.253906,25000000.000
17200,2019,-14.160156,25000000.000
17201,2016,-15.625000,25000000.000
17202,2012,-17.578125,25000000.000
17203,2012,-17.578125,25000000.000
17204,2009,-19.042969,25000000.000
17205,2008,-19.531250,25000000.000
17206,2008,-19.531250,25000000.000
17207,2007,-20.019531,25000000.000
17208,2011,-18.066406,25000000.000
17209,2013,-17.089844,25000000.000
17210,2017,-15.136719,25000000.000
17211,2016,-15.625000,25000000.000
17212,2026,-10.742188,25000000.000
17213,2031,-8.300781,25000000.000
17214,2037,-5.371094,25000000.000
17215,2038,-4.882812,25000000.000
17216,2047,-0.488281,25000000.000
17217,2054,2.929688,25000000.000
17218,2059,5.371094,25000000.000
17219,2061,6.347656,25000000.000
17220,2070,10.742188,25000000.000
17221,2075,13.183594,25000000.000
17222,2077,14.160156,25000000.000
17223,2079,15.136719,25000000.000
17224,2081,16.113281,25000000.000
17225,2081,16.113281,25000000.000
17226,2084,17.578125,25000000.000
17227,2083,17.089844,25000000.000
17228,2081,16.113281,25000000.000
17229,2078,14.648438,25000000.000
17230,2075,13.183594,25000000.000
17231,2075,13.183594,25000000.000
17232,2068,9.765625,25000000.000
17233,2061,6.347656,25000000.000
17234,2056,3.906250,25000000.000
17235,2057,4.394531,25000000.000
17236,2045,-1.464844,25000000.000
17237,2039,-4.394531,25000000.000
17238,2034,-6.835938,25000000.000
17239,2033,-7.324219,25000000.000
17240,2024,-11.718750,25000000.000
17241,2020,-13.671875,25000000.000
17242,2016,-15.625000,25000000.000
17243,2016,-15.625000,25000000.000
17244,2010,-18.554688,25000000.000
17245,2009,-19.042969,25000000.000
17246,2008,-19.531250,25000000.000
17247,2007,-20.019531,25000000.000
17248,2010,-18.554688,25000000.000
17249,2010,-18.554688,25000000.000
17250,2013,-17.089844,25000000.000
17251,2015,-16.113281,25000000.000
17252,2022,-12.695312,25000000.000
17253,2027,-10.253906,25000000.000
17254,2031,-8.300781,25000000.000
17255,2032,-7.812500,25000000.000
17256,2044,-1.953125,25000000.000
17257,2050,0.976562,25000000.000
17258,2055,3.417969,25000000.000
17259,2055,3.417969,25000000.000
17260,2065,8.300781,25000000.000
17261,2069,10.253906,25000000.000
17262,2075,13.183594,25000000.000
17263,2074,12.695312,25000000.000
17264,2080,15.625000,25000000.000
17265,2081,16.113281,25000000.000
17266,2083,17.089844,25000000.000
17267,2084,17.578125,25000000.000
17268,2081,16.113281,25000000.000
17269,2082,16.601562,25000000.000
17270,2079,15.136719,25000000.000
17271,2078,14.648438,25000000.000
17272,2071,11.230469,25000000.000
17273,2067,9.277344,25000000.000
17274,2061,6.347656,25000000.000
17275,2061,6.347656,25000000.000
17276,2051,1.464844,25000000.000
17277,2045,-1.464844,25000000.000
17278,2040,-3.906250,25000000.000
17279,2039,-4.394531,25000000.000
17280,2028,-9.765625,25000000.000
17281,2024,-11.718750,25000000.000
17282,2019,-14.160156,25000000.000
17283,2019,-14.160156,25000000.000
17284,2012,-17.578125,25000000.000
17285,2010,-18.554688,25000000.000
17286,2008,-19.531250,25000000.000
17287,2009,-19.042969,25000000.000
17288,2009,-19.042969,25000000.000
17289,2010,-18.554688,25000000.000
17290,2012,-17.578125,25000000.000
17291,2012,-17.578125,25000000.000
17292,2019,-14.160156,25000000.000
17293,2022,-12.695312,25000000.000
17294,2027,-10.253906,25000000.000
17295,2027,-10.253906,25000000.000
17296,2038,-4.882812,25000000.000
17297,2044,-1.953125,25000000.000
17298,2050,0.976562,25000000.000
17299,2051,1.464844,25000000.000
17300,2061,6.347656,25000000.000
17301,2066,8.789062,25000000.000
17302,2071,11.230469,25000000.000
17303,2071,11.230469,25000000.000
17304,2079,15.136719,25000000.000
17305,2080,15.625000,25000000.000
17306,2082,16.601562,25000000.000
17307,2083,17.089844,25000000.000
17308,2083,17.089844,25000000.000
17309,2082,16.601562,25000000.000
17310,2081,16.113281,25000000.000
17311,2080,15.625000,25000000.000
17312,2075,13.183594,25000000.000
17313,2071,11.230469,25000000.000
17314,2066,8.789062,25000000.000
17315,2065,8.300781,25000000.000
17316,2055,3.417969,25000000.000
17317,2050,0.976562,25000000.000
17318,2045,-1.464844,25000000.000
17319,2044,-1.953125,25000000.000
17320,2034,-6.835938,25000000.000
17321,2028,-9.765625,25000000.000
17322,2024,-11.718750,25000000.000
17323,2023,-12.207031,25000000.000
17324,2017,-15.136719,25000000.000
17325,2012,-17.578125,25000000.000
17326,2011,-18.066406,25000000.000
17327,2010,-18.554688,25000000.000
17328,2009,-19.042969,25000000.000
17329,2010,-18.554688,25000000.000
17330,2011,-18.066406,25000000.000
17331,2011,-18.066406,25000000.000
17332,2016,-15.625000,25000000.000
17333,2019,-14.160156,25000000.000
17334,2023,-12.207031,25000000.000
17335,2024,-11.718750,25000000.000
17336,2034,-6.835938,25000000.000
17337,2040,-3.906250,25000000.000
17338,2047,-0.488281,25000000.000
17339,2045,-1.464844,25000000.000
17340,2056,3.906250,25000000.000
17341,2062,6.835938,25000000.000
17342,2068,9.765625,25000000.000
17343,2067,9.277344,25000000.000
17344,2076,13.671875,25000000.000
17345,2080,15.625000,25000000.000
17346,2082,16.601562,25000000.000
17347,2082,16.601562,25000000.000
17348,2084,17.578125,25000000.000
17349,2084,17.578125,25000000.000
17350,2082,16.601562,25000000.000
17351,2082,16.601562,25000000.000
17352,2078,14.648438,25000000.000
17353,2075,13.183594,25000000.000
17354,2070,10.742188,25000000.000
17355,2070,10.742188,25000000.000
17356,2060,5.859375,25000000.000
17357,2056,3.906250,25000000.000
17358,2049,0.488281,25000000.000
17359,2049,0.488281,25000000.000
17360,2038,-4.882812,25000000.000
17361,2034,-6.835938,25000000.000
17362,2028,-9.765625,25000000.000
17363,2027,-10.253906,25000000.000
17364,2018,-14.648438,25000000.000
17365,2015,-16.113281,25000000.000
17366,2013,-17.089844,25000000.000
17367,2013,-17.089844,25000000.000
17368,2010,-18.554688,25000000.000
17369,2008,-19.531250,25000000.000
17370,2009,-19.042969,25000000.000
17371,2009,-19.042969,25000000.000
17372,2013,-17.089844,25000000.000
17373,2017,-15.136719,25000000.000
17374,2020,-13.671875,25000000.000
17375,2021,-13.183594,25000000.000
17376,2028,-9.765625,25000000.000
17377,2031,-8.300781,25000000.000
17378,2042,-2.929688,25000000.000
17379,2046,-0.976562,25000000.000
17380,2053,2.441406,25000000.000
17381,2055,3.417969,25000000.000
17382,2063,7.324219,25000000.000
17383,2064,7.812500,25000000.000
17384,2070,10.742188,25000000.000
17385,2076,13.671875,25000000.000
17386,2077,14.160156,25000000.000
17387,2079,15.136719,25000000.000
17388,2081,16.113281,25000000.000
17389,2081,16.113281,25000000.000
17390,2082,16.601562,25000000.000
17391,2081,16.113281,25000000.000
17392,2078,14.648438,25000000.000
17393,2075,13.183594,25000000.000
17394,2071,11.230469,25000000.000
17395,2072,11.718750,25000000.000
17396,2064,7.812500,25000000.000
17397,2059,5.371094,25000000.000
17398,2053,2.441406,25000000.000
17399,2052,1.953125,25000000.000
17400,2042,-2.929688,25000000.000
17401,2036,-5.859375,25000000.000
17402,2032,-7.812500,25000000.000
17403,2031,-8.300781,25000000.000
17404,2022,-12.695312,25000000.000
17405,2017,-15.136719,25000000.000
17406,2015,-16.113281,25000000.000
17407,2014,-16.601562,25000000.000
17408,2010,-18.554688,25000000.000
17409,2009,-19.042969,25000000.000
17410,2009,-19.042969,25000000.000
17411,2008,-19.531250,25000000.000
17412,2010,-18.554688,25000000.000
17413,2013,-17.089844,25000000.000
17414,2016,-15.625000,25000000.000
17415,2016,-15.625000,25000000.000
17416,2024,-11.718750,25000000.000
17417,2030,-8.789062,25000000.000
17418,2035,-6.347656,25000000.000
17419,2036,-5.859375,25000000.000
17420,2047,-0.488281,25000000.000
17421,2052,1.953125,25000000.000
17422,2057,4.394531,25000000.000
17423,2058,4.882812,25000000.000
17424,2067,9.277344,25000000.000
17425,2072,11.718750,25000000.000
17426,2076,13.671875,25000000.000
17427,2075,13.183594,25000000.000
17428,2081,16.113281,25000000.000
17429,2081,16.113281,25000000.000
17430,2082,16.601562,25000000.000
17431,2082,16.601562,25000000.000
17432,2080,15.625000,25000000.000
17433,2078,14.648438,25000000.000
17434,2075,13.183594,25000000.000
17435,2074,12.695312,25000000.000
17436,2067,9.277344,25000000.000
17437,2063,7.324219,25000000.000
17438,2057,4.394531,25000000.000
17439,2058,4.882812,25000000.000
17440,2047,-0.488281,25000000.000
17441,2039,-4.394531,25000000.000
17442,2036,-5.859375,25000000.000
17443,2035,-6.347656,25000000.000
17444,2025,-11.230469,25000000.000
17445,2021,-13.183594,25000000.000
17446,2018,-14.648438,25000000.000
17447,2017,-15.136719,25000000.000
17448,2010,-18.554688,25000000.000
17449,2010,-18.554688,25000000.000
17450,2009,-19.042969,25000000.000
17451,2009,-19.042969,25000000.000
17452,2010,-18.554688,25000000.000
17453,2011,-18.066406,25000000.000
17454,2014,-16.601562,25000000.000
17455,2014,-16.601562,25000000.000
17456,2021,-13.183594,25000000.000
17457,2026,-10.742188,25000000.000
17458,2031,-8.300781,25000000.000
17459,2031,-8.300781,25000000.000
17460,2042,-2.929688,25000000.000
17461,2048,0.000000,25000000.000
17462,2053,2.441406,25000000.000
17463,2053,2.441406,25000000.000
17464,2065,8.300781,25000000.000
17465,2068,9.765625,25000000.000
17466,2072,11.718750,25000000.000
17467,2073,12.207031,25000000.000
17468,2078,14.648438,25000000.000
17469,2081,16.113281,25000000.000
17470,2082,16.601562,25000000.000
17471,2081,16.113281,25000000.000
17472,2081,16.113281,25000000.000
17473,2079,15.136719,25000000.000
17474,2077,14.160156,25000000.000
17475,2076,13.671875,25000000.000
17476,2070,10.742188,25000000.000
17477,2067,9.277344,25000000.000
17478,2062,6.835938,25000000.000
17479,2061,6.347656,25000000.000
17480,2051,1.464844,25000000.000
17481,2045,-1.464844,25000000.000
17482,2041,-3.417969,25000000.000
17483,2040,-3.906250,25000000.000
17484,2031,-8.300781,25000000.000
17485,2026,-10.742188,25000000.000
17486,2021,-13.183594,25000000.000
17487,2021,-13.183594,25000000.000
17488,2015,-16.113281,25000000.000
17489,2013,-17.089844,25000000.000
17490,2011,-18.066406,25000000.000
17491,2010,-18.554688,25000000.000
17492,2010,-18.554688,25000000.000
17493,2011,-18.066406,25000000.000
17494,2012,-17.578125,25000000.000
17495,2013,-17.089844,25000000.000
17496,2018,-14.648438,25000000.000
17497,2023,-12.207031,25000000.000
17498,2028,-9.765625,25000000.000
17499,2028,-9.765625,25000000.000
17500,2037,-5.371094,25000000.000
17501,2044,-1.953125,25000000.000
17502,2049,0.488281,25000000.000
17503,2050,0.976562,25000000.000
17504,2061,6.347656,25000000.000
17505,2066,8.789062,25000000.000
17506,2070,10.742188,25000000.000
17507,2070,10.742188,25000000.000
17508,2077,14.160156,25000000.000
17509,2080,15.625000,25000000.000
17510,2081,16.113281,25000000.000
17511,2081,16.113281,25000000.000
17512,2082,16.601562,25000000.000
17513,2081,16.113281,25000000.000
17514,2080,15.625000,25000000.000
17515,2080,15.625000,25000000.000
17516,2074,12.695312,25000000.000
17517,2071,11.230469,25000000.000
17518,2066,8.789062,25000000.000
17519,2066,8.789062,25000000.000
17520,2055,3.417969,25000000.000
17521,2049,0.488281,25000000.000
17522,2042,-2.929688,25000000.000
17523,2044,-1.953125,25000000.000
17524,2037,-5.371094,25000000.000
17525,2029,-9.277344,25000000.000
17526,2025,-11.230469,25000000.000
17527,2023,-12.207031,25000000.000
17528,2016,-15.625000,25000000.000
17529,2013,-17.089844,25000000.000
17530,2011,-18.066406,25000000.000
17531,2011,-18.066406,25000000.000
17532,2010,-18.554688,25000000.000
17533,2009,-19.042969,25000000.000
17534,2012,-17.578125,25000000.000
17535,2010,-18.554688,25000000.000
17536,2016,-15.625000,25000000.000
17537,2020,-13.671875,25000000.000
17538,2024,-11.718750,25000000.000
17539,2024,-11.718750,25000000.000
17540,2033,-7.324219,25000000.000
17541,2041,-3.417969,25000000.000
17542,2045,-1.464844,25000000.000
17543,2046,-0.976562,25000000.000
17544,2056,3.906250,25000000.000
17545,2062,6.835938,25000000.000
17546,2067,9.277344,25000000.000
17547,2068,9.765625,25000000.000
17548,2075,13.183594,25000000.000
17549,2078,14.648438,25000000.000
17550,2081,16.113281,25000000.000
17551,2080,15.625000,25000000.000
17552,2083,17.089844,25000000.000
17553,2082,16.601562,25000000.000
17554,2082,16.601562,25000000.000
17555,2080,15.625000,25000000.000
17556,2076,13.671875,25000000.000
17557,2073,12.207031,25000000.000
17558,2070,10.742188,25000000.000
17559,2069,10.253906,25000000.000
17560,2059,5.371094,25000000.000
17561,2054,2.929688,25000000.000
17562,2049,0.488281,25000000.000
17563,2049,0.488281,25000000.000
17564,2039,-4.394531,25000000.000
17565,2033,-7.324219,25000000.000
17566,2028,-9.765625,25000000.000
17567,2027,-10.253906,25000000.000
17568,2020,-13.671875,25000000.000
17569,2016,-15.625000,25000000.000
17570,2015,-16.113281,25000000.000
17571,2014,-16.601562,25000000.000
17572,2011,-18.066406,25000000.000
17573,2007,-20.019531,25000000.000
17574,2010,-18.554688,25000000.000
17575,2011,-18.066406,25000000.000
17576,2014,-16.601562,25000000.000
17577,2018,-14.648438,25000000.000
17578,2021,-13.183594,25000000.000
17579,2020,-13.671875,25000000.000
17580,2029,-9.277344,25000000.000
17581,2034,-6.835938,25000000.000
17582,2040,-3.906250,25000000.000
17583,2041,-3.417969,25000000.000
17584,2052,1.953125,25000000.000
17585,2057,4.394531,25000000.000
17586,2062,6.835938,25000000.000
17587,2062,6.835938,25000000.000
17588,2071,11.230469,25000000.000
17589,2075,13.183594,25000000.000
17590,2079,15.136719,25000000.000
17591,2078,14.648438,25000000.000
17592,2082,16.601562,25000000.000
17593,2082,16.601562,25000000.000
17594,2081,16.113281,25000000.000
17595,2082,16.601562,25000000.000
17596,2079,15.136719,25000000.000
17597,2076,13.671875,25000000.000
17598,2072,11.718750,25000000.000
17599,2072,11.718750,25000000.000
17600,2063,7.324219,25000000.000
17601,2060,5.859375,25000000.000
17602,2053,2.441406,25000000.000
17603,2052,1.953125,25000000.000
17604,2043,-2.441406,25000000.000
17605,2036,-5.859375,25000000.000
17606,2031,-8.300781,25000000.000
17607,2031,-8.300781,25000000.000
17608,2023,-12.207031,25000000.000
17609,2019,-14.160156,25000000.000
17610,2015,-16.113281,25000000.000
17611,2015,-16.113281,25000000.000
17612,2011,-18.066406,25000000.000
17613,2009,-19.042969,25000000.000
17614,2011,-18.066406,25000000.000
17615,2010,-18.554688,25000000.000
17616,2011,-18.066406,25000000.000
17617,2013,-17.089844,25000000.000
17618,2017,-15.136719,25000000.000
17619,2018,-14.648438,25000000.000
17620,2025,-11.230469,25000000.000
17621,2030,-8.789062,25000000.000
17622,2035,-6.347656,25000000.000
17623,2035,-6.347656,25000000.000
17624,2046,-0.976562,25000000.000
17625,2050,0.976562,25000000.000
17626,2056,3.906250,25000000.000
17627,2056,3.906250,25000000.000
17628,2066,8.789062,25000000.000
17629,2071,11.230469,25000000.000
17630,2074,12.695312,25000000.000
17631,2076,13.671875,25000000.000
17632,2080,15.625000,25000000.000
17633,2081,16.113281,25000000.000
17634,2081,16.113281,25000000.000
17635,2082,16.601562,25000000.000
17636,2080,15.625000,25000000.000
17637,2079,15.136719,25000000.000
17638,2075,13.183594,25000000.000
17639,2076,13.671875,25000000.000
17640,2068,9.765625,25000000.000
17641,2063,7.324219,25000000.000
17642,2058,4.882812,25000000.000
17643,2058,4.882812,25000000.000
17644,2048,0.000000,25000000.000
17645,2043,-2.441406,25000000.000
17646,2036,-5.859375,25000000.000
17647,2036,-5.859375,25000000.000
17648,2027,-10.253906,25000000.000
17649,2022,-12.695312,25000000.000
17650,2017,-15.136719,25000000.000
17651,2018,-14.648438,25000000.000
17652,2012,-17.578125,25000000.000
17653,2009,-19.042969,25000000.000
17654,2009,-19.042969,25000000.000
17655,2009,-19.042969,25000000.000
17656,2010,-18.554688,25000000.000
17657,2012,-17.578125,25000000.000
17658,2013,-17.089844,25000000.000
17659,2013,-17.089844,25000000.000
17660,2022,-12.695312,25000000.000
17661,2026,-10.742188,25000000.000
17662,2031,-8.300781,25000000.000
17663,2030,-8.789062,25000000.000
17664,2042,-2.929688,25000000.000
17665,2047,-0.488281,25000000.000
17666,2053,2.441406,25000000.000
17667,2052,1.953125,25000000.000
17668,2062,6.835938,25000000.000
17669,2069,10.253906,25000000.000
17670,2074,12.695312,25000000.000
17671,2073,12.207031,25000000.000
17672,2078,14.648438,25000000.000
17673,2080,15.625000,25000000.000
17674,2082,16.601562,25000000.000
17675,2082,16.601562,25000000.000
17676,2081,16.113281,25000000.000
17677,2081,16.113281,25000000.000
17678,2079,15.136719,25000000.000
17679,2078,14.648438,25000000.000
17680,2073,12.207031,25000000.000
17681,2068,9.765625,25000000.000
17682,2063,7.324219,25000000.000
17683,2063,7.324219,25000000.000
17684,2052,1.953125,25000000.000
17685,2047,-0.488281,25000000.000
17686,2041,-3.417969,25000000.000
17687,2041,-3.417969,25000000.000
17688,2031,-8.300781,25000000.000
17689,2026,-10.742188,25000000.000
17690,2021,-13.183594,25000000.000
17691,2020,-13.671875,25000000.000
17692,2015,-16.113281,25000000.000
17693,2012,-17.578125,25000000.000
17694,2011,-18.066406,25000000.000
17695,2011,-18.066406,25000000.000
17696,2010,-18.554688,25000000.000
17697,2010,-18.554688,25000000.000
17698,2013,-17.089844,25000000.000
17699,2013,-17.089844,25000000.000
17700,2018,-14.648438,25000000.000
17701,2022,-12.695312,25000000.000
17702,2027,-10.253906,25000000.000
17703,2027,-10.253906,25000000.000
17704,2037,-5.371094,25000000.000
17705,2043,-2.441406,25000000.000
17706,2048,0.000000,25000000.000
17707,2050,0.976562,25000000.000
17708,2058,4.882812,25000000.000
17709,2063,7.324219,25000000.000
17710,2067,9.277344,25000000.000
17711,2071,11.230469,25000000.000
17712,2077,14.160156,25000000.000
17713,2079,15.136719,25000000.000
17714,2081,16.113281,25000000.000
17715,2081,16.113281,25000000.000
17716,2082,16.601562,25000000.000
17717,2081,16.113281,25000000.000
17718,2080,15.625000,25000000.000
17719,2080,15.625000,25000000.000
17720,2075,13.183594,25000000.000
17721,2070,10.742188,25000000.000
17722,2067,9.277344,25000000.000
17723,2066,8.789062,25000000.000
17724,2056,3.906250,25000000.000
17725,2050,0.976562,25000000.000
17726,2045,-1.464844,25000000.000
17727,2044,-1.953125,25000000.000
17728,2035,-6.347656,25000000.000
17729,2030,-8.789062,25000000.000
17730,2027,-10.253906,25000000.000
17731,2026,-10.742188,25000000.000
17732,2017,-15.136719,25000000.000
17733,2014,-16.601562,25000000.000
17734,2013,-17.089844,25000000.000
17735,2012,-17.578125,25000000.000
17736,2010,-18.554688,25000000.000
17737,2011,-18.066406,25000000.000
17738,2011,-18.066406,25000000.000
17739,2012,-17.578125,25000000.000
17740,2016,-15.625000,25000000.000
17741,2019,-14.160156,25000000.000
17742,2025,-11.230469,25000000.000
17743,2024,-11.718750,25000000.000
17744,2033,-7.324219,25000000.000
17745,2038,-4.882812,25000000.000
17746,2044,-1.953125,25000000.000
17747,2044,-1.953125,25000000.000
17748,2054,2.929688,25000000.000
17749,2061,6.347656,25000000.000
17750,2066,8.789062,25000000.000
17751,2066,8.789062,25000000.000
17752,2074,12.695312,25000000.000
17753,2077,14.160156,25000000.000
17754,2080,15.625000,25000000.000
17755,2079,15.136719,25000000.000
17756,2083,17.089844,25000000.000
17757,2083,17.089844,25000000.000
17758,2082,16.601562,25000000.000
17759,2081,16.113281,25000000.000
17760,2078,14.648438,25000000.000
17761,2075,13.183594,25000000.000
17762,2071,11.230469,25000000.000
17763,2070,10.742188,25000000.000
17764,2062,6.835938,25000000.000
17765,2057,4.394531,25000000.000
17766,2051,1.464844,25000000.000
17767,2051,1.464844,25000000.000
17768,2041,-3.417969,25000000.000
17769,2035,-6.347656,25000000.000
17770,2030,-8.789062,25000000.000
17771,2029,-9.277344,25000000.000
17772,2021,-13.183594,25000000.000
17773,2017,-15.136719,25000000.000
17774,2013,-17.089844,25000000.000
17775,2014,-16.601562,25000000.000
17776,2009,-19.042969,25000000.000
17777,2010,-18.554688,25000000.000
17778,2010,-18.554688,25000000.000
17779,2010,-18.554688,25000000.000
17780,2013,-17.089844,25000000.000
17781,2014,-16.601562,25000000.000
17782,2019,-14.160156,25000000.000
17783,2019,-14.160156,25000000.000
17784,2027,-10.253906,25000000.000
17785,2033,-7.324219,25000000.000
17786,2038,-4.882812,25000000.000
17787,2039,-4.394531,25000000.000
17788,2049,0.488281,25000000.000
17789,2054,2.929688,25000000.000
17790,2059,5.371094,25000000.000
17791,2061,6.347656,25000000.000
17792,2069,10.253906,25000000.000
17793,2073,12.207031,25000000.000
17794,2077,14.160156,25000000.000
17795,2076,13.671875,25000000.000
17796,2081,16.113281,25000000.000
17797,2082,16.601562,25000000.000
17798,2081,16.113281,25000000.000
17799,2081,16.113281,25000000.000
17800,2079,15.136719,25000000.000
17801,2077,14.160156,25000000.000
17802,2074,12.695312,25000000.000
17803,2072,11.718750,25000000.000
17804,2066,8.789062,25000000.000
17805,2060,5.859375,25000000.000
17806,2054,2.929688,25000000.000
17807,2054,2.929688,25000000.000
17808,2044,-1.953125,25000000.000
17809,2038,-4.882812,25000000.000
17810,2033,-7.324219,25000000.000
17811,2032,-7.812500,25000000.000
17812,2024,-11.718750,25000000.000
17813,2019,-14.160156,25000000.000
17814,2015,-16.113281,25000000.000
17815,2015,-16.113281,25000000.000
17816,2010,-18.554688,25000000.000
17817,2009,-19.042969,25000000.000
17818,2009,-19.042969,25000000.000
17819,2008,-19.531250,25000000.000
17820,2011,-18.066406,25000000.000
17821,2012,-17.578125,25000000.000
17822,2015,-16.113281,25000000.000
17823,2016,-15.625000,25000000.000
17824,2024,-11.718750,25000000.000
17825,2028,-9.765625,25000000.000
17826,2033,-7.324219,25000000.000
17827,2033,-7.324219,25000000.000
17828,2044,-1.953125,25000000.000
17829,2050,0.976562,25000000.000
17830,2056,3.906250,25000000.000
17831,2056,3.906250,25000000.000
17832,2066,8.789062,25000000.000
17833,2071,11.230469,25000000.000
17834,2074,12.695312,25000000.000
17835,2075,13.183594,25000000.000
17836,2079,15.136719,25000000.000
17837,2082,16.601562,25000000.000
17838,2082,16.601562,25000000.000
17839,2083,17.089844,25000000.000
17840,2081,16.113281,25000000.000
17841,2079,15.136719,25000000.000
17842,2077,14.160156,25000000.000
17843,2076,13.671875,25000000.000
17844,2069,10.253906,25000000.000
17845,2064,7.812500,25000000.000
17846,2058,4.882812,25000000.000
17847,2059,5.371094,25000000.000
17848,2048,0.000000,25000000.000
17849,2043,-2.441406,25000000.000
17850,2038,-4.882812,25000000.000
17851,2037,-5.371094,25000000.000
17852,2027,-10.253906,25000000.000
17853,2022,-12.695312,25000000.000
17854,2019,-14.160156,25000000.000
17855,2018,-14.648438,25000000.000
17856,2013,-17.089844,25000000.000
17857,2011,-18.066406,25000000.000
17858,2009,-19.042969,25000000.000
17859,2009,-19.042969,25000000.000
17860,2009,-19.042969,25000000.000
17861,2011,-18.066406,25000000.000
17862,2013,-17.089844,25000000.000
17863,2014,-16.601562,25000000.000
17864,2020,-13.671875,25000000.000
17865,2023,-12.207031,25000000.000
17866,2029,-9.277344,25000000.000
17867,2029,-9.277344,25000000.000
17868,2039,-4.394531,25000000.000
17869,2045,-1.464844,25000000.000
17870,2054,2.929688,25000000.000
17871,2048,0.000000,25000000.000
17872,2057,4.394531,25000000.000
17873,2066,8.789062,25000000.000
17874,2072,11.718750,25000000.000
17875,2072,11.718750,25000000.000
17876,2075,13.183594,25000000.000
17877,2080,15.625000,25000000.000
17878,2080,15.625000,25000000.000
17879,2081,16.113281,25000000.000
17880,2082,16.601562,25000000.000
17881,2082,16.601562,25000000.000
17882,2079,15.136719,25000000.000
17883,2079,15.136719,25000000.000
17884,2073,12.207031,25000000.000
17885,2068,9.765625,25000000.000
17886,2064,7.812500,25000000.000
17887,2064,7.812500,25000000.000
17888,2054,2.929688,25000000.000
17889,2048,0.000000,25000000.000
17890,2043,-2.441406,25000000.000
17891,2042,-2.929688,25000000.000
17892,2033,-7.324219,25000000.000
17893,2027,-10.253906,25000000.000
17894,2023,-12.207031,25000000.000
17895,2022,-12.695312,25000000.000
17896,2017,-15.136719,25000000.000
17897,2014,-16.601562,25000000.000
17898,2011,-18.066406,25000000.000
17899,2011,-18.066406,25000000.000
17900,2009,-19.042969,25000000.000
17901,2010,-18.554688,25000000.000
17902,2012,-17.578125,25000000.000
17903,2012,-17.578125,25000000.000
17904,2017,-15.136719,25000000.000
17905,2020,-13.671875,25000000.000
17906,2025,-11.230469,25000000.000
17907,2025,-11.230469,25000000.000
17908,2035,-6.347656,25000000.000
17909,2041,-3.417969,25000000.000
17910,2046,-0.976562,25000000.000
17911,2047,-0.488281,25000000.000
17912,2056,3.906250,25000000.000
17913,2063,7.324219,25000000.000
17914,2069,10.253906,25000000.000
17915,2068,9.765625,25000000.000
17916,2075,13.183594,25000000.000
17917,2079,15.136719,25000000.000
17918,2080,15.625000,25000000.000
17919,2082,16.601562,25000000.000
17920,2083,17.089844,25000000.000
17921,2084,17.578125,25000000.000
17922,2082,16.601562,25000000.000
17923,2079,15.136719,25000000.000
17924,2076,13.671875,25000000.000
17925,2072,11.718750,25000000.000
17926,2068,9.765625,25000000.000
17927,2068,9.765625,25000000.000
17928,2058,4.882812,25000000.000
17929,2052,1.953125,25000000.000
17930,2048,0.000000,25000000.000
17931,2047,-0.488281,25000000.000
17932,2037,-5.371094,25000000.000
17933,2031,-8.300781,25000000.000
17934,2027,-10.253906,25000000.000
17935,2026,-10.742188,25000000.000
17936,2018,-14.648438,25000000.000
17937,2015,-16.113281,25000000.000
17938,2011,-18.066406,25000000.000
17939,2011,-18.066406,25000000.000
17940,2009,-19.042969,25000000.000
17941,2009,-19.042969,25000000.000
17942,2010,-18.554688,25000000.000
17943,2010,-18.554688,25000000.000
17944,2014,-16.601562,25000000.000
17945,2017,-15.136719,25000000.000
17946,2021,-13.183594,25000000.000
17947,2022,-12.695312,25000000.000
17948,2030,-8.789062,25000000.000
17949,2037,-5.371094,25000000.000
17950,2042,-2.929688,25000000.000
17951,2042,-2.929688,25000000.000
17952,2053,2.441406,25000000.000
17953,2058,4.882812,25000000.000
17954,2063,7.324219,25000000.000
17955,2064,7.812500,25000000.000
17956,2072,11.718750,25000000.000
17957,2076,13.671875,25000000.000
17958,2078,14.648438,25000000.000
17959,2078,14.648438,25000000.000
17960,2082,16.601562,25000000.000
17961,2082,16.601562,25000000.000
17962,2083,17.089844,25000000.000
17963,2082,16.601562,25000000.000
17964,2079,15.136719,25000000.000
17965,2076,13.671875,25000000.000
17966,2072,11.718750,25000000.000
17967,2072,11.718750,25000000.000
17968,2063,7.324219,25000000.000
17969,2058,4.882812,25000000.000
17970,2053,2.441406,25000000.000
17971,2052,1.953125,25000000.000
17972,2042,-2.929688,25000000.000
17973,2036,-5.859375,25000000.000
17974,2032,-7.812500,25000000.000
17975,2031,-8.300781,25000000.000
17976,2023,-12.207031,25000000.000
17977,2019,-14.160156,25000000.000
17978,2015,-16.113281,25000000.000
17979,2014,-16.601562,25000000.000
17980,2011,-18.066406,25000000.000
17981,2010,-18.554688,25000000.000
17982,2009,-19.042969,25000000.000
17983,2010,-18.554688,25000000.000
17984,2012,-17.578125,25000000.000
17985,2014,-16.601562,25000000.000
17986,2018,-14.648438,25000000.000
17987,2019,-14.160156,25000000.000
17988,2027,-10.253906,25000000.000
17989,2032,-7.812500,25000000.000
17990,2037,-5.371094,25000000.000
17991,2037,-5.371094,25000000.000
17992,2047,-0.488281,25000000.000
17993,2053,2.441406,25000000.000
17994,2058,4.882812,25000000.000
17995,2059,5.371094,25000000.000
17996,2068,9.765625,25000000.000
17997,2073,12.207031,25000000.000
17998,2076,13.671875,25000000.000
17999,2076,13.671875,25000000.000
18000,2080,15.625000,25000000.000
18001,2081,16.113281,25000000.000
18002,2081,16.113281,25000000.000
18003,2081,16.113281,25000000.000
18004,2080,15.625000,25000000.000
18005,2077,14.160156,25000000.000
18006,2074,12.695312,25000000.000
18007,2073,12.207031,25000000.000
18008,2066,8.789062,25000000.000
18009,2061,6.347656,25000000.000
18010,2056,3.906250,25000000.000
18011,2055,3.417969,25000000.000
18012,2045,-1.464844,25000000.000
18013,2040,-3.906250,25000000.000
18014,2035,-6.347656,25000000.000
18015,2034,-6.835938,25000000.000
18016,2024,-11.718750,25000000.000
18017,2019,-14.160156,25000000.000
18018,2015,-16.113281,25000000.000
18019,2016,-15.625000,25000000.000
18020,2011,-18.066406,25000000.000
18021,2009,-19.042969,25000000.000
18022,2010,-18.554688,25000000.000
18023,2009,-19.042969,25000000.000
18024,2010,-18.554688,25000000.000
18025,2012,-17.578125,25000000.000
18026,2015,-16.113281,25000000.000
18027,2015,-16.113281,25000000.000
18028,2022,-12.695312,25000000.000
18029,2027,-10.253906,25000000.000
18030,2032,-7.812500,25000000.000
18031,2034,-6.835938,25000000.000
18032,2043,-2.441406,25000000.000
18033,2049,0.488281,25000000.000
18034,2055,3.417969,25000000.000
18035,2055,3.417969,25000000.000
18036,2065,8.300781,25000000.000
18037,2070,10.742188,25000000.000
18038,2073,12.207031,25000000.000
18039,2073,12.207031,25000000.000
18040,2079,15.136719,25000000.000
18041,2080,15.625000,25000000.000
18042,2083,17.089844,25000000.000
18043,2082,16.601562,25000000.000
18044,2081,16.113281,25000000.000
18045,2078,14.648438,25000000.000
18046,2075,13.183594,25000000.000
18047,2075,13.183594,25000000.000
18048,2069,10.253906,25000000.000
18049,2064,7.812500,25000000.000
18050,2060,5.859375,25000000.000
18051,2060,5.859375,25000000.000
18052,2049,0.488281,25000000.000
18053,2044,-1.953125,25000000.000
18054,2038,-4.882812,25000000.000
18055,2038,-4.882812,25000000.000
18056,2029,-9.277344,25000000.000
18057,2025,-11.230469,25000000.000
18058,2020,-13.671875,25000000.000
18059,2019,-14.160156,25000000.000
18060,2013,-17.089844,25000000.000
18061,2011,-18.066406,25000000.000
18062,2011,-18.066406,25000000.000
18063,2010,-18.554688,25000000.000
18064,2009,-19.042969,25000000.000
18065,2010,-18.554688,25000000.000
18066,2013,-17.089844,25000000.000
18067,2013,-17.089844,25000000.000
18068,2020,-13.671875,25000000.000
18069,2024,-11.718750,25000000.000
18070,2028,-9.765625,25000000.000
18071,2029,-9.277344,25000000.000
18072,2039,-4.394531,25000000.000
18073,2044,-1.953125,25000000.000
18074,2050,0.976562,25000000.000
18075,2050,0.976562,25000000.000
18076,2060,5.859375,25000000.000
18077,2065,8.300781,25000000.000
18078,2071,11.230469,25000000.000
18079,2071,11.230469,25000000.000
18080,2077,14.160156,25000000.000
18081,2080,15.625000,25000000.000
18082,2082,16.601562,25000000.000
18083,2081,16.113281,25000000.000
18084,2083,17.089844,25000000.000
18085,2081,16.113281,25000000.000
18086,2080,15.625000,25000000.000
18087,2079,15.136719,25000000.000
18088,2073,12.207031,25000000.000
18089,2070,10.742188,25000000.000
18090,2066,8.789062,25000000.000
18091,2066,8.789062,25000000.000
18092,2056,3.906250,25000000.000
18093,2050,0.976562,25000000.000
18094,2044,-1.953125,25000000.000
18095,2044,-1.953125,25000000.000
18096,2034,-6.835938,25000000.000
18097,2028,-9.765625,25000000.000
18098,2024,-11.718750,25000000.000
18099,2024,-11.718750,25000000.000
18100,2017,-15.136719,25000000.000
18101,2013,-17.089844,25000000.000
18102,2012,-17.578125,25000000.000
18103,2011,-18.066406,25000000.000
18104,2009,-19.042969,25000000.000
18105,2010,-18.554688,25000000.000
18106,2011,-18.066406,25000000.000
18107,2011,-18.066406,25000000.000
18108,2016,-15.625000,25000000.000
18109,2020,-13.671875,25000000.000
18110,2024,-11.718750,25000000.000
18111,2025,-11.230469,25000000.000
18112,2034,-6.835938,25000000.000
18113,2040,-3.906250,25000000.000
18114,2045,-1.464844,25000000.000
18115,2045,-1.464844,25000000.000
18116,2056,3.906250,25000000.000
18117,2061,6.347656,25000000.000
18118,2066,8.789062,25000000.000
18119,2066,8.789062,25000000.000
18120,2073,12.207031,25000000.000
18121,2077,14.160156,25000000.000
18122,2079,15.136719,25000000.000
18123,2080,15.625000,25000000.000
18124,2082,16.601562,25000000.000
18125,2082,16.601562,25000000.000
18126,2080,15.625000,25000000.000
18127,2081,16.113281,25000000.000
18128,2076,13.671875,25000000.000
18129,2073,12.207031,25000000.000
18130,2069,10.253906,25000000.000
18131,2069,10.253906,25000000.000
18132,2060,5.859375,25000000.000
18133,2054,2.929688,25000000.000
18134,2049,0.488281,25000000.000
18135,2049,0.488281,25000000.000
18136,2037,-5.371094,25000000.000
18137,2033,-7.324219,25000000.000
18138,2028,-9.765625,25000000.000
18139,2028,-9.765625,25000000.000
18140,2020,-13.671875,25000000.000
18141,2017,-15.136719,25000000.000
18142,2014,-16.601562,25000000.000
18143,2013,-17.089844,25000000.000
18144,2010,-18.554688,25000000.000
18145,2009,-19.042969,25000000.000
18146,2011,-18.066406,25000000.000
18147,2011,-18.066406,25000000.000
18148,2014,-16.601562,25000000.000
18149,2018,-14.648438,25000000.000
18150,2021,-13.183594,25000000.000
18151,2021,-13.183594,25000000.000
18152,2031,-8.300781,25000000.000
18153,2035,-6.347656,25000000.000
18154,2042,-2.929688,25000000.000
18155,2041,-3.417969,25000000.000
18156,2052,1.953125,25000000.000
18157,2058,4.882812,25000000.000
18158,2063,7.324219,25000000.000
18159,2064,7.812500,25000000.000
18160,2072,11.718750,25000000.000
18161,2076,13.671875,25000000.000
18162,2080,15.625000,25000000.000
18163,2080,15.625000,25000000.000
18164,2084,17.578125,25000000.000
18165,2083,17.089844,25000000.000
18166,2081,16.113281,25000000.000
18167,2083,17.089844,25000000.000
18168,2078,14.648438,25000000.000
18169,2076,13.671875,25000000.000
18170,2072,11.718750,25000000.000
18171,2072,11.718750,25000000.000
18172,2064,7.812500,25000000.000
18173,2058,4.882812,25000000.000
18174,2054,2.929688,25000000.000
18175,2051,1.464844,25000000.000
18176,2041,-3.417969,25000000.000
18177,2037,-5.371094,25000000.000
18178,2031,-8.300781,25000000.000
18179,2031,-8.300781,25000000.000
18180,2022,-12.695312,25000000.000
18181,2018,-14.648438,25000000.000
18182,2015,-16.113281,25000000.000
18183,2015,-16.113281,25000000.000
18184,2010,-18.554688,25000000.000
18185,2011,-18.066406,25000000.000
18186,2010,-18.554688,25000000.000
18187,2009,-19.042969,25000000.000
18188,2011,-18.066406,25000000.000
18189,2014,-16.601562,25000000.000
18190,2018,-14.648438,25000000.000
18191,2018,-14.648438,25000000.000
18192,2026,-10.742188,25000000.000
18193,2030,-8.789062,25000000.000
18194,2036,-5.859375,25000000.000
18195,2036,-5.859375,25000000.000
18196,2047,-0.488281,25000000.000
18197,2053,2.441406,25000000.000
18198,2058,4.882812,25000000.000
18199,2058,4.882812,25000000.000
18200,2068,9.765625,25000000.000
18201,2072,11.718750,25000000.000
18202,2076,13.671875,25000000.000
18203,2076,13.671875,25000000.000
18204,2080,15.625000,25000000.000
18205,2082,16.601562,25000000.000
18206,2082,16.601562,25000000.000
18207,2081,16.113281,25000000.000
18208,2080,15.625000,25000000.000
18209,2078,14.648438,25000000.000
18210,2074,12.695312,25000000.000
18211,2075,13.183594,25000000.000
18212,2066,8.789062,25000000.000
18213,2062,6.835938,25000000.000
18214,2057,4.394531,25000000.000
18215,2056,3.906250,25000000.000
18216,2046,-0.976562,25000000.000
18217,2041,-3.417969,25000000.000
18218,2034,-6.835938,25000000.000
18219,2037,-5.371094,25000000.000
18220,2027,-10.253906,25000000.000
18221,2022,-12.695312,25000000.000
18222,2017,-15.136719,25000000.000
18223,2017,-15.136719,25000000.000
18224,2011,-18.066406,25000000.000
18225,2011,-18.066406,25000000.000
18226,2009,-19.042969,25000000.000
18227,2010,-18.554688,25000000.000
18228,2010,-18.554688,25000000.000
18229,2011,-18.066406,25000000.000
18230,2014,-16.601562,25000000.000
18231,2015,-16.113281,25000000.000
18232,2022,-12.695312,25000000.000
18233,2027,-10.253906,25000000.000
18234,2030,-8.789062,25000000.000
18235,2032,-7.812500,25000000.000
18236,2043,-2.441406,25000000.000
18237,2046,-0.976562,25000000.000
18238,2053,2.441406,25000000.000
18239,2054,2.929688,25000000.000
18240,2065,8.300781,25000000.000
18241,2066,8.789062,25000000.000
18242,2072,11.718750,25000000.000
18243,2072,11.718750,25000000.000
18244,2078,14.648438,25000000.000
18245,2080,15.625000,25000000.000
18246,2081,16.113281,25000000.000
18247,2081,16.113281,25000000.000
18248,2083,17.089844,25000000.000
18249,2080,15.625000,25000000.000
18250,2078,14.648438,25000000.000
18251,2077,14.160156,25000000.000
18252,2071,11.230469,25000000.000
18253,2066,8.789062,25000000.000
18254,2061,6.347656,25000000.000
18255,2062,6.835938,25000000.000
18256,2052,1.953125,25000000.000
18257,2046,-0.976562,25000000.000
18258,2040,-3.906250,25000000.000
18259,2040,-3.906250,25000000.000
18260,2029,-9.277344,25000000.000
18261,2024,-11.718750,25000000.000
18262,2019,-14.160156,25000000.000
18263,2019,-14.160156,25000000.000
18264,2013,-17.089844,25000000.000
18265,2010,-18.554688,25000000.000
18266,2009,-19.042969,25000000.000
18267,2008,-19.531250,25000000.000
18268,2009,-19.042969,25000000.000
18269,2010,-18.554688,25000000.000
18270,2009,-19.042969,25000000.000
18271,2010,-18.554688,25000000.000
18272,2019,-14.160156,25000000.000
18273,2022,-12.695312,25000000.000
18274,2026,-10.742188,25000000.000
18275,2028,-9.765625,25000000.000
18276,2038,-4.882812,25000000.000
18277,2043,-2.441406,25000000.000
18278,2050,0.976562,25000000.000
18279,2049,0.488281,25000000.000
18280,2061,6.347656,25000000.000
18281,2066,8.789062,25000000.000
18282,2070,10.742188,25000000.000
18283,2071,11.230469,25000000.000
18284,2078,14.648438,25000000.000
18285,2081,16.113281,25000000.000
18286,2083,17.089844,25000000.000
18287,2082,16.601562,25000000.000
18288,2083,17.089844,25000000.000
18289,2082,16.601562,25000000.000
18290,2080,15.625000,25000000.000
18291,2079,15.136719,25000000.000
18292,2075,13.183594,25000000.000
18293,2071,11.230469,25000000.000
18294,2065,8.300781,25000000.000
18295,2065,8.300781,25000000.000
18296,2056,3.906250,25000000.000
18297,2049,0.488281,25000000.000
18298,2043,-2.441406,25000000.000
18299,2045,-1.464844,25000000.000
18300,2034,-6.835938,25000000.000
18301,2029,-9.277344,25000000.000
18302,2024,-11.718750,25000000.000
18303,2023,-12.207031,25000000.000
18304,2017,-15.136719,25000000.000
18305,2013,-17.089844,25000000.000
18306,2011,-18.066406,25000000.000
18307,2012,-17.578125,25000000.000
18308,2009,-19.042969,25000000.000
18309,2011,-18.066406,25000000.000
18310,2011,-18.066406,25000000.000
18311,2011,-18.066406,25000000.000
18312,2015,-16.113281,25000000.000
18313,2019,-14.160156,25000000.000
18314,2024,-11.718750,25000000.000
18315,2023,-12.207031,25000000.000
18316,2033,-7.324219,25000000.000
18317,2039,-4.394531,25000000.000
18318,2044,-1.953125,25000000.000
18319,2045,-1.464844,25000000.000
18320,2056,3.906250,25000000.000
18321,2062,6.835938,25000000.000
18322,2066,8.789062,25000000.000
18323,2067,9.277344,25000000.000
18324,2075,13.183594,25000000.000
18325,2077,14.160156,25000000.000
18326,2080,15.625000,25000000.000
18327,2081,16.113281,25000000.000
18328,2084,17.578125,25000000.000
18329,2083,17.089844,25000000.000
18330,2083,17.089844,25000000.000
18331,2082,16.601562,25000000.000
18332,2078,14.648438,25000000.000
18333,2074,12.695312,25000000.000
18334,2071,11.230469,25000000.000
18335,2071,11.230469,25000000.000
18336,2061,6.347656,25000000.000
18337,2056,3.906250,25000000.000
18338,2050,0.976562,25000000.000
18339,2049,0.488281,25000000.000
18340,2039,-4.394531,25000000.000
18341,2034,-6.835938,25000000.000
18342,2029,-9.277344,25000000.000
18343,2028,-9.765625,25000000.000
18344,2019,-14.160156,25000000.000
18345,2015,-16.113281,25000000.000
18346,2012,-17.578125,25000000.000
18347,2012,-17.578125,25000000.000
18348,2009,-19.042969,25000000.000
18349,2009,-19.042969,25000000.000
18350,2009,-19.042969,25000000.000
18351,2008,-19.531250,25000000.000
18352,2013,-17.089844,25000000.000
18353,2015,-16.113281,25000000.000
18354,2018,-14.648438,25000000.000
18355,2019,-14.160156,25000000.000
18356,2028,-9.765625,25000000.000
18357,2034,-6.835938,25000000.000
18358,2040,-3.906250,25000000.000
18359,2040,-3.906250,25000000.000
18360,2050,0.976562,25000000.000
18361,2056,3.906250,25000000.000
18362,2062,6.835938,25000000.000
18363,2062,6.835938,25000000.000
18364,2072,11.718750,25000000.000
18365,2076,13.671875,25000000.000
18366,2079,15.136719,25000000.000
18367,2079,15.136719,25000000.000
18368,2084,17.578125,25000000.000
18369,2085,18.066406,25000000.000
18370,2084,17.578125,25000000.000
18371,2084,17.578125,25000000.000
18372,2080,15.625000,25000000.000
18373,2078,14.648438,25000000.000
18374,2074,12.695312,25000000.000
18375,2073,12.207031,25000000.000
18376,2066,8.789062,25000000.000
18377,2060,5.859375,25000000.000
18378,2054,2.929688,25000000.000
18379,2054,2.929688,25000000.000
18380,2043,-2.441406,25000000.000
18381,2037,-5.371094,25000000.000
18382,2031,-8.300781,25000000.000
18383,2031,-8.300781,25000000.000
18384,2021,-13.183594,25000000.000
18385,2018,-14.648438,25000000.000
18386,2014,-16.601562,25000000.000
18387,2014,-16.601562,25000000.000
18388,2010,-18.554688,25000000.000
18389,2008,-19.531250,25000000.000
18390,2009,-19.042969,25000000.000
18391,2007,-20.019531,25000000.000
18392,2010,-18.554688,25000000.000
18393,2012,-17.578125,25000000.000
18394,2015,-16.113281,25000000.000
18395,2016,-15.625000,25000000.000
18396,2023,-12.207031,25000000.000
18397,2029,-9.277344,25000000.000
18398,2033,-7.324219,25000000.000
18399,2034,-6.835938,25000000.000
18400,2046,-0.976562,25000000.000
18401,2051,1.464844,25000000.000
18402,2058,4.882812,25000000.000
18403,2058,4.882812,25000000.000
18404,2068,9.765625,25000000.000
18405,2072,11.718750,25000000.000
18406,2076,13.671875,25000000.000
18407,2077,14.160156,25000000.000
18408,2081,16.113281,25000000.000
18409,2083,17.089844,25000000.000
18410,2083,17.089844,25000000.000
18411,2083,17.089844,25000000.000
18412,2081,16.113281,25000000.000
18413,2079,15.136719,25000000.000
18414,2076,13.671875,25000000.000
18415,2076,13.671875,25000000.000
18416,2068,9.765625,25000000.000
18417,2064,7.812500,25000000.000
18418,2058,4.882812,25000000.000
18419,2058,4.882812,25000000.000
18420,2047,-0.488281,25000000.000
18421,2042,-2.929688,25000000.000
18422,2036,-5.859375,25000000.000
18423,2036,-5.859375,25000000.000
18424,2025,-11.230469,25000000.000
18425,2022,-12.695312,25000000.000
18426,2017,-15.136719,25000000.000
18427,2018,-14.648438,25000000.000
18428,2012,-17.578125,25000000.000
18429,2010,-18.554688,25000000.000
18430,2009,-19.042969,25000000.000
18431,2008,-19.531250,25000000.000
18432,2010,-18.554688,25000000.000
18433,2011,-18.066406,25000000.000
18434,2013,-17.089844,25000000.000
18435,2015,-16.113281,25000000.000
18436,2020,-13.671875,25000000.000
18437,2024,-11.718750,25000000.000
18438,2029,-9.277344,25000000.000
18439,2030,-8.789062,25000000.000
18440,2040,-3.906250,25000000.000
18441,2045,-1.464844,25000000.000
18442,2052,1.953125,25000000.000
18443,2052,1.953125,25000000.000
18444,2063,7.324219,25000000.000
18445,2068,9.765625,25000000.000
18446,2072,11.718750,25000000.000
18447,2072,11.718750,25000000.000
18448,2078,14.648438,25000000.000
18449,2081,16.113281,25000000.000
18450,2081,16.113281,25000000.000
18451,2083,17.089844,25000000.000
18452,2083,17.089844,25000000.000
18453,2080,15.625000,25000000.000
18454,2079,15.136719,25000000.000
18455,2078,14.648438,25000000.000
18456,2072,11.718750,25000000.000
18457,2068,9.765625,25000000.000
18458,2064,7.812500,25000000.000
18459,2062,6.835938,25000000.000
18460,2053,2.441406,25000000.000
18461,2047,-0.488281,25000000.000
18462,2041,-3.417969,25000000.000
18463,2040,-3.906250,25000000.000
18464,2030,-8.789062,25000000.000
18465,2026,-10.742188,25000000.000
18466,2022,-12.695312,25000000.000
18467,2020,-13.671875,25000000.000
18468,2014,-16.601562,25000000.000
18469,2011,-18.066406,25000000.000
18470,2010,-18.554688,25000000.000
18471,2009,-19.042969,25000000.000
18472,2009,-19.042969,25000000.000
18473,2010,-18.554688,25000000.000
18474,2012,-17.578125,25000000.000
18475,2012,-17.578125,25000000.000
18476,2017,-15.136719,25000000.000
18477,2021,-13.183594,25000000.000
18478,2026,-10.742188,25000000.000
18479,2026,-10.742188,25000000.000
18480,2036,-5.859375,25000000.000
18481,2042,-2.929688,25000000.000
18482,2048,0.000000,25000000.000
18483,2049,0.488281,25000000.000
18484,2059,5.371094,25000000.000
18485,2065,8.300781,25000000.000
18486,2069,10.253906,25000000.000
18487,2069,10.253906,25000000.000
18488,2078,14.648438,25000000.000
18489,2079,15.136719,25000000.000
18490,2082,16.601562,25000000.000
18491,2082,16.601562,25000000.000
18492,2083,17.089844,25000000.000
18493,2084,17.578125,25000000.000
18494,2081,16.113281,25000000.000
18495,2081,16.113281,25000000.000
18496,2076,13.671875,25000000.000
18497,2073,12.207031,25000000.000
18498,2067,9.277344,25000000.000
18499,2067,9.277344,25000000.000
18500,2057,4.394531,25000000.000
18501,2051,1.464844,25000000.000
18502,2046,-0.976562,25000000.000
18503,2046,-0.976562,25000000.000
18504,2035,-6.347656,25000000.000
18505,2030,-8.789062,25000000.000
18506,2025,-11.230469,25000000.000
18507,2025,-11.230469,25000000.000
18508,2016,-15.625000,25000000.000
18509,2014,-16.601562,25000000.000
18510,2012,-17.578125,25000000.000
18511,2011,-18.066406,25000000.000
18512,2009,-19.042969,25000000.000
18513,2009,-19.042969,25000000.000
18514,2009,-19.042969,25000000.000
18515,2010,-18.554688,25000000.000
18516,2014,-16.601562,25000000.000
18517,2018,-14.648438,25000000.000
18518,2022,-12.695312,25000000.000
18519,2021,-13.183594,25000000.000
18520,2031,-8.300781,25000000.000
18521,2037,-5.371094,25000000.000
18522,2043,-2.441406,25000000.000
18523,2043,-2.441406,25000000.000
18524,2054,2.929688,25000000.000
18525,2060,5.859375,25000000.000
18526,2065,8.300781,25000000.000
18527,2066,8.789062,25000000.000
18528,2074,12.695312,25000000.000
18529,2078,14.648438,25000000.000
18530,2079,15.136719,25000000.000
18531,2081,16.113281,25000000.000
18532,2084,17.578125,25000000.000
18533,2083,17.089844,25000000.000
18534,2082,16.601562,25000000.000
18535,2083,17.089844,25000000.000
18536,2076,13.671875,25000000.000
18537,2075,13.183594,25000000.000
18538,2072,11.718750,25000000.000
18539,2070,10.742188,25000000.000
18540,2061,6.347656,25000000.000
18541,2056,3.906250,25000000.000
18542,2051,1.464844,25000000.000
18543,2051,1.464844,25000000.000
18544,2040,-3.906250,25000000.000
18545,2035,-6.347656,25000000.000
18546,2029,-9.277344,25000000.000
18547,2028,-9.765625,25000000.000
18548,2021,-13.183594,25000000.000
18549,2016,-15.625000,25000000.000
18550,2013,-17.089844,25000000.000
18551,2014,-16.601562,25000000.000
18552,2010,-18.554688,25000000.000
18553,2010,-18.554688,25000000.000
18554,2010,-18.554688,25000000.000
18555,2009,-19.042969,25000000.000
18556,2013,-17.089844,25000000.000
18557,2015,-16.113281,25000000.000
18558,2019,-14.160156,25000000.000
18559,2020,-13.671875,25000000.000
18560,2028,-9.765625,25000000.000
18561,2033,-7.324219,25000000.000
18562,2038,-4.882812,25000000.000
18563,2039,-4.394531,25000000.000
18564,2050,0.976562,25000000.000
18565,2055,3.417969,25000000.000
18566,2062,6.835938,25000000.000
18567,2063,7.324219,25000000.000
18568,2072,11.718750,25000000.000
18569,2075,13.183594,25000000.000
18570,2078,14.648438,25000000.000
18571,2080,15.625000,25000000.000
18572,2082,16.601562,25000000.000
18573,2084,17.578125,25000000.000
18574,2084,17.578125,25000000.000
18575,2084,17.578125,25000000.000
18576,2081,16.113281,25000000.000
18577,2078,14.648438,25000000.000
18578,2074,12.695312,25000000.000
18579,2075,13.183594,25000000.000
18580,2066,8.789062,25000000.000
18581,2060,5.859375,25000000.000
18582,2056,3.906250,25000000.000
18583,2056,3.906250,25000000.000
18584,2044,-1.953125,25000000.000
18585,2037,-5.371094,25000000.000
18586,2034,-6.835938,25000000.000
18587,2033,-7.324219,25000000.000
18588,2012,-17.578125,25000000.000
18589,2028,-9.765625,25000000.000
18590,2016,-15.625000,25000000.000
18591,2016,-15.625000,25000000.000
18592,2010,-18.554688,25000000.000
18593,2009,-19.042969,25000000.000
18594,2009,-19.042969,25000000.000
18595,2009,-19.042969,25000000.000
18596,2008,-19.531250,25000000.000
18597,2011,-18.066406,25000000.000
18598,2013,-17.089844,25000000.000
18599,2012,-17.578125,25000000.000
18600,2021,-13.183594,25000000.000
18601,2027,-10.253906,25000000.000
18602,2032,-7.812500,25000000.000
18603,2030,-8.789062,25000000.000
18604,2045,-1.464844,25000000.000
18605,2050,0.976562,25000000.000
18606,2055,3.417969,25000000.000
18607,2055,3.417969,25000000.000
18608,2067,9.277344,25000000.000
18609,2071,11.230469,25000000.000
18610,2075,13.183594,25000000.000
18611,2075,13.183594,25000000.000
18612,2080,15.625000,25000000.000
18613,2082,16.601562,25000000.000
18614,2083,17.089844,25000000.000
18615,2084,17.578125,25000000.000
18616,2081,16.113281,25000000.000
18617,2082,16.601562,25000000.000
18618,2076,13.671875,25000000.000
18619,2077,14.160156,25000000.000
18620,2069,10.253906,25000000.000
18621,2066,8.789062,25000000.000
18622,2060,5.859375,25000000.000
18623,2060,5.859375,25000000.000
18624,2048,0.000000,25000000.000
18625,2043,-2.441406,25000000.000
18626,2039,-4.394531,25000000.000
18627,2037,-5.371094,25000000.000
18628,2027,-10.253906,25000000.000
18629,2022,-12.695312,25000000.000
18630,2018,-14.648438,25000000.000
18631,2018,-14.648438,25000000.000
18632,2011,-18.066406,25000000.000
18633,2009,-19.042969,25000000.000
18634,2009,-19.042969,25000000.000
18635,2008,-19.531250,25000000.000
18636,2009,-19.042969,25000000.000
18637,2010,-18.554688,25000000.000
18638,2012,-17.578125,25000000.000
18639,2012,-17.578125,25000000.000
18640,2019,-14.160156,25000000.000
18641,2023,-12.207031,25000000.000
18642,2028,-9.765625,25000000.000
18643,2028,-9.765625,25000000.000
18644,2039,-4.394531,25000000.000
18645,2045,-1.464844,25000000.000
18646,2051,1.464844,25000000.000
18647,2051,1.464844,25000000.000
18648,2062,6.835938,25000000.000
18649,2068,9.765625,25000000.000
18650,2072,11.718750,25000000.000
18651,2071,11.230469,25000000.000
18652,2079,15.136719,25000000.000
18653,2081,16.113281,25000000.000
18654,2082,16.601562,25000000.000
18655,2083,17.089844,25000000.000
18656,2084,17.578125,25000000.000
18657,2082,16.601562,25000000.000
18658,2080,15.625000,25000000.000
18659,2079,15.136719,25000000.000
18660,2074,12.695312,25000000.000
18661,2069,10.253906,25000000.000
18662,2065,8.300781,25000000.000
18663,2064,7.812500,25000000.000
18664,2054,2.929688,25000000.000
18665,2049,0.488281,25000000.000
18666,2042,-2.929688,25000000.000
18667,2042,-2.929688,25000000.000
18668,2032,-7.812500,25000000.000
18669,2026,-10.742188,25000000.000
18670,2022,-12.695312,25000000.000
18671,2021,-13.183594,25000000.000
18672,2014,-16.601562,25000000.000
18673,2012,-17.578125,25000000.000
18674,2009,-19.042969,25000000.000
18675,2010,-18.554688,25000000.000
18676,2008,-19.531250,25000000.000
18677,2009,-19.042969,25000000.000
18678,2010,-18.554688,25000000.000
18679,2011,-18.066406,25000000.000
18680,2017,-15.136719,25000000.000
18681,2021,-13.183594,25000000.000
18682,2025,-11.230469,25000000.000
18683,2025,-11.230469,25000000.000
18684,2036,-5.859375,25000000.000
18685,2041,-3.417969,25000000.000
18686,2047,-0.488281,25000000.000
18687,2048,0.000000,25000000.000
18688,2058,4.882812,25000000.000
18689,2062,6.835938,25000000.000
18690,2069,10.253906,25000000.000
18691,2069,10.253906,25000000.000
18692,2075,13.183594,25000000.000
18693,2079,15.136719,25000000.000
18694,2082,16.601562,25000000.000
18695,2082,16.601562,25000000.000
18696,2082,16.601562,25000000.000
18697,2083,17.089844,25000000.000
18698,2082,16.601562,25000000.000
18699,2080,15.625000,25000000.000
18700,2076,13.671875,25000000.000
18701,2073,12.207031,25000000.000
18702,2069,10.253906,25000000.000
18703,2069,10.253906,25000000.000
18704,2059,5.371094,25000000.000
18705,2054,2.929688,25000000.000
18706,2047,-0.488281,25000000.000
18707,2048,0.000000,25000000.000
18708,2037,-5.371094,25000000.000
18709,2032,-7.812500,25000000.000
18710,2027,-10.253906,25000000.000
18711,2027,-10.253906,25000000.000
18712,2018,-14.648438,25000000.000
18713,2014,-16.601562,25000000.000
18714,2011,-18.066406,25000000.000
18715,2012,-17.578125,25000000.000
18716,2010,-18.554688,25000000.000
18717,2008,-19.531250,25000000.000
18718,2010,-18.554688,25000000.000
18719,2010,-18.554688,25000000.000
18720,2014,-16.601562,25000000.000
18721,2017,-15.136719,25000000.000
18722,2021,-13.183594,25000000.000
18723,2022,-12.695312,25000000.000
18724,2031,-8.300781,25000000.000
18725,2036,-5.859375,25000000.000
18726,2041,-3.417969,25000000.000
18727,2042,-2.929688,25000000.000
18728,2052,1.953125,25000000.000
18729,2058,4.882812,25000000.000
18730,2062,6.835938,25000000.000
18731,2063,7.324219,25000000.000
18732,2073,12.207031,25000000.000
18733,2076,13.671875,25000000.000
18734,2078,14.648438,25000000.000
18735,2079,15.136719,25000000.000
18736,2083,17.089844,25000000.000
18737,2083,17.089844,25000000.000
18738,2082,16.601562,25000000.000
18739,2082,16.601562,25000000.000
18740,2079,15.136719,25000000.000
18741,2076,13.671875,25000000.000
18742,2072,11.718750,25000000.000
18743,2072,11.718750,25000000.000
18744,2063,7.324219,25000000.000
18745,2058,4.882812,25000000.000
18746,2053,2.441406,25000000.000
18747,2052,1.953125,25000000.000
18748,2041,-3.417969,25000000.000
18749,2036,-5.859375,25000000.000
18750,2032,-7.812500,25000000.000
18751,2030,-8.789062,25000000.000
18752,2021,-13.183594,25000000.000
18753,2018,-14.648438,25000000.000
18754,2014,-16.601562,25000000.000
18755,2014,-16.601562,25000000.000
18756,2010,-18.554688,25000000.000
18757,2009,-19.042969,25000000.000
18758,2009,-19.042969,25000000.000
18759,2009,-19.042969,25000000.000
18760,2011,-18.066406,25000000.000
18761,2014,-16.601562,25000000.000
18762,2017,-15.136719,25000000.000
18763,2018,-14.648438,25000000.000
18764,2025,-11.230469,25000000.000
18765,2031,-8.300781,25000000.000
18766,2036,-5.859375,25000000.000
18767,2036,-5.859375,25000000.000
18768,2046,-0.976562,25000000.000
18769,2052,1.953125,25000000.000
18770,2058,4.882812,25000000.000
18771,2059,5.371094,25000000.000
18772,2069,10.253906,25000000.000
18773,2074,12.695312,25000000.000
18774,2077,14.160156,25000000.000
18775,2077,14.160156,25000000.000
18776,2080,15.625000,25000000.000
18777,2083,17.089844,25000000.000
18778,2083,17.089844,25000000.000
18779,2083,17.089844,25000000.000
18780,2081,16.113281,25000000.000
18781,2079,15.136719,25000000.000
18782,2076,13.671875,25000000.000
18783,2075,13.183594,25000000.000
18784,2068,9.765625,25000000.000
18785,2063,7.324219,25000000.000
18786,2056,3.906250,25000000.000
18787,2057,4.394531,25000000.000
18788,2045,-1.464844,25000000.000
18789,2040,-3.906250,25000000.000
18790,2034,-6.835938,25000000.000
18791,2035,-6.347656,25000000.000
18792,2025,-11.230469,25000000.000
18793,2020,-13.671875,25000000.000
18794,2017,-15.136719,25000000.000
18795,2016,-15.625000,25000000.000
18796,2010,-18.554688,25000000.000
18797,2008,-19.531250,25000000.000
18798,2007,-20.019531,25000000.000
18799,2008,-19.531250,25000000.000
18800,2009,-19.042969,25000000.000
18801,2010,-18.554688,25000000.000
18802,2014,-16.601562,25000000.000
18803,2015,-16.113281,25000000.000
18804,2021,-13.183594,25000000.000
18805,2026,-10.742188,25000000.000
18806,2030,-8.789062,25000000.000
18807,2032,-7.812500,25000000.000
18808,2043,-2.441406,25000000.000
18809,2048,0.000000,25000000.000
18810,2055,3.417969,25000000.000
18811,2054,2.929688,25000000.000
18812,2065,8.300781,25000000.000
18813,2070,10.742188,25000000.000
18814,2076,13.671875,25000000.000
18815,2074,12.695312,25000000.000
18816,2080,15.625000,25000000.000
18817,2082,16.601562,25000000.000
18818,2082,16.601562,25000000.000
18819,2083,17.089844,25000000.000
18820,2081,16.113281,25000000.000
18821,2080,15.625000,25000000.000
18822,2078,14.648438,25000000.000
18823,2077,14.160156,25000000.000
18824,2070,10.742188,25000000.000
18825,2066,8.789062,25000000.000
18826,2060,5.859375,25000000.000
18827,2060,5.859375,25000000.000
18828,2050,0.976562,25000000.000
18829,2044,-1.953125,25000000.000
18830,2039,-4.394531,25000000.000
18831,2039,-4.394531,25000000.000
18832,2029,-9.277344,25000000.000
18833,2024,-11.718750,25000000.000
18834,2021,-13.183594,25000000.000
18835,2019,-14.160156,25000000.000
18836,2013,-17.089844,25000000.000
18837,2011,-18.066406,25000000.000
18838,2010,-18.554688,25000000.000
18839,2009,-19.042969,25000000.000
18840,2008,-19.531250,25000000.000
18841,2010,-18.554688,25000000.000
18842,2012,-17.578125,25000000.000
18843,2013,-17.089844,25000000.000
18844,2019,-14.160156,25000000.000
18845,2022,-12.695312,25000000.000
18846,2028,-9.765625,25000000.000
18847,2028,-9.765625,25000000.000
18848,2038,-4.882812,25000000.000
18849,2044,-1.953125,25000000.000
18850,2049,0.488281,25000000.000
18851,2050,0.976562,25000000.000
18852,2061,6.347656,25000000.000
18853,2066,8.789062,25000000.000
18854,2070,10.742188,25000000.000
18855,2071,11.230469,25000000.000
18856,2078,14.648438,25000000.000
18857,2081,16.113281,25000000.000
18858,2081,16.113281,25000000.000
18859,2082,16.601562,25000000.000
18860,2083,17.089844,25000000.000
18861,2082,16.601562,25000000.000
18862,2080,15.625000,25000000.000
18863,2079,15.136719,25000000.000
18864,2075,13.183594,25000000.000
18865,2070,10.742188,25000000.000
18866,2065,8.300781,25000000.000
18867,2065,8.300781,25000000.000
18868,2055,3.417969,25000000.000
18869,2050,0.976562,25000000.000
18870,2043,-2.441406,25000000.000
18871,2043,-2.441406,25000000.000
18872,2033,-7.324219,25000000.000
18873,2028,-9.765625,25000000.000
18874,2023,-12.207031,25000000.000
18875,2022,-12.695312,25000000.000
18876,2015,-16.113281,25000000.000
18877,2012,-17.578125,25000000.000
18878,2011,-18.066406,25000000.000
18879,2010,-18.554688,25000000.000
18880,2009,-19.042969,25000000.000
18881,2010,-18.554688,25000000.000
18882,2011,-18.066406,25000000.000
18883,2012,-17.578125,25000000.000
18884,2017,-15.136719,25000000.000
18885,2020,-13.671875,25000000.000
18886,2024,-11.718750,25000000.000
18887,2024,-11.718750,25000000.000
18888,2035,-6.347656,25000000.000
18889,2040,-3.906250,25000000.000
18890,2045,-1.464844,25000000.000
18891,2046,-0.976562,25000000.000
18892,2056,3.906250,25000000.000
18893,2062,6.835938,25000000.000
18894,2067,9.277344,25000000.000
18895,2067,9.277344,25000000.000
18896,2075,13.183594,25000000.000
18897,2078,14.648438,25000000.000
18898,2081,16.113281,25000000.000
18899,2080,15.625000,25000000.000
18900,2083,17.089844,25000000.000
18901,2083,17.089844,25000000.000
18902,2083,17.089844,25000000.000
18903,2082,16.601562,25000000.000
18904,2076,13.671875,25000000.000
18905,2073,12.207031,25000000.000
18906,2070,10.742188,25000000.000
18907,2069,10.253906,25000000.000
18908,2060,5.859375,25000000.000
18909,2055,3.417969,25000000.000
18910,2050,0.976562,25000000.000
18911,2050,0.976562,25000000.000
18912,2040,-3.906250,25000000.000
18913,2034,-6.835938,25000000.000
18914,2028,-9.765625,25000000.000
18915,2028,-9.765625,25000000.000
18916,2018,-14.648438,25000000.000
18917,2020,-13.671875,25000000.000
18918,2014,-16.601562,25000000.000
18919,2013,-17.089844,25000000.000
18920,2010,-18.554688,25000000.000
18921,2009,-19.042969,25000000.000
18922,2010,-18.554688,25000000.000
18923,2010,-18.554688,25000000.000
18924,2015,-16.113281,25000000.000
18925,2017,-15.136719,25000000.000
18926,2021,-13.183594,25000000.000
18927,2021,-13.183594,25000000.000
18928,2029,-9.277344,25000000.000
18929,2036,-5.859375,25000000.000
18930,2040,-3.906250,25000000.000
18931,2042,-2.929688,25000000.000
18932,2053,2.441406,25000000.000
18933,2058,4.882812,25000000.000
18934,2063,7.324219,25000000.000
18935,2064,7.812500,25000000.000
18936,2072,11.718750,25000000.000
18937,2076,13.671875,25000000.000
18938,2079,15.136719,25000000.000
18939,2079,15.136719,25000000.000
18940,2082,16.601562,25000000.000
18941,2082,16.601562,25000000.000
18942,2082,16.601562,25000000.000
18943,2082,16.601562,25000000.000
18944,2079,15.136719,25000000.000
18945,2077,14.160156,25000000.000
18946,2072,11.718750,25000000.000
18947,2072,11.718750,25000000.000
18948,2064,7.812500,25000000.000
18949,2059,5.371094,25000000.000
18950,2052,1.953125,25000000.000
18951,2052,1.953125,25000000.000
18952,2042,-2.929688,25000000.000
18953,2036,-5.859375,25000000.000
18954,2031,-8.300781,25000000.000
18955,2030,-8.789062,25000000.000
18956,2022,-12.695312,25000000.000
18957,2018,-14.648438,25000000.000
18958,2014,-16.601562,25000000.000
18959,2015,-16.113281,25000000.000
18960,2010,-18.554688,25000000.000
18961,2010,-18.554688,25000000.000
18962,2010,-18.554688,25000000.000
18963,2008,-19.531250,25000000.000
18964,2012,-17.578125,25000000.000
18965,2014,-16.601562,25000000.000
18966,2019,-14.160156,25000000.000
18967,2015,-16.113281,25000000.000
18968,2024,-11.718750,25000000.000
18969,2030,-8.789062,25000000.000
18970,2035,-6.347656,25000000.000
18971,2036,-5.859375,25000000.000
18972,2048,0.000000,25000000.000
18973,2052,1.953125,25000000.000
18974,2058,4.882812,25000000.000
18975,2058,4.882812,25000000.000
18976,2067,9.277344,25000000.000
18977,2071,11.230469,25000000.000
18978,2076,13.671875,25000000.000
18979,2076,13.671875,25000000.000
18980,2080,15.625000,25000000.000
18981,2081,16.113281,25000000.000
18982,2081,16.113281,25000000.000
18983,2081,16.113281,25000000.000
18984,2080,15.625000,25000000.000
18985,2078,14.648438,25000000.000
18986,2075,13.183594,25000000.000
18987,2075,13.183594,25000000.000
18988,2066,8.789062,25000000.000
18989,2061,6.347656,25000000.000
18990,2057,4.394531,25000000.000
18991,2056,3.906250,25000000.000
18992,2047,-0.488281,25000000.000
18993,2040,-3.906250,25000000.000
18994,2035,-6.347656,25000000.000
18995,2035,-6.347656,25000000.000
18996,2025,-11.230469,25000000.000
18997,2020,-13.671875,25000000.000
18998,2018,-14.648438,25000000.000
18999,2016,-15.625000,25000000.000
19000,2010,-18.554688,25000000.000
19001,2009,-19.042969,25000000.000
19002,2009,-19.042969,25000000.000
19003,2010,-18.554688,25000000.000
19004,2010,-18.554688,25000000.000
19005,2011,-18.066406,25000000.000
19006,2013,-17.089844,25000000.000
19007,2013,-17.089844,25000000.000
19008,2021,-13.183594,25000000.000
19009,2026,-10.742188,25000000.000
19010,2031,-8.300781,25000000.000
19011,2031,-8.300781,25000000.000
19012,2041,-3.417969,25000000.000
19013,2047,-0.488281,25000000.000
19014,2052,1.953125,25000000.000
19015,2054,2.929688,25000000.000
19016,2064,7.812500,25000000.000
19017,2068,9.765625,25000000.000
19018,2072,11.718750,25000000.000
19019,2072,11.718750,25000000.000
19020,2079,15.136719,25000000.000
19021,2081,16.113281,25000000.000
19022,2081,16.113281,25000000.000
19023,2081,16.113281,25000000.000
19024,2081,16.113281,25000000.000
19025,2080,15.625000,25000000.000
19026,2077,14.160156,25000000.000
19027,2077,14.160156,25000000.000
19028,2070,10.742188,25000000.000
19029,2067,9.277344,25000000.000
19030,2061,6.347656,25000000.000
19031,2060,5.859375,25000000.000
19032,2051,1.464844,25000000.000
19033,2045,-1.464844,25000000.000
19034,2039,-4.394531,25000000.000
19035,2039,-4.394531,25000000.000
19036,2029,-9.277344,25000000.000
19037,2024,-11.718750,25000000.000
19038,2020,-13.671875,25000000.000
19039,2020,-13.671875,25000000.000
19040,2013,-17.089844,25000000.000
19041,2012,-17.578125,25000000.000
19042,2010,-18.554688,25000000.000
19043,2009,-19.042969,25000000.000
19044,2009,-19.042969,25000000.000
19045,2010,-18.554688,25000000.000
19046,2011,-18.066406,25000000.000
19047,2012,-17.578125,25000000.000
19048,2018,-14.648438,25000000.000
19049,2023,-12.207031,25000000.000
19050,2027,-10.253906,25000000.000
19051,2028,-9.765625,25000000.000
19052,2037,-5.371094,25000000.000
19053,2044,-1.953125,25000000.000
19054,2049,0.488281,25000000.000
19055,2049,0.488281,25000000.000
19056,2060,5.859375,25000000.000
19057,2066,8.789062,25000000.000
19058,2070,10.742188,25000000.000
19059,2071,11.230469,25000000.000
19060,2077,14.160156,25000000.000
19061,2080,15.625000,25000000.000
19062,2082,16.601562,25000000.000
19063,2082,16.601562,25000000.000
19064,2082,16.601562,25000000.000
19065,2082,16.601562,25000000.000
19066,2080,15.625000,25000000.000
19067,2080,15.625000,25000000.000
19068,2075,13.183594,25000000.000
19069,2072,11.718750,25000000.000
19070,2067,9.277344,25000000.000
19071,2065,8.300781,25000000.000
19072,2056,3.906250,25000000.000
19073,2051,1.464844,25000000.000
19074,2044,-1.953125,25000000.000
19075,2045,-1.464844,25000000.000
19076,2034,-6.835938,25000000.000
19077,2030,-8.789062,25000000.000
19078,2024,-11.718750,25000000.000
19079,2024,-11.718750,25000000.000
19080,2018,-14.648438,25000000.000
19081,2015,-16.113281,25000000.000
19082,2012,-17.578125,25000000.000
19083,2011,-18.066406,25000000.000
19084,2009,-19.042969,25000000.000
19085,2010,-18.554688,25000000.000
19086,2011,-18.066406,25000000.000
19087,2010,-18.554688,25000000.000
19088,2016,-15.625000,25000000.000
19089,2020,-13.671875,25000000.000
19090,2023,-12.207031,25000000.000
19091,2023,-12.207031,25000000.000
19092,2033,-7.324219,25000000.000
19093,2040,-3.906250,25000000.000
19094,2045,-1.464844,25000000.000
19095,2045,-1.464844,25000000.000
19096,2056,3.906250,25000000.000
19097,2062,6.835938,25000000.000
19098,2067,9.277344,25000000.000
19099,2067,9.277344,25000000.000
19100,2075,13.183594,25000000.000
19101,2078,14.648438,25000000.000
19102,2080,15.625000,25000000.000
19103,2081,16.113281,25000000.000
19104,2084,17.578125,25000000.000
19105,2083,17.089844,25000000.000
19106,2082,16.601562,25000000.000
19107,2081,16.113281,25000000.000
19108,2077,14.160156,25000000.000
19109,2074,12.695312,25000000.000
19110,2071,11.230469,25000000.000
19111,2070,10.742188,25000000.000
19112,2061,6.347656,25000000.000
19113,2055,3.417969,25000000.000
19114,2050,0.976562,25000000.000
19115,2050,0.976562,25000000.000
19116,2038,-4.882812,25000000.000
19117,2033,-7.324219,25000000.000
19118,2028,-9.765625,25000000.000
19119,2029,-9.277344,25000000.000
19120,2019,-14.160156,25000000.000
19121,2015,-16.113281,25000000.000
19122,2012,-17.578125,25000000.000
19123,2012,-17.578125,25000000.000
19124,2010,-18.554688,25000000.000
19125,2009,-19.042969,25000000.000
19126,2009,-19.042969,25000000.000
19127,2009,-19.042969,25000000.000
19128,2013,-17.089844,25000000.000
19129,2015,-16.113281,25000000.000
19130,2020,-13.671875,25000000.000
19131,2019,-14.160156,25000000.000
19132,2029,-9.277344,25000000.000
19133,2035,-6.347656,25000000.000
19134,2040,-3.906250,25000000.000
19135,2041,-3.417969,25000000.000
19136,2052,1.953125,25000000.000
19137,2057,4.394531,25000000.000
19138,2064,7.812500,25000000.000
19139,2063,7.324219,25000000.000
19140,2073,12.207031,25000000.000
19141,2076,13.671875,25000000.000
19142,2079,15.136719,25000000.000
19143,2080,15.625000,25000000.000
19144,2083,17.089844,25000000.000
19145,2083,17.089844,25000000.000
19146,2083,17.089844,25000000.000
19147,2082,16.601562,25000000.000
19148,2080,15.625000,25000000.000
19149,2078,14.648438,25000000.000
19150,2073,12.207031,25000000.000
19151,2073,12.207031,25000000.000
19152,2065,8.300781,25000000.000
19153,2061,6.347656,25000000.000
19154,2055,3.417969,25000000.000
19155,2053,2.441406,25000000.000
19156,2043,-2.441406,25000000.000
19157,2037,-5.371094,25000000.000
19158,2031,-8.300781,25000000.000
19159,2031,-8.300781,25000000.000
19160,2023,-12.207031,25000000.000
19161,2017,-15.136719,25000000.000
19162,2014,-16.601562,25000000.000
19163,2014,-16.601562,25000000.000
19164,2010,-18.554688,25000000.000
19165,2008,-19.531250,25000000.000
19166,2007,-20.019531,25000000.000
19167,2008,-19.531250,25000000.000
19168,2011,-18.066406,25000000.000
19169,2012,-17.578125,25000000.000
19170,2016,-15.625000,25000000.000
19171,2015,-16.113281,25000000.000
19172,2025,-11.230469,25000000.000
19173,2030,-8.789062,25000000.000
19174,2035,-6.347656,25000000.000
19175,2035,-6.347656,25000000.000
19176,2047,-0.488281,25000000.000
19177,2053,2.441406,25000000.000
19178,2056,3.906250,25000000.000
19179,2058,4.882812,25000000.000
19180,2067,9.277344,25000000.000
19181,2072,11.718750,25000000.000
19182,2075,13.183594,25000000.000
19183,2077,14.160156,25000000.000
19184,2080,15.625000,25000000.000
19185,2082,16.601562,25000000.000
19186,2082,16.601562,25000000.000
19187,2083,17.089844,25000000.000
19188,2080,15.625000,25000000.000
19189,2078,14.648438,25000000.000
19190,2075,13.183594,25000000.000
19191,2075,13.183594,25000000.000
19192,2068,9.765625,25000000.000
19193,2064,7.812500,25000000.000
19194,2058,4.882812,25000000.000
19195,2057,4.394531,25000000.000
19196,2047,-0.488281,25000000.000
19197,2041,-3.417969,25000000.000
19198,2035,-6.347656,25000000.000
19199,2035,-6.347656,25000000.000
19200,2026,-10.742188,25000000.000
19201,2020,-13.671875,25000000.000
19202,2016,-15.625000,25000000.000
19203,2016,-15.625000,25000000.000
19204,2011,-18.066406,25000000.000
19205,2009,-19.042969,25000000.000
19206,2008,-19.531250,25000000.000
19207,2008,-19.531250,25000000.000
19208,2009,-19.042969,25000000.000
19209,2010,-18.554688,25000000.000
19210,2013,-17.089844,25000000.000
19211,2013,-17.089844,25000000.000
19212,2021,-13.183594,25000000.000
19213,2025,-11.230469,25000000.000
19214,2030,-8.789062,25000000.000
19215,2030,-8.789062,25000000.000
19216,2042,-2.929688,25000000.000
19217,2046,-0.976562,25000000.000
19218,2053,2.441406,25000000.000
19219,2052,1.953125,25000000.000
19220,2064,7.812500,25000000.000
19221,2067,9.277344,25000000.000
19222,2072,11.718750,25000000.000
19223,2073,12.207031,25000000.000
19224,2079,15.136719,25000000.000
19225,2081,16.113281,25000000.000
19226,2082,16.601562,25000000.000
19227,2084,17.578125,25000000.000
19228,2082,16.601562,25000000.000
19229,2081,16.113281,25000000.000
19230,2079,15.136719,25000000.000
19231,2079,15.136719,25000000.000
19232,2073,12.207031,25000000.000
19233,2068,9.765625,25000000.000
19234,2062,6.835938,25000000.000
19235,2062,6.835938,25000000.000
19236,2053,2.441406,25000000.000
19237,2046,-0.976562,25000000.000
19238,2041,-3.417969,25000000.000
19239,2040,-3.906250,25000000.000
19240,2029,-9.277344,25000000.000
19241,2025,-11.230469,25000000.000
19242,2020,-13.671875,25000000.000
19243,2020,-13.671875,25000000.000
19244,2013,-17.089844,25000000.000
19245,2012,-17.578125,25000000.000
19246,2009,-19.042969,25000000.000
19247,2009,-19.042969,25000000.000
19248,2009,-19.042969,25000000.000
19249,2010,-18.554688,25000000.000
19250,2011,-18.066406,25000000.000
19251,2011,-18.066406,25000000.000
19252,2016,-15.625000,25000000.000
19253,2022,-12.695312,25000000.000
19254,2026,-10.742188,25000000.000
19255,2027,-10.253906,25000000.000
19256,2036,-5.859375,25000000.000
19257,2042,-2.929688,25000000.000
19258,2049,0.488281,25000000.000
19259,2049,0.488281,25000000.000
19260,2059,5.371094,25000000.000
19261,2064,7.812500,25000000.000
19262,2070,10.742188,25000000.000
19263,2070,10.742188,25000000.000
19264,2078,14.648438,25000000.000
19265,2084,17.578125,25000000.000
19266,2082,16.601562,25000000.000
19267,2084,17.578125,25000000.000
19268,2085,18.066406,25000000.000
19269,2082,16.601562,25000000.000
19270,2081,16.113281,25000000.000
19271,2082,16.601562,25000000.000
19272,2076,13.671875,25000000.000
19273,2072,11.718750,25000000.000
19274,2068,9.765625,25000000.000
19275,2067,9.277344,25000000.000
19276,2058,4.882812,25000000.000
19277,2052,1.953125,25000000.000
19278,2045,-1.464844,25000000.000
19279,2046,-0.976562,25000000.000
19280,2035,-6.347656,25000000.000
19281,2030,-8.789062,25000000.000
19282,2025,-11.230469,25000000.000
19283,2025,-11.230469,25000000.000
19284,2017,-15.136719,25000000.000
19285,2014,-16.601562,25000000.000
19286,2011,-18.066406,25000000.000
19287,2011,-18.066406,25000000.000
19288,2009,-19.042969,25000000.000
19289,2009,-19.042969,25000000.000
19290,2010,-18.554688,25000000.000
19291,2010,-18.554688,25000000.000
19292,2015,-16.113281,25000000.000
19293,2018,-14.648438,25000000.000
19294,2022,-12.695312,25000000.000
19295,2023,-12.207031,25000000.000
19296,2032,-7.812500,25000000.000
19297,2037,-5.371094,25000000.000
19298,2044,-1.953125,25000000.000
19299,2043,-2.441406,25000000.000
19300,2055,3.417969,25000000.000
19301,2060,5.859375,25000000.000
19302,2065,8.300781,25000000.000
19303,2066,8.789062,25000000.000
19304,2074,12.695312,25000000.000
19305,2077,14.160156,25000000.000
19306,2080,15.625000,25000000.000
19307,2080,15.625000,25000000.000
19308,2083,17.089844,25000000.000
19309,2083,17.089844,25000000.000
19310,2082,16.601562,25000000.000
19311,2083,17.089844,25000000.000
19312,2080,15.625000,25000000.000
19313,2075,13.183594,25000000.000
19314,2071,11.230469,25000000.000
19315,2071,11.230469,25000000.000
19316,2060,5.859375,25000000.000
19317,2057,4.394531,25000000.000
19318,2052,1.953125,25000000.000
19319,2050,0.976562,25000000.000
19320,2040,-3.906250,25000000.000
19321,2034,-6.835938,25000000.000
19322,2031,-8.300781,25000000.000
19323,2029,-9.277344,25000000.000
19324,2021,-13.183594,25000000.000
19325,2018,-14.648438,25000000.000
19326,2014,-16.601562,25000000.000
19327,2014,-16.601562,25000000.000
19328,2010,-18.554688,25000000.000
19329,2010,-18.554688,25000000.000
19330,2010,-18.554688,25000000.000
19331,2009,-19.042969,25000000.000
19332,2013,-17.089844,25000000.000
19333,2015,-16.113281,25000000.000
19334,2019,-14.160156,25000000.000
19335,2019,-14.160156,25000000.000
19336,2027,-10.253906,25000000.000
19337,2032,-7.812500,25000000.000
19338,2039,-4.394531,25000000.000
19339,2039,-4.394531,25000000.000
19340,2049,0.488281,25000000.000
19341,2054,2.929688,25000000.000
19342,2061,6.347656,25000000.000
19343,2060,5.859375,25000000.000
19344,2070,10.742188,25000000.000
19345,2074,12.695312,25000000.000
19346,2078,14.648438,25000000.000
19347,2078,14.648438,25000000.000
19348,2082,16.601562,25000000.000
19349,2084,17.578125,25000000.000
19350,2084,17.578125,25000000.000
19351,2084,17.578125,25000000.000
19352,2081,16.113281,25000000.000
19353,2079,15.136719,25000000.000
19354,2076,13.671875,25000000.000
19355,2075,13.183594,25000000.000
19356,2067,9.277344,25000000.000
19357,2061,6.347656,25000000.000
19358,2056,3.906250,25000000.000
19359,2055,3.417969,25000000.000
19360,2044,-1.953125,25000000.000
19361,2039,-4.394531,25000000.000
19362,2033,-7.324219,25000000.000
19363,2033,-7.324219,25000000.000
19364,2022,-12.695312,25000000.000
19365,2018,-14.648438,25000000.000
19366,2015,-16.113281,25000000.000
19367,2014,-16.601562,25000000.000
19368,2009,-19.042969,25000000.000
19369,2007,-20.019531,25000000.000
19370,2008,-19.531250,25000000.000
19371,2007,-20.019531,25000000.000
19372,2009,-19.042969,25000000.000
19373,2011,-18.066406,25000000.000
19374,2015,-16.113281,25000000.000
19375,2015,-16.113281,25000000.000
19376,2022,-12.695312,25000000.000
19377,2027,-10.253906,25000000.000
19378,2032,-7.812500,25000000.000
19379,2033,-7.324219,25000000.000
19380,2044,-1.953125,25000000.000
19381,2050,0.976562,25000000.000
19382,2056,3.906250,25000000.000
19383,2056,3.906250,25000000.000
19384,2065,8.300781,25000000.000
19385,2070,10.742188,25000000.000
19386,2074,12.695312,25000000.000
19387,2075,13.183594,25000000.000
19388,2081,16.113281,25000000.000
19389,2083,17.089844,25000000.000
19390,2082,16.601562,25000000.000
19391,2083,17.089844,25000000.000
19392,2082,16.601562,25000000.000
19393,2080,15.625000,25000000.000
19394,2077,14.160156,25000000.000
19395,2076,13.671875,25000000.000
19396,2070,10.742188,25000000.000
19397,2065,8.300781,25000000.000
19398,2059,5.371094,25000000.000
19399,2058,4.882812,25000000.000
19400,2050,0.976562,25000000.000
19401,2043,-2.441406,25000000.000
19402,2038,-4.882812,25000000.000
19403,2036,-5.859375,25000000.000
19404,2027,-10.253906,25000000.000
19405,2022,-12.695312,25000000.000
19406,2018,-14.648438,25000000.000
19407,2018,-14.648438,25000000.000
19408,2011,-18.066406,25000000.000
19409,2009,-19.042969,25000000.000
19410,2009,-19.042969,25000000.000
19411,2009,-19.042969,25000000.000
19412,2008,-19.531250,25000000.000
19413,2010,-18.554688,25000000.000
19414,2012,-17.578125,25000000.000
19415,2013,-17.089844,25000000.000
19416,2019,-14.160156,25000000.000
19417,2023,-12.207031,25000000.000
19418,2029,-9.277344,25000000.000
19419,2029,-9.277344,25000000.000
19420,2040,-3.906250,25000000.000
19421,2045,-1.464844,25000000.000
19422,2051,1.464844,25000000.000
19423,2052,1.953125,25000000.000
19424,2062,6.835938,25000000.000
19425,2067,9.277344,25000000.000
19426,2071,11.230469,25000000.000
19427,2071,11.230469,25000000.000
19428,2078,14.648438,25000000.000
19429,2081,16.113281,25000000.000
19430,2083,17.089844,25000000.000
19431,2082,16.601562,25000000.000
19432,2082,16.601562,25000000.000
19433,2082,16.601562,25000000.000
19434,2079,15.136719,25000000.000
19435,2079,15.136719,25000000.000
19436,2072,11.718750,25000000.000
19437,2069,10.253906,25000000.000
19438,2064,7.812500,25000000.000
19439,2063,7.324219,25000000.000
19440,2054,2.929688,25000000.000
19441,2048,0.000000,25000000.000
19442,2043,-2.441406,25000000.000
19443,2042,-2.929688,25000000.000
19444,2032,-7.812500,25000000.000
19445,2027,-10.253906,25000000.000
19446,2021,-13.183594,25000000.000
19447,2021,-13.183594,25000000.000
19448,2014,-16.601562,25000000.000
19449,2012,-17.578125,25000000.000
19450,2010,-18.554688,25000000.000
19451,2009,-19.042969,25000000.000
19452,2009,-19.042969,25000000.000
19453,2009,-19.042969,25000000.000
19454,2010,-18.554688,25000000.000
19455,2010,-18.554688,25000000.000
19456,2016,-15.625000,25000000.000
19457,2021,-13.183594,25000000.000
19458,2025,-11.230469,25000000.000
19459,2024,-11.718750,25000000.000
19460,2035,-6.347656,25000000.000
19461,2041,-3.417969,25000000.000
19462,2045,-1.464844,25000000.000
19463,2046,-0.976562,25000000.000
19464,2058,4.882812,25000000.000
19465,2063,7.324219,25000000.000
19466,2068,9.765625,25000000.000
19467,2068,9.765625,25000000.000
19468,2076,13.671875,25000000.000
19469,2081,16.113281,25000000.000
19470,2082,16.601562,25000000.000
19471,2082,16.601562,25000000.000
19472,2084,17.578125,25000000.000
19473,2084,17.578125,25000000.000
19474,2082,16.601562,25000000.000
19475,2082,16.601562,25000000.000
19476,2077,14.160156,25000000.000
19477,2074,12.695312,25000000.000
19478,2069,10.253906,25000000.000
19479,2068,9.765625,25000000.000
19480,2059,5.371094,25000000.000
19481,2053,2.441406,25000000.000
19482,2048,0.000000,25000000.000
19483,2047,-0.488281,25000000.000
19484,2037,-5.371094,25000000.000
19485,2031,-8.300781,25000000.000
19486,2027,-10.253906,25000000.000
19487,2026,-10.742188,25000000.000
19488,2019,-14.160156,25000000.000
19489,2015,-16.113281,25000000.000
19490,2011,-18.066406,25000000.000
19491,2012,-17.578125,25000000.000
19492,2008,-19.531250,25000000.000
19493,2009,-19.042969,25000000.000
19494,2009,-19.042969,25000000.000
19495,2010,-18.554688,25000000.000
19496,2014,-16.601562,25000000.000
19497,2016,-15.625000,25000000.000
19498,2021,-13.183594,25000000.000
19499,2022,-12.695312,25000000.000
19500,2030,-8.789062,25000000.000
19501,2034,-6.835938,25000000.000
19502,2041,-3.417969,25000000.000
19503,2042,-2.929688,25000000.000
19504,2052,1.953125,25000000.000
19505,2058,4.882812,25000000.000
19506,2065,8.300781,25000000.000
19507,2065,8.300781,25000000.000
19508,2073,12.207031,25000000.000
19509,2077,14.160156,25000000.000
19510,2080,15.625000,25000000.000
19511,2080,15.625000,25000000.000
19512,2084,17.578125,25000000.000
19513,2083,17.089844,25000000.000
19514,2084,17.578125,25000000.000
19515,2083,17.089844,25000000.000
19516,2079,15.136719,25000000.000
19517,2077,14.160156,25000000.000
19518,2073,12.207031,25000000.000
19519,2073,12.207031,25000000.000
19520,2062,6.835938,25000000.000
19521,2059,5.371094,25000000.000
19522,2052,1.953125,25000000.000
19523,2051,1.464844,25000000.000
19524,2041,-3.417969,25000000.000
19525,2035,-6.347656,25000000.000
19526,2030,-8.789062,25000000.000
19527,2029,-9.277344,25000000.000
19528,2021,-13.183594,25000000.000
19529,2016,-15.625000,25000000.000
19530,2014,-16.601562,25000000.000
19531,2013,-17.089844,25000000.000
19532,2009,-19.042969,25000000.000
19533,2008,-19.531250,25000000.000
19534,2008,-19.531250,25000000.000
19535,2009,-19.042969,25000000.000
19536,2011,-18.066406,25000000.000
19537,2015,-16.113281,25000000.000
19538,2018,-14.648438,25000000.000
19539,2018,-14.648438,25000000.000
19540,2026,-10.742188,25000000.000
19541,2030,-8.789062,25000000.000
19542,2038,-4.882812,25000000.000
19543,2039,-4.394531,25000000.000
19544,2049,0.488281,25000000.000
19545,2055,3.417969,25000000.000
19546,2061,6.347656,25000000.000
19547,2060,5.859375,25000000.000
19548,2070,10.742188,25000000.000
19549,2074,12.695312,25000000.000
19550,2078,14.648438,25000000.000
19551,2079,15.136719,25000000.000
19552,2084,17.578125,25000000.000
19553,2083,17.089844,25000000.000
19554,2084,17.578125,25000000.000
19555,2083,17.089844,25000000.000
19556,2082,16.601562,25000000.000
19557,2080,15.625000,25000000.000
19558,2076,13.671875,25000000.000
19559,2075,13.183594,25000000.000
19560,2069,10.253906,25000000.000
19561,2064,7.812500,25000000.000
19562,2057,4.394531,25000000.000
19563,2056,3.906250,25000000.000
19564,2046,-0.976562,25000000.000
19565,2041,-3.417969,25000000.000
19566,2034,-6.835938,25000000.000
19567,2035,-6.347656,25000000.000
19568,2025,-11.230469,25000000.000
19569,2020,-13.671875,25000000.000
19570,2015,-16.113281,25000000.000
19571,2015,-16.113281,25000000.000
19572,2010,-18.554688,25000000.000
19573,2008,-19.531250,25000000.000
19574,2007,-20.019531,25000000.000
19575,2007,-20.019531,25000000.000
19576,2008,-19.531250,25000000.000
19577,2009,-19.042969,25000000.000
19578,2013,-17.089844,25000000.000
19579,2014,-16.601562,25000000.000
19580,2021,-13.183594,25000000.000
19581,2025,-11.230469,25000000.000
19582,2031,-8.300781,25000000.000
19583,2031,-8.300781,25000000.000
19584,2043,-2.441406,25000000.000
19585,2047,-0.488281,25000000.000
19586,2054,2.929688,25000000.000
19587,2054,2.929688,25000000.000
19588,2065,8.300781,25000000.000
19589,2070,10.742188,25000000.000
19590,2074,12.695312,25000000.000
19591,2074,12.695312,25000000.000
19592,2080,15.625000,25000000.000
19593,2082,16.601562,25000000.000
19594,2084,17.578125,25000000.000
19595,2084,17.578125,25000000.000
19596,2082,16.601562,25000000.000
19597,2082,16.601562,25000000.000
19598,2079,15.136719,25000000.000
19599,2078,14.648438,25000000.000
19600,2071,11.230469,25000000.000
19601,2067,9.277344,25000000.000
19602,2062,6.835938,25000000.000
19603,2060,5.859375,25000000.000
19604,2051,1.464844,25000000.000
19605,2045,-1.464844,25000000.000
19606,2040,-3.906250,25000000.000
19607,2038,-4.882812,25000000.000
19608,2029,-9.277344,25000000.000
19609,2023,-12.207031,25000000.000
19610,2019,-14.160156,25000000.000
19611,2018,-14.648438,25000000.000
19612,2013,-17.089844,25000000.000
19613,2011,-18.066406,25000000.000
19614,2006,-20.507812,25000000.000
19615,2010,-18.554688,25000000.000
19616,2009,-19.042969,25000000.000
19617,2008,-19.531250,25000000.000
19618,2011,-18.066406,25000000.000
19619,2011,-18.066406,25000000.000
19620,2018,-14.648438,25000000.000
19621,2021,-13.183594,25000000.000
19622,2026,-10.742188,25000000.000
19623,2026,-10.742188,25000000.000
19624,2038,-4.882812,25000000.000
19625,2043,-2.441406,25000000.000
19626,2050,0.976562,25000000.000
19627,2049,0.488281,25000000.000
19628,2061,6.347656,25000000.000
19629,2066,8.789062,25000000.000
19630,2071,11.230469,25000000.000
19631,2071,11.230469,25000000.000
19632,2079,15.136719,25000000.000
19633,2081,16.113281,25000000.000
19634,2084,17.578125,25000000.000
19635,2083,17.089844,25000000.000
19636,2084,17.578125,25000000.000
19637,2083,17.089844,25000000.000
19638,2080,15.625000,25000000.000
19639,2081,16.113281,25000000.000
19640,2075,13.183594,25000000.000
19641,2071,11.230469,25000000.000
19642,2067,9.277344,25000000.000
19643,2065,8.300781,25000000.000
19644,2056,3.906250,25000000.000
19645,2051,1.464844,25000000.000
19646,2043,-2.441406,25000000.000
19647,2045,-1.464844,25000000.000
19648,2033,-7.324219,25000000.000
19649,2028,-9.765625,25000000.000
19650,2023,-12.207031,25000000.000
19651,2022,-12.695312,25000000.000
19652,2015,-16.113281,25000000.000
19653,2011,-18.066406,25000000.000
19654,2009,-19.042969,25000000.000
19655,2010,-18.554688,25000000.000
19656,2007,-20.019531,25000000.000
19657,2008,-19.531250,25000000.000
19658,2011,-18.066406,25000000.000
19659,2011,-18.066406,25000000.000
19660,2015,-16.113281,25000000.000
19661,2019,-14.160156,25000000.000
19662,2025,-11.230469,25000000.000
19663,2023,-12.207031,25000000.000
19664,2032,-7.812500,25000000.000
19665,2038,-4.882812,25000000.000
19666,2045,-1.464844,25000000.000
19667,2044,-1.953125,25000000.000
19668,2056,3.906250,25000000.000
19669,2063,7.324219,25000000.000
19670,2067,9.277344,25000000.000
19671,2067,9.277344,25000000.000
19672,2076,13.671875,25000000.000
19673,2080,15.625000,25000000.000
19674,2081,16.113281,25000000.000
19675,2082,16.601562,25000000.000
19676,2085,18.066406,25000000.000
19677,2085,18.066406,25000000.000
19678,2083,17.089844,25000000.000
19679,2083,17.089844,25000000.000
19680,2078,14.648438,25000000.000
19681,2076,13.671875,25000000.000
19682,2072,11.718750,25000000.000
19683,2070,10.742188,25000000.000
19684,2061,6.347656,25000000.000
19685,2055,3.417969,25000000.000
19686,2050,0.976562,25000000.000
19687,2049,0.488281,25000000.000
19688,2038,-4.882812,25000000.000
19689,2033,-7.324219,25000000.000
19690,2028,-9.765625,25000000.000
19691,2026,-10.742188,25000000.000
19692,2019,-14.160156,25000000.000
19693,2015,-16.113281,25000000.000
19694,2012,-17.578125,25000000.000
19695,2013,-17.089844,25000000.000
19696,2008,-19.531250,25000000.000
19697,2008,-19.531250,25000000.000
19698,2008,-19.531250,25000000.000
19699,2008,-19.531250,25000000.000
19700,2012,-17.578125,25000000.000
19701,2015,-16.113281,25000000.000
19702,2019,-14.160156,25000000.000
19703,2018,-14.648438,25000000.000
19704,2029,-9.277344,25000000.000
19705,2034,-6.835938,25000000.000
19706,2040,-3.906250,25000000.000
19707,2039,-4.394531,25000000.000
19708,2052,1.953125,25000000.000
19709,2057,4.394531,25000000.000
19710,2063,7.324219,25000000.000
19711,2063,7.324219,25000000.000
19712,2072,11.718750,25000000.000
19713,2076,13.671875,25000000.000
19714,2080,15.625000,25000000.000
19715,2079,15.136719,25000000.000
19716,2083,17.089844,25000000.000
19717,2084,17.578125,25000000.000
19718,2084,17.578125,25000000.000
19719,2083,17.089844,25000000.000
19720,2082,16.601562,25000000.000
19721,2079,15.136719,25000000.000
19722,2075,13.183594,25000000.000
19723,2075,13.183594,25000000.000
19724,2066,8.789062,25000000.000
19725,2061,6.347656,25000000.000
19726,2055,3.417969,25000000.000
19727,2054,2.929688,25000000.000
19728,2044,-1.953125,25000000.000
19729,2037,-5.371094,25000000.000
19730,2033,-7.324219,25000000.000
19731,2032,-7.812500,25000000.000
19732,2022,-12.695312,25000000.000
19733,2018,-14.648438,25000000.000
19734,2014,-16.601562,25000000.000
19735,2013,-17.089844,25000000.000
19736,2009,-19.042969,25000000.000
19737,2009,-19.042969,25000000.000
19738,2008,-19.531250,25000000.000
19739,2007,-20.019531,25000000.000
19740,2009,-19.042969,25000000.000
19741,2012,-17.578125,25000000.000
19742,2016,-15.625000,25000000.000
19743,2017,-15.136719,25000000.000
19744,2024,-11.718750,25000000.000
19745,2029,-9.277344,25000000.000
19746,2035,-6.347656,25000000.000
19747,2035,-6.347656,25000000.000
19748,2046,-0.976562,25000000.000
19749,2053,2.441406,25000000.000
19750,2058,4.882812,25000000.000
19751,2058,4.882812,25000000.000
19752,2068,9.765625,25000000.000
19753,2072,11.718750,25000000.000
19754,2076,13.671875,25000000.000
19755,2077,14.160156,25000000.000
19756,2082,16.601562,25000000.000
19757,2083,17.089844,25000000.000
19758,2083,17.089844,25000000.000
19759,2084,17.578125,25000000.000
19760,2082,16.601562,25000000.000
19761,2080,15.625000,25000000.000
19762,2078,14.648438,25000000.000
19763,2077,14.160156,25000000.000
19764,2070,10.742188,25000000.000
19765,2063,7.324219,25000000.000
19766,2059,5.371094,25000000.000
19767,2058,4.882812,25000000.000
19768,2047,-0.488281,25000000.000
19769,2041,-3.417969,25000000.000
19770,2036,-5.859375,25000000.000
19771,2035,-6.347656,25000000.000
19772,2026,-10.742188,25000000.000
19773,2021,-13.183594,25000000.000
19774,2017,-15.136719,25000000.000
19775,2016,-15.625000,25000000.000
19776,2011,-18.066406,25000000.000
19777,2008,-19.531250,25000000.000
19778,2007,-20.019531,25000000.000
19779,2007,-20.019531,25000000.000
19780,2008,-19.531250,25000000.000
19781,2010,-18.554688,25000000.000
19782,2013,-17.089844,25000000.000
19783,2013,-17.089844,25000000.000
19784,2020,-13.671875,25000000.000
19785,2024,-11.718750,25000000.000
19786,2030,-8.789062,25000000.000
19787,2030,-8.789062,25000000.000
19788,2040,-3.906250,25000000.000
19789,2047,-0.488281,25000000.000
19790,2053,2.441406,25000000.000
19791,2053,2.441406,25000000.000
19792,2064,7.812500,25000000.000
19793,2068,9.765625,25000000.000
19794,2072,11.718750,25000000.000
19795,2073,12.207031,25000000.000
19796,2079,15.136719,25000000.000
19797,2081,16.113281,25000000.000
19798,2083,17.089844,25000000.000
19799,2083,17.089844,25000000.000
19800,2074,12.695312,25000000.000
19801,2083,17.089844,25000000.000
19802,2082,16.601562,25000000.000
19803,2080,15.625000,25000000.000
19804,2072,11.718750,25000000.000
19805,2068,9.765625,25000000.000
19806,2065,8.300781,25000000.000
19807,2063,7.324219,25000000.000
19808,2052,1.953125,25000000.000
19809,2046,-0.976562,25000000.000
19810,2039,-4.394531,25000000.000
19811,2038,-4.882812,25000000.000
19812,2028,-9.765625,25000000.000
19813,2023,-12.207031,25000000.000
19814,2019,-14.160156,25000000.000
19815,2020,-13.671875,25000000.000
19816,2012,-17.578125,25000000.000
19817,2011,-18.066406,25000000.000
19818,2010,-18.554688,25000000.000
19819,2010,-18.554688,25000000.000
19820,2009,-19.042969,25000000.000
19821,2008,-19.531250,25000000.000
19822,2011,-18.066406,25000000.000
19823,2011,-18.066406,25000000.000
19824,2017,-15.136719,25000000.000
19825,2022,-12.695312,25000000.000
19826,2026,-10.742188,25000000.000
19827,2027,-10.253906,25000000.000
19828,2037,-5.371094,25000000.000
19829,2042,-2.929688,25000000.000
19830,2047,-0.488281,25000000.000
19831,2048,0.000000,25000000.000
19832,2060,5.859375,25000000.000
19833,2065,8.300781,25000000.000
19834,2069,10.253906,25000000.000
19835,2070,10.742188,25000000.000
19836,2078,14.648438,25000000.000
19837,2081,16.113281,25000000.000
19838,2082,16.601562,25000000.000
19839,2082,16.601562,25000000.000
19840,2084,17.578125,25000000.000
19841,2084,17.578125,25000000.000
19842,2082,16.601562,25000000.000
19843,2081,16.113281,25000000.000
19844,2076,13.671875,25000000.000
19845,2072,11.718750,25000000.000
19846,2068,9.765625,25000000.000
19847,2067,9.277344,25000000.000
19848,2057,4.394531,25000000.000
19849,2053,2.441406,25000000.000
19850,2046,-0.976562,25000000.000
19851,2045,-1.464844,25000000.000
19852,2035,-6.347656,25000000.000
19853,2030,-8.789062,25000000.000
19854,2024,-11.718750,25000000.000
19855,2024,-11.718750,25000000.000
19856,2016,-15.625000,25000000.000
19857,2013,-17.089844,25000000.000
19858,2011,-18.066406,25000000.000
19859,2009,-19.042969,25000000.000
19860,2006,-20.507812,25000000.000
19861,2008,-19.531250,25000000.000
19862,2009,-19.042969,25000000.000
19863,2009,-19.042969,25000000.000
19864,2015,-16.113281,25000000.000
19865,2017,-15.136719,25000000.000
19866,2021,-13.183594,25000000.000
19867,2023,-12.207031,25000000.000
19868,2032,-7.812500,25000000.000
19869,2038,-4.882812,25000000.000
19870,2044,-1.953125,25000000.000
19871,2044,-1.953125,25000000.000
19872,2055,3.417969,25000000.000
19873,2061,6.347656,25000000.000
19874,2065,8.300781,25000000.000
19875,2067,9.277344,25000000.000
19876,2074,12.695312,25000000.000
19877,2079,15.136719,25000000.000
19878,2081,16.113281,25000000.000
19879,2081,16.113281,25000000.000
19880,2084,17.578125,25000000.000
19881,2084,17.578125,25000000.000
19882,2083,17.089844,25000000.000
19883,2083,17.089844,25000000.000
19884,2079,15.136719,25000000.000
19885,2075,13.183594,25000000.000
19886,2072,11.718750,25000000.000
19887,2072,11.718750,25000000.000
19888,2061,6.347656,25000000.000
19889,2055,3.417969,25000000.000
19890,2051,1.464844,25000000.000
19891,2050,0.976562,25000000.000
19892,2040,-3.906250,25000000.000
19893,2034,-6.835938,25000000.000
19894,2029,-9.277344,25000000.000
19895,2028,-9.765625,25000000.000
19896,2018,-14.648438,25000000.000
19897,2015,-16.113281,25000000.000
19898,2012,-17.578125,25000000.000
19899,2012,-17.578125,25000000.000
19900,2009,-19.042969,25000000.000
19901,2008,-19.531250,25000000.000
19902,2009,-19.042969,25000000.000
19903,2009,-19.042969,25000000.000
19904,2010,-18.554688,25000000.000
19905,2015,-16.113281,25000000.000
19906,2018,-14.648438,25000000.000
19907,2018,-14.648438,25000000.000
19908,2027,-10.253906,25000000.000
19909,2032,-7.812500,25000000.000
19910,2039,-4.394531,25000000.000
19911,2039,-4.394531,25000000.000
19912,2050,0.976562,25000000.000
19913,2057,4.394531,25000000.000
19914,2061,6.347656,25000000.000
19915,2061,6.347656,25000000.000
19916,2072,11.718750,25000000.000
19917,2075,13.183594,25000000.000
19918,2079,15.136719,25000000.000
19919,2079,15.136719,25000000.000
19920,2083,17.089844,25000000.000
19921,2083,17.089844,25000000.000
19922,2083,17.089844,25000000.000
19923,2083,17.089844,25000000.000
19924,2081,16.113281,25000000.000
19925,2078,14.648438,25000000.000
19926,2074,12.695312,25000000.000
19927,2074,12.695312,25000000.000
19928,2065,8.300781,25000000.000
19929,2060,5.859375,25000000.000
19930,2054,2.929688,25000000.000
19931,2054,2.929688,25000000.000
19932,2043,-2.441406,25000000.000
19933,2038,-4.882812,25000000.000
19934,2033,-7.324219,25000000.000
19935,2030,-8.789062,25000000.000
19936,2023,-12.207031,25000000.000
19937,2018,-14.648438,25000000.000
19938,2014,-16.601562,25000000.000
19939,2013,-17.089844,25000000.000
19940,2009,-19.042969,25000000.000
19941,2008,-19.531250,25000000.000
19942,2008,-19.531250,25000000.000
19943,2007,-20.019531,25000000.000
19944,2009,-19.042969,25000000.000
19945,2011,-18.066406,25000000.000
19946,2014,-16.601562,25000000.000
19947,2014,-16.601562,25000000.000
19948,2023,-12.207031,25000000.000
19949,2028,-9.765625,25000000.000
19950,2033,-7.324219,25000000.000
19951,2034,-6.835938,25000000.000
19952,2045,-1.464844,25000000.000
19953,2051,1.464844,25000000.000
19954,2057,4.394531,25000000.000
19955,2058,4.882812,25000000.000
19956,2067,9.277344,25000000.000
19957,2071,11.230469,25000000.000
19958,2076,13.671875,25000000.000
19959,2075,13.183594,25000000.000
19960,2080,15.625000,25000000.000
19961,2087,19.042969,25000000.000
19962,2084,17.578125,25000000.000
19963,2085,18.066406,25000000.000
19964,2082,16.601562,25000000.000
19965,2080,15.625000,25000000.000
19966,2077,14.160156,25000000.000
19967,2077,14.160156,25000000.000
19968,2070,10.742188,25000000.000
19969,2065,8.300781,25000000.000
19970,2060,5.859375,25000000.000
19971,2059,5.371094,25000000.000
19972,2049,0.488281,25000000.000
19973,2043,-2.441406,25000000.000
19974,2037,-5.371094,25000000.000
19975,2037,-5.371094,25000000.000
19976,2027,-10.253906,25000000.000
19977,2022,-12.695312,25000000.000
19978,2018,-14.648438,25000000.000
19979,2017,-15.136719,25000000.000
19980,2010,-18.554688,25000000.000
19981,2009,-19.042969,25000000.000
19982,2009,-19.042969,25000000.000
19983,2008,-19.531250,25000000.000
19984,2008,-19.531250,25000000.000
19985,2010,-18.554688,25000000.000
19986,2012,-17.578125,25000000.000
19987,2013,-17.089844,25000000.000
19988,2019,-14.160156,25000000.000
19989,2025,-11.230469,25000000.000
19990,2028,-9.765625,25000000.000
19991,2030,-8.789062,25000000.000
19992,2039,-4.394531,25000000.000
19993,2045,-1.464844,25000000.000
19994,2051,1.464844,25000000.000
19995,2052,1.953125,25000000.000
19996,2063,7.324219,25000000.000
19997,2067,9.277344,25000000.000
19998,2072,11.718750,25000000.000
19999,2072,11.718750,25000000.000
20000,2079,15.136719,25000000.000
20001,2080,15.625000,25000000.000
20002,2083,17.089844,25000000.000
20003,2083,17.089844,25000000.000
20004,2084,17.578125,25000000.000
20005,2082,16.601562,25000000.000
20006,2079,15.136719,25000000.000
20007,2079,15.136719,25000000.000
20008,2074,12.695312,25000000.000
20009,2069,10.253906,25000000.000
20010,2064,7.812500,25000000.000
20011,2064,7.812500,25000000.000
20012,2051,1.464844,25000000.000
20013,2048,0.000000,25000000.000
20014,2043,-2.441406,25000000.000
20015,2042,-2.929688,25000000.000
20016,2031,-8.300781,25000000.000
20017,2026,-10.742188,25000000.000
20018,2022,-12.695312,25000000.000
20019,2021,-13.183594,25000000.000
20020,2014,-16.601562,25000000.000
20021,2012,-17.578125,25000000.000
20022,2009,-19.042969,25000000.000
20023,2010,-18.554688,25000000.000
20024,2008,-19.531250,25000000.000
20025,2009,-19.042969,25000000.000
20026,2011,-18.066406,25000000.000
20027,2010,-18.554688,25000000.000
20028,2017,-15.136719,25000000.000
20029,2019,-14.160156,25000000.000
20030,2026,-10.742188,25000000.000
20031,2025,-11.230469,25000000.000
20032,2036,-5.859375,25000000.000
20033,2040,-3.906250,25000000.000
20034,2046,-0.976562,25000000.000
20035,2047,-0.488281,25000000.000
20036,2057,4.394531,25000000.000
20037,2063,7.324219,25000000.000
20038,2068,9.765625,25000000.000
20039,2068,9.765625,25000000.000
20040,2076,13.671875,25000000.000
20041,2079,15.136719,25000000.000
20042,2081,16.113281,25000000.000
20043,2080,15.625000,25000000.000
20044,2084,17.578125,25000000.000
20045,2084,17.578125,25000000.000
20046,2082,16.601562,25000000.000
20047,2082,16.601562,25000000.000
20048,2078,14.648438,25000000.000
20049,2074,12.695312,25000000.000
20050,2069,10.253906,25000000.000
20051,2069,10.253906,25000000.000
20052,2061,6.347656,25000000.000
20053,2054,2.929688,25000000.000
20054,2048,0.000000,25000000.000
20055,2048,0.000000,25000000.000
20056,2036,-5.859375,25000000.000
20057,2032,-7.812500,25000000.000
20058,2026,-10.742188,25000000.000
20059,2026,-10.742188,25000000.000
20060,2017,-15.136719,25000000.000
20061,2014,-16.601562,25000000.000
20062,2013,-17.089844,25000000.000
20063,2011,-18.066406,25000000.000
20064,2008,-19.531250,25000000.000
20065,2008,-19.531250,25000000.000
20066,2009,-19.042969,25000000.000
20067,2009,-19.042969,25000000.000
20068,2014,-16.601562,25000000.000
20069,2017,-15.136719,25000000.000
20070,2020,-13.671875,25000000.000
20071,2022,-12.695312,25000000.000
20072,2032,-7.812500,25000000.000
20073,2036,-5.859375,25000000.000
20074,2043,-2.441406,25000000.000
20075,2044,-1.953125,25000000.000
20076,2055,3.417969,25000000.000
20077,2061,6.347656,25000000.000
20078,2065,8.300781,25000000.000
20079,2065,8.300781,25000000.000
20080,2074,12.695312,25000000.000
20081,2077,14.160156,25000000.000
20082,2082,16.601562,25000000.000
20083,2081,16.113281,25000000.000
20084,2084,17.578125,25000000.000
20085,2084,17.578125,25000000.000
20086,2083,17.089844,25000000.000
20087,2084,17.578125,25000000.000
20088,2080,15.625000,25000000.000
20089,2077,14.160156,25000000.000
20090,2073,12.207031,25000000.000
20091,2073,12.207031,25000000.000
20092,2065,8.300781,25000000.000
20093,2058,4.882812,25000000.000
20094,2053,2.441406,25000000.000
20095,2052,1.953125,25000000.000
20096,2041,-3.417969,25000000.000
20097,2036,-5.859375,25000000.000
20098,2030,-8.789062,25000000.000
20099,2029,-9.277344,25000000.000
20100,2021,-13.183594,25000000.000
20101,2016,-15.625000,25000000.000
20102,2014,-16.601562,25000000.000
20103,2013,-17.089844,25000000.000
20104,2008,-19.531250,25000000.000
20105,2007,-20.019531,25000000.000
20106,2009,-19.042969,25000000.000
20107,2009,-19.042969,25000000.000
20108,2010,-18.554688,25000000.000
20109,2015,-16.113281,25000000.000
20110,2018,-14.648438,25000000.000
20111,2019,-14.160156,25000000.000
20112,2028,-9.765625,25000000.000
20113,2032,-7.812500,25000000.000
20114,2037,-5.371094,25000000.000
20115,2037,-5.371094,25000000.000
20116,2049,0.488281,25000000.000
20117,2054,2.929688,25000000.000
20118,2060,5.859375,25000000.000
20119,2061,6.347656,25000000.000
20120,2070,10.742188,25000000.000
20121,2075,13.183594,25000000.000
20122,2078,14.648438,25000000.000
20123,2078,14.648438,25000000.000
20124,2082,16.601562,25000000.000
20125,2083,17.089844,25000000.000
20126,2084,17.578125,25000000.000
20127,2083,17.089844,25000000.000
20128,2081,16.113281,25000000.000
20129,2078,14.648438,25000000.000
20130,2076,13.671875,25000000.000
20131,2075,13.183594,25000000.000
20132,2067,9.277344,25000000.000
20133,2062,6.835938,25000000.000
20134,2056,3.906250,25000000.000
20135,2056,3.906250,25000000.000
20136,2044,-1.953125,25000000.000
20137,2040,-3.906250,25000000.000
20138,2034,-6.835938,25000000.000
20139,2032,-7.812500,25000000.000
20140,2023,-12.207031,25000000.000
20141,2019,-14.160156,25000000.000
20142,2016,-15.625000,25000000.000
20143,2015,-16.113281,25000000.000
20144,2010,-18.554688,25000000.000
20145,2009,-19.042969,25000000.000
20146,2008,-19.531250,25000000.000
20147,2008,-19.531250,25000000.000
20148,2009,-19.042969,25000000.000
20149,2011,-18.066406,25000000.000
20150,2014,-16.601562,25000000.000
20151,2013,-17.089844,25000000.000
20152,2022,-12.695312,25000000.000
20153,2027,-10.253906,25000000.000
20154,2032,-7.812500,25000000.000
20155,2032,-7.812500,25000000.000
20156,2043,-2.441406,25000000.000
20157,2050,0.976562,25000000.000
20158,2055,3.417969,25000000.000
20159,2056,3.906250,25000000.000
20160,2066,8.789062,25000000.000
20161,2070,10.742188,25000000.000
20162,2076,13.671875,25000000.000
20163,2075,13.183594,25000000.000
20164,2081,16.113281,25000000.000
20165,2082,16.601562,25000000.000
20166,2083,17.089844,25000000.000
20167,2084,17.578125,25000000.000
20168,2081,16.113281,25000000.000
20169,2080,15.625000,25000000.000
20170,2078,14.648438,25000000.000
20171,2077,14.160156,25000000.000
20172,2071,11.230469,25000000.000
20173,2066,8.789062,25000000.000
20174,2061,6.347656,25000000.000
20175,2060,5.859375,25000000.000
20176,2050,0.976562,25000000.000
20177,2044,-1.953125,25000000.000
20178,2038,-4.882812,25000000.000
20179,2038,-4.882812,25000000.000
20180,2027,-10.253906,25000000.000
20181,2022,-12.695312,25000000.000
20182,2019,-14.160156,25000000.000
20183,2019,-14.160156,25000000.000
20184,2013,-17.089844,25000000.000
20185,2010,-18.554688,25000000.000
20186,2008,-19.531250,25000000.000
20187,2009,-19.042969,25000000.000
20188,2010,-18.554688,25000000.000
20189,2009,-19.042969,25000000.000
20190,2011,-18.066406,25000000.000
20191,2012,-17.578125,25000000.000
20192,2019,-14.160156,25000000.000
20193,2023,-12.207031,25000000.000
20194,2028,-9.765625,25000000.000
20195,2027,-10.253906,25000000.000
20196,2038,-4.882812,25000000.000
20197,2044,-1.953125,25000000.000
20198,2050,0.976562,25000000.000
20199,2051,1.464844,25000000.000
20200,2062,6.835938,25000000.000
20201,2066,8.789062,25000000.000
20202,2071,11.230469,25000000.000
20203,2070,10.742188,25000000.000
20204,2078,14.648438,25000000.000
20205,2080,15.625000,25000000.000
20206,2082,16.601562,25000000.000
20207,2082,16.601562,25000000.000
20208,2083,17.089844,25000000.000
20209,2082,16.601562,25000000.000
20210,2080,15.625000,25000000.000
20211,2080,15.625000,25000000.000
20212,2075,13.183594,25000000.000
20213,2070,10.742188,25000000.000
20214,2066,8.789062,25000000.000
20215,2065,8.300781,25000000.000
20216,2053,2.441406,25000000.000
20217,2050,0.976562,25000000.000
20218,2045,-1.464844,25000000.000
20219,2042,-2.929688,25000000.000
20220,2032,-7.812500,25000000.000
20221,2028,-9.765625,25000000.000
20222,2023,-12.207031,25000000.000
20223,2022,-12.695312,25000000.000
20224,2015,-16.113281,25000000.000
20225,2012,-17.578125,25000000.000
20226,2010,-18.554688,25000000.000
20227,2010,-18.554688,25000000.000
20228,2008,-19.531250,25000000.000
20229,2009,-19.042969,25000000.000
20230,2011,-18.066406,25000000.000
20231,2011,-18.066406,25000000.000
20232,2016,-15.625000,25000000.000
20233,2019,-14.160156,25000000.000
20234,2024,-11.718750,25000000.000
20235,2024,-11.718750,25000000.000
20236,2035,-6.347656,25000000.000
20237,2041,-3.417969,25000000.000
20238,2046,-0.976562,25000000.000
20239,2047,-0.488281,25000000.000
20240,2058,4.882812,25000000.000
20241,2064,7.812500,25000000.000
20242,2068,9.765625,25000000.000
20243,2068,9.765625,25000000.000
20244,2076,13.671875,25000000.000
20245,2078,14.648438,25000000.000
20246,2081,16.113281,25000000.000
20247,2082,16.601562,25000000.000
20248,2084,17.578125,25000000.000
20249,2083,17.089844,25000000.000
20250,2082,16.601562,25000000.000
20251,2082,16.601562,25000000.000
20252,2077,14.160156,25000000.000
20253,2073,12.207031,25000000.000
20254,2068,9.765625,25000000.000
20255,2068,9.765625,25000000.000
20256,2060,5.859375,25000000.000
20257,2054,2.929688,25000000.000
20258,2048,0.000000,25000000.000
20259,2048,0.000000,25000000.000
20260,2037,-5.371094,25000000.000
20261,2032,-7.812500,25000000.000
20262,2027,-10.253906,25000000.000
20263,2027,-10.253906,25000000.000
20264,2018,-14.648438,25000000.000
20265,2015,-16.113281,25000000.000
20266,2012,-17.578125,25000000.000
20267,2012,-17.578125,25000000.000
20268,2008,-19.531250,25000000.000
20269,2009,-19.042969,25000000.000
20270,2009,-19.042969,25000000.000
20271,2009,-19.042969,25000000.000
20272,2012,-17.578125,25000000.000
20273,2016,-15.625000,25000000.000
20274,2020,-13.671875,25000000.000
20275,2020,-13.671875,25000000.000
20276,2029,-9.277344,25000000.000
20277,2035,-6.347656,25000000.000
20278,2041,-3.417969,25000000.000
20279,2041,-3.417969,25000000.000
20280,2052,1.953125,25000000.000
20281,2057,4.394531,25000000.000
20282,2063,7.324219,25000000.000
20283,2064,7.812500,25000000.000
20284,2072,11.718750,25000000.000
20285,2076,13.671875,25000000.000
20286,2080,15.625000,25000000.000
20287,2080,15.625000,25000000.000
20288,2083,17.089844,25000000.000
20289,2085,18.066406,25000000.000
20290,2082,16.601562,25000000.000
20291,2083,17.089844,25000000.000
20292,2080,15.625000,25000000.000
20293,2077,14.160156,25000000.000
20294,2072,11.718750,25000000.000
20295,2073,12.207031,25000000.000
20296,2063,7.324219,25000000.000
20297,2058,4.882812,25000000.000
20298,2054,2.929688,25000000.000
20299,2053,2.441406,25000000.000
20300,2042,-2.929688,25000000.000
20301,2036,-5.859375,25000000.000
20302,2031,-8.300781,25000000.000
20303,2030,-8.789062,25000000.000
20304,2020,-13.671875,25000000.000
20305,2016,-15.625000,25000000.000
20306,2013,-17.089844,25000000.000
20307,2013,-17.089844,25000000.000
20308,2008,-19.531250,25000000.000
20309,2010,-18.554688,25000000.000
20310,2009,-19.042969,25000000.000
20311,2006,-20.507812,25000000.000
20312,2010,-18.554688,25000000.000
20313,2014,-16.601562,25000000.000
20314,2016,-15.625000,25000000.000
20315,2016,-15.625000,25000000.000
20316,2025,-11.230469,25000000.000
20317,2031,-8.300781,25000000.000
20318,2034,-6.835938,25000000.000
20319,2037,-5.371094,25000000.000
20320,2048,0.000000,25000000.000
20321,2053,2.441406,25000000.000
20322,2059,5.371094,25000000.000
20323,2060,5.859375,25000000.000
20324,2069,10.253906,25000000.000
20325,2073,12.207031,25000000.000
20326,2077,14.160156,25000000.000
20327,2077,14.160156,25000000.000
20328,2082,16.601562,25000000.000
20329,2083,17.089844,25000000.000
20330,2082,16.601562,25000000.000
20331,2083,17.089844,25000000.000
20332,2082,16.601562,25000000.000
20333,2079,15.136719,25000000.000
20334,2075,13.183594,25000000.000
20335,2075,13.183594,25000000.000
20336,2067,9.277344,25000000.000
20337,2063,7.324219,25000000.000
20338,2057,4.394531,25000000.000
20339,2056,3.906250,25000000.000
20340,2046,-0.976562,25000000.000
20341,2041,-3.417969,25000000.000
20342,2034,-6.835938,25000000.000
20343,2033,-7.324219,25000000.000
20344,2025,-11.230469,25000000.000
20345,2019,-14.160156,25000000.000
20346,2015,-16.113281,25000000.000
20347,2015,-16.113281,25000000.000
20348,2010,-18.554688,25000000.000
20349,2009,-19.042969,25000000.000
20350,2009,-19.042969,25000000.000
20351,2008,-19.531250,25000000.000
20352,2009,-19.042969,25000000.000
20353,2011,-18.066406,25000000.000
20354,2013,-17.089844,25000000.000
20355,2013,-17.089844,25000000.000
20356,2022,-12.695312,25000000.000
20357,2027,-10.253906,25000000.000
20358,2030,-8.789062,25000000.000
20359,2032,-7.812500,25000000.000
20360,2041,-3.417969,25000000.000
20361,2047,-0.488281,25000000.000
20362,2056,3.906250,25000000.000
20363,2054,2.929688,25000000.000
20364,2064,7.812500,25000000.000
20365,2070,10.742188,25000000.000
20366,2074,12.695312,25000000.000
20367,2074,12.695312,25000000.000
20368,2080,15.625000,25000000.000
20369,2082,16.601562,25000000.000
20370,2083,17.089844,25000000.000
20371,2083,17.089844,25000000.000
20372,2083,17.089844,25000000.000
20373,2081,16.113281,25000000.000
20374,2079,15.136719,25000000.000
20375,2078,14.648438,25000000.000
20376,2071,11.230469,25000000.000
20377,2066,8.789062,25000000.000
20378,2062,6.835938,25000000.000
20379,2062,6.835938,25000000.000
20380,2050,0.976562,25000000.000
20381,2046,-0.976562,25000000.000
20382,2040,-3.906250,25000000.000
20383,2038,-4.882812,25000000.000
20384,2029,-9.277344,25000000.000
20385,2024,-11.718750,25000000.000
20386,2018,-14.648438,25000000.000
20387,2019,-14.160156,25000000.000
20388,2013,-17.089844,25000000.000
20389,2011,-18.066406,25000000.000
20390,2008,-19.531250,25000000.000
20391,2008,-19.531250,25000000.000
20392,2008,-19.531250,25000000.000
20393,2009,-19.042969,25000000.000
20394,2011,-18.066406,25000000.000
20395,2011,-18.066406,25000000.000
20396,2017,-15.136719,25000000.000
20397,2024,-11.718750,25000000.000
20398,2027,-10.253906,25000000.000
20399,2027,-10.253906,25000000.000
20400,2039,-4.394531,25000000.000
20401,2044,-1.953125,25000000.000
20402,2050,0.976562,25000000.000
20403,2050,0.976562,25000000.000
20404,2060,5.859375,25000000.000
20405,2066,8.789062,25000000.000
20406,2070,10.742188,25000000.000
20407,2072,11.718750,25000000.000
20408,2077,14.160156,25000000.000
20409,2079,15.136719,25000000.000
20410,2082,16.601562,25000000.000
20411,2082,16.601562,25000000.000
20412,2083,17.089844,25000000.000
20413,2082,16.601562,25000000.000
20414,2080,15.625000,25000000.000
20415,2080,15.625000,25000000.000
20416,2074,12.695312,25000000.000
20417,2071,11.230469,25000000.000
20418,2067,9.277344,25000000.000
20419,2066,8.789062,25000000.000
20420,2056,3.906250,25000000.000
20421,2049,0.488281,25000000.000
20422,2045,-1.464844,25000000.000
20423,2044,-1.953125,25000000.000
20424,2034,-6.835938,25000000.000
20425,2028,-9.765625,25000000.000
20426,2024,-11.718750,25000000.000
20427,2024,-11.718750,25000000.000
20428,2016,-15.625000,25000000.000
20429,2013,-17.089844,25000000.000
20430,2010,-18.554688,25000000.000
20431,2011,-18.066406,25000000.000
20432,2010,-18.554688,25000000.000
20433,2009,-19.042969,25000000.000
20434,2010,-18.554688,25000000.000
20435,2011,-18.066406,25000000.000
20436,2015,-16.113281,25000000.000
20437,2019,-14.160156,25000000.000
20438,2024,-11.718750,25000000.000
20439,2024,-11.718750,25000000.000
20440,2033,-7.324219,25000000.000
20441,2039,-4.394531,25000000.000
20442,2045,-1.464844,25000000.000
20443,2045,-1.464844,25000000.000
20444,2057,4.394531,25000000.000
20445,2061,6.347656,25000000.000
20446,2067,9.277344,25000000.000
20447,2068,9.765625,25000000.000
20448,2076,13.671875,25000000.000
20449,2079,15.136719,25000000.000
20450,2082,16.601562,25000000.000
20451,2082,16.601562,25000000.000
20452,2084,17.578125,25000000.000
20453,2086,18.554688,25000000.000
20454,2083,17.089844,25000000.000
20455,2083,17.089844,25000000.000
20456,2079,15.136719,25000000.000
20457,2076,13.671875,25000000.000
20458,2070,10.742188,25000000.000
20459,2070,10.742188,25000000.000
20460,2061,6.347656,25000000.000
20461,2056,3.906250,25000000.000
20462,2050,0.976562,25000000.000
20463,2049,0.488281,25000000.000
20464,2037,-5.371094,25000000.000
20465,2033,-7.324219,25000000.000
20466,2028,-9.765625,25000000.000
20467,2028,-9.765625,25000000.000
20468,2018,-14.648438,25000000.000
20469,2013,-17.089844,25000000.000
20470,2012,-17.578125,25000000.000
20471,2011,-18.066406,25000000.000
20472,2008,-19.531250,25000000.000
20473,2008,-19.531250,25000000.000
20474,2008,-19.531250,25000000.000
20475,2009,-19.042969,25000000.000
20476,2012,-17.578125,25000000.000
20477,2015,-16.113281,25000000.000
20478,2019,-14.160156,25000000.000
20479,2020,-13.671875,25000000.000
20480,2029,-9.277344,25000000.000
20481,2034,-6.835938,25000000.000
20482,2040,-3.906250,25000000.000
20483,2040,-3.906250,25000000.000
20484,2052,1.953125,25000000.000
20485,2057,4.394531,25000000.000
20486,2063,7.324219,25000000.000
20487,2063,7.324219,25000000.000
20488,2072,11.718750,25000000.000
20489,2076,13.671875,25000000.000
20490,2079,15.136719,25000000.000
20491,2079,15.136719,25000000.000
20492,2082,16.601562,25000000.000
20493,2083,17.089844,25000000.000
20494,2083,17.089844,25000000.000
20495,2082,16.601562,25000000.000
20496,2080,15.625000,25000000.000
20497,2077,14.160156,25000000.000
20498,2073,12.207031,25000000.000
20499,2072,11.718750,25000000.000
20500,2063,7.324219,25000000.000
20501,2058,4.882812,25000000.000
20502,2053,2.441406,25000000.000
20503,2053,2.441406,25000000.000
20504,2040,-3.906250,25000000.000
20505,2036,-5.859375,25000000.000
20506,2031,-8.300781,25000000.000
20507,2031,-8.300781,25000000.000
20508,2021,-13.183594,25000000.000
20509,2018,-14.648438,25000000.000
20510,2013,-17.089844,25000000.000
20511,2014,-16.601562,25000000.000
20512,2009,-19.042969,25000000.000
20513,2008,-19.531250,25000000.000
20514,2008,-19.531250,25000000.000
20515,2007,-20.019531,25000000.000
20516,2010,-18.554688,25000000.000
20517,2013,-17.089844,25000000.000
20518,2016,-15.625000,25000000.000
20519,2015,-16.113281,25000000.000
20520,2024,-11.718750,25000000.000
20521,2028,-9.765625,25000000.000
20522,2033,-7.324219,25000000.000
20523,2034,-6.835938,25000000.000
20524,2046,-0.976562,25000000.000
20525,2051,1.464844,25000000.000
20526,2057,4.394531,25000000.000
20527,2057,4.394531,25000000.000
20528,2068,9.765625,25000000.000
20529,2073,12.207031,25000000.000
20530,2077,14.160156,25000000.000
20531,2077,14.160156,25000000.000
20532,2082,16.601562,25000000.000
20533,2083,17.089844,25000000.000
20534,2083,17.089844,25000000.000
20535,2084,17.578125,25000000.000
20536,2081,16.113281,25000000.000
20537,2080,15.625000,25000000.000
20538,2077,14.160156,25000000.000
20539,2074,12.695312,25000000.000
20540,2068,9.765625,25000000.000
20541,2064,7.812500,25000000.000
20542,2059,5.371094,25000000.000
20543,2057,4.394531,25000000.000
20544,2048,0.000000,25000000.000
20545,2042,-2.929688,25000000.000
20546,2036,-5.859375,25000000.000
20547,2035,-6.347656,25000000.000
20548,2025,-11.230469,25000000.000
20549,2021,-13.183594,25000000.000
20550,2017,-15.136719,25000000.000
20551,2016,-15.625000,25000000.000
20552,2011,-18.066406,25000000.000
20553,2008,-19.531250,25000000.000
20554,2007,-20.019531,25000000.000
20555,2008,-19.531250,25000000.000
20556,2009,-19.042969,25000000.000
20557,2010,-18.554688,25000000.000
20558,2013,-17.089844,25000000.000
20559,2013,-17.089844,25000000.000
20560,2019,-14.160156,25000000.000
20561,2025,-11.230469,25000000.000
20562,2029,-9.277344,25000000.000
20563,2030,-8.789062,25000000.000
20564,2040,-3.906250,25000000.000
20565,2047,-0.488281,25000000.000
20566,2052,1.953125,25000000.000
20567,2052,1.953125,25000000.000
20568,2064,7.812500,25000000.000
20569,2069,10.253906,25000000.000
20570,2072,11.718750,25000000.000
20571,2073,12.207031,25000000.000
20572,2080,15.625000,25000000.000
20573,2081,16.113281,25000000.000
20574,2083,17.089844,25000000.000
20575,2083,17.089844,25000000.000
20576,2082,16.601562,25000000.000
20577,2082,16.601562,25000000.000
20578,2079,15.136719,25000000.000
20579,2079,15.136719,25000000.000
20580,2072,11.718750,25000000.000
20581,2068,9.765625,25000000.000
20582,2064,7.812500,25000000.000
20583,2062,6.835938,25000000.000
20584,2053,2.441406,25000000.000
20585,2047,-0.488281,25000000.000
20586,2041,-3.417969,25000000.000
20587,2041,-3.417969,25000000.000
20588,2031,-8.300781,25000000.000
20589,2026,-10.742188,25000000.000
20590,2021,-13.183594,25000000.000
20591,2021,-13.183594,25000000.000
20592,2014,-16.601562,25000000.000
20593,2011,-18.066406,25000000.000
20594,2009,-19.042969,25000000.000
20595,2009,-19.042969,25000000.000
20596,2008,-19.531250,25000000.000
20597,2009,-19.042969,25000000.000
20598,2010,-18.554688,25000000.000
20599,2010,-18.554688,25000000.000
20600,2017,-15.136719,25000000.000
20601,2021,-13.183594,25000000.000
20602,2025,-11.230469,25000000.000
20603,2025,-11.230469,25000000.000
20604,2036,-5.859375,25000000.000
20605,2042,-2.929688,25000000.000
20606,2047,-0.488281,25000000.000
20607,2049,0.488281,25000000.000
20608,2059,5.371094,25000000.000
20609,2066,8.789062,25000000.000
20610,2069,10.253906,25000000.000
20611,2070,10.742188,25000000.000
20612,2079,15.136719,25000000.000
20613,2081,16.113281,25000000.000
20614,2082,16.601562,25000000.000
20615,2083,17.089844,25000000.000
20616,2085,18.066406,25000000.000
20617,2084,17.578125,25000000.000
20618,2083,17.089844,25000000.000
20619,2081,16.113281,25000000.000
20620,2078,14.648438,25000000.000
20621,2074,12.695312,25000000.000
20622,2069,10.253906,25000000.000
20623,2068,9.765625,25000000.000
20624,2058,4.882812,25000000.000
20625,2052,1.953125,25000000.000
20626,2046,-0.976562,25000000.000
20627,2046,-0.976562,25000000.000
20628,2035,-6.347656,25000000.000
20629,2030,-8.789062,25000000.000
20630,2025,-11.230469,25000000.000
20631,2025,-11.230469,25000000.000
20632,2016,-15.625000,25000000.000
20633,2013,-17.089844,25000000.000
20634,2011,-18.066406,25000000.000
20635,2010,-18.554688,25000000.000
20636,2008,-19.531250,25000000.000
20637,2009,-19.042969,25000000.000
20638,2009,-19.042969,25000000.000
20639,2009,-19.042969,25000000.000
20640,2014,-16.601562,25000000.000
20641,2016,-15.625000,25000000.000
20642,2021,-13.183594,25000000.000
20643,2022,-12.695312,25000000.000
20644,2031,-8.300781,25000000.000
20645,2037,-5.371094,25000000.000
20646,2042,-2.929688,25000000.000
20647,2043,-2.441406,25000000.000
20648,2054,2.929688,25000000.000
20649,2061,6.347656,25000000.000
20650,2064,7.812500,25000000.000
20651,2066,8.789062,25000000.000
20652,2074,12.695312,25000000.000
20653,2077,14.160156,25000000.000
20654,2080,15.625000,25000000.000
20655,2082,16.601562,25000000.000
20656,2083,17.089844,25000000.000
20657,2082,16.601562,25000000.000
20658,2083,17.089844,25000000.000
20659,2079,15.136719,25000000.000
20660,2079,15.136719,25000000.000
20661,2076,13.671875,25000000.000
20662,2071,11.230469,25000000.000
20663,2070,10.742188,25000000.000
20664,2062,6.835938,25000000.000
20665,2057,4.394531,25000000.000
20666,2052,1.953125,25000000.000
20667,2051,1.464844,25000000.000
20668,2040,-3.906250,25000000.000
20669,2034,-6.835938,25000000.000
20670,2029,-9.277344,25000000.000
20671,2028,-9.765625,25000000.000
20672,2019,-14.160156,25000000.000
20673,2016,-15.625000,25000000.000
20674,2013,-17.089844,25000000.000
20675,2013,-17.089844,25000000.000
20676,2009,-19.042969,25000000.000
20677,2009,-19.042969,25000000.000
20678,2008,-19.531250,25000000.000
20679,2009,-19.042969,25000000.000
20680,2012,-17.578125,25000000.000
20681,2014,-16.601562,25000000.000
20682,2019,-14.160156,25000000.000
20683,2019,-14.160156,25000000.000
20684,2027,-10.253906,25000000.000
20685,2033,-7.324219,25000000.000
20686,2038,-4.882812,25000000.000
20687,2039,-4.394531,25000000.000
20688,2050,0.976562,25000000.000
20689,2056,3.906250,25000000.000
20690,2061,6.347656,25000000.000
20691,2061,6.347656,25000000.000
20692,2073,12.207031,25000000.000
20693,2076,13.671875,25000000.000
20694,2078,14.648438,25000000.000
20695,2079,15.136719,25000000.000
20696,2082,16.601562,25000000.000
20697,2084,17.578125,25000000.000
20698,2083,17.089844,25000000.000
20699,2083,17.089844,25000000.000
20700,2080,15.625000,25000000.000
20701,2078,14.648438,25000000.000
20702,2075,13.183594,25000000.000
20703,2074,12.695312,25000000.000
20704,2066,8.789062,25000000.000
20705,2060,5.859375,25000000.000
20706,2055,3.417969,25000000.000
20707,2054,2.929688,25000000.000
20708,2045,-1.464844,25000000.000
20709,2035,-6.347656,25000000.000
20710,2033,-7.324219,25000000.000
20711,2032,-7.812500,25000000.000
20712,2023,-12.207031,25000000.000
20713,2019,-14.160156,25000000.000
20714,2015,-16.113281,25000000.000
20715,2014,-16.601562,25000000.000
20716,2010,-18.554688,25000000.000
20717,2009,-19.042969,25000000.000
20718,2006,-20.507812,25000000.000
20719,2008,-19.531250,25000000.000
20720,2007,-20.019531,25000000.000
20721,2012,-17.578125,25000000.000
20722,2014,-16.601562,25000000.000
20723,2015,-16.113281,25000000.000
20724,2021,-13.183594,25000000.000
20725,2027,-10.253906,25000000.000
20726,2033,-7.324219,25000000.000
20727,2033,-7.324219,25000000.000
20728,2044,-1.953125,25000000.000
20729,2049,0.488281,25000000.000
20730,2055,3.417969,25000000.000
20731,2056,3.906250,25000000.000
20732,2066,8.789062,25000000.000
20733,2071,11.230469,25000000.000
20734,2075,13.183594,25000000.000
20735,2075,13.183594,25000000.000
20736,2080,15.625000,25000000.000
20737,2082,16.601562,25000000.000
20738,2084,17.578125,25000000.000
20739,2083,17.089844,25000000.000
20740,2082,16.601562,25000000.000
20741,2081,16.113281,25000000.000
20742,2078,14.648438,25000000.000
20743,2078,14.648438,25000000.000
20744,2070,10.742188,25000000.000
20745,2066,8.789062,25000000.000
20746,2062,6.835938,25000000.000
20747,2060,5.859375,25000000.000
20748,2049,0.488281,25000000.000
20749,2044,-1.953125,25000000.000
20750,2038,-4.882812,25000000.000
20751,2037,-5.371094,25000000.000
20752,2027,-10.253906,25000000.000
20753,2024,-11.718750,25000000.000
20754,2018,-14.648438,25000000.000
20755,2018,-14.648438,25000000.000
20756,2013,-17.089844,25000000.000
20757,2009,-19.042969,25000000.000
20758,2009,-19.042969,25000000.000
20759,2008,-19.531250,25000000.000
20760,2009,-19.042969,25000000.000
20761,2009,-19.042969,25000000.000
20762,2012,-17.578125,25000000.000
20763,2012,-17.578125,25000000.000
20764,2018,-14.648438,25000000.000
20765,2023,-12.207031,25000000.000
20766,2028,-9.765625,25000000.000
20767,2028,-9.765625,25000000.000
20768,2039,-4.394531,25000000.000
20769,2045,-1.464844,25000000.000
20770,2051,1.464844,25000000.000
20771,2052,1.953125,25000000.000
20772,2062,6.835938,25000000.000
20773,2067,9.277344,25000000.000
20774,2072,11.718750,25000000.000
20775,2072,11.718750,25000000.000
20776,2079,15.136719,25000000.000
20777,2081,16.113281,25000000.000
20778,2083,17.089844,25000000.000
20779,2083,17.089844,25000000.000
20780,2082,16.601562,25000000.000
20781,2082,16.601562,25000000.000
20782,2080,15.625000,25000000.000
20783,2079,15.136719,25000000.000
20784,2073,12.207031,25000000.000
20785,2070,10.742188,25000000.000
20786,2065,8.300781,25000000.000
20787,2065,8.300781,25000000.000
20788,2054,2.929688,25000000.000
20789,2049,0.488281,25000000.000
20790,2044,-1.953125,25000000.000
20791,2042,-2.929688,25000000.000
20792,2032,-7.812500,25000000.000
20793,2027,-10.253906,25000000.000
20794,2022,-12.695312,25000000.000
20795,2022,-12.695312,25000000.000
20796,2014,-16.601562,25000000.000
20797,2012,-17.578125,25000000.000
20798,2010,-18.554688,25000000.000
20799,2009,-19.042969,25000000.000
20800,2008,-19.531250,25000000.000
20801,2009,-19.042969,25000000.000
20802,2011,-18.066406,25000000.000
20803,2011,-18.066406,25000000.000
20804,2017,-15.136719,25000000.000
20805,2020,-13.671875,25000000.000
20806,2024,-11.718750,25000000.000
20807,2026,-10.742188,25000000.000
20808,2035,-6.347656,25000000.000
20809,2040,-3.906250,25000000.000
20810,2046,-0.976562,25000000.000
20811,2046,-0.976562,25000000.000
20812,2058,4.882812,25000000.000
20813,2063,7.324219,25000000.000
20814,2068,9.765625,25000000.000
20815,2068,9.765625,25000000.000
20816,2076,13.671875,25000000.000
20817,2080,15.625000,25000000.000
20818,2081,16.113281,25000000.000
20819,2081,16.113281,25000000.000
20820,2083,17.089844,25000000.000
20821,2083,17.089844,25000000.000
20822,2082,16.601562,25000000.000
20823,2082,16.601562,25000000.000
20824,2077,14.160156,25000000.000
20825,2073,12.207031,25000000.000
20826,2069,10.253906,25000000.000
20827,2068,9.765625,25000000.000
20828,2059,5.371094,25000000.000
20829,2053,2.441406,25000000.000
20830,2049,0.488281,25000000.000
20831,2047,-0.488281,25000000.000
20832,2037,-5.371094,25000000.000
20833,2032,-7.812500,25000000.000
20834,2026,-10.742188,25000000.000
20835,2026,-10.742188,25000000.000
20836,2017,-15.136719,25000000.000
20837,2014,-16.601562,25000000.000
20838,2011,-18.066406,25000000.000
20839,2011,-18.066406,25000000.000
20840,2009,-19.042969,25000000.000
20841,2008,-19.531250,25000000.000
20842,2008,-19.531250,25000000.000
20843,2009,-19.042969,25000000.000
20844,2013,-17.089844,25000000.000
20845,2016,-15.625000,25000000.000
20846,2019,-14.160156,25000000.000
20847,2021,-13.183594,25000000.000
20848,2029,-9.277344,25000000.000
20849,2035,-6.347656,25000000.000
20850,2041,-3.417969,25000000.000
20851,2041,-3.417969,25000000.000
20852,2054,2.929688,25000000.000
20853,2059,5.371094,25000000.000
20854,2064,7.812500,25000000.000
20855,2065,8.300781,25000000.000
20856,2073,12.207031,25000000.000
20857,2078,14.648438,25000000.000
20858,2080,15.625000,25000000.000
20859,2080,15.625000,25000000.000
20860,2083,17.089844,25000000.000
20861,2084,17.578125,25000000.000
20862,2083,17.089844,25000000.000
20863,2083,17.089844,25000000.000
20864,2080,15.625000,25000000.000
20865,2077,14.160156,25000000.000
20866,2073,12.207031,25000000.000
20867,2073,12.207031,25000000.000
20868,2064,7.812500,25000000.000
20869,2059,5.371094,25000000.000
20870,2053,2.441406,25000000.000
20871,2052,1.953125,25000000.000
20872,2042,-2.929688,25000000.000
20873,2036,-5.859375,25000000.000
20874,2030,-8.789062,25000000.000
20875,2030,-8.789062,25000000.000
20876,2021,-13.183594,25000000.000
20877,2018,-14.648438,25000000.000
20878,2014,-16.601562,25000000.000
20879,2013,-17.089844,25000000.000
20880,2010,-18.554688,25000000.000
20881,2009,-19.042969,25000000.000
20882,2010,-18.554688,25000000.000
20883,2009,-19.042969,25000000.000
20884,2011,-18.066406,25000000.000
20885,2014,-16.601562,25000000.000
20886,2017,-15.136719,25000000.000
20887,2017,-15.136719,25000000.000
20888,2026,-10.742188,25000000.000
20889,2031,-8.300781,25000000.000
20890,2036,-5.859375,25000000.000
20891,2037,-5.371094,25000000.000
20892,2048,0.000000,25000000.000
20893,2054,2.929688,25000000.000
20894,2059,5.371094,25000000.000
20895,2059,5.371094,25000000.000
20896,2069,10.253906,25000000.000
20897,2073,12.207031,25000000.000
20898,2077,14.160156,25000000.000
20899,2078,14.648438,25000000.000
20900,2082,16.601562,25000000.000
20901,2082,16.601562,25000000.000
20902,2083,17.089844,25000000.000
20903,2082,16.601562,25000000.000
20904,2081,16.113281,25000000.000
20905,2078,14.648438,25000000.000
20906,2076,13.671875,25000000.000
20907,2075,13.183594,25000000.000
20908,2068,9.765625,25000000.000
20909,2062,6.835938,25000000.000
20910,2057,4.394531,25000000.000
20911,2057,4.394531,25000000.000
20912,2046,-0.976562,25000000.000
20913,2040,-3.906250,25000000.000
20914,2036,-5.859375,25000000.000
20915,2034,-6.835938,25000000.000
20916,2024,-11.718750,25000000.000
20917,2020,-13.671875,25000000.000
20918,2016,-15.625000,25000000.000
20919,2015,-16.113281,25000000.000
20920,2011,-18.066406,25000000.000
20921,2009,-19.042969,25000000.000
20922,2008,-19.531250,25000000.000
20923,2008,-19.531250,25000000.000
20924,2008,-19.531250,25000000.000
20925,2010,-18.554688,25000000.000
20926,2014,-16.601562,25000000.000
20927,2013,-17.089844,25000000.000
20928,2021,-13.183594,25000000.000
20929,2025,-11.230469,25000000.000
20930,2030,-8.789062,25000000.000
20931,2031,-8.300781,25000000.000
20932,2042,-2.929688,25000000.000
20933,2048,0.000000,25000000.000
20934,2053,2.441406,25000000.000
20935,2054,2.929688,25000000.000
20936,2065,8.300781,25000000.000
20937,2070,10.742188,25000000.000
20938,2073,12.207031,25000000.000
20939,2073,12.207031,25000000.000
20940,2080,15.625000,25000000.000
20941,2081,16.113281,25000000.000
20942,2083,17.089844,25000000.000
20943,2083,17.089844,25000000.000
20944,2082,16.601562,25000000.000
20945,2080,15.625000,25000000.000
20946,2078,14.648438,25000000.000
20947,2078,14.648438,25000000.000
20948,2071,11.230469,25000000.000
20949,2066,8.789062,25000000.000
20950,2061,6.347656,25000000.000
20951,2062,6.835938,25000000.000
20952,2051,1.464844,25000000.000
20953,2044,-1.953125,25000000.000
20954,2040,-3.906250,25000000.000
20955,2040,-3.906250,25000000.000
20956,2028,-9.765625,25000000.000
20957,2024,-11.718750,25000000.000
20958,2020,-13.671875,25000000.000
20959,2020,-13.671875,25000000.000
20960,2012,-17.578125,25000000.000
20961,2009,-19.042969,25000000.000
20962,2009,-19.042969,25000000.000
20963,2007,-20.019531,25000000.000
20964,2008,-19.531250,25000000.000
20965,2009,-19.042969,25000000.000
20966,2011,-18.066406,25000000.000
20967,2012,-17.578125,25000000.000
20968,2018,-14.648438,25000000.000
20969,2022,-12.695312,25000000.000
20970,2027,-10.253906,25000000.000
20971,2027,-10.253906,25000000.000
20972,2039,-4.394531,25000000.000
20973,2042,-2.929688,25000000.000
20974,2049,0.488281,25000000.000
20975,2051,1.464844,25000000.000
20976,2061,6.347656,25000000.000
20977,2065,8.300781,25000000.000
20978,2070,10.742188,25000000.000
20979,2071,11.230469,25000000.000
20980,2079,15.136719,25000000.000
20981,2080,15.625000,25000000.000
20982,2082,16.601562,25000000.000
20983,2083,17.089844,25000000.000
20984,2082,16.601562,25000000.000
20985,2082,16.601562,25000000.000
20986,2081,16.113281,25000000.000
20987,2081,16.113281,25000000.000
20988,2075,13.183594,25000000.000
20989,2071,11.230469,25000000.000
20990,2067,9.277344,25000000.000
20991,2065,8.300781,25000000.000
20992,2057,4.394531,25000000.000
20993,2051,1.464844,25000000.000
20994,2045,-1.464844,25000000.000
20995,2045,-1.464844,25000000.000
20996,2034,-6.835938,25000000.000
20997,2028,-9.765625,25000000.000
20998,2024,-11.718750,25000000.000
20999,2023,-12.207031,25000000.000
21000,2016,-15.625000,25000000.000
21001,2013,-17.089844,25000000.000
21002,2011,-18.066406,25000000.000
21003,2009,-19.042969,25000000.000
21004,2008,-19.531250,25000000.000
21005,2009,-19.042969,25000000.000
21006,2013,-17.089844,25000000.000
21007,2011,-18.066406,25000000.000
21008,2013,-17.089844,25000000.000
21009,2019,-14.160156,25000000.000
21010,2026,-10.742188,25000000.000
21011,2025,-11.230469,25000000.000
21012,2030,-8.789062,25000000.000
21013,2040,-3.906250,25000000.000
21014,2044,-1.953125,25000000.000
21015,2047,-0.488281,25000000.000
21016,2058,4.882812,25000000.000
21017,2062,6.835938,25000000.000
21018,2068,9.765625,25000000.000
21019,2068,9.765625,25000000.000
21020,2075,13.183594,25000000.000
21021,2078,14.648438,25000000.000
21022,2081,16.113281,25000000.000
21023,2080,15.625000,25000000.000
21024,2083,17.089844,25000000.000
21025,2083,17.089844,25000000.000
21026,2082,16.601562,25000000.000
21027,2082,16.601562,25000000.000
21028,2079,15.136719,25000000.000
21029,2075,13.183594,25000000.000
21030,2071,11.230469,25000000.000
21031,2070,10.742188,25000000.000
21032,2062,6.835938,25000000.000
21033,2057,4.394531,25000000.000
21034,2049,0.488281,25000000.000
21035,2050,0.976562,25000000.000
21036,2037,-5.371094,25000000.000
21037,2034,-6.835938,25000000.000
21038,2027,-10.253906,25000000.000
21039,2027,-10.253906,25000000.000
21040,2020,-13.671875,25000000.000
21041,2016,-15.625000,25000000.000
21042,2013,-17.089844,25000000.000
21043,2012,-17.578125,25000000.000
21044,2009,-19.042969,25000000.000
21045,2008,-19.531250,25000000.000
21046,2009,-19.042969,25000000.000
21047,2009,-19.042969,25000000.000
21048,2012,-17.578125,25000000.000
21049,2014,-16.601562,25000000.000
21050,2020,-13.671875,25000000.000
21051,2020,-13.671875,25000000.000
21052,2028,-9.765625,25000000.000
21053,2034,-6.835938,25000000.000
21054,2039,-4.394531,25000000.000
21055,2040,-3.906250,25000000.000
21056,2050,0.976562,25000000.000
21057,2060,5.859375,25000000.000
21058,2063,7.324219,25000000.000
21059,2061,6.347656,25000000.000
21060,2072,11.718750,25000000.000
21061,2076,13.671875,25000000.000
21062,2079,15.136719,25000000.000
21063,2079,15.136719,25000000.000
21064,2083,17.089844,25000000.000
21065,2084,17.578125,25000000.000
21066,2084,17.578125,25000000.000
21067,2084,17.578125,25000000.000
21068,2081,16.113281,25000000.000
21069,2077,14.160156,25000000.000
21070,2075,13.183594,25000000.000
21071,2074,12.695312,25000000.000
21072,2065,8.300781,25000000.000
21073,2059,5.371094,25000000.000
21074,2055,3.417969,25000000.000
21075,2054,2.929688,25000000.000
21076,2043,-2.441406,25000000.000
21077,2037,-5.371094,25000000.000
21078,2031,-8.300781,25000000.000
21079,2032,-7.812500,25000000.000
21080,2022,-12.695312,25000000.000
21081,2018,-14.648438,25000000.000
21082,2015,-16.113281,25000000.000
21083,2015,-16.113281,25000000.000
21084,2011,-18.066406,25000000.000
21085,2009,-19.042969,25000000.000
21086,2008,-19.531250,25000000.000
21087,2009,-19.042969,25000000.000
21088,2010,-18.554688,25000000.000
21089,2012,-17.578125,25000000.000
21090,2015,-16.113281,25000000.000
21091,2016,-15.625000,25000000.000
21092,2025,-11.230469,25000000.000
21093,2029,-9.277344,25000000.000
21094,2034,-6.835938,25000000.000
21095,2035,-6.347656,25000000.000
21096,2046,-0.976562,25000000.000
21097,2051,1.464844,25000000.000
21098,2057,4.394531,25000000.000
21099,2058,4.882812,25000000.000
21100,2067,9.277344,25000000.000
21101,2072,11.718750,25000000.000
21102,2075,13.183594,25000000.000
21103,2076,13.671875,25000000.000
21104,2081,16.113281,25000000.000
21105,2083,17.089844,25000000.000
21106,2083,17.089844,25000000.000
21107,2083,17.089844,25000000.000
21108,2081,16.113281,25000000.000
21109,2080,15.625000,25000000.000
21110,2076,13.671875,25000000.000
21111,2077,14.160156,25000000.000
21112,2069,10.253906,25000000.000
21113,2064,7.812500,25000000.000
21114,2059,5.371094,25000000.000
21115,2058,4.882812,25000000.000
21116,2047,-0.488281,25000000.000
21117,2042,-2.929688,25000000.000
21118,2035,-6.347656,25000000.000
21119,2035,-6.347656,25000000.000
21120,2025,-11.230469,25000000.000
21121,2021,-13.183594,25000000.000
21122,2017,-15.136719,25000000.000
21123,2015,-16.113281,25000000.000
21124,2011,-18.066406,25000000.000
21125,2009,-19.042969,25000000.000
21126,2008,-19.531250,25000000.000
21127,2008,-19.531250,25000000.000
21128,2009,-19.042969,25000000.000
21129,2010,-18.554688,25000000.000
21130,2012,-17.578125,25000000.000
21131,2013,-17.089844,25000000.000
21132,2020,-13.671875,25000000.000
21133,2024,-11.718750,25000000.000
21134,2029,-9.277344,25000000.000
21135,2030,-8.789062,25000000.000
21136,2041,-3.417969,25000000.000
21137,2046,-0.976562,25000000.000
21138,2052,1.953125,25000000.000
21139,2052,1.953125,25000000.000
21140,2063,7.324219,25000000.000
21141,2068,9.765625,25000000.000
21142,2072,11.718750,25000000.000
21143,2074,12.695312,25000000.000
21144,2078,14.648438,25000000.000
21145,2081,16.113281,25000000.000
21146,2083,17.089844,25000000.000
21147,2082,16.601562,25000000.000
21148,2083,17.089844,25000000.000
21149,2082,16.601562,25000000.000
21150,2078,14.648438,25000000.000
21151,2079,15.136719,25000000.000
21152,2072,11.718750,25000000.000
21153,2068,9.765625,25000000.000
21154,2064,7.812500,25000000.000
21155,2062,6.835938,25000000.000
21156,2052,1.953125,25000000.000
21157,2046,-0.976562,25000000.000
21158,2041,-3.417969,25000000.000
21159,2040,-3.906250,25000000.000
21160,2031,-8.300781,25000000.000
21161,2024,-11.718750,25000000.000
21162,2022,-12.695312,25000000.000
21163,2019,-14.160156,25000000.000
21164,2013,-17.089844,25000000.000
21165,2011,-18.066406,25000000.000
21166,2009,-19.042969,25000000.000
21167,2008,-19.531250,25000000.000
21168,2008,-19.531250,25000000.000
21169,2010,-18.554688,25000000.000
21170,2011,-18.066406,25000000.000
21171,2011,-18.066406,25000000.000
21172,2016,-15.625000,25000000.000
21173,2020,-13.671875,25000000.000
21174,2025,-11.230469,25000000.000
21175,2026,-10.742188,25000000.000
21176,2036,-5.859375,25000000.000
21177,2042,-2.929688,25000000.000
21178,2047,-0.488281,25000000.000
21179,2048,0.000000,25000000.000
21180,2059,5.371094,25000000.000
21181,2064,7.812500,25000000.000
21182,2068,9.765625,25000000.000
21183,2071,11.230469,25000000.000
21184,2077,14.160156,25000000.000
21185,2081,16.113281,25000000.000
21186,2081,16.113281,25000000.000
21187,2082,16.601562,25000000.000
21188,2084,17.578125,25000000.000
21189,2083,17.089844,25000000.000
21190,2081,16.113281,25000000.000
21191,2081,16.113281,25000000.000
21192,2076,13.671875,25000000.000
21193,2072,11.718750,25000000.000
21194,2067,9.277344,25000000.000
21195,2067,9.277344,25000000.000
21196,2058,4.882812,25000000.000
21197,2053,2.441406,25000000.000
21198,2047,-0.488281,25000000.000
21199,2046,-0.976562,25000000.000
21200,2035,-6.347656,25000000.000
21201,2031,-8.300781,25000000.000
21202,2025,-11.230469,25000000.000
21203,2025,-11.230469,25000000.000
21204,2018,-14.648438,25000000.000
21205,2014,-16.601562,25000000.000
21206,2010,-18.554688,25000000.000
21207,2011,-18.066406,25000000.000
21208,2009,-19.042969,25000000.000
21209,2009,-19.042969,25000000.000
21210,2011,-18.066406,25000000.000
21211,2011,-18.066406,25000000.000
21212,2015,-16.113281,25000000.000
21213,2018,-14.648438,25000000.000
21214,2023,-12.207031,25000000.000
21215,2021,-13.183594,25000000.000
21216,2032,-7.812500,25000000.000
21217,2038,-4.882812,25000000.000
21218,2042,-2.929688,25000000.000
21219,2043,-2.441406,25000000.000
21220,2054,2.929688,25000000.000
21221,2060,5.859375,25000000.000
21222,2065,8.300781,25000000.000
21223,2065,8.300781,25000000.000
21224,2074,12.695312,25000000.000
21225,2077,14.160156,25000000.000
21226,2080,15.625000,25000000.000
21227,2080,15.625000,25000000.000
21228,2082,16.601562,25000000.000
21229,2083,17.089844,25000000.000
21230,2083,17.089844,25000000.000
21231,2082,16.601562,25000000.000
21232,2079,15.136719,25000000.000
21233,2075,13.183594,25000000.000
21234,2071,11.230469,25000000.000
21235,2071,11.230469,25000000.000
21236,2062,6.835938,25000000.000
21237,2057,4.394531,25000000.000
21238,2051,1.464844,25000000.000
21239,2050,0.976562,25000000.000
21240,2040,-3.906250,25000000.000
21241,2034,-6.835938,25000000.000
21242,2030,-8.789062,25000000.000
21243,2029,-9.277344,25000000.000
21244,2021,-13.183594,25000000.000
21245,2016,-15.625000,25000000.000
21246,2013,-17.089844,25000000.000
21247,2012,-17.578125,25000000.000
21248,2009,-19.042969,25000000.000
21249,2010,-18.554688,25000000.000
21250,2009,-19.042969,25000000.000
21251,2009,-19.042969,25000000.000
21252,2013,-17.089844,25000000.000
21253,2015,-16.113281,25000000.000
21254,2018,-14.648438,25000000.000
21255,2020,-13.671875,25000000.000
21256,2028,-9.765625,25000000.000
21257,2033,-7.324219,25000000.000
21258,2038,-4.882812,25000000.000
21259,2039,-4.394531,25000000.000
21260,2050,0.976562,25000000.000
21261,2055,3.417969,25000000.000
21262,2062,6.835938,25000000.000
21263,2062,6.835938,25000000.000
21264,2071,11.230469,25000000.000
21265,2075,13.183594,25000000.000
21266,2078,14.648438,25000000.000
21267,2078,14.648438,25000000.000
21268,2082,16.601562,25000000.000
21269,2084,17.578125,25000000.000
21270,2084,17.578125,25000000.000
21271,2084,17.578125,25000000.000
21272,2082,16.601562,25000000.000
21273,2078,14.648438,25000000.000
21274,2075,13.183594,25000000.000
21275,2075,13.183594,25000000.000
21276,2066,8.789062,25000000.000
21277,2061,6.347656,25000000.000
21278,2056,3.906250,25000000.000
21279,2055,3.417969,25000000.000
21280,2044,-1.953125,25000000.000
21281,2039,-4.394531,25000000.000
21282,2034,-6.835938,25000000.000
21283,2033,-7.324219,25000000.000
21284,2023,-12.207031,25000000.000
21285,2019,-14.160156,25000000.000
21286,2016,-15.625000,25000000.000
21287,2015,-16.113281,25000000.000
21288,2010,-18.554688,25000000.000
21289,2009,-19.042969,25000000.000
21290,2008,-19.531250,25000000.000
21291,2008,-19.531250,25000000.000
21292,2009,-19.042969,25000000.000
21293,2012,-17.578125,25000000.000
21294,2015,-16.113281,25000000.000
21295,2015,-16.113281,25000000.000
21296,2023,-12.207031,25000000.000
21297,2027,-10.253906,25000000.000
21298,2032,-7.812500,25000000.000
21299,2034,-6.835938,25000000.000
21300,2045,-1.464844,25000000.000
21301,2050,0.976562,25000000.000
21302,2056,3.906250,25000000.000
21303,2056,3.906250,25000000.000
21304,2067,9.277344,25000000.000
21305,2070,10.742188,25000000.000
21306,2075,13.183594,25000000.000
21307,2075,13.183594,25000000.000
21308,2080,15.625000,25000000.000
21309,2082,16.601562,25000000.000
21310,2082,16.601562,25000000.000
21311,2083,17.089844,25000000.000
21312,2082,16.601562,25000000.000
21313,2080,15.625000,25000000.000
21314,2077,14.160156,25000000.000
21315,2077,14.160156,25000000.000
21316,2069,10.253906,25000000.000
21317,2065,8.300781,25000000.000
21318,2059,5.371094,25000000.000
21319,2059,5.371094,25000000.000
21320,2048,0.000000,25000000.000
21321,2043,-2.441406,25000000.000
21322,2038,-4.882812,25000000.000
21323,2036,-5.859375,25000000.000
21324,2027,-10.253906,25000000.000
21325,2022,-12.695312,25000000.000
21326,2018,-14.648438,25000000.000
21327,2017,-15.136719,25000000.000
21328,2012,-17.578125,25000000.000
21329,2011,-18.066406,25000000.000
21330,2008,-19.531250,25000000.000
21331,2008,-19.531250,25000000.000
21332,2007,-20.019531,25000000.000
21333,2011,-18.066406,25000000.000
21334,2012,-17.578125,25000000.000
21335,2012,-17.578125,25000000.000
21336,2019,-14.160156,25000000.000
21337,2024,-11.718750,25000000.000
21338,2028,-9.765625,25000000.000
21339,2029,-9.277344,25000000.000
21340,2040,-3.906250,25000000.000
21341,2044,-1.953125,25000000.000
21342,2052,1.953125,25000000.000
21343,2051,1.464844,25000000.000
21344,2061,6.347656,25000000.000
21345,2067,9.277344,25000000.000
21346,2072,11.718750,25000000.000
21347,2071,11.230469,25000000.000
21348,2078,14.648438,25000000.000
21349,2080,15.625000,25000000.000
21350,2082,16.601562,25000000.000
21351,2082,16.601562,25000000.000
21352,2083,17.089844,25000000.000
21353,2081,16.113281,25000000.000
21354,2079,15.136719,25000000.000
21355,2079,15.136719,25000000.000
21356,2073,12.207031,25000000.000
21357,2067,9.277344,25000000.000
21358,2065,8.300781,25000000.000
21359,2064,7.812500,25000000.000
21360,2053,2.441406,25000000.000
21361,2048,0.000000,25000000.000
21362,2043,-2.441406,25000000.000
21363,2041,-3.417969,25000000.000
21364,2032,-7.812500,25000000.000
21365,2026,-10.742188,25000000.000
21366,2022,-12.695312,25000000.000
21367,2022,-12.695312,25000000.000
21368,2014,-16.601562,25000000.000
21369,2012,-17.578125,25000000.000
21370,2008,-19.531250,25000000.000
21371,2011,-18.066406,25000000.000
21372,2010,-18.554688,25000000.000
21373,2009,-19.042969,25000000.000
21374,2010,-18.554688,25000000.000
21375,2011,-18.066406,25000000.000
21376,2016,-15.625000,25000000.000
21377,2020,-13.671875,25000000.000
21378,2026,-10.742188,25000000.000
21379,2026,-10.742188,25000000.000
21380,2036,-5.859375,25000000.000
21381,2042,-2.929688,25000000.000
21382,2046,-0.976562,25000000.000
21383,2047,-0.488281,25000000.000
21384,2059,5.371094,25000000.000
21385,2064,7.812500,25000000.000
21386,2069,10.253906,25000000.000
21387,2069,10.253906,25000000.000
21388,2077,14.160156,25000000.000
21389,2080,15.625000,25000000.000
21390,2081,16.113281,25000000.000
21391,2081,16.113281,25000000.000
21392,2084,17.578125,25000000.000
21393,2082,16.601562,25000000.000
21394,2081,16.113281,25000000.000
21395,2082,16.601562,25000000.000
21396,2078,14.648438,25000000.000
21397,2074,12.695312,25000000.000
21398,2069,10.253906,25000000.000
21399,2067,9.277344,25000000.000
21400,2060,5.859375,25000000.000
21401,2054,2.929688,25000000.000
21402,2047,-0.488281,25000000.000
21403,2047,-0.488281,25000000.000
21404,2036,-5.859375,25000000.000
21405,2031,-8.300781,25000000.000
21406,2024,-11.718750,25000000.000
21407,2024,-11.718750,25000000.000
21408,2018,-14.648438,25000000.000
21409,2015,-16.113281,25000000.000
21410,2011,-18.066406,25000000.000
21411,2011,-18.066406,25000000.000
21412,2010,-18.554688,25000000.000
21413,2009,-19.042969,25000000.000
21414,2010,-18.554688,25000000.000
21415,2010,-18.554688,25000000.000
21416,2013,-17.089844,25000000.000
21417,2018,-14.648438,25000000.000
21418,2020,-13.671875,25000000.000
21419,2021,-13.183594,25000000.000
21420,2030,-8.789062,25000000.000
21421,2036,-5.859375,25000000.000
21422,2042,-2.929688,25000000.000
21423,2043,-2.441406,25000000.000
21424,2053,2.441406,25000000.000
21425,2059,5.371094,25000000.000
21426,2064,7.812500,25000000.000
21427,2065,8.300781,25000000.000
21428,2073,12.207031,25000000.000
21429,2077,14.160156,25000000.000
21430,2080,15.625000,25000000.000
21431,2079,15.136719,25000000.000
21432,2083,17.089844,25000000.000
21433,2084,17.578125,25000000.000
21434,2083,17.089844,25000000.000
21435,2083,17.089844,25000000.000
21436,2078,14.648438,25000000.000
21437,2075,13.183594,25000000.000
21438,2072,11.718750,25000000.000
21439,2072,11.718750,25000000.000
21440,2063,7.324219,25000000.000
21441,2058,4.882812,25000000.000
21442,2052,1.953125,25000000.000
21443,2052,1.953125,25000000.000
21444,2041,-3.417969,25000000.000
21445,2036,-5.859375,25000000.000
21446,2031,-8.300781,25000000.000
21447,2030,-8.789062,25000000.000
21448,2021,-13.183594,25000000.000
21449,2017,-15.136719,25000000.000
21450,2014,-16.601562,25000000.000
21451,2013,-17.089844,25000000.000
21452,2009,-19.042969,25000000.000
21453,2009,-19.042969,25000000.000
21454,2009,-19.042969,25000000.000
21455,2008,-19.531250,25000000.000
21456,2011,-18.066406,25000000.000
21457,2014,-16.601562,25000000.000
21458,2018,-14.648438,25000000.000
21459,2018,-14.648438,25000000.000
21460,2027,-10.253906,25000000.000
21461,2030,-8.789062,25000000.000
21462,2037,-5.371094,25000000.000
21463,2036,-5.859375,25000000.000
21464,2048,0.000000,25000000.000
21465,2053,2.441406,25000000.000
21466,2060,5.859375,25000000.000
21467,2060,5.859375,25000000.000
21468,2069,10.253906,25000000.000
21469,2074,12.695312,25000000.000
21470,2078,14.648438,25000000.000
21471,2078,14.648438,25000000.000
21472,2082,16.601562,25000000.000
21473,2083,17.089844,25000000.000
21474,2084,17.578125,25000000.000
21475,2083,17.089844,25000000.000
21476,2081,16.113281,25000000.000
21477,2078,14.648438,25000000.000
21478,2076,13.671875,25000000.000
21479,2075,13.183594,25000000.000
21480,2068,9.765625,25000000.000
21481,2062,6.835938,25000000.000
21482,2056,3.906250,25000000.000
21483,2056,3.906250,25000000.000
21484,2045,-1.464844,25000000.000
21485,2040,-3.906250,25000000.000
21486,2033,-7.324219,25000000.000
21487,2034,-6.835938,25000000.000
21488,2024,-11.718750,25000000.000
21489,2019,-14.160156,25000000.000
21490,2016,-15.625000,25000000.000
21491,2014,-16.601562,25000000.000
21492,2010,-18.554688,25000000.000
21493,2009,-19.042969,25000000.000
21494,2006,-20.507812,25000000.000
21495,2008,-19.531250,25000000.000
21496,2009,-19.042969,25000000.000
21497,2011,-18.066406,25000000.000
21498,2013,-17.089844,25000000.000
21499,2013,-17.089844,25000000.000
21500,2021,-13.183594,25000000.000
21501,2026,-10.742188,25000000.000
21502,2032,-7.812500,25000000.000
21503,2033,-7.324219,25000000.000
21504,2043,-2.441406,25000000.000
21505,2049,0.488281,25000000.000
21506,2055,3.417969,25000000.000
21507,2055,3.417969,25000000.000
21508,2066,8.789062,25000000.000
21509,2069,10.253906,25000000.000
21510,2075,13.183594,25000000.000
21511,2075,13.183594,25000000.000
21512,2080,15.625000,25000000.000
21513,2081,16.113281,25000000.000
21514,2083,17.089844,25000000.000
21515,2083,17.089844,25000000.000
21516,2082,16.601562,25000000.000
21517,2080,15.625000,25000000.000
21518,2079,15.136719,25000000.000
21519,2078,14.648438,25000000.000
21520,2069,10.253906,25000000.000
21521,2065,8.300781,25000000.000
21522,2061,6.347656,25000000.000
21523,2061,6.347656,25000000.000
21524,2050,0.976562,25000000.000
21525,2044,-1.953125,25000000.000
21526,2038,-4.882812,25000000.000
21527,2038,-4.882812,25000000.000
21528,2028,-9.765625,25000000.000
21529,2023,-12.207031,25000000.000
21530,2018,-14.648438,25000000.000
21531,2018,-14.648438,25000000.000
21532,2011,-18.066406,25000000.000
21533,2010,-18.554688,25000000.000
21534,2008,-19.531250,25000000.000
21535,2010,-18.554688,25000000.000
21536,2008,-19.531250,25000000.000
21537,2010,-18.554688,25000000.000
21538,2011,-18.066406,25000000.000
21539,2011,-18.066406,25000000.000
21540,2018,-14.648438,25000000.000
21541,2022,-12.695312,25000000.000
21542,2028,-9.765625,25000000.000
21543,2028,-9.765625,25000000.000
21544,2038,-4.882812,25000000.000
21545,2044,-1.953125,25000000.000
21546,2050,0.976562,25000000.000
21547,2050,0.976562,25000000.000
21548,2061,6.347656,25000000.000
21549,2066,8.789062,25000000.000
21550,2070,10.742188,25000000.000
21551,2070,10.742188,25000000.000
21552,2078,14.648438,25000000.000
21553,2080,15.625000,25000000.000
21554,2082,16.601562,25000000.000
21555,2083,17.089844,25000000.000
21556,2083,17.089844,25000000.000
21557,2082,16.601562,25000000.000
21558,2081,16.113281,25000000.000
21559,2080,15.625000,25000000.000
21560,2075,13.183594,25000000.000
21561,2070,10.742188,25000000.000
21562,2066,8.789062,25000000.000
21563,2065,8.300781,25000000.000
21564,2056,3.906250,25000000.000
21565,2051,1.464844,25000000.000
21566,2043,-2.441406,25000000.000
21567,2043,-2.441406,25000000.000
21568,2034,-6.835938,25000000.000
21569,2028,-9.765625,25000000.000
21570,2022,-12.695312,25000000.000
21571,2023,-12.207031,25000000.000
21572,2016,-15.625000,25000000.000
21573,2012,-17.578125,25000000.000
21574,2010,-18.554688,25000000.000
21575,2011,-18.066406,25000000.000
21576,2008,-19.531250,25000000.000
21577,2009,-19.042969,25000000.000
21578,2010,-18.554688,25000000.000
21579,2010,-18.554688,25000000.000
21580,2015,-16.113281,25000000.000
21581,2019,-14.160156,25000000.000
21582,2023,-12.207031,25000000.000
21583,2024,-11.718750,25000000.000
21584,2034,-6.835938,25000000.000
21585,2039,-4.394531,25000000.000
21586,2046,-0.976562,25000000.000
21587,2047,-0.488281,25000000.000
21588,2056,3.906250,25000000.000
21589,2062,6.835938,25000000.000
21590,2068,9.765625,25000000.000
21591,2067,9.277344,25000000.000
21592,2075,13.183594,25000000.000
21593,2078,14.648438,25000000.000
21594,2081,16.113281,25000000.000
21595,2081,16.113281,25000000.000
21596,2083,17.089844,25000000.000
21597,2083,17.089844,25000000.000
21598,2082,16.601562,25000000.000
21599,2082,16.601562,25000000.000
21600,2076,13.671875,25000000.000
21601,2073,12.207031,25000000.000
21602,2070,10.742188,25000000.000
21603,2069,10.253906,25000000.000
21604,2060,5.859375,25000000.000
21605,2055,3.417969,25000000.000
21606,2048,0.000000,25000000.000
21607,2049,0.488281,25000000.000
21608,2039,-4.394531,25000000.000
21609,2033,-7.324219,25000000.000
21610,2027,-10.253906,25000000.000
21611,2027,-10.253906,25000000.000
21612,2017,-15.136719,25000000.000
21613,2016,-15.625000,25000000.000
21614,2012,-17.578125,25000000.000
21615,2013,-17.089844,25000000.000
21616,2010,-18.554688,25000000.000
21617,2010,-18.554688,25000000.000
21618,2009,-19.042969,25000000.000
21619,2009,-19.042969,25000000.000
21620,2013,-17.089844,25000000.000
21621,2017,-15.136719,25000000.000
21622,2020,-13.671875,25000000.000
21623,2020,-13.671875,25000000.000
21624,2030,-8.789062,25000000.000
21625,2036,-5.859375,25000000.000
21626,2040,-3.906250,25000000.000
21627,2041,-3.417969,25000000.000
21628,2052,1.953125,25000000.000
21629,2058,4.882812,25000000.000
21630,2063,7.324219,25000000.000
21631,2064,7.812500,25000000.000
21632,2072,11.718750,25000000.000
21633,2076,13.671875,25000000.000
21634,2080,15.625000,25000000.000
21635,2080,15.625000,25000000.000
21636,2083,17.089844,25000000.000
21637,2084,17.578125,25000000.000
21638,2083,17.089844,25000000.000
21639,2083,17.089844,25000000.000
21640,2081,16.113281,25000000.000
21641,2078,14.648438,25000000.000
21642,2073,12.207031,25000000.000
21643,2073,12.207031,25000000.000
21644,2066,8.789062,25000000.000
21645,2061,6.347656,25000000.000
21646,2054,2.929688,25000000.000
21647,2054,2.929688,25000000.000
21648,2042,-2.929688,25000000.000
21649,2037,-5.371094,25000000.000
21650,2032,-7.812500,25000000.000
21651,2032,-7.812500,25000000.000
21652,2022,-12.695312,25000000.000
21653,2019,-14.160156,25000000.000
21654,2014,-16.601562,25000000.000
21655,2015,-16.113281,25000000.000
21656,2010,-18.554688,25000000.000
21657,2008,-19.531250,25000000.000
21658,2008,-19.531250,25000000.000
21659,2009,-19.042969,25000000.000
21660,2010,-18.554688,25000000.000
21661,2013,-17.089844,25000000.000
21662,2016,-15.625000,25000000.000
21663,2016,-15.625000,25000000.000
21664,2024,-11.718750,25000000.000
21665,2030,-8.789062,25000000.000
21666,2034,-6.835938,25000000.000
21667,2034,-6.835938,25000000.000
21668,2046,-0.976562,25000000.000
21669,2052,1.953125,25000000.000
21670,2058,4.882812,25000000.000
21671,2058,4.882812,25000000.000
21672,2067,9.277344,25000000.000
21673,2072,11.718750,25000000.000
21674,2076,13.671875,25000000.000
21675,2076,13.671875,25000000.000
21676,2079,15.136719,25000000.000
21677,2084,17.578125,25000000.000
21678,2082,16.601562,25000000.000
21679,2083,17.089844,25000000.000
21680,2080,15.625000,25000000.000
21681,2079,15.136719,25000000.000
21682,2077,14.160156,25000000.000
21683,2077,14.160156,25000000.000
21684,2069,10.253906,25000000.000
21685,2063,7.324219,25000000.000
21686,2058,4.882812,25000000.000
21687,2059,5.371094,25000000.000
21688,2047,-0.488281,25000000.000
21689,2041,-3.417969,25000000.000
21690,2036,-5.859375,25000000.000
21691,2035,-6.347656,25000000.000
21692,2025,-11.230469,25000000.000
21693,2020,-13.671875,25000000.000
21694,2016,-15.625000,25000000.000
21695,2016,-15.625000,25000000.000
21696,2011,-18.066406,25000000.000
21697,2009,-19.042969,25000000.000
21698,2007,-20.019531,25000000.000
21699,2008,-19.531250,25000000.000
21700,2008,-19.531250,25000000.000
21701,2011,-18.066406,25000000.000
21702,2014,-16.601562,25000000.000
21703,2015,-16.113281,25000000.000
21704,2022,-12.695312,25000000.000
21705,2025,-11.230469,25000000.000
21706,2030,-8.789062,25000000.000
21707,2032,-7.812500,25000000.000
21708,2041,-3.417969,25000000.000
21709,2047,-0.488281,25000000.000
21710,2053,2.441406,25000000.000
21711,2054,2.929688,25000000.000
21712,2064,7.812500,25000000.000
21713,2068,9.765625,25000000.000
21714,2073,12.207031,25000000.000
21715,2073,12.207031,25000000.000
21716,2079,15.136719,25000000.000
21717,2082,16.601562,25000000.000
21718,2082,16.601562,25000000.000
21719,2083,17.089844,25000000.000
21720,2082,16.601562,25000000.000
21721,2082,16.601562,25000000.000
21722,2079,15.136719,25000000.000
21723,2078,14.648438,25000000.000
21724,2072,11.718750,25000000.000
21725,2067,9.277344,25000000.000
21726,2062,6.835938,25000000.000
21727,2061,6.347656,25000000.000
21728,2052,1.953125,25000000.000
21729,2046,-0.976562,25000000.000
21730,2040,-3.906250,25000000.000
21731,2040,-3.906250,25000000.000
21732,2030,-8.789062,25000000.000
21733,2025,-11.230469,25000000.000
21734,2021,-13.183594,25000000.000
21735,2020,-13.671875,25000000.000
21736,2014,-16.601562,25000000.000
21737,2010,-18.554688,25000000.000
21738,2010,-18.554688,25000000.000
21739,2009,-19.042969,25000000.000
21740,2009,-19.042969,25000000.000
21741,2010,-18.554688,25000000.000
21742,2012,-17.578125,25000000.000
21743,2012,-17.578125,25000000.000
21744,2018,-14.648438,25000000.000
21745,2021,-13.183594,25000000.000
21746,2026,-10.742188,25000000.000
21747,2027,-10.253906,25000000.000
21748,2037,-5.371094,25000000.000
21749,2041,-3.417969,25000000.000
21750,2047,-0.488281,25000000.000
21751,2048,0.000000,25000000.000
21752,2059,5.371094,25000000.000
21753,2065,8.300781,25000000.000
21754,2067,9.277344,25000000.000
21755,2070,10.742188,25000000.000
21756,2076,13.671875,25000000.000
21757,2080,15.625000,25000000.000
21758,2080,15.625000,25000000.000
21759,2082,16.601562,25000000.000
21760,2083,17.089844,25000000.000
21761,2083,17.089844,25000000.000
21762,2081,16.113281,25000000.000
21763,2081,16.113281,25000000.000
21764,2075,13.183594,25000000.000
21765,2071,11.230469,25000000.000
21766,2066,8.789062,25000000.000
21767,2067,9.277344,25000000.000
21768,2057,4.394531,25000000.000
21769,2052,1.953125,25000000.000
21770,2046,-0.976562,25000000.000
21771,2045,-1.464844,25000000.000
21772,2035,-6.347656,25000000.000
21773,2030,-8.789062,25000000.000
21774,2024,-11.718750,25000000.000
21775,2024,-11.718750,25000000.000
21776,2016,-15.625000,25000000.000
21777,2014,-16.601562,25000000.000
21778,2012,-17.578125,25000000.000
21779,2011,-18.066406,25000000.000
21780,2010,-18.554688,25000000.000
21781,2009,-19.042969,25000000.000
21782,2010,-18.554688,25000000.000
21783,2011,-18.066406,25000000.000
21784,2015,-16.113281,25000000.000
21785,2018,-14.648438,25000000.000
21786,2023,-12.207031,25000000.000
21787,2024,-11.718750,25000000.000
21788,2033,-7.324219,25000000.000
21789,2038,-4.882812,25000000.000
21790,2043,-2.441406,25000000.000
21791,2044,-1.953125,25000000.000
21792,2055,3.417969,25000000.000
21793,2061,6.347656,25000000.000
21794,2065,8.300781,25000000.000
21795,2066,8.789062,25000000.000
21796,2075,13.183594,25000000.000
21797,2078,14.648438,25000000.000
21798,2080,15.625000,25000000.000
21799,2080,15.625000,25000000.000
21800,2084,17.578125,25000000.000
21801,2083,17.089844,25000000.000
21802,2082,16.601562,25000000.000
21803,2082,16.601562,25000000.000
21804,2078,14.648438,25000000.000
21805,2075,13.183594,25000000.000
21806,2071,11.230469,25000000.000
21807,2070,10.742188,25000000.000
21808,2062,6.835938,25000000.000
21809,2057,4.394531,25000000.000
21810,2051,1.464844,25000000.000
21811,2051,1.464844,25000000.000
21812,2040,-3.906250,25000000.000
21813,2034,-6.835938,25000000.000
21814,2029,-9.277344,25000000.000
21815,2029,-9.277344,25000000.000
21816,2020,-13.671875,25000000.000
21817,2016,-15.625000,25000000.000
21818,2014,-16.601562,25000000.000
21819,2013,-17.089844,25000000.000
21820,2010,-18.554688,25000000.000
21821,2010,-18.554688,25000000.000
21822,2010,-18.554688,25000000.000
21823,2008,-19.531250,25000000.000
21824,2012,-17.578125,25000000.000
21825,2016,-15.625000,25000000.000
21826,2019,-14.160156,25000000.000
21827,2019,-14.160156,25000000.000
21828,2028,-9.765625,25000000.000
21829,2033,-7.324219,25000000.000
21830,2038,-4.882812,25000000.000
21831,2039,-4.394531,25000000.000
21832,2049,0.488281,25000000.000
21833,2056,3.906250,25000000.000
21834,2060,5.859375,25000000.000
21835,2061,6.347656,25000000.000
21836,2070,10.742188,25000000.000
21837,2075,13.183594,25000000.000
21838,2078,14.648438,25000000.000
21839,2079,15.136719,25000000.000
21840,2082,16.601562,25000000.000
21841,2083,17.089844,25000000.000
21842,2083,17.089844,25000000.000
21843,2083,17.089844,25000000.000
21844,2081,16.113281,25000000.000
21845,2078,14.648438,25000000.000
21846,2075,13.183594,25000000.000
21847,2074,12.695312,25000000.000
21848,2067,9.277344,25000000.000
21849,2061,6.347656,25000000.000
21850,2055,3.417969,25000000.000
21851,2055,3.417969,25000000.000
21852,2045,-1.464844,25000000.000
21853,2040,-3.906250,25000000.000
21854,2034,-6.835938,25000000.000
21855,2033,-7.324219,25000000.000
21856,2023,-12.207031,25000000.000
21857,2019,-14.160156,25000000.000
21858,2016,-15.625000,25000000.000
21859,2015,-16.113281,25000000.000
21860,2011,-18.066406,25000000.000
21861,2009,-19.042969,25000000.000
21862,2010,-18.554688,25000000.000
21863,2010,-18.554688,25000000.000
21864,2010,-18.554688,25000000.000
21865,2013,-17.089844,25000000.000
21866,2016,-15.625000,25000000.000
21867,2015,-16.113281,25000000.000
21868,2023,-12.207031,25000000.000
21869,2028,-9.765625,25000000.000
21870,2032,-7.812500,25000000.000
21871,2034,-6.835938,25000000.000
21872,2045,-1.464844,25000000.000
21873,2049,0.488281,25000000.000
21874,2055,3.417969,25000000.000
21875,2056,3.906250,25000000.000
21876,2066,8.789062,25000000.000
21877,2071,11.230469,25000000.000
21878,2074,12.695312,25000000.000
21879,2075,13.183594,25000000.000
21880,2081,16.113281,25000000.000
21881,2082,16.601562,25000000.000
21882,2082,16.601562,25000000.000
21883,2084,17.578125,25000000.000
21884,2081,16.113281,25000000.000
21885,2080,15.625000,25000000.000
21886,2077,14.160156,25000000.000
21887,2076,13.671875,25000000.000
21888,2070,10.742188,25000000.000
21889,2065,8.300781,25000000.000
21890,2060,5.859375,25000000.000
21891,2058,4.882812,25000000.000
21892,2049,0.488281,25000000.000
21893,2043,-2.441406,25000000.000
21894,2037,-5.371094,25000000.000
21895,2037,-5.371094,25000000.000
21896,2027,-10.253906,25000000.000
21897,2022,-12.695312,25000000.000
21898,2018,-14.648438,25000000.000
21899,2017,-15.136719,25000000.000
21900,2012,-17.578125,25000000.000
21901,2010,-18.554688,25000000.000
21902,2008,-19.531250,25000000.000
21903,2008,-19.531250,25000000.000
21904,2009,-19.042969,25000000.000
21905,2011,-18.066406,25000000.000
21906,2013,-17.089844,25000000.000
21907,2013,-17.089844,25000000.000
21908,2019,-14.160156,25000000.000
21909,2023,-12.207031,25000000.000
21910,2028,-9.765625,25000000.000
21911,2030,-8.789062,25000000.000
21912,2040,-3.906250,25000000.000
21913,2045,-1.464844,25000000.000
21914,2051,1.464844,25000000.000
21915,2052,1.953125,25000000.000
21916,2062,6.835938,25000000.000
21917,2066,8.789062,25000000.000
21918,2072,11.718750,25000000.000
21919,2071,11.230469,25000000.000
21920,2079,15.136719,25000000.000
21921,2080,15.625000,25000000.000
21922,2082,16.601562,25000000.000
21923,2082,16.601562,25000000.000
21924,2081,16.113281,25000000.000
21925,2081,16.113281,25000000.000
21926,2079,15.136719,25000000.000
21927,2079,15.136719,25000000.000
21928,2072,11.718750,25000000.000
21929,2069,10.253906,25000000.000
21930,2064,7.812500,25000000.000
21931,2063,7.324219,25000000.000
21932,2053,2.441406,25000000.000
21933,2050,0.976562,25000000.000
21934,2042,-2.929688,25000000.000
21935,2042,-2.929688,25000000.000
21936,2032,-7.812500,25000000.000
21937,2027,-10.253906,25000000.000
21938,2022,-12.695312,25000000.000
21939,2022,-12.695312,25000000.000
21940,2014,-16.601562,25000000.000
21941,2011,-18.066406,25000000.000
21942,2010,-18.554688,25000000.000
21943,2010,-18.554688,25000000.000
21944,2008,-19.531250,25000000.000
21945,2009,-19.042969,25000000.000
21946,2012,-17.578125,25000000.000
21947,2011,-18.066406,25000000.000
21948,2017,-15.136719,25000000.000
21949,2020,-13.671875,25000000.000
21950,2024,-11.718750,25000000.000
21951,2026,-10.742188,25000000.000
21952,2036,-5.859375,25000000.000
21953,2041,-3.417969,25000000.000
21954,2046,-0.976562,25000000.000
21955,2046,-0.976562,25000000.000
21956,2058,4.882812,25000000.000
21957,2063,7.324219,25000000.000
21958,2068,9.765625,25000000.000
21959,2068,9.765625,25000000.000
21960,2076,13.671875,25000000.000
21961,2079,15.136719,25000000.000
21962,2082,16.601562,25000000.000
21963,2082,16.601562,25000000.000
21964,2083,17.089844,25000000.000
21965,2084,17.578125,25000000.000
21966,2082,16.601562,25000000.000
21967,2081,16.113281,25000000.000
21968,2077,14.160156,25000000.000
21969,2073,12.207031,25000000.000
21970,2069,10.253906,25000000.000
21971,2068,9.765625,25000000.000
21972,2059,5.371094,25000000.000
21973,2053,2.441406,25000000.000
21974,2047,-0.488281,25000000.000
21975,2048,0.000000,25000000.000
21976,2036,-5.859375,25000000.000
21977,2031,-8.300781,25000000.000
21978,2026,-10.742188,25000000.000
21979,2026,-10.742188,25000000.000
21980,2018,-14.648438,25000000.000
21981,2015,-16.113281,25000000.000
21982,2012,-17.578125,25000000.000
21983,2013,-17.089844,25000000.000
21984,2009,-19.042969,25000000.000
21985,2009,-19.042969,25000000.000
21986,2010,-18.554688,25000000.000
21987,2011,-18.066406,25000000.000
21988,2013,-17.089844,25000000.000
21989,2018,-14.648438,25000000.000
21990,2021,-13.183594,25000000.000
21991,2022,-12.695312,25000000.000
21992,2030,-8.789062,25000000.000
21993,2036,-5.859375,25000000.000
21994,2042,-2.929688,25000000.000
21995,2042,-2.929688,25000000.000
21996,2054,2.929688,25000000.000
21997,2059,5.371094,25000000.000
21998,2064,7.812500,25000000.000
21999,2064,7.812500,25000000.000
22000,2073,12.207031,25000000.000
22001,2077,14.160156,25000000.000
22002,2079,15.136719,25000000.000
22003,2079,15.136719,25000000.000
22004,2083,17.089844,25000000.000
22005,2083,17.089844,25000000.000
22006,2082,16.601562,25000000.000
22007,2082,16.601562,25000000.000
22008,2079,15.136719,25000000.000
22009,2076,13.671875,25000000.000
22010,2073,12.207031,25000000.000
22011,2073,12.207031,25000000.000
22012,2064,7.812500,25000000.000
22013,2059,5.371094,25000000.000
22014,2053,2.441406,25000000.000
22015,2053,2.441406,25000000.000
22016,2041,-3.417969,25000000.000
22017,2035,-6.347656,25000000.000
22018,2031,-8.300781,25000000.000
22019,2030,-8.789062,25000000.000
22020,2021,-13.183594,25000000.000
22021,2018,-14.648438,25000000.000
22022,2014,-16.601562,25000000.000
22023,2014,-16.601562,25000000.000
22024,2010,-18.554688,25000000.000
22025,2009,-19.042969,25000000.000
22026,2010,-18.554688,25000000.000
22027,2009,-19.042969,25000000.000
22028,2012,-17.578125,25000000.000
22029,2015,-16.113281,25000000.000
22030,2018,-14.648438,25000000.000
22031,2018,-14.648438,25000000.000
22032,2027,-10.253906,25000000.000
22033,2031,-8.300781,25000000.000
22034,2038,-4.882812,25000000.000
22035,2038,-4.882812,25000000.000
22036,2049,0.488281,25000000.000
22037,2055,3.417969,25000000.000
22038,2059,5.371094,25000000.000
22039,2061,6.347656,25000000.000
22040,2070,10.742188,25000000.000
22041,2074,12.695312,25000000.000
22042,2078,14.648438,25000000.000
22043,2078,14.648438,25000000.000
22044,2083,17.089844,25000000.000
22045,2083,17.089844,25000000.000
22046,2083,17.089844,25000000.000
22047,2083,17.089844,25000000.000
22048,2081,16.113281,25000000.000
22049,2078,14.648438,25000000.000
22050,2075,13.183594,25000000.000
22051,2075,13.183594,25000000.000
22052,2062,6.835938,25000000.000
22053,2064,7.812500,25000000.000
22054,2058,4.882812,25000000.000
22055,2055,3.417969,25000000.000
22056,2045,-1.464844,25000000.000
22057,2041,-3.417969,25000000.000
22058,2034,-6.835938,25000000.000
22059,2034,-6.835938,25000000.000
22060,2024,-11.718750,25000000.000
22061,2019,-14.160156,25000000.000
22062,2016,-15.625000,25000000.000
22063,2016,-15.625000,25000000.000
22064,2011,-18.066406,25000000.000
22065,2009,-19.042969,25000000.000
22066,2009,-19.042969,25000000.000
22067,2008,-19.531250,25000000.000
22068,2010,-18.554688,25000000.000
22069,2012,-17.578125,25000000.000
22070,2014,-16.601562,25000000.000
22071,2015,-16.113281,25000000.000
22072,2023,-12.207031,25000000.000
22073,2027,-10.253906,25000000.000
22074,2033,-7.324219,25000000.000
22075,2033,-7.324219,25000000.000
22076,2043,-2.441406,25000000.000
22077,2048,0.000000,25000000.000
22078,2056,3.906250,25000000.000
22079,2056,3.906250,25000000.000
22080,2065,8.300781,25000000.000
22081,2070,10.742188,25000000.000
22082,2074,12.695312,25000000.000
22083,2075,13.183594,25000000.000
22084,2080,15.625000,25000000.000
22085,2082,16.601562,25000000.000
22086,2082,16.601562,25000000.000
22087,2082,16.601562,25000000.000
22088,2081,16.113281,25000000.000
22089,2080,15.625000,25000000.000
22090,2077,14.160156,25000000.000
22091,2077,14.160156,25000000.000
22092,2070,10.742188,25000000.000
22093,2066,8.789062,25000000.000
22094,2060,5.859375,25000000.000
22095,2060,5.859375,25000000.000
22096,2049,0.488281,25000000.000
22097,2044,-1.953125,25000000.000
22098,2039,-4.394531,25000000.000
22099,2038,-4.882812,25000000.000
22100,2027,-10.253906,25000000.000
22101,2023,-12.207031,25000000.000
22102,2019,-14.160156,25000000.000
22103,2017,-15.136719,25000000.000
22104,2012,-17.578125,25000000.000
22105,2009,-19.042969,25000000.000
22106,2009,-19.042969,25000000.000
22107,2009,-19.042969,25000000.000
22108,2009,-19.042969,25000000.000
22109,2011,-18.066406,25000000.000
22110,2012,-17.578125,25000000.000
22111,2014,-16.601562,25000000.000
22112,2019,-14.160156,25000000.000
22113,2023,-12.207031,25000000.000
22114,2027,-10.253906,25000000.000
22115,2028,-9.765625,25000000.000
22116,2039,-4.394531,25000000.000
22117,2044,-1.953125,25000000.000
22118,2050,0.976562,25000000.000
22119,2050,0.976562,25000000.000
22120,2061,6.347656,25000000.000
22121,2066,8.789062,25000000.000
22122,2071,11.230469,25000000.000
22123,2071,11.230469,25000000.000
22124,2078,14.648438,25000000.000
22125,2080,15.625000,25000000.000
22126,2082,16.601562,25000000.000
22127,2081,16.113281,25000000.000
22128,2082,16.601562,25000000.000
22129,2082,16.601562,25000000.000
22130,2078,14.648438,25000000.000
22131,2081,16.113281,25000000.000
22132,2075,13.183594,25000000.000
22133,2068,9.765625,25000000.000
22134,2065,8.300781,25000000.000
22135,2063,7.324219,25000000.000
22136,2054,2.929688,25000000.000
22137,2048,0.000000,25000000.000
22138,2044,-1.953125,25000000.000
22139,2041,-3.417969,25000000.000
22140,2033,-7.324219,25000000.000
22141,2027,-10.253906,25000000.000
22142,2023,-12.207031,25000000.000
22143,2022,-12.695312,25000000.000
22144,2014,-16.601562,25000000.000
22145,2012,-17.578125,25000000.000
22146,2010,-18.554688,25000000.000
22147,2010,-18.554688,25000000.000
22148,2007,-20.019531,25000000.000
22149,2009,-19.042969,25000000.000
22150,2011,-18.066406,25000000.000
22151,2010,-18.554688,25000000.000
22152,2016,-15.625000,25000000.000
22153,2021,-13.183594,25000000.000
22154,2024,-11.718750,25000000.000
22155,2024,-11.718750,25000000.000
22156,2034,-6.835938,25000000.000
22157,2041,-3.417969,25000000.000
22158,2045,-1.464844,25000000.000
22159,2046,-0.976562,25000000.000
22160,2057,4.394531,25000000.000
22161,2062,6.835938,25000000.000
22162,2068,9.765625,25000000.000
22163,2068,9.765625,25000000.000
22164,2075,13.183594,25000000.000
22165,2079,15.136719,25000000.000
22166,2082,16.601562,25000000.000
22167,2080,15.625000,25000000.000
22168,2084,17.578125,25000000.000
22169,2083,17.089844,25000000.000
22170,2082,16.601562,25000000.000
22171,2082,16.601562,25000000.000
22172,2078,14.648438,25000000.000
22173,2074,12.695312,25000000.000
22174,2069,10.253906,25000000.000
22175,2070,10.742188,25000000.000
22176,2060,5.859375,25000000.000
22177,2054,2.929688,25000000.000
22178,2049,0.488281,25000000.000
22179,2048,0.000000,25000000.000
22180,2038,-4.882812,25000000.000
22181,2033,-7.324219,25000000.000
22182,2027,-10.253906,25000000.000
22183,2027,-10.253906,25000000.000
22184,2019,-14.160156,25000000.000
22185,2015,-16.113281,25000000.000
22186,2012,-17.578125,25000000.000
22187,2011,-18.066406,25000000.000
22188,2010,-18.554688,25000000.000
22189,2009,-19.042969,25000000.000
22190,2009,-19.042969,25000000.000
22191,2012,-17.578125,25000000.000
22192,2014,-16.601562,25000000.000
22193,2016,-15.625000,25000000.000
22194,2020,-13.671875,25000000.000
22195,2021,-13.183594,25000000.000
22196,2029,-9.277344,25000000.000
22197,2035,-6.347656,25000000.000
22198,2040,-3.906250,25000000.000
22199,2041,-3.417969,25000000.000
22200,2052,1.953125,25000000.000
22201,2059,5.371094,25000000.000
22202,2063,7.324219,25000000.000
22203,2063,7.324219,25000000.000
22204,2073,12.207031,25000000.000
22205,2076,13.671875,25000000.000
22206,2079,15.136719,25000000.000
22207,2080,15.625000,25000000.000
22208,2083,17.089844,25000000.000
22209,2084,17.578125,25000000.000
22210,2084,17.578125,25000000.000
22211,2083,17.089844,25000000.000
22212,2080,15.625000,25000000.000
22213,2077,14.160156,25000000.000
22214,2073,12.207031,25000000.000
22215,2073,12.207031,25000000.000
22216,2064,7.812500,25000000.000
22217,2059,5.371094,25000000.000
22218,2054,2.929688,25000000.000
22219,2054,2.929688,25000000.000
22220,2043,-2.441406,25000000.000
22221,2037,-5.371094,25000000.000
22222,2033,-7.324219,25000000.000
22223,2030,-8.789062,25000000.000
22224,2025,-11.230469,25000000.000
22225,2021,-13.183594,25000000.000
22226,2009,-19.042969,25000000.000
22227,2016,-15.625000,25000000.000
22228,2012,-17.578125,25000000.000
22229,2010,-18.554688,25000000.000
22230,2010,-18.554688,25000000.000
22231,2010,-18.554688,25000000.000
22232,2009,-19.042969,25000000.000
22233,2013,-17.089844,25000000.000
22234,2015,-16.113281,25000000.000
22235,2016,-15.625000,25000000.000
22236,2024,-11.718750,25000000.000
22237,2029,-9.277344,25000000.000
22238,2035,-6.347656,25000000.000
22239,2035,-6.347656,25000000.000
22240,2046,-0.976562,25000000.000
22241,2053,2.441406,25000000.000
22242,2058,4.882812,25000000.000
22243,2059,5.371094,25000000.000
22244,2069,10.253906,25000000.000
22245,2074,12.695312,25000000.000
22246,2077,14.160156,25000000.000
22247,2077,14.160156,25000000.000
22248,2082,16.601562,25000000.000
22249,2084,17.578125,25000000.000
22250,2083,17.089844,25000000.000
22251,2084,17.578125,25000000.000
22252,2082,16.601562,25000000.000
22253,2080,15.625000,25000000.000
22254,2077,14.160156,25000000.000
22255,2076,13.671875,25000000.000
22256,2068,9.765625,25000000.000
22257,2063,7.324219,25000000.000
22258,2058,4.882812,25000000.000
22259,2058,4.882812,25000000.000
22260,2047,-0.488281,25000000.000
22261,2042,-2.929688,25000000.000
22262,2036,-5.859375,25000000.000
22263,2035,-6.347656,25000000.000
22264,2025,-11.230469,25000000.000
22265,2020,-13.671875,25000000.000
22266,2017,-15.136719,25000000.000
22267,2017,-15.136719,25000000.000
22268,2011,-18.066406,25000000.000
22269,2009,-19.042969,25000000.000
22270,2008,-19.531250,25000000.000
22271,2008,-19.531250,25000000.000
22272,2009,-19.042969,25000000.000
22273,2012,-17.578125,25000000.000
22274,2013,-17.089844,25000000.000
22275,2013,-17.089844,25000000.000
22276,2020,-13.671875,25000000.000
22277,2025,-11.230469,25000000.000
22278,2031,-8.300781,25000000.000
22279,2030,-8.789062,25000000.000
22280,2041,-3.417969,25000000.000
22281,2047,-0.488281,25000000.000
22282,2053,2.441406,25000000.000
22283,2054,2.929688,25000000.000
22284,2063,7.324219,25000000.000
22285,2069,10.253906,25000000.000
22286,2072,11.718750,25000000.000
22287,2073,12.207031,25000000.000
22288,2079,15.136719,25000000.000
22289,2081,16.113281,25000000.000
22290,2082,16.601562,25000000.000
22291,2083,17.089844,25000000.000
22292,2082,16.601562,25000000.000
22293,2082,16.601562,25000000.000
22294,2078,14.648438,25000000.000
22295,2079,15.136719,25000000.000
22296,2071,11.230469,25000000.000
22297,2067,9.277344,25000000.000
22298,2063,7.324219,25000000.000
22299,2062,6.835938,25000000.000
22300,2053,2.441406,25000000.000
22301,2047,-0.488281,25000000.000
22302,2040,-3.906250,25000000.000
22303,2040,-3.906250,25000000.000
22304,2030,-8.789062,25000000.000
22305,2024,-11.718750,25000000.000
22306,2020,-13.671875,25000000.000
22307,2019,-14.160156,25000000.000
22308,2013,-17.089844,25000000.000
22309,2012,-17.578125,25000000.000
22310,2009,-19.042969,25000000.000
22311,2009,-19.042969,25000000.000
22312,2009,-19.042969,25000000.000
22313,2009,-19.042969,25000000.000
22314,2011,-18.066406,25000000.000
22315,2012,-17.578125,25000000.000
22316,2017,-15.136719,25000000.000
22317,2022,-12.695312,25000000.000
22318,2024,-11.718750,25000000.000
22319,2028,-9.765625,25000000.000
22320,2036,-5.859375,25000000.000
22321,2042,-2.929688,25000000.000
22322,2049,0.488281,25000000.000
22323,2049,0.488281,25000000.000
22324,2059,5.371094,25000000.000
22325,2065,8.300781,25000000.000
22326,2070,10.742188,25000000.000
22327,2070,10.742188,25000000.000
22328,2077,14.160156,25000000.000
22329,2079,15.136719,25000000.000
22330,2081,16.113281,25000000.000
22331,2082,16.601562,25000000.000
22332,2082,16.601562,25000000.000
22333,2082,16.601562,25000000.000
22334,2081,16.113281,25000000.000
22335,2080,15.625000,25000000.000
22336,2074,12.695312,25000000.000
22337,2071,11.230469,25000000.000
22338,2066,8.789062,25000000.000
22339,2065,8.300781,25000000.000
22340,2057,4.394531,25000000.000
22341,2051,1.464844,25000000.000
22342,2046,-0.976562,25000000.000
22343,2044,-1.953125,25000000.000
22344,2034,-6.835938,25000000.000
22345,2028,-9.765625,25000000.000
22346,2025,-11.230469,25000000.000
22347,2024,-11.718750,25000000.000
22348,2016,-15.625000,25000000.000
22349,2014,-16.601562,25000000.000
22350,2012,-17.578125,25000000.000
22351,2012,-17.578125,25000000.000
22352,2009,-19.042969,25000000.000
22353,2009,-19.042969,25000000.000
22354,2010,-18.554688,25000000.000
22355,2010,-18.554688,25000000.000
22356,2015,-16.113281,25000000.000
22357,2019,-14.160156,25000000.000
22358,2022,-12.695312,25000000.000
22359,2023,-12.207031,25000000.000
22360,2032,-7.812500,25000000.000
22361,2038,-4.882812,25000000.000
22362,2044,-1.953125,25000000.000
22363,2043,-2.441406,25000000.000
22364,2055,3.417969,25000000.000
22365,2061,6.347656,25000000.000
22366,2065,8.300781,25000000.000
22367,2066,8.789062,25000000.000
22368,2074,12.695312,25000000.000
22369,2078,14.648438,25000000.000
22370,2080,15.625000,25000000.000
22371,2080,15.625000,25000000.000
22372,2084,17.578125,25000000.000
22373,2084,17.578125,25000000.000
22374,2082,16.601562,25000000.000
22375,2083,17.089844,25000000.000
22376,2080,15.625000,25000000.000
22377,2074,12.695312,25000000.000
22378,2072,11.718750,25000000.000
22379,2071,11.230469,25000000.000
22380,2062,6.835938,25000000.000
22381,2056,3.906250,25000000.000
22382,2051,1.464844,25000000.000
22383,2051,1.464844,25000000.000
22384,2040,-3.906250,25000000.000
22385,2034,-6.835938,25000000.000
22386,2029,-9.277344,25000000.000
22387,2029,-9.277344,25000000.000
22388,2020,-13.671875,25000000.000
22389,2017,-15.136719,25000000.000
22390,2014,-16.601562,25000000.000
22391,2014,-16.601562,25000000.000
22392,2010,-18.554688,25000000.000
22393,2009,-19.042969,25000000.000
22394,2009,-19.042969,25000000.000
22395,2010,-18.554688,25000000.000
22396,2013,-17.089844,25000000.000
22397,2015,-16.113281,25000000.000
22398,2019,-14.160156,25000000.000
22399,2019,-14.160156,25000000.000
22400,2027,-10.253906,25000000.000
22401,2031,-8.300781,25000000.000
22402,2038,-4.882812,25000000.000
22403,2038,-4.882812,25000000.000
22404,2050,0.976562,25000000.000
22405,2057,4.394531,25000000.000
22406,2061,6.347656,25000000.000
22407,2062,6.835938,25000000.000
22408,2072,11.718750,25000000.000
22409,2075,13.183594,25000000.000
22410,2078,14.648438,25000000.000
22411,2078,14.648438,25000000.000
22412,2082,16.601562,25000000.000
22413,2083,17.089844,25000000.000
22414,2083,17.089844,25000000.000
22415,2083,17.089844,25000000.000
22416,2080,15.625000,25000000.000
22417,2077,14.160156,25000000.000
22418,2075,13.183594,25000000.000
22419,2074,12.695312,25000000.000
22420,2066,8.789062,25000000.000
22421,2061,6.347656,25000000.000
22422,2055,3.417969,25000000.000
22423,2055,3.417969,25000000.000
22424,2045,-1.464844,25000000.000
22425,2039,-4.394531,25000000.000
22426,2033,-7.324219,25000000.000
22427,2032,-7.812500,25000000.000
22428,2024,-11.718750,25000000.000
22429,2020,-13.671875,25000000.000
22430,2016,-15.625000,25000000.000
22431,2016,-15.625000,25000000.000
22432,2010,-18.554688,25000000.000
22433,2010,-18.554688,25000000.000
22434,2008,-19.531250,25000000.000
22435,2010,-18.554688,25000000.000
22436,2010,-18.554688,25000000.000
22437,2013,-17.089844,25000000.000
22438,2016,-15.625000,25000000.000
22439,2016,-15.625000,25000000.000
22440,2024,-11.718750,25000000.000
22441,2028,-9.765625,25000000.000
22442,2033,-7.324219,25000000.000
22443,2034,-6.835938,25000000.000
22444,2045,-1.464844,25000000.000
22445,2051,1.464844,25000000.000
22446,2056,3.906250,25000000.000
22447,2056,3.906250,25000000.000
22448,2066,8.789062,25000000.000
22449,2070,10.742188,25000000.000
22450,2073,12.207031,25000000.000
22451,2075,13.183594,25000000.000
22452,2083,17.089844,25000000.000
22453,2082,16.601562,25000000.000
22454,2083,17.089844,25000000.000
22455,2083,17.089844,25000000.000
22456,2080,15.625000,25000000.000
22457,2079,15.136719,25000000.000
22458,2078,14.648438,25000000.000
22459,2076,13.671875,25000000.000
22460,2069,10.253906,25000000.000
22461,2064,7.812500,25000000.000
22462,2058,4.882812,25000000.000
22463,2059,5.371094,25000000.000
22464,2048,0.000000,25000000.000
22465,2042,-2.929688,25000000.000
22466,2037,-5.371094,25000000.000
22467,2038,-4.882812,25000000.000
22468,2027,-10.253906,25000000.000
22469,2021,-13.183594,25000000.000
22470,2017,-15.136719,25000000.000
22471,2017,-15.136719,25000000.000
22472,2011,-18.066406,25000000.000
22473,2010,-18.554688,25000000.000
22474,2008,-19.531250,25000000.000
22475,2009,-19.042969,25000000.000
22476,2009,-19.042969,25000000.000
22477,2010,-18.554688,25000000.000
22478,2013,-17.089844,25000000.000
22479,2012,-17.578125,25000000.000
22480,2019,-14.160156,25000000.000
22481,2024,-11.718750,25000000.000
22482,2029,-9.277344,25000000.000
22483,2030,-8.789062,25000000.000
22484,2040,-3.906250,25000000.000
22485,2046,-0.976562,25000000.000
22486,2051,1.464844,25000000.000
22487,2052,1.953125,25000000.000
22488,2063,7.324219,25000000.000
22489,2068,9.765625,25000000.000
22490,2072,11.718750,25000000.000
22491,2072,11.718750,25000000.000
22492,2079,15.136719,25000000.000
22493,2080,15.625000,25000000.000
22494,2082,16.601562,25000000.000
22495,2081,16.113281,25000000.000
22496,2081,16.113281,25000000.000
22497,2081,16.113281,25000000.000
22498,2079,15.136719,25000000.000
22499,2078,14.648438,25000000.000
22500,2072,11.718750,25000000.000
22501,2068,9.765625,25000000.000
22502,2064,7.812500,25000000.000
22503,2063,7.324219,25000000.000
22504,2053,2.441406,25000000.000
22505,2047,-0.488281,25000000.000
22506,2041,-3.417969,25000000.000
22507,2041,-3.417969,25000000.000
22508,2031,-8.300781,25000000.000
22509,2025,-11.230469,25000000.000
22510,2022,-12.695312,25000000.000
22511,2021,-13.183594,25000000.000
22512,2014,-16.601562,25000000.000
22513,2012,-17.578125,25000000.000
22514,2010,-18.554688,25000000.000
22515,2009,-19.042969,25000000.000
22516,2008,-19.531250,25000000.000
22517,2010,-18.554688,25000000.000
22518,2011,-18.066406,25000000.000
22519,2012,-17.578125,25000000.000
22520,2017,-15.136719,25000000.000
22521,2020,-13.671875,25000000.000
22522,2025,-11.230469,25000000.000
22523,2026,-10.742188,25000000.000
22524,2034,-6.835938,25000000.000
22525,2042,-2.929688,25000000.000
22526,2047,-0.488281,25000000.000
22527,2047,-0.488281,25000000.000
22528,2057,4.394531,25000000.000
22529,2064,7.812500,25000000.000
22530,2069,10.253906,25000000.000
22531,2069,10.253906,25000000.000
22532,2076,13.671875,25000000.000
22533,2080,15.625000,25000000.000
22534,2082,16.601562,25000000.000
22535,2081,16.113281,25000000.000
22536,2083,17.089844,25000000.000
22537,2082,16.601562,25000000.000
22538,2081,16.113281,25000000.000
22539,2080,15.625000,25000000.000
22540,2075,13.183594,25000000.000
22541,2072,11.718750,25000000.000
22542,2069,10.253906,25000000.000
22543,2067,9.277344,25000000.000
22544,2058,4.882812,25000000.000
22545,2052,1.953125,25000000.000
22546,2047,-0.488281,25000000.000
22547,2047,-0.488281,25000000.000
22548,2036,-5.859375,25000000.000
22549,2030,-8.789062,25000000.000
22550,2026,-10.742188,25000000.000
22551,2026,-10.742188,25000000.000
22552,2018,-14.648438,25000000.000
22553,2015,-16.113281,25000000.000
22554,2013,-17.089844,25000000.000
22555,2012,-17.578125,25000000.000
22556,2010,-18.554688,25000000.000
22557,2010,-18.554688,25000000.000
22558,2010,-18.554688,25000000.000
22559,2011,-18.066406,25000000.000
22560,2014,-16.601562,25000000.000
22561,2017,-15.136719,25000000.000
22562,2022,-12.695312,25000000.000
22563,2022,-12.695312,25000000.000
22564,2031,-8.300781,25000000.000
22565,2036,-5.859375,25000000.000
22566,2043,-2.441406,25000000.000
22567,2043,-2.441406,25000000.000
22568,2054,2.929688,25000000.000
22569,2059,5.371094,25000000.000
22570,2065,8.300781,25000000.000
22571,2065,8.300781,25000000.000
22572,2074,12.695312,25000000.000
22573,2077,14.160156,25000000.000
22574,2081,16.113281,25000000.000
22575,2080,15.625000,25000000.000
22576,2083,17.089844,25000000.000
22577,2083,17.089844,25000000.000
22578,2082,16.601562,25000000.000
22579,2082,16.601562,25000000.000
22580,2078,14.648438,25000000.000
22581,2076,13.671875,25000000.000
22582,2072,11.718750,25000000.000
22583,2073,12.207031,25000000.000
22584,2062,6.835938,25000000.000
22585,2058,4.882812,25000000.000
22586,2052,1.953125,25000000.000
22587,2051,1.464844,25000000.000
22588,2041,-3.417969,25000000.000
22589,2034,-6.835938,25000000.000
22590,2030,-8.789062,25000000.000
22591,2029,-9.277344,25000000.000
22592,2021,-13.183594,25000000.000
22593,2016,-15.625000,25000000.000
22594,2013,-17.089844,25000000.000
22595,2013,-17.089844,25000000.000
22596,2009,-19.042969,25000000.000
22597,2010,-18.554688,25000000.000
22598,2009,-19.042969,25000000.000
22599,2009,-19.042969,25000000.000
22600,2011,-18.066406,25000000.000
22601,2014,-16.601562,25000000.000
22602,2018,-14.648438,25000000.000
22603,2018,-14.648438,25000000.000
22604,2027,-10.253906,25000000.000
22605,2031,-8.300781,25000000.000
22606,2037,-5.371094,25000000.000
22607,2038,-4.882812,25000000.000
22608,2049,0.488281,25000000.000
22609,2054,2.929688,25000000.000
22610,2059,5.371094,25000000.000
22611,2060,5.859375,25000000.000
22612,2070,10.742188,25000000.000
22613,2074,12.695312,25000000.000
22614,2077,14.160156,25000000.000
22615,2079,15.136719,25000000.000
22616,2082,16.601562,25000000.000
22617,2084,17.578125,25000000.000
22618,2082,16.601562,25000000.000
22619,2083,17.089844,25000000.000
22620,2081,16.113281,25000000.000
22621,2079,15.136719,25000000.000
22622,2076,13.671875,25000000.000
22623,2075,13.183594,25000000.000
22624,2067,9.277344,25000000.000
22625,2062,6.835938,25000000.000
22626,2057,4.394531,25000000.000
22627,2057,4.394531,25000000.000
22628,2046,-0.976562,25000000.000
22629,2041,-3.417969,25000000.000
22630,2035,-6.347656,25000000.000
22631,2034,-6.835938,25000000.000
22632,2024,-11.718750,25000000.000
22633,2019,-14.160156,25000000.000
22634,2016,-15.625000,25000000.000
22635,2017,-15.136719,25000000.000
22636,2012,-17.578125,25000000.000
22637,2010,-18.554688,25000000.000
22638,2009,-19.042969,25000000.000
22639,2009,-19.042969,25000000.000
22640,2011,-18.066406,25000000.000
22641,2012,-17.578125,25000000.000
22642,2015,-16.113281,25000000.000
22643,2015,-16.113281,25000000.000
22644,2022,-12.695312,25000000.000
22645,2027,-10.253906,25000000.000
22646,2032,-7.812500,25000000.000
22647,2033,-7.324219,25000000.000
22648,2043,-2.441406,25000000.000
22649,2050,0.976562,25000000.000
22650,2056,3.906250,25000000.000
22651,2056,3.906250,25000000.000
22652,2066,8.789062,25000000.000
22653,2069,10.253906,25000000.000
22654,2075,13.183594,25000000.000
22655,2075,13.183594,25000000.000
22656,2079,15.136719,25000000.000
22657,2081,16.113281,25000000.000
22658,2082,16.601562,25000000.000
22659,2082,16.601562,25000000.000
22660,2081,16.113281,25000000.000
22661,2079,15.136719,25000000.000
22662,2078,14.648438,25000000.000
22663,2077,14.160156,25000000.000
22664,2070,10.742188,25000000.000
22665,2066,8.789062,25000000.000
22666,2060,5.859375,25000000.000
22667,2059,5.371094,25000000.000
22668,2049,0.488281,25000000.000
22669,2044,-1.953125,25000000.000
22670,2039,-4.394531,25000000.000
22671,2038,-4.882812,25000000.000
22672,2028,-9.765625,25000000.000
22673,2024,-11.718750,25000000.000
22674,2019,-14.160156,25000000.000
22675,2019,-14.160156,25000000.000
22676,2013,-17.089844,25000000.000
22677,2011,-18.066406,25000000.000
22678,2009,-19.042969,25000000.000
22679,2009,-19.042969,25000000.000
22680,2009,-19.042969,25000000.000
22681,2010,-18.554688,25000000.000
22682,2012,-17.578125,25000000.000
22683,2013,-17.089844,25000000.000
22684,2020,-13.671875,25000000.000
22685,2023,-12.207031,25000000.000
22686,2027,-10.253906,25000000.000
22687,2028,-9.765625,25000000.000
22688,2038,-4.882812,25000000.000
22689,2044,-1.953125,25000000.000
22690,2051,1.464844,25000000.000
22691,2051,1.464844,25000000.000
22692,2061,6.347656,25000000.000
22693,2066,8.789062,25000000.000
22694,2071,11.230469,25000000.000
22695,2071,11.230469,25000000.000
22696,2077,14.160156,25000000.000
22697,2080,15.625000,25000000.000
22698,2080,15.625000,25000000.000
22699,2081,16.113281,25000000.000
22700,2081,16.113281,25000000.000
22701,2081,16.113281,25000000.000
22702,2079,15.136719,25000000.000
22703,2079,15.136719,25000000.000
22704,2073,12.207031,25000000.000
22705,2068,9.765625,25000000.000
22706,2064,7.812500,25000000.000
22707,2063,7.324219,25000000.000
22708,2054,2.929688,25000000.000
22709,2048,0.000000,25000000.000
22710,2043,-2.441406,25000000.000
22711,2043,-2.441406,25000000.000
22712,2033,-7.324219,25000000.000
22713,2029,-9.277344,25000000.000
22714,2023,-12.207031,25000000.000
22715,2023,-12.207031,25000000.000
22716,2015,-16.113281,25000000.000
22717,2012,-17.578125,25000000.000
22718,2010,-18.554688,25000000.000
22719,2011,-18.066406,25000000.000
22720,2010,-18.554688,25000000.000
22721,2009,-19.042969,25000000.000
22722,2012,-17.578125,25000000.000
22723,2011,-18.066406,25000000.000
22724,2015,-16.113281,25000000.000
22725,2020,-13.671875,25000000.000
22726,2024,-11.718750,25000000.000
22727,2025,-11.230469,25000000.000
22728,2034,-6.835938,25000000.000
22729,2040,-3.906250,25000000.000
22730,2046,-0.976562,25000000.000
22731,2046,-0.976562,25000000.000
22732,2057,4.394531,25000000.000
22733,2062,6.835938,25000000.000
22734,2067,9.277344,25000000.000
22735,2068,9.765625,25000000.000
22736,2075,13.183594,25000000.000
22737,2079,15.136719,25000000.000
22738,2081,16.113281,25000000.000
22739,2080,15.625000,25000000.000
22740,2083,17.089844,25000000.000
22741,2083,17.089844,25000000.000
22742,2081,16.113281,25000000.000
22743,2081,16.113281,25000000.000
22744,2077,14.160156,25000000.000
22745,2073,12.207031,25000000.000
22746,2069,10.253906,25000000.000
22747,2068,9.765625,25000000.000
22748,2063,7.324219,25000000.000
22749,2051,1.464844,25000000.000
22750,2048,0.000000,25000000.000
22751,2049,0.488281,25000000.000
22752,2038,-4.882812,25000000.000
22753,2032,-7.812500,25000000.000
22754,2027,-10.253906,25000000.000
22755,2026,-10.742188,25000000.000
22756,2020,-13.671875,25000000.000
22757,2016,-15.625000,25000000.000
22758,2012,-17.578125,25000000.000
22759,2012,-17.578125,25000000.000
22760,2010,-18.554688,25000000.000
22761,2009,-19.042969,25000000.000
22762,2010,-18.554688,25000000.000
22763,2010,-18.554688,25000000.000
22764,2014,-16.601562,25000000.000
22765,2017,-15.136719,25000000.000
22766,2021,-13.183594,25000000.000
22767,2021,-13.183594,25000000.000
22768,2030,-8.789062,25000000.000
22769,2035,-6.347656,25000000.000
22770,2040,-3.906250,25000000.000
22771,2041,-3.417969,25000000.000
22772,2052,1.953125,25000000.000
22773,2058,4.882812,25000000.000
22774,2063,7.324219,25000000.000
22775,2063,7.324219,25000000.000
22776,2073,12.207031,25000000.000
22777,2076,13.671875,25000000.000
22778,2079,15.136719,25000000.000
22779,2079,15.136719,25000000.000
22780,2081,16.113281,25000000.000
22781,2082,16.601562,25000000.000
22782,2083,17.089844,25000000.000
22783,2082,16.601562,25000000.000
22784,2078,14.648438,25000000.000
22785,2076,13.671875,25000000.000
22786,2073,12.207031,25000000.000
22787,2072,11.718750,25000000.000
22788,2064,7.812500,25000000.000
22789,2057,4.394531,25000000.000
22790,2053,2.441406,25000000.000
22791,2051,1.464844,25000000.000
22792,2042,-2.929688,25000000.000
22793,2037,-5.371094,25000000.000
22794,2031,-8.300781,25000000.000
22795,2031,-8.300781,25000000.000
22796,2022,-12.695312,25000000.000
22797,2018,-14.648438,25000000.000
22798,2015,-16.113281,25000000.000
22799,2014,-16.601562,25000000.000
22800,2014,-16.601562,25000000.000
22801,2011,-18.066406,25000000.000
22802,2008,-19.531250,25000000.000
22803,2010,-18.554688,25000000.000
22804,2014,-16.601562,25000000.000
22805,2015,-16.113281,25000000.000
22806,2019,-14.160156,25000000.000
22807,2020,-13.671875,25000000.000
22808,2026,-10.742188,25000000.000
22809,2032,-7.812500,25000000.000
22810,2037,-5.371094,25000000.000
22811,2038,-4.882812,25000000.000
22812,2048,0.000000,25000000.000
22813,2054,2.929688,25000000.000
22814,2059,5.371094,25000000.000
22815,2060,5.859375,25000000.000
22816,2068,9.765625,25000000.000
22817,2073,12.207031,25000000.000
22818,2077,14.160156,25000000.000
22819,2076,13.671875,25000000.000
22820,2082,16.601562,25000000.000
22821,2083,17.089844,25000000.000
22822,2083,17.089844,25000000.000
22823,2082,16.601562,25000000.000
22824,2081,16.113281,25000000.000
22825,2079,15.136719,25000000.000
22826,2075,13.183594,25000000.000
22827,2076,13.671875,25000000.000
22828,2068,9.765625,25000000.000
22829,2063,7.324219,25000000.000
22830,2058,4.882812,25000000.000
22831,2058,4.882812,25000000.000
22832,2047,-0.488281,25000000.000
22833,2041,-3.417969,25000000.000
22834,2036,-5.859375,25000000.000
22835,2036,-5.859375,25000000.000
22836,2026,-10.742188,25000000.000
22837,2022,-12.695312,25000000.000
22838,2017,-15.136719,25000000.000
22839,2017,-15.136719,25000000.000
22840,2012,-17.578125,25000000.000
22841,2010,-18.554688,25000000.000
22842,2009,-19.042969,25000000.000
22843,2008,-19.531250,25000000.000
22844,2010,-18.554688,25000000.000
22845,2010,-18.554688,25000000.000
22846,2015,-16.113281,25000000.000
22847,2015,-16.113281,25000000.000
22848,2021,-13.183594,25000000.000
22849,2026,-10.742188,25000000.000
22850,2031,-8.300781,25000000.000
22851,2032,-7.812500,25000000.000
22852,2041,-3.417969,25000000.000
22853,2048,0.000000,25000000.000
22854,2053,2.441406,25000000.000
22855,2054,2.929688,25000000.000
22856,2064,7.812500,25000000.000
22857,2069,10.253906,25000000.000
22858,2073,12.207031,25000000.000
22859,2074,12.695312,25000000.000
22860,2078,14.648438,25000000.000
22861,2081,16.113281,25000000.000
22862,2082,16.601562,25000000.000
22863,2081,16.113281,25000000.000
22864,2081,16.113281,25000000.000
22865,2080,15.625000,25000000.000
22866,2078,14.648438,25000000.000
22867,2078,14.648438,25000000.000
22868,2071,11.230469,25000000.000
22869,2066,8.789062,25000000.000
22870,2061,6.347656,25000000.000
22871,2061,6.347656,25000000.000
22872,2051,1.464844,25000000.000
22873,2044,-1.953125,25000000.000
22874,2039,-4.394531,25000000.000
22875,2039,-4.394531,25000000.000
22876,2029,-9.277344,25000000.000
22877,2023,-12.207031,25000000.000
22878,2019,-14.160156,25000000.000
22879,2019,-14.160156,25000000.000
22880,2013,-17.089844,25000000.000
22881,2010,-18.554688,25000000.000
22882,2008,-19.531250,25000000.000
22883,2010,-18.554688,25000000.000
22884,2009,-19.042969,25000000.000
22885,2010,-18.554688,25000000.000
22886,2011,-18.066406,25000000.000
22887,2012,-17.578125,25000000.000
22888,2018,-14.648438,25000000.000
22889,2023,-12.207031,25000000.000
22890,2027,-10.253906,25000000.000
22891,2029,-9.277344,25000000.000
22892,2038,-4.882812,25000000.000
22893,2043,-2.441406,25000000.000
22894,2051,1.464844,25000000.000
22895,2052,1.953125,25000000.000
22896,2060,5.859375,25000000.000
22897,2065,8.300781,25000000.000
22898,2070,10.742188,25000000.000
22899,2070,10.742188,25000000.000
22900,2077,14.160156,25000000.000
22901,2079,15.136719,25000000.000
22902,2081,16.113281,25000000.000
22903,2081,16.113281,25000000.000
22904,2081,16.113281,25000000.000
22905,2081,16.113281,25000000.000
22906,2080,15.625000,25000000.000
22907,2079,15.136719,25000000.000
22908,2074,12.695312,25000000.000
22909,2069,10.253906,25000000.000
22910,2066,8.789062,25000000.000
22911,2065,8.300781,25000000.000
22912,2054,2.929688,25000000.000
22913,2050,0.976562,25000000.000
22914,2044,-1.953125,25000000.000
22915,2044,-1.953125,25000000.000
22916,2033,-7.324219,25000000.000
22917,2028,-9.765625,25000000.000
22918,2023,-12.207031,25000000.000
22919,2023,-12.207031,25000000.000
22920,2016,-15.625000,25000000.000
22921,2013,-17.089844,25000000.000
22922,2011,-18.066406,25000000.000
22923,2011,-18.066406,25000000.000
22924,2010,-18.554688,25000000.000
22925,2010,-18.554688,25000000.000
22926,2010,-18.554688,25000000.000
22927,2011,-18.066406,25000000.000
22928,2015,-16.113281,25000000.000
22929,2019,-14.160156,25000000.000
22930,2024,-11.718750,25000000.000
22931,2023,-12.207031,25000000.000
22932,2034,-6.835938,25000000.000
22933,2039,-4.394531,25000000.000
22934,2045,-1.464844,25000000.000
22935,2046,-0.976562,25000000.000
22936,2056,3.906250,25000000.000
22937,2062,6.835938,25000000.000
22938,2066,8.789062,25000000.000
22939,2066,8.789062,25000000.000
22940,2075,13.183594,25000000.000
22941,2078,14.648438,25000000.000
22942,2081,16.113281,25000000.000
22943,2080,15.625000,25000000.000
22944,2082,16.601562,25000000.000
22945,2083,17.089844,25000000.000
22946,2083,17.089844,25000000.000
22947,2082,16.601562,25000000.000
22948,2078,14.648438,25000000.000
22949,2074,12.695312,25000000.000
22950,2070,10.742188,25000000.000
22951,2069,10.253906,25000000.000
22952,2060,5.859375,25000000.000
22953,2055,3.417969,25000000.000
22954,2050,0.976562,25000000.000
22955,2049,0.488281,25000000.000
22956,2039,-4.394531,25000000.000
22957,2034,-6.835938,25000000.000
22958,2027,-10.253906,25000000.000
22959,2027,-10.253906,25000000.000
22960,2020,-13.671875,25000000.000
22961,2016,-15.625000,25000000.000
22962,2013,-17.089844,25000000.000
22963,2013,-17.089844,25000000.000
22964,2010,-18.554688,25000000.000
22965,2009,-19.042969,25000000.000
22966,2010,-18.554688,25000000.000
22967,2010,-18.554688,25000000.000
22968,2013,-17.089844,25000000.000
22969,2017,-15.136719,25000000.000
22970,2021,-13.183594,25000000.000
22971,2020,-13.671875,25000000.000
22972,2029,-9.277344,25000000.000
22973,2035,-6.347656,25000000.000
22974,2041,-3.417969,25000000.000
22975,2040,-3.906250,25000000.000
22976,2052,1.953125,25000000.000
22977,2057,4.394531,25000000.000
22978,2062,6.835938,25000000.000
22979,2063,7.324219,25000000.000
22980,2071,11.230469,25000000.000
22981,2075,13.183594,25000000.000
22982,2079,15.136719,25000000.000
22983,2079,15.136719,25000000.000
22984,2082,16.601562,25000000.000
22985,2083,17.089844,25000000.000
22986,2082,16.601562,25000000.000
22987,2082,16.601562,25000000.000
22988,2079,15.136719,25000000.000
22989,2076,13.671875,25000000.000
22990,2074,12.695312,25000000.000
22991,2073,12.207031,25000000.000
22992,2065,8.300781,25000000.000
22993,2059,5.371094,25000000.000
22994,2053,2.441406,25000000.000
22995,2053,2.441406,25000000.000
22996,2043,-2.441406,25000000.000
22997,2037,-5.371094,25000000.000
22998,2032,-7.812500,25000000.000
22999,2031,-8.300781,25000000.000
23000,2023,-12.207031,25000000.000
23001,2018,-14.648438,25000000.000
23002,2015,-16.113281,25000000.000
23003,2014,-16.601562,25000000.000
23004,2009,-19.042969,25000000.000
23005,2009,-19.042969,25000000.000
23006,2009,-19.042969,25000000.000
23007,2009,-19.042969,25000000.000
23008,2011,-18.066406,25000000.000
23009,2014,-16.601562,25000000.000
23010,2016,-15.625000,25000000.000
23011,2018,-14.648438,25000000.000
23012,2025,-11.230469,25000000.000
23013,2030,-8.789062,25000000.000
23014,2035,-6.347656,25000000.000
23015,2036,-5.859375,25000000.000
23016,2047,-0.488281,25000000.000
23017,2053,2.441406,25000000.000
23018,2057,4.394531,25000000.000
23019,2058,4.882812,25000000.000
23020,2068,9.765625,25000000.000
23021,2072,11.718750,25000000.000
23022,2077,14.160156,25000000.000
23023,2076,13.671875,25000000.000
23024,2081,16.113281,25000000.000
23025,2083,17.089844,25000000.000
23026,2083,17.089844,25000000.000
23027,2083,17.089844,25000000.000
23028,2081,16.113281,25000000.000
23029,2079,15.136719,25000000.000
23030,2077,14.160156,25000000.000
23031,2076,13.671875,25000000.000
23032,2068,9.765625,25000000.000
23033,2063,7.324219,25000000.000
23034,2058,4.882812,25000000.000
23035,2058,4.882812,25000000.000
23036,2047,-0.488281,25000000.000
23037,2042,-2.929688,25000000.000
23038,2036,-5.859375,25000000.000
23039,2036,-5.859375,25000000.000
23040,2025,-11.230469,25000000.000
23041,2021,-13.183594,25000000.000
23042,2018,-14.648438,25000000.000
23043,2016,-15.625000,25000000.000
23044,2011,-18.066406,25000000.000
23045,2010,-18.554688,25000000.000
23046,2008,-19.531250,25000000.000
23047,2008,-19.531250,25000000.000
23048,2008,-19.531250,25000000.000
23049,2012,-17.578125,25000000.000
23050,2013,-17.089844,25000000.000
23051,2013,-17.089844,25000000.000
23052,2020,-13.671875,25000000.000
23053,2025,-11.230469,25000000.000
23054,2029,-9.277344,25000000.000
23055,2032,-7.812500,25000000.000
23056,2041,-3.417969,25000000.000
23057,2047,-0.488281,25000000.000
23058,2052,1.953125,25000000.000
23059,2052,1.953125,25000000.000
23060,2064,7.812500,25000000.000
23061,2069,10.253906,25000000.000
23062,2074,12.695312,25000000.000
23063,2073,12.207031,25000000.000
23064,2080,15.625000,25000000.000
23065,2080,15.625000,25000000.000
23066,2082,16.601562,25000000.000
23067,2082,16.601562,25000000.000
23068,2083,17.089844,25000000.000
23069,2079,15.136719,25000000.000
23070,2078,14.648438,25000000.000
23071,2078,14.648438,25000000.000
23072,2071,11.230469,25000000.000
23073,2067,9.277344,25000000.000
23074,2063,7.324219,25000000.000
23075,2062,6.835938,25000000.000
23076,2051,1.464844,25000000.000
23077,2046,-0.976562,25000000.000
23078,2040,-3.906250,25000000.000
23079,2039,-4.394531,25000000.000
23080,2030,-8.789062,25000000.000
23081,2025,-11.230469,25000000.000
23082,2021,-13.183594,25000000.000
23083,2021,-13.183594,25000000.000
23084,2013,-17.089844,25000000.000
23085,2011,-18.066406,25000000.000
23086,2010,-18.554688,25000000.000
23087,2009,-19.042969,25000000.000
23088,2009,-19.042969,25000000.000
23089,2009,-19.042969,25000000.000
23090,2012,-17.578125,25000000.000
23091,2012,-17.578125,25000000.000
23092,2018,-14.648438,25000000.000
23093,2021,-13.183594,25000000.000
23094,2026,-10.742188,25000000.000
23095,2025,-11.230469,25000000.000
23096,2034,-6.835938,25000000.000
23097,2043,-2.441406,25000000.000
23098,2052,1.953125,25000000.000
23099,2044,-1.953125,25000000.000
23100,2057,4.394531,25000000.000
23101,2065,8.300781,25000000.000
23102,2070,10.742188,25000000.000
23103,2069,10.253906,25000000.000
23104,2076,13.671875,25000000.000
23105,2079,15.136719,25000000.000
23106,2081,16.113281,25000000.000
23107,2081,16.113281,25000000.000
23108,2083,17.089844,25000000.000
23109,2081,16.113281,25000000.000
23110,2080,15.625000,25000000.000
23111,2081,16.113281,25000000.000
23112,2074,12.695312,25000000.000
23113,2071,11.230469,25000000.000
23114,2066,8.789062,25000000.000
23115,2066,8.789062,25000000.000
23116,2056,3.906250,25000000.000
23117,2051,1.464844,25000000.000
23118,2046,-0.976562,25000000.000
23119,2044,-1.953125,25000000.000
23120,2034,-6.835938,25000000.000
23121,2029,-9.277344,25000000.000
23122,2025,-11.230469,25000000.000
23123,2024,-11.718750,25000000.000
23124,2017,-15.136719,25000000.000
23125,2013,-17.089844,25000000.000
23126,2011,-18.066406,25000000.000
23127,2011,-18.066406,25000000.000
23128,2009,-19.042969,25000000.000
23129,2010,-18.554688,25000000.000
23130,2010,-18.554688,25000000.000
23131,2011,-18.066406,25000000.000
23132,2016,-15.625000,25000000.000
23133,2019,-14.160156,25000000.000
23134,2022,-12.695312,25000000.000
23135,2022,-12.695312,25000000.000
23136,2033,-7.324219,25000000.000
23137,2037,-5.371094,25000000.000
23138,2044,-1.953125,25000000.000
23139,2044,-1.953125,25000000.000
23140,2055,3.417969,25000000.000
23141,2059,5.371094,25000000.000
23142,2066,8.789062,25000000.000
23143,2065,8.300781,25000000.000
23144,2075,13.183594,25000000.000
23145,2079,15.136719,25000000.000
23146,2079,15.136719,25000000.000
23147,2081,16.113281,25000000.000
23148,2082,16.601562,25000000.000
23149,2082,16.601562,25000000.000
23150,2083,17.089844,25000000.000
23151,2082,16.601562,25000000.000
23152,2079,15.136719,25000000.000
23153,2075,13.183594,25000000.000
23154,2072,11.718750,25000000.000
23155,2071,11.230469,25000000.000
23156,2062,6.835938,25000000.000
23157,2056,3.906250,25000000.000
23158,2052,1.953125,25000000.000
23159,2051,1.464844,25000000.000
23160,2040,-3.906250,25000000.000
23161,2035,-6.347656,25000000.000
23162,2029,-9.277344,25000000.000
23163,2029,-9.277344,25000000.000
23164,2020,-13.671875,25000000.000
23165,2017,-15.136719,25000000.000
23166,2013,-17.089844,25000000.000
23167,2012,-17.578125,25000000.000
23168,2010,-18.554688,25000000.000
23169,2009,-19.042969,25000000.000
23170,2009,-19.042969,25000000.000
23171,2009,-19.042969,25000000.000
23172,2011,-18.066406,25000000.000
23173,2016,-15.625000,25000000.000
23174,2020,-13.671875,25000000.000
23175,2019,-14.160156,25000000.000
23176,2027,-10.253906,25000000.000
23177,2033,-7.324219,25000000.000
23178,2038,-4.882812,25000000.000
23179,2039,-4.394531,25000000.000
23180,2049,0.488281,25000000.000
23181,2055,3.417969,25000000.000
23182,2061,6.347656,25000000.000
23183,2061,6.347656,25000000.000
23184,2071,11.230469,25000000.000
23185,2075,13.183594,25000000.000
23186,2078,14.648438,25000000.000
23187,2078,14.648438,25000000.000
23188,2082,16.601562,25000000.000
23189,2083,17.089844,25000000.000
23190,2082,16.601562,25000000.000
23191,2083,17.089844,25000000.000
23192,2081,16.113281,25000000.000
23193,2078,14.648438,25000000.000
23194,2074,12.695312,25000000.000
23195,2075,13.183594,25000000.000
23196,2066,8.789062,25000000.000
23197,2061,6.347656,25000000.000
23198,2056,3.906250,25000000.000
23199,2055,3.417969,25000000.000
23200,2045,-1.464844,25000000.000
23201,2038,-4.882812,25000000.000
23202,2034,-6.835938,25000000.000
23203,2033,-7.324219,25000000.000
23204,2023,-12.207031,25000000.000
23205,2020,-13.671875,25000000.000
23206,2016,-15.625000,25000000.000
23207,2016,-15.625000,25000000.000
23208,2011,-18.066406,25000000.000
23209,2009,-19.042969,25000000.000
23210,2009,-19.042969,25000000.000
23211,2010,-18.554688,25000000.000
23212,2012,-17.578125,25000000.000
23213,2013,-17.089844,25000000.000
23214,2016,-15.625000,25000000.000
23215,2017,-15.136719,25000000.000
23216,2024,-11.718750,25000000.000
23217,2029,-9.277344,25000000.000
23218,2034,-6.835938,25000000.000
23219,2035,-6.347656,25000000.000
23220,2045,-1.464844,25000000.000
23221,2052,1.953125,25000000.000
23222,2056,3.906250,25000000.000
23223,2056,3.906250,25000000.000
23224,2067,9.277344,25000000.000
23225,2071,11.230469,25000000.000
23226,2075,13.183594,25000000.000
23227,2075,13.183594,25000000.000
23228,2080,15.625000,25000000.000
23229,2081,16.113281,25000000.000
23230,2083,17.089844,25000000.000
23231,2083,17.089844,25000000.000
23232,2081,16.113281,25000000.000
23233,2079,15.136719,25000000.000
23234,2077,14.160156,25000000.000
23235,2077,14.160156,25000000.000
23236,2070,10.742188,25000000.000
23237,2065,8.300781,25000000.000
23238,2060,5.859375,25000000.000
23239,2059,5.371094,25000000.000
23240,2048,0.000000,25000000.000
23241,2043,-2.441406,25000000.000
23242,2038,-4.882812,25000000.000
23243,2038,-4.882812,25000000.000
23244,2027,-10.253906,25000000.000
23245,2022,-12.695312,25000000.000
23246,2018,-14.648438,25000000.000
23247,2018,-14.648438,25000000.000
23248,2012,-17.578125,25000000.000
23249,2010,-18.554688,25000000.000
23250,2008,-19.531250,25000000.000
23251,2009,-19.042969,25000000.000
23252,2011,-18.066406,25000000.000
23253,2010,-18.554688,25000000.000
23254,2013,-17.089844,25000000.000
23255,2013,-17.089844,25000000.000
23256,2019,-14.160156,25000000.000
23257,2023,-12.207031,25000000.000
23258,2028,-9.765625,25000000.000
23259,2030,-8.789062,25000000.000
23260,2039,-4.394531,25000000.000
23261,2044,-1.953125,25000000.000
23262,2051,1.464844,25000000.000
23263,2052,1.953125,25000000.000
23264,2062,6.835938,25000000.000
23265,2066,8.789062,25000000.000
23266,2071,11.230469,25000000.000
23267,2073,12.207031,25000000.000
23268,2079,15.136719,25000000.000
23269,2081,16.113281,25000000.000
23270,2081,16.113281,25000000.000
23271,2082,16.601562,25000000.000
23272,2082,16.601562,25000000.000
23273,2080,15.625000,25000000.000
23274,2080,15.625000,25000000.000
23275,2079,15.136719,25000000.000
23276,2073,12.207031,25000000.000
23277,2069,10.253906,25000000.000
23278,2064,7.812500,25000000.000
23279,2063,7.324219,25000000.000
23280,2053,2.441406,25000000.000
23281,2047,-0.488281,25000000.000
23282,2043,-2.441406,25000000.000
23283,2042,-2.929688,25000000.000
23284,2031,-8.300781,25000000.000
23285,2026,-10.742188,25000000.000
23286,2022,-12.695312,25000000.000
23287,2022,-12.695312,25000000.000
23288,2014,-16.601562,25000000.000
23289,2011,-18.066406,25000000.000
23290,2010,-18.554688,25000000.000
23291,2008,-19.531250,25000000.000
23292,2009,-19.042969,25000000.000
23293,2009,-19.042969,25000000.000
23294,2011,-18.066406,25000000.000
23295,2011,-18.066406,25000000.000
23296,2017,-15.136719,25000000.000
23297,2020,-13.671875,25000000.000
23298,2025,-11.230469,25000000.000
23299,2026,-10.742188,25000000.000
23300,2036,-5.859375,25000000.000
23301,2042,-2.929688,25000000.000
23302,2047,-0.488281,25000000.000
23303,2047,-0.488281,25000000.000
23304,2059,5.371094,25000000.000
23305,2063,7.324219,25000000.000
23306,2068,9.765625,25000000.000
23307,2068,9.765625,25000000.000
23308,2076,13.671875,25000000.000
23309,2079,15.136719,25000000.000
23310,2081,16.113281,25000000.000
23311,2082,16.601562,25000000.000
23312,2083,17.089844,25000000.000
23313,2082,16.601562,25000000.000
23314,2080,15.625000,25000000.000
23315,2081,16.113281,25000000.000
23316,2076,13.671875,25000000.000
23317,2072,11.718750,25000000.000
23318,2067,9.277344,25000000.000
23319,2067,9.277344,25000000.000
23320,2057,4.394531,25000000.000
23321,2053,2.441406,25000000.000
23322,2047,-0.488281,25000000.000
23323,2047,-0.488281,25000000.000
23324,2037,-5.371094,25000000.000
23325,2031,-8.300781,25000000.000
23326,2025,-11.230469,25000000.000
23327,2026,-10.742188,25000000.000
23328,2018,-14.648438,25000000.000
23329,2014,-16.601562,25000000.000
23330,2013,-17.089844,25000000.000
23331,2012,-17.578125,25000000.000
23332,2009,-19.042969,25000000.000
23333,2009,-19.042969,25000000.000
23334,2011,-18.066406,25000000.000
23335,2011,-18.066406,25000000.000
23336,2014,-16.601562,25000000.000
23337,2018,-14.648438,25000000.000
23338,2022,-12.695312,25000000.000
23339,2022,-12.695312,25000000.000
23340,2032,-7.812500,25000000.000
23341,2038,-4.882812,25000000.000
23342,2042,-2.929688,25000000.000
23343,2042,-2.929688,25000000.000
23344,2054,2.929688,25000000.000
23345,2058,4.882812,25000000.000
23346,2064,7.812500,25000000.000
23347,2064,7.812500,25000000.000
23348,2072,11.718750,25000000.000
23349,2077,14.160156,25000000.000
23350,2080,15.625000,25000000.000
23351,2080,15.625000,25000000.000
23352,2082,16.601562,25000000.000
23353,2081,16.113281,25000000.000
23354,2082,16.601562,25000000.000
23355,2082,16.601562,25000000.000
23356,2078,14.648438,25000000.000
23357,2075,13.183594,25000000.000
23358,2071,11.230469,25000000.000
23359,2071,11.230469,25000000.000
23360,2062,6.835938,25000000.000
23361,2057,4.394531,25000000.000
23362,2052,1.953125,25000000.000
23363,2051,1.464844,25000000.000
23364,2041,-3.417969,25000000.000
23365,2036,-5.859375,25000000.000
23366,2030,-8.789062,25000000.000
23367,2031,-8.300781,25000000.000
23368,2022,-12.695312,25000000.000
23369,2017,-15.136719,25000000.000
23370,2014,-16.601562,25000000.000
23371,2014,-16.601562,25000000.000
23372,2011,-18.066406,25000000.000
23373,2010,-18.554688,25000000.000
23374,2010,-18.554688,25000000.000
23375,2010,-18.554688,25000000.000
23376,2012,-17.578125,25000000.000
23377,2015,-16.113281,25000000.000
23378,2019,-14.160156,25000000.000
23379,2019,-14.160156,25000000.000
23380,2026,-10.742188,25000000.000
23381,2032,-7.812500,25000000.000
23382,2037,-5.371094,25000000.000
23383,2037,-5.371094,25000000.000
23384,2048,0.000000,25000000.000
23385,2054,2.929688,25000000.000
23386,2059,5.371094,25000000.000
23387,2060,5.859375,25000000.000
23388,2069,10.253906,25000000.000
23389,2073,12.207031,25000000.000
23390,2077,14.160156,25000000.000
23391,2076,13.671875,25000000.000
23392,2081,16.113281,25000000.000
23393,2082,16.601562,25000000.000
23394,2083,17.089844,25000000.000
23395,2082,16.601562,25000000.000
23396,2080,15.625000,25000000.000
23397,2078,14.648438,25000000.000
23398,2075,13.183594,25000000.000
23399,2074,12.695312,25000000.000
23400,2067,9.277344,25000000.000
23401,2062,6.835938,25000000.000
23402,2057,4.394531,25000000.000
23403,2056,3.906250,25000000.000
23404,2045,-1.464844,25000000.000
23405,2040,-3.906250,25000000.000
23406,2036,-5.859375,25000000.000
23407,2034,-6.835938,25000000.000
23408,2025,-11.230469,25000000.000
23409,2020,-13.671875,25000000.000
23410,2017,-15.136719,25000000.000
23411,2016,-15.625000,25000000.000
23412,2011,-18.066406,25000000.000
23413,2009,-19.042969,25000000.000
23414,2008,-19.531250,25000000.000
23415,2010,-18.554688,25000000.000
23416,2010,-18.554688,25000000.000
23417,2012,-17.578125,25000000.000
23418,2015,-16.113281,25000000.000
23419,2015,-16.113281,25000000.000
23420,2022,-12.695312,25000000.000
23421,2028,-9.765625,25000000.000
23422,2031,-8.300781,25000000.000
23423,2032,-7.812500,25000000.000
23424,2043,-2.441406,25000000.000
23425,2050,0.976562,25000000.000
23426,2055,3.417969,25000000.000
23427,2055,3.417969,25000000.000
23428,2066,8.789062,25000000.000
23429,2069,10.253906,25000000.000
23430,2074,12.695312,25000000.000
23431,2074,12.695312,25000000.000
23432,2079,15.136719,25000000.000
23433,2080,15.625000,25000000.000
23434,2082,16.601562,25000000.000
23435,2081,16.113281,25000000.000
23436,2093,21.972656,25000000.000
23437,2088,19.531250,25000000.000
23438,2069,10.253906,25000000.000
23439,2075,13.183594,25000000.000
23440,2068,9.765625,25000000.000
23441,2066,8.789062,25000000.000
23442,2061,6.347656,25000000.000
23443,2061,6.347656,25000000.000
23444,2049,0.488281,25000000.000
23445,2040,-3.906250,25000000.000
23446,2038,-4.882812,25000000.000
23447,2031,-8.300781,25000000.000
23448,2026,-10.742188,25000000.000
23449,2021,-13.183594,25000000.000
23450,2019,-14.160156,25000000.000
23451,2018,-14.648438,25000000.000
23452,2013,-17.089844,25000000.000
23453,2010,-18.554688,25000000.000
23454,2010,-18.554688,25000000.000
23455,2010,-18.554688,25000000.000
23456,2010,-18.554688,25000000.000
23457,2011,-18.066406,25000000.000
23458,2012,-17.578125,25000000.000
23459,2014,-16.601562,25000000.000
23460,2020,-13.671875,25000000.000
23461,2023,-12.207031,25000000.000
23462,2027,-10.253906,25000000.000
23463,2029,-9.277344,25000000.000
23464,2038,-4.882812,25000000.000
23465,2044,-1.953125,25000000.000
23466,2051,1.464844,25000000.000
23467,2050,0.976562,25000000.000
23468,2061,6.347656,25000000.000
23469,2065,8.300781,25000000.000
23470,2070,10.742188,25000000.000
23471,2070,10.742188,25000000.000
23472,2077,14.160156,25000000.000
23473,2080,15.625000,25000000.000
23474,2080,15.625000,25000000.000
23475,2081,16.113281,25000000.000
23476,2082,16.601562,25000000.000
23477,2081,16.113281,25000000.000
23478,2079,15.136719,25000000.000
23479,2078,14.648438,25000000.000
23480,2073,12.207031,25000000.000
23481,2069,10.253906,25000000.000
23482,2065,8.300781,25000000.000
23483,2064,7.812500,25000000.000
23484,2054,2.929688,25000000.000
23485,2049,0.488281,25000000.000
23486,2044,-1.953125,25000000.000
23487,2042,-2.929688,25000000.000
23488,2032,-7.812500,25000000.000
23489,2028,-9.765625,25000000.000
23490,2023,-12.207031,25000000.000
23491,2023,-12.207031,25000000.000
23492,2016,-15.625000,25000000.000
23493,2012,-17.578125,25000000.000
23494,2011,-18.066406,25000000.000
23495,2009,-19.042969,25000000.000
23496,2010,-18.554688,25000000.000
23497,2008,-19.531250,25000000.000
23498,2009,-19.042969,25000000.000
23499,2011,-18.066406,25000000.000
23500,2016,-15.625000,25000000.000
23501,2020,-13.671875,25000000.000
23502,2025,-11.230469,25000000.000
23503,2025,-11.230469,25000000.000
23504,2034,-6.835938,25000000.000
23505,2040,-3.906250,25000000.000
23506,2045,-1.464844,25000000.000
23507,2045,-1.464844,25000000.000
23508,2056,3.906250,25000000.000
23509,2062,6.835938,25000000.000
23510,2067,9.277344,25000000.000
23511,2067,9.277344,25000000.000
23512,2075,13.183594,25000000.000
23513,2078,14.648438,25000000.000
23514,2080,15.625000,25000000.000
23515,2080,15.625000,25000000.000
23516,2082,16.601562,25000000.000
23517,2082,16.601562,25000000.000
23518,2080,15.625000,25000000.000
23519,2081,16.113281,25000000.000
23520,2076,13.671875,25000000.000
23521,2074,12.695312,25000000.000
23522,2069,10.253906,25000000.000
23523,2069,10.253906,25000000.000
23524,2060,5.859375,25000000.000
23525,2054,2.929688,25000000.000
23526,2047,-0.488281,25000000.000
23527,2048,0.000000,25000000.000
23528,2037,-5.371094,25000000.000
23529,2032,-7.812500,25000000.000
23530,2026,-10.742188,25000000.000
23531,2026,-10.742188,25000000.000
23532,2018,-14.648438,25000000.000
23533,2014,-16.601562,25000000.000
23534,2012,-17.578125,25000000.000
23535,2012,-17.578125,25000000.000
23536,2010,-18.554688,25000000.000
23537,2008,-19.531250,25000000.000
23538,2010,-18.554688,25000000.000
23539,2010,-18.554688,25000000.000
23540,2013,-17.089844,25000000.000
23541,2017,-15.136719,25000000.000
23542,2022,-12.695312,25000000.000
23543,2021,-13.183594,25000000.000
23544,2031,-8.300781,25000000.000
23545,2036,-5.859375,25000000.000
23546,2042,-2.929688,25000000.000
23547,2043,-2.441406,25000000.000
23548,2053,2.441406,25000000.000
23549,2058,4.882812,25000000.000
23550,2063,7.324219,25000000.000
23551,2065,8.300781,25000000.000
23552,2072,11.718750,25000000.000
23553,2077,14.160156,25000000.000
23554,2080,15.625000,25000000.000
23555,2080,15.625000,25000000.000
23556,2082,16.601562,25000000.000
23557,2084,17.578125,25000000.000
23558,2082,16.601562,25000000.000
23559,2083,17.089844,25000000.000
23560,2079,15.136719,25000000.000
23561,2076,13.671875,25000000.000
23562,2073,12.207031,25000000.000
23563,2072,11.718750,25000000.000
23564,2064,7.812500,25000000.000
23565,2060,5.859375,25000000.000
23566,2055,3.417969,25000000.000
23567,2053,2.441406,25000000.000
23568,2042,-2.929688,25000000.000
23569,2037,-5.371094,25000000.000
23570,2033,-7.324219,25000000.000
23571,2032,-7.812500,25000000.000
23572,2022,-12.695312,25000000.000
23573,2019,-14.160156,25000000.000
23574,2016,-15.625000,25000000.000
23575,2016,-15.625000,25000000.000
23576,2011,-18.066406,25000000.000
23577,2011,-18.066406,25000000.000
23578,2010,-18.554688,25000000.000
23579,2010,-18.554688,25000000.000
23580,2011,-18.066406,25000000.000
23581,2014,-16.601562,25000000.000
23582,2018,-14.648438,25000000.000
23583,2018,-14.648438,25000000.000
23584,2026,-10.742188,25000000.000
23585,2031,-8.300781,25000000.000
23586,2036,-5.859375,25000000.000
23587,2037,-5.371094,25000000.000
23588,2048,0.000000,25000000.000
23589,2053,2.441406,25000000.000
23590,2060,5.859375,25000000.000
23591,2059,5.371094,25000000.000
23592,2069,10.253906,25000000.000
23593,2073,12.207031,25000000.000
23594,2076,13.671875,25000000.000
23595,2076,13.671875,25000000.000
23596,2081,16.113281,25000000.000
23597,2083,17.089844,25000000.000
23598,2082,16.601562,25000000.000
23599,2083,17.089844,25000000.000
23600,2081,16.113281,25000000.000
23601,2078,14.648438,25000000.000
23602,2075,13.183594,25000000.000
23603,2076,13.671875,25000000.000
23604,2068,9.765625,25000000.000
23605,2063,7.324219,25000000.000
23606,2057,4.394531,25000000.000
23607,2057,4.394531,25000000.000
23608,2047,-0.488281,25000000.000
23609,2041,-3.417969,25000000.000
23610,2035,-6.347656,25000000.000
23611,2036,-5.859375,25000000.000
23612,2025,-11.230469,25000000.000
23613,2021,-13.183594,25000000.000
23614,2018,-14.648438,25000000.000
23615,2018,-14.648438,25000000.000
23616,2010,-18.554688,25000000.000
23617,2011,-18.066406,25000000.000
23618,2009,-19.042969,25000000.000
23619,2008,-19.531250,25000000.000
23620,2010,-18.554688,25000000.000
23621,2012,-17.578125,25000000.000
23622,2014,-16.601562,25000000.000
23623,2014,-16.601562,25000000.000
23624,2022,-12.695312,25000000.000
23625,2026,-10.742188,25000000.000
23626,2031,-8.300781,25000000.000
23627,2032,-7.812500,25000000.000
23628,2043,-2.441406,25000000.000
23629,2048,0.000000,25000000.000
23630,2054,2.929688,25000000.000
23631,2054,2.929688,25000000.000
23632,2064,7.812500,25000000.000
23633,2068,9.765625,25000000.000
23634,2072,11.718750,25000000.000
23635,2073,12.207031,25000000.000
23636,2079,15.136719,25000000.000
23637,2081,16.113281,25000000.000
23638,2082,16.601562,25000000.000
23639,2081,16.113281,25000000.000
23640,2081,16.113281,25000000.000
23641,2080,15.625000,25000000.000
23642,2078,14.648438,25000000.000
23643,2077,14.160156,25000000.000
23644,2071,11.230469,25000000.000
23645,2067,9.277344,25000000.000
23646,2062,6.835938,25000000.000
23647,2061,6.347656,25000000.000
23648,2051,1.464844,25000000.000
23649,2045,-1.464844,25000000.000
23650,2040,-3.906250,25000000.000
23651,2039,-4.394531,25000000.000
23652,2030,-8.789062,25000000.000
23653,2024,-11.718750,25000000.000
23654,2021,-13.183594,25000000.000
23655,2021,-13.183594,25000000.000
23656,2014,-16.601562,25000000.000
23657,2012,-17.578125,25000000.000
23658,2010,-18.554688,25000000.000
23659,2010,-18.554688,25000000.000
23660,2009,-19.042969,25000000.000
23661,2010,-18.554688,25000000.000
23662,2013,-17.089844,25000000.000
23663,2013,-17.089844,25000000.000
23664,2018,-14.648438,25000000.000
23665,2022,-12.695312,25000000.000
23666,2026,-10.742188,25000000.000
23667,2027,-10.253906,25000000.000
23668,2038,-4.882812,25000000.000
23669,2042,-2.929688,25000000.000
23670,2049,0.488281,25000000.000
23671,2049,0.488281,25000000.000
23672,2060,5.859375,25000000.000
23673,2065,8.300781,25000000.000
23674,2068,9.765625,25000000.000
23675,2070,10.742188,25000000.000
23676,2076,13.671875,25000000.000
23677,2080,15.625000,25000000.000
23678,2082,16.601562,25000000.000
23679,2081,16.113281,25000000.000
23680,2082,16.601562,25000000.000
23681,2081,16.113281,25000000.000
23682,2080,15.625000,25000000.000
23683,2080,15.625000,25000000.000
23684,2074,12.695312,25000000.000
23685,2070,10.742188,25000000.000
23686,2066,8.789062,25000000.000
23687,2065,8.300781,25000000.000
23688,2056,3.906250,25000000.000
23689,2049,0.488281,25000000.000
23690,2045,-1.464844,25000000.000
23691,2044,-1.953125,25000000.000
23692,2033,-7.324219,25000000.000
23693,2029,-9.277344,25000000.000
23694,2024,-11.718750,25000000.000
23695,2023,-12.207031,25000000.000
23696,2015,-16.113281,25000000.000
23697,2014,-16.601562,25000000.000
23698,2011,-18.066406,25000000.000
23699,2011,-18.066406,25000000.000
23700,2008,-19.531250,25000000.000
23701,2009,-19.042969,25000000.000
23702,2010,-18.554688,25000000.000
23703,2011,-18.066406,25000000.000
23704,2015,-16.113281,25000000.000
23705,2019,-14.160156,25000000.000
23706,2023,-12.207031,25000000.000
23707,2024,-11.718750,25000000.000
23708,2033,-7.324219,25000000.000
23709,2039,-4.394531,25000000.000
23710,2044,-1.953125,25000000.000
23711,2045,-1.464844,25000000.000
23712,2056,3.906250,25000000.000
23713,2060,5.859375,25000000.000
23714,2066,8.789062,25000000.000
23715,2067,9.277344,25000000.000
23716,2075,13.183594,25000000.000
23717,2078,14.648438,25000000.000
23718,2081,16.113281,25000000.000
23719,2080,15.625000,25000000.000
23720,2082,16.601562,25000000.000
23721,2083,17.089844,25000000.000
23722,2082,16.601562,25000000.000
23723,2081,16.113281,25000000.000
23724,2077,14.160156,25000000.000
23725,2074,12.695312,25000000.000
23726,2069,10.253906,25000000.000
23727,2070,10.742188,25000000.000
23728,2060,5.859375,25000000.000
23729,2054,2.929688,25000000.000
23730,2050,0.976562,25000000.000
23731,2049,0.488281,25000000.000
23732,2039,-4.394531,25000000.000
23733,2033,-7.324219,25000000.000
23734,2029,-9.277344,25000000.000
23735,2028,-9.765625,25000000.000
23736,2019,-14.160156,25000000.000
23737,2016,-15.625000,25000000.000
23738,2014,-16.601562,25000000.000
23739,2013,-17.089844,25000000.000
23740,2011,-18.066406,25000000.000
23741,2010,-18.554688,25000000.000
23742,2010,-18.554688,25000000.000
23743,2009,-19.042969,25000000.000
23744,2014,-16.601562,25000000.000
23745,2016,-15.625000,25000000.000
23746,2020,-13.671875,25000000.000
23747,2020,-13.671875,25000000.000
23748,2030,-8.789062,25000000.000
23749,2035,-6.347656,25000000.000
23750,2039,-4.394531,25000000.000
23751,2040,-3.906250,25000000.000
23752,2052,1.953125,25000000.000
23753,2057,4.394531,25000000.000
23754,2062,6.835938,25000000.000
23755,2063,7.324219,25000000.000
23756,2071,11.230469,25000000.000
23757,2075,13.183594,25000000.000
23758,2079,15.136719,25000000.000
23759,2079,15.136719,25000000.000
23760,2082,16.601562,25000000.000
23761,2082,16.601562,25000000.000
23762,2082,16.601562,25000000.000
23763,2081,16.113281,25000000.000
23764,2080,15.625000,25000000.000
23765,2077,14.160156,25000000.000
23766,2074,12.695312,25000000.000
23767,2072,11.718750,25000000.000
23768,2064,7.812500,25000000.000
23769,2059,5.371094,25000000.000
23770,2054,2.929688,25000000.000
23771,2056,3.906250,25000000.000
23772,2043,-2.441406,25000000.000
23773,2038,-4.882812,25000000.000
23774,2033,-7.324219,25000000.000
23775,2033,-7.324219,25000000.000
23776,2023,-12.207031,25000000.000
23777,2019,-14.160156,25000000.000
23778,2015,-16.113281,25000000.000
23779,2014,-16.601562,25000000.000
23780,2010,-18.554688,25000000.000
23781,2009,-19.042969,25000000.000
23782,2009,-19.042969,25000000.000
23783,2009,-19.042969,25000000.000
23784,2011,-18.066406,25000000.000
23785,2014,-16.601562,25000000.000
23786,2016,-15.625000,25000000.000
23787,2016,-15.625000,25000000.000
23788,2025,-11.230469,25000000.000
23789,2030,-8.789062,25000000.000
23790,2034,-6.835938,25000000.000
23791,2036,-5.859375,25000000.000
23792,2046,-0.976562,25000000.000
23793,2050,0.976562,25000000.000
23794,2060,5.859375,25000000.000
23795,2056,3.906250,25000000.000
23796,2064,7.812500,25000000.000
23797,2073,12.207031,25000000.000
23798,2076,13.671875,25000000.000
23799,2077,14.160156,25000000.000
23800,2081,16.113281,25000000.000
23801,2083,17.089844,25000000.000
23802,2083,17.089844,25000000.000
23803,2083,17.089844,25000000.000
23804,2082,16.601562,25000000.000
23805,2080,15.625000,25000000.000
23806,2077,14.160156,25000000.000
23807,2076,13.671875,25000000.000
23808,2069,10.253906,25000000.000
23809,2064,7.812500,25000000.000
23810,2059,5.371094,25000000.000
23811,2059,5.371094,25000000.000
23812,2048,0.000000,25000000.000
23813,2042,-2.929688,25000000.000
23814,2037,-5.371094,25000000.000
23815,2037,-5.371094,25000000.000
23816,2027,-10.253906,25000000.000
23817,2022,-12.695312,25000000.000
23818,2019,-14.160156,25000000.000
23819,2018,-14.648438,25000000.000
23820,2012,-17.578125,25000000.000
23821,2011,-18.066406,25000000.000
23822,2010,-18.554688,25000000.000
23823,2010,-18.554688,25000000.000
23824,2010,-18.554688,25000000.000
23825,2012,-17.578125,25000000.000
23826,2013,-17.089844,25000000.000
23827,2014,-16.601562,25000000.000
23828,2021,-13.183594,25000000.000
23829,2024,-11.718750,25000000.000
23830,2029,-9.277344,25000000.000
23831,2030,-8.789062,25000000.000
23832,2041,-3.417969,25000000.000
23833,2047,-0.488281,25000000.000
23834,2052,1.953125,25000000.000
23835,2053,2.441406,25000000.000
23836,2063,7.324219,25000000.000
23837,2068,9.765625,25000000.000
23838,2073,12.207031,25000000.000
23839,2072,11.718750,25000000.000
23840,2078,14.648438,25000000.000
23841,2080,15.625000,25000000.000
23842,2082,16.601562,25000000.000
23843,2082,16.601562,25000000.000
23844,2080,15.625000,25000000.000
23845,2080,15.625000,25000000.000
23846,2080,15.625000,25000000.000
23847,2076,13.671875,25000000.000
23848,2071,11.230469,25000000.000
23849,2067,9.277344,25000000.000
23850,2063,7.324219,25000000.000
23851,2062,6.835938,25000000.000
23852,2053,2.441406,25000000.000
23853,2047,-0.488281,25000000.000
23854,2041,-3.417969,25000000.000
23855,2040,-3.906250,25000000.000
23856,2030,-8.789062,25000000.000
23857,2027,-10.253906,25000000.000
23858,2021,-13.183594,25000000.000
23859,2020,-13.671875,25000000.000
23860,2013,-17.089844,25000000.000
23861,2011,-18.066406,25000000.000
23862,2009,-19.042969,25000000.000
23863,2010,-18.554688,25000000.000
23864,2010,-18.554688,25000000.000
23865,2010,-18.554688,25000000.000
23866,2012,-17.578125,25000000.000
23867,2011,-18.066406,25000000.000
23868,2017,-15.136719,25000000.000
23869,2021,-13.183594,25000000.000
23870,2025,-11.230469,25000000.000
23871,2026,-10.742188,25000000.000
23872,2036,-5.859375,25000000.000
23873,2041,-3.417969,25000000.000
23874,2049,0.488281,25000000.000
23875,2047,-0.488281,25000000.000
23876,2058,4.882812,25000000.000
23877,2064,7.812500,25000000.000
23878,2068,9.765625,25000000.000
23879,2069,10.253906,25000000.000
23880,2076,13.671875,25000000.000
23881,2079,15.136719,25000000.000
23882,2081,16.113281,25000000.000
23883,2081,16.113281,25000000.000
23884,2083,17.089844,25000000.000
23885,2081,16.113281,25000000.000
23886,2079,15.136719,25000000.000
23887,2078,14.648438,25000000.000
23888,2075,13.183594,25000000.000
23889,2071,11.230469,25000000.000
23890,2067,9.277344,25000000.000
23891,2066,8.789062,25000000.000
23892,2056,3.906250,25000000.000
23893,2052,1.953125,25000000.000
23894,2046,-0.976562,25000000.000
23895,2045,-1.464844,25000000.000
23896,2036,-5.859375,25000000.000
23897,2030,-8.789062,25000000.000
23898,2026,-10.742188,25000000.000
23899,2025,-11.230469,25000000.000
23900,2017,-15.136719,25000000.000
23901,2014,-16.601562,25000000.000
23902,2012,-17.578125,25000000.000
23903,2011,-18.066406,25000000.000
23904,2009,-19.042969,25000000.000
23905,2010,-18.554688,25000000.000
23906,2011,-18.066406,25000000.000
23907,2011,-18.066406,25000000.000
23908,2015,-16.113281,25000000.000
23909,2019,-14.160156,25000000.000
23910,2023,-12.207031,25000000.000
23911,2023,-12.207031,25000000.000
23912,2032,-7.812500,25000000.000
23913,2038,-4.882812,25000000.000
23914,2043,-2.441406,25000000.000
23915,2044,-1.953125,25000000.000
23916,2053,2.441406,25000000.000
23917,2061,6.347656,25000000.000
23918,2066,8.789062,25000000.000
23919,2065,8.300781,25000000.000
23920,2073,12.207031,25000000.000
23921,2077,14.160156,25000000.000
23922,2079,15.136719,25000000.000
23923,2080,15.625000,25000000.000
23924,2083,17.089844,25000000.000
23925,2084,17.578125,25000000.000
23926,2082,16.601562,25000000.000
23927,2082,16.601562,25000000.000
23928,2079,15.136719,25000000.000
23929,2076,13.671875,25000000.000
23930,2070,10.742188,25000000.000
23931,2071,11.230469,25000000.000
23932,2062,6.835938,25000000.000
23933,2057,4.394531,25000000.000
23934,2052,1.953125,25000000.000
23935,2051,1.464844,25000000.000
23936,2041,-3.417969,25000000.000
23937,2035,-6.347656,25000000.000
23938,2030,-8.789062,25000000.000
23939,2029,-9.277344,25000000.000
23940,2020,-13.671875,25000000.000
23941,2017,-15.136719,25000000.000
23942,2014,-16.601562,25000000.000
23943,2015,-16.113281,25000000.000
23944,2010,-18.554688,25000000.000
23945,2008,-19.531250,25000000.000
23946,2009,-19.042969,25000000.000
23947,2011,-18.066406,25000000.000
23948,2014,-16.601562,25000000.000
23949,2014,-16.601562,25000000.000
23950,2020,-13.671875,25000000.000
23951,2019,-14.160156,25000000.000
23952,2027,-10.253906,25000000.000
23953,2032,-7.812500,25000000.000
23954,2037,-5.371094,25000000.000
23955,2038,-4.882812,25000000.000
23956,2049,0.488281,25000000.000
23957,2054,2.929688,25000000.000
23958,2061,6.347656,25000000.000
23959,2060,5.859375,25000000.000
23960,2070,10.742188,25000000.000
23961,2075,13.183594,25000000.000
23962,2078,14.648438,25000000.000
23963,2078,14.648438,25000000.000
23964,2082,16.601562,25000000.000
23965,2083,17.089844,25000000.000
23966,2082,16.601562,25000000.000
23967,2083,17.089844,25000000.000
23968,2080,15.625000,25000000.000
23969,2078,14.648438,25000000.000
23970,2075,13.183594,25000000.000
23971,2075,13.183594,25000000.000
23972,2067,9.277344,25000000.000
23973,2062,6.835938,25000000.000
23974,2057,4.394531,25000000.000
23975,2056,3.906250,25000000.000
23976,2045,-1.464844,25000000.000
23977,2039,-4.394531,25000000.000
23978,2034,-6.835938,25000000.000
23979,2034,-6.835938,25000000.000
23980,2025,-11.230469,25000000.000
23981,2021,-13.183594,25000000.000
23982,2018,-14.648438,25000000.000
23983,2016,-15.625000,25000000.000
23984,2011,-18.066406,25000000.000
23985,2009,-19.042969,25000000.000
23986,2009,-19.042969,25000000.000
23987,2010,-18.554688,25000000.000
23988,2011,-18.066406,25000000.000
23989,2013,-17.089844,25000000.000
23990,2015,-16.113281,25000000.000
23991,2017,-15.136719,25000000.000
23992,2024,-11.718750,25000000.000
23993,2029,-9.277344,25000000.000
23994,2035,-6.347656,25000000.000
23995,2035,-6.347656,25000000.000
23996,2045,-1.464844,25000000.000
23997,2050,0.976562,25000000.000
23998,2055,3.417969,25000000.000
23999,2057,4.394531,25000000.000
24000,2066,8.789062,25000000.000
24001,2071,11.230469,25000000.000
24002,2074,12.695312,25000000.000
24003,2075,13.183594,25000000.000
24004,2080,15.625000,25000000.000
24005,2082,16.601562,25000000.000
24006,2081,16.113281,25000000.000
24007,2082,16.601562,25000000.000
24008,2081,16.113281,25000000.000
24009,2079,15.136719,25000000.000
24010,2076,13.671875,25000000.000
24011,2077,14.160156,25000000.000
24012,2069,10.253906,25000000.000
24013,2064,7.812500,25000000.000
24014,2060,5.859375,25000000.000
24015,2059,5.371094,25000000.000
24016,2049,0.488281,25000000.000
24017,2044,-1.953125,25000000.000
24018,2038,-4.882812,25000000.000
24019,2037,-5.371094,25000000.000
24020,2027,-10.253906,25000000.000
24021,2023,-12.207031,25000000.000
24022,2019,-14.160156,25000000.000
24023,2018,-14.648438,25000000.000
24024,2012,-17.578125,25000000.000
24025,2011,-18.066406,25000000.000
24026,2010,-18.554688,25000000.000
24027,2010,-18.554688,25000000.000
24028,2009,-19.042969,25000000.000
24029,2011,-18.066406,25000000.000
24030,2013,-17.089844,25000000.000
24031,2013,-17.089844,25000000.000
24032,2019,-14.160156,25000000.000
24033,2024,-11.718750,25000000.000
24034,2028,-9.765625,25000000.000
24035,2029,-9.277344,25000000.000
24036,2039,-4.394531,25000000.000
24037,2044,-1.953125,25000000.000
24038,2051,1.464844,25000000.000
24039,2051,1.464844,25000000.000
24040,2061,6.347656,25000000.000
24041,2067,9.277344,25000000.000
24042,2070,10.742188,25000000.000
24043,2070,10.742188,25000000.000
24044,2078,14.648438,25000000.000
24045,2080,15.625000,25000000.000
24046,2082,16.601562,25000000.000
24047,2082,16.601562,25000000.000
24048,2082,16.601562,25000000.000
24049,2080,15.625000,25000000.000
24050,2079,15.136719,25000000.000
24051,2079,15.136719,25000000.000
24052,2073,12.207031,25000000.000
24053,2069,10.253906,25000000.000
24054,2063,7.324219,25000000.000
24055,2063,7.324219,25000000.000
24056,2054,2.929688,25000000.000
24057,2048,0.000000,25000000.000
24058,2042,-2.929688,25000000.000
24059,2042,-2.929688,25000000.000
24060,2032,-7.812500,25000000.000
24061,2028,-9.765625,25000000.000
24062,2023,-12.207031,25000000.000
24063,2024,-11.718750,25000000.000
24064,2015,-16.113281,25000000.000
24065,2012,-17.578125,25000000.000
24066,2010,-18.554688,25000000.000
24067,2010,-18.554688,25000000.000
24068,2009,-19.042969,25000000.000
24069,2010,-18.554688,25000000.000
24070,2012,-17.578125,25000000.000
24071,2012,-17.578125,25000000.000
24072,2016,-15.625000,25000000.000
24073,2020,-13.671875,25000000.000
24074,2024,-11.718750,25000000.000
24075,2025,-11.230469,25000000.000
24076,2035,-6.347656,25000000.000
24077,2040,-3.906250,25000000.000
24078,2045,-1.464844,25000000.000
24079,2045,-1.464844,25000000.000
24080,2057,4.394531,25000000.000
24081,2061,6.347656,25000000.000
24082,2067,9.277344,25000000.000
24083,2066,8.789062,25000000.000
24084,2075,13.183594,25000000.000
24085,2078,14.648438,25000000.000
24086,2079,15.136719,25000000.000
24087,2080,15.625000,25000000.000
24088,2082,16.601562,25000000.000
24089,2082,16.601562,25000000.000
24090,2079,15.136719,25000000.000
24091,2080,15.625000,25000000.000
24092,2076,13.671875,25000000.000
24093,2072,11.718750,25000000.000
24094,2067,9.277344,25000000.000
24095,2067,9.277344,25000000.000
24096,2057,4.394531,25000000.000
24097,2053,2.441406,25000000.000
24098,2047,-0.488281,25000000.000
24099,2047,-0.488281,25000000.000
24100,2036,-5.859375,25000000.000
24101,2033,-7.324219,25000000.000
24102,2028,-9.765625,25000000.000
24103,2027,-10.253906,25000000.000
24104,2018,-14.648438,25000000.000
24105,2014,-16.601562,25000000.000
24106,2013,-17.089844,25000000.000
24107,2013,-17.089844,25000000.000
24108,2009,-19.042969,25000000.000
24109,2010,-18.554688,25000000.000
24110,2010,-18.554688,25000000.000
24111,2012,-17.578125,25000000.000
24112,2014,-16.601562,25000000.000
24113,2018,-14.648438,25000000.000
24114,2021,-13.183594,25000000.000
24115,2022,-12.695312,25000000.000
24116,2030,-8.789062,25000000.000
24117,2035,-6.347656,25000000.000
24118,2041,-3.417969,25000000.000
24119,2041,-3.417969,25000000.000
24120,2052,1.953125,25000000.000
24121,2058,4.882812,25000000.000
24122,2064,7.812500,25000000.000
24123,2065,8.300781,25000000.000
24124,2072,11.718750,25000000.000
24125,2075,13.183594,25000000.000
24126,2079,15.136719,25000000.000
24127,2078,14.648438,25000000.000
24128,2082,16.601562,25000000.000
24129,2082,16.601562,25000000.000
24130,2081,16.113281,25000000.000
24131,2082,16.601562,25000000.000
24132,2079,15.136719,25000000.000
24133,2075,13.183594,25000000.000
24134,2072,11.718750,25000000.000
24135,2072,11.718750,25000000.000
24136,2063,7.324219,25000000.000
24137,2059,5.371094,25000000.000
24138,2053,2.441406,25000000.000
24139,2053,2.441406,25000000.000
24140,2042,-2.929688,25000000.000
24141,2036,-5.859375,25000000.000
24142,2033,-7.324219,25000000.000
24143,2031,-8.300781,25000000.000
24144,2023,-12.207031,25000000.000
24145,2020,-13.671875,25000000.000
24146,2015,-16.113281,25000000.000
24147,2014,-16.601562,25000000.000
24148,2011,-18.066406,25000000.000
24149,2010,-18.554688,25000000.000
24150,2011,-18.066406,25000000.000
24151,2010,-18.554688,25000000.000
24152,2013,-17.089844,25000000.000
24153,2015,-16.113281,25000000.000
24154,2019,-14.160156,25000000.000
24155,2019,-14.160156,25000000.000
24156,2027,-10.253906,25000000.000
24157,2031,-8.300781,25000000.000
24158,2037,-5.371094,25000000.000
24159,2038,-4.882812,25000000.000
24160,2049,0.488281,25000000.000
24161,2053,2.441406,25000000.000
24162,2058,4.882812,25000000.000
24163,2058,4.882812,25000000.000
24164,2068,9.765625,25000000.000
24165,2073,12.207031,25000000.000
24166,2075,13.183594,25000000.000
24167,2076,13.671875,25000000.000
24168,2082,16.601562,25000000.000
24169,2082,16.601562,25000000.000
24170,2082,16.601562,25000000.000
24171,2081,16.113281,25000000.000
24172,2080,15.625000,25000000.000
24173,2078,14.648438,25000000.000
24174,2074,12.695312,25000000.000
24175,2074,12.695312,25000000.000
24176,2067,9.277344,25000000.000
24177,2062,6.835938,25000000.000
24178,2057,4.394531,25000000.000
24179,2057,4.394531,25000000.000
24180,2046,-0.976562,25000000.000
24181,2041,-3.417969,25000000.000
24182,2035,-6.347656,25000000.000
24183,2035,-6.347656,25000000.000
24184,2025,-11.230469,25000000.000
24185,2022,-12.695312,25000000.000
24186,2018,-14.648438,25000000.000
24187,2017,-15.136719,25000000.000
24188,2013,-17.089844,25000000.000
24189,2010,-18.554688,25000000.000
24190,2011,-18.066406,25000000.000
24191,2011,-18.066406,25000000.000
24192,2011,-18.066406,25000000.000
24193,2012,-17.578125,25000000.000
24194,2017,-15.136719,25000000.000
24195,2016,-15.625000,25000000.000
24196,2022,-12.695312,25000000.000
24197,2027,-10.253906,25000000.000
24198,2032,-7.812500,25000000.000
24199,2033,-7.324219,25000000.000
24200,2042,-2.929688,25000000.000
24201,2048,0.000000,25000000.000
24202,2055,3.417969,25000000.000
24203,2055,3.417969,25000000.000
24204,2063,7.324219,25000000.000
24205,2068,9.765625,25000000.000
24206,2074,12.695312,25000000.000
24207,2073,12.207031,25000000.000
24208,2079,15.136719,25000000.000
24209,2081,16.113281,25000000.000
24210,2081,16.113281,25000000.000
24211,2082,16.601562,25000000.000
24212,2082,16.601562,25000000.000
24213,2080,15.625000,25000000.000
24214,2077,14.160156,25000000.000
24215,2076,13.671875,25000000.000
24216,2071,11.230469,25000000.000
24217,2066,8.789062,25000000.000
24218,2062,6.835938,25000000.000
24219,2061,6.347656,25000000.000
24220,2051,1.464844,25000000.000
24221,2045,-1.464844,25000000.000
24222,2040,-3.906250,25000000.000
24223,2039,-4.394531,25000000.000
24224,2029,-9.277344,25000000.000
24225,2024,-11.718750,25000000.000
24226,2021,-13.183594,25000000.000
24227,2021,-13.183594,25000000.000
24228,2013,-17.089844,25000000.000
24229,2012,-17.578125,25000000.000
24230,2010,-18.554688,25000000.000
24231,2009,-19.042969,25000000.000
24232,2010,-18.554688,25000000.000
24233,2011,-18.066406,25000000.000
24234,2013,-17.089844,25000000.000
24235,2013,-17.089844,25000000.000
24236,2019,-14.160156,25000000.000
24237,2022,-12.695312,25000000.000
24238,2027,-10.253906,25000000.000
24239,2028,-9.765625,25000000.000
24240,2038,-4.882812,25000000.000
24241,2043,-2.441406,25000000.000
24242,2049,0.488281,25000000.000
24243,2048,0.000000,25000000.000
24244,2061,6.347656,25000000.000
24245,2065,8.300781,25000000.000
24246,2070,10.742188,25000000.000
24247,2070,10.742188,25000000.000
24248,2076,13.671875,25000000.000
24249,2079,15.136719,25000000.000
24250,2080,15.625000,25000000.000
24251,2080,15.625000,25000000.000
24252,2081,16.113281,25000000.000
24253,2081,16.113281,25000000.000
24254,2078,14.648438,25000000.000
24255,2079,15.136719,25000000.000
24256,2073,12.207031,25000000.000
24257,2069,10.253906,25000000.000
24258,2064,7.812500,25000000.000
24259,2064,7.812500,25000000.000
24260,2055,3.417969,25000000.000
24261,2049,0.488281,25000000.000
24262,2044,-1.953125,25000000.000
24263,2043,-2.441406,25000000.000
24264,2034,-6.835938,25000000.000
24265,2028,-9.765625,25000000.000
24266,2024,-11.718750,25000000.000
24267,2022,-12.695312,25000000.000
24268,2016,-15.625000,25000000.000
24269,2014,-16.601562,25000000.000
24270,2012,-17.578125,25000000.000
24271,2011,-18.066406,25000000.000
24272,2009,-19.042969,25000000.000
24273,2010,-18.554688,25000000.000
24274,2011,-18.066406,25000000.000
24275,2011,-18.066406,25000000.000
24276,2016,-15.625000,25000000.000
24277,2019,-14.160156,25000000.000
24278,2023,-12.207031,25000000.000
24279,2025,-11.230469,25000000.000
24280,2033,-7.324219,25000000.000
24281,2038,-4.882812,25000000.000
24282,2044,-1.953125,25000000.000
24283,2045,-1.464844,25000000.000
24284,2055,3.417969,25000000.000
24285,2060,5.859375,25000000.000
24286,2065,8.300781,25000000.000
24287,2066,8.789062,25000000.000
24288,2074,12.695312,25000000.000
24289,2077,14.160156,25000000.000
24290,2079,15.136719,25000000.000
24291,2080,15.625000,25000000.000
24292,2081,16.113281,25000000.000
24293,2082,16.601562,25000000.000
24294,2080,15.625000,25000000.000
24295,2080,15.625000,25000000.000
24296,2076,13.671875,25000000.000
24297,2074,12.695312,25000000.000
24298,2070,10.742188,25000000.000
24299,2069,10.253906,25000000.000
24300,2060,5.859375,25000000.000
24301,2056,3.906250,25000000.000
24302,2049,0.488281,25000000.000
24303,2049,0.488281,25000000.000
24304,2039,-4.394531,25000000.000
24305,2033,-7.324219,25000000.000
24306,2027,-10.253906,25000000.000
24307,2028,-9.765625,25000000.000
24308,2019,-14.160156,25000000.000
24309,2016,-15.625000,25000000.000
24310,2013,-17.089844,25000000.000
24311,2014,-16.601562,25000000.000
24312,2011,-18.066406,25000000.000
24313,2009,-19.042969,25000000.000
24314,2011,-18.066406,25000000.000
24315,2010,-18.554688,25000000.000
24316,2013,-17.089844,25000000.000
24317,2016,-15.625000,25000000.000
24318,2021,-13.183594,25000000.000
24319,2021,-13.183594,25000000.000
24320,2029,-9.277344,25000000.000
24321,2035,-6.347656,25000000.000
24322,2041,-3.417969,25000000.000
24323,2041,-3.417969,25000000.000
24324,2051,1.464844,25000000.000
24325,2057,4.394531,25000000.000
24326,2063,7.324219,25000000.000
24327,2064,7.812500,25000000.000
24328,2071,11.230469,25000000.000
24329,2075,13.183594,25000000.000
24330,2077,14.160156,25000000.000
24331,2079,15.136719,25000000.000
24332,2082,16.601562,25000000.000
24333,2082,16.601562,25000000.000
24334,2082,16.601562,25000000.000
24335,2082,16.601562,25000000.000
24336,2079,15.136719,25000000.000
24337,2076,13.671875,25000000.000
24338,2073,12.207031,25000000.000
24339,2072,11.718750,25000000.000
24340,2065,8.300781,25000000.000
24341,2060,5.859375,25000000.000
24342,2054,2.929688,25000000.000
24343,2054,2.929688,25000000.000
24344,2043,-2.441406,25000000.000
24345,2038,-4.882812,25000000.000
24346,2033,-7.324219,25000000.000
24347,2033,-7.324219,25000000.000
24348,2023,-12.207031,25000000.000
24349,2020,-13.671875,25000000.000
24350,2017,-15.136719,25000000.000
24351,2015,-16.113281,25000000.000
24352,2012,-17.578125,25000000.000
24353,2011,-18.066406,25000000.000
24354,2010,-18.554688,25000000.000
24355,2010,-18.554688,25000000.000
24356,2012,-17.578125,25000000.000
24357,2015,-16.113281,25000000.000
24358,2018,-14.648438,25000000.000
24359,2018,-14.648438,25000000.000
24360,2025,-11.230469,25000000.000
24361,2030,-8.789062,25000000.000
24362,2037,-5.371094,25000000.000
24363,2036,-5.859375,25000000.000
24364,2046,-0.976562,25000000.000
24365,2052,1.953125,25000000.000
24366,2058,4.882812,25000000.000
24367,2059,5.371094,25000000.000
24368,2067,9.277344,25000000.000
24369,2072,11.718750,25000000.000
24370,2076,13.671875,25000000.000
24371,2075,13.183594,25000000.000
24372,2080,15.625000,25000000.000
24373,2081,16.113281,25000000.000
24374,2081,16.113281,25000000.000
24375,2082,16.601562,25000000.000
24376,2081,16.113281,25000000.000
24377,2079,15.136719,25000000.000
24378,2076,13.671875,25000000.000
24379,2075,13.183594,25000000.000
24380,2067,9.277344,25000000.000
24381,2064,7.812500,25000000.000
24382,2058,4.882812,25000000.000
24383,2058,4.882812,25000000.000
24384,2047,-0.488281,25000000.000
24385,2042,-2.929688,25000000.000
24386,2036,-5.859375,25000000.000
24387,2036,-5.859375,25000000.000
24388,2027,-10.253906,25000000.000
24389,2022,-12.695312,25000000.000
24390,2017,-15.136719,25000000.000
24391,2019,-14.160156,25000000.000
24392,2013,-17.089844,25000000.000
24393,2011,-18.066406,25000000.000
24394,2010,-18.554688,25000000.000
24395,2010,-18.554688,25000000.000
24396,2010,-18.554688,25000000.000
24397,2012,-17.578125,25000000.000
24398,2014,-16.601562,25000000.000
24399,2014,-16.601562,25000000.000
24400,2022,-12.695312,25000000.000
24401,2026,-10.742188,25000000.000
24402,2031,-8.300781,25000000.000
24403,2031,-8.300781,25000000.000
24404,2040,-3.906250,25000000.000
24405,2047,-0.488281,25000000.000
24406,2052,1.953125,25000000.000
24407,2054,2.929688,25000000.000
24408,2062,6.835938,25000000.000
24409,2068,9.765625,25000000.000
24410,2072,11.718750,25000000.000
24411,2072,11.718750,25000000.000
24412,2078,14.648438,25000000.000
24413,2080,15.625000,25000000.000
24414,2080,15.625000,25000000.000
24415,2080,15.625000,25000000.000
24416,2082,16.601562,25000000.000
24417,2079,15.136719,25000000.000
24418,2077,14.160156,25000000.000
24419,2077,14.160156,25000000.000
24420,2071,11.230469,25000000.000
24421,2066,8.789062,25000000.000
24422,2062,6.835938,25000000.000
24423,2061,6.347656,25000000.000
24424,2051,1.464844,25000000.000
24425,2046,-0.976562,25000000.000
24426,2041,-3.417969,25000000.000
24427,2040,-3.906250,25000000.000
24428,2030,-8.789062,25000000.000
24429,2025,-11.230469,25000000.000
24430,2021,-13.183594,25000000.000
24431,2020,-13.671875,25000000.000
24432,2015,-16.113281,25000000.000
24433,2012,-17.578125,25000000.000
24434,2010,-18.554688,25000000.000
24435,2009,-19.042969,25000000.000
24436,2011,-18.066406,25000000.000
24437,2011,-18.066406,25000000.000
24438,2012,-17.578125,25000000.000
24439,2013,-17.089844,25000000.000
24440,2018,-14.648438,25000000.000
24441,2021,-13.183594,25000000.000
24442,2026,-10.742188,25000000.000
24443,2026,-10.742188,25000000.000
24444,2036,-5.859375,25000000.000
24445,2042,-2.929688,25000000.000
24446,2048,0.000000,25000000.000
24447,2048,0.000000,25000000.000
24448,2058,4.882812,25000000.000
24449,2064,7.812500,25000000.000
24450,2069,10.253906,25000000.000
24451,2069,10.253906,25000000.000
24452,2076,13.671875,25000000.000
24453,2079,15.136719,25000000.000
24454,2080,15.625000,25000000.000
24455,2079,15.136719,25000000.000
24456,2082,16.601562,25000000.000
24457,2082,16.601562,25000000.000
24458,2079,15.136719,25000000.000
24459,2078,14.648438,25000000.000
24460,2074,12.695312,25000000.000
24461,2070,10.742188,25000000.000
24462,2066,8.789062,25000000.000
24463,2065,8.300781,25000000.000
24464,2056,3.906250,25000000.000
24465,2051,1.464844,25000000.000
24466,2046,-0.976562,25000000.000
24467,2045,-1.464844,25000000.000
24468,2035,-6.347656,25000000.000
24469,2029,-9.277344,25000000.000
24470,2025,-11.230469,25000000.000
24471,2025,-11.230469,25000000.000
24472,2017,-15.136719,25000000.000
24473,2014,-16.601562,25000000.000
24474,2012,-17.578125,25000000.000
24475,2011,-18.066406,25000000.000
24476,2010,-18.554688,25000000.000
24477,2010,-18.554688,25000000.000
24478,2011,-18.066406,25000000.000
24479,2011,-18.066406,25000000.000
24480,2016,-15.625000,25000000.000
24481,2018,-14.648438,25000000.000
24482,2023,-12.207031,25000000.000
24483,2022,-12.695312,25000000.000
24484,2033,-7.324219,25000000.000
24485,2039,-4.394531,25000000.000
24486,2043,-2.441406,25000000.000
24487,2044,-1.953125,25000000.000
24488,2053,2.441406,25000000.000
24489,2059,5.371094,25000000.000
24490,2064,7.812500,25000000.000
24491,2062,6.835938,25000000.000
24492,2071,11.230469,25000000.000
24493,2075,13.183594,25000000.000
24494,2081,16.113281,25000000.000
24495,2077,14.160156,25000000.000
24496,2082,16.601562,25000000.000
24497,2082,16.601562,25000000.000
24498,2081,16.113281,25000000.000
24499,2081,16.113281,25000000.000
24500,2077,14.160156,25000000.000
24501,2074,12.695312,25000000.000
24502,2071,11.230469,25000000.000
24503,2070,10.742188,25000000.000
24504,2061,6.347656,25000000.000
24505,2056,3.906250,25000000.000
24506,2050,0.976562,25000000.000
24507,2050,0.976562,25000000.000
24508,2040,-3.906250,25000000.000
24509,2034,-6.835938,25000000.000
24510,2030,-8.789062,25000000.000
24511,2029,-9.277344,25000000.000
24512,2021,-13.183594,25000000.000
24513,2018,-14.648438,25000000.000
24514,2015,-16.113281,25000000.000
24515,2014,-16.601562,25000000.000
24516,2011,-18.066406,25000000.000
24517,2009,-19.042969,25000000.000
24518,2010,-18.554688,25000000.000
24519,2011,-18.066406,25000000.000
24520,2014,-16.601562,25000000.000
24521,2017,-15.136719,25000000.000
24522,2019,-14.160156,25000000.000
24523,2020,-13.671875,25000000.000
24524,2028,-9.765625,25000000.000
24525,2033,-7.324219,25000000.000
24526,2038,-4.882812,25000000.000
24527,2039,-4.394531,25000000.000
24528,2049,0.488281,25000000.000
24529,2055,3.417969,25000000.000
24530,2061,6.347656,25000000.000
24531,2061,6.347656,25000000.000
24532,2070,10.742188,25000000.000
24533,2074,12.695312,25000000.000
24534,2077,14.160156,25000000.000
24535,2078,14.648438,25000000.000
24536,2081,16.113281,25000000.000
24537,2083,17.089844,25000000.000
24538,2082,16.601562,25000000.000
24539,2082,16.601562,25000000.000
24540,2079,15.136719,25000000.000
24541,2076,13.671875,25000000.000
24542,2073,12.207031,25000000.000
24543,2075,13.183594,25000000.000
24544,2066,8.789062,25000000.000
24545,2060,5.859375,25000000.000
24546,2056,3.906250,25000000.000
24547,2055,3.417969,25000000.000
24548,2043,-2.441406,25000000.000
24549,2039,-4.394531,25000000.000
24550,2033,-7.324219,25000000.000
24551,2033,-7.324219,25000000.000
24552,2025,-11.230469,25000000.000
24553,2020,-13.671875,25000000.000
24554,2016,-15.625000,25000000.000
24555,2016,-15.625000,25000000.000
24556,2011,-18.066406,25000000.000
24557,2010,-18.554688,25000000.000
24558,2010,-18.554688,25000000.000
24559,2009,-19.042969,25000000.000
24560,2011,-18.066406,25000000.000
24561,2013,-17.089844,25000000.000
24562,2017,-15.136719,25000000.000
24563,2017,-15.136719,25000000.000
24564,2025,-11.230469,25000000.000
24565,2029,-9.277344,25000000.000
24566,2034,-6.835938,25000000.000
24567,2033,-7.324219,25000000.000
24568,2045,-1.464844,25000000.000
24569,2050,0.976562,25000000.000
24570,2056,3.906250,25000000.000
24571,2056,3.906250,25000000.000
24572,2066,8.789062,25000000.000
24573,2071,11.230469,25000000.000
24574,2074,12.695312,25000000.000
24575,2075,13.183594,25000000.000
24576,2079,15.136719,25000000.000
24577,2081,16.113281,25000000.000
24578,2083,17.089844,25000000.000
24579,2083,17.089844,25000000.000
24580,2081,16.113281,25000000.000
24581,2080,15.625000,25000000.000
24582,2077,14.160156,25000000.000
24583,2077,14.160156,25000000.000
24584,2070,10.742188,25000000.000
24585,2064,7.812500,25000000.000
24586,2061,6.347656,25000000.000
24587,2059,5.371094,25000000.000
24588,2049,0.488281,25000000.000
24589,2044,-1.953125,25000000.000
24590,2039,-4.394531,25000000.000
24591,2038,-4.882812,25000000.000
24592,2029,-9.277344,25000000.000
24593,2024,-11.718750,25000000.000
24594,2020,-13.671875,25000000.000
24595,2019,-14.160156,25000000.000
24596,2013,-17.089844,25000000.000
24597,2011,-18.066406,25000000.000
24598,2010,-18.554688,25000000.000
24599,2011,-18.066406,25000000.000
24600,2010,-18.554688,25000000.000
24601,2011,-18.066406,25000000.000
24602,2014,-16.601562,25000000.000
24603,2014,-16.601562,25000000.000
24604,2020,-13.671875,25000000.000
24605,2024,-11.718750,25000000.000
24606,2029,-9.277344,25000000.000
24607,2029,-9.277344,25000000.000
24608,2040,-3.906250,25000000.000
24609,2045,-1.464844,25000000.000
24610,2051,1.464844,25000000.000
24611,2051,1.464844,25000000.000
24612,2062,6.835938,25000000.000
24613,2066,8.789062,25000000.000
24614,2070,10.742188,25000000.000
24615,2071,11.230469,25000000.000
24616,2076,13.671875,25000000.000
24617,2079,15.136719,25000000.000
24618,2080,15.625000,25000000.000
24619,2080,15.625000,25000000.000
24620,2081,16.113281,25000000.000
24621,2079,15.136719,25000000.000
24622,2077,14.160156,25000000.000
24623,2077,14.160156,25000000.000
24624,2070,10.742188,25000000.000
24625,2067,9.277344,25000000.000
24626,2063,7.324219,25000000.000
24627,2062,6.835938,25000000.000
24628,2052,1.953125,25000000.000
24629,2047,-0.488281,25000000.000
24630,2041,-3.417969,25000000.000
24631,2041,-3.417969,25000000.000
24632,2032,-7.812500,25000000.000
24633,2027,-10.253906,25000000.000
24634,2023,-12.207031,25000000.000
24635,2022,-12.695312,25000000.000
24636,2015,-16.113281,25000000.000
24637,2013,-17.089844,25000000.000
24638,2011,-18.066406,25000000.000
24639,2011,-18.066406,25000000.000
24640,2010,-18.554688,25000000.000
24641,2010,-18.554688,25000000.000
24642,2012,-17.578125,25000000.000
24643,2013,-17.089844,25000000.000
24644,2018,-14.648438,25000000.000
24645,2021,-13.183594,25000000.000
24646,2026,-10.742188,25000000.000
24647,2027,-10.253906,25000000.000
24648,2050,0.976562,25000000.000
24649,2051,1.464844,25000000.000
24650,2040,-3.906250,25000000.000
24651,2046,-0.976562,25000000.000
24652,2058,4.882812,25000000.000
24653,2064,7.812500,25000000.000
24654,2069,10.253906,25000000.000
24655,2068,9.765625,25000000.000
24656,2075,13.183594,25000000.000
24657,2076,13.671875,25000000.000
24658,2076,13.671875,25000000.000
24659,2077,14.160156,25000000.000
24660,2080,15.625000,25000000.000
24661,2078,14.648438,25000000.000
24662,2078,14.648438,25000000.000
24663,2078,14.648438,25000000.000
24664,2074,12.695312,25000000.000
24665,2070,10.742188,25000000.000
24666,2066,8.789062,25000000.000
24667,2066,8.789062,25000000.000
24668,2057,4.394531,25000000.000
24669,2051,1.464844,25000000.000
24670,2048,0.000000,25000000.000
24671,2046,-0.976562,25000000.000
24672,2037,-5.371094,25000000.000
24673,2032,-7.812500,25000000.000
24674,2027,-10.253906,25000000.000
24675,2026,-10.742188,25000000.000
24676,2018,-14.648438,25000000.000
24677,2017,-15.136719,25000000.000
24678,2014,-16.601562,25000000.000
24679,2013,-17.089844,25000000.000
24680,2010,-18.554688,25000000.000
24681,2010,-18.554688,25000000.000
24682,2011,-18.066406,25000000.000
24683,2012,-17.578125,25000000.000
24684,2015,-16.113281,25000000.000
24685,2016,-15.625000,25000000.000
24686,2022,-12.695312,25000000.000
24687,2023,-12.207031,25000000.000
24688,2030,-8.789062,25000000.000
24689,2036,-5.859375,25000000.000
24690,2042,-2.929688,25000000.000
24691,2042,-2.929688,25000000.000
24692,2053,2.441406,25000000.000
24693,2059,5.371094,25000000.000
24694,2064,7.812500,25000000.000
24695,2064,7.812500,25000000.000
24696,2072,11.718750,25000000.000
24697,2076,13.671875,25000000.000
24698,2080,15.625000,25000000.000
24699,2079,15.136719,25000000.000
24700,2082,16.601562,25000000.000
24701,2082,16.601562,25000000.000
24702,2081,16.113281,25000000.000
24703,2082,16.601562,25000000.000
24704,2078,14.648438,25000000.000
24705,2076,13.671875,25000000.000
24706,2071,11.230469,25000000.000
24707,2071,11.230469,25000000.000
24708,2062,6.835938,25000000.000
24709,2058,4.882812,25000000.000
24710,2052,1.953125,25000000.000
24711,2051,1.464844,25000000.000
24712,2040,-3.906250,25000000.000
24713,2035,-6.347656,25000000.000
24714,2031,-8.300781,25000000.000
24715,2030,-8.789062,25000000.000
24716,2021,-13.183594,25000000.000
24717,2018,-14.648438,25000000.000
24718,2015,-16.113281,25000000.000
24719,2015,-16.113281,25000000.000
24720,2010,-18.554688,25000000.000
24721,2010,-18.554688,25000000.000
24722,2011,-18.066406,25000000.000
24723,2012,-17.578125,25000000.000
24724,2014,-16.601562,25000000.000
24725,2016,-15.625000,25000000.000
24726,2019,-14.160156,25000000.000
24727,2020,-13.671875,25000000.000
24728,2028,-9.765625,25000000.000
24729,2032,-7.812500,25000000.000
24730,2037,-5.371094,25000000.000
24731,2038,-4.882812,25000000.000
24732,2049,0.488281,25000000.000
24733,2054,2.929688,25000000.000
24734,2060,5.859375,25000000.000
24735,2060,5.859375,25000000.000
24736,2068,9.765625,25000000.000
24737,2072,11.718750,25000000.000
24738,2075,13.183594,25000000.000
24739,2075,13.183594,25000000.000
24740,2080,15.625000,25000000.000
24741,2081,16.113281,25000000.000
24742,2081,16.113281,25000000.000
24743,2081,16.113281,25000000.000
24744,2079,15.136719,25000000.000
24745,2077,14.160156,25000000.000
24746,2073,12.207031,25000000.000
24747,2074,12.695312,25000000.000
24748,2066,8.789062,25000000.000
24749,2062,6.835938,25000000.000
24750,2056,3.906250,25000000.000
24751,2056,3.906250,25000000.000
24752,2046,-0.976562,25000000.000
24753,2040,-3.906250,25000000.000
24754,2035,-6.347656,25000000.000
24755,2034,-6.835938,25000000.000
24756,2025,-11.230469,25000000.000
24757,2022,-12.695312,25000000.000
24758,2018,-14.648438,25000000.000
24759,2016,-15.625000,25000000.000
24760,2013,-17.089844,25000000.000
24761,2011,-18.066406,25000000.000
24762,2012,-17.578125,25000000.000
24763,2011,-18.066406,25000000.000
24764,2012,-17.578125,25000000.000
24765,2014,-16.601562,25000000.000
24766,2017,-15.136719,25000000.000
24767,2017,-15.136719,25000000.000
24768,2024,-11.718750,25000000.000
24769,2028,-9.765625,25000000.000
24770,2033,-7.324219,25000000.000
24771,2034,-6.835938,25000000.000
24772,2045,-1.464844,25000000.000
24773,2050,0.976562,25000000.000
24774,2054,2.929688,25000000.000
24775,2056,3.906250,25000000.000
24776,2066,8.789062,25000000.000
24777,2070,10.742188,25000000.000
24778,2073,12.207031,25000000.000
24779,2074,12.695312,25000000.000
24780,2079,15.136719,25000000.000
24781,2081,16.113281,25000000.000
24782,2082,16.601562,25000000.000
24783,2081,16.113281,25000000.000
24784,2080,15.625000,25000000.000
24785,2078,14.648438,25000000.000
24786,2077,14.160156,25000000.000
24787,2076,13.671875,25000000.000
24788,2067,9.277344,25000000.000
24789,2065,8.300781,25000000.000
24790,2060,5.859375,25000000.000
24791,2059,5.371094,25000000.000
24792,2050,0.976562,25000000.000
24793,2044,-1.953125,25000000.000
24794,2039,-4.394531,25000000.000
24795,2038,-4.882812,25000000.000
24796,2029,-9.277344,25000000.000
24797,2025,-11.230469,25000000.000
24798,2019,-14.160156,25000000.000
24799,2020,-13.671875,25000000.000
24800,2014,-16.601562,25000000.000
24801,2011,-18.066406,25000000.000
24802,2011,-18.066406,25000000.000
24803,2010,-18.554688,25000000.000
24804,2010,-18.554688,25000000.000
24805,2010,-18.554688,25000000.000
24806,2012,-17.578125,25000000.000
24807,2012,-17.578125,25000000.000
24808,2019,-14.160156,25000000.000
24809,2023,-12.207031,25000000.000
24810,2027,-10.253906,25000000.000
24811,2028,-9.765625,25000000.000
24812,2038,-4.882812,25000000.000
24813,2043,-2.441406,25000000.000
24814,2049,0.488281,25000000.000
24815,2049,0.488281,25000000.000
24816,2060,5.859375,25000000.000
24817,2065,8.300781,25000000.000
24818,2070,10.742188,25000000.000
24819,2070,10.742188,25000000.000
24820,2076,13.671875,25000000.000
24821,2079,15.136719,25000000.000
24822,2081,16.113281,25000000.000
24823,2082,16.601562,25000000.000
24824,2082,16.601562,25000000.000
24825,2081,16.113281,25000000.000
24826,2078,14.648438,25000000.000
24827,2078,14.648438,25000000.000
24828,2072,11.718750,25000000.000
24829,2069,10.253906,25000000.000
24830,2064,7.812500,25000000.000
24831,2063,7.324219,25000000.000
24832,2054,2.929688,25000000.000
24833,2048,0.000000,25000000.000
24834,2042,-2.929688,25000000.000
24835,2042,-2.929688,25000000.000
24836,2032,-7.812500,25000000.000
24837,2028,-9.765625,25000000.000
24838,2023,-12.207031,25000000.000
24839,2021,-13.183594,25000000.000
24840,2018,-14.648438,25000000.000
24841,2014,-16.601562,25000000.000
24842,2010,-18.554688,25000000.000
24843,2012,-17.578125,25000000.000
24844,2009,-19.042969,25000000.000
24845,2010,-18.554688,25000000.000
24846,2010,-18.554688,25000000.000
24847,2011,-18.066406,25000000.000
24848,2017,-15.136719,25000000.000
24849,2020,-13.671875,25000000.000
24850,2024,-11.718750,25000000.000
24851,2025,-11.230469,25000000.000
24852,2034,-6.835938,25000000.000
24853,2039,-4.394531,25000000.000
24854,2045,-1.464844,25000000.000
24855,2046,-0.976562,25000000.000
24856,2056,3.906250,25000000.000
24857,2062,6.835938,25000000.000
24858,2066,8.789062,25000000.000
24859,2066,8.789062,25000000.000
24860,2074,12.695312,25000000.000
24861,2077,14.160156,25000000.000
24862,2080,15.625000,25000000.000
24863,2080,15.625000,25000000.000
24864,2082,16.601562,25000000.000
24865,2082,16.601562,25000000.000
24866,2079,15.136719,25000000.000
24867,2080,15.625000,25000000.000
24868,2076,13.671875,25000000.000
24869,2073,12.207031,25000000.000
24870,2067,9.277344,25000000.000
24871,2066,8.789062,25000000.000
24872,2059,5.371094,25000000.000
24873,2053,2.441406,25000000.000
24874,2048,0.000000,25000000.000
24875,2047,-0.488281,25000000.000
24876,2036,-5.859375,25000000.000
24877,2032,-7.812500,25000000.000
24878,2028,-9.765625,25000000.000
24879,2027,-10.253906,25000000.000
24880,2019,-14.160156,25000000.000
24881,2017,-15.136719,25000000.000
24882,2014,-16.601562,25000000.000
24883,2013,-17.089844,25000000.000
24884,2011,-18.066406,25000000.000
24885,2010,-18.554688,25000000.000
24886,2010,-18.554688,25000000.000
24887,2010,-18.554688,25000000.000
24888,2015,-16.113281,25000000.000
24889,2017,-15.136719,25000000.000
24890,2023,-12.207031,25000000.000
24891,2023,-12.207031,25000000.000
24892,2030,-8.789062,25000000.000
24893,2035,-6.347656,25000000.000
24894,2042,-2.929688,25000000.000
24895,2041,-3.417969,25000000.000
24896,2052,1.953125,25000000.000
24897,2058,4.882812,25000000.000
24898,2062,6.835938,25000000.000
24899,2063,7.324219,25000000.000
24900,2072,11.718750,25000000.000
24901,2075,13.183594,25000000.000
24902,2078,14.648438,25000000.000
24903,2078,14.648438,25000000.000
24904,2081,16.113281,25000000.000
24905,2082,16.601562,25000000.000
24906,2082,16.601562,25000000.000
24907,2081,16.113281,25000000.000
24908,2079,15.136719,25000000.000
24909,2076,13.671875,25000000.000
24910,2071,11.230469,25000000.000
24911,2071,11.230469,25000000.000
24912,2064,7.812500,25000000.000
24913,2058,4.882812,25000000.000
24914,2052,1.953125,25000000.000
24915,2052,1.953125,25000000.000
24916,2043,-2.441406,25000000.000
24917,2038,-4.882812,25000000.000
24918,2032,-7.812500,25000000.000
24919,2032,-7.812500,25000000.000
24920,2023,-12.207031,25000000.000
24921,2019,-14.160156,25000000.000
24922,2016,-15.625000,25000000.000
24923,2014,-16.601562,25000000.000
24924,2012,-17.578125,25000000.000
24925,2011,-18.066406,25000000.000
24926,2010,-18.554688,25000000.000
24927,2012,-17.578125,25000000.000
24928,2013,-17.089844,25000000.000
24929,2016,-15.625000,25000000.000
24930,2018,-14.648438,25000000.000
24931,2019,-14.160156,25000000.000
24932,2026,-10.742188,25000000.000
24933,2032,-7.812500,25000000.000
24934,2036,-5.859375,25000000.000
24935,2037,-5.371094,25000000.000
24936,2046,-0.976562,25000000.000
24937,2052,1.953125,25000000.000
24938,2058,4.882812,25000000.000
24939,2058,4.882812,25000000.000
24940,2068,9.765625,25000000.000
24941,2073,12.207031,25000000.000
24942,2076,13.671875,25000000.000
24943,2076,13.671875,25000000.000
24944,2081,16.113281,25000000.000
24945,2082,16.601562,25000000.000
24946,2082,16.601562,25000000.000
24947,2082,16.601562,25000000.000
24948,2080,15.625000,25000000.000
24949,2077,14.160156,25000000.000
24950,2075,13.183594,25000000.000
24951,2074,12.695312,25000000.000
24952,2067,9.277344,25000000.000
24953,2063,7.324219,25000000.000
24954,2058,4.882812,25000000.000
24955,2057,4.394531,25000000.000
24956,2047,-0.488281,25000000.000
24957,2041,-3.417969,25000000.000
24958,2036,-5.859375,25000000.000
24959,2035,-6.347656,25000000.000
24960,2026,-10.742188,25000000.000
24961,2021,-13.183594,25000000.000
24962,2018,-14.648438,25000000.000
24963,2018,-14.648438,25000000.000
24964,2013,-17.089844,25000000.000
24965,2010,-18.554688,25000000.000
24966,2010,-18.554688,25000000.000
24967,2010,-18.554688,25000000.000
24968,2012,-17.578125,25000000.000
24969,2012,-17.578125,25000000.000
24970,2016,-15.625000,25000000.000
24971,2015,-16.113281,25000000.000
24972,2023,-12.207031,25000000.000
24973,2027,-10.253906,25000000.000
24974,2032,-7.812500,25000000.000
24975,2032,-7.812500,25000000.000
24976,2042,-2.929688,25000000.000
24977,2049,0.488281,25000000.000
24978,2055,3.417969,25000000.000
24979,2054,2.929688,25000000.000
24980,2064,7.812500,25000000.000
24981,2069,10.253906,25000000.000
24982,2073,12.207031,25000000.000
24983,2073,12.207031,25000000.000
24984,2079,15.136719,25000000.000
24985,2080,15.625000,25000000.000
24986,2082,16.601562,25000000.000
24987,2082,16.601562,25000000.000
24988,2082,16.601562,25000000.000
24989,2080,15.625000,25000000.000
24990,2077,14.160156,25000000.000
24991,2077,14.160156,25000000.000
24992,2072,11.718750,25000000.000
24993,2067,9.277344,25000000.000
24994,2061,6.347656,25000000.000
24995,2062,6.835938,25000000.000
24996,2051,1.464844,25000000.000
24997,2047,-0.488281,25000000.000
24998,2040,-3.906250,25000000.000
24999,2041,-3.417969,25000000.000
25000,2030,-8.789062,25000000.000
25001,2025,-11.230469,25000000.000
25002,2021,-13.183594,25000000.000
25003,2020,-13.671875,25000000.000
25004,2014,-16.601562,25000000.000
25005,2011,-18.066406,25000000.000
25006,2010,-18.554688,25000000.000
25007,2010,-18.554688,25000000.000
25008,2010,-18.554688,25000000.000
25009,2010,-18.554688,25000000.000
25010,2012,-17.578125,25000000.000
25011,2012,-17.578125,25000000.000
25012,2019,-14.160156,25000000.000
25013,2022,-12.695312,25000000.000
25014,2027,-10.253906,25000000.000
25015,2027,-10.253906,25000000.000
25016,2037,-5.371094,25000000.000
25017,2044,-1.953125,25000000.000
25018,2050,0.976562,25000000.000
25019,2050,0.976562,25000000.000
25020,2059,5.371094,25000000.000
25021,2065,8.300781,25000000.000
25022,2068,9.765625,25000000.000
25023,2069,10.253906,25000000.000
25024,2075,13.183594,25000000.000
25025,2078,14.648438,25000000.000
25026,2080,15.625000,25000000.000
25027,2080,15.625000,25000000.000
25028,2082,16.601562,25000000.000
25029,2080,15.625000,25000000.000
25030,2079,15.136719,25000000.000
25031,2079,15.136719,25000000.000
25032,2074,12.695312,25000000.000
25033,2069,10.253906,25000000.000
25034,2066,8.789062,25000000.000
25035,2065,8.300781,25000000.000
25036,2055,3.417969,25000000.000
25037,2049,0.488281,25000000.000
25038,2044,-1.953125,25000000.000
25039,2045,-1.464844,25000000.000
25040,2034,-6.835938,25000000.000
25041,2029,-9.277344,25000000.000
25042,2024,-11.718750,25000000.000
25043,2024,-11.718750,25000000.000
25044,2017,-15.136719,25000000.000
25045,2013,-17.089844,25000000.000
25046,2011,-18.066406,25000000.000
25047,2011,-18.066406,25000000.000
25048,2009,-19.042969,25000000.000
25049,2010,-18.554688,25000000.000
25050,2011,-18.066406,25000000.000
25051,2012,-17.578125,25000000.000
25052,2015,-16.113281,25000000.000
25053,2019,-14.160156,25000000.000
25054,2023,-12.207031,25000000.000
25055,2023,-12.207031,25000000.000
25056,2032,-7.812500,25000000.000
25057,2039,-4.394531,25000000.000
25058,2044,-1.953125,25000000.000
25059,2044,-1.953125,25000000.000
25060,2055,3.417969,25000000.000
25061,2060,5.859375,25000000.000
25062,2065,8.300781,25000000.000
25063,2064,7.812500,25000000.000
25064,2073,12.207031,25000000.000
25065,2077,14.160156,25000000.000
25066,2080,15.625000,25000000.000
25067,2079,15.136719,25000000.000
25068,2081,16.113281,25000000.000
25069,2082,16.601562,25000000.000
25070,2082,16.601562,25000000.000
25071,2080,15.625000,25000000.000
25072,2077,14.160156,25000000.000
25073,2074,12.695312,25000000.000
25074,2069,10.253906,25000000.000
25075,2069,10.253906,25000000.000
25076,2061,6.347656,25000000.000
25077,2056,3.906250,25000000.000
25078,2050,0.976562,25000000.000
25079,2049,0.488281,25000000.000
25080,2039,-4.394531,25000000.000
25081,2034,-6.835938,25000000.000
25082,2029,-9.277344,25000000.000
25083,2028,-9.765625,25000000.000
25084,2019,-14.160156,25000000.000
25085,2016,-15.625000,25000000.000
25086,2012,-17.578125,25000000.000
25087,2013,-17.089844,25000000.000
25088,2010,-18.554688,25000000.000
25089,2009,-19.042969,25000000.000
25090,2010,-18.554688,25000000.000
25091,2011,-18.066406,25000000.000
25092,2013,-17.089844,25000000.000
25093,2016,-15.625000,25000000.000
25094,2020,-13.671875,25000000.000
25095,2021,-13.183594,25000000.000
25096,2029,-9.277344,25000000.000
25097,2034,-6.835938,25000000.000
25098,2040,-3.906250,25000000.000
25099,2040,-3.906250,25000000.000
25100,2051,1.464844,25000000.000
25101,2057,4.394531,25000000.000
25102,2061,6.347656,25000000.000
25103,2062,6.835938,25000000.000
25104,2070,10.742188,25000000.000
25105,2075,13.183594,25000000.000
25106,2077,14.160156,25000000.000
25107,2078,14.648438,25000000.000
25108,2081,16.113281,25000000.000
25109,2082,16.601562,25000000.000
25110,2082,16.601562,25000000.000
25111,2082,16.601562,25000000.000
25112,2079,15.136719,25000000.000
25113,2076,13.671875,25000000.000
25114,2073,12.207031,25000000.000
25115,2073,12.207031,25000000.000
25116,2065,8.300781,25000000.000
25117,2060,5.859375,25000000.000
25118,2054,2.929688,25000000.000
25119,2052,1.953125,25000000.000
25120,2043,-2.441406,25000000.000
25121,2038,-4.882812,25000000.000
25122,2033,-7.324219,25000000.000
25123,2032,-7.812500,25000000.000
25124,2023,-12.207031,25000000.000
25125,2019,-14.160156,25000000.000
25126,2016,-15.625000,25000000.000
25127,2015,-16.113281,25000000.000
25128,2012,-17.578125,25000000.000
25129,2010,-18.554688,25000000.000
25130,2009,-19.042969,25000000.000
25131,2010,-18.554688,25000000.000
25132,2012,-17.578125,25000000.000
25133,2014,-16.601562,25000000.000
25134,2017,-15.136719,25000000.000
25135,2017,-15.136719,25000000.000
25136,2025,-11.230469,25000000.000
25137,2029,-9.277344,25000000.000
25138,2035,-6.347656,25000000.000
25139,2036,-5.859375,25000000.000
25140,2045,-1.464844,25000000.000
25141,2051,1.464844,25000000.000
25142,2056,3.906250,25000000.000
25143,2059,5.371094,25000000.000
25144,2067,9.277344,25000000.000
25145,2072,11.718750,25000000.000
25146,2075,13.183594,25000000.000
25147,2075,13.183594,25000000.000
25148,2080,15.625000,25000000.000
25149,2081,16.113281,25000000.000
25150,2082,16.601562,25000000.000
25151,2083,17.089844,25000000.000
25152,2081,16.113281,25000000.000
25153,2079,15.136719,25000000.000
25154,2076,13.671875,25000000.000
25155,2076,13.671875,25000000.000
25156,2068,9.765625,25000000.000
25157,2065,8.300781,25000000.000
25158,2059,5.371094,25000000.000
25159,2059,5.371094,25000000.000
25160,2048,0.000000,25000000.000
25161,2043,-2.441406,25000000.000
25162,2038,-4.882812,25000000.000
25163,2038,-4.882812,25000000.000
25164,2028,-9.765625,25000000.000
25165,2024,-11.718750,25000000.000
25166,2021,-13.183594,25000000.000
25167,2019,-14.160156,25000000.000
25168,2015,-16.113281,25000000.000
25169,2011,-18.066406,25000000.000
25170,2011,-18.066406,25000000.000
25171,2011,-18.066406,25000000.000
25172,2010,-18.554688,25000000.000
25173,2013,-17.089844,25000000.000
25174,2015,-16.113281,25000000.000
25175,2015,-16.113281,25000000.000
25176,2021,-13.183594,25000000.000
25177,2026,-10.742188,25000000.000
25178,2030,-8.789062,25000000.000
25179,2030,-8.789062,25000000.000
25180,2040,-3.906250,25000000.000
25181,2047,-0.488281,25000000.000
25182,2052,1.953125,25000000.000
25183,2052,1.953125,25000000.000
25184,2063,7.324219,25000000.000
25185,2067,9.277344,25000000.000
25186,2071,11.230469,25000000.000
25187,2072,11.718750,25000000.000
25188,2078,14.648438,25000000.000
25189,2083,17.089844,25000000.000
25190,2081,16.113281,25000000.000
25191,2082,16.601562,25000000.000
25192,2082,16.601562,25000000.000
25193,2081,16.113281,25000000.000
25194,2077,14.160156,25000000.000
25195,2078,14.648438,25000000.000
25196,2072,11.718750,25000000.000
25197,2067,9.277344,25000000.000
25198,2062,6.835938,25000000.000
25199,2063,7.324219,25000000.000
25200,2053,2.441406,25000000.000
25201,2046,-0.976562,25000000.000
25202,2040,-3.906250,25000000.000
25203,2041,-3.417969,25000000.000
25204,2031,-8.300781,25000000.000
25205,2026,-10.742188,25000000.000
25206,2022,-12.695312,25000000.000
25207,2021,-13.183594,25000000.000
25208,2014,-16.601562,25000000.000
25209,2013,-17.089844,25000000.000
25210,2011,-18.066406,25000000.000
25211,2010,-18.554688,25000000.000
25212,2010,-18.554688,25000000.000
25213,2009,-19.042969,25000000.000
25214,2011,-18.066406,25000000.000
25215,2013,-17.089844,25000000.000
25216,2018,-14.648438,25000000.000
25217,2022,-12.695312,25000000.000
25218,2025,-11.230469,25000000.000
25219,2025,-11.230469,25000000.000
25220,2036,-5.859375,25000000.000
25221,2042,-2.929688,25000000.000
25222,2047,-0.488281,25000000.000
25223,2047,-0.488281,25000000.000
25224,2059,5.371094,25000000.000
25225,2062,6.835938,25000000.000
25226,2067,9.277344,25000000.000
25227,2068,9.765625,25000000.000
25228,2075,13.183594,25000000.000
25229,2077,14.160156,25000000.000
25230,2079,15.136719,25000000.000
25231,2080,15.625000,25000000.000
25232,2081,16.113281,25000000.000
25233,2081,16.113281,25000000.000
25234,2080,15.625000,25000000.000
25235,2080,15.625000,25000000.000
25236,2075,13.183594,25000000.000
25237,2071,11.230469,25000000.000
25238,2065,8.300781,25000000.000
25239,2067,9.277344,25000000.000
25240,2055,3.417969,25000000.000
25241,2050,0.976562,25000000.000
25242,2046,-0.976562,25000000.000
25243,2045,-1.464844,25000000.000
25244,2034,-6.835938,25000000.000
25245,2031,-8.300781,25000000.000
25246,2025,-11.230469,25000000.000
25247,2025,-11.230469,25000000.000
25248,2018,-14.648438,25000000.000
25249,2015,-16.113281,25000000.000
25250,2012,-17.578125,25000000.000
25251,2012,-17.578125,25000000.000
25252,2010,-18.554688,25000000.000
25253,2009,-19.042969,25000000.000
25254,2011,-18.066406,25000000.000
25255,2011,-18.066406,25000000.000
25256,2014,-16.601562,25000000.000
25257,2018,-14.648438,25000000.000
25258,2023,-12.207031,25000000.000
25259,2023,-12.207031,25000000.000
25260,2031,-8.300781,25000000.000
25261,2036,-5.859375,25000000.000
25262,2043,-2.441406,25000000.000
25263,2043,-2.441406,25000000.000
25264,2054,2.929688,25000000.000
25265,2060,5.859375,25000000.000
25266,2064,7.812500,25000000.000
25267,2064,7.812500,25000000.000
25268,2073,12.207031,25000000.000
25269,2077,14.160156,25000000.000
25270,2079,15.136719,25000000.000
25271,2079,15.136719,25000000.000
25272,2081,16.113281,25000000.000
25273,2082,16.601562,25000000.000
25274,2080,15.625000,25000000.000
25275,2081,16.113281,25000000.000
25276,2077,14.160156,25000000.000
25277,2074,12.695312,25000000.000
25278,2069,10.253906,25000000.000
25279,2071,11.230469,25000000.000
25280,2061,6.347656,25000000.000
25281,2056,3.906250,25000000.000
25282,2051,1.464844,25000000.000
25283,2051,1.464844,25000000.000
25284,2040,-3.906250,25000000.000
25285,2035,-6.347656,25000000.000
25286,2030,-8.789062,25000000.000
25287,2029,-9.277344,25000000.000
25288,2022,-12.695312,25000000.000
25289,2018,-14.648438,25000000.000
25290,2013,-17.089844,25000000.000
25291,2014,-16.601562,25000000.000
25292,2011,-18.066406,25000000.000
25293,2010,-18.554688,25000000.000
25294,2010,-18.554688,25000000.000
25295,2010,-18.554688,25000000.000
25296,2014,-16.601562,25000000.000
25297,2016,-15.625000,25000000.000
25298,2020,-13.671875,25000000.000
25299,2019,-14.160156,25000000.000
25300,2027,-10.253906,25000000.000
25301,2033,-7.324219,25000000.000
25302,2038,-4.882812,25000000.000
25303,2039,-4.394531,25000000.000
25304,2049,0.488281,25000000.000
25305,2055,3.417969,25000000.000
25306,2059,5.371094,25000000.000
25307,2061,6.347656,25000000.000
25308,2070,10.742188,25000000.000
25309,2073,12.207031,25000000.000
25310,2077,14.160156,25000000.000
25311,2078,14.648438,25000000.000
25312,2081,16.113281,25000000.000
25313,2084,17.578125,25000000.000
25314,2081,16.113281,25000000.000
25315,2083,17.089844,25000000.000
25316,2079,15.136719,25000000.000
25317,2078,14.648438,25000000.000
25318,2074,12.695312,25000000.000
25319,2075,13.183594,25000000.000
25320,2066,8.789062,25000000.000
25321,2061,6.347656,25000000.000
25322,2055,3.417969,25000000.000
25323,2055,3.417969,25000000.000
25324,2044,-1.953125,25000000.000
25325,2039,-4.394531,25000000.000
25326,2034,-6.835938,25000000.000
25327,2034,-6.835938,25000000.000
25328,2025,-11.230469,25000000.000
25329,2020,-13.671875,25000000.000
25330,2018,-14.648438,25000000.000
25331,2017,-15.136719,25000000.000
25332,2013,-17.089844,25000000.000
25333,2011,-18.066406,25000000.000
25334,2010,-18.554688,25000000.000
25335,2010,-18.554688,25000000.000
25336,2012,-17.578125,25000000.000
25337,2014,-16.601562,25000000.000
25338,2017,-15.136719,25000000.000
25339,2017,-15.136719,25000000.000
25340,2025,-11.230469,25000000.000
25341,2028,-9.765625,25000000.000
25342,2034,-6.835938,25000000.000
25343,2034,-6.835938,25000000.000
25344,2044,-1.953125,25000000.000
25345,2050,0.976562,25000000.000
25346,2055,3.417969,25000000.000
25347,2056,3.906250,25000000.000
25348,2066,8.789062,25000000.000
25349,2070,10.742188,25000000.000
25350,2073,12.207031,25000000.000
25351,2074,12.695312,25000000.000
25352,2080,15.625000,25000000.000
25353,2080,15.625000,25000000.000
25354,2081,16.113281,25000000.000
25355,2082,16.601562,25000000.000
25356,2080,15.625000,25000000.000
25357,2080,15.625000,25000000.000
25358,2077,14.160156,25000000.000
25359,2076,13.671875,25000000.000
25360,2069,10.253906,25000000.000
25361,2065,8.300781,25000000.000
25362,2060,5.859375,25000000.000
25363,2059,5.371094,25000000.000
25364,2049,0.488281,25000000.000
25365,2044,-1.953125,25000000.000
25366,2039,-4.394531,25000000.000
25367,2038,-4.882812,25000000.000
25368,2028,-9.765625,25000000.000
25369,2023,-12.207031,25000000.000
25370,2020,-13.671875,25000000.000
25371,2019,-14.160156,25000000.000
25372,2013,-17.089844,25000000.000
25373,2011,-18.066406,25000000.000
25374,2011,-18.066406,25000000.000
25375,2011,-18.066406,25000000.000
25376,2011,-18.066406,25000000.000
25377,2013,-17.089844,25000000.000
25378,2014,-16.601562,25000000.000
25379,2014,-16.601562,25000000.000
25380,2020,-13.671875,25000000.000
25381,2024,-11.718750,25000000.000
25382,2031,-8.300781,25000000.000
25383,2029,-9.277344,25000000.000
25384,2040,-3.906250,25000000.000
25385,2044,-1.953125,25000000.000
25386,2050,0.976562,25000000.000
25387,2051,1.464844,25000000.000
25388,2061,6.347656,25000000.000
25389,2066,8.789062,25000000.000
25390,2070,10.742188,25000000.000
25391,2070,10.742188,25000000.000
25392,2077,14.160156,25000000.000
25393,2079,15.136719,25000000.000
25394,2080,15.625000,25000000.000
25395,2081,16.113281,25000000.000
25396,2082,16.601562,25000000.000
25397,2080,15.625000,25000000.000
25398,2078,14.648438,25000000.000
25399,2078,14.648438,25000000.000
25400,2071,11.230469,25000000.000
25401,2067,9.277344,25000000.000
25402,2063,7.324219,25000000.000
25403,2062,6.835938,25000000.000
25404,2053,2.441406,25000000.000
25405,2049,0.488281,25000000.000
25406,2043,-2.441406,25000000.000
25407,2043,-2.441406,25000000.000
25408,2032,-7.812500,25000000.000
25409,2027,-10.253906,25000000.000
25410,2023,-12.207031,25000000.000
25411,2022,-12.695312,25000000.000
25412,2016,-15.625000,25000000.000
25413,2013,-17.089844,25000000.000
25414,2011,-18.066406,25000000.000
25415,2010,-18.554688,25000000.000
25416,2010,-18.554688,25000000.000
25417,2010,-18.554688,25000000.000
25418,2012,-17.578125,25000000.000
25419,2012,-17.578125,25000000.000
25420,2018,-14.648438,25000000.000
25421,2021,-13.183594,25000000.000
25422,2024,-11.718750,25000000.000
25423,2026,-10.742188,25000000.000
25424,2035,-6.347656,25000000.000
25425,2040,-3.906250,25000000.000
25426,2045,-1.464844,25000000.000
25427,2046,-0.976562,25000000.000
25428,2057,4.394531,25000000.000
25429,2062,6.835938,25000000.000
25430,2066,8.789062,25000000.000
25431,2067,9.277344,25000000.000
25432,2074,12.695312,25000000.000
25433,2077,14.160156,25000000.000
25434,2079,15.136719,25000000.000
25435,2079,15.136719,25000000.000
25436,2082,16.601562,25000000.000
25437,2080,15.625000,25000000.000
25438,2079,15.136719,25000000.000
25439,2079,15.136719,25000000.000
25440,2074,12.695312,25000000.000
25441,2071,11.230469,25000000.000
25442,2067,9.277344,25000000.000
25443,2068,9.765625,25000000.000
25444,2057,4.394531,25000000.000
25445,2053,2.441406,25000000.000
25446,2047,-0.488281,25000000.000
25447,2047,-0.488281,25000000.000
25448,2037,-5.371094,25000000.000
25449,2031,-8.300781,25000000.000
25450,2026,-10.742188,25000000.000
25451,2026,-10.742188,25000000.000
25452,2019,-14.160156,25000000.000
25453,2015,-16.113281,25000000.000
25454,2012,-17.578125,25000000.000
25455,2013,-17.089844,25000000.000
25456,2009,-19.042969,25000000.000
25457,2010,-18.554688,25000000.000
25458,2011,-18.066406,25000000.000
25459,2011,-18.066406,25000000.000
25460,2015,-16.113281,25000000.000
25461,2017,-15.136719,25000000.000
25462,2022,-12.695312,25000000.000
25463,2022,-12.695312,25000000.000
25464,2030,-8.789062,25000000.000
25465,2037,-5.371094,25000000.000
25466,2041,-3.417969,25000000.000
25467,2042,-2.929688,25000000.000
25468,2053,2.441406,25000000.000
25469,2057,4.394531,25000000.000
25470,2064,7.812500,25000000.000
25471,2063,7.324219,25000000.000
25472,2071,11.230469,25000000.000
25473,2075,13.183594,25000000.000
25474,2077,14.160156,25000000.000
25475,2078,14.648438,25000000.000
25476,2080,15.625000,25000000.000
25477,2082,16.601562,25000000.000
25478,2082,16.601562,25000000.000
25479,2081,16.113281,25000000.000
25480,2077,14.160156,25000000.000
25481,2075,13.183594,25000000.000
25482,2072,11.718750,25000000.000
25483,2071,11.230469,25000000.000
25484,2063,7.324219,25000000.000
25485,2058,4.882812,25000000.000
25486,2053,2.441406,25000000.000
25487,2053,2.441406,25000000.000
25488,2041,-3.417969,25000000.000
25489,2036,-5.859375,25000000.000
25490,2031,-8.300781,25000000.000
25491,2031,-8.300781,25000000.000
25492,2023,-12.207031,25000000.000
25493,2018,-14.648438,25000000.000
25494,2016,-15.625000,25000000.000
25495,2016,-15.625000,25000000.000
25496,2011,-18.066406,25000000.000
25497,2011,-18.066406,25000000.000
25498,2011,-18.066406,25000000.000
25499,2011,-18.066406,25000000.000
25500,2013,-17.089844,25000000.000
25501,2016,-15.625000,25000000.000
25502,2019,-14.160156,25000000.000
25503,2019,-14.160156,25000000.000
25504,2026,-10.742188,25000000.000
25505,2032,-7.812500,25000000.000
25506,2037,-5.371094,25000000.000
25507,2039,-4.394531,25000000.000
25508,2047,-0.488281,25000000.000
25509,2054,2.929688,25000000.000
25510,2060,5.859375,25000000.000
25511,2059,5.371094,25000000.000
25512,2068,9.765625,25000000.000
25513,2072,11.718750,25000000.000
25514,2076,13.671875,25000000.000
25515,2076,13.671875,25000000.000
25516,2081,16.113281,25000000.000
25517,2081,16.113281,25000000.000
25518,2082,16.601562,25000000.000
25519,2081,16.113281,25000000.000
25520,2080,15.625000,25000000.000
25521,2078,14.648438,25000000.000
25522,2075,13.183594,25000000.000
25523,2075,13.183594,25000000.000
25524,2067,9.277344,25000000.000
25525,2063,7.324219,25000000.000
25526,2058,4.882812,25000000.000
25527,2056,3.906250,25000000.000
25528,2047,-0.488281,25000000.000
25529,2041,-3.417969,25000000.000
25530,2037,-5.371094,25000000.000
25531,2036,-5.859375,25000000.000
25532,2026,-10.742188,25000000.000
25533,2022,-12.695312,25000000.000
25534,2018,-14.648438,25000000.000
25535,2018,-14.648438,25000000.000
25536,2011,-18.066406,25000000.000
25537,2016,-15.625000,25000000.000
25538,2011,-18.066406,25000000.000
25539,2011,-18.066406,25000000.000
25540,2010,-18.554688,25000000.000
25541,2014,-16.601562,25000000.000
25542,2017,-15.136719,25000000.000
25543,2015,-16.113281,25000000.000
25544,2023,-12.207031,25000000.000
25545,2028,-9.765625,25000000.000
25546,2033,-7.324219,25000000.000
25547,2033,-7.324219,25000000.000
25548,2044,-1.953125,25000000.000
25549,2049,0.488281,25000000.000
25550,2054,2.929688,25000000.000
25551,2054,2.929688,25000000.000
25552,2065,8.300781,25000000.000
25553,2069,10.253906,25000000.000
25554,2073,12.207031,25000000.000
25555,2073,12.207031,25000000.000
25556,2079,15.136719,25000000.000
25557,2081,16.113281,25000000.000
25558,2082,16.601562,25000000.000
25559,2081,16.113281,25000000.000
25560,2081,16.113281,25000000.000
25561,2079,15.136719,25000000.000
25562,2077,14.160156,25000000.000
25563,2076,13.671875,25000000.000
25564,2071,11.230469,25000000.000
25565,2066,8.789062,25000000.000
25566,2061,6.347656,25000000.000
25567,2061,6.347656,25000000.000
25568,2051,1.464844,25000000.000
25569,2044,-1.953125,25000000.000
25570,2041,-3.417969,25000000.000
25571,2039,-4.394531,25000000.000
25572,2030,-8.789062,25000000.000
25573,2025,-11.230469,25000000.000
25574,2020,-13.671875,25000000.000
25575,2019,-14.160156,25000000.000
25576,2014,-16.601562,25000000.000
25577,2013,-17.089844,25000000.000
25578,2010,-18.554688,25000000.000
25579,2010,-18.554688,25000000.000
25580,2010,-18.554688,25000000.000
25581,2011,-18.066406,25000000.000
25582,2012,-17.578125,25000000.000
25583,2013,-17.089844,25000000.000
25584,2019,-14.160156,25000000.000
25585,2022,-12.695312,25000000.000
25586,2027,-10.253906,25000000.000
25587,2028,-9.765625,25000000.000
25588,2037,-5.371094,25000000.000
25589,2042,-2.929688,25000000.000
25590,2049,0.488281,25000000.000
25591,2049,0.488281,25000000.000
25592,2058,4.882812,25000000.000
25593,2064,7.812500,25000000.000
25594,2069,10.253906,25000000.000
25595,2069,10.253906,25000000.000
25596,2075,13.183594,25000000.000
25597,2078,14.648438,25000000.000
25598,2080,15.625000,25000000.000
25599,2081,16.113281,25000000.000
25600,2080,15.625000,25000000.000
25601,2079,15.136719,25000000.000
25602,2079,15.136719,25000000.000
25603,2078,14.648438,25000000.000
25604,2073,12.207031,25000000.000
25605,2070,10.742188,25000000.000
25606,2063,7.324219,25000000.000
25607,2064,7.812500,25000000.000
25608,2055,3.417969,25000000.000
25609,2050,0.976562,25000000.000
25610,2043,-2.441406,25000000.000
25611,2043,-2.441406,25000000.000
25612,2035,-6.347656,25000000.000
25613,2030,-8.789062,25000000.000
25614,2024,-11.718750,25000000.000
25615,2025,-11.230469,25000000.000
25616,2017,-15.136719,25000000.000
25617,2014,-16.601562,25000000.000
25618,2011,-18.066406,25000000.000
25619,2013,-17.089844,25000000.000
25620,2011,-18.066406,25000000.000
25621,2010,-18.554688,25000000.000
25622,2012,-17.578125,25000000.000
25623,2012,-17.578125,25000000.000
25624,2016,-15.625000,25000000.000
25625,2021,-13.183594,25000000.000
25626,2024,-11.718750,25000000.000
25627,2024,-11.718750,25000000.000
25628,2034,-6.835938,25000000.000
25629,2039,-4.394531,25000000.000
25630,2044,-1.953125,25000000.000
25631,2045,-1.464844,25000000.000
25632,2056,3.906250,25000000.000
25633,2061,6.347656,25000000.000
25634,2065,8.300781,25000000.000
25635,2065,8.300781,25000000.000
25636,2073,12.207031,25000000.000
25637,2076,13.671875,25000000.000
25638,2079,15.136719,25000000.000
25639,2078,14.648438,25000000.000
25640,2080,15.625000,25000000.000
25641,2081,16.113281,25000000.000
25642,2080,15.625000,25000000.000
25643,2080,15.625000,25000000.000
25644,2075,13.183594,25000000.000
25645,2071,11.230469,25000000.000
25646,2068,9.765625,25000000.000
25647,2068,9.765625,25000000.000
25648,2059,5.371094,25000000.000
25649,2054,2.929688,25000000.000
25650,2048,0.000000,25000000.000
25651,2048,0.000000,25000000.000
25652,2038,-4.882812,25000000.000
25653,2033,-7.324219,25000000.000
25654,2028,-9.765625,25000000.000
25655,2028,-9.765625,25000000.000
25656,2019,-14.160156,25000000.000
25657,2016,-15.625000,25000000.000
25658,2014,-16.601562,25000000.000
25659,2013,-17.089844,25000000.000
25660,2010,-18.554688,25000000.000
25661,2010,-18.554688,25000000.000
25662,2011,-18.066406,25000000.000
25663,2010,-18.554688,25000000.000
25664,2014,-16.601562,25000000.000
25665,2019,-14.160156,25000000.000
25666,2020,-13.671875,25000000.000
25667,2020,-13.671875,25000000.000
25668,2030,-8.789062,25000000.000
25669,2035,-6.347656,25000000.000
25670,2040,-3.906250,25000000.000
25671,2040,-3.906250,25000000.000
25672,2051,1.464844,25000000.000
25673,2057,4.394531,25000000.000
25674,2062,6.835938,25000000.000
25675,2063,7.324219,25000000.000
25676,2071,11.230469,25000000.000
25677,2075,13.183594,25000000.000
25678,2078,14.648438,25000000.000
25679,2078,14.648438,25000000.000
25680,2082,16.601562,25000000.000
25681,2081,16.113281,25000000.000
25682,2081,16.113281,25000000.000
25683,2081,16.113281,25000000.000
25684,2079,15.136719,25000000.000
25685,2076,13.671875,25000000.000
25686,2073,12.207031,25000000.000
25687,2072,11.718750,25000000.000
25688,2064,7.812500,25000000.000
25689,2059,5.371094,25000000.000
25690,2053,2.441406,25000000.000
25691,2053,2.441406,25000000.000
25692,2043,-2.441406,25000000.000
25693,2038,-4.882812,25000000.000
25694,2032,-7.812500,25000000.000
25695,2032,-7.812500,25000000.000
25696,2022,-12.695312,25000000.000
25697,2019,-14.160156,25000000.000
25698,2016,-15.625000,25000000.000
25699,2015,-16.113281,25000000.000
25700,2012,-17.578125,25000000.000
25701,2010,-18.554688,25000000.000
25702,2010,-18.554688,25000000.000
25703,2010,-18.554688,25000000.000
25704,2012,-17.578125,25000000.000
25705,2014,-16.601562,25000000.000
25706,2017,-15.136719,25000000.000
25707,2018,-14.648438,25000000.000
25708,2026,-10.742188,25000000.000
25709,2031,-8.300781,25000000.000
25710,2035,-6.347656,25000000.000
25711,2036,-5.859375,25000000.000
25712,2047,-0.488281,25000000.000
25713,2052,1.953125,25000000.000
25714,2058,4.882812,25000000.000
25715,2058,4.882812,25000000.000
25716,2067,9.277344,25000000.000
25717,2071,11.230469,25000000.000
25718,2075,13.183594,25000000.000
25719,2076,13.671875,25000000.000
25720,2080,15.625000,25000000.000
25721,2080,15.625000,25000000.000
25722,2082,16.601562,25000000.000
25723,2082,16.601562,25000000.000
25724,2080,15.625000,25000000.000
25725,2079,15.136719,25000000.000
25726,2075,13.183594,25000000.000
25727,2075,13.183594,25000000.000
25728,2067,9.277344,25000000.000
25729,2063,7.324219,25000000.000
25730,2058,4.882812,25000000.000
25731,2057,4.394531,25000000.000
25732,2047,-0.488281,25000000.000
25733,2041,-3.417969,25000000.000
25734,2036,-5.859375,25000000.000
25735,2036,-5.859375,25000000.000
25736,2027,-10.253906,25000000.000
25737,2022,-12.695312,25000000.000
25738,2017,-15.136719,25000000.000
25739,2018,-14.648438,25000000.000
25740,2013,-17.089844,25000000.000
25741,2012,-17.578125,25000000.000
25742,2010,-18.554688,25000000.000
25743,2010,-18.554688,25000000.000
25744,2012,-17.578125,25000000.000
25745,2013,-17.089844,25000000.000
25746,2014,-16.601562,25000000.000
25747,2016,-15.625000,25000000.000
25748,2023,-12.207031,25000000.000
25749,2027,-10.253906,25000000.000
25750,2032,-7.812500,25000000.000
25751,2031,-8.300781,25000000.000
25752,2042,-2.929688,25000000.000
25753,2047,-0.488281,25000000.000
25754,2053,2.441406,25000000.000
25755,2053,2.441406,25000000.000
25756,2062,6.835938,25000000.000
25757,2068,9.765625,25000000.000
25758,2072,11.718750,25000000.000
25759,2072,11.718750,25000000.000
25760,2078,14.648438,25000000.000
25761,2080,15.625000,25000000.000
25762,2081,16.113281,25000000.000
25763,2080,15.625000,25000000.000
25764,2082,16.601562,25000000.000
25765,2079,15.136719,25000000.000
25766,2077,14.160156,25000000.000
25767,2077,14.160156,25000000.000
25768,2070,10.742188,25000000.000
25769,2066,8.789062,25000000.000
25770,2062,6.835938,25000000.000
25771,2062,6.835938,25000000.000
25772,2053,2.441406,25000000.000
25773,2047,-0.488281,25000000.000
25774,2041,-3.417969,25000000.000
25775,2042,-2.929688,25000000.000
25776,2033,-7.324219,25000000.000
25777,2027,-10.253906,25000000.000
25778,2023,-12.207031,25000000.000
25779,2021,-13.183594,25000000.000
25780,2015,-16.113281,25000000.000
25781,2012,-17.578125,25000000.000
25782,2013,-17.089844,25000000.000
25783,2012,-17.578125,25000000.000
25784,2011,-18.066406,25000000.000
25785,2011,-18.066406,25000000.000
25786,2012,-17.578125,25000000.000
25787,2012,-17.578125,25000000.000
25788,2017,-15.136719,25000000.000
25789,2021,-13.183594,25000000.000
25790,2026,-10.742188,25000000.000
25791,2027,-10.253906,25000000.000
25792,2036,-5.859375,25000000.000
25793,2041,-3.417969,25000000.000
25794,2047,-0.488281,25000000.000
25795,2047,-0.488281,25000000.000
25796,2058,4.882812,25000000.000
25797,2063,7.324219,25000000.000
25798,2067,9.277344,25000000.000
25799,2067,9.277344,25000000.000
25800,2075,13.183594,25000000.000
25801,2077,14.160156,25000000.000
25802,2079,15.136719,25000000.000
25803,2080,15.625000,25000000.000
25804,2081,16.113281,25000000.000
25805,2080,15.625000,25000000.000
25806,2079,15.136719,25000000.000
25807,2078,14.648438,25000000.000
25808,2074,12.695312,25000000.000
25809,2070,10.742188,25000000.000
25810,2066,8.789062,25000000.000
25811,2065,8.300781,25000000.000
25812,2056,3.906250,25000000.000
25813,2051,1.464844,25000000.000
25814,2045,-1.464844,25000000.000
25815,2044,-1.953125,25000000.000
25816,2035,-6.347656,25000000.000
25817,2030,-8.789062,25000000.000
25818,2025,-11.230469,25000000.000
25819,2025,-11.230469,25000000.000
25820,2018,-14.648438,25000000.000
25821,2015,-16.113281,25000000.000
25822,2012,-17.578125,25000000.000
25823,2012,-17.578125,25000000.000
25824,2009,-19.042969,25000000.000
25825,2009,-19.042969,25000000.000
25826,2011,-18.066406,25000000.000
25827,2010,-18.554688,25000000.000
25828,2015,-16.113281,25000000.000
25829,2018,-14.648438,25000000.000
25830,2023,-12.207031,25000000.000
25831,2023,-12.207031,25000000.000
25832,2032,-7.812500,25000000.000
25833,2037,-5.371094,25000000.000
25834,2043,-2.441406,25000000.000
25835,2044,-1.953125,25000000.000
25836,2053,2.441406,25000000.000
25837,2059,5.371094,25000000.000
25838,2065,8.300781,25000000.000
25839,2064,7.812500,25000000.000
25840,2072,11.718750,25000000.000
25841,2075,13.183594,25000000.000
25842,2078,14.648438,25000000.000
25843,2079,15.136719,25000000.000
25844,2081,16.113281,25000000.000
25845,2081,16.113281,25000000.000
25846,2081,16.113281,25000000.000
25847,2080,15.625000,25000000.000
25848,2076,13.671875,25000000.000
25849,2072,11.718750,25000000.000
25850,2068,9.765625,25000000.000
25851,2067,9.277344,25000000.000
25852,2061,6.347656,25000000.000
25853,2055,3.417969,25000000.000
25854,2050,0.976562,25000000.000
25855,2049,0.488281,25000000.000
25856,2039,-4.394531,25000000.000
25857,2034,-6.835938,25000000.000
25858,2030,-8.789062,25000000.000
25859,2028,-9.765625,25000000.000
25860,2039,-4.394531,25000000.000
25861,2030,-8.789062,25000000.000
25862,2009,-19.042969,25000000.000
25863,2008,-19.531250,25000000.000
25864,2010,-18.554688,25000000.000
25865,2012,-17.578125,25000000.000
25866,2010,-18.554688,25000000.000
25867,2012,-17.578125,25000000.000
25868,2014,-16.601562,25000000.000
25869,2015,-16.113281,25000000.000
25870,2017,-15.136719,25000000.000
25871,2019,-14.160156,25000000.000
25872,2027,-10.253906,25000000.000
25873,2033,-7.324219,25000000.000
25874,2038,-4.882812,25000000.000
25875,2040,-3.906250,25000000.000
25876,2049,0.488281,25000000.000
25877,2055,3.417969,25000000.000
25878,2061,6.347656,25000000.000
25879,2060,5.859375,25000000.000
25880,2071,11.230469,25000000.000
25881,2074,12.695312,25000000.000
25882,2078,14.648438,25000000.000
25883,2078,14.648438,25000000.000
25884,2084,17.578125,25000000.000
25885,2081,16.113281,25000000.000
25886,2078,14.648438,25000000.000
25887,2081,16.113281,25000000.000
25888,2080,15.625000,25000000.000
25889,2078,14.648438,25000000.000
25890,2073,12.207031,25000000.000
25891,2073,12.207031,25000000.000
25892,2064,7.812500,25000000.000
25893,2060,5.859375,25000000.000
25894,2056,3.906250,25000000.000
25895,2054,2.929688,25000000.000
25896,2043,-2.441406,25000000.000
25897,2040,-3.906250,25000000.000
25898,2034,-6.835938,25000000.000
25899,2033,-7.324219,25000000.000
25900,2023,-12.207031,25000000.000
25901,2019,-14.160156,25000000.000
25902,2017,-15.136719,25000000.000
25903,2016,-15.625000,25000000.000
25904,2012,-17.578125,25000000.000
25905,2010,-18.554688,25000000.000
25906,2010,-18.554688,25000000.000
25907,2011,-18.066406,25000000.000
25908,2013,-17.089844,25000000.000
25909,2014,-16.601562,25000000.000
25910,2017,-15.136719,25000000.000
25911,2017,-15.136719,25000000.000
25912,2025,-11.230469,25000000.000
25913,2028,-9.765625,25000000.000
25914,2034,-6.835938,25000000.000
25915,2034,-6.835938,25000000.000
25916,2045,-1.464844,25000000.000
25917,2051,1.464844,25000000.000
25918,2056,3.906250,25000000.000
25919,2057,4.394531,25000000.000
25920,2065,8.300781,25000000.000
25921,2071,11.230469,25000000.000
25922,2075,13.183594,25000000.000
25923,2075,13.183594,25000000.000
25924,2080,15.625000,25000000.000
25925,2082,16.601562,25000000.000
25926,2082,16.601562,25000000.000
25927,2084,17.578125,25000000.000
25928,2082,16.601562,25000000.000
25929,2079,15.136719,25000000.000
25930,2077,14.160156,25000000.000
25931,2076,13.671875,25000000.000
25932,2070,10.742188,25000000.000
25933,2065,8.300781,25000000.000
25934,2060,5.859375,25000000.000
25935,2058,4.882812,25000000.000
25936,2051,1.464844,25000000.000
25937,2044,-1.953125,25000000.000
25938,2038,-4.882812,25000000.000
25939,2039,-4.394531,25000000.000
25940,2028,-9.765625,25000000.000
25941,2024,-11.718750,25000000.000
25942,2020,-13.671875,25000000.000
25943,2019,-14.160156,25000000.000
25944,2013,-17.089844,25000000.000
25945,2011,-18.066406,25000000.000
25946,2010,-18.554688,25000000.000
25947,2010,-18.554688,25000000.000
25948,2011,-18.066406,25000000.000
25949,2012,-17.578125,25000000.000
25950,2014,-16.601562,25000000.000
25951,2015,-16.113281,25000000.000
25952,2022,-12.695312,25000000.000
25953,2026,-10.742188,25000000.000
25954,2031,-8.300781,25000000.000
25955,2030,-8.789062,25000000.000
25956,2040,-3.906250,25000000.000
25957,2047,-0.488281,25000000.000
25958,2052,1.953125,25000000.000
25959,2054,2.929688,25000000.000
25960,2063,7.324219,25000000.000
25961,2066,8.789062,25000000.000
25962,2072,11.718750,25000000.000
25963,2072,11.718750,25000000.000
25964,2078,14.648438,25000000.000
25965,2080,15.625000,25000000.000
25966,2081,16.113281,25000000.000
25967,2081,16.113281,25000000.000
25968,2082,16.601562,25000000.000
25969,2080,15.625000,25000000.000
25970,2079,15.136719,25000000.000
25971,2078,14.648438,25000000.000
25972,2071,11.230469,25000000.000
25973,2068,9.765625,25000000.000
25974,2062,6.835938,25000000.000
25975,2063,7.324219,25000000.000
25976,2054,2.929688,25000000.000
25977,2047,-0.488281,25000000.000
25978,2043,-2.441406,25000000.000
25979,2041,-3.417969,25000000.000
25980,2031,-8.300781,25000000.000
25981,2026,-10.742188,25000000.000
25982,2022,-12.695312,25000000.000
25983,2021,-13.183594,25000000.000
25984,2016,-15.625000,25000000.000
25985,2013,-17.089844,25000000.000
25986,2011,-18.066406,25000000.000
25987,2010,-18.554688,25000000.000
25988,2009,-19.042969,25000000.000
25989,2010,-18.554688,25000000.000
25990,2011,-18.066406,25000000.000
25991,2011,-18.066406,25000000.000
25992,2017,-15.136719,25000000.000
25993,2020,-13.671875,25000000.000
25994,2025,-11.230469,25000000.000
25995,2026,-10.742188,25000000.000
25996,2035,-6.347656,25000000.000
25997,2040,-3.906250,25000000.000
25998,2048,0.000000,25000000.000
25999,2046,-0.976562,25000000.000
26000,2057,4.394531,25000000.000
26001,2062,6.835938,25000000.000
26002,2068,9.765625,25000000.000
26003,2068,9.765625,25000000.000
26004,2075,13.183594,25000000.000
26005,2078,14.648438,25000000.000
26006,2080,15.625000,25000000.000
26007,2081,16.113281,25000000.000
26008,2081,16.113281,25000000.000
26009,2081,16.113281,25000000.000
26010,2080,15.625000,25000000.000
26011,2079,15.136719,25000000.000
26012,2075,13.183594,25000000.000
26013,2070,10.742188,25000000.000
26014,2066,8.789062,25000000.000
26015,2067,9.277344,25000000.000
26016,2057,4.394531,25000000.000
26017,2052,1.953125,25000000.000
26018,2045,-1.464844,25000000.000
26019,2045,-1.464844,25000000.000
26020,2036,-5.859375,25000000.000
26021,2030,-8.789062,25000000.000
26022,2026,-10.742188,25000000.000
26023,2024,-11.718750,25000000.000
26024,2018,-14.648438,25000000.000
26025,2014,-16.601562,25000000.000
26026,2012,-17.578125,25000000.000
26027,2012,-17.578125,25000000.000
26028,2010,-18.554688,25000000.000
26029,2009,-19.042969,25000000.000
26030,2010,-18.554688,25000000.000
26031,2011,-18.066406,25000000.000
26032,2014,-16.601562,25000000.000
26033,2017,-15.136719,25000000.000
26034,2022,-12.695312,25000000.000
26035,2022,-12.695312,25000000.000
26036,2031,-8.300781,25000000.000
26037,2037,-5.371094,25000000.000
26038,2042,-2.929688,25000000.000
26039,2043,-2.441406,25000000.000
26040,2054,2.929688,25000000.000
26041,2058,4.882812,25000000.000
26042,2064,7.812500,25000000.000
26043,2064,7.812500,25000000.000
26044,2072,11.718750,25000000.000
26045,2075,13.183594,25000000.000
26046,2078,14.648438,25000000.000
26047,2079,15.136719,25000000.000
26048,2082,16.601562,25000000.000
26049,2083,17.089844,25000000.000
26050,2081,16.113281,25000000.000
26051,2080,15.625000,25000000.000
26052,2078,14.648438,25000000.000
26053,2075,13.183594,25000000.000
26054,2069,10.253906,25000000.000
26055,2071,11.230469,25000000.000
26056,2061,6.347656,25000000.000
26057,2056,3.906250,25000000.000
26058,2050,0.976562,25000000.000
26059,2049,0.488281,25000000.000
26060,2039,-4.394531,25000000.000
26061,2035,-6.347656,25000000.000
26062,2030,-8.789062,25000000.000
26063,2029,-9.277344,25000000.000
26064,2022,-12.695312,25000000.000
26065,2018,-14.648438,25000000.000
26066,2014,-16.601562,25000000.000
26067,2013,-17.089844,25000000.000
26068,2011,-18.066406,25000000.000
26069,2010,-18.554688,25000000.000
26070,2011,-18.066406,25000000.000
26071,2011,-18.066406,25000000.000
26072,2013,-17.089844,25000000.000
26073,2017,-15.136719,25000000.000
26074,2019,-14.160156,25000000.000
26075,2019,-14.160156,25000000.000
26076,2028,-9.765625,25000000.000
26077,2034,-6.835938,25000000.000
26078,2038,-4.882812,25000000.000
26079,2038,-4.882812,25000000.000
26080,2048,0.000000,25000000.000
26081,2054,2.929688,25000000.000
26082,2060,5.859375,25000000.000
26083,2060,5.859375,25000000.000
26084,2069,10.253906,25000000.000
26085,2074,12.695312,25000000.000
26086,2077,14.160156,25000000.000
26087,2075,13.183594,25000000.000
26088,2080,15.625000,25000000.000
26089,2081,16.113281,25000000.000
26090,2082,16.601562,25000000.000
26091,2082,16.601562,25000000.000
26092,2080,15.625000,25000000.000
26093,2078,14.648438,25000000.000
26094,2074,12.695312,25000000.000
26095,2074,12.695312,25000000.000
26096,2066,8.789062,25000000.000
26097,2062,6.835938,25000000.000
26098,2057,4.394531,25000000.000
26099,2056,3.906250,25000000.000
26100,2045,-1.464844,25000000.000
26101,2040,-3.906250,25000000.000
26102,2035,-6.347656,25000000.000
26103,2034,-6.835938,25000000.000
26104,2025,-11.230469,25000000.000
26105,2021,-13.183594,25000000.000
26106,2018,-14.648438,25000000.000
26107,2017,-15.136719,25000000.000
26108,2012,-17.578125,25000000.000
26109,2010,-18.554688,25000000.000
26110,2011,-18.066406,25000000.000
26111,2010,-18.554688,25000000.000
26112,2011,-18.066406,25000000.000
26113,2013,-17.089844,25000000.000
26114,2016,-15.625000,25000000.000
26115,2015,-16.113281,25000000.000
26116,2023,-12.207031,25000000.000
26117,2028,-9.765625,25000000.000
26118,2033,-7.324219,25000000.000
26119,2033,-7.324219,25000000.000
26120,2044,-1.953125,25000000.000
26121,2048,0.000000,25000000.000
26122,2055,3.417969,25000000.000
26123,2055,3.417969,25000000.000
26124,2065,8.300781,25000000.000
26125,2070,10.742188,25000000.000
26126,2074,12.695312,25000000.000
26127,2073,12.207031,25000000.000
26128,2079,15.136719,25000000.000
26129,2081,16.113281,25000000.000
26130,2082,16.601562,25000000.000
26131,2083,17.089844,25000000.000
26132,2080,15.625000,25000000.000
26133,2079,15.136719,25000000.000
26134,2076,13.671875,25000000.000
26135,2076,13.671875,25000000.000
26136,2069,10.253906,25000000.000
26137,2065,8.300781,25000000.000
26138,2060,5.859375,25000000.000
26139,2059,5.371094,25000000.000
26140,2051,1.464844,25000000.000
26141,2045,-1.464844,25000000.000
26142,2040,-3.906250,25000000.000
26143,2038,-4.882812,25000000.000
26144,2030,-8.789062,25000000.000
26145,2024,-11.718750,25000000.000
26146,2020,-13.671875,25000000.000
26147,2020,-13.671875,25000000.000
26148,2014,-16.601562,25000000.000
26149,2012,-17.578125,25000000.000
26150,2010,-18.554688,25000000.000
26151,2010,-18.554688,25000000.000
26152,2010,-18.554688,25000000.000
26153,2012,-17.578125,25000000.000
26154,2014,-16.601562,25000000.000
26155,2014,-16.601562,25000000.000
26156,2020,-13.671875,25000000.000
26157,2025,-11.230469,25000000.000
26158,2028,-9.765625,25000000.000
26159,2029,-9.277344,25000000.000
26160,2040,-3.906250,25000000.000
26161,2045,-1.464844,25000000.000
26162,2051,1.464844,25000000.000
26163,2051,1.464844,25000000.000
26164,2061,6.347656,25000000.000
26165,2065,8.300781,25000000.000
26166,2070,10.742188,25000000.000
26167,2070,10.742188,25000000.000
26168,2077,14.160156,25000000.000
26169,2079,15.136719,25000000.000
26170,2079,15.136719,25000000.000
26171,2081,16.113281,25000000.000
26172,2081,16.113281,25000000.000
26173,2080,15.625000,25000000.000
26174,2078,14.648438,25000000.000
26175,2077,14.160156,25000000.000
26176,2072,11.718750,25000000.000
26177,2069,10.253906,25000000.000
26178,2065,8.300781,25000000.000
26179,2063,7.324219,25000000.000
26180,2054,2.929688,25000000.000
26181,2049,0.488281,25000000.000
26182,2043,-2.441406,25000000.000
26183,2042,-2.929688,25000000.000
26184,2033,-7.324219,25000000.000
26185,2028,-9.765625,25000000.000
26186,2024,-11.718750,25000000.000
26187,2023,-12.207031,25000000.000
26188,2016,-15.625000,25000000.000
26189,2014,-16.601562,25000000.000
26190,2012,-17.578125,25000000.000
26191,2011,-18.066406,25000000.000
26192,2009,-19.042969,25000000.000
26193,2009,-19.042969,25000000.000
26194,2012,-17.578125,25000000.000
26195,2012,-17.578125,25000000.000
26196,2017,-15.136719,25000000.000
26197,2020,-13.671875,25000000.000
26198,2025,-11.230469,25000000.000
26199,2024,-11.718750,25000000.000
26200,2033,-7.324219,25000000.000
26201,2039,-4.394531,25000000.000
26202,2046,-0.976562,25000000.000
26203,2045,-1.464844,25000000.000
26204,2056,3.906250,25000000.000
26205,2061,6.347656,25000000.000
26206,2066,8.789062,25000000.000
26207,2066,8.789062,25000000.000
26208,2074,12.695312,25000000.000
26209,2077,14.160156,25000000.000
26210,2080,15.625000,25000000.000
26211,2079,15.136719,25000000.000
26212,2082,16.601562,25000000.000
26213,2081,16.113281,25000000.000
26214,2080,15.625000,25000000.000
26215,2080,15.625000,25000000.000
26216,2076,13.671875,25000000.000
26217,2073,12.207031,25000000.000
26218,2068,9.765625,25000000.000
26219,2067,9.277344,25000000.000
26220,2058,4.882812,25000000.000
26221,2052,1.953125,25000000.000
26222,2048,0.000000,25000000.000
26223,2047,-0.488281,25000000.000
26224,2036,-5.859375,25000000.000
26225,2032,-7.812500,25000000.000
26226,2026,-10.742188,25000000.000
26227,2026,-10.742188,25000000.000
26228,2018,-14.648438,25000000.000
26229,2014,-16.601562,25000000.000
26230,2012,-17.578125,25000000.000
26231,2012,-17.578125,25000000.000
26232,2010,-18.554688,25000000.000
26233,2007,-20.019531,25000000.000
26234,2011,-18.066406,25000000.000
26235,2006,-20.507812,25000000.000
26236,2014,-16.601562,25000000.000
26237,2016,-15.625000,25000000.000
26238,2020,-13.671875,25000000.000
26239,2021,-13.183594,25000000.000
26240,2031,-8.300781,25000000.000
26241,2034,-6.835938,25000000.000
26242,2041,-3.417969,25000000.000
26243,2042,-2.929688,25000000.000
26244,2052,1.953125,25000000.000
26245,2057,4.394531,25000000.000
26246,2062,6.835938,25000000.000
26247,2062,6.835938,25000000.000
26248,2072,11.718750,25000000.000
26249,2074,12.695312,25000000.000
26250,2078,14.648438,25000000.000
26251,2077,14.160156,25000000.000
26252,2080,15.625000,25000000.000
26253,2081,16.113281,25000000.000
26254,2082,16.601562,25000000.000
26255,2081,16.113281,25000000.000
26256,2078,14.648438,25000000.000
26257,2076,13.671875,25000000.000
26258,2071,11.230469,25000000.000
26259,2071,11.230469,25000000.000
26260,2063,7.324219,25000000.000
26261,2058,4.882812,25000000.000
26262,2052,1.953125,25000000.000
26263,2052,1.953125,25000000.000
26264,2043,-2.441406,25000000.000
26265,2037,-5.371094,25000000.000
26266,2031,-8.300781,25000000.000
26267,2030,-8.789062,25000000.000
26268,2022,-12.695312,25000000.000
26269,2018,-14.648438,25000000.000
26270,2015,-16.113281,25000000.000
26271,2015,-16.113281,25000000.000
26272,2013,-17.089844,25000000.000
26273,2011,-18.066406,25000000.000
26274,2011,-18.066406,25000000.000
26275,2010,-18.554688,25000000.000
26276,2013,-17.089844,25000000.000
26277,2015,-16.113281,25000000.000
26278,2018,-14.648438,25000000.000
26279,2019,-14.160156,25000000.000
26280,2027,-10.253906,25000000.000
26281,2031,-8.300781,25000000.000
26282,2037,-5.371094,25000000.000
26283,2036,-5.859375,25000000.000
26284,2051,1.464844,25000000.000
26285,2052,1.953125,25000000.000
26286,2057,4.394531,25000000.000
26287,2061,6.347656,25000000.000
26288,2069,10.253906,25000000.000
26289,2073,12.207031,25000000.000
26290,2075,13.183594,25000000.000
26291,2076,13.671875,25000000.000
26292,2080,15.625000,25000000.000
26293,2082,16.601562,25000000.000
26294,2082,16.601562,25000000.000
26295,2082,16.601562,25000000.000
26296,2080,15.625000,25000000.000
26297,2078,14.648438,25000000.000
26298,2075,13.183594,25000000.000
26299,2074,12.695312,25000000.000
26300,2066,8.789062,25000000.000
26301,2062,6.835938,25000000.000
26302,2057,4.394531,25000000.000
26303,2056,3.906250,25000000.000
26304,2046,-0.976562,25000000.000
26305,2042,-2.929688,25000000.000
26306,2035,-6.347656,25000000.000
26307,2035,-6.347656,25000000.000
26308,2025,-11.230469,25000000.000
26309,2021,-13.183594,25000000.000
26310,2018,-14.648438,25000000.000
26311,2017,-15.136719,25000000.000
26312,2012,-17.578125,25000000.000
26313,2010,-18.554688,25000000.000
26314,2009,-19.042969,25000000.000
26315,2010,-18.554688,25000000.000
26316,2012,-17.578125,25000000.000
26317,2014,-16.601562,25000000.000
26318,2015,-16.113281,25000000.000
26319,2016,-15.625000,25000000.000
26320,2024,-11.718750,25000000.000
26321,2027,-10.253906,25000000.000
26322,2033,-7.324219,25000000.000
26323,2034,-6.835938,25000000.000
26324,2044,-1.953125,25000000.000
26325,2050,0.976562,25000000.000
26326,2055,3.417969,25000000.000
26327,2055,3.417969,25000000.000
26328,2064,7.812500,25000000.000
26329,2070,10.742188,25000000.000
26330,2073,12.207031,25000000.000
26331,2074,12.695312,25000000.000
26332,2080,15.625000,25000000.000
26333,2081,16.113281,25000000.000
26334,2082,16.601562,25000000.000
26335,2082,16.601562,25000000.000
26336,2081,16.113281,25000000.000
26337,2080,15.625000,25000000.000
26338,2078,14.648438,25000000.000
26339,2077,14.160156,25000000.000
26340,2071,11.230469,25000000.000
26341,2066,8.789062,25000000.000
26342,2062,6.835938,25000000.000
26343,2061,6.347656,25000000.000
26344,2051,1.464844,25000000.000
26345,2046,-0.976562,25000000.000
26346,2040,-3.906250,25000000.000
26347,2040,-3.906250,25000000.000
26348,2031,-8.300781,25000000.000
26349,2025,-11.230469,25000000.000
26350,2021,-13.183594,25000000.000
26351,2020,-13.671875,25000000.000
26352,2015,-16.113281,25000000.000
26353,2012,-17.578125,25000000.000
26354,2010,-18.554688,25000000.000
26355,2011,-18.066406,25000000.000
26356,2010,-18.554688,25000000.000
26357,2011,-18.066406,25000000.000
26358,2014,-16.601562,25000000.000
26359,2013,-17.089844,25000000.000
26360,2018,-14.648438,25000000.000
26361,2023,-12.207031,25000000.000
26362,2029,-9.277344,25000000.000
26363,2027,-10.253906,25000000.000
26364,2038,-4.882812,25000000.000
26365,2043,-2.441406,25000000.000
26366,2048,0.000000,25000000.000
26367,2048,0.000000,25000000.000
26368,2060,5.859375,25000000.000
26369,2064,7.812500,25000000.000
26370,2068,9.765625,25000000.000
26371,2069,10.253906,25000000.000
26372,2076,13.671875,25000000.000
26373,2079,15.136719,25000000.000
26374,2081,16.113281,25000000.000
26375,2081,16.113281,25000000.000
26376,2081,16.113281,25000000.000
26377,2081,16.113281,25000000.000
26378,2079,15.136719,25000000.000
26379,2079,15.136719,25000000.000
26380,2073,12.207031,25000000.000
26381,2069,10.253906,25000000.000
26382,2065,8.300781,25000000.000
26383,2064,7.812500,25000000.000
26384,2056,3.906250,25000000.000
26385,2050,0.976562,25000000.000
26386,2045,-1.464844,25000000.000
26387,2044,-1.953125,25000000.000
26388,2034,-6.835938,25000000.000
26389,2028,-9.765625,25000000.000
26390,2024,-11.718750,25000000.000
26391,2024,-11.718750,25000000.000
26392,2016,-15.625000,25000000.000
26393,2014,-16.601562,25000000.000
26394,2011,-18.066406,25000000.000
26395,2011,-18.066406,25000000.000
26396,2009,-19.042969,25000000.000
26397,2009,-19.042969,25000000.000
26398,2011,-18.066406,25000000.000
26399,2011,-18.066406,25000000.000
26400,2015,-16.113281,25000000.000
26401,2019,-14.160156,25000000.000
26402,2023,-12.207031,25000000.000
26403,2024,-11.718750,25000000.000
26404,2032,-7.812500,25000000.000
26405,2038,-4.882812,25000000.000
26406,2043,-2.441406,25000000.000
26407,2044,-1.953125,25000000.000
26408,2054,2.929688,25000000.000
26409,2061,6.347656,25000000.000
26410,2064,7.812500,25000000.000
26411,2066,8.789062,25000000.000
26412,2073,12.207031,25000000.000
26413,2077,14.160156,25000000.000
26414,2078,14.648438,25000000.000
26415,2079,15.136719,25000000.000
26416,2081,16.113281,25000000.000
26417,2081,16.113281,25000000.000
26418,2081,16.113281,25000000.000
26419,2080,15.625000,25000000.000
26420,2076,13.671875,25000000.000
26421,2073,12.207031,25000000.000
26422,2069,10.253906,25000000.000
26423,2068,9.765625,25000000.000
26424,2059,5.371094,25000000.000
26425,2055,3.417969,25000000.000
26426,2050,0.976562,25000000.000
26427,2048,0.000000,25000000.000
26428,2039,-4.394531,25000000.000
26429,2034,-6.835938,25000000.000
26430,2029,-9.277344,25000000.000
26431,2028,-9.765625,25000000.000
26432,2021,-13.183594,25000000.000
26433,2016,-15.625000,25000000.000
26434,2012,-17.578125,25000000.000
26435,2014,-16.601562,25000000.000
26436,2010,-18.554688,25000000.000
26437,2010,-18.554688,25000000.000
26438,2009,-19.042969,25000000.000
26439,2010,-18.554688,25000000.000
26440,2014,-16.601562,25000000.000
26441,2017,-15.136719,25000000.000
26442,2020,-13.671875,25000000.000
26443,2021,-13.183594,25000000.000
26444,2028,-9.765625,25000000.000
26445,2033,-7.324219,25000000.000
26446,2039,-4.394531,25000000.000
26447,2039,-4.394531,25000000.000
26448,2050,0.976562,25000000.000
26449,2056,3.906250,25000000.000
26450,2062,6.835938,25000000.000
26451,2061,6.347656,25000000.000
26452,2070,10.742188,25000000.000
26453,2073,12.207031,25000000.000
26454,2077,14.160156,25000000.000
26455,2077,14.160156,25000000.000
26456,2081,16.113281,25000000.000
26457,2081,16.113281,25000000.000
26458,2082,16.601562,25000000.000
26459,2081,16.113281,25000000.000
26460,2079,15.136719,25000000.000
26461,2076,13.671875,25000000.000
26462,2073,12.207031,25000000.000
26463,2073,12.207031,25000000.000
26464,2065,8.300781,25000000.000
26465,2059,5.371094,25000000.000
26466,2054,2.929688,25000000.000
26467,2053,2.441406,25000000.000
26468,2043,-2.441406,25000000.000
26469,2039,-4.394531,25000000.000
26470,2033,-7.324219,25000000.000
26471,2033,-7.324219,25000000.000
26472,2024,-11.718750,25000000.000
26473,2021,-13.183594,25000000.000
26474,2017,-15.136719,25000000.000
26475,2016,-15.625000,25000000.000
26476,2012,-17.578125,25000000.000
26477,2010,-18.554688,25000000.000
26478,2010,-18.554688,25000000.000
26479,2010,-18.554688,25000000.000
26480,2013,-17.089844,25000000.000
26481,2015,-16.113281,25000000.000
26482,2018,-14.648438,25000000.000
26483,2018,-14.648438,25000000.000
26484,2025,-11.230469,25000000.000
26485,2029,-9.277344,25000000.000
26486,2035,-6.347656,25000000.000
26487,2035,-6.347656,25000000.000
26488,2046,-0.976562,25000000.000
26489,2050,0.976562,25000000.000
26490,2055,3.417969,25000000.000
26491,2057,4.394531,25000000.000
26492,2068,9.765625,25000000.000
26493,2072,11.718750,25000000.000
26494,2074,12.695312,25000000.000
26495,2075,13.183594,25000000.000
26496,2080,15.625000,25000000.000
26497,2082,16.601562,25000000.000
26498,2082,16.601562,25000000.000
26499,2080,15.625000,25000000.000
26500,2080,15.625000,25000000.000
26501,2079,15.136719,25000000.000
26502,2076,13.671875,25000000.000
26503,2076,13.671875,25000000.000
26504,2069,10.253906,25000000.000
26505,2064,7.812500,25000000.000
26506,2059,5.371094,25000000.000
26507,2058,4.882812,25000000.000
26508,2049,0.488281,25000000.000
26509,2044,-1.953125,25000000.000
26510,2039,-4.394531,25000000.000
26511,2039,-4.394531,25000000.000
26512,2028,-9.765625,25000000.000
26513,2024,-11.718750,25000000.000
26514,2019,-14.160156,25000000.000
26515,2018,-14.648438,25000000.000
26516,2014,-16.601562,25000000.000
26517,2012,-17.578125,25000000.000
26518,2010,-18.554688,25000000.000
26519,2012,-17.578125,25000000.000
26520,2011,-18.066406,25000000.000
26521,2012,-17.578125,25000000.000
26522,2015,-16.113281,25000000.000
26523,2015,-16.113281,25000000.000
26524,2020,-13.671875,25000000.000
26525,2027,-10.253906,25000000.000
26526,2030,-8.789062,25000000.000
26527,2031,-8.300781,25000000.000
26528,2040,-3.906250,25000000.000
26529,2047,-0.488281,25000000.000
26530,2052,1.953125,25000000.000
26531,2053,2.441406,25000000.000
26532,2062,6.835938,25000000.000
26533,2068,9.765625,25000000.000
26534,2072,11.718750,25000000.000
26535,2072,11.718750,25000000.000
26536,2077,14.160156,25000000.000
26537,2081,16.113281,25000000.000
26538,2082,16.601562,25000000.000
26539,2081,16.113281,25000000.000
26540,2081,16.113281,25000000.000
26541,2079,15.136719,25000000.000
26542,2077,14.160156,25000000.000
26543,2078,14.648438,25000000.000
26544,2071,11.230469,25000000.000
26545,2067,9.277344,25000000.000
26546,2063,7.324219,25000000.000
26547,2062,6.835938,25000000.000
26548,2052,1.953125,25000000.000
26549,2047,-0.488281,25000000.000
26550,2043,-2.441406,25000000.000
26551,2042,-2.929688,25000000.000
26552,2031,-8.300781,25000000.000
26553,2028,-9.765625,25000000.000
26554,2023,-12.207031,25000000.000
26555,2024,-11.718750,25000000.000
26556,2015,-16.113281,25000000.000
26557,2014,-16.601562,25000000.000
26558,2012,-17.578125,25000000.000
26559,2011,-18.066406,25000000.000
26560,2010,-18.554688,25000000.000
26561,2011,-18.066406,25000000.000
26562,2013,-17.089844,25000000.000
26563,2014,-16.601562,25000000.000
26564,2018,-14.648438,25000000.000
26565,2021,-13.183594,25000000.000
26566,2025,-11.230469,25000000.000
26567,2026,-10.742188,25000000.000
26568,2035,-6.347656,25000000.000
26569,2041,-3.417969,25000000.000
26570,2046,-0.976562,25000000.000
26571,2047,-0.488281,25000000.000
26572,2058,4.882812,25000000.000
26573,2062,6.835938,25000000.000
26574,2066,8.789062,25000000.000
26575,2068,9.765625,25000000.000
26576,2075,13.183594,25000000.000
26577,2077,14.160156,25000000.000
26578,2079,15.136719,25000000.000
26579,2080,15.625000,25000000.000
26580,2081,16.113281,25000000.000
26581,2078,14.648438,25000000.000
26582,2082,16.601562,25000000.000
26583,2078,14.648438,25000000.000
26584,2071,11.230469,25000000.000
26585,2071,11.230469,25000000.000
26586,2067,9.277344,25000000.000
26587,2066,8.789062,25000000.000
26588,2055,3.417969,25000000.000
26589,2053,2.441406,25000000.000
26590,2047,-0.488281,25000000.000
26591,2046,-0.976562,25000000.000
26592,2037,-5.371094,25000000.000
26593,2032,-7.812500,25000000.000
26594,2026,-10.742188,25000000.000
26595,2026,-10.742188,25000000.000
26596,2018,-14.648438,25000000.000
26597,2015,-16.113281,25000000.000
26598,2014,-16.601562,25000000.000
26599,2013,-17.089844,25000000.000
26600,2010,-18.554688,25000000.000
26601,2011,-18.066406,25000000.000
26602,2010,-18.554688,25000000.000
26603,2011,-18.066406,25000000.000
26604,2015,-16.113281,25000000.000
26605,2018,-14.648438,25000000.000
26606,2021,-13.183594,25000000.000
26607,2021,-13.183594,25000000.000
26608,2031,-8.300781,25000000.000
26609,2037,-5.371094,25000000.000
26610,2042,-2.929688,25000000.000
26611,2041,-3.417969,25000000.000
26612,2053,2.441406,25000000.000
26613,2057,4.394531,25000000.000
26614,2063,7.324219,25000000.000
26615,2062,6.835938,25000000.000
26616,2071,11.230469,25000000.000
26617,2075,13.183594,25000000.000
26618,2077,14.160156,25000000.000
26619,2077,14.160156,25000000.000
26620,2079,15.136719,25000000.000
26621,2080,15.625000,25000000.000
26622,2080,15.625000,25000000.000
26623,2079,15.136719,25000000.000
26624,2075,13.183594,25000000.000
26625,2073,12.207031,25000000.000
26626,2070,10.742188,25000000.000
26627,2070,10.742188,25000000.000
26628,2061,6.347656,25000000.000
26629,2057,4.394531,25000000.000
26630,2051,1.464844,25000000.000
26631,2051,1.464844,25000000.000
26632,2040,-3.906250,25000000.000
26633,2035,-6.347656,25000000.000
26634,2033,-7.324219,25000000.000
26635,2027,-10.253906,25000000.000
26636,2021,-13.183594,25000000.000
26637,2019,-14.160156,25000000.000
26638,2015,-16.113281,25000000.000
26639,2015,-16.113281,25000000.000
26640,2011,-18.066406,25000000.000
26641,2010,-18.554688,25000000.000
26642,2010,-18.554688,25000000.000
26643,2012,-17.578125,25000000.000
26644,2013,-17.089844,25000000.000
26645,2016,-15.625000,25000000.000
26646,2020,-13.671875,25000000.000
26647,2020,-13.671875,25000000.000
26648,2027,-10.253906,25000000.000
26649,2033,-7.324219,25000000.000
26650,2038,-4.882812,25000000.000
26651,2039,-4.394531,25000000.000
26652,2047,-0.488281,25000000.000
26653,2053,2.441406,25000000.000
26654,2060,5.859375,25000000.000
26655,2060,5.859375,25000000.000
26656,2067,9.277344,25000000.000
26657,2072,11.718750,25000000.000
26658,2074,12.695312,25000000.000
26659,2076,13.671875,25000000.000
26660,2080,15.625000,25000000.000
26661,2080,15.625000,25000000.000
26662,2082,16.601562,25000000.000
26663,2081,16.113281,25000000.000
26664,2078,14.648438,25000000.000
26665,2076,13.671875,25000000.000
26666,2073,12.207031,25000000.000
26667,2073,12.207031,25000000.000
26668,2065,8.300781,25000000.000
26669,2060,5.859375,25000000.000
26670,2056,3.906250,25000000.000
26671,2055,3.417969,25000000.000
26672,2045,-1.464844,25000000.000
26673,2040,-3.906250,25000000.000
26674,2035,-6.347656,25000000.000
26675,2034,-6.835938,25000000.000
26676,2026,-10.742188,25000000.000
26677,2022,-12.695312,25000000.000
26678,2019,-14.160156,25000000.000
26679,2018,-14.648438,25000000.000
26680,2014,-16.601562,25000000.000
26681,2012,-17.578125,25000000.000
26682,2013,-17.089844,25000000.000
26683,2013,-17.089844,25000000.000
26684,2013,-17.089844,25000000.000
26685,2014,-16.601562,25000000.000
26686,2017,-15.136719,25000000.000
26687,2019,-14.160156,25000000.000
26688,2025,-11.230469,25000000.000
26689,2029,-9.277344,25000000.000
26690,2034,-6.835938,25000000.000
26691,2035,-6.347656,25000000.000
26692,2045,-1.464844,25000000.000
26693,2050,0.976562,25000000.000
26694,2054,2.929688,25000000.000
26695,2056,3.906250,25000000.000
26696,2065,8.300781,25000000.000
26697,2070,10.742188,25000000.000
26698,2074,12.695312,25000000.000
26699,2074,12.695312,25000000.000
26700,2079,15.136719,25000000.000
26701,2080,15.625000,25000000.000
26702,2081,16.113281,25000000.000
26703,2081,16.113281,25000000.000
26704,2079,15.136719,25000000.000
26705,2078,14.648438,25000000.000
26706,2076,13.671875,25000000.000
26707,2075,13.183594,25000000.000
26708,2069,10.253906,25000000.000
26709,2066,8.789062,25000000.000
26710,2060,5.859375,25000000.000
26711,2060,5.859375,25000000.000
26712,2050,0.976562,25000000.000
26713,2045,-1.464844,25000000.000
26714,2039,-4.394531,25000000.000
26715,2038,-4.882812,25000000.000
26716,2030,-8.789062,25000000.000
26717,2026,-10.742188,25000000.000
26718,2022,-12.695312,25000000.000
26719,2021,-13.183594,25000000.000
26720,2015,-16.113281,25000000.000
26721,2013,-17.089844,25000000.000
26722,2012,-17.578125,25000000.000
26723,2012,-17.578125,25000000.000
26724,2013,-17.089844,25000000.000
26725,2013,-17.089844,25000000.000
26726,2014,-16.601562,25000000.000
26727,2015,-16.113281,25000000.000
26728,2021,-13.183594,25000000.000
26729,2026,-10.742188,25000000.000
26730,2030,-8.789062,25000000.000
26731,2031,-8.300781,25000000.000
26732,2040,-3.906250,25000000.000
26733,2045,-1.464844,25000000.000
26734,2050,0.976562,25000000.000
26735,2052,1.953125,25000000.000
26736,2060,5.859375,25000000.000
26737,2066,8.789062,25000000.000
26738,2070,10.742188,25000000.000
26739,2071,11.230469,25000000.000
26740,2076,13.671875,25000000.000
26741,2079,15.136719,25000000.000
26742,2080,15.625000,25000000.000
26743,2080,15.625000,25000000.000
26744,2081,16.113281,25000000.000
26745,2080,15.625000,25000000.000
26746,2076,13.671875,25000000.000
26747,2076,13.671875,25000000.000
26748,2072,11.718750,25000000.000
26749,2067,9.277344,25000000.000
26750,2063,7.324219,25000000.000
26751,2063,7.324219,25000000.000
26752,2054,2.929688,25000000.000
26753,2048,0.000000,25000000.000
26754,2043,-2.441406,25000000.000
26755,2043,-2.441406,25000000.000
26756,2034,-6.835938,25000000.000
26757,2028,-9.765625,25000000.000
26758,2024,-11.718750,25000000.000
26759,2023,-12.207031,25000000.000
26760,2016,-15.625000,25000000.000
26761,2014,-16.601562,25000000.000
26762,2012,-17.578125,25000000.000
26763,2012,-17.578125,25000000.000
26764,2011,-18.066406,25000000.000
26765,2011,-18.066406,25000000.000
26766,2012,-17.578125,25000000.000
26767,2013,-17.089844,25000000.000
26768,2017,-15.136719,25000000.000
26769,2020,-13.671875,25000000.000
26770,2024,-11.718750,25000000.000
26771,2025,-11.230469,25000000.000
26772,2035,-6.347656,25000000.000
26773,2039,-4.394531,25000000.000
26774,2045,-1.464844,25000000.000
26775,2046,-0.976562,25000000.000
26776,2055,3.417969,25000000.000
26777,2061,6.347656,25000000.000
26778,2066,8.789062,25000000.000
26779,2065,8.300781,25000000.000
26780,2074,12.695312,25000000.000
26781,2075,13.183594,25000000.000
26782,2078,14.648438,25000000.000
26783,2078,14.648438,25000000.000
26784,2080,15.625000,25000000.000
26785,2079,15.136719,25000000.000
26786,2079,15.136719,25000000.000
26787,2078,14.648438,25000000.000
26788,2074,12.695312,25000000.000
26789,2071,11.230469,25000000.000
26790,2067,9.277344,25000000.000
26791,2067,9.277344,25000000.000
26792,2058,4.882812,25000000.000
26793,2054,2.929688,25000000.000
26794,2048,0.000000,25000000.000
26795,2047,-0.488281,25000000.000
26796,2037,-5.371094,25000000.000
26797,2033,-7.324219,25000000.000
26798,2028,-9.765625,25000000.000
26799,2028,-9.765625,25000000.000
26800,2019,-14.160156,25000000.000
26801,2016,-15.625000,25000000.000
26802,2014,-16.601562,25000000.000
26803,2013,-17.089844,25000000.000
26804,2011,-18.066406,25000000.000
26805,2011,-18.066406,25000000.000
26806,2012,-17.578125,25000000.000
26807,2011,-18.066406,25000000.000
26808,2015,-16.113281,25000000.000
26809,2018,-14.648438,25000000.000
26810,2022,-12.695312,25000000.000
26811,2022,-12.695312,25000000.000
26812,2031,-8.300781,25000000.000
26813,2035,-6.347656,25000000.000
26814,2041,-3.417969,25000000.000
26815,2042,-2.929688,25000000.000
26816,2051,1.464844,25000000.000
26817,2057,4.394531,25000000.000
26818,2061,6.347656,25000000.000
26819,2061,6.347656,25000000.000
26820,2070,10.742188,25000000.000
26821,2073,12.207031,25000000.000
26822,2077,14.160156,25000000.000
26823,2077,14.160156,25000000.000
26824,2080,15.625000,25000000.000
26825,2080,15.625000,25000000.000
26826,2080,15.625000,25000000.000
26827,2080,15.625000,25000000.000
26828,2077,14.160156,25000000.000
26829,2074,12.695312,25000000.000
26830,2071,11.230469,25000000.000
26831,2070,10.742188,25000000.000
26832,2061,6.347656,25000000.000
26833,2057,4.394531,25000000.000
26834,2052,1.953125,25000000.000
26835,2051,1.464844,25000000.000
26836,2042,-2.929688,25000000.000
26837,2037,-5.371094,25000000.000
26838,2033,-7.324219,25000000.000
26839,2032,-7.812500,25000000.000
26840,2024,-11.718750,25000000.000
26841,2019,-14.160156,25000000.000
26842,2016,-15.625000,25000000.000
26843,2016,-15.625000,25000000.000
26844,2013,-17.089844,25000000.000
26845,2012,-17.578125,25000000.000
26846,2012,-17.578125,25000000.000
26847,2011,-18.066406,25000000.000
26848,2014,-16.601562,25000000.000
26849,2017,-15.136719,25000000.000
26850,2018,-14.648438,25000000.000
26851,2019,-14.160156,25000000.000
26852,2028,-9.765625,25000000.000
26853,2032,-7.812500,25000000.000
26854,2037,-5.371094,25000000.000
26855,2037,-5.371094,25000000.000
26856,2048,0.000000,25000000.000
26857,2053,2.441406,25000000.000
26858,2057,4.394531,25000000.000
26859,2059,5.371094,25000000.000
26860,2067,9.277344,25000000.000
26861,2071,11.230469,25000000.000
26862,2075,13.183594,25000000.000
26863,2075,13.183594,25000000.000
26864,2079,15.136719,25000000.000
26865,2081,16.113281,25000000.000
26866,2080,15.625000,25000000.000
26867,2081,16.113281,25000000.000
26868,2079,15.136719,25000000.000
26869,2077,14.160156,25000000.000
26870,2074,12.695312,25000000.000
26871,2074,12.695312,25000000.000
26872,2066,8.789062,25000000.000
26873,2063,7.324219,25000000.000
26874,2058,4.882812,25000000.000
26875,2057,4.394531,25000000.000
26876,2047,-0.488281,25000000.000
26877,2042,-2.929688,25000000.000
26878,2036,-5.859375,25000000.000
26879,2036,-5.859375,25000000.000
26880,2028,-9.765625,25000000.000
26881,2023,-12.207031,25000000.000
26882,2018,-14.648438,25000000.000
26883,2018,-14.648438,25000000.000
26884,2013,-17.089844,25000000.000
26885,2012,-17.578125,25000000.000
26886,2012,-17.578125,25000000.000
26887,2012,-17.578125,25000000.000
26888,2013,-17.089844,25000000.000
26889,2015,-16.113281,25000000.000
26890,2017,-15.136719,25000000.000
26891,2016,-15.625000,25000000.000
26892,2024,-11.718750,25000000.000
26893,2028,-9.765625,25000000.000
26894,2033,-7.324219,25000000.000
26895,2033,-7.324219,25000000.000
26896,2043,-2.441406,25000000.000
26897,2049,0.488281,25000000.000
26898,2054,2.929688,25000000.000
26899,2054,2.929688,25000000.000
26900,2064,7.812500,25000000.000
26901,2067,9.277344,25000000.000
26902,2071,11.230469,25000000.000
26903,2071,11.230469,25000000.000
26904,2077,14.160156,25000000.000
26905,2079,15.136719,25000000.000
26906,2080,15.625000,25000000.000
26907,2079,15.136719,25000000.000
26908,2079,15.136719,25000000.000
26909,2078,14.648438,25000000.000
26910,2075,13.183594,25000000.000
26911,2076,13.671875,25000000.000
26912,2069,10.253906,25000000.000
26913,2064,7.812500,25000000.000
26914,2061,6.347656,25000000.000
26915,2060,5.859375,25000000.000
26916,2051,1.464844,25000000.000
26917,2046,-0.976562,25000000.000
26918,2040,-3.906250,25000000.000
26919,2040,-3.906250,25000000.000
26920,2031,-8.300781,25000000.000
26921,2027,-10.253906,25000000.000
26922,2023,-12.207031,25000000.000
26923,2022,-12.695312,25000000.000
26924,2017,-15.136719,25000000.000
26925,2014,-16.601562,25000000.000
26926,2014,-16.601562,25000000.000
26927,2013,-17.089844,25000000.000
26928,2013,-17.089844,25000000.000
26929,2014,-16.601562,25000000.000
26930,2017,-15.136719,25000000.000
26931,2014,-16.601562,25000000.000
26932,2018,-14.648438,25000000.000
26933,2024,-11.718750,25000000.000
26934,2029,-9.277344,25000000.000
26935,2029,-9.277344,25000000.000
26936,2039,-4.394531,25000000.000
26937,2045,-1.464844,25000000.000
26938,2050,0.976562,25000000.000
26939,2049,0.488281,25000000.000
26940,2059,5.371094,25000000.000
26941,2064,7.812500,25000000.000
26942,2068,9.765625,25000000.000
26943,2069,10.253906,25000000.000
26944,2076,13.671875,25000000.000
26945,2077,14.160156,25000000.000
26946,2079,15.136719,25000000.000
26947,2078,14.648438,25000000.000
26948,2080,15.625000,25000000.000
26949,2079,15.136719,25000000.000
26950,2078,14.648438,25000000.000
26951,2077,14.160156,25000000.000
26952,2072,11.718750,25000000.000
26953,2069,10.253906,25000000.000
26954,2065,8.300781,25000000.000
26955,2063,7.324219,25000000.000
26956,2053,2.441406,25000000.000
26957,2049,0.488281,25000000.000
26958,2045,-1.464844,25000000.000
26959,2044,-1.953125,25000000.000
26960,2034,-6.835938,25000000.000
26961,2031,-8.300781,25000000.000
26962,2026,-10.742188,25000000.000
26963,2025,-11.230469,25000000.000
26964,2018,-14.648438,25000000.000
26965,2015,-16.113281,25000000.000
26966,2012,-17.578125,25000000.000
26967,2013,-17.089844,25000000.000
26968,2012,-17.578125,25000000.000
26969,2012,-17.578125,25000000.000
26970,2013,-17.089844,25000000.000
26971,2013,-17.089844,25000000.000
26972,2017,-15.136719,25000000.000
26973,2020,-13.671875,25000000.000
26974,2024,-11.718750,25000000.000
26975,2024,-11.718750,25000000.000
26976,2034,-6.835938,25000000.000
26977,2039,-4.394531,25000000.000
26978,2044,-1.953125,25000000.000
26979,2044,-1.953125,25000000.000
26980,2055,3.417969,25000000.000
26981,2056,3.906250,25000000.000
26982,2064,7.812500,25000000.000
26983,2064,7.812500,25000000.000
26984,2072,11.718750,25000000.000
26985,2075,13.183594,25000000.000
26986,2077,14.160156,25000000.000
26987,2077,14.160156,25000000.000
26988,2079,15.136719,25000000.000
26989,2080,15.625000,25000000.000
26990,2079,15.136719,25000000.000
26991,2079,15.136719,25000000.000
26992,2074,12.695312,25000000.000
26993,2072,11.718750,25000000.000
26994,2067,9.277344,25000000.000
26995,2068,9.765625,25000000.000
26996,2059,5.371094,25000000.000
26997,2054,2.929688,25000000.000
26998,2049,0.488281,25000000.000
26999,2049,0.488281,25000000.000
27000,2038,-4.882812,25000000.000
27001,2033,-7.324219,25000000.000
27002,2029,-9.277344,25000000.000
27003,2027,-10.253906,25000000.000
27004,2020,-13.671875,25000000.000
27005,2017,-15.136719,25000000.000
27006,2015,-16.113281,25000000.000
27007,2014,-16.601562,25000000.000
27008,2012,-17.578125,25000000.000
27009,2010,-18.554688,25000000.000
27010,2012,-17.578125,25000000.000
27011,2011,-18.066406,25000000.000
27012,2015,-16.113281,25000000.000
27013,2017,-15.136719,25000000.000
27014,2020,-13.671875,25000000.000
27015,2022,-12.695312,25000000.000
27016,2030,-8.789062,25000000.000
27017,2034,-6.835938,25000000.000
27018,2041,-3.417969,25000000.000
27019,2039,-4.394531,25000000.000
27020,2049,0.488281,25000000.000
27021,2053,2.441406,25000000.000
27022,2059,5.371094,25000000.000
27023,2060,5.859375,25000000.000
27024,2069,10.253906,25000000.000
27025,2073,12.207031,25000000.000
27026,2075,13.183594,25000000.000
27027,2076,13.671875,25000000.000
27028,2081,16.113281,25000000.000
27029,2080,15.625000,25000000.000
27030,2081,16.113281,25000000.000
27031,2080,15.625000,25000000.000
27032,2077,14.160156,25000000.000
27033,2075,13.183594,25000000.000
27034,2071,11.230469,25000000.000
27035,2071,11.230469,25000000.000
27036,2063,7.324219,25000000.000
27037,2058,4.882812,25000000.000
27038,2053,2.441406,25000000.000
27039,2053,2.441406,25000000.000
27040,2043,-2.441406,25000000.000
27041,2037,-5.371094,25000000.000
27042,2034,-6.835938,25000000.000
27043,2033,-7.324219,25000000.000
27044,2024,-11.718750,25000000.000
27045,2019,-14.160156,25000000.000
27046,2017,-15.136719,25000000.000
27047,2017,-15.136719,25000000.000
27048,2012,-17.578125,25000000.000
27049,2012,-17.578125,25000000.000
27050,2012,-17.578125,25000000.000
27051,2012,-17.578125,25000000.000
27052,2014,-16.601562,25000000.000
27053,2015,-16.113281,25000000.000
27054,2019,-14.160156,25000000.000
27055,2019,-14.160156,25000000.000
27056,2026,-10.742188,25000000.000
27057,2031,-8.300781,25000000.000
27058,2036,-5.859375,25000000.000
27059,2037,-5.371094,25000000.000
27060,2047,-0.488281,25000000.000
27061,2051,1.464844,25000000.000
27062,2058,4.882812,25000000.000
27063,2057,4.394531,25000000.000
27064,2066,8.789062,25000000.000
27065,2069,10.253906,25000000.000
27066,2074,12.695312,25000000.000
27067,2075,13.183594,25000000.000
27068,2078,14.648438,25000000.000
27069,2081,16.113281,25000000.000
27070,2080,15.625000,25000000.000
27071,2081,16.113281,25000000.000
27072,2089,20.019531,25000000.000
27073,2089,20.019531,25000000.000
27074,2074,12.695312,25000000.000
27075,2068,9.765625,25000000.000
27076,2067,9.277344,25000000.000
27077,2065,8.300781,25000000.000
27078,2059,5.371094,25000000.000
27079,2059,5.371094,25000000.000
27080,2048,0.000000,25000000.000
27081,2041,-3.417969,25000000.000
27082,2036,-5.859375,25000000.000
27083,2035,-6.347656,25000000.000
27084,2026,-10.742188,25000000.000
27085,2023,-12.207031,25000000.000
27086,2019,-14.160156,25000000.000
27087,2018,-14.648438,25000000.000
27088,2015,-16.113281,25000000.000
27089,2011,-18.066406,25000000.000
27090,2011,-18.066406,25000000.000
27091,2012,-17.578125,25000000.000
27092,2012,-17.578125,25000000.000
27093,2013,-17.089844,25000000.000
27094,2016,-15.625000,25000000.000
27095,2016,-15.625000,25000000.000
27096,2022,-12.695312,25000000.000
27097,2027,-10.253906,25000000.000
27098,2032,-7.812500,25000000.000
27099,2031,-8.300781,25000000.000
27100,2041,-3.417969,25000000.000
27101,2047,-0.488281,25000000.000
27102,2052,1.953125,25000000.000
27103,2053,2.441406,25000000.000
27104,2062,6.835938,25000000.000
27105,2067,9.277344,25000000.000
27106,2071,11.230469,25000000.000
27107,2070,10.742188,25000000.000
27108,2078,14.648438,25000000.000
27109,2078,14.648438,25000000.000
27110,2080,15.625000,25000000.000
27111,2081,16.113281,25000000.000
27112,2081,16.113281,25000000.000
27113,2080,15.625000,25000000.000
27114,2077,14.160156,25000000.000
27115,2077,14.160156,25000000.000
27116,2071,11.230469,25000000.000
27117,2067,9.277344,25000000.000
27118,2063,7.324219,25000000.000
27119,2063,7.324219,25000000.000
27120,2052,1.953125,25000000.000
27121,2048,0.000000,25000000.000
27122,2042,-2.929688,25000000.000
27123,2043,-2.441406,25000000.000
27124,2033,-7.324219,25000000.000
27125,2028,-9.765625,25000000.000
27126,2024,-11.718750,25000000.000
27127,2025,-11.230469,25000000.000
27128,2017,-15.136719,25000000.000
27129,2015,-16.113281,25000000.000
27130,2012,-17.578125,25000000.000
27131,2013,-17.089844,25000000.000
27132,2012,-17.578125,25000000.000
27133,2013,-17.089844,25000000.000
27134,2014,-16.601562,25000000.000
27135,2015,-16.113281,25000000.000
27136,2019,-14.160156,25000000.000
27137,2023,-12.207031,25000000.000
27138,2027,-10.253906,25000000.000
27139,2028,-9.765625,25000000.000
27140,2038,-4.882812,25000000.000
27141,2042,-2.929688,25000000.000
27142,2048,0.000000,25000000.000
27143,2048,0.000000,25000000.000
27144,2057,4.394531,25000000.000
27145,2063,7.324219,25000000.000
27146,2067,9.277344,25000000.000
27147,2068,9.765625,25000000.000
27148,2075,13.183594,25000000.000
27149,2077,14.160156,25000000.000
27150,2079,15.136719,25000000.000
27151,2079,15.136719,25000000.000
27152,2080,15.625000,25000000.000
27153,2078,14.648438,25000000.000
27154,2078,14.648438,25000000.000
27155,2079,15.136719,25000000.000
27156,2073,12.207031,25000000.000
27157,2070,10.742188,25000000.000
27158,2066,8.789062,25000000.000
27159,2065,8.300781,25000000.000
27160,2056,3.906250,25000000.000
27161,2051,1.464844,25000000.000
27162,2046,-0.976562,25000000.000
27163,2046,-0.976562,25000000.000
27164,2035,-6.347656,25000000.000
27165,2030,-8.789062,25000000.000
27166,2026,-10.742188,25000000.000
27167,2027,-10.253906,25000000.000
27168,2019,-14.160156,25000000.000
27169,2015,-16.113281,25000000.000
27170,2012,-17.578125,25000000.000
27171,2012,-17.578125,25000000.000
27172,2010,-18.554688,25000000.000
27173,2012,-17.578125,25000000.000
27174,2011,-18.066406,25000000.000
27175,2012,-17.578125,25000000.000
27176,2016,-15.625000,25000000.000
27177,2019,-14.160156,25000000.000
27178,2023,-12.207031,25000000.000
27179,2023,-12.207031,25000000.000
27180,2032,-7.812500,25000000.000
27181,2037,-5.371094,25000000.000
27182,2043,-2.441406,25000000.000
27183,2043,-2.441406,25000000.000
27184,2053,2.441406,25000000.000
27185,2058,4.882812,25000000.000
27186,2062,6.835938,25000000.000
27187,2063,7.324219,25000000.000
27188,2072,11.718750,25000000.000
27189,2074,12.695312,25000000.000
27190,2077,14.160156,25000000.000
27191,2077,14.160156,25000000.000
27192,2080,15.625000,25000000.000
27193,2081,16.113281,25000000.000
27194,2080,15.625000,25000000.000
27195,2079,15.136719,25000000.000
27196,2076,13.671875,25000000.000
27197,2073,12.207031,25000000.000
27198,2069,10.253906,25000000.000
27199,2069,10.253906,25000000.000
27200,2061,6.347656,25000000.000
27201,2056,3.906250,25000000.000
27202,2050,0.976562,25000000.000
27203,2050,0.976562,25000000.000
27204,2040,-3.906250,25000000.000
27205,2035,-6.347656,25000000.000
27206,2030,-8.789062,25000000.000
27207,2029,-9.277344,25000000.000
27208,2021,-13.183594,25000000.000
27209,2017,-15.136719,25000000.000
27210,2015,-16.113281,25000000.000
27211,2015,-16.113281,25000000.000
27212,2012,-17.578125,25000000.000
27213,2011,-18.066406,25000000.000
27214,2010,-18.554688,25000000.000
27215,2011,-18.066406,25000000.000
27216,2014,-16.601562,25000000.000
27217,2017,-15.136719,25000000.000
27218,2020,-13.671875,25000000.000
27219,2020,-13.671875,25000000.000
27220,2028,-9.765625,25000000.000
27221,2031,-8.300781,25000000.000
27222,2038,-4.882812,25000000.000
27223,2038,-4.882812,25000000.000
27224,2049,0.488281,25000000.000
27225,2054,2.929688,25000000.000
27226,2059,5.371094,25000000.000
27227,2060,5.859375,25000000.000
27228,2067,9.277344,25000000.000
27229,2072,11.718750,25000000.000
27230,2075,13.183594,25000000.000
27231,2075,13.183594,25000000.000
27232,2079,15.136719,25000000.000
27233,2080,15.625000,25000000.000
27234,2081,16.113281,25000000.000
27235,2080,15.625000,25000000.000
27236,2078,14.648438,25000000.000
27237,2076,13.671875,25000000.000
27238,2072,11.718750,25000000.000
27239,2072,11.718750,25000000.000
27240,2065,8.300781,25000000.000
27241,2060,5.859375,25000000.000
27242,2055,3.417969,25000000.000
27243,2054,2.929688,25000000.000
27244,2046,-0.976562,25000000.000
27245,2040,-3.906250,25000000.000
27246,2034,-6.835938,25000000.000
27247,2034,-6.835938,25000000.000
27248,2026,-10.742188,25000000.000
27249,2022,-12.695312,25000000.000
27250,2018,-14.648438,25000000.000
27251,2018,-14.648438,25000000.000
27252,2014,-16.601562,25000000.000
27253,2012,-17.578125,25000000.000
27254,2012,-17.578125,25000000.000
27255,2012,-17.578125,25000000.000
27256,2013,-17.089844,25000000.000
27257,2016,-15.625000,25000000.000
27258,2018,-14.648438,25000000.000
27259,2019,-14.160156,25000000.000
27260,2025,-11.230469,25000000.000
27261,2030,-8.789062,25000000.000
27262,2034,-6.835938,25000000.000
27263,2035,-6.347656,25000000.000
27264,2045,-1.464844,25000000.000
27265,2051,1.464844,25000000.000
27266,2055,3.417969,25000000.000
27267,2055,3.417969,25000000.000
27268,2064,7.812500,25000000.000
27269,2070,10.742188,25000000.000
27270,2073,12.207031,25000000.000
27271,2073,12.207031,25000000.000
27272,2079,15.136719,25000000.000
27273,2081,16.113281,25000000.000
27274,2081,16.113281,25000000.000
27275,2081,16.113281,25000000.000
27276,2079,15.136719,25000000.000
27277,2078,14.648438,25000000.000
27278,2075,13.183594,25000000.000
27279,2077,14.160156,25000000.000
27280,2072,11.718750,25000000.000
27281,2067,9.277344,25000000.000
27282,2059,5.371094,25000000.000
27283,2061,6.347656,25000000.000
27284,2049,0.488281,25000000.000
27285,2045,-1.464844,25000000.000
27286,2040,-3.906250,25000000.000
27287,2040,-3.906250,25000000.000
27288,2029,-9.277344,25000000.000
27289,2025,-11.230469,25000000.000
27290,2021,-13.183594,25000000.000
27291,2021,-13.183594,25000000.000
27292,2015,-16.113281,25000000.000
27293,2013,-17.089844,25000000.000
27294,2012,-17.578125,25000000.000
27295,2012,-17.578125,25000000.000
27296,2012,-17.578125,25000000.000
27297,2013,-17.089844,25000000.000
27298,2015,-16.113281,25000000.000
27299,2015,-16.113281,25000000.000
27300,2021,-13.183594,25000000.000
27301,2025,-11.230469,25000000.000
27302,2030,-8.789062,25000000.000
27303,2030,-8.789062,25000000.000
27304,2040,-3.906250,25000000.000
27305,2045,-1.464844,25000000.000
27306,2051,1.464844,25000000.000
27307,2051,1.464844,25000000.000
27308,2062,6.835938,25000000.000
27309,2066,8.789062,25000000.000
27310,2070,10.742188,25000000.000
27311,2070,10.742188,25000000.000
27312,2076,13.671875,25000000.000
27313,2079,15.136719,25000000.000
27314,2080,15.625000,25000000.000
27315,2079,15.136719,25000000.000
27316,2080,15.625000,25000000.000
27317,2080,15.625000,25000000.000
27318,2077,14.160156,25000000.000
27319,2077,14.160156,25000000.000
27320,2072,11.718750,25000000.000
27321,2068,9.765625,25000000.000
27322,2065,8.300781,25000000.000
27323,2063,7.324219,25000000.000
27324,2055,3.417969,25000000.000
27325,2049,0.488281,25000000.000
27326,2044,-1.953125,25000000.000
27327,2043,-2.441406,25000000.000
27328,2034,-6.835938,25000000.000
27329,2029,-9.277344,25000000.000
27330,2026,-10.742188,25000000.000
27331,2027,-10.253906,25000000.000
27332,2016,-15.625000,25000000.000
27333,2014,-16.601562,25000000.000
27334,2014,-16.601562,25000000.000
27335,2012,-17.578125,25000000.000
27336,2012,-17.578125,25000000.000
27337,2013,-17.089844,25000000.000
27338,2015,-16.113281,25000000.000
27339,2013,-17.089844,25000000.000
27340,2018,-14.648438,25000000.000
27341,2022,-12.695312,25000000.000
27342,2027,-10.253906,25000000.000
27343,2026,-10.742188,25000000.000
27344,2037,-5.371094,25000000.000
27345,2041,-3.417969,25000000.000
27346,2047,-0.488281,25000000.000
27347,2046,-0.976562,25000000.000
27348,2057,4.394531,25000000.000
27349,2062,6.835938,25000000.000
27350,2066,8.789062,25000000.000
27351,2067,9.277344,25000000.000
27352,2074,12.695312,25000000.000
27353,2076,13.671875,25000000.000
27354,2078,14.648438,25000000.000
27355,2079,15.136719,25000000.000
27356,2080,15.625000,25000000.000
27357,2080,15.625000,25000000.000
27358,2079,15.136719,25000000.000
27359,2079,15.136719,25000000.000
27360,2074,12.695312,25000000.000
27361,2071,11.230469,25000000.000
27362,2068,9.765625,25000000.000
27363,2067,9.277344,25000000.000
27364,2058,4.882812,25000000.000
27365,2053,2.441406,25000000.000
27366,2048,0.000000,25000000.000
27367,2048,0.000000,25000000.000
27368,2038,-4.882812,25000000.000
27369,2031,-8.300781,25000000.000
27370,2028,-9.765625,25000000.000
27371,2027,-10.253906,25000000.000
27372,2019,-14.160156,25000000.000
27373,2017,-15.136719,25000000.000
27374,2014,-16.601562,25000000.000
27375,2013,-17.089844,25000000.000
27376,2010,-18.554688,25000000.000
27377,2010,-18.554688,25000000.000
27378,2011,-18.066406,25000000.000
27379,2011,-18.066406,25000000.000
27380,2015,-16.113281,25000000.000
27381,2017,-15.136719,25000000.000
27382,2022,-12.695312,25000000.000
27383,2022,-12.695312,25000000.000
27384,2030,-8.789062,25000000.000
27385,2035,-6.347656,25000000.000
27386,2041,-3.417969,25000000.000
27387,2041,-3.417969,25000000.000
27388,2052,1.953125,25000000.000
27389,2057,4.394531,25000000.000
27390,2062,6.835938,25000000.000
27391,2063,7.324219,25000000.000
27392,2071,11.230469,25000000.000
27393,2073,12.207031,25000000.000
27394,2077,14.160156,25000000.000
27395,2077,14.160156,25000000.000
27396,2080,15.625000,25000000.000
27397,2081,16.113281,25000000.000
27398,2080,15.625000,25000000.000
27399,2080,15.625000,25000000.000
27400,2077,14.160156,25000000.000
27401,2073,12.207031,25000000.000
27402,2070,10.742188,25000000.000
27403,2070,10.742188,25000000.000
27404,2062,6.835938,25000000.000
27405,2057,4.394531,25000000.000
27406,2052,1.953125,25000000.000
27407,2051,1.464844,25000000.000
27408,2041,-3.417969,25000000.000
27409,2036,-5.859375,25000000.000
27410,2031,-8.300781,25000000.000
27411,2031,-8.300781,25000000.000
27412,2023,-12.207031,25000000.000
27413,2019,-14.160156,25000000.000
27414,2016,-15.625000,25000000.000
27415,2015,-16.113281,25000000.000
27416,2011,-18.066406,25000000.000
27417,2011,-18.066406,25000000.000
27418,2012,-17.578125,25000000.000
27419,2011,-18.066406,25000000.000
27420,2014,-16.601562,25000000.000
27421,2016,-15.625000,25000000.000
27422,2018,-14.648438,25000000.000
27423,2019,-14.160156,25000000.000
27424,2026,-10.742188,25000000.000
27425,2032,-7.812500,25000000.000
27426,2035,-6.347656,25000000.000
27427,2036,-5.859375,25000000.000
27428,2046,-0.976562,25000000.000
27429,2053,2.441406,25000000.000
27430,2058,4.882812,25000000.000
27431,2057,4.394531,25000000.000
27432,2068,9.765625,25000000.000
27433,2072,11.718750,25000000.000
27434,2074,12.695312,25000000.000
27435,2075,13.183594,25000000.000
27436,2078,14.648438,25000000.000
27437,2081,16.113281,25000000.000
27438,2081,16.113281,25000000.000
27439,2081,16.113281,25000000.000
27440,2079,15.136719,25000000.000
27441,2077,14.160156,25000000.000
27442,2074,12.695312,25000000.000
27443,2075,13.183594,25000000.000
27444,2068,9.765625,25000000.000
27445,2063,7.324219,25000000.000
27446,2057,4.394531,25000000.000
27447,2056,3.906250,25000000.000
27448,2048,0.000000,25000000.000
27449,2041,-3.417969,25000000.000
27450,2036,-5.859375,25000000.000
27451,2036,-5.859375,25000000.000
27452,2028,-9.765625,25000000.000
27453,2023,-12.207031,25000000.000
27454,2019,-14.160156,25000000.000
27455,2019,-14.160156,25000000.000
27456,2015,-16.113281,25000000.000
27457,2012,-17.578125,25000000.000
27458,2012,-17.578125,25000000.000
27459,2012,-17.578125,25000000.000
27460,2012,-17.578125,25000000.000
27461,2013,-17.089844,25000000.000
27462,2016,-15.625000,25000000.000
27463,2016,-15.625000,25000000.000
27464,2023,-12.207031,25000000.000
27465,2027,-10.253906,25000000.000
27466,2032,-7.812500,25000000.000
27467,2033,-7.324219,25000000.000
27468,2044,-1.953125,25000000.000
27469,2048,0.000000,25000000.000
27470,2053,2.441406,25000000.000
27471,2054,2.929688,25000000.000
27472,2063,7.324219,25000000.000
27473,2067,9.277344,25000000.000
27474,2072,11.718750,25000000.000
27475,2071,11.230469,25000000.000
27476,2077,14.160156,25000000.000
27477,2079,15.136719,25000000.000
27478,2080,15.625000,25000000.000
27479,2080,15.625000,25000000.000
27480,2080,15.625000,25000000.000
27481,2079,15.136719,25000000.000
27482,2076,13.671875,25000000.000
27483,2076,13.671875,25000000.000
27484,2069,10.253906,25000000.000
27485,2065,8.300781,25000000.000
27486,2061,6.347656,25000000.000
27487,2060,5.859375,25000000.000
27488,2051,1.464844,25000000.000
27489,2046,-0.976562,25000000.000
27490,2040,-3.906250,25000000.000
27491,2040,-3.906250,25000000.000
27492,2032,-7.812500,25000000.000
27493,2026,-10.742188,25000000.000
27494,2023,-12.207031,25000000.000
27495,2022,-12.695312,25000000.000
27496,2016,-15.625000,25000000.000
27497,2013,-17.089844,25000000.000
27498,2013,-17.089844,25000000.000
27499,2012,-17.578125,25000000.000
27500,2012,-17.578125,25000000.000
27501,2012,-17.578125,25000000.000
27502,2015,-16.113281,25000000.000
27503,2015,-16.113281,25000000.000
27504,2020,-13.671875,25000000.000
27505,2024,-11.718750,25000000.000
27506,2028,-9.765625,25000000.000
27507,2029,-9.277344,25000000.000
27508,2038,-4.882812,25000000.000
27509,2044,-1.953125,25000000.000
27510,2050,0.976562,25000000.000
27511,2049,0.488281,25000000.000
27512,2060,5.859375,25000000.000
27513,2064,7.812500,25000000.000
27514,2069,10.253906,25000000.000
27515,2069,10.253906,25000000.000
27516,2075,13.183594,25000000.000
27517,2078,14.648438,25000000.000
27518,2080,15.625000,25000000.000
27519,2080,15.625000,25000000.000
27520,2081,16.113281,25000000.000
27521,2080,15.625000,25000000.000
27522,2078,14.648438,25000000.000
27523,2079,15.136719,25000000.000
27524,2074,12.695312,25000000.000
27525,2070,10.742188,25000000.000
27526,2066,8.789062,25000000.000
27527,2065,8.300781,25000000.000
27528,2056,3.906250,25000000.000
27529,2050,0.976562,25000000.000
27530,2046,-0.976562,25000000.000
27531,2046,-0.976562,25000000.000
27532,2036,-5.859375,25000000.000
27533,2030,-8.789062,25000000.000
27534,2026,-10.742188,25000000.000
27535,2026,-10.742188,25000000.000
27536,2018,-14.648438,25000000.000
27537,2016,-15.625000,25000000.000
27538,2014,-16.601562,25000000.000
27539,2013,-17.089844,25000000.000
27540,2010,-18.554688,25000000.000
27541,2010,-18.554688,25000000.000
27542,2014,-16.601562,25000000.000
27543,2012,-17.578125,25000000.000
27544,2015,-16.113281,25000000.000
27545,2020,-13.671875,25000000.000
27546,2024,-11.718750,25000000.000
27547,2025,-11.230469,25000000.000
27548,2033,-7.324219,25000000.000
27549,2039,-4.394531,25000000.000
27550,2044,-1.953125,25000000.000
27551,2043,-2.441406,25000000.000
27552,2055,3.417969,25000000.000
27553,2059,5.371094,25000000.000
27554,2064,7.812500,25000000.000
27555,2065,8.300781,25000000.000
27556,2071,11.230469,25000000.000
27557,2075,13.183594,25000000.000
27558,2079,15.136719,25000000.000
27559,2078,14.648438,25000000.000
27560,2080,15.625000,25000000.000
27561,2080,15.625000,25000000.000
27562,2079,15.136719,25000000.000
27563,2079,15.136719,25000000.000
27564,2075,13.183594,25000000.000
27565,2072,11.718750,25000000.000
27566,2067,9.277344,25000000.000
27567,2067,9.277344,25000000.000
27568,2059,5.371094,25000000.000
27569,2054,2.929688,25000000.000
27570,2050,0.976562,25000000.000
27571,2049,0.488281,25000000.000
27572,2039,-4.394531,25000000.000
27573,2034,-6.835938,25000000.000
27574,2029,-9.277344,25000000.000
27575,2028,-9.765625,25000000.000
27576,2020,-13.671875,25000000.000
27577,2017,-15.136719,25000000.000
27578,2014,-16.601562,25000000.000
27579,2015,-16.113281,25000000.000
27580,2012,-17.578125,25000000.000
27581,2011,-18.066406,25000000.000
27582,2013,-17.089844,25000000.000
27583,2012,-17.578125,25000000.000
27584,2014,-16.601562,25000000.000
27585,2017,-15.136719,25000000.000
27586,2021,-13.183594,25000000.000
27587,2022,-12.695312,25000000.000
27588,2030,-8.789062,25000000.000
27589,2036,-5.859375,25000000.000
27590,2040,-3.906250,25000000.000
27591,2040,-3.906250,25000000.000
27592,2050,0.976562,25000000.000
27593,2056,3.906250,25000000.000
27594,2060,5.859375,25000000.000
27595,2060,5.859375,25000000.000
27596,2070,10.742188,25000000.000
27597,2074,12.695312,25000000.000
27598,2076,13.671875,25000000.000
27599,2076,13.671875,25000000.000
27600,2080,15.625000,25000000.000
27601,2080,15.625000,25000000.000
27602,2080,15.625000,25000000.000
27603,2080,15.625000,25000000.000
27604,2077,14.160156,25000000.000
27605,2075,13.183594,25000000.000
27606,2071,11.230469,25000000.000
27607,2071,11.230469,25000000.000
27608,2064,7.812500,25000000.000
27609,2059,5.371094,25000000.000
27610,2054,2.929688,25000000.000
27611,2053,2.441406,25000000.000
27612,2044,-1.953125,25000000.000
27613,2038,-4.882812,25000000.000
27614,2033,-7.324219,25000000.000
27615,2032,-7.812500,25000000.000
27616,2023,-12.207031,25000000.000
27617,2020,-13.671875,25000000.000
27618,2016,-15.625000,25000000.000
27619,2017,-15.136719,25000000.000
27620,2012,-17.578125,25000000.000
27621,2010,-18.554688,25000000.000
27622,2011,-18.066406,25000000.000
27623,2010,-18.554688,25000000.000
27624,2013,-17.089844,25000000.000
27625,2015,-16.113281,25000000.000
27626,2017,-15.136719,25000000.000
27627,2018,-14.648438,25000000.000
27628,2021,-13.183594,25000000.000
27629,2027,-10.253906,25000000.000
27630,2035,-6.347656,25000000.000
27631,2034,-6.835938,25000000.000
27632,2046,-0.976562,25000000.000
27633,2052,1.953125,25000000.000
27634,2056,3.906250,25000000.000
27635,2057,4.394531,25000000.000
27636,2066,8.789062,25000000.000
27637,2071,11.230469,25000000.000
27638,2074,12.695312,25000000.000
27639,2074,12.695312,25000000.000
27640,2080,15.625000,25000000.000
27641,2081,16.113281,25000000.000
27642,2081,16.113281,25000000.000
27643,2080,15.625000,25000000.000
27644,2079,15.136719,25000000.000
27645,2076,13.671875,25000000.000
27646,2074,12.695312,25000000.000
27647,2074,12.695312,25000000.000
27648,2068,9.765625,25000000.000
27649,2064,7.812500,25000000.000
27650,2058,4.882812,25000000.000
27651,2058,4.882812,25000000.000
27652,2047,-0.488281,25000000.000
27653,2042,-2.929688,25000000.000
27654,2038,-4.882812,25000000.000
27655,2037,-5.371094,25000000.000
27656,2028,-9.765625,25000000.000
27657,2024,-11.718750,25000000.000
27658,2021,-13.183594,25000000.000
27659,2020,-13.671875,25000000.000
27660,2015,-16.113281,25000000.000
27661,2014,-16.601562,25000000.000
27662,2012,-17.578125,25000000.000
27663,2011,-18.066406,25000000.000
27664,2013,-17.089844,25000000.000
27665,2014,-16.601562,25000000.000
27666,2016,-15.625000,25000000.000
27667,2017,-15.136719,25000000.000
27668,2022,-12.695312,25000000.000
27669,2027,-10.253906,25000000.000
27670,2031,-8.300781,25000000.000
27671,2032,-7.812500,25000000.000
27672,2041,-3.417969,25000000.000
27673,2047,-0.488281,25000000.000
27674,2053,2.441406,25000000.000
27675,2053,2.441406,25000000.000
27676,2062,6.835938,25000000.000
27677,2067,9.277344,25000000.000
27678,2071,11.230469,25000000.000
27679,2070,10.742188,25000000.000
27680,2079,15.136719,25000000.000
27681,2080,15.625000,25000000.000
27682,2080,15.625000,25000000.000
27683,2080,15.625000,25000000.000
27684,2080,15.625000,25000000.000
27685,2079,15.136719,25000000.000
27686,2077,14.160156,25000000.000
27687,2077,14.160156,25000000.000
27688,2071,11.230469,25000000.000
27689,2067,9.277344,25000000.000
27690,2063,7.324219,25000000.000
27691,2062,6.835938,25000000.000
27692,2053,2.441406,25000000.000
27693,2047,-0.488281,25000000.000
27694,2042,-2.929688,25000000.000
27695,2042,-2.929688,25000000.000
27696,2033,-7.324219,25000000.000
27697,2028,-9.765625,25000000.000
27698,2024,-11.718750,25000000.000
27699,2023,-12.207031,25000000.000
27700,2017,-15.136719,25000000.000
27701,2015,-16.113281,25000000.000
27702,2012,-17.578125,25000000.000
27703,2012,-17.578125,25000000.000
27704,2012,-17.578125,25000000.000
27705,2012,-17.578125,25000000.000
27706,2014,-16.601562,25000000.000
27707,2014,-16.601562,25000000.000
27708,2019,-14.160156,25000000.000
27709,2023,-12.207031,25000000.000
27710,2027,-10.253906,25000000.000
27711,2028,-9.765625,25000000.000
27712,2038,-4.882812,25000000.000
27713,2042,-2.929688,25000000.000
27714,2047,-0.488281,25000000.000
27715,2048,0.000000,25000000.000
27716,2058,4.882812,25000000.000
27717,2063,7.324219,25000000.000
27718,2067,9.277344,25000000.000
27719,2068,9.765625,25000000.000
27720,2074,12.695312,25000000.000
27721,2077,14.160156,25000000.000
27722,2079,15.136719,25000000.000
27723,2080,15.625000,25000000.000
27724,2081,16.113281,25000000.000
27725,2080,15.625000,25000000.000
27726,2078,14.648438,25000000.000
27727,2079,15.136719,25000000.000
27728,2074,12.695312,25000000.000
27729,2069,10.253906,25000000.000
27730,2066,8.789062,25000000.000
27731,2066,8.789062,25000000.000
27732,2057,4.394531,25000000.000
27733,2051,1.464844,25000000.000
27734,2047,-0.488281,25000000.000
27735,2047,-0.488281,25000000.000
27736,2035,-6.347656,25000000.000
27737,2033,-7.324219,25000000.000
27738,2026,-10.742188,25000000.000
27739,2027,-10.253906,25000000.000
27740,2018,-14.648438,25000000.000
27741,2016,-15.625000,25000000.000
27742,2013,-17.089844,25000000.000
27743,2013,-17.089844,25000000.000
27744,2011,-18.066406,25000000.000
27745,2011,-18.066406,25000000.000
27746,2011,-18.066406,25000000.000
27747,2012,-17.578125,25000000.000
27748,2016,-15.625000,25000000.000
27749,2019,-14.160156,25000000.000
27750,2023,-12.207031,25000000.000
27751,2022,-12.695312,25000000.000
27752,2032,-7.812500,25000000.000
27753,2036,-5.859375,25000000.000
27754,2042,-2.929688,25000000.000
27755,2042,-2.929688,25000000.000
27756,2052,1.953125,25000000.000
27757,2058,4.882812,25000000.000
27758,2063,7.324219,25000000.000
27759,2063,7.324219,25000000.000
27760,2070,10.742188,25000000.000
27761,2075,13.183594,25000000.000
27762,2077,14.160156,25000000.000
27763,2078,14.648438,25000000.000
27764,2080,15.625000,25000000.000
27765,2081,16.113281,25000000.000
27766,2079,15.136719,25000000.000
27767,2079,15.136719,25000000.000
27768,2076,13.671875,25000000.000
27769,2073,12.207031,25000000.000
27770,2069,10.253906,25000000.000
27771,2069,10.253906,25000000.000
27772,2060,5.859375,25000000.000
27773,2055,3.417969,25000000.000
27774,2050,0.976562,25000000.000
27775,2049,0.488281,25000000.000
27776,2040,-3.906250,25000000.000
27777,2035,-6.347656,25000000.000
27778,2029,-9.277344,25000000.000
27779,2029,-9.277344,25000000.000
27780,2021,-13.183594,25000000.000
27781,2018,-14.648438,25000000.000
27782,2015,-16.113281,25000000.000
27783,2014,-16.601562,25000000.000
27784,2011,-18.066406,25000000.000
27785,2010,-18.554688,25000000.000
27786,2011,-18.066406,25000000.000
27787,2011,-18.066406,25000000.000
27788,2013,-17.089844,25000000.000
27789,2017,-15.136719,25000000.000
27790,2020,-13.671875,25000000.000
27791,2020,-13.671875,25000000.000
27792,2028,-9.765625,25000000.000
27793,2034,-6.835938,25000000.000
27794,2038,-4.882812,25000000.000
27795,2038,-4.882812,25000000.000
27796,2048,0.000000,25000000.000
27797,2054,2.929688,25000000.000
27798,2058,4.882812,25000000.000
27799,2059,5.371094,25000000.000
27800,2069,10.253906,25000000.000
27801,2072,11.718750,25000000.000
27802,2075,13.183594,25000000.000
27803,2076,13.671875,25000000.000
27804,2079,15.136719,25000000.000
27805,2080,15.625000,25000000.000
27806,2081,16.113281,25000000.000
27807,2080,15.625000,25000000.000
27808,2078,14.648438,25000000.000
27809,2074,12.695312,25000000.000
27810,2072,11.718750,25000000.000
27811,2072,11.718750,25000000.000
27812,2064,7.812500,25000000.000
27813,2060,5.859375,25000000.000
27814,2055,3.417969,25000000.000
27815,2055,3.417969,25000000.000
27816,2045,-1.464844,25000000.000
27817,2040,-3.906250,25000000.000
27818,2035,-6.347656,25000000.000
27819,2034,-6.835938,25000000.000
27820,2025,-11.230469,25000000.000
27821,2021,-13.183594,25000000.000
27822,2017,-15.136719,25000000.000
27823,2018,-14.648438,25000000.000
27824,2013,-17.089844,25000000.000
27825,2012,-17.578125,25000000.000
27826,2011,-18.066406,25000000.000
27827,2011,-18.066406,25000000.000
27828,2012,-17.578125,25000000.000
27829,2014,-16.601562,25000000.000
27830,2017,-15.136719,25000000.000
27831,2018,-14.648438,25000000.000
27832,2025,-11.230469,25000000.000
27833,2028,-9.765625,25000000.000
27834,2034,-6.835938,25000000.000
27835,2035,-6.347656,25000000.000
27836,2044,-1.953125,25000000.000
27837,2050,0.976562,25000000.000
27838,2056,3.906250,25000000.000
27839,2056,3.906250,25000000.000
27840,2065,8.300781,25000000.000
27841,2069,10.253906,25000000.000
27842,2074,12.695312,25000000.000
27843,2074,12.695312,25000000.000
27844,2079,15.136719,25000000.000
27845,2079,15.136719,25000000.000
27846,2080,15.625000,25000000.000
27847,2080,15.625000,25000000.000
27848,2079,15.136719,25000000.000
27849,2078,14.648438,25000000.000
27850,2076,13.671875,25000000.000
27851,2075,13.183594,25000000.000
27852,2068,9.765625,25000000.000
27853,2064,7.812500,25000000.000
27854,2059,5.371094,25000000.000
27855,2059,5.371094,25000000.000
27856,2049,0.488281,25000000.000
27857,2045,-1.464844,25000000.000
27858,2039,-4.394531,25000000.000
27859,2039,-4.394531,25000000.000
27860,2030,-8.789062,25000000.000
27861,2025,-11.230469,25000000.000
27862,2021,-13.183594,25000000.000
27863,2020,-13.671875,25000000.000
27864,2015,-16.113281,25000000.000
27865,2014,-16.601562,25000000.000
27866,2013,-17.089844,25000000.000
27867,2012,-17.578125,25000000.000
27868,2012,-17.578125,25000000.000
27869,2014,-16.601562,25000000.000
27870,2016,-15.625000,25000000.000
27871,2015,-16.113281,25000000.000
27872,2021,-13.183594,25000000.000
27873,2026,-10.742188,25000000.000
27874,2030,-8.789062,25000000.000
27875,2030,-8.789062,25000000.000
27876,2041,-3.417969,25000000.000
27877,2046,-0.976562,25000000.000
27878,2052,1.953125,25000000.000
27879,2051,1.464844,25000000.000
27880,2061,6.347656,25000000.000
27881,2066,8.789062,25000000.000
27882,2071,11.230469,25000000.000
27883,2071,11.230469,25000000.000
27884,2077,14.160156,25000000.000
27885,2079,15.136719,25000000.000
27886,2081,16.113281,25000000.000
27887,2081,16.113281,25000000.000
27888,2080,15.625000,25000000.000
27889,2079,15.136719,25000000.000
27890,2078,14.648438,25000000.000
27891,2078,14.648438,25000000.000
27892,2072,11.718750,25000000.000
27893,2068,9.765625,25000000.000
27894,2064,7.812500,25000000.000
27895,2064,7.812500,25000000.000
27896,2054,2.929688,25000000.000
27897,2049,0.488281,25000000.000
27898,2044,-1.953125,25000000.000
27899,2043,-2.441406,25000000.000
27900,2033,-7.324219,25000000.000
27901,2029,-9.277344,25000000.000
27902,2024,-11.718750,25000000.000
27903,2024,-11.718750,25000000.000
27904,2017,-15.136719,25000000.000
27905,2014,-16.601562,25000000.000
27906,2013,-17.089844,25000000.000
27907,2012,-17.578125,25000000.000
27908,2011,-18.066406,25000000.000
27909,2012,-17.578125,25000000.000
27910,2014,-16.601562,25000000.000
27911,2014,-16.601562,25000000.000
27912,2019,-14.160156,25000000.000
27913,2022,-12.695312,25000000.000
27914,2026,-10.742188,25000000.000
27915,2027,-10.253906,25000000.000
27916,2036,-5.859375,25000000.000
27917,2041,-3.417969,25000000.000
27918,2047,-0.488281,25000000.000
27919,2047,-0.488281,25000000.000
27920,2058,4.882812,25000000.000
27921,2062,6.835938,25000000.000
27922,2067,9.277344,25000000.000
27923,2066,8.789062,25000000.000
27924,2074,12.695312,25000000.000
27925,2077,14.160156,25000000.000
27926,2079,15.136719,25000000.000
27927,2079,15.136719,25000000.000
27928,2080,15.625000,25000000.000
27929,2080,15.625000,25000000.000
27930,2079,15.136719,25000000.000
27931,2078,14.648438,25000000.000
27932,2074,12.695312,25000000.000
27933,2070,10.742188,25000000.000
27934,2065,8.300781,25000000.000
27935,2067,9.277344,25000000.000
27936,2057,4.394531,25000000.000
27937,2052,1.953125,25000000.000
27938,2046,-0.976562,25000000.000
27939,2047,-0.488281,25000000.000
27940,2037,-5.371094,25000000.000
27941,2031,-8.300781,25000000.000
27942,2026,-10.742188,25000000.000
27943,2027,-10.253906,25000000.000
27944,2019,-14.160156,25000000.000
27945,2016,-15.625000,25000000.000
27946,2013,-17.089844,25000000.000
27947,2013,-17.089844,25000000.000
27948,2011,-18.066406,25000000.000
27949,2010,-18.554688,25000000.000
27950,2011,-18.066406,25000000.000
27951,2012,-17.578125,25000000.000
27952,2015,-16.113281,25000000.000
27953,2018,-14.648438,25000000.000
27954,2021,-13.183594,25000000.000
27955,2023,-12.207031,25000000.000
27956,2031,-8.300781,25000000.000
27957,2036,-5.859375,25000000.000
27958,2042,-2.929688,25000000.000
27959,2042,-2.929688,25000000.000
27960,2052,1.953125,25000000.000
27961,2057,4.394531,25000000.000
27962,2063,7.324219,25000000.000
27963,2062,6.835938,25000000.000
27964,2070,10.742188,25000000.000
27965,2075,13.183594,25000000.000
27966,2076,13.671875,25000000.000
27967,2077,14.160156,25000000.000
27968,2079,15.136719,25000000.000
27969,2080,15.625000,25000000.000
27970,2079,15.136719,25000000.000
27971,2080,15.625000,25000000.000
27972,2076,13.671875,25000000.000
27973,2073,12.207031,25000000.000
27974,2069,10.253906,25000000.000
27975,2070,10.742188,25000000.000
27976,2065,8.300781,25000000.000
27977,2055,3.417969,25000000.000
27978,2050,0.976562,25000000.000
27979,2051,1.464844,25000000.000
27980,2041,-3.417969,25000000.000
27981,2036,-5.859375,25000000.000
27982,2031,-8.300781,25000000.000
27983,2030,-8.789062,25000000.000
27984,2022,-12.695312,25000000.000
27985,2019,-14.160156,25000000.000
27986,2015,-16.113281,25000000.000
27987,2014,-16.601562,25000000.000
27988,2012,-17.578125,25000000.000
27989,2011,-18.066406,25000000.000
27990,2010,-18.554688,25000000.000
27991,2009,-19.042969,25000000.000
27992,2014,-16.601562,25000000.000
27993,2016,-15.625000,25000000.000
27994,2020,-13.671875,25000000.000
27995,2019,-14.160156,25000000.000
27996,2027,-10.253906,25000000.000
27997,2033,-7.324219,25000000.000
27998,2037,-5.371094,25000000.000
27999,2038,-4.882812,25000000.000
28000,2047,-0.488281,25000000.000
28001,2053,2.441406,25000000.000
28002,2057,4.394531,25000000.000
28003,2058,4.882812,25000000.000
28004,2069,10.253906,25000000.000
28005,2072,11.718750,25000000.000
28006,2074,12.695312,25000000.000
28007,2075,13.183594,25000000.000
28008,2078,14.648438,25000000.000
28009,2080,15.625000,25000000.000
28010,2080,15.625000,25000000.000
28011,2080,15.625000,25000000.000
28012,2079,15.136719,25000000.000
28013,2076,13.671875,25000000.000
28014,2072,11.718750,25000000.000
28015,2072,11.718750,25000000.000
28016,2066,8.789062,25000000.000
28017,2061,6.347656,25000000.000
28018,2056,3.906250,25000000.000
28019,2056,3.906250,25000000.000
28020,2047,-0.488281,25000000.000
28021,2040,-3.906250,25000000.000
28022,2036,-5.859375,25000000.000
28023,2035,-6.347656,25000000.000
28024,2026,-10.742188,25000000.000
28025,2021,-13.183594,25000000.000
28026,2018,-14.648438,25000000.000
28027,2020,-13.671875,25000000.000
28028,2014,-16.601562,25000000.000
28029,2013,-17.089844,25000000.000
28030,2012,-17.578125,25000000.000
28031,2011,-18.066406,25000000.000
28032,2013,-17.089844,25000000.000
28033,2014,-16.601562,25000000.000
28034,2018,-14.648438,25000000.000
28035,2018,-14.648438,25000000.000
28036,2024,-11.718750,25000000.000
28037,2029,-9.277344,25000000.000
28038,2035,-6.347656,25000000.000
28039,2034,-6.835938,25000000.000
28040,2043,-2.441406,25000000.000
28041,2049,0.488281,25000000.000
28042,2054,2.929688,25000000.000
28043,2055,3.417969,25000000.000
28044,2065,8.300781,25000000.000
28045,2069,10.253906,25000000.000
28046,2072,11.718750,25000000.000
28047,2072,11.718750,25000000.000
28048,2078,14.648438,25000000.000
28049,2079,15.136719,25000000.000
28050,2081,16.113281,25000000.000
28051,2081,16.113281,25000000.000
28052,2080,15.625000,25000000.000
28053,2078,14.648438,25000000.000
28054,2076,13.671875,25000000.000
28055,2076,13.671875,25000000.000
28056,2069,10.253906,25000000.000
28057,2066,8.789062,25000000.000
28058,2061,6.347656,25000000.000
28059,2060,5.859375,25000000.000
28060,2051,1.464844,25000000.000
28061,2045,-1.464844,25000000.000
28062,2040,-3.906250,25000000.000
28063,2040,-3.906250,25000000.000
28064,2030,-8.789062,25000000.000
28065,2025,-11.230469,25000000.000
28066,2021,-13.183594,25000000.000
28067,2021,-13.183594,25000000.000
28068,2015,-16.113281,25000000.000
28069,2013,-17.089844,25000000.000
28070,2012,-17.578125,25000000.000
28071,2011,-18.066406,25000000.000
28072,2011,-18.066406,25000000.000
28073,2011,-18.066406,25000000.000
28074,2014,-16.601562,25000000.000
28075,2014,-16.601562,25000000.000
28076,2021,-13.183594,25000000.000
28077,2024,-11.718750,25000000.000
28078,2028,-9.765625,25000000.000
28079,2030,-8.789062,25000000.000
28080,2038,-4.882812,25000000.000
28081,2045,-1.464844,25000000.000
28082,2050,0.976562,25000000.000
28083,2050,0.976562,25000000.000
28084,2060,5.859375,25000000.000
28085,2065,8.300781,25000000.000
28086,2068,9.765625,25000000.000
28087,2070,10.742188,25000000.000
28088,2076,13.671875,25000000.000
28089,2078,14.648438,25000000.000
28090,2079,15.136719,25000000.000
28091,2080,15.625000,25000000.000
28092,2080,15.625000,25000000.000
28093,2079,15.136719,25000000.000
28094,2078,14.648438,25000000.000
28095,2078,14.648438,25000000.000
28096,2073,12.207031,25000000.000
28097,2068,9.765625,25000000.000
28098,2064,7.812500,25000000.000
28099,2064,7.812500,25000000.000
28100,2055,3.417969,25000000.000
28101,2050,0.976562,25000000.000
28102,2045,-1.464844,25000000.000
28103,2044,-1.953125,25000000.000
28104,2034,-6.835938,25000000.000
28105,2030,-8.789062,25000000.000
28106,2025,-11.230469,25000000.000
28107,2024,-11.718750,25000000.000
28108,2018,-14.648438,25000000.000
28109,2015,-16.113281,25000000.000
28110,2013,-17.089844,25000000.000
28111,2013,-17.089844,25000000.000
28112,2012,-17.578125,25000000.000
28113,2012,-17.578125,25000000.000
28114,2014,-16.601562,25000000.000
28115,2013,-17.089844,25000000.000
28116,2017,-15.136719,25000000.000
28117,2021,-13.183594,25000000.000
28118,2026,-10.742188,25000000.000
28119,2025,-11.230469,25000000.000
28120,2035,-6.347656,25000000.000
28121,2039,-4.394531,25000000.000
28122,2046,-0.976562,25000000.000
28123,2045,-1.464844,25000000.000
28124,2056,3.906250,25000000.000
28125,2061,6.347656,25000000.000
28126,2065,8.300781,25000000.000
28127,2065,8.300781,25000000.000
28128,2073,12.207031,25000000.000
28129,2076,13.671875,25000000.000
28130,2077,14.160156,25000000.000
28131,2078,14.648438,25000000.000
28132,2081,16.113281,25000000.000
28133,2080,15.625000,25000000.000
28134,2079,15.136719,25000000.000
28135,2080,15.625000,25000000.000
28136,2075,13.183594,25000000.000
28137,2073,12.207031,25000000.000
28138,2067,9.277344,25000000.000
28139,2067,9.277344,25000000.000
28140,2059,5.371094,25000000.000
28141,2053,2.441406,25000000.000
28142,2049,0.488281,25000000.000
28143,2048,0.000000,25000000.000
28144,2039,-4.394531,25000000.000
28145,2033,-7.324219,25000000.000
28146,2029,-9.277344,25000000.000
28147,2028,-9.765625,25000000.000
28148,2020,-13.671875,25000000.000
28149,2017,-15.136719,25000000.000
28150,2014,-16.601562,25000000.000
28151,2014,-16.601562,25000000.000
28152,2011,-18.066406,25000000.000
28153,2010,-18.554688,25000000.000
28154,2011,-18.066406,25000000.000
28155,2012,-17.578125,25000000.000
28156,2014,-16.601562,25000000.000
28157,2018,-14.648438,25000000.000
28158,2021,-13.183594,25000000.000
28159,2021,-13.183594,25000000.000
28160,2029,-9.277344,25000000.000
28161,2034,-6.835938,25000000.000
28162,2041,-3.417969,25000000.000
28163,2039,-4.394531,25000000.000
28164,2050,0.976562,25000000.000
28165,2055,3.417969,25000000.000
28166,2060,5.859375,25000000.000
28167,2061,6.347656,25000000.000
28168,2069,10.253906,25000000.000
28169,2073,12.207031,25000000.000
28170,2077,14.160156,25000000.000
28171,2076,13.671875,25000000.000
28172,2081,16.113281,25000000.000
28173,2080,15.625000,25000000.000
28174,2081,16.113281,25000000.000
28175,2080,15.625000,25000000.000
28176,2077,14.160156,25000000.000
28177,2075,13.183594,25000000.000
28178,2070,10.742188,25000000.000
28179,2069,10.253906,25000000.000
28180,2062,6.835938,25000000.000
28181,2058,4.882812,25000000.000
28182,2054,2.929688,25000000.000
28183,2052,1.953125,25000000.000
28184,2042,-2.929688,25000000.000
28185,2037,-5.371094,25000000.000
28186,2032,-7.812500,25000000.000
28187,2032,-7.812500,25000000.000
28188,2023,-12.207031,25000000.000
28189,2019,-14.160156,25000000.000
28190,2017,-15.136719,25000000.000
28191,2016,-15.625000,25000000.000
28192,2013,-17.089844,25000000.000
28193,2011,-18.066406,25000000.000
28194,2010,-18.554688,25000000.000
28195,2011,-18.066406,25000000.000
28196,2013,-17.089844,25000000.000
28197,2016,-15.625000,25000000.000
28198,2018,-14.648438,25000000.000
28199,2019,-14.160156,25000000.000
28200,2027,-10.253906,25000000.000
28201,2031,-8.300781,25000000.000
28202,2036,-5.859375,25000000.000
28203,2036,-5.859375,25000000.000
28204,2046,-0.976562,25000000.000
28205,2051,1.464844,25000000.000
28206,2057,4.394531,25000000.000
28207,2058,4.882812,25000000.000
28208,2067,9.277344,25000000.000
28209,2071,11.230469,25000000.000
28210,2073,12.207031,25000000.000
28211,2075,13.183594,25000000.000
28212,2079,15.136719,25000000.000
28213,2080,15.625000,25000000.000
28214,2080,15.625000,25000000.000
28215,2081,16.113281,25000000.000
28216,2078,14.648438,25000000.000
28217,2077,14.160156,25000000.000
28218,2075,13.183594,25000000.000
28219,2074,12.695312,25000000.000
28220,2066,8.789062,25000000.000
28221,2062,6.835938,25000000.000
28222,2058,4.882812,25000000.000
28223,2057,4.394531,25000000.000
28224,2048,0.000000,25000000.000
28225,2043,-2.441406,25000000.000
28226,2037,-5.371094,25000000.000
28227,2037,-5.371094,25000000.000
28228,2027,-10.253906,25000000.000
28229,2023,-12.207031,25000000.000
28230,2019,-14.160156,25000000.000
28231,2020,-13.671875,25000000.000
28232,2014,-16.601562,25000000.000
28233,2012,-17.578125,25000000.000
28234,2012,-17.578125,25000000.000
28235,2011,-18.066406,25000000.000
28236,2012,-17.578125,25000000.000
28237,2015,-16.113281,25000000.000
28238,2016,-15.625000,25000000.000
28239,2016,-15.625000,25000000.000
28240,2023,-12.207031,25000000.000
28241,2027,-10.253906,25000000.000
28242,2032,-7.812500,25000000.000
28243,2031,-8.300781,25000000.000
28244,2043,-2.441406,25000000.000
28245,2048,0.000000,25000000.000
28246,2052,1.953125,25000000.000
28247,2054,2.929688,25000000.000
28248,2062,6.835938,25000000.000
28249,2068,9.765625,25000000.000
28250,2071,11.230469,25000000.000
28251,2071,11.230469,25000000.000
28252,2077,14.160156,25000000.000
28253,2079,15.136719,25000000.000
28254,2081,16.113281,25000000.000
28255,2081,16.113281,25000000.000
28256,2080,15.625000,25000000.000
28257,2079,15.136719,25000000.000
28258,2077,14.160156,25000000.000
28259,2077,14.160156,25000000.000
28260,2070,10.742188,25000000.000
28261,2066,8.789062,25000000.000
28262,2062,6.835938,25000000.000
28263,2061,6.347656,25000000.000
28264,2052,1.953125,25000000.000
28265,2046,-0.976562,25000000.000
28266,2042,-2.929688,25000000.000
28267,2041,-3.417969,25000000.000
28268,2030,-8.789062,25000000.000
28269,2027,-10.253906,25000000.000
28270,2022,-12.695312,25000000.000
28271,2022,-12.695312,25000000.000
28272,2015,-16.113281,25000000.000
28273,2013,-17.089844,25000000.000
28274,2011,-18.066406,25000000.000
28275,2011,-18.066406,25000000.000
28276,2010,-18.554688,25000000.000
28277,2012,-17.578125,25000000.000
28278,2014,-16.601562,25000000.000
28279,2014,-16.601562,25000000.000
28280,2019,-14.160156,25000000.000
28281,2024,-11.718750,25000000.000
28282,2028,-9.765625,25000000.000
28283,2028,-9.765625,25000000.000
28284,2044,-1.953125,25000000.000
28285,2051,1.464844,25000000.000
28286,2052,1.953125,25000000.000
28287,2047,-0.488281,25000000.000
28288,2060,5.859375,25000000.000
28289,2066,8.789062,25000000.000
28290,2068,9.765625,25000000.000
28291,2070,10.742188,25000000.000
28292,2077,14.160156,25000000.000
28293,2077,14.160156,25000000.000
28294,2079,15.136719,25000000.000
28295,2078,14.648438,25000000.000
28296,2079,15.136719,25000000.000
28297,2080,15.625000,25000000.000
28298,2078,14.648438,25000000.000
28299,2078,14.648438,25000000.000
28300,2073,12.207031,25000000.000
28301,2069,10.253906,25000000.000
28302,2067,9.277344,25000000.000
28303,2065,8.300781,25000000.000
28304,2056,3.906250,25000000.000
28305,2051,1.464844,25000000.000
28306,2046,-0.976562,25000000.000
28307,2045,-1.464844,25000000.000
28308,2034,-6.835938,25000000.000
28309,2032,-7.812500,25000000.000
28310,2026,-10.742188,25000000.000
28311,2026,-10.742188,25000000.000
28312,2019,-14.160156,25000000.000
28313,2017,-15.136719,25000000.000
28314,2013,-17.089844,25000000.000
28315,2012,-17.578125,25000000.000
28316,2010,-18.554688,25000000.000
28317,2011,-18.066406,25000000.000
28318,2011,-18.066406,25000000.000
28319,2013,-17.089844,25000000.000
28320,2015,-16.113281,25000000.000
28321,2020,-13.671875,25000000.000
28322,2024,-11.718750,25000000.000
28323,2024,-11.718750,25000000.000
28324,2031,-8.300781,25000000.000
28325,2042,-2.929688,25000000.000
28326,2047,-0.488281,25000000.000
28327,2042,-2.929688,25000000.000
28328,2053,2.441406,25000000.000
28329,2059,5.371094,25000000.000
28330,2064,7.812500,25000000.000
28331,2064,7.812500,25000000.000
28332,2071,11.230469,25000000.000
28333,2075,13.183594,25000000.000
28334,2078,14.648438,25000000.000
28335,2078,14.648438,25000000.000
28336,2080,15.625000,25000000.000
28337,2080,15.625000,25000000.000
28338,2080,15.625000,25000000.000
28339,2079,15.136719,25000000.000
28340,2074,12.695312,25000000.000
28341,2072,11.718750,25000000.000
28342,2068,9.765625,25000000.000
28343,2068,9.765625,25000000.000
28344,2059,5.371094,25000000.000
28345,2055,3.417969,25000000.000
28346,2050,0.976562,25000000.000
28347,2048,0.000000,25000000.000
28348,2040,-3.906250,25000000.000
28349,2034,-6.835938,25000000.000
28350,2029,-9.277344,25000000.000
28351,2029,-9.277344,25000000.000
28352,2021,-13.183594,25000000.000
28353,2018,-14.648438,25000000.000
28354,2014,-16.601562,25000000.000
28355,2014,-16.601562,25000000.000
28356,2011,-18.066406,25000000.000
28357,2010,-18.554688,25000000.000
28358,2011,-18.066406,25000000.000
28359,2010,-18.554688,25000000.000
28360,2013,-17.089844,25000000.000
28361,2018,-14.648438,25000000.000
28362,2021,-13.183594,25000000.000
28363,2021,-13.183594,25000000.000
28364,2029,-9.277344,25000000.000
28365,2035,-6.347656,25000000.000
28366,2039,-4.394531,25000000.000
28367,2039,-4.394531,25000000.000
28368,2049,0.488281,25000000.000
28369,2054,2.929688,25000000.000
28370,2059,5.371094,25000000.000
28371,2059,5.371094,25000000.000
28372,2068,9.765625,25000000.000
28373,2073,12.207031,25000000.000
28374,2076,13.671875,25000000.000
28375,2075,13.183594,25000000.000
28376,2078,14.648438,25000000.000
28377,2079,15.136719,25000000.000
28378,2079,15.136719,25000000.000
28379,2080,15.625000,25000000.000
28380,2077,14.160156,25000000.000
28381,2074,12.695312,25000000.000
28382,2072,11.718750,25000000.000
28383,2070,10.742188,25000000.000
28384,2063,7.324219,25000000.000
28385,2059,5.371094,25000000.000
28386,2054,2.929688,25000000.000
28387,2054,2.929688,25000000.000
28388,2044,-1.953125,25000000.000
28389,2038,-4.882812,25000000.000
28390,2033,-7.324219,25000000.000
28391,2033,-7.324219,25000000.000
28392,2024,-11.718750,25000000.000
28393,2020,-13.671875,25000000.000
28394,2017,-15.136719,25000000.000
28395,2016,-15.625000,25000000.000
28396,2013,-17.089844,25000000.000
28397,2011,-18.066406,25000000.000
28398,2010,-18.554688,25000000.000
28399,2010,-18.554688,25000000.000
28400,2014,-16.601562,25000000.000
28401,2014,-16.601562,25000000.000
28402,2018,-14.648438,25000000.000
28403,2017,-15.136719,25000000.000
28404,2024,-11.718750,25000000.000
28405,2029,-9.277344,25000000.000
28406,2034,-6.835938,25000000.000
28407,2035,-6.347656,25000000.000
28408,2045,-1.464844,25000000.000
28409,2050,0.976562,25000000.000
28410,2055,3.417969,25000000.000
28411,2057,4.394531,25000000.000
28412,2065,8.300781,25000000.000
28413,2069,10.253906,25000000.000
28414,2073,12.207031,25000000.000
28415,2075,13.183594,25000000.000
28416,2078,14.648438,25000000.000
28417,2079,15.136719,25000000.000
28418,2081,16.113281,25000000.000
28419,2080,15.625000,25000000.000
28420,2079,15.136719,25000000.000
28421,2079,15.136719,25000000.000
28422,2074,12.695312,25000000.000
28423,2075,13.183594,25000000.000
28424,2068,9.765625,25000000.000
28425,2063,7.324219,25000000.000
28426,2059,5.371094,25000000.000
28427,2059,5.371094,25000000.000
28428,2049,0.488281,25000000.000
28429,2043,-2.441406,25000000.000
28430,2039,-4.394531,25000000.000
28431,2038,-4.882812,25000000.000
28432,2028,-9.765625,25000000.000
28433,2024,-11.718750,25000000.000
28434,2020,-13.671875,25000000.000
28435,2021,-13.183594,25000000.000
28436,2015,-16.113281,25000000.000
28437,2014,-16.601562,25000000.000
28438,2012,-17.578125,25000000.000
28439,2011,-18.066406,25000000.000
28440,2013,-17.089844,25000000.000
28441,2014,-16.601562,25000000.000
28442,2015,-16.113281,25000000.000
28443,2017,-15.136719,25000000.000
28444,2023,-12.207031,25000000.000
28445,2027,-10.253906,25000000.000
28446,2032,-7.812500,25000000.000
28447,2032,-7.812500,25000000.000
28448,2041,-3.417969,25000000.000
28449,2047,-0.488281,25000000.000
28450,2052,1.953125,25000000.000
28451,2054,2.929688,25000000.000
28452,2063,7.324219,25000000.000
28453,2066,8.789062,25000000.000
28454,2071,11.230469,25000000.000
28455,2073,12.207031,25000000.000
28456,2076,13.671875,25000000.000
28457,2079,15.136719,25000000.000
28458,2081,16.113281,25000000.000
28459,2081,16.113281,25000000.000
28460,2080,15.625000,25000000.000
28461,2080,15.625000,25000000.000
28462,2077,14.160156,25000000.000
28463,2077,14.160156,25000000.000
28464,2072,11.718750,25000000.000
28465,2067,9.277344,25000000.000
28466,2063,7.324219,25000000.000
28467,2062,6.835938,25000000.000
28468,2052,1.953125,25000000.000
28469,2048,0.000000,25000000.000
28470,2042,-2.929688,25000000.000
28471,2042,-2.929688,25000000.000
28472,2033,-7.324219,25000000.000
28473,2028,-9.765625,25000000.000
28474,2024,-11.718750,25000000.000
28475,2024,-11.718750,25000000.000
28476,2017,-15.136719,25000000.000
28477,2014,-16.601562,25000000.000
28478,2013,-17.089844,25000000.000
28479,2012,-17.578125,25000000.000
28480,2011,-18.066406,25000000.000
28481,2012,-17.578125,25000000.000
28482,2014,-16.601562,25000000.000
28483,2013,-17.089844,25000000.000
28484,2019,-14.160156,25000000.000
28485,2022,-12.695312,25000000.000
28486,2026,-10.742188,25000000.000
28487,2027,-10.253906,25000000.000
28488,2037,-5.371094,25000000.000
28489,2042,-2.929688,25000000.000
28490,2047,-0.488281,25000000.000
28491,2047,-0.488281,25000000.000
28492,2057,4.394531,25000000.000
28493,2064,7.812500,25000000.000
28494,2067,9.277344,25000000.000
28495,2067,9.277344,25000000.000
28496,2075,13.183594,25000000.000
28497,2078,14.648438,25000000.000
28498,2080,15.625000,25000000.000
28499,2080,15.625000,25000000.000
28500,2081,16.113281,25000000.000
28501,2080,15.625000,25000000.000
28502,2079,15.136719,25000000.000
28503,2079,15.136719,25000000.000
28504,2074,12.695312,25000000.000
28505,2070,10.742188,25000000.000
28506,2067,9.277344,25000000.000
28507,2065,8.300781,25000000.000
28508,2057,4.394531,25000000.000
28509,2052,1.953125,25000000.000
28510,2046,-0.976562,25000000.000
28511,2047,-0.488281,25000000.000
28512,2036,-5.859375,25000000.000
28513,2032,-7.812500,25000000.000
28514,2027,-10.253906,25000000.000
28515,2027,-10.253906,25000000.000
28516,2019,-14.160156,25000000.000
28517,2017,-15.136719,25000000.000
28518,2014,-16.601562,25000000.000
28519,2013,-17.089844,25000000.000
28520,2012,-17.578125,25000000.000
28521,2012,-17.578125,25000000.000
28522,2012,-17.578125,25000000.000
28523,2013,-17.089844,25000000.000
28524,2016,-15.625000,25000000.000
28525,2019,-14.160156,25000000.000
28526,2023,-12.207031,25000000.000
28527,2023,-12.207031,25000000.000
28528,2032,-7.812500,25000000.000
28529,2038,-4.882812,25000000.000
28530,2042,-2.929688,25000000.000
28531,2044,-1.953125,25000000.000
28532,2054,2.929688,25000000.000
28533,2059,5.371094,25000000.000
28534,2063,7.324219,25000000.000
28535,2064,7.812500,25000000.000
28536,2071,11.230469,25000000.000
28537,2076,13.671875,25000000.000
28538,2077,14.160156,25000000.000
28539,2077,14.160156,25000000.000
28540,2080,15.625000,25000000.000
28541,2080,15.625000,25000000.000
28542,2081,16.113281,25000000.000
28543,2080,15.625000,25000000.000
28544,2076,13.671875,25000000.000
28545,2072,11.718750,25000000.000
28546,2069,10.253906,25000000.000
28547,2069,10.253906,25000000.000
28548,2061,6.347656,25000000.000
28549,2056,3.906250,25000000.000
28550,2051,1.464844,25000000.000
28551,2051,1.464844,25000000.000
28552,2040,-3.906250,25000000.000
28553,2035,-6.347656,25000000.000
28554,2030,-8.789062,25000000.000
28555,2030,-8.789062,25000000.000
28556,2021,-13.183594,25000000.000
28557,2019,-14.160156,25000000.000
28558,2015,-16.113281,25000000.000
28559,2014,-16.601562,25000000.000
28560,2011,-18.066406,25000000.000
28561,2010,-18.554688,25000000.000
28562,2011,-18.066406,25000000.000
28563,2010,-18.554688,25000000.000
28564,2013,-17.089844,25000000.000
28565,2015,-16.113281,25000000.000
28566,2019,-14.160156,25000000.000
28567,2020,-13.671875,25000000.000
28568,2028,-9.765625,25000000.000
28569,2033,-7.324219,25000000.000
28570,2038,-4.882812,25000000.000
28571,2039,-4.394531,25000000.000
28572,2048,0.000000,25000000.000
28573,2053,2.441406,25000000.000
28574,2059,5.371094,25000000.000
28575,2060,5.859375,25000000.000
28576,2069,10.253906,25000000.000
28577,2071,11.230469,25000000.000
28578,2076,13.671875,25000000.000
28579,2076,13.671875,25000000.000
28580,2079,15.136719,25000000.000
28581,2081,16.113281,25000000.000
28582,2081,16.113281,25000000.000
28583,2080,15.625000,25000000.000
28584,2078,14.648438,25000000.000
28585,2076,13.671875,25000000.000
28586,2072,11.718750,25000000.000
28587,2072,11.718750,25000000.000
28588,2064,7.812500,25000000.000
28589,2059,5.371094,25000000.000
28590,2055,3.417969,25000000.000
28591,2054,2.929688,25000000.000
28592,2044,-1.953125,25000000.000
28593,2039,-4.394531,25000000.000
28594,2034,-6.835938,25000000.000
28595,2032,-7.812500,25000000.000
28596,2024,-11.718750,25000000.000
28597,2021,-13.183594,25000000.000
28598,2016,-15.625000,25000000.000
28599,2017,-15.136719,25000000.000
28600,2011,-18.066406,25000000.000
28601,2011,-18.066406,25000000.000
28602,2010,-18.554688,25000000.000
28603,2011,-18.066406,25000000.000
28604,2011,-18.066406,25000000.000
28605,2014,-16.601562,25000000.000
28606,2016,-15.625000,25000000.000
28607,2016,-15.625000,25000000.000
28608,2024,-11.718750,25000000.000
28609,2028,-9.765625,25000000.000
28610,2033,-7.324219,25000000.000
28611,2034,-6.835938,25000000.000
28612,2045,-1.464844,25000000.000
28613,2051,1.464844,25000000.000
28614,2055,3.417969,25000000.000
28615,2056,3.906250,25000000.000
28616,2065,8.300781,25000000.000
28617,2070,10.742188,25000000.000
28618,2073,12.207031,25000000.000
28619,2074,12.695312,25000000.000
28620,2078,14.648438,25000000.000
28621,2079,15.136719,25000000.000
28622,2082,16.601562,25000000.000
28623,2081,16.113281,25000000.000
28624,2081,16.113281,25000000.000
28625,2079,15.136719,25000000.000
28626,2076,13.671875,25000000.000
28627,2075,13.183594,25000000.000
28628,2069,10.253906,25000000.000
28629,2064,7.812500,25000000.000
28630,2060,5.859375,25000000.000
28631,2058,4.882812,25000000.000
28632,2050,0.976562,25000000.000
28633,2044,-1.953125,25000000.000
28634,2039,-4.394531,25000000.000
28635,2039,-4.394531,25000000.000
28636,2029,-9.277344,25000000.000
28637,2026,-10.742188,25000000.000
28638,2021,-13.183594,25000000.000
28639,2020,-13.671875,25000000.000
28640,2015,-16.113281,25000000.000
28641,2013,-17.089844,25000000.000
28642,2012,-17.578125,25000000.000
28643,2011,-18.066406,25000000.000
28644,2012,-17.578125,25000000.000
28645,2013,-17.089844,25000000.000
28646,2014,-16.601562,25000000.000
28647,2015,-16.113281,25000000.000
28648,2022,-12.695312,25000000.000
28649,2025,-11.230469,25000000.000
28650,2029,-9.277344,25000000.000
28651,2030,-8.789062,25000000.000
28652,2040,-3.906250,25000000.000
28653,2044,-1.953125,25000000.000
28654,2050,0.976562,25000000.000
28655,2051,1.464844,25000000.000
28656,2060,5.859375,25000000.000
28657,2065,8.300781,25000000.000
28658,2069,10.253906,25000000.000
28659,2070,10.742188,25000000.000
28660,2077,14.160156,25000000.000
28661,2078,14.648438,25000000.000
28662,2080,15.625000,25000000.000
28663,2080,15.625000,25000000.000
28664,2080,15.625000,25000000.000
28665,2079,15.136719,25000000.000
28666,2078,14.648438,25000000.000
28667,2077,14.160156,25000000.000
28668,2072,11.718750,25000000.000
28669,2068,9.765625,25000000.000
28670,2064,7.812500,25000000.000
28671,2062,6.835938,25000000.000
28672,2054,2.929688,25000000.000
28673,2047,-0.488281,25000000.000
28674,2046,-0.976562,25000000.000
28675,2038,-4.882812,25000000.000
28676,2034,-6.835938,25000000.000
28677,2030,-8.789062,25000000.000
28678,2025,-11.230469,25000000.000
28679,2024,-11.718750,25000000.000
28680,2017,-15.136719,25000000.000
28681,2015,-16.113281,25000000.000
28682,2014,-16.601562,25000000.000
28683,2013,-17.089844,25000000.000
28684,2012,-17.578125,25000000.000
28685,2011,-18.066406,25000000.000
28686,2014,-16.601562,25000000.000
28687,2013,-17.089844,25000000.000
28688,2018,-14.648438,25000000.000
28689,2022,-12.695312,25000000.000
28690,2026,-10.742188,25000000.000
28691,2026,-10.742188,25000000.000
28692,2035,-6.347656,25000000.000
28693,2040,-3.906250,25000000.000
28694,2046,-0.976562,25000000.000
28695,2047,-0.488281,25000000.000
28696,2057,4.394531,25000000.000
28697,2062,6.835938,25000000.000
28698,2066,8.789062,25000000.000
28699,2067,9.277344,25000000.000
28700,2074,12.695312,25000000.000
28701,2077,14.160156,25000000.000
28702,2079,15.136719,25000000.000
28703,2080,15.625000,25000000.000
28704,2081,16.113281,25000000.000
28705,2080,15.625000,25000000.000
28706,2080,15.625000,25000000.000
28707,2080,15.625000,25000000.000
28708,2076,13.671875,25000000.000
28709,2072,11.718750,25000000.000
28710,2067,9.277344,25000000.000
28711,2067,9.277344,25000000.000
28712,2058,4.882812,25000000.000
28713,2054,2.929688,25000000.000
28714,2049,0.488281,25000000.000
28715,2047,-0.488281,25000000.000
28716,2038,-4.882812,25000000.000
28717,2033,-7.324219,25000000.000
28718,2027,-10.253906,25000000.000
28719,2029,-9.277344,25000000.000
28720,2020,-13.671875,25000000.000
28721,2016,-15.625000,25000000.000
28722,2014,-16.601562,25000000.000
28723,2013,-17.089844,25000000.000
28724,2013,-17.089844,25000000.000
28725,2010,-18.554688,25000000.000
28726,2011,-18.066406,25000000.000
28727,2012,-17.578125,25000000.000
28728,2016,-15.625000,25000000.000
28729,2017,-15.136719,25000000.000
28730,2021,-13.183594,25000000.000
28731,2022,-12.695312,25000000.000
28732,2030,-8.789062,25000000.000
28733,2036,-5.859375,25000000.000
28734,2040,-3.906250,25000000.000
28735,2042,-2.929688,25000000.000
28736,2050,0.976562,25000000.000
28737,2056,3.906250,25000000.000
28738,2061,6.347656,25000000.000
28739,2062,6.835938,25000000.000
28740,2071,11.230469,25000000.000
28741,2074,12.695312,25000000.000
28742,2076,13.671875,25000000.000
28743,2076,13.671875,25000000.000
28744,2080,15.625000,25000000.000
28745,2081,16.113281,25000000.000
28746,2080,15.625000,25000000.000
28747,2080,15.625000,25000000.000
28748,2078,14.648438,25000000.000
28749,2074,12.695312,25000000.000
28750,2070,10.742188,25000000.000
28751,2070,10.742188,25000000.000
28752,2062,6.835938,25000000.000
28753,2056,3.906250,25000000.000
28754,2051,1.464844,25000000.000
28755,2052,1.953125,25000000.000
28756,2042,-2.929688,25000000.000
28757,2036,-5.859375,25000000.000
28758,2032,-7.812500,25000000.000
28759,2030,-8.789062,25000000.000
28760,2022,-12.695312,25000000.000
28761,2017,-15.136719,25000000.000
28762,2016,-15.625000,25000000.000
28763,2015,-16.113281,25000000.000
28764,2011,-18.066406,25000000.000
28765,2010,-18.554688,25000000.000
28766,2010,-18.554688,25000000.000
28767,2009,-19.042969,25000000.000
28768,2013,-17.089844,25000000.000
28769,2015,-16.113281,25000000.000
28770,2018,-14.648438,25000000.000
28771,2018,-14.648438,25000000.000
28772,2026,-10.742188,25000000.000
28773,2031,-8.300781,25000000.000
28774,2036,-5.859375,25000000.000
28775,2036,-5.859375,25000000.000
28776,2046,-0.976562,25000000.000
28777,2053,2.441406,25000000.000
28778,2058,4.882812,25000000.000
28779,2059,5.371094,25000000.000
28780,2067,9.277344,25000000.000
28781,2071,11.230469,25000000.000
28782,2076,13.671875,25000000.000
28783,2075,13.183594,25000000.000
28784,2080,15.625000,25000000.000
28785,2081,16.113281,25000000.000
28786,2080,15.625000,25000000.000
28787,2081,16.113281,25000000.000
28788,2080,15.625000,25000000.000
28789,2077,14.160156,25000000.000
28790,2072,11.718750,25000000.000
28791,2073,12.207031,25000000.000
28792,2066,8.789062,25000000.000
28793,2061,6.347656,25000000.000
28794,2057,4.394531,25000000.000
28795,2055,3.417969,25000000.000
28796,2046,-0.976562,25000000.000
28797,2040,-3.906250,25000000.000
28798,2035,-6.347656,25000000.000
28799,2035,-6.347656,25000000.000
28800,2026,-10.742188,25000000.000
28801,2022,-12.695312,25000000.000
28802,2019,-14.160156,25000000.000
28803,2018,-14.648438,25000000.000
28804,2013,-17.089844,25000000.000
28805,2012,-17.578125,25000000.000
28806,2011,-18.066406,25000000.000
28807,2011,-18.066406,25000000.000
28808,2012,-17.578125,25000000.000
28809,2014,-16.601562,25000000.000
28810,2018,-14.648438,25000000.000
28811,2016,-15.625000,25000000.000
28812,2024,-11.718750,25000000.000
28813,2028,-9.765625,25000000.000
28814,2032,-7.812500,25000000.000
28815,2034,-6.835938,25000000.000
28816,2043,-2.441406,25000000.000
28817,2048,0.000000,25000000.000
28818,2054,2.929688,25000000.000
28819,2054,2.929688,25000000.000
28820,2064,7.812500,25000000.000
28821,2067,9.277344,25000000.000
28822,2072,11.718750,25000000.000
28823,2073,12.207031,25000000.000
28824,2079,15.136719,25000000.000
28825,2081,16.113281,25000000.000
28826,2081,16.113281,25000000.000
28827,2080,15.625000,25000000.000
28828,2080,15.625000,25000000.000
28829,2079,15.136719,25000000.000
28830,2076,13.671875,25000000.000
28831,2077,14.160156,25000000.000
28832,2072,11.718750,25000000.000
28833,2066,8.789062,25000000.000
28834,2062,6.835938,25000000.000
28835,2060,5.859375,25000000.000
28836,2052,1.953125,25000000.000
28837,2046,-0.976562,25000000.000
28838,2041,-3.417969,25000000.000
28839,2040,-3.906250,25000000.000
28840,2031,-8.300781,25000000.000
28841,2026,-10.742188,25000000.000
28842,2022,-12.695312,25000000.000
28843,2022,-12.695312,25000000.000
28844,2015,-16.113281,25000000.000
28845,2013,-17.089844,25000000.000
28846,2012,-17.578125,25000000.000
28847,2012,-17.578125,25000000.000
28848,2011,-18.066406,25000000.000
28849,2012,-17.578125,25000000.000
28850,2014,-16.601562,25000000.000
28851,2015,-16.113281,25000000.000
28852,2020,-13.671875,25000000.000
28853,2023,-12.207031,25000000.000
28854,2029,-9.277344,25000000.000
28855,2030,-8.789062,25000000.000
28856,2038,-4.882812,25000000.000
28857,2044,-1.953125,25000000.000
28858,2049,0.488281,25000000.000
28859,2050,0.976562,25000000.000
28860,2060,5.859375,25000000.000
28861,2064,7.812500,25000000.000
28862,2069,10.253906,25000000.000
28863,2069,10.253906,25000000.000
28864,2076,13.671875,25000000.000
28865,2080,15.625000,25000000.000
28866,2081,16.113281,25000000.000
28867,2081,16.113281,25000000.000
28868,2082,16.601562,25000000.000
28869,2080,15.625000,25000000.000
28870,2079,15.136719,25000000.000
28871,2079,15.136719,25000000.000
28872,2073,12.207031,25000000.000
28873,2070,10.742188,25000000.000
28874,2065,8.300781,25000000.000
28875,2065,8.300781,25000000.000
28876,2055,3.417969,25000000.000
28877,2050,0.976562,25000000.000
28878,2045,-1.464844,25000000.000
28879,2044,-1.953125,25000000.000
28880,2035,-6.347656,25000000.000
28881,2029,-9.277344,25000000.000
28882,2025,-11.230469,25000000.000
28883,2025,-11.230469,25000000.000
28884,2018,-14.648438,25000000.000
28885,2015,-16.113281,25000000.000
28886,2012,-17.578125,25000000.000
28887,2012,-17.578125,25000000.000
28888,2011,-18.066406,25000000.000
28889,2011,-18.066406,25000000.000
28890,2012,-17.578125,25000000.000
28891,2013,-17.089844,25000000.000
28892,2017,-15.136719,25000000.000
28893,2020,-13.671875,25000000.000
28894,2025,-11.230469,25000000.000
28895,2025,-11.230469,25000000.000
28896,2033,-7.324219,25000000.000
28897,2039,-4.394531,25000000.000
28898,2044,-1.953125,25000000.000
28899,2045,-1.464844,25000000.000
28900,2055,3.417969,25000000.000
28901,2060,5.859375,25000000.000
28902,2066,8.789062,25000000.000
28903,2066,8.789062,25000000.000
28904,2073,12.207031,25000000.000
28905,2076,13.671875,25000000.000
28906,2077,14.160156,25000000.000
28907,2078,14.648438,25000000.000
28908,2081,16.113281,25000000.000
28909,2080,15.625000,25000000.000
28910,2080,15.625000,25000000.000
28911,2080,15.625000,25000000.000
28912,2075,13.183594,25000000.000
28913,2073,12.207031,25000000.000
28914,2069,10.253906,25000000.000
28915,2069,10.253906,25000000.000
28916,2060,5.859375,25000000.000
28917,2053,2.441406,25000000.000
28918,2050,0.976562,25000000.000
28919,2049,0.488281,25000000.000
28920,2039,-4.394531,25000000.000
28921,2032,-7.812500,25000000.000
28922,2029,-9.277344,25000000.000
28923,2028,-9.765625,25000000.000
28924,2019,-14.160156,25000000.000
28925,2017,-15.136719,25000000.000
28926,2014,-16.601562,25000000.000
28927,2014,-16.601562,25000000.000
28928,2011,-18.066406,25000000.000
28929,2010,-18.554688,25000000.000
28930,2010,-18.554688,25000000.000
28931,2011,-18.066406,25000000.000
28932,2013,-17.089844,25000000.000
28933,2016,-15.625000,25000000.000
28934,2019,-14.160156,25000000.000
28935,2021,-13.183594,25000000.000
28936,2029,-9.277344,25000000.000
28937,2034,-6.835938,25000000.000
28938,2040,-3.906250,25000000.000
28939,2039,-4.394531,25000000.000
28940,2049,0.488281,25000000.000
28941,2055,3.417969,25000000.000
28942,2061,6.347656,25000000.000
28943,2061,6.347656,25000000.000
28944,2069,10.253906,25000000.000
28945,2073,12.207031,25000000.000
28946,2077,14.160156,25000000.000
28947,2077,14.160156,25000000.000
28948,2080,15.625000,25000000.000
28949,2082,16.601562,25000000.000
28950,2080,15.625000,25000000.000
28951,2080,15.625000,25000000.000
28952,2078,14.648438,25000000.000
28953,2074,12.695312,25000000.000
28954,2074,12.695312,25000000.000
28955,2071,11.230469,25000000.000
28956,2062,6.835938,25000000.000
28957,2059,5.371094,25000000.000
28958,2053,2.441406,25000000.000
28959,2053,2.441406,25000000.000
28960,2043,-2.441406,25000000.000
28961,2037,-5.371094,25000000.000
28962,2031,-8.300781,25000000.000
28963,2032,-7.812500,25000000.000
28964,2023,-12.207031,25000000.000
28965,2020,-13.671875,25000000.000
28966,2016,-15.625000,25000000.000
28967,2016,-15.625000,25000000.000
28968,2011,-18.066406,25000000.000
28969,2010,-18.554688,25000000.000
28970,2010,-18.554688,25000000.000
28971,2010,-18.554688,25000000.000
28972,2012,-17.578125,25000000.000
28973,2015,-16.113281,25000000.000
28974,2017,-15.136719,25000000.000
28975,2019,-14.160156,25000000.000
28976,2026,-10.742188,25000000.000
28977,2030,-8.789062,25000000.000
28978,2035,-6.347656,25000000.000
28979,2036,-5.859375,25000000.000
28980,2045,-1.464844,25000000.000
28981,2051,1.464844,25000000.000
28982,2057,4.394531,25000000.000
28983,2057,4.394531,25000000.000
28984,2066,8.789062,25000000.000
28985,2071,11.230469,25000000.000
28986,2074,12.695312,25000000.000
28987,2074,12.695312,25000000.000
28988,2079,15.136719,25000000.000
28989,2080,15.625000,25000000.000
28990,2081,16.113281,25000000.000
28991,2081,16.113281,25000000.000
28992,2079,15.136719,25000000.000
28993,2077,14.160156,25000000.000
28994,2074,12.695312,25000000.000
28995,2075,13.183594,25000000.000
28996,2067,9.277344,25000000.000
28997,2063,7.324219,25000000.000
28998,2057,4.394531,25000000.000
28999,2057,4.394531,25000000.000
29000,2048,0.000000,25000000.000
29001,2042,-2.929688,25000000.000
29002,2037,-5.371094,25000000.000
29003,2036,-5.859375,25000000.000
29004,2028,-9.765625,25000000.000
29005,2023,-12.207031,25000000.000
29006,2019,-14.160156,25000000.000
29007,2019,-14.160156,25000000.000
29008,2014,-16.601562,25000000.000
29009,2012,-17.578125,25000000.000
29010,2010,-18.554688,25000000.000
29011,2010,-18.554688,25000000.000
29012,2011,-18.066406,25000000.000
29013,2012,-17.578125,25000000.000
29014,2015,-16.113281,25000000.000
29015,2015,-16.113281,25000000.000
29016,2022,-12.695312,25000000.000
29017,2025,-11.230469,25000000.000
29018,2030,-8.789062,25000000.000
29019,2031,-8.300781,25000000.000
29020,2041,-3.417969,25000000.000
29021,2049,0.488281,25000000.000
29022,2047,-0.488281,25000000.000
29023,2055,3.417969,25000000.000
29024,2063,7.324219,25000000.000
29025,2068,9.765625,25000000.000
29026,2071,11.230469,25000000.000
29027,2071,11.230469,25000000.000
29028,2077,14.160156,25000000.000
29029,2079,15.136719,25000000.000
29030,2080,15.625000,25000000.000
29031,2081,16.113281,25000000.000
29032,2082,16.601562,25000000.000
29033,2081,16.113281,25000000.000
29034,2078,14.648438,25000000.000
29035,2078,14.648438,25000000.000
29036,2071,11.230469,25000000.000
29037,2067,9.277344,25000000.000
29038,2064,7.812500,25000000.000
29039,2062,6.835938,25000000.000
29040,2054,2.929688,25000000.000
29041,2048,0.000000,25000000.000
29042,2042,-2.929688,25000000.000
29043,2043,-2.441406,25000000.000
29044,2032,-7.812500,25000000.000
29045,2027,-10.253906,25000000.000
29046,2023,-12.207031,25000000.000
29047,2022,-12.695312,25000000.000
29048,2016,-15.625000,25000000.000
29049,2013,-17.089844,25000000.000
29050,2012,-17.578125,25000000.000
29051,2011,-18.066406,25000000.000
29052,2010,-18.554688,25000000.000
29053,2012,-17.578125,25000000.000
29054,2014,-16.601562,25000000.000
29055,2014,-16.601562,25000000.000
29056,2019,-14.160156,25000000.000
29057,2023,-12.207031,25000000.000
29058,2027,-10.253906,25000000.000
29059,2028,-9.765625,25000000.000
29060,2036,-5.859375,25000000.000
29061,2043,-2.441406,25000000.000
29062,2048,0.000000,25000000.000
29063,2049,0.488281,25000000.000
29064,2059,5.371094,25000000.000
29065,2064,7.812500,25000000.000
29066,2068,9.765625,25000000.000
29067,2069,10.253906,25000000.000
29068,2075,13.183594,25000000.000
29069,2078,14.648438,25000000.000
29070,2080,15.625000,25000000.000
29071,2080,15.625000,25000000.000
29072,2081,16.113281,25000000.000
29073,2080,15.625000,25000000.000
29074,2081,16.113281,25000000.000
29075,2078,14.648438,25000000.000
29076,2074,12.695312,25000000.000
29077,2071,11.230469,25000000.000
29078,2066,8.789062,25000000.000
29079,2067,9.277344,25000000.000
29080,2056,3.906250,25000000.000
29081,2052,1.953125,25000000.000
29082,2047,-0.488281,25000000.000
29083,2046,-0.976562,25000000.000
29084,2035,-6.347656,25000000.000
29085,2031,-8.300781,25000000.000
29086,2026,-10.742188,25000000.000
29087,2026,-10.742188,25000000.000
29088,2019,-14.160156,25000000.000
29089,2015,-16.113281,25000000.000
29090,2012,-17.578125,25000000.000
29091,2012,-17.578125,25000000.000
29092,2010,-18.554688,25000000.000
29093,2010,-18.554688,25000000.000
29094,2012,-17.578125,25000000.000
29095,2013,-17.089844,25000000.000
29096,2016,-15.625000,25000000.000
29097,2020,-13.671875,25000000.000
29098,2023,-12.207031,25000000.000
29099,2024,-11.718750,25000000.000
29100,2033,-7.324219,25000000.000
29101,2038,-4.882812,25000000.000
29102,2043,-2.441406,25000000.000
29103,2044,-1.953125,25000000.000
29104,2053,2.441406,25000000.000
29105,2059,5.371094,25000000.000
29106,2063,7.324219,25000000.000
29107,2065,8.300781,25000000.000
29108,2072,11.718750,25000000.000
29109,2075,13.183594,25000000.000
29110,2079,15.136719,25000000.000
29111,2078,14.648438,25000000.000
29112,2081,16.113281,25000000.000
29113,2081,16.113281,25000000.000
29114,2080,15.625000,25000000.000
29115,2080,15.625000,25000000.000
29116,2076,13.671875,25000000.000
29117,2073,12.207031,25000000.000
29118,2069,10.253906,25000000.000
29119,2069,10.253906,25000000.000
29120,2060,5.859375,25000000.000
29121,2056,3.906250,25000000.000
29122,2051,1.464844,25000000.000
29123,2048,0.000000,25000000.000
29124,2040,-3.906250,25000000.000
29125,2035,-6.347656,25000000.000
29126,2029,-9.277344,25000000.000
29127,2028,-9.765625,25000000.000
29128,2020,-13.671875,25000000.000
29129,2017,-15.136719,25000000.000
29130,2014,-16.601562,25000000.000
29131,2014,-16.601562,25000000.000
29132,2011,-18.066406,25000000.000
29133,2011,-18.066406,25000000.000
29134,2010,-18.554688,25000000.000
29135,2012,-17.578125,25000000.000
29136,2013,-17.089844,25000000.000
29137,2015,-16.113281,25000000.000
29138,2018,-14.648438,25000000.000
29139,2018,-14.648438,25000000.000
29140,2027,-10.253906,25000000.000
29141,2033,-7.324219,25000000.000
29142,2038,-4.882812,25000000.000
29143,2038,-4.882812,25000000.000
29144,2048,0.000000,25000000.000
29145,2054,2.929688,25000000.000
29146,2060,5.859375,25000000.000
29147,2060,5.859375,25000000.000
29148,2068,9.765625,25000000.000
29149,2073,12.207031,25000000.000
29150,2076,13.671875,25000000.000
29151,2076,13.671875,25000000.000
29152,2080,15.625000,25000000.000
29153,2081,16.113281,25000000.000
29154,2080,15.625000,25000000.000
29155,2081,16.113281,25000000.000
29156,2078,14.648438,25000000.000
29157,2076,13.671875,25000000.000
29158,2074,12.695312,25000000.000
29159,2072,11.718750,25000000.000
29160,2066,8.789062,25000000.000
29161,2060,5.859375,25000000.000
29162,2054,2.929688,25000000.000
29163,2054,2.929688,25000000.000
29164,2044,-1.953125,25000000.000
29165,2039,-4.394531,25000000.000
29166,2033,-7.324219,25000000.000
29167,2033,-7.324219,25000000.000
29168,2025,-11.230469,25000000.000
29169,2020,-13.671875,25000000.000
29170,2017,-15.136719,25000000.000
29171,2016,-15.625000,25000000.000
29172,2012,-17.578125,25000000.000
29173,2010,-18.554688,25000000.000
29174,2009,-19.042969,25000000.000
29175,2010,-18.554688,25000000.000
29176,2012,-17.578125,25000000.000
29177,2014,-16.601562,25000000.000
29178,2016,-15.625000,25000000.000
29179,2016,-15.625000,25000000.000
29180,2023,-12.207031,25000000.000
29181,2028,-9.765625,25000000.000
29182,2033,-7.324219,25000000.000
29183,2034,-6.835938,25000000.000
29184,2044,-1.953125,25000000.000
29185,2050,0.976562,25000000.000
29186,2054,2.929688,25000000.000
29187,2055,3.417969,25000000.000
29188,2066,8.789062,25000000.000
29189,2070,10.742188,25000000.000
29190,2075,13.183594,25000000.000
29191,2074,12.695312,25000000.000
29192,2079,15.136719,25000000.000
29193,2081,16.113281,25000000.000
29194,2081,16.113281,25000000.000
29195,2082,16.601562,25000000.000
29196,2080,15.625000,25000000.000
29197,2079,15.136719,25000000.000
29198,2075,13.183594,25000000.000
29199,2076,13.671875,25000000.000
29200,2069,10.253906,25000000.000
29201,2065,8.300781,25000000.000
29202,2060,5.859375,25000000.000
29203,2059,5.371094,25000000.000
29204,2049,0.488281,25000000.000
29205,2044,-1.953125,25000000.000
29206,2039,-4.394531,25000000.000
29207,2038,-4.882812,25000000.000
29208,2029,-9.277344,25000000.000
29209,2024,-11.718750,25000000.000
29210,2020,-13.671875,25000000.000
29211,2020,-13.671875,25000000.000
29212,2014,-16.601562,25000000.000
29213,2012,-17.578125,25000000.000
29214,2012,-17.578125,25000000.000
29215,2011,-18.066406,25000000.000
29216,2011,-18.066406,25000000.000
29217,2013,-17.089844,25000000.000
29218,2016,-15.625000,25000000.000
29219,2015,-16.113281,25000000.000
29220,2021,-13.183594,25000000.000
29221,2025,-11.230469,25000000.000
29222,2030,-8.789062,25000000.000
29223,2030,-8.789062,25000000.000
29224,2041,-3.417969,25000000.000
29225,2046,-0.976562,25000000.000
29226,2051,1.464844,25000000.000
29227,2052,1.953125,25000000.000
29228,2063,7.324219,25000000.000
29229,2066,8.789062,25000000.000
29230,2071,11.230469,25000000.000
29231,2071,11.230469,25000000.000
29232,2077,14.160156,25000000.000
29233,2080,15.625000,25000000.000
29234,2081,16.113281,25000000.000
29235,2081,16.113281,25000000.000
29236,2081,16.113281,25000000.000
29237,2080,15.625000,25000000.000
29238,2079,15.136719,25000000.000
29239,2078,14.648438,25000000.000
29240,2073,12.207031,25000000.000
29241,2069,10.253906,25000000.000
29242,2065,8.300781,25000000.000
29243,2064,7.812500,25000000.000
29244,2055,3.417969,25000000.000
29245,2048,0.000000,25000000.000
29246,2044,-1.953125,25000000.000
29247,2043,-2.441406,25000000.000
29248,2033,-7.324219,25000000.000
29249,2027,-10.253906,25000000.000
29250,2024,-11.718750,25000000.000
29251,2023,-12.207031,25000000.000
29252,2016,-15.625000,25000000.000
29253,2014,-16.601562,25000000.000
29254,2011,-18.066406,25000000.000
29255,2012,-17.578125,25000000.000
29256,2010,-18.554688,25000000.000
29257,2011,-18.066406,25000000.000
29258,2013,-17.089844,25000000.000
29259,2013,-17.089844,25000000.000
29260,2017,-15.136719,25000000.000
29261,2022,-12.695312,25000000.000
29262,2027,-10.253906,25000000.000
29263,2025,-11.230469,25000000.000
29264,2034,-6.835938,25000000.000
29265,2041,-3.417969,25000000.000
29266,2045,-1.464844,25000000.000
29267,2046,-0.976562,25000000.000
29268,2058,4.882812,25000000.000
29269,2062,6.835938,25000000.000
29270,2066,8.789062,25000000.000
29271,2067,9.277344,25000000.000
29272,2075,13.183594,25000000.000
29273,2077,14.160156,25000000.000
29274,2079,15.136719,25000000.000
29275,2079,15.136719,25000000.000
29276,2082,16.601562,25000000.000
29277,2082,16.601562,25000000.000
29278,2081,16.113281,25000000.000
29279,2080,15.625000,25000000.000
29280,2075,13.183594,25000000.000
29281,2073,12.207031,25000000.000
29282,2068,9.765625,25000000.000
29283,2068,9.765625,25000000.000
29284,2058,4.882812,25000000.000
29285,2053,2.441406,25000000.000
29286,2048,0.000000,25000000.000
29287,2048,0.000000,25000000.000
29288,2038,-4.882812,25000000.000
29289,2032,-7.812500,25000000.000
29290,2028,-9.765625,25000000.000
29291,2027,-10.253906,25000000.000
29292,2019,-14.160156,25000000.000
29293,2016,-15.625000,25000000.000
29294,2014,-16.601562,25000000.000
29295,2012,-17.578125,25000000.000
29296,2010,-18.554688,25000000.000
29297,2010,-18.554688,25000000.000
29298,2010,-18.554688,25000000.000
29299,2011,-18.066406,25000000.000
29300,2014,-16.601562,25000000.000
29301,2018,-14.648438,25000000.000
29302,2022,-12.695312,25000000.000
29303,2022,-12.695312,25000000.000
29304,2031,-8.300781,25000000.000
29305,2035,-6.347656,25000000.000
29306,2042,-2.929688,25000000.000
29307,2042,-2.929688,25000000.000
29308,2052,1.953125,25000000.000
29309,2058,4.882812,25000000.000
29310,2063,7.324219,25000000.000
29311,2063,7.324219,25000000.000
29312,2072,11.718750,25000000.000
29313,2075,13.183594,25000000.000
29314,2078,14.648438,25000000.000
29315,2078,14.648438,25000000.000
29316,2081,16.113281,25000000.000
29317,2081,16.113281,25000000.000
29318,2080,15.625000,25000000.000
29319,2080,15.625000,25000000.000
29320,2077,14.160156,25000000.000
29321,2074,12.695312,25000000.000
29322,2071,11.230469,25000000.000
29323,2070,10.742188,25000000.000
29324,2062,6.835938,25000000.000
29325,2057,4.394531,25000000.000
29326,2053,2.441406,25000000.000
29327,2051,1.464844,25000000.000
29328,2040,-3.906250,25000000.000
29329,2034,-6.835938,25000000.000
29330,2032,-7.812500,25000000.000
29331,2030,-8.789062,25000000.000
29332,2021,-13.183594,25000000.000
29333,2018,-14.648438,25000000.000
29334,2016,-15.625000,25000000.000
29335,2015,-16.113281,25000000.000
29336,2010,-18.554688,25000000.000
29337,2009,-19.042969,25000000.000
29338,2010,-18.554688,25000000.000
29339,2011,-18.066406,25000000.000
29340,2012,-17.578125,25000000.000
29341,2016,-15.625000,25000000.000
29342,2018,-14.648438,25000000.000
29343,2018,-14.648438,25000000.000
29344,2026,-10.742188,25000000.000
29345,2032,-7.812500,25000000.000
29346,2037,-5.371094,25000000.000
29347,2036,-5.859375,25000000.000
29348,2048,0.000000,25000000.000
29349,2053,2.441406,25000000.000
29350,2058,4.882812,25000000.000
29351,2059,5.371094,25000000.000
29352,2069,10.253906,25000000.000
29353,2072,11.718750,25000000.000
29354,2075,13.183594,25000000.000
29355,2075,13.183594,25000000.000
29356,2080,15.625000,25000000.000
29357,2081,16.113281,25000000.000
29358,2080,15.625000,25000000.000
29359,2080,15.625000,25000000.000
29360,2079,15.136719,25000000.000
29361,2077,14.160156,25000000.000
29362,2074,12.695312,25000000.000
29363,2074,12.695312,25000000.000
29364,2066,8.789062,25000000.000
29365,2062,6.835938,25000000.000
29366,2057,4.394531,25000000.000
29367,2055,3.417969,25000000.000
29368,2048,0.000000,25000000.000
29369,2043,-2.441406,25000000.000
29370,2034,-6.835938,25000000.000
29371,2039,-4.394531,25000000.000
29372,2027,-10.253906,25000000.000
29373,2022,-12.695312,25000000.000
29374,2018,-14.648438,25000000.000
29375,2017,-15.136719,25000000.000
29376,2012,-17.578125,25000000.000
29377,2011,-18.066406,25000000.000
29378,2009,-19.042969,25000000.000
29379,2011,-18.066406,25000000.000
29380,2011,-18.066406,25000000.000
29381,2012,-17.578125,25000000.000
29382,2015,-16.113281,25000000.000
29383,2016,-15.625000,25000000.000
29384,2022,-12.695312,25000000.000
29385,2027,-10.253906,25000000.000
29386,2033,-7.324219,25000000.000
29387,2032,-7.812500,25000000.000
29388,2043,-2.441406,25000000.000
29389,2049,0.488281,25000000.000
29390,2054,2.929688,25000000.000
29391,2054,2.929688,25000000.000
29392,2065,8.300781,25000000.000
29393,2069,10.253906,25000000.000
29394,2072,11.718750,25000000.000
29395,2073,12.207031,25000000.000
29396,2078,14.648438,25000000.000
29397,2081,16.113281,25000000.000
29398,2082,16.601562,25000000.000
29399,2082,16.601562,25000000.000
29400,2080,15.625000,25000000.000
29401,2079,15.136719,25000000.000
29402,2077,14.160156,25000000.000
29403,2076,13.671875,25000000.000
29404,2069,10.253906,25000000.000
29405,2065,8.300781,25000000.000
29406,2061,6.347656,25000000.000
29407,2061,6.347656,25000000.000
29408,2052,1.953125,25000000.000
29409,2046,-0.976562,25000000.000
29410,2041,-3.417969,25000000.000
29411,2039,-4.394531,25000000.000
29412,2030,-8.789062,25000000.000
29413,2026,-10.742188,25000000.000
29414,2021,-13.183594,25000000.000
29415,2021,-13.183594,25000000.000
29416,2015,-16.113281,25000000.000
29417,2012,-17.578125,25000000.000
29418,2011,-18.066406,25000000.000
29419,2011,-18.066406,25000000.000
29420,2011,-18.066406,25000000.000
29421,2013,-17.089844,25000000.000
29422,2015,-16.113281,25000000.000
29423,2015,-16.113281,25000000.000
29424,2020,-13.671875,25000000.000
29425,2024,-11.718750,25000000.000
29426,2030,-8.789062,25000000.000
29427,2030,-8.789062,25000000.000
29428,2039,-4.394531,25000000.000
29429,2044,-1.953125,25000000.000
29430,2051,1.464844,25000000.000
29431,2051,1.464844,25000000.000
29432,2061,6.347656,25000000.000
29433,2066,8.789062,25000000.000
29434,2070,10.742188,25000000.000
29435,2070,10.742188,25000000.000
29436,2076,13.671875,25000000.000
29437,2079,15.136719,25000000.000
29438,2081,16.113281,25000000.000
29439,2080,15.625000,25000000.000
29440,2081,16.113281,25000000.000
29441,2080,15.625000,25000000.000
29442,2079,15.136719,25000000.000
29443,2078,14.648438,25000000.000
29444,2072,11.718750,25000000.000
29445,2069,10.253906,25000000.000
29446,2065,8.300781,25000000.000
29447,2064,7.812500,25000000.000
29448,2055,3.417969,25000000.000
29449,2048,0.000000,25000000.000
29450,2043,-2.441406,25000000.000
29451,2043,-2.441406,25000000.000
29452,2034,-6.835938,25000000.000
29453,2028,-9.765625,25000000.000
29454,2024,-11.718750,25000000.000
29455,2025,-11.230469,25000000.000
29456,2017,-15.136719,25000000.000
29457,2014,-16.601562,25000000.000
29458,2013,-17.089844,25000000.000
29459,2012,-17.578125,25000000.000
29460,2010,-18.554688,25000000.000
29461,2012,-17.578125,25000000.000
29462,2013,-17.089844,25000000.000
29463,2014,-16.601562,25000000.000
29464,2018,-14.648438,25000000.000
29465,2021,-13.183594,25000000.000
29466,2024,-11.718750,25000000.000
29467,2025,-11.230469,25000000.000
29468,2035,-6.347656,25000000.000
29469,2040,-3.906250,25000000.000
29470,2045,-1.464844,25000000.000
29471,2046,-0.976562,25000000.000
29472,2056,3.906250,25000000.000
29473,2061,6.347656,25000000.000
29474,2066,8.789062,25000000.000
29475,2067,9.277344,25000000.000
29476,2074,12.695312,25000000.000
29477,2078,14.648438,25000000.000
29478,2079,15.136719,25000000.000
29479,2079,15.136719,25000000.000
29480,2082,16.601562,25000000.000
29481,2081,16.113281,25000000.000
29482,2081,16.113281,25000000.000
29483,2081,16.113281,25000000.000
29484,2076,13.671875,25000000.000
29485,2073,12.207031,25000000.000
29486,2070,10.742188,25000000.000
29487,2069,10.253906,25000000.000
29488,2061,6.347656,25000000.000
29489,2054,2.929688,25000000.000
29490,2048,0.000000,25000000.000
29491,2049,0.488281,25000000.000
29492,2039,-4.394531,25000000.000
29493,2034,-6.835938,25000000.000
29494,2029,-9.277344,25000000.000
29495,2028,-9.765625,25000000.000
29496,2025,-11.230469,25000000.000
29497,2025,-11.230469,25000000.000
29498,2017,-15.136719,25000000.000
29499,2011,-18.066406,25000000.000
29500,2010,-18.554688,25000000.000
29501,2011,-18.066406,25000000.000
29502,2011,-18.066406,25000000.000
29503,2011,-18.066406,25000000.000
29504,2014,-16.601562,25000000.000
29505,2015,-16.113281,25000000.000
29506,2019,-14.160156,25000000.000
29507,2019,-14.160156,25000000.000
29508,2028,-9.765625,25000000.000
29509,2035,-6.347656,25000000.000
29510,2039,-4.394531,25000000.000
29511,2040,-3.906250,25000000.000
29512,2050,0.976562,25000000.000
29513,2055,3.417969,25000000.000
29514,2061,6.347656,25000000.000
29515,2062,6.835938,25000000.000
29516,2070,10.742188,25000000.000
29517,2074,12.695312,25000000.000
29518,2077,14.160156,25000000.000
29519,2078,14.648438,25000000.000
29520,2080,15.625000,25000000.000
29521,2082,16.601562,25000000.000
29522,2082,16.601562,25000000.000
29523,2081,16.113281,25000000.000
29524,2077,14.160156,25000000.000
29525,2075,13.183594,25000000.000
29526,2071,11.230469,25000000.000
29527,2071,11.230469,25000000.000
29528,2063,7.324219,25000000.000
29529,2058,4.882812,25000000.000
29530,2053,2.441406,25000000.000
29531,2052,1.953125,25000000.000
29532,2043,-2.441406,25000000.000
29533,2037,-5.371094,25000000.000
29534,2032,-7.812500,25000000.000
29535,2031,-8.300781,25000000.000
29536,2023,-12.207031,25000000.000
29537,2018,-14.648438,25000000.000
29538,2015,-16.113281,25000000.000
29539,2015,-16.113281,25000000.000
29540,2011,-18.066406,25000000.000
29541,2010,-18.554688,25000000.000
29542,2010,-18.554688,25000000.000
29543,2009,-19.042969,25000000.000
29544,2012,-17.578125,25000000.000
29545,2014,-16.601562,25000000.000
29546,2018,-14.648438,25000000.000
29547,2018,-14.648438,25000000.000
29548,2025,-11.230469,25000000.000
29549,2030,-8.789062,25000000.000
29550,2035,-6.347656,25000000.000
29551,2035,-6.347656,25000000.000
29552,2047,-0.488281,25000000.000
29553,2052,1.953125,25000000.000
29554,2057,4.394531,25000000.000
29555,2057,4.394531,25000000.000
29556,2067,9.277344,25000000.000
29557,2072,11.718750,25000000.000
29558,2075,13.183594,25000000.000
29559,2075,13.183594,25000000.000
29560,2080,15.625000,25000000.000
29561,2080,15.625000,25000000.000
29562,2082,16.601562,25000000.000
29563,2082,16.601562,25000000.000
29564,2079,15.136719,25000000.000
29565,2077,14.160156,25000000.000
29566,2075,13.183594,25000000.000
29567,2074,12.695312,25000000.000
29568,2065,8.300781,25000000.000
29569,2063,7.324219,25000000.000
29570,2058,4.882812,25000000.000
29571,2056,3.906250,25000000.000
29572,2047,-0.488281,25000000.000
29573,2042,-2.929688,25000000.000
29574,2036,-5.859375,25000000.000
29575,2035,-6.347656,25000000.000
29576,2027,-10.253906,25000000.000
29577,2021,-13.183594,25000000.000
29578,2018,-14.648438,25000000.000
29579,2018,-14.648438,25000000.000
29580,2013,-17.089844,25000000.000
29581,2011,-18.066406,25000000.000
29582,2010,-18.554688,25000000.000
29583,2010,-18.554688,25000000.000
29584,2011,-18.066406,25000000.000
29585,2013,-17.089844,25000000.000
29586,2015,-16.113281,25000000.000
29587,2016,-15.625000,25000000.000
29588,2023,-12.207031,25000000.000
29589,2027,-10.253906,25000000.000
29590,2031,-8.300781,25000000.000
29591,2032,-7.812500,25000000.000
29592,2042,-2.929688,25000000.000
29593,2048,0.000000,25000000.000
29594,2053,2.441406,25000000.000
29595,2053,2.441406,25000000.000
29596,2064,7.812500,25000000.000
29597,2068,9.765625,25000000.000
29598,2071,11.230469,25000000.000
29599,2071,11.230469,25000000.000
29600,2079,15.136719,25000000.000
29601,2080,15.625000,25000000.000
29602,2080,15.625000,25000000.000
29603,2082,16.601562,25000000.000
29604,2081,16.113281,25000000.000
29605,2079,15.136719,25000000.000
29606,2077,14.160156,25000000.000
29607,2076,13.671875,25000000.000
29608,2071,11.230469,25000000.000
29609,2067,9.277344,25000000.000
29610,2062,6.835938,25000000.000
29611,2061,6.347656,25000000.000
29612,2053,2.441406,25000000.000
29613,2046,-0.976562,25000000.000
29614,2041,-3.417969,25000000.000
29615,2041,-3.417969,25000000.000
29616,2031,-8.300781,25000000.000
29617,2026,-10.742188,25000000.000
29618,2023,-12.207031,25000000.000
29619,2022,-12.695312,25000000.000
29620,2015,-16.113281,25000000.000
29621,2013,-17.089844,25000000.000
29622,2012,-17.578125,25000000.000
29623,2011,-18.066406,25000000.000
29624,2011,-18.066406,25000000.000
29625,2013,-17.089844,25000000.000
29626,2014,-16.601562,25000000.000
29627,2014,-16.601562,25000000.000
29628,2020,-13.671875,25000000.000
29629,2022,-12.695312,25000000.000
29630,2028,-9.765625,25000000.000
29631,2028,-9.765625,25000000.000
29632,2038,-4.882812,25000000.000
29633,2043,-2.441406,25000000.000
29634,2049,0.488281,25000000.000
29635,2050,0.976562,25000000.000
29636,2059,5.371094,25000000.000
29637,2064,7.812500,25000000.000
29638,2068,9.765625,25000000.000
29639,2070,10.742188,25000000.000
29640,2076,13.671875,25000000.000
29641,2079,15.136719,25000000.000
29642,2081,16.113281,25000000.000
29643,2080,15.625000,25000000.000
29644,2082,16.601562,25000000.000
29645,2081,16.113281,25000000.000
29646,2079,15.136719,25000000.000
29647,2079,15.136719,25000000.000
29648,2074,12.695312,25000000.000
29649,2070,10.742188,25000000.000
29650,2066,8.789062,25000000.000
29651,2067,9.277344,25000000.000
29652,2057,4.394531,25000000.000
29653,2051,1.464844,25000000.000
29654,2045,-1.464844,25000000.000
29655,2045,-1.464844,25000000.000
29656,2035,-6.347656,25000000.000
29657,2031,-8.300781,25000000.000
29658,2025,-11.230469,25000000.000
29659,2025,-11.230469,25000000.000
29660,2017,-15.136719,25000000.000
29661,2015,-16.113281,25000000.000
29662,2012,-17.578125,25000000.000
29663,2012,-17.578125,25000000.000
29664,2010,-18.554688,25000000.000
29665,2011,-18.066406,25000000.000
29666,2011,-18.066406,25000000.000
29667,2013,-17.089844,25000000.000
29668,2016,-15.625000,25000000.000
29669,2019,-14.160156,25000000.000
29670,2023,-12.207031,25000000.000
29671,2023,-12.207031,25000000.000
29672,2033,-7.324219,25000000.000
29673,2038,-4.882812,25000000.000
29674,2043,-2.441406,25000000.000
29675,2045,-1.464844,25000000.000
29676,2054,2.929688,25000000.000
29677,2060,5.859375,25000000.000
29678,2066,8.789062,25000000.000
29679,2064,7.812500,25000000.000
29680,2073,12.207031,25000000.000
29681,2077,14.160156,25000000.000
29682,2079,15.136719,25000000.000
29683,2080,15.625000,25000000.000
29684,2082,16.601562,25000000.000
29685,2081,16.113281,25000000.000
29686,2081,16.113281,25000000.000
29687,2081,16.113281,25000000.000
29688,2077,14.160156,25000000.000
29689,2073,12.207031,25000000.000
29690,2069,10.253906,25000000.000
29691,2069,10.253906,25000000.000
29692,2061,6.347656,25000000.000
29693,2055,3.417969,25000000.000
29694,2049,0.488281,25000000.000
29695,2050,0.976562,25000000.000
29696,2040,-3.906250,25000000.000
29697,2036,-5.859375,25000000.000
29698,2029,-9.277344,25000000.000
29699,2029,-9.277344,25000000.000
29700,2020,-13.671875,25000000.000
29701,2018,-14.648438,25000000.000
29702,2015,-16.113281,25000000.000
29703,2014,-16.601562,25000000.000
29704,2011,-18.066406,25000000.000
29705,2010,-18.554688,25000000.000
29706,2011,-18.066406,25000000.000
29707,2011,-18.066406,25000000.000
29708,2013,-17.089844,25000000.000
29709,2016,-15.625000,25000000.000
29710,2020,-13.671875,25000000.000
29711,2020,-13.671875,25000000.000
29712,2029,-9.277344,25000000.000
29713,2034,-6.835938,25000000.000
29714,2039,-4.394531,25000000.000
29715,2040,-3.906250,25000000.000
29716,2049,0.488281,25000000.000
29717,2054,2.929688,25000000.000
29718,2065,8.300781,25000000.000
29719,2060,5.859375,25000000.000
29720,2066,8.789062,25000000.000
29721,2074,12.695312,25000000.000
29722,2078,14.648438,25000000.000
29723,2077,14.160156,25000000.000
29724,2081,16.113281,25000000.000
29725,2081,16.113281,25000000.000
29726,2080,15.625000,25000000.000
29727,2081,16.113281,25000000.000
29728,2078,14.648438,25000000.000
29729,2075,13.183594,25000000.000
29730,2072,11.718750,25000000.000
29731,2072,11.718750,25000000.000
29732,2064,7.812500,25000000.000
29733,2059,5.371094,25000000.000
29734,2054,2.929688,25000000.000
29735,2054,2.929688,25000000.000
29736,2044,-1.953125,25000000.000
29737,2038,-4.882812,25000000.000
29738,2034,-6.835938,25000000.000
29739,2032,-7.812500,25000000.000
29740,2023,-12.207031,25000000.000
29741,2019,-14.160156,25000000.000
29742,2017,-15.136719,25000000.000
29743,2016,-15.625000,25000000.000
29744,2009,-19.042969,25000000.000
29745,2009,-19.042969,25000000.000
29746,2008,-19.531250,25000000.000
29747,2010,-18.554688,25000000.000
29748,2012,-17.578125,25000000.000
29749,2014,-16.601562,25000000.000
29750,2017,-15.136719,25000000.000
29751,2016,-15.625000,25000000.000
29752,2024,-11.718750,25000000.000
29753,2029,-9.277344,25000000.000
29754,2034,-6.835938,25000000.000
29755,2036,-5.859375,25000000.000
29756,2045,-1.464844,25000000.000
29757,2051,1.464844,25000000.000
29758,2055,3.417969,25000000.000
29759,2056,3.906250,25000000.000
29760,2066,8.789062,25000000.000
29761,2070,10.742188,25000000.000
29762,2074,12.695312,25000000.000
29763,2075,13.183594,25000000.000
29764,2079,15.136719,25000000.000
29765,2080,15.625000,25000000.000
29766,2080,15.625000,25000000.000
29767,2081,16.113281,25000000.000
29768,2080,15.625000,25000000.000
29769,2080,15.625000,25000000.000
29770,2075,13.183594,25000000.000
29771,2073,12.207031,25000000.000
29772,2067,9.277344,25000000.000
29773,2062,6.835938,25000000.000
29774,2058,4.882812,25000000.000
29775,2058,4.882812,25000000.000
29776,2048,0.000000,25000000.000
29777,2042,-2.929688,25000000.000
29778,2037,-5.371094,25000000.000
29779,2036,-5.859375,25000000.000
29780,2027,-10.253906,25000000.000
29781,2022,-12.695312,25000000.000
29782,2017,-15.136719,25000000.000
29783,2018,-14.648438,25000000.000
29784,2012,-17.578125,25000000.000
29785,2011,-18.066406,25000000.000
29786,2010,-18.554688,25000000.000
29787,2011,-18.066406,25000000.000
29788,2011,-18.066406,25000000.000
29789,2013,-17.089844,25000000.000
29790,2015,-16.113281,25000000.000
29791,2014,-16.601562,25000000.000
29792,2021,-13.183594,25000000.000
29793,2026,-10.742188,25000000.000
29794,2030,-8.789062,25000000.000
29795,2031,-8.300781,25000000.000
29796,2042,-2.929688,25000000.000
29797,2046,-0.976562,25000000.000
29798,2053,2.441406,25000000.000
29799,2052,1.953125,25000000.000
29800,2062,6.835938,25000000.000
29801,2067,9.277344,25000000.000
29802,2071,11.230469,25000000.000
29803,2072,11.718750,25000000.000
29804,2077,14.160156,25000000.000
29805,2081,16.113281,25000000.000
29806,2080,15.625000,25000000.000
29807,2081,16.113281,25000000.000
29808,2081,16.113281,25000000.000
29809,2079,15.136719,25000000.000
29810,2078,14.648438,25000000.000
29811,2078,14.648438,25000000.000
29812,2072,11.718750,25000000.000
29813,2068,9.765625,25000000.000
29814,2063,7.324219,25000000.000
29815,2062,6.835938,25000000.000
29816,2053,2.441406,25000000.000
29817,2048,0.000000,25000000.000
29818,2042,-2.929688,25000000.000
29819,2042,-2.929688,25000000.000
29820,2032,-7.812500,25000000.000
29821,2027,-10.253906,25000000.000
29822,2023,-12.207031,25000000.000
29823,2022,-12.695312,25000000.000
29824,2017,-15.136719,25000000.000
29825,2013,-17.089844,25000000.000
29826,2012,-17.578125,25000000.000
29827,2011,-18.066406,25000000.000
29828,2011,-18.066406,25000000.000
29829,2011,-18.066406,25000000.000
29830,2013,-17.089844,25000000.000
29831,2014,-16.601562,25000000.000
29832,2019,-14.160156,25000000.000
29833,2022,-12.695312,25000000.000
29834,2027,-10.253906,25000000.000
29835,2026,-10.742188,25000000.000
29836,2037,-5.371094,25000000.000
29837,2040,-3.906250,25000000.000
29838,2047,-0.488281,25000000.000
29839,2047,-0.488281,25000000.000
29840,2058,4.882812,25000000.000
29841,2063,7.324219,25000000.000
29842,2068,9.765625,25000000.000
29843,2067,9.277344,25000000.000
29844,2076,13.671875,25000000.000
29845,2078,14.648438,25000000.000
29846,2080,15.625000,25000000.000
29847,2080,15.625000,25000000.000
29848,2082,16.601562,25000000.000
29849,2081,16.113281,25000000.000
29850,2079,15.136719,25000000.000
29851,2080,15.625000,25000000.000
29852,2075,13.183594,25000000.000
29853,2072,11.718750,25000000.000
29854,2066,8.789062,25000000.000
29855,2067,9.277344,25000000.000
29856,2058,4.882812,25000000.000
29857,2053,2.441406,25000000.000
29858,2048,0.000000,25000000.000
29859,2048,0.000000,25000000.000
29860,2036,-5.859375,25000000.000
29861,2033,-7.324219,25000000.000
29862,2027,-10.253906,25000000.000
29863,2028,-9.765625,25000000.000
29864,2019,-14.160156,25000000.000
29865,2016,-15.625000,25000000.000
29866,2013,-17.089844,25000000.000
29867,2013,-17.089844,25000000.000
29868,2011,-18.066406,25000000.000
29869,2010,-18.554688,25000000.000
29870,2013,-17.089844,25000000.000
29871,2012,-17.578125,25000000.000
29872,2016,-15.625000,25000000.000
29873,2019,-14.160156,25000000.000
29874,2023,-12.207031,25000000.000
29875,2023,-12.207031,25000000.000
29876,2032,-7.812500,25000000.000
29877,2038,-4.882812,25000000.000
29878,2043,-2.441406,25000000.000
29879,2043,-2.441406,25000000.000
29880,2053,2.441406,25000000.000
29881,2059,5.371094,25000000.000
29882,2064,7.812500,25000000.000
29883,2064,7.812500,25000000.000
29884,2073,12.207031,25000000.000
29885,2076,13.671875,25000000.000
29886,2079,15.136719,25000000.000
29887,2079,15.136719,25000000.000
29888,2082,16.601562,25000000.000
29889,2082,16.601562,25000000.000
29890,2082,16.601562,25000000.000
29891,2081,16.113281,25000000.000
29892,2079,15.136719,25000000.000
29893,2075,13.183594,25000000.000
29894,2070,10.742188,25000000.000
29895,2071,11.230469,25000000.000
29896,2061,6.347656,25000000.000
29897,2056,3.906250,25000000.000
29898,2051,1.464844,25000000.000
29899,2052,1.953125,25000000.000
29900,2041,-3.417969,25000000.000
29901,2034,-6.835938,25000000.000
29902,2029,-9.277344,25000000.000
29903,2029,-9.277344,25000000.000
29904,2021,-13.183594,25000000.000
29905,2018,-14.648438,25000000.000
29906,2015,-16.113281,25000000.000
29907,2014,-16.601562,25000000.000
29908,2011,-18.066406,25000000.000
29909,2010,-18.554688,25000000.000
29910,2010,-18.554688,25000000.000
29911,2010,-18.554688,25000000.000
29912,2012,-17.578125,25000000.000
29913,2015,-16.113281,25000000.000
29914,2019,-14.160156,25000000.000
29915,2018,-14.648438,25000000.000
29916,2027,-10.253906,25000000.000
29917,2032,-7.812500,25000000.000
29918,2038,-4.882812,25000000.000
29919,2038,-4.882812,25000000.000
29920,2048,0.000000,25000000.000
29921,2054,2.929688,25000000.000
29922,2060,5.859375,25000000.000
29923,2059,5.371094,25000000.000
29924,2070,10.742188,25000000.000
29925,2073,12.207031,25000000.000
29926,2076,13.671875,25000000.000
29927,2076,13.671875,25000000.000
29928,2080,15.625000,25000000.000
29929,2082,16.601562,25000000.000
29930,2081,16.113281,25000000.000
29931,2080,15.625000,25000000.000
29932,2077,14.160156,25000000.000
29933,2077,14.160156,25000000.000
29934,2075,13.183594,25000000.000
29935,2072,11.718750,25000000.000
29936,2066,8.789062,25000000.000
29937,2060,5.859375,25000000.000
29938,2056,3.906250,25000000.000
29939,2055,3.417969,25000000.000
29940,2045,-1.464844,25000000.000
29941,2039,-4.394531,25000000.000
29942,2033,-7.324219,25000000.000
29943,2032,-7.812500,25000000.000
29944,2024,-11.718750,25000000.000
29945,2020,-13.671875,25000000.000
29946,2018,-14.648438,25000000.000
29947,2016,-15.625000,25000000.000
29948,2012,-17.578125,25000000.000
29949,2010,-18.554688,25000000.000
29950,2010,-18.554688,25000000.000
29951,2010,-18.554688,25000000.000
29952,2011,-18.066406,25000000.000
29953,2013,-17.089844,25000000.000
29954,2016,-15.625000,25000000.000
29955,2016,-15.625000,25000000.000
29956,2023,-12.207031,25000000.000
29957,2028,-9.765625,25000000.000
29958,2033,-7.324219,25000000.000
29959,2033,-7.324219,25000000.000
29960,2044,-1.953125,25000000.000
29961,2049,0.488281,25000000.000
29962,2055,3.417969,25000000.000
29963,2055,3.417969,25000000.000
29964,2065,8.300781,25000000.000
29965,2069,10.253906,25000000.000
29966,2073,12.207031,25000000.000
29967,2073,12.207031,25000000.000
29968,2079,15.136719,25000000.000
29969,2079,15.136719,25000000.000
29970,2081,16.113281,25000000.000
29971,2080,15.625000,25000000.000
29972,2080,15.625000,25000000.000
29973,2079,15.136719,25000000.000
29974,2076,13.671875,25000000.000
29975,2076,13.671875,25000000.000
29976,2068,9.765625,25000000.000
29977,2064,7.812500,25000000.000
29978,2060,5.859375,25000000.000
29979,2059,5.371094,25000000.000
29980,2049,0.488281,25000000.000
29981,2044,-1.953125,25000000.000
29982,2040,-3.906250,25000000.000
29983,2039,-4.394531,25000000.000
29984,2029,-9.277344,25000000.000
29985,2024,-11.718750,25000000.000
29986,2019,-14.160156,25000000.000
29987,2020,-13.671875,25000000.000
29988,2013,-17.089844,25000000.000
29989,2012,-17.578125,25000000.000
29990,2010,-18.554688,25000000.000
29991,2011,-18.066406,25000000.000
29992,2011,-18.066406,25000000.000
29993,2012,-17.578125,25000000.000
29994,2014,-16.601562,25000000.000
29995,2014,-16.601562,25000000.000
29996,2020,-13.671875,25000000.000
29997,2025,-11.230469,25000000.000
29998,2029,-9.277344,25000000.000
29999,2029,-9.277344,25000000.000
30000,2040,-3.906250,25000000.000
30001,2045,-1.464844,25000000.000
30002,2050,0.976562,25000000.000
30003,2052,1.953125,25000000.000
30004,2062,6.835938,25000000.000
30005,2066,8.789062,25000000.000
30006,2071,11.230469,25000000.000
30007,2071,11.230469,25000000.000
30008,2078,14.648438,25000000.000
30009,2080,15.625000,25000000.000
30010,2081,16.113281,25000000.000
30011,2080,15.625000,25000000.000
30012,2082,16.601562,25000000.000
30013,2082,16.601562,25000000.000
30014,2079,15.136719,25000000.000
30015,2078,14.648438,25000000.000
30016,2073,12.207031,25000000.000
30017,2068,9.765625,25000000.000
30018,2065,8.300781,25000000.000
30019,2064,7.812500,25000000.000
30020,2053,2.441406,25000000.000
30021,2049,0.488281,25000000.000
30022,2043,-2.441406,25000000.000
30023,2042,-2.929688,25000000.000
30024,2033,-7.324219,25000000.000
30025,2028,-9.765625,25000000.000
30026,2024,-11.718750,25000000.000
30027,2023,-12.207031,25000000.000
30028,2016,-15.625000,25000000.000
30029,2014,-16.601562,25000000.000
30030,2012,-17.578125,25000000.000
30031,2011,-18.066406,25000000.000
30032,2010,-18.554688,25000000.000
30033,2010,-18.554688,25000000.000
30034,2013,-17.089844,25000000.000
30035,2013,-17.089844,25000000.000
30036,2017,-15.136719,25000000.000
30037,2022,-12.695312,25000000.000
30038,2025,-11.230469,25000000.000
30039,2026,-10.742188,25000000.000
30040,2035,-6.347656,25000000.000
30041,2041,-3.417969,25000000.000
30042,2047,-0.488281,25000000.000
30043,2047,-0.488281,25000000.000
30044,2057,4.394531,25000000.000
30045,2062,6.835938,25000000.000
30046,2067,9.277344,25000000.000
30047,2067,9.277344,25000000.000
30048,2075,13.183594,25000000.000
30049,2078,14.648438,25000000.000
30050,2081,16.113281,25000000.000
30051,2079,15.136719,25000000.000
30052,2082,16.601562,25000000.000
30053,2081,16.113281,25000000.000
30054,2079,15.136719,25000000.000
30055,2080,15.625000,25000000.000
30056,2075,13.183594,25000000.000
30057,2072,11.718750,25000000.000
30058,2067,9.277344,25000000.000
30059,2067,9.277344,25000000.000
30060,2058,4.882812,25000000.000
30061,2053,2.441406,25000000.000
30062,2047,-0.488281,25000000.000
30063,2046,-0.976562,25000000.000
30064,2037,-5.371094,25000000.000
30065,2031,-8.300781,25000000.000
30066,2026,-10.742188,25000000.000
30067,2026,-10.742188,25000000.000
30068,2019,-14.160156,25000000.000
30069,2013,-17.089844,25000000.000
30070,2014,-16.601562,25000000.000
30071,2013,-17.089844,25000000.000
30072,2011,-18.066406,25000000.000
30073,2010,-18.554688,25000000.000
30074,2012,-17.578125,25000000.000
30075,2011,-18.066406,25000000.000
30076,2015,-16.113281,25000000.000
30077,2018,-14.648438,25000000.000
30078,2022,-12.695312,25000000.000
30079,2022,-12.695312,25000000.000
30080,2031,-8.300781,25000000.000
30081,2036,-5.859375,25000000.000
30082,2042,-2.929688,25000000.000
30083,2042,-2.929688,25000000.000
30084,2052,1.953125,25000000.000
30085,2057,4.394531,25000000.000
30086,2063,7.324219,25000000.000
30087,2064,7.812500,25000000.000
30088,2071,11.230469,25000000.000
30089,2075,13.183594,25000000.000
30090,2078,14.648438,25000000.000
30091,2078,14.648438,25000000.000
30092,2081,16.113281,25000000.000
30093,2082,16.601562,25000000.000
30094,2080,15.625000,25000000.000
30095,2082,16.601562,25000000.000
30096,2078,14.648438,25000000.000
30097,2075,13.183594,25000000.000
30098,2071,11.230469,25000000.000
30099,2069,10.253906,25000000.000
30100,2062,6.835938,25000000.000
30101,2058,4.882812,25000000.000
30102,2051,1.464844,25000000.000
30103,2051,1.464844,25000000.000
30104,2041,-3.417969,25000000.000
30105,2036,-5.859375,25000000.000
30106,2030,-8.789062,25000000.000
30107,2030,-8.789062,25000000.000
30108,2022,-12.695312,25000000.000
30109,2017,-15.136719,25000000.000
30110,2014,-16.601562,25000000.000
30111,2013,-17.089844,25000000.000
30112,2011,-18.066406,25000000.000
30113,2009,-19.042969,25000000.000
30114,2010,-18.554688,25000000.000
30115,2010,-18.554688,25000000.000
30116,2011,-18.066406,25000000.000
30117,2015,-16.113281,25000000.000
30118,2016,-15.625000,25000000.000
30119,2017,-15.136719,25000000.000
30120,2027,-10.253906,25000000.000
30121,2031,-8.300781,25000000.000
30122,2036,-5.859375,25000000.000
30123,2037,-5.371094,25000000.000
30124,2047,-0.488281,25000000.000
30125,2053,2.441406,25000000.000
30126,2058,4.882812,25000000.000
30127,2059,5.371094,25000000.000
30128,2068,9.765625,25000000.000
30129,2072,11.718750,25000000.000
30130,2075,13.183594,25000000.000
30131,2076,13.671875,25000000.000
30132,2080,15.625000,25000000.000
30133,2081,16.113281,25000000.000
30134,2081,16.113281,25000000.000
30135,2081,16.113281,25000000.000
30136,2078,14.648438,25000000.000
30137,2077,14.160156,25000000.000
30138,2073,12.207031,25000000.000
30139,2073,12.207031,25000000.000
30140,2066,8.789062,25000000.000
30141,2061,6.347656,25000000.000
30142,2056,3.906250,25000000.000
30143,2055,3.417969,25000000.000
30144,2046,-0.976562,25000000.000
30145,2040,-3.906250,25000000.000
30146,2035,-6.347656,25000000.000
30147,2034,-6.835938,25000000.000
30148,2025,-11.230469,25000000.000
30149,2021,-13.183594,25000000.000
30150,2017,-15.136719,25000000.000
30151,2017,-15.136719,25000000.000
30152,2013,-17.089844,25000000.000
30153,2010,-18.554688,25000000.000
30154,2010,-18.554688,25000000.000
30155,2009,-19.042969,25000000.000
30156,2010,-18.554688,25000000.000
30157,2011,-18.066406,25000000.000
30158,2015,-16.113281,25000000.000
30159,2016,-15.625000,25000000.000
30160,2023,-12.207031,25000000.000
30161,2028,-9.765625,25000000.000
30162,2031,-8.300781,25000000.000
30163,2032,-7.812500,25000000.000
30164,2043,-2.441406,25000000.000
30165,2049,0.488281,25000000.000
30166,2054,2.929688,25000000.000
30167,2056,3.906250,25000000.000
30168,2064,7.812500,25000000.000
30169,2068,9.765625,25000000.000
30170,2072,11.718750,25000000.000
30171,2072,11.718750,25000000.000
30172,2078,14.648438,25000000.000
30173,2081,16.113281,25000000.000
30174,2082,16.601562,25000000.000
30175,2081,16.113281,25000000.000
30176,2080,15.625000,25000000.000
30177,2080,15.625000,25000000.000
30178,2078,14.648438,25000000.000
30179,2077,14.160156,25000000.000
30180,2070,10.742188,25000000.000
30181,2066,8.789062,25000000.000
30182,2061,6.347656,25000000.000
30183,2061,6.347656,25000000.000
30184,2052,1.953125,25000000.000
30185,2045,-1.464844,25000000.000
30186,2040,-3.906250,25000000.000
30187,2040,-3.906250,25000000.000
30188,2030,-8.789062,25000000.000
30189,2024,-11.718750,25000000.000
30190,2021,-13.183594,25000000.000
30191,2021,-13.183594,25000000.000
30192,2014,-16.601562,25000000.000
30193,2012,-17.578125,25000000.000
30194,2010,-18.554688,25000000.000
30195,2010,-18.554688,25000000.000
30196,2010,-18.554688,25000000.000
30197,2012,-17.578125,25000000.000
30198,2013,-17.089844,25000000.000
30199,2013,-17.089844,25000000.000
30200,2019,-14.160156,25000000.000
30201,2023,-12.207031,25000000.000
30202,2028,-9.765625,25000000.000
30203,2028,-9.765625,25000000.000
30204,2038,-4.882812,25000000.000
30205,2043,-2.441406,25000000.000
30206,2049,0.488281,25000000.000
30207,2050,0.976562,25000000.000
30208,2061,6.347656,25000000.000
30209,2064,7.812500,25000000.000
30210,2070,10.742188,25000000.000
30211,2070,10.742188,25000000.000
30212,2078,14.648438,25000000.000
30213,2080,15.625000,25000000.000
30214,2080,15.625000,25000000.000
30215,2081,16.113281,25000000.000
30216,2083,17.089844,25000000.000
30217,2081,16.113281,25000000.000
30218,2081,16.113281,25000000.000
30219,2079,15.136719,25000000.000
30220,2074,12.695312,25000000.000
30221,2072,11.718750,25000000.000
30222,2067,9.277344,25000000.000
30223,2064,7.812500,25000000.000
30224,2055,3.417969,25000000.000
30225,2050,0.976562,25000000.000
30226,2045,-1.464844,25000000.000
30227,2044,-1.953125,25000000.000
30228,2035,-6.347656,25000000.000
30229,2030,-8.789062,25000000.000
30230,2025,-11.230469,25000000.000
30231,2024,-11.718750,25000000.000
30232,2017,-15.136719,25000000.000
30233,2014,-16.601562,25000000.000
30234,2012,-17.578125,25000000.000
30235,2011,-18.066406,25000000.000
30236,2011,-18.066406,25000000.000
30237,2011,-18.066406,25000000.000
30238,2012,-17.578125,25000000.000
30239,2012,-17.578125,25000000.000
30240,2017,-15.136719,25000000.000
30241,2021,-13.183594,25000000.000
30242,2025,-11.230469,25000000.000
30243,2025,-11.230469,25000000.000
30244,2035,-6.347656,25000000.000
30245,2039,-4.394531,25000000.000
30246,2045,-1.464844,25000000.000
30247,2046,-0.976562,25000000.000
30248,2056,3.906250,25000000.000
30249,2061,6.347656,25000000.000
30250,2066,8.789062,25000000.000
30251,2066,8.789062,25000000.000
30252,2074,12.695312,25000000.000
30253,2078,14.648438,25000000.000
30254,2081,16.113281,25000000.000
30255,2080,15.625000,25000000.000
30256,2080,15.625000,25000000.000
30257,2082,16.601562,25000000.000
30258,2080,15.625000,25000000.000
30259,2080,15.625000,25000000.000
30260,2077,14.160156,25000000.000
30261,2073,12.207031,25000000.000
30262,2069,10.253906,25000000.000
30263,2069,10.253906,25000000.000
30264,2060,5.859375,25000000.000
30265,2055,3.417969,25000000.000
30266,2049,0.488281,25000000.000
30267,2049,0.488281,25000000.000
30268,2039,-4.394531,25000000.000
30269,2034,-6.835938,25000000.000
30270,2028,-9.765625,25000000.000
30271,2028,-9.765625,25000000.000
30272,2021,-13.183594,25000000.000
30273,2016,-15.625000,25000000.000
30274,2014,-16.601562,25000000.000
30275,2014,-16.601562,25000000.000
30276,2011,-18.066406,25000000.000
30277,2011,-18.066406,25000000.000
30278,2010,-18.554688,25000000.000
30279,2011,-18.066406,25000000.000
30280,2013,-17.089844,25000000.000
30281,2017,-15.136719,25000000.000
30282,2020,-13.671875,25000000.000
30283,2021,-13.183594,25000000.000
30284,2029,-9.277344,25000000.000
30285,2034,-6.835938,25000000.000
30286,2039,-4.394531,25000000.000
30287,2040,-3.906250,25000000.000
30288,2050,0.976562,25000000.000
30289,2056,3.906250,25000000.000
30290,2061,6.347656,25000000.000
30291,2062,6.835938,25000000.000
30292,2070,10.742188,25000000.000
30293,2074,12.695312,25000000.000
30294,2077,14.160156,25000000.000
30295,2077,14.160156,25000000.000
30296,2081,16.113281,25000000.000
30297,2081,16.113281,25000000.000
30298,2081,16.113281,25000000.000
30299,2080,15.625000,25000000.000
30300,2078,14.648438,25000000.000
30301,2076,13.671875,25000000.000
30302,2073,12.207031,25000000.000
30303,2072,11.718750,25000000.000
30304,2066,8.789062,25000000.000
30305,2060,5.859375,25000000.000
30306,2053,2.441406,25000000.000
30307,2053,2.441406,25000000.000
30308,2043,-2.441406,25000000.000
30309,2037,-5.371094,25000000.000
30310,2031,-8.300781,25000000.000
30311,2031,-8.300781,25000000.000
30312,2022,-12.695312,25000000.000
30313,2017,-15.136719,25000000.000
30314,2014,-16.601562,25000000.000
30315,2014,-16.601562,25000000.000
30316,2010,-18.554688,25000000.000
30317,2009,-19.042969,25000000.000
30318,2009,-19.042969,25000000.000
30319,2009,-19.042969,25000000.000
30320,2010,-18.554688,25000000.000
30321,2013,-17.089844,25000000.000
30322,2017,-15.136719,25000000.000
30323,2016,-15.625000,25000000.000
30324,2024,-11.718750,25000000.000
30325,2030,-8.789062,25000000.000
30326,2034,-6.835938,25000000.000
30327,2034,-6.835938,25000000.000
30328,2046,-0.976562,25000000.000
30329,2051,1.464844,25000000.000
30330,2057,4.394531,25000000.000
30331,2059,5.371094,25000000.000
30332,2068,9.765625,25000000.000
30333,2074,12.695312,25000000.000
30334,2074,12.695312,25000000.000
30335,2076,13.671875,25000000.000
30336,2080,15.625000,25000000.000
30337,2081,16.113281,25000000.000
30338,2082,16.601562,25000000.000
30339,2081,16.113281,25000000.000
30340,2079,15.136719,25000000.000
30341,2078,14.648438,25000000.000
30342,2075,13.183594,25000000.000
30343,2074,12.695312,25000000.000
30344,2067,9.277344,25000000.000
30345,2062,6.835938,25000000.000
30346,2057,4.394531,25000000.000
30347,2057,4.394531,25000000.000
30348,2046,-0.976562,25000000.000
30349,2042,-2.929688,25000000.000
30350,2035,-6.347656,25000000.000
30351,2035,-6.347656,25000000.000
30352,2026,-10.742188,25000000.000
30353,2021,-13.183594,25000000.000
30354,2019,-14.160156,25000000.000
30355,2017,-15.136719,25000000.000
30356,2012,-17.578125,25000000.000
30357,2011,-18.066406,25000000.000
30358,2010,-18.554688,25000000.000
30359,2010,-18.554688,25000000.000
30360,2010,-18.554688,25000000.000
30361,2013,-17.089844,25000000.000
30362,2015,-16.113281,25000000.000
30363,2015,-16.113281,25000000.000
30364,2021,-13.183594,25000000.000
30365,2025,-11.230469,25000000.000
30366,2030,-8.789062,25000000.000
30367,2031,-8.300781,25000000.000
30368,2041,-3.417969,25000000.000
30369,2047,-0.488281,25000000.000
30370,2052,1.953125,25000000.000
30371,2053,2.441406,25000000.000
30372,2063,7.324219,25000000.000
30373,2068,9.765625,25000000.000
30374,2072,11.718750,25000000.000
30375,2073,12.207031,25000000.000
30376,2079,15.136719,25000000.000
30377,2080,15.625000,25000000.000
30378,2082,16.601562,25000000.000
30379,2081,16.113281,25000000.000
30380,2082,16.601562,25000000.000
30381,2080,15.625000,25000000.000
30382,2078,14.648438,25000000.000
30383,2079,15.136719,25000000.000
30384,2071,11.230469,25000000.000
30385,2067,9.277344,25000000.000
30386,2063,7.324219,25000000.000
30387,2063,7.324219,25000000.000
30388,2053,2.441406,25000000.000
30389,2048,0.000000,25000000.000
30390,2042,-2.929688,25000000.000
30391,2042,-2.929688,25000000.000
30392,2032,-7.812500,25000000.000
30393,2026,-10.742188,25000000.000
30394,2022,-12.695312,25000000.000
30395,2022,-12.695312,25000000.000
30396,2015,-16.113281,25000000.000
30397,2013,-17.089844,25000000.000
30398,2011,-18.066406,25000000.000
30399,2010,-18.554688,25000000.000
30400,2010,-18.554688,25000000.000
30401,2011,-18.066406,25000000.000
30402,2013,-17.089844,25000000.000
30403,2013,-17.089844,25000000.000
30404,2019,-14.160156,25000000.000
30405,2022,-12.695312,25000000.000
30406,2027,-10.253906,25000000.000
30407,2028,-9.765625,25000000.000
30408,2037,-5.371094,25000000.000
30409,2043,-2.441406,25000000.000
30410,2050,0.976562,25000000.000
30411,2049,0.488281,25000000.000
30412,2060,5.859375,25000000.000
30413,2064,7.812500,25000000.000
30414,2070,10.742188,25000000.000
30415,2072,11.718750,25000000.000
30416,2081,16.113281,25000000.000
30417,2081,16.113281,25000000.000
30418,2080,15.625000,25000000.000
30419,2083,17.089844,25000000.000
30420,2082,16.601562,25000000.000
30421,2081,16.113281,25000000.000
30422,2080,15.625000,25000000.000
30423,2080,15.625000,25000000.000
30424,2074,12.695312,25000000.000
30425,2071,11.230469,25000000.000
30426,2067,9.277344,25000000.000
30427,2066,8.789062,25000000.000
30428,2057,4.394531,25000000.000
30429,2053,2.441406,25000000.000
30430,2048,0.000000,25000000.000
30431,2046,-0.976562,25000000.000
30432,2036,-5.859375,25000000.000
30433,2030,-8.789062,25000000.000
30434,2025,-11.230469,25000000.000
30435,2025,-11.230469,25000000.000
30436,2017,-15.136719,25000000.000
30437,2015,-16.113281,25000000.000
30438,2012,-17.578125,25000000.000
30439,2012,-17.578125,25000000.000
30440,2010,-18.554688,25000000.000
30441,2011,-18.066406,25000000.000
30442,2012,-17.578125,25000000.000
30443,2011,-18.066406,25000000.000
30444,2015,-16.113281,25000000.000
30445,2018,-14.648438,25000000.000
30446,2022,-12.695312,25000000.000
30447,2023,-12.207031,25000000.000
30448,2032,-7.812500,25000000.000
30449,2037,-5.371094,25000000.000
30450,2041,-3.417969,25000000.000
30451,2042,-2.929688,25000000.000
30452,2054,2.929688,25000000.000
30453,2060,5.859375,25000000.000
30454,2064,7.812500,25000000.000
30455,2064,7.812500,25000000.000
30456,2073,12.207031,25000000.000
30457,2076,13.671875,25000000.000
30458,2080,15.625000,25000000.000
30459,2080,15.625000,25000000.000
30460,2082,16.601562,25000000.000
30461,2082,16.601562,25000000.000
30462,2082,16.601562,25000000.000
30463,2082,16.601562,25000000.000
30464,2078,14.648438,25000000.000
30465,2076,13.671875,25000000.000
30466,2069,10.253906,25000000.000
30467,2072,11.718750,25000000.000
30468,2062,6.835938,25000000.000
30469,2057,4.394531,25000000.000
30470,2051,1.464844,25000000.000
30471,2050,0.976562,25000000.000
30472,2040,-3.906250,25000000.000
30473,2035,-6.347656,25000000.000
30474,2030,-8.789062,25000000.000
30475,2029,-9.277344,25000000.000
30476,2020,-13.671875,25000000.000
30477,2017,-15.136719,25000000.000
30478,2013,-17.089844,25000000.000
30479,2013,-17.089844,25000000.000
30480,2010,-18.554688,25000000.000
30481,2009,-19.042969,25000000.000
30482,2010,-18.554688,25000000.000
30483,2010,-18.554688,25000000.000
30484,2013,-17.089844,25000000.000
30485,2015,-16.113281,25000000.000
30486,2019,-14.160156,25000000.000
30487,2019,-14.160156,25000000.000
30488,2028,-9.765625,25000000.000
30489,2033,-7.324219,25000000.000
30490,2038,-4.882812,25000000.000
30491,2039,-4.394531,25000000.000
30492,2049,0.488281,25000000.000
30493,2055,3.417969,25000000.000
30494,2061,6.347656,25000000.000
30495,2062,6.835938,25000000.000
30496,2071,11.230469,25000000.000
30497,2074,12.695312,25000000.000
30498,2077,14.160156,25000000.000
30499,2077,14.160156,25000000.000
30500,2080,15.625000,25000000.000
30501,2082,16.601562,25000000.000
30502,2082,16.601562,25000000.000
30503,2082,16.601562,25000000.000
30504,2079,15.136719,25000000.000
30505,2076,13.671875,25000000.000
30506,2073,12.207031,25000000.000
30507,2073,12.207031,25000000.000
30508,2065,8.300781,25000000.000
30509,2060,5.859375,25000000.000
30510,2055,3.417969,25000000.000
30511,2054,2.929688,25000000.000
30512,2045,-1.464844,25000000.000
30513,2039,-4.394531,25000000.000
30514,2033,-7.324219,25000000.000
30515,2032,-7.812500,25000000.000
30516,2023,-12.207031,25000000.000
30517,2019,-14.160156,25000000.000
30518,2016,-15.625000,25000000.000
30519,2015,-16.113281,25000000.000
30520,2011,-18.066406,25000000.000
30521,2008,-19.531250,25000000.000
30522,2009,-19.042969,25000000.000
30523,2009,-19.042969,25000000.000
30524,2012,-17.578125,25000000.000
30525,2013,-17.089844,25000000.000
30526,2016,-15.625000,25000000.000
30527,2017,-15.136719,25000000.000
30528,2023,-12.207031,25000000.000
30529,2029,-9.277344,25000000.000
30530,2034,-6.835938,25000000.000
30531,2034,-6.835938,25000000.000
30532,2044,-1.953125,25000000.000
30533,2050,0.976562,25000000.000
30534,2054,2.929688,25000000.000
30535,2056,3.906250,25000000.000
30536,2065,8.300781,25000000.000
30537,2070,10.742188,25000000.000
30538,2073,12.207031,25000000.000
30539,2074,12.695312,25000000.000
30540,2079,15.136719,25000000.000
30541,2080,15.625000,25000000.000
30542,2082,16.601562,25000000.000
30543,2082,16.601562,25000000.000
30544,2080,15.625000,25000000.000
30545,2079,15.136719,25000000.000
30546,2076,13.671875,25000000.000
30547,2076,13.671875,25000000.000
30548,2069,10.253906,25000000.000
30549,2064,7.812500,25000000.000
30550,2059,5.371094,25000000.000
30551,2059,5.371094,25000000.000
30552,2047,-0.488281,25000000.000
30553,2043,-2.441406,25000000.000
30554,2038,-4.882812,25000000.000
30555,2036,-5.859375,25000000.000
30556,2027,-10.253906,25000000.000
30557,2023,-12.207031,25000000.000
30558,2019,-14.160156,25000000.000
30559,2019,-14.160156,25000000.000
30560,2013,-17.089844,25000000.000
30561,2011,-18.066406,25000000.000
30562,2009,-19.042969,25000000.000
30563,2010,-18.554688,25000000.000
30564,2010,-18.554688,25000000.000
30565,2010,-18.554688,25000000.000
30566,2013,-17.089844,25000000.000
30567,2013,-17.089844,25000000.000
30568,2020,-13.671875,25000000.000
30569,2025,-11.230469,25000000.000
30570,2029,-9.277344,25000000.000
30571,2030,-8.789062,25000000.000
30572,2039,-4.394531,25000000.000
30573,2046,-0.976562,25000000.000
30574,2051,1.464844,25000000.000
30575,2052,1.953125,25000000.000
30576,2061,6.347656,25000000.000
30577,2067,9.277344,25000000.000
30578,2071,11.230469,25000000.000
30579,2072,11.718750,25000000.000
30580,2078,14.648438,25000000.000
30581,2080,15.625000,25000000.000
30582,2082,16.601562,25000000.000
30583,2081,16.113281,25000000.000
30584,2082,16.601562,25000000.000
30585,2081,16.113281,25000000.000
30586,2080,15.625000,25000000.000
30587,2078,14.648438,25000000.000
30588,2073,12.207031,25000000.000
30589,2068,9.765625,25000000.000
30590,2065,8.300781,25000000.000
30591,2064,7.812500,25000000.000
30592,2055,3.417969,25000000.000
30593,2049,0.488281,25000000.000
30594,2042,-2.929688,25000000.000
30595,2042,-2.929688,25000000.000
30596,2032,-7.812500,25000000.000
30597,2028,-9.765625,25000000.000
30598,2024,-11.718750,25000000.000
30599,2022,-12.695312,25000000.000
30600,2015,-16.113281,25000000.000
30601,2012,-17.578125,25000000.000
30602,2012,-17.578125,25000000.000
30603,2011,-18.066406,25000000.000
30604,2010,-18.554688,25000000.000
30605,2010,-18.554688,25000000.000
30606,2011,-18.066406,25000000.000
30607,2012,-17.578125,25000000.000
30608,2016,-15.625000,25000000.000
30609,2020,-13.671875,25000000.000
30610,2026,-10.742188,25000000.000
30611,2026,-10.742188,25000000.000
30612,2036,-5.859375,25000000.000
30613,2040,-3.906250,25000000.000
30614,2046,-0.976562,25000000.000
30615,2048,0.000000,25000000.000
30616,2057,4.394531,25000000.000
30617,2063,7.324219,25000000.000
30618,2067,9.277344,25000000.000
30619,2067,9.277344,25000000.000
30620,2075,13.183594,25000000.000
30621,2078,14.648438,25000000.000
30622,2080,15.625000,25000000.000
30623,2080,15.625000,25000000.000
30624,2082,16.601562,25000000.000
30625,2082,16.601562,25000000.000
30626,2080,15.625000,25000000.000
30627,2081,16.113281,25000000.000
30628,2077,14.160156,25000000.000
30629,2072,11.718750,25000000.000
30630,2069,10.253906,25000000.000
30631,2068,9.765625,25000000.000
30632,2059,5.371094,25000000.000
30633,2054,2.929688,25000000.000
30634,2048,0.000000,25000000.000
30635,2047,-0.488281,25000000.000
30636,2037,-5.371094,25000000.000
30637,2032,-7.812500,25000000.000
30638,2027,-10.253906,25000000.000
30639,2027,-10.253906,25000000.000
30640,2020,-13.671875,25000000.000
30641,2015,-16.113281,25000000.000
30642,2013,-17.089844,25000000.000
30643,2013,-17.089844,25000000.000
30644,2010,-18.554688,25000000.000
30645,2010,-18.554688,25000000.000
30646,2010,-18.554688,25000000.000
30647,2012,-17.578125,25000000.000
30648,2015,-16.113281,25000000.000
30649,2018,-14.648438,25000000.000
30650,2022,-12.695312,25000000.000
30651,2022,-12.695312,25000000.000
30652,2031,-8.300781,25000000.000
30653,2036,-5.859375,25000000.000
30654,2041,-3.417969,25000000.000
30655,2042,-2.929688,25000000.000
30656,2052,1.953125,25000000.000
30657,2058,4.882812,25000000.000
30658,2064,7.812500,25000000.000
30659,2065,8.300781,25000000.000
30660,2072,11.718750,25000000.000
30661,2076,13.671875,25000000.000
30662,2079,15.136719,25000000.000
30663,2079,15.136719,25000000.000
30664,2082,16.601562,25000000.000
30665,2082,16.601562,25000000.000
30666,2082,16.601562,25000000.000
30667,2081,16.113281,25000000.000
30668,2078,14.648438,25000000.000
30669,2076,13.671875,25000000.000
30670,2071,11.230469,25000000.000
30671,2072,11.718750,25000000.000
30672,2063,7.324219,25000000.000
30673,2058,4.882812,25000000.000
30674,2053,2.441406,25000000.000
30675,2052,1.953125,25000000.000
30676,2041,-3.417969,25000000.000
30677,2035,-6.347656,25000000.000
30678,2031,-8.300781,25000000.000
30679,2031,-8.300781,25000000.000
30680,2021,-13.183594,25000000.000
30681,2018,-14.648438,25000000.000
30682,2015,-16.113281,25000000.000
30683,2015,-16.113281,25000000.000
30684,2009,-19.042969,25000000.000
30685,2009,-19.042969,25000000.000
30686,2009,-19.042969,25000000.000
30687,2010,-18.554688,25000000.000
30688,2011,-18.066406,25000000.000
30689,2014,-16.601562,25000000.000
30690,2018,-14.648438,25000000.000
30691,2018,-14.648438,25000000.000
30692,2027,-10.253906,25000000.000
30693,2031,-8.300781,25000000.000
30694,2037,-5.371094,25000000.000
30695,2037,-5.371094,25000000.000
30696,2048,0.000000,25000000.000
30697,2054,2.929688,25000000.000
30698,2059,5.371094,25000000.000
30699,2059,5.371094,25000000.000
30700,2069,10.253906,25000000.000
30701,2073,12.207031,25000000.000
30702,2076,13.671875,25000000.000
30703,2076,13.671875,25000000.000
30704,2081,16.113281,25000000.000
30705,2081,16.113281,25000000.000
30706,2081,16.113281,25000000.000
30707,2081,16.113281,25000000.000
30708,2083,17.089844,25000000.000
30709,2072,11.718750,25000000.000
30710,2077,14.160156,25000000.000
30711,2076,13.671875,25000000.000
30712,2067,9.277344,25000000.000
30713,2061,6.347656,25000000.000
30714,2054,2.929688,25000000.000
30715,2056,3.906250,25000000.000
30716,2046,-0.976562,25000000.000
30717,2039,-4.394531,25000000.000
30718,2033,-7.324219,25000000.000
30719,2032,-7.812500,25000000.000
30720,2024,-11.718750,25000000.000
30721,2019,-14.160156,25000000.000
30722,2016,-15.625000,25000000.000
30723,2015,-16.113281,25000000.000
30724,2011,-18.066406,25000000.000
30725,2010,-18.554688,25000000.000
30726,2009,-19.042969,25000000.000
30727,2010,-18.554688,25000000.000
30728,2011,-18.066406,25000000.000
30729,2013,-17.089844,25000000.000
30730,2016,-15.625000,25000000.000
30731,2016,-15.625000,25000000.000
30732,2023,-12.207031,25000000.000
30733,2027,-10.253906,25000000.000
30734,2031,-8.300781,25000000.000
30735,2034,-6.835938,25000000.000
30736,2043,-2.441406,25000000.000
30737,2049,0.488281,25000000.000
30738,2055,3.417969,25000000.000
30739,2055,3.417969,25000000.000
30740,2064,7.812500,25000000.000
30741,2069,10.253906,25000000.000
30742,2073,12.207031,25000000.000
30743,2073,12.207031,25000000.000
30744,2078,14.648438,25000000.000
30745,2080,15.625000,25000000.000
30746,2082,16.601562,25000000.000
30747,2081,16.113281,25000000.000
30748,2081,16.113281,25000000.000
30749,2079,15.136719,25000000.000
30750,2077,14.160156,25000000.000
30751,2076,13.671875,25000000.000
30752,2069,10.253906,25000000.000
30753,2065,8.300781,25000000.000
30754,2061,6.347656,25000000.000
30755,2060,5.859375,25000000.000
30756,2051,1.464844,25000000.000
30757,2045,-1.464844,25000000.000
30758,2038,-4.882812,25000000.000
30759,2038,-4.882812,25000000.000
30760,2029,-9.277344,25000000.000
30761,2025,-11.230469,25000000.000
30762,2020,-13.671875,25000000.000
30763,2019,-14.160156,25000000.000
30764,2014,-16.601562,25000000.000
30765,2016,-15.625000,25000000.000
30766,2009,-19.042969,25000000.000
30767,2011,-18.066406,25000000.000
30768,2010,-18.554688,25000000.000
30769,2011,-18.066406,25000000.000
30770,2012,-17.578125,25000000.000
30771,2014,-16.601562,25000000.000
30772,2020,-13.671875,25000000.000
30773,2024,-11.718750,25000000.000
30774,2027,-10.253906,25000000.000
30775,2029,-9.277344,25000000.000
30776,2038,-4.882812,25000000.000
30777,2043,-2.441406,25000000.000
30778,2049,0.488281,25000000.000
30779,2051,1.464844,25000000.000
30780,2060,5.859375,25000000.000
30781,2065,8.300781,25000000.000
30782,2070,10.742188,25000000.000
30783,2070,10.742188,25000000.000
30784,2077,14.160156,25000000.000
30785,2080,15.625000,25000000.000
30786,2081,16.113281,25000000.000
30787,2082,16.601562,25000000.000
30788,2083,17.089844,25000000.000
30789,2081,16.113281,25000000.000
30790,2080,15.625000,25000000.000
30791,2080,15.625000,25000000.000
30792,2075,13.183594,25000000.000
30793,2069,10.253906,25000000.000
30794,2065,8.300781,25000000.000
30795,2066,8.789062,25000000.000
30796,2055,3.417969,25000000.000
30797,2051,1.464844,25000000.000
30798,2044,-1.953125,25000000.000
30799,2043,-2.441406,25000000.000
30800,2034,-6.835938,25000000.000
30801,2027,-10.253906,25000000.000
30802,2024,-11.718750,25000000.000
30803,2024,-11.718750,25000000.000
30804,2016,-15.625000,25000000.000
30805,2013,-17.089844,25000000.000
30806,2012,-17.578125,25000000.000
30807,2011,-18.066406,25000000.000
30808,2010,-18.554688,25000000.000
30809,2010,-18.554688,25000000.000
30810,2012,-17.578125,25000000.000
30811,2012,-17.578125,25000000.000
30812,2016,-15.625000,25000000.000
30813,2020,-13.671875,25000000.000
30814,2026,-10.742188,25000000.000
30815,2026,-10.742188,25000000.000
30816,2034,-6.835938,25000000.000
30817,2041,-3.417969,25000000.000
30818,2046,-0.976562,25000000.000
30819,2046,-0.976562,25000000.000
30820,2057,4.394531,25000000.000
30821,2062,6.835938,25000000.000
30822,2068,9.765625,25000000.000
30823,2068,9.765625,25000000.000
30824,2075,13.183594,25000000.000
30825,2077,14.160156,25000000.000
30826,2080,15.625000,25000000.000
30827,2081,16.113281,25000000.000
30828,2083,17.089844,25000000.000
30829,2083,17.089844,25000000.000
30830,2082,16.601562,25000000.000
30831,2081,16.113281,25000000.000
30832,2077,14.160156,25000000.000
30833,2074,12.695312,25000000.000
30834,2071,11.230469,25000000.000
30835,2069,10.253906,25000000.000
30836,2059,5.371094,25000000.000
30837,2054,2.929688,25000000.000
30838,2049,0.488281,25000000.000
30839,2048,0.000000,25000000.000
30840,2038,-4.882812,25000000.000
30841,2033,-7.324219,25000000.000
30842,2029,-9.277344,25000000.000
30843,2028,-9.765625,25000000.000
30844,2020,-13.671875,25000000.000
30845,2015,-16.113281,25000000.000
30846,2013,-17.089844,25000000.000
30847,2013,-17.089844,25000000.000
30848,2010,-18.554688,25000000.000
30849,2010,-18.554688,25000000.000
30850,2010,-18.554688,25000000.000
30851,2009,-19.042969,25000000.000
30852,2014,-16.601562,25000000.000
30853,2016,-15.625000,25000000.000
30854,2020,-13.671875,25000000.000
30855,2020,-13.671875,25000000.000
30856,2028,-9.765625,25000000.000
30857,2035,-6.347656,25000000.000
30858,2039,-4.394531,25000000.000
30859,2041,-3.417969,25000000.000
30860,2052,1.953125,25000000.000
30861,2057,4.394531,25000000.000
30862,2062,6.835938,25000000.000
30863,2063,7.324219,25000000.000
30864,2072,11.718750,25000000.000
30865,2075,13.183594,25000000.000
30866,2078,14.648438,25000000.000
30867,2079,15.136719,25000000.000
30868,2082,16.601562,25000000.000
30869,2083,17.089844,25000000.000
30870,2083,17.089844,25000000.000
30871,2082,16.601562,25000000.000
30872,2080,15.625000,25000000.000
30873,2076,13.671875,25000000.000
30874,2073,12.207031,25000000.000
30875,2073,12.207031,25000000.000
30876,2064,7.812500,25000000.000
30877,2059,5.371094,25000000.000
30878,2054,2.929688,25000000.000
30879,2053,2.441406,25000000.000
30880,2043,-2.441406,25000000.000
30881,2037,-5.371094,25000000.000
30882,2033,-7.324219,25000000.000
30883,2031,-8.300781,25000000.000
30884,2022,-12.695312,25000000.000
30885,2018,-14.648438,25000000.000
30886,2016,-15.625000,25000000.000
30887,2015,-16.113281,25000000.000
30888,2010,-18.554688,25000000.000
30889,2010,-18.554688,25000000.000
30890,2009,-19.042969,25000000.000
30891,2009,-19.042969,25000000.000
30892,2011,-18.066406,25000000.000
30893,2014,-16.601562,25000000.000
30894,2016,-15.625000,25000000.000
30895,2018,-14.648438,25000000.000
30896,2025,-11.230469,25000000.000
30897,2030,-8.789062,25000000.000
30898,2036,-5.859375,25000000.000
30899,2036,-5.859375,25000000.000
30900,2046,-0.976562,25000000.000
30901,2052,1.953125,25000000.000
30902,2057,4.394531,25000000.000
30903,2057,4.394531,25000000.000
30904,2068,9.765625,25000000.000
30905,2072,11.718750,25000000.000
30906,2073,12.207031,25000000.000
30907,2077,14.160156,25000000.000
30908,2080,15.625000,25000000.000
30909,2080,15.625000,25000000.000
30910,2082,16.601562,25000000.000
30911,2081,16.113281,25000000.000
30912,2081,16.113281,25000000.000
30913,2079,15.136719,25000000.000
30914,2075,13.183594,25000000.000
30915,2076,13.671875,25000000.000
30916,2067,9.277344,25000000.000
30917,2064,7.812500,25000000.000
30918,2059,5.371094,25000000.000
30919,2057,4.394531,25000000.000
30920,2047,-0.488281,25000000.000
30921,2041,-3.417969,25000000.000
30922,2036,-5.859375,25000000.000
30923,2035,-6.347656,25000000.000
30924,2026,-10.742188,25000000.000
30925,2022,-12.695312,25000000.000
30926,2017,-15.136719,25000000.000
30927,2017,-15.136719,25000000.000
30928,2012,-17.578125,25000000.000
30929,2010,-18.554688,25000000.000
30930,2008,-19.531250,25000000.000
30931,2008,-19.531250,25000000.000
30932,2009,-19.042969,25000000.000
30933,2010,-18.554688,25000000.000
30934,2014,-16.601562,25000000.000
30935,2014,-16.601562,25000000.000
30936,2021,-13.183594,25000000.000
30937,2026,-10.742188,25000000.000
30938,2030,-8.789062,25000000.000
30939,2031,-8.300781,25000000.000
30940,2041,-3.417969,25000000.000
30941,2047,-0.488281,25000000.000
30942,2052,1.953125,25000000.000
30943,2053,2.441406,25000000.000
30944,2063,7.324219,25000000.000
30945,2068,9.765625,25000000.000
30946,2072,11.718750,25000000.000
30947,2073,12.207031,25000000.000
30948,2079,15.136719,25000000.000
30949,2080,15.625000,25000000.000
30950,2082,16.601562,25000000.000
30951,2081,16.113281,25000000.000
30952,2082,16.601562,25000000.000
30953,2080,15.625000,25000000.000
30954,2078,14.648438,25000000.000
30955,2077,14.160156,25000000.000
30956,2071,11.230469,25000000.000
30957,2067,9.277344,25000000.000
30958,2062,6.835938,25000000.000
30959,2061,6.347656,25000000.000
30960,2051,1.464844,25000000.000
30961,2046,-0.976562,25000000.000
30962,2040,-3.906250,25000000.000
30963,2040,-3.906250,25000000.000
30964,2030,-8.789062,25000000.000
30965,2025,-11.230469,25000000.000
30966,2021,-13.183594,25000000.000
30967,2020,-13.671875,25000000.000
30968,2014,-16.601562,25000000.000
30969,2012,-17.578125,25000000.000
30970,2010,-18.554688,25000000.000
30971,2010,-18.554688,25000000.000
30972,2009,-19.042969,25000000.000
30973,2011,-18.066406,25000000.000
30974,2013,-17.089844,25000000.000
30975,2012,-17.578125,25000000.000
30976,2018,-14.648438,25000000.000
30977,2021,-13.183594,25000000.000
30978,2028,-9.765625,25000000.000
30979,2027,-10.253906,25000000.000
30980,2037,-5.371094,25000000.000
30981,2042,-2.929688,25000000.000
30982,2049,0.488281,25000000.000
30983,2049,0.488281,25000000.000
30984,2060,5.859375,25000000.000
30985,2064,7.812500,25000000.000
30986,2069,10.253906,25000000.000
30987,2069,10.253906,25000000.000
30988,2077,14.160156,25000000.000
30989,2079,15.136719,25000000.000
30990,2082,16.601562,25000000.000
30991,2082,16.601562,25000000.000
30992,2083,17.089844,25000000.000
30993,2082,16.601562,25000000.000
30994,2080,15.625000,25000000.000
30995,2080,15.625000,25000000.000
30996,2075,13.183594,25000000.000
30997,2071,11.230469,25000000.000
30998,2067,9.277344,25000000.000
30999,2067,9.277344,25000000.000
31000,2057,4.394531,25000000.000
31001,2051,1.464844,25000000.000
31002,2046,-0.976562,25000000.000
31003,2045,-1.464844,25000000.000
31004,2035,-6.347656,25000000.000
31005,2031,-8.300781,25000000.000
31006,2025,-11.230469,25000000.000
31007,2025,-11.230469,25000000.000
31008,2017,-15.136719,25000000.000
31009,2014,-16.601562,25000000.000
31010,2012,-17.578125,25000000.000
31011,2012,-17.578125,25000000.000
31012,2010,-18.554688,25000000.000
31013,2010,-18.554688,25000000.000
31014,2011,-18.066406,25000000.000
31015,2011,-18.066406,25000000.000
31016,2015,-16.113281,25000000.000
31017,2018,-14.648438,25000000.000
31018,2022,-12.695312,25000000.000
31019,2021,-13.183594,25000000.000
31020,2032,-7.812500,25000000.000
31021,2036,-5.859375,25000000.000
31022,2044,-1.953125,25000000.000
31023,2044,-1.953125,25000000.000
31024,2054,2.929688,25000000.000
31025,2060,5.859375,25000000.000
31026,2065,8.300781,25000000.000
31027,2066,8.789062,25000000.000
31028,2074,12.695312,25000000.000
31029,2078,14.648438,25000000.000
31030,2081,16.113281,25000000.000
31031,2080,15.625000,25000000.000
31032,2084,17.578125,25000000.000
31033,2083,17.089844,25000000.000
31034,2083,17.089844,25000000.000
31035,2083,17.089844,25000000.000
31036,2079,15.136719,25000000.000
31037,2076,13.671875,25000000.000
31038,2071,11.230469,25000000.000
31039,2070,10.742188,25000000.000
31040,2061,6.347656,25000000.000
31041,2056,3.906250,25000000.000
31042,2051,1.464844,25000000.000
31043,2051,1.464844,25000000.000
31044,2040,-3.906250,25000000.000
31045,2034,-6.835938,25000000.000
31046,2029,-9.277344,25000000.000
31047,2030,-8.789062,25000000.000
31048,2021,-13.183594,25000000.000
31049,2017,-15.136719,25000000.000
31050,2014,-16.601562,25000000.000
31051,2013,-17.089844,25000000.000
31052,2009,-19.042969,25000000.000
31053,2009,-19.042969,25000000.000
31054,2009,-19.042969,25000000.000
31055,2011,-18.066406,25000000.000
31056,2013,-17.089844,25000000.000
31057,2016,-15.625000,25000000.000
31058,2019,-14.160156,25000000.000
31059,2019,-14.160156,25000000.000
31060,2029,-9.277344,25000000.000
31061,2034,-6.835938,25000000.000
31062,2039,-4.394531,25000000.000
31063,2040,-3.906250,25000000.000
31064,2050,0.976562,25000000.000
31065,2056,3.906250,25000000.000
31066,2061,6.347656,25000000.000
31067,2062,6.835938,25000000.000
31068,2071,11.230469,25000000.000
31069,2074,12.695312,25000000.000
31070,2079,15.136719,25000000.000
31071,2078,14.648438,25000000.000
31072,2082,16.601562,25000000.000
31073,2083,17.089844,25000000.000
31074,2083,17.089844,25000000.000
31075,2082,16.601562,25000000.000
31076,2080,15.625000,25000000.000
31077,2077,14.160156,25000000.000
31078,2073,12.207031,25000000.000
31079,2072,11.718750,25000000.000
31080,2065,8.300781,25000000.000
31081,2060,5.859375,25000000.000
31082,2056,3.906250,25000000.000
31083,2055,3.417969,25000000.000
31084,2043,-2.441406,25000000.000
31085,2038,-4.882812,25000000.000
31086,2033,-7.324219,25000000.000
31087,2032,-7.812500,25000000.000
31088,2023,-12.207031,25000000.000
31089,2020,-13.671875,25000000.000
31090,2016,-15.625000,25000000.000
31091,2015,-16.113281,25000000.000
31092,2011,-18.066406,25000000.000
31093,2009,-19.042969,25000000.000
31094,2008,-19.531250,25000000.000
31095,2008,-19.531250,25000000.000
31096,2010,-18.554688,25000000.000
31097,2012,-17.578125,25000000.000
31098,2016,-15.625000,25000000.000
31099,2017,-15.136719,25000000.000
31100,2023,-12.207031,25000000.000
31101,2028,-9.765625,25000000.000
31102,2032,-7.812500,25000000.000
31103,2033,-7.324219,25000000.000
31104,2044,-1.953125,25000000.000
31105,2050,0.976562,25000000.000
31106,2055,3.417969,25000000.000
31107,2055,3.417969,25000000.000
31108,2065,8.300781,25000000.000
31109,2070,10.742188,25000000.000
31110,2074,12.695312,25000000.000
31111,2075,13.183594,25000000.000
31112,2081,16.113281,25000000.000
31113,2076,13.671875,25000000.000
31114,2084,17.578125,25000000.000
31115,2080,15.625000,25000000.000
31116,2082,16.601562,25000000.000
31117,2078,14.648438,25000000.000
31118,2077,14.160156,25000000.000
31119,2077,14.160156,25000000.000
31120,2069,10.253906,25000000.000
31121,2064,7.812500,25000000.000
31122,2059,5.371094,25000000.000
31123,2059,5.371094,25000000.000
31124,2048,0.000000,25000000.000
31125,2043,-2.441406,25000000.000
31126,2038,-4.882812,25000000.000
31127,2037,-5.371094,25000000.000
31128,2027,-10.253906,25000000.000
31129,2022,-12.695312,25000000.000
31130,2018,-14.648438,25000000.000
31131,2018,-14.648438,25000000.000
31132,2012,-17.578125,25000000.000
31133,2010,-18.554688,25000000.000
31134,2008,-19.531250,25000000.000
31135,2009,-19.042969,25000000.000
31136,2010,-18.554688,25000000.000
31137,2011,-18.066406,25000000.000
31138,2013,-17.089844,25000000.000
31139,2013,-17.089844,25000000.000
31140,2019,-14.160156,25000000.000
31141,2025,-11.230469,25000000.000
31142,2029,-9.277344,25000000.000
31143,2030,-8.789062,25000000.000
31144,2040,-3.906250,25000000.000
31145,2045,-1.464844,25000000.000
31146,2052,1.953125,25000000.000
31147,2051,1.464844,25000000.000
31148,2062,6.835938,25000000.000
31149,2066,8.789062,25000000.000
31150,2072,11.718750,25000000.000
31151,2072,11.718750,25000000.000
31152,2078,14.648438,25000000.000
31153,2081,16.113281,25000000.000
31154,2082,16.601562,25000000.000
31155,2080,15.625000,25000000.000
31156,2083,17.089844,25000000.000
31157,2081,16.113281,25000000.000
31158,2078,14.648438,25000000.000
31159,2079,15.136719,25000000.000
31160,2073,12.207031,25000000.000
31161,2068,9.765625,25000000.000
31162,2063,7.324219,25000000.000
31163,2064,7.812500,25000000.000
31164,2054,2.929688,25000000.000
31165,2047,-0.488281,25000000.000
31166,2042,-2.929688,25000000.000
31167,2042,-2.929688,25000000.000
31168,2031,-8.300781,25000000.000
31169,2026,-10.742188,25000000.000
31170,2021,-13.183594,25000000.000
31171,2021,-13.183594,25000000.000
31172,2015,-16.113281,25000000.000
31173,2013,-17.089844,25000000.000
31174,2010,-18.554688,25000000.000
31175,2010,-18.554688,25000000.000
31176,2010,-18.554688,25000000.000
31177,2010,-18.554688,25000000.000
31178,2011,-18.066406,25000000.000
31179,2012,-17.578125,25000000.000
31180,2017,-15.136719,25000000.000
31181,2020,-13.671875,25000000.000
31182,2026,-10.742188,25000000.000
31183,2027,-10.253906,25000000.000
31184,2036,-5.859375,25000000.000
31185,2041,-3.417969,25000000.000
31186,2047,-0.488281,25000000.000
31187,2048,0.000000,25000000.000
31188,2058,4.882812,25000000.000
31189,2064,7.812500,25000000.000
31190,2068,9.765625,25000000.000
31191,2068,9.765625,25000000.000
31192,2076,13.671875,25000000.000
31193,2079,15.136719,25000000.000
31194,2079,15.136719,25000000.000
31195,2080,15.625000,25000000.000
31196,2082,16.601562,25000000.000
31197,2082,16.601562,25000000.000
31198,2080,15.625000,25000000.000
31199,2080,15.625000,25000000.000
31200,2076,13.671875,25000000.000
31201,2072,11.718750,25000000.000
31202,2068,9.765625,25000000.000
31203,2068,9.765625,25000000.000
31204,2058,4.882812,25000000.000
31205,2053,2.441406,25000000.000
31206,2047,-0.488281,25000000.000
31207,2047,-0.488281,25000000.000
31208,2037,-5.371094,25000000.000
31209,2032,-7.812500,25000000.000
31210,2026,-10.742188,25000000.000
31211,2027,-10.253906,25000000.000
31212,2018,-14.648438,25000000.000
31213,2015,-16.113281,25000000.000
31214,2012,-17.578125,25000000.000
31215,2012,-17.578125,25000000.000
31216,2010,-18.554688,25000000.000
31217,2011,-18.066406,25000000.000
31218,2011,-18.066406,25000000.000
31219,2010,-18.554688,25000000.000
31220,2015,-16.113281,25000000.000
31221,2018,-14.648438,25000000.000
31222,2023,-12.207031,25000000.000
31223,2022,-12.695312,25000000.000
31224,2032,-7.812500,25000000.000
31225,2037,-5.371094,25000000.000
31226,2042,-2.929688,25000000.000
31227,2042,-2.929688,25000000.000
31228,2054,2.929688,25000000.000
31229,2058,4.882812,25000000.000
31230,2064,7.812500,25000000.000
31231,2065,8.300781,25000000.000
31232,2073,12.207031,25000000.000
31233,2076,13.671875,25000000.000
31234,2080,15.625000,25000000.000
31235,2080,15.625000,25000000.000
31236,2082,16.601562,25000000.000
31237,2082,16.601562,25000000.000
31238,2082,16.601562,25000000.000
31239,2082,16.601562,25000000.000
31240,2079,15.136719,25000000.000
31241,2075,13.183594,25000000.000
31242,2071,11.230469,25000000.000
31243,2071,11.230469,25000000.000
31244,2062,6.835938,25000000.000
31245,2056,3.906250,25000000.000
31246,2052,1.953125,25000000.000
31247,2052,1.953125,25000000.000
31248,2041,-3.417969,25000000.000
31249,2036,-5.859375,25000000.000
31250,2031,-8.300781,25000000.000
31251,2030,-8.789062,25000000.000
31252,2021,-13.183594,25000000.000
31253,2018,-14.648438,25000000.000
31254,2014,-16.601562,25000000.000
31255,2015,-16.113281,25000000.000
31256,2011,-18.066406,25000000.000
31257,2009,-19.042969,25000000.000
31258,2010,-18.554688,25000000.000
31259,2010,-18.554688,25000000.000
31260,2012,-17.578125,25000000.000
31261,2015,-16.113281,25000000.000
31262,2017,-15.136719,25000000.000
31263,2019,-14.160156,25000000.000
31264,2026,-10.742188,25000000.000
31265,2032,-7.812500,25000000.000
31266,2037,-5.371094,25000000.000
31267,2037,-5.371094,25000000.000
31268,2048,0.000000,25000000.000
31269,2054,2.929688,25000000.000
31270,2059,5.371094,25000000.000
31271,2060,5.859375,25000000.000
31272,2070,10.742188,25000000.000
31273,2073,12.207031,25000000.000
31274,2077,14.160156,25000000.000
31275,2077,14.160156,25000000.000
31276,2081,16.113281,25000000.000
31277,2081,16.113281,25000000.000
31278,2082,16.601562,25000000.000
31279,2083,17.089844,25000000.000
31280,2081,16.113281,25000000.000
31281,2077,14.160156,25000000.000
31282,2074,12.695312,25000000.000
31283,2074,12.695312,25000000.000
31284,2067,9.277344,25000000.000
31285,2061,6.347656,25000000.000
31286,2055,3.417969,25000000.000
31287,2056,3.906250,25000000.000
31288,2045,-1.464844,25000000.000
31289,2039,-4.394531,25000000.000
31290,2034,-6.835938,25000000.000
31291,2034,-6.835938,25000000.000
31292,2023,-12.207031,25000000.000
31293,2019,-14.160156,25000000.000
31294,2017,-15.136719,25000000.000
31295,2016,-15.625000,25000000.000
31296,2010,-18.554688,25000000.000
31297,2009,-19.042969,25000000.000
31298,2008,-19.531250,25000000.000
31299,2009,-19.042969,25000000.000
31300,2010,-18.554688,25000000.000
31301,2012,-17.578125,25000000.000
31302,2015,-16.113281,25000000.000
31303,2016,-15.625000,25000000.000
31304,2023,-12.207031,25000000.000
31305,2027,-10.253906,25000000.000
31306,2033,-7.324219,25000000.000
31307,2034,-6.835938,25000000.000
31308,2043,-2.441406,25000000.000
31309,2049,0.488281,25000000.000
31310,2055,3.417969,25000000.000
31311,2054,2.929688,25000000.000
31312,2065,8.300781,25000000.000
31313,2069,10.253906,25000000.000
31314,2073,12.207031,25000000.000
31315,2073,12.207031,25000000.000
31316,2079,15.136719,25000000.000
31317,2081,16.113281,25000000.000
31318,2082,16.601562,25000000.000
31319,2081,16.113281,25000000.000
31320,2081,16.113281,25000000.000
31321,2079,15.136719,25000000.000
31322,2077,14.160156,25000000.000
31323,2077,14.160156,25000000.000
31324,2070,10.742188,25000000.000
31325,2066,8.789062,25000000.000
31326,2061,6.347656,25000000.000
31327,2060,5.859375,25000000.000
31328,2049,0.488281,25000000.000
31329,2045,-1.464844,25000000.000
31330,2039,-4.394531,25000000.000
31331,2038,-4.882812,25000000.000
31332,2028,-9.765625,25000000.000
31333,2025,-11.230469,25000000.000
31334,2020,-13.671875,25000000.000
31335,2019,-14.160156,25000000.000
31336,2013,-17.089844,25000000.000
31337,2011,-18.066406,25000000.000
31338,2009,-19.042969,25000000.000
31339,2009,-19.042969,25000000.000
31340,2009,-19.042969,25000000.000
31341,2011,-18.066406,25000000.000
31342,2013,-17.089844,25000000.000
31343,2014,-16.601562,25000000.000
31344,2018,-14.648438,25000000.000
31345,2023,-12.207031,25000000.000
31346,2028,-9.765625,25000000.000
31347,2029,-9.277344,25000000.000
31348,2039,-4.394531,25000000.000
31349,2044,-1.953125,25000000.000
31350,2050,0.976562,25000000.000
31351,2051,1.464844,25000000.000
31352,2061,6.347656,25000000.000
31353,2066,8.789062,25000000.000
31354,2070,10.742188,25000000.000
31355,2071,11.230469,25000000.000
31356,2077,14.160156,25000000.000
31357,2079,15.136719,25000000.000
31358,2082,16.601562,25000000.000
31359,2082,16.601562,25000000.000
31360,2082,16.601562,25000000.000
31361,2081,16.113281,25000000.000
31362,2079,15.136719,25000000.000
31363,2079,15.136719,25000000.000
31364,2073,12.207031,25000000.000
31365,2069,10.253906,25000000.000
31366,2064,7.812500,25000000.000
31367,2064,7.812500,25000000.000
31368,2054,2.929688,25000000.000
31369,2049,0.488281,25000000.000
31370,2044,-1.953125,25000000.000
31371,2044,-1.953125,25000000.000
31372,2034,-6.835938,25000000.000
31373,2029,-9.277344,25000000.000
31374,2022,-12.695312,25000000.000
31375,2021,-13.183594,25000000.000
31376,2016,-15.625000,25000000.000
31377,2014,-16.601562,25000000.000
31378,2011,-18.066406,25000000.000
31379,2011,-18.066406,25000000.000
31380,2009,-19.042969,25000000.000
31381,2010,-18.554688,25000000.000
31382,2011,-18.066406,25000000.000
31383,2010,-18.554688,25000000.000
31384,2017,-15.136719,25000000.000
31385,2020,-13.671875,25000000.000
31386,2024,-11.718750,25000000.000
31387,2025,-11.230469,25000000.000
31388,2035,-6.347656,25000000.000
31389,2040,-3.906250,25000000.000
31390,2046,-0.976562,25000000.000
31391,2047,-0.488281,25000000.000
31392,2057,4.394531,25000000.000
31393,2062,6.835938,25000000.000
31394,2067,9.277344,25000000.000
31395,2067,9.277344,25000000.000
31396,2076,13.671875,25000000.000
31397,2079,15.136719,25000000.000
31398,2081,16.113281,25000000.000
31399,2081,16.113281,25000000.000
31400,2082,16.601562,25000000.000
31401,2083,17.089844,25000000.000
31402,2081,16.113281,25000000.000
31403,2080,15.625000,25000000.000
31404,2076,13.671875,25000000.000
31405,2074,12.695312,25000000.000
31406,2069,10.253906,25000000.000
31407,2069,10.253906,25000000.000
31408,2060,5.859375,25000000.000
31409,2055,3.417969,25000000.000
31410,2050,0.976562,25000000.000
31411,2049,0.488281,25000000.000
31412,2039,-4.394531,25000000.000
31413,2032,-7.812500,25000000.000
31414,2027,-10.253906,25000000.000
31415,2027,-10.253906,25000000.000
31416,2018,-14.648438,25000000.000
31417,2016,-15.625000,25000000.000
31418,2013,-17.089844,25000000.000
31419,2012,-17.578125,25000000.000
31420,2009,-19.042969,25000000.000
31421,2010,-18.554688,25000000.000
31422,2011,-18.066406,25000000.000
31423,2010,-18.554688,25000000.000
31424,2014,-16.601562,25000000.000
31425,2017,-15.136719,25000000.000
31426,2021,-13.183594,25000000.000
31427,2021,-13.183594,25000000.000
31428,2030,-8.789062,25000000.000
31429,2035,-6.347656,25000000.000
31430,2041,-3.417969,25000000.000
31431,2042,-2.929688,25000000.000
31432,2052,1.953125,25000000.000
31433,2058,4.882812,25000000.000
31434,2062,6.835938,25000000.000
31435,2064,7.812500,25000000.000
31436,2073,12.207031,25000000.000
31437,2076,13.671875,25000000.000
31438,2079,15.136719,25000000.000
31439,2079,15.136719,25000000.000
31440,2082,16.601562,25000000.000
31441,2082,16.601562,25000000.000
31442,2082,16.601562,25000000.000
31443,2082,16.601562,25000000.000
31444,2078,14.648438,25000000.000
31445,2075,13.183594,25000000.000
31446,2071,11.230469,25000000.000
31447,2072,11.718750,25000000.000
31448,2062,6.835938,25000000.000
31449,2058,4.882812,25000000.000
31450,2053,2.441406,25000000.000
31451,2052,1.953125,25000000.000
31452,2043,-2.441406,25000000.000
31453,2036,-5.859375,25000000.000
31454,2030,-8.789062,25000000.000
31455,2031,-8.300781,25000000.000
31456,2023,-12.207031,25000000.000
31457,2018,-14.648438,25000000.000
31458,2015,-16.113281,25000000.000
31459,2014,-16.601562,25000000.000
31460,2008,-19.531250,25000000.000
31461,2009,-19.042969,25000000.000
31462,2013,-17.089844,25000000.000
31463,2004,-21.484375,25000000.000
31464,2010,-18.554688,25000000.000
31465,2014,-16.601562,25000000.000
31466,2017,-15.136719,25000000.000
31467,2017,-15.136719,25000000.000
31468,2025,-11.230469,25000000.000
31469,2029,-9.277344,25000000.000
31470,2035,-6.347656,25000000.000
31471,2036,-5.859375,25000000.000
31472,2046,-0.976562,25000000.000
31473,2052,1.953125,25000000.000
31474,2057,4.394531,25000000.000
31475,2058,4.882812,25000000.000
31476,2067,9.277344,25000000.000
31477,2071,11.230469,25000000.000
31478,2075,13.183594,25000000.000
31479,2075,13.183594,25000000.000
31480,2081,16.113281,25000000.000
31481,2081,16.113281,25000000.000
31482,2081,16.113281,25000000.000
31483,2082,16.601562,25000000.000
31484,2080,15.625000,25000000.000
31485,2078,14.648438,25000000.000
31486,2074,12.695312,25000000.000
31487,2075,13.183594,25000000.000
31488,2066,8.789062,25000000.000
31489,2062,6.835938,25000000.000
31490,2057,4.394531,25000000.000
31491,2057,4.394531,25000000.000
31492,2047,-0.488281,25000000.000
31493,2042,-2.929688,25000000.000
31494,2035,-6.347656,25000000.000
31495,2034,-6.835938,25000000.000
31496,2026,-10.742188,25000000.000
31497,2021,-13.183594,25000000.000
31498,2017,-15.136719,25000000.000
31499,2016,-15.625000,25000000.000
31500,2011,-18.066406,25000000.000
31501,2010,-18.554688,25000000.000
31502,2008,-19.531250,25000000.000
31503,2009,-19.042969,25000000.000
31504,2009,-19.042969,25000000.000
31505,2011,-18.066406,25000000.000
31506,2015,-16.113281,25000000.000
31507,2014,-16.601562,25000000.000
31508,2021,-13.183594,25000000.000
31509,2025,-11.230469,25000000.000
31510,2032,-7.812500,25000000.000
31511,2032,-7.812500,25000000.000
31512,2042,-2.929688,25000000.000
31513,2045,-1.464844,25000000.000
31514,2052,1.953125,25000000.000
31515,2053,2.441406,25000000.000
31516,2064,7.812500,25000000.000
31517,2069,10.253906,25000000.000
31518,2073,12.207031,25000000.000
31519,2073,12.207031,25000000.000
31520,2079,15.136719,25000000.000
31521,2081,16.113281,25000000.000
31522,2082,16.601562,25000000.000
31523,2081,16.113281,25000000.000
31524,2080,15.625000,25000000.000
31525,2080,15.625000,25000000.000
31526,2077,14.160156,25000000.000
31527,2077,14.160156,25000000.000
31528,2070,10.742188,25000000.000
31529,2067,9.277344,25000000.000
31530,2062,6.835938,25000000.000
31531,2061,6.347656,25000000.000
31532,2051,1.464844,25000000.000
31533,2045,-1.464844,25000000.000
31534,2039,-4.394531,25000000.000
31535,2039,-4.394531,25000000.000
31536,2029,-9.277344,25000000.000
31537,2024,-11.718750,25000000.000
31538,2020,-13.671875,25000000.000
31539,2020,-13.671875,25000000.000
31540,2013,-17.089844,25000000.000
31541,2011,-18.066406,25000000.000
31542,2010,-18.554688,25000000.000
31543,2009,-19.042969,25000000.000
31544,2009,-19.042969,25000000.000
31545,2010,-18.554688,25000000.000
31546,2012,-17.578125,25000000.000
31547,2013,-17.089844,25000000.000
31548,2018,-14.648438,25000000.000
31549,2022,-12.695312,25000000.000
31550,2027,-10.253906,25000000.000
31551,2027,-10.253906,25000000.000
31552,2037,-5.371094,25000000.000
31553,2043,-2.441406,25000000.000
31554,2050,0.976562,25000000.000
31555,2050,0.976562,25000000.000
31556,2061,6.347656,25000000.000
31557,2065,8.300781,25000000.000
31558,2069,10.253906,25000000.000
31559,2071,11.230469,25000000.000
31560,2078,14.648438,25000000.000
31561,2080,15.625000,25000000.000
31562,2081,16.113281,25000000.000
31563,2082,16.601562,25000000.000
31564,2082,16.601562,25000000.000
31565,2082,16.601562,25000000.000
31566,2080,15.625000,25000000.000
31567,2079,15.136719,25000000.000
31568,2075,13.183594,25000000.000
31569,2071,11.230469,25000000.000
31570,2066,8.789062,25000000.000
31571,2066,8.789062,25000000.000
31572,2056,3.906250,25000000.000
31573,2051,1.464844,25000000.000
31574,2046,-0.976562,25000000.000
31575,2044,-1.953125,25000000.000
31576,2034,-6.835938,25000000.000
31577,2030,-8.789062,25000000.000
31578,2025,-11.230469,25000000.000
31579,2025,-11.230469,25000000.000
31580,2017,-15.136719,25000000.000
31581,2013,-17.089844,25000000.000
31582,2012,-17.578125,25000000.000
31583,2012,-17.578125,25000000.000
31584,2009,-19.042969,25000000.000
31585,2010,-18.554688,25000000.000
31586,2011,-18.066406,25000000.000
31587,2012,-17.578125,25000000.000
31588,2016,-15.625000,25000000.000
31589,2020,-13.671875,25000000.000
31590,2023,-12.207031,25000000.000
31591,2024,-11.718750,25000000.000
31592,2033,-7.324219,25000000.000
31593,2039,-4.394531,25000000.000
31594,2045,-1.464844,25000000.000
31595,2045,-1.464844,25000000.000
31596,2056,3.906250,25000000.000
31597,2061,6.347656,25000000.000
31598,2066,8.789062,25000000.000
31599,2065,8.300781,25000000.000
31600,2075,13.183594,25000000.000
31601,2078,14.648438,25000000.000
31602,2080,15.625000,25000000.000
31603,2080,15.625000,25000000.000
31604,2083,17.089844,25000000.000
31605,2082,16.601562,25000000.000
31606,2081,16.113281,25000000.000
31607,2081,16.113281,25000000.000
31608,2078,14.648438,25000000.000
31609,2074,12.695312,25000000.000
31610,2069,10.253906,25000000.000
31611,2070,10.742188,25000000.000
31612,2060,5.859375,25000000.000
31613,2054,2.929688,25000000.000
31614,2051,1.464844,25000000.000
31615,2050,0.976562,25000000.000
31616,2038,-4.882812,25000000.000
31617,2034,-6.835938,25000000.000
31618,2028,-9.765625,25000000.000
31619,2028,-9.765625,25000000.000
31620,2018,-14.648438,25000000.000
31621,2015,-16.113281,25000000.000
31622,2012,-17.578125,25000000.000
31623,2012,-17.578125,25000000.000
31624,2010,-18.554688,25000000.000
31625,2009,-19.042969,25000000.000
31626,2009,-19.042969,25000000.000
31627,2010,-18.554688,25000000.000
31628,2012,-17.578125,25000000.000
31629,2016,-15.625000,25000000.000
31630,2019,-14.160156,25000000.000
31631,2020,-13.671875,25000000.000
31632,2029,-9.277344,25000000.000
31633,2033,-7.324219,25000000.000
31634,2040,-3.906250,25000000.000
31635,2040,-3.906250,25000000.000
31636,2050,0.976562,25000000.000
31637,2056,3.906250,25000000.000
31638,2062,6.835938,25000000.000
31639,2063,7.324219,25000000.000
31640,2071,11.230469,25000000.000
31641,2076,13.671875,25000000.000
31642,2078,14.648438,25000000.000
31643,2078,14.648438,25000000.000
31644,2083,17.089844,25000000.000
31645,2083,17.089844,25000000.000
31646,2082,16.601562,25000000.000
31647,2083,17.089844,25000000.000
31648,2080,15.625000,25000000.000
31649,2077,14.160156,25000000.000
31650,2074,12.695312,25000000.000
31651,2074,12.695312,25000000.000
31652,2066,8.789062,25000000.000
31653,2059,5.371094,25000000.000
31654,2054,2.929688,25000000.000
31655,2054,2.929688,25000000.000
31656,2043,-2.441406,25000000.000
31657,2038,-4.882812,25000000.000
31658,2032,-7.812500,25000000.000
31659,2032,-7.812500,25000000.000
31660,2023,-12.207031,25000000.000
31661,2018,-14.648438,25000000.000
31662,2015,-16.113281,25000000.000
31663,2015,-16.113281,25000000.000
31664,2011,-18.066406,25000000.000
31665,2009,-19.042969,25000000.000
31666,2010,-18.554688,25000000.000
31667,2009,-19.042969,25000000.000
31668,2011,-18.066406,25000000.000
31669,2013,-17.089844,25000000.000
31670,2015,-16.113281,25000000.000
31671,2017,-15.136719,25000000.000
31672,2024,-11.718750,25000000.000
31673,2028,-9.765625,25000000.000
31674,2035,-6.347656,25000000.000
31675,2034,-6.835938,25000000.000
31676,2046,-0.976562,25000000.000
31677,2051,1.464844,25000000.000
31678,2057,4.394531,25000000.000
31679,2057,4.394531,25000000.000
31680,2067,9.277344,25000000.000
31681,2070,10.742188,25000000.000
31682,2075,13.183594,25000000.000
31683,2074,12.695312,25000000.000
31684,2080,15.625000,25000000.000
31685,2081,16.113281,25000000.000
31686,2082,16.601562,25000000.000
31687,2081,16.113281,25000000.000
31688,2080,15.625000,25000000.000
31689,2078,14.648438,25000000.000
31690,2076,13.671875,25000000.000
31691,2075,13.183594,25000000.000
31692,2068,9.765625,25000000.000
31693,2063,7.324219,25000000.000
31694,2058,4.882812,25000000.000
31695,2058,4.882812,25000000.000
31696,2048,0.000000,25000000.000
31697,2042,-2.929688,25000000.000
31698,2037,-5.371094,25000000.000
31699,2036,-5.859375,25000000.000
31700,2027,-10.253906,25000000.000
31701,2022,-12.695312,25000000.000
31702,2017,-15.136719,25000000.000
31703,2018,-14.648438,25000000.000
31704,2013,-17.089844,25000000.000
31705,2011,-18.066406,25000000.000
31706,2009,-19.042969,25000000.000
31707,2009,-19.042969,25000000.000
31708,2010,-18.554688,25000000.000
31709,2012,-17.578125,25000000.000
31710,2013,-17.089844,25000000.000
31711,2014,-16.601562,25000000.000
31712,2021,-13.183594,25000000.000
31713,2025,-11.230469,25000000.000
31714,2030,-8.789062,25000000.000
31715,2032,-7.812500,25000000.000
31716,2040,-3.906250,25000000.000
31717,2046,-0.976562,25000000.000
31718,2052,1.953125,25000000.000
31719,2052,1.953125,25000000.000
31720,2062,6.835938,25000000.000
31721,2067,9.277344,25000000.000
31722,2072,11.718750,25000000.000
31723,2071,11.230469,25000000.000
31724,2078,14.648438,25000000.000
31725,2081,16.113281,25000000.000
31726,2082,16.601562,25000000.000
31727,2082,16.601562,25000000.000
31728,2082,16.601562,25000000.000
31729,2080,15.625000,25000000.000
31730,2078,14.648438,25000000.000
31731,2077,14.160156,25000000.000
31732,2073,12.207031,25000000.000
31733,2068,9.765625,25000000.000
31734,2062,6.835938,25000000.000
31735,2062,6.835938,25000000.000
31736,2052,1.953125,25000000.000
31737,2047,-0.488281,25000000.000
31738,2042,-2.929688,25000000.000
31739,2041,-3.417969,25000000.000
31740,2031,-8.300781,25000000.000
31741,2026,-10.742188,25000000.000
31742,2022,-12.695312,25000000.000
31743,2022,-12.695312,25000000.000
31744,2015,-16.113281,25000000.000
31745,2011,-18.066406,25000000.000
31746,2010,-18.554688,25000000.000
31747,2010,-18.554688,25000000.000
31748,2009,-19.042969,25000000.000
31749,2010,-18.554688,25000000.000
31750,2011,-18.066406,25000000.000
31751,2011,-18.066406,25000000.000
31752,2018,-14.648438,25000000.000
31753,2021,-13.183594,25000000.000
31754,2026,-10.742188,25000000.000
31755,2026,-10.742188,25000000.000
31756,2036,-5.859375,25000000.000
31757,2042,-2.929688,25000000.000
31758,2048,0.000000,25000000.000
31759,2047,-0.488281,25000000.000
31760,2059,5.371094,25000000.000
31761,2064,7.812500,25000000.000
31762,2069,10.253906,25000000.000
31763,2070,10.742188,25000000.000
31764,2077,14.160156,25000000.000
31765,2079,15.136719,25000000.000
31766,2081,16.113281,25000000.000
31767,2082,16.601562,25000000.000
31768,2083,17.089844,25000000.000
31769,2082,16.601562,25000000.000
31770,2080,15.625000,25000000.000
31771,2081,16.113281,25000000.000
31772,2077,14.160156,25000000.000
31773,2073,12.207031,25000000.000
31774,2067,9.277344,25000000.000
31775,2068,9.765625,25000000.000
31776,2058,4.882812,25000000.000
31777,2052,1.953125,25000000.000
31778,2047,-0.488281,25000000.000
31779,2046,-0.976562,25000000.000
31780,2036,-5.859375,25000000.000
31781,2030,-8.789062,25000000.000
31782,2027,-10.253906,25000000.000
31783,2025,-11.230469,25000000.000
31784,2017,-15.136719,25000000.000
31785,2015,-16.113281,25000000.000
31786,2011,-18.066406,25000000.000
31787,2011,-18.066406,25000000.000
31788,2011,-18.066406,25000000.000
31789,2009,-19.042969,25000000.000
31790,2010,-18.554688,25000000.000
31791,2010,-18.554688,25000000.000
31792,2014,-16.601562,25000000.000
31793,2017,-15.136719,25000000.000
31794,2022,-12.695312,25000000.000
31795,2022,-12.695312,25000000.000
31796,2031,-8.300781,25000000.000
31797,2037,-5.371094,25000000.000
31798,2043,-2.441406,25000000.000
31799,2043,-2.441406,25000000.000
31800,2053,2.441406,25000000.000
31801,2059,5.371094,25000000.000
31802,2064,7.812500,25000000.000
31803,2064,7.812500,25000000.000
31804,2072,11.718750,25000000.000
31805,2075,13.183594,25000000.000
31806,2079,15.136719,25000000.000
31807,2080,15.625000,25000000.000
31808,2082,16.601562,25000000.000
31809,2085,18.066406,25000000.000
31810,2084,17.578125,25000000.000
31811,2087,19.042969,25000000.000
31812,2078,14.648438,25000000.000
31813,2075,13.183594,25000000.000
31814,2071,11.230469,25000000.000
31815,2072,11.718750,25000000.000
31816,2063,7.324219,25000000.000
31817,2057,4.394531,25000000.000
31818,2053,2.441406,25000000.000
31819,2051,1.464844,25000000.000
31820,2041,-3.417969,25000000.000
31821,2035,-6.347656,25000000.000
31822,2031,-8.300781,25000000.000
31823,2028,-9.765625,25000000.000
31824,2022,-12.695312,25000000.000
31825,2017,-15.136719,25000000.000
31826,2013,-17.089844,25000000.000
31827,2012,-17.578125,25000000.000
31828,2010,-18.554688,25000000.000
31829,2009,-19.042969,25000000.000
31830,2009,-19.042969,25000000.000
31831,2010,-18.554688,25000000.000
31832,2013,-17.089844,25000000.000
31833,2014,-16.601562,25000000.000
31834,2018,-14.648438,25000000.000
31835,2020,-13.671875,25000000.000
31836,2027,-10.253906,25000000.000
31837,2033,-7.324219,25000000.000
31838,2038,-4.882812,25000000.000
31839,2038,-4.882812,25000000.000
31840,2050,0.976562,25000000.000
31841,2055,3.417969,25000000.000
31842,2060,5.859375,25000000.000
31843,2061,6.347656,25000000.000
31844,2071,11.230469,25000000.000
31845,2075,13.183594,25000000.000
31846,2078,14.648438,25000000.000
31847,2078,14.648438,25000000.000
31848,2081,16.113281,25000000.000
31849,2084,17.578125,25000000.000
31850,2084,17.578125,25000000.000
31851,2083,17.089844,25000000.000
31852,2081,16.113281,25000000.000
31853,2078,14.648438,25000000.000
31854,2075,13.183594,25000000.000
31855,2073,12.207031,25000000.000
31856,2066,8.789062,25000000.000
31857,2062,6.835938,25000000.000
31858,2055,3.417969,25000000.000
31859,2055,3.417969,25000000.000
31860,2042,-2.929688,25000000.000
31861,2042,-2.929688,25000000.000
31862,2035,-6.347656,25000000.000
31863,2032,-7.812500,25000000.000
31864,2023,-12.207031,25000000.000
31865,2020,-13.671875,25000000.000
31866,2016,-15.625000,25000000.000
31867,2015,-16.113281,25000000.000
31868,2011,-18.066406,25000000.000
31869,2009,-19.042969,25000000.000
31870,2008,-19.531250,25000000.000
31871,2008,-19.531250,25000000.000
31872,2010,-18.554688,25000000.000
31873,2012,-17.578125,25000000.000
31874,2015,-16.113281,25000000.000
31875,2016,-15.625000,25000000.000
31876,2023,-12.207031,25000000.000
31877,2028,-9.765625,25000000.000
31878,2032,-7.812500,25000000.000
31879,2033,-7.324219,25000000.000
31880,2044,-1.953125,25000000.000
31881,2049,0.488281,25000000.000
31882,2055,3.417969,25000000.000
31883,2055,3.417969,25000000.000
31884,2066,8.789062,25000000.000
31885,2069,10.253906,25000000.000
31886,2073,12.207031,25000000.000
31887,2074,12.695312,25000000.000
31888,2079,15.136719,25000000.000
31889,2081,16.113281,25000000.000
31890,2082,16.601562,25000000.000
31891,2082,16.601562,25000000.000
31892,2082,16.601562,25000000.000
31893,2079,15.136719,25000000.000
31894,2076,13.671875,25000000.000
31895,2076,13.671875,25000000.000
31896,2070,10.742188,25000000.000
31897,2064,7.812500,25000000.000
31898,2059,5.371094,25000000.000
31899,2059,5.371094,25000000.000
31900,2051,1.464844,25000000.000
31901,2043,-2.441406,25000000.000
31902,2039,-4.394531,25000000.000
31903,2037,-5.371094,25000000.000
31904,2028,-9.765625,25000000.000
31905,2024,-11.718750,25000000.000
31906,2020,-13.671875,25000000.000
31907,2018,-14.648438,25000000.000
31908,2013,-17.089844,25000000.000
31909,2010,-18.554688,25000000.000
31910,2010,-18.554688,25000000.000
31911,2009,-19.042969,25000000.000
31912,2009,-19.042969,25000000.000
31913,2011,-18.066406,25000000.000
31914,2013,-17.089844,25000000.000
31915,2012,-17.578125,25000000.000
31916,2019,-14.160156,25000000.000
31917,2023,-12.207031,25000000.000
31918,2028,-9.765625,25000000.000
31919,2029,-9.277344,25000000.000
31920,2042,-2.929688,25000000.000
31921,2033,-7.324219,25000000.000
31922,2048,0.000000,25000000.000
31923,2054,2.929688,25000000.000
31924,2062,6.835938,25000000.000
31925,2067,9.277344,25000000.000
31926,2069,10.253906,25000000.000
31927,2070,10.742188,25000000.000
31928,2077,14.160156,25000000.000
31929,2077,14.160156,25000000.000
31930,2081,16.113281,25000000.000
31931,2080,15.625000,25000000.000
31932,2080,15.625000,25000000.000
31933,2080,15.625000,25000000.000
31934,2079,15.136719,25000000.000
31935,2078,14.648438,25000000.000
31936,2072,11.718750,25000000.000
31937,2069,10.253906,25000000.000
31938,2065,8.300781,25000000.000
31939,2063,7.324219,25000000.000
31940,2054,2.929688,25000000.000
31941,2049,0.488281,25000000.000
31942,2044,-1.953125,25000000.000
31943,2043,-2.441406,25000000.000
31944,2034,-6.835938,25000000.000
31945,2027,-10.253906,25000000.000
31946,2023,-12.207031,25000000.000
31947,2022,-12.695312,25000000.000
31948,2016,-15.625000,25000000.000
31949,2013,-17.089844,25000000.000
31950,2011,-18.066406,25000000.000
31951,2011,-18.066406,25000000.000
31952,2009,-19.042969,25000000.000
31953,2011,-18.066406,25000000.000
31954,2011,-18.066406,25000000.000
31955,2011,-18.066406,25000000.000
31956,2016,-15.625000,25000000.000
31957,2020,-13.671875,25000000.000
31958,2024,-11.718750,25000000.000
31959,2025,-11.230469,25000000.000
31960,2034,-6.835938,25000000.000
31961,2039,-4.394531,25000000.000
31962,2047,-0.488281,25000000.000
31963,2046,-0.976562,25000000.000
31964,2057,4.394531,25000000.000
31965,2062,6.835938,25000000.000
31966,2068,9.765625,25000000.000
31967,2067,9.277344,25000000.000
31968,2076,13.671875,25000000.000
31969,2079,15.136719,25000000.000
31970,2081,16.113281,25000000.000
31971,2081,16.113281,25000000.000
31972,2083,17.089844,25000000.000
31973,2082,16.601562,25000000.000
31974,2082,16.601562,25000000.000
31975,2082,16.601562,25000000.000
31976,2077,14.160156,25000000.000
31977,2074,12.695312,25000000.000
31978,2070,10.742188,25000000.000
31979,2069,10.253906,25000000.000
31980,2060,5.859375,25000000.000
31981,2053,2.441406,25000000.000
31982,2049,0.488281,25000000.000
31983,2048,0.000000,25000000.000
31984,2038,-4.882812,25000000.000
31985,2032,-7.812500,25000000.000
31986,2028,-9.765625,25000000.000
31987,2027,-10.253906,25000000.000
31988,2020,-13.671875,25000000.000
31989,2015,-16.113281,25000000.000
31990,2012,-17.578125,25000000.000
31991,2013,-17.089844,25000000.000
31992,2010,-18.554688,25000000.000
31993,2010,-18.554688,25000000.000
31994,2010,-18.554688,25000000.000
31995,2010,-18.554688,25000000.000
31996,2014,-16.601562,25000000.000
31997,2017,-15.136719,25000000.000
31998,2021,-13.183594,25000000.000
31999,2022,-12.695312,25000000.000
32000,2030,-8.789062,25000000.000
32001,2036,-5.859375,25000000.000
32002,2041,-3.417969,25000000.000
32003,2041,-3.417969,25000000.000
32004,2052,1.953125,25000000.000
32005,2057,4.394531,25000000.000
32006,2064,7.812500,25000000.000
32007,2063,7.324219,25000000.000
32008,2072,11.718750,25000000.000
32009,2075,13.183594,25000000.000
32010,2078,14.648438,25000000.000
32011,2080,15.625000,25000000.000
32012,2082,16.601562,25000000.000
32013,2082,16.601562,25000000.000
32014,2081,16.113281,25000000.000
32015,2082,16.601562,25000000.000
32016,2079,15.136719,25000000.000
32017,2076,13.671875,25000000.000
32018,2072,11.718750,25000000.000
32019,2071,11.230469,25000000.000
32020,2064,7.812500,25000000.000
32021,2057,4.394531,25000000.000
32022,2053,2.441406,25000000.000
32023,2053,2.441406,25000000.000
32024,2041,-3.417969,25000000.000
32025,2037,-5.371094,25000000.000
32026,2030,-8.789062,25000000.000
32027,2031,-8.300781,25000000.000
32028,2022,-12.695312,25000000.000
32029,2018,-14.648438,25000000.000
32030,2015,-16.113281,25000000.000
32031,2014,-16.601562,25000000.000
32032,2012,-17.578125,25000000.000
32033,2010,-18.554688,25000000.000
32034,2010,-18.554688,25000000.000
32035,2010,-18.554688,25000000.000
32036,2012,-17.578125,25000000.000
32037,2014,-16.601562,25000000.000
32038,2018,-14.648438,25000000.000
32039,2018,-14.648438,25000000.000
32040,2026,-10.742188,25000000.000
32041,2031,-8.300781,25000000.000
32042,2037,-5.371094,25000000.000
32043,2037,-5.371094,25000000.000
32044,2047,-0.488281,25000000.000
32045,2053,2.441406,25000000.000
32046,2059,5.371094,25000000.000
32047,2060,5.859375,25000000.000
32048,2069,10.253906,25000000.000
32049,2074,12.695312,25000000.000
32050,2076,13.671875,25000000.000
32051,2076,13.671875,25000000.000
32052,2083,17.089844,25000000.000
32053,2082,16.601562,25000000.000
32054,2082,16.601562,25000000.000
32055,2083,17.089844,25000000.000
32056,2081,16.113281,25000000.000
32057,2078,14.648438,25000000.000
32058,2075,13.183594,25000000.000
32059,2076,13.671875,25000000.000
32060,2068,9.765625,25000000.000
32061,2062,6.835938,25000000.000
32062,2057,4.394531,25000000.000
32063,2057,4.394531,25000000.000
32064,2047,-0.488281,25000000.000
32065,2041,-3.417969,25000000.000
32066,2035,-6.347656,25000000.000
32067,2035,-6.347656,25000000.000
32068,2026,-10.742188,25000000.000
32069,2021,-13.183594,25000000.000
32070,2018,-14.648438,25000000.000
32071,2016,-15.625000,25000000.000
32072,2011,-18.066406,25000000.000
32073,2010,-18.554688,25000000.000
32074,2008,-19.531250,25000000.000
32075,2009,-19.042969,25000000.000
32076,2010,-18.554688,25000000.000
32077,2011,-18.066406,25000000.000
32078,2013,-17.089844,25000000.000
32079,2015,-16.113281,25000000.000
32080,2021,-13.183594,25000000.000
32081,2026,-10.742188,25000000.000
32082,2031,-8.300781,25000000.000
32083,2032,-7.812500,25000000.000
32084,2042,-2.929688,25000000.000
32085,2047,-0.488281,25000000.000
32086,2052,1.953125,25000000.000
32087,2054,2.929688,25000000.000
32088,2063,7.324219,25000000.000
32089,2070,10.742188,25000000.000
32090,2073,12.207031,25000000.000
32091,2074,12.695312,25000000.000
32092,2079,15.136719,25000000.000
32093,2080,15.625000,25000000.000
32094,2082,16.601562,25000000.000
32095,2082,16.601562,25000000.000
32096,2081,16.113281,25000000.000
32097,2080,15.625000,25000000.000
32098,2077,14.160156,25000000.000
32099,2078,14.648438,25000000.000
32100,2071,11.230469,25000000.000
32101,2066,8.789062,25000000.000
32102,2061,6.347656,25000000.000
32103,2060,5.859375,25000000.000
32104,2051,1.464844,25000000.000
32105,2044,-1.953125,25000000.000
32106,2039,-4.394531,25000000.000
32107,2040,-3.906250,25000000.000
32108,2029,-9.277344,25000000.000
32109,2023,-12.207031,25000000.000
32110,2019,-14.160156,25000000.000
32111,2019,-14.160156,25000000.000
32112,2014,-16.601562,25000000.000
32113,2011,-18.066406,25000000.000
32114,2010,-18.554688,25000000.000
32115,2008,-19.531250,25000000.000
32116,2009,-19.042969,25000000.000
32117,2011,-18.066406,25000000.000
32118,2013,-17.089844,25000000.000
32119,2013,-17.089844,25000000.000
32120,2017,-15.136719,25000000.000
32121,2023,-12.207031,25000000.000
32122,2028,-9.765625,25000000.000
32123,2028,-9.765625,25000000.000
32124,2037,-5.371094,25000000.000
32125,2043,-2.441406,25000000.000
32126,2049,0.488281,25000000.000
32127,2048,0.000000,25000000.000
32128,2059,5.371094,25000000.000
32129,2064,7.812500,25000000.000
32130,2069,10.253906,25000000.000
32131,2071,11.230469,25000000.000
32132,2076,13.671875,25000000.000
32133,2080,15.625000,25000000.000
32134,2081,16.113281,25000000.000
32135,2081,16.113281,25000000.000
32136,2081,16.113281,25000000.000
32137,2081,16.113281,25000000.000
32138,2080,15.625000,25000000.000
32139,2079,15.136719,25000000.000
32140,2074,12.695312,25000000.000
32141,2070,10.742188,25000000.000
32142,2065,8.300781,25000000.000
32143,2065,8.300781,25000000.000
32144,2056,3.906250,25000000.000
32145,2050,0.976562,25000000.000
32146,2045,-1.464844,25000000.000
32147,2045,-1.464844,25000000.000
32148,2033,-7.324219,25000000.000
32149,2029,-9.277344,25000000.000
32150,2024,-11.718750,25000000.000
32151,2024,-11.718750,25000000.000
32152,2016,-15.625000,25000000.000
32153,2014,-16.601562,25000000.000
32154,2011,-18.066406,25000000.000
32155,2011,-18.066406,25000000.000
32156,2009,-19.042969,25000000.000
32157,2008,-19.531250,25000000.000
32158,2015,-16.113281,25000000.000
32159,2009,-19.042969,25000000.000
32160,2015,-16.113281,25000000.000
32161,2018,-14.648438,25000000.000
32162,2025,-11.230469,25000000.000
32163,2024,-11.718750,25000000.000
32164,2033,-7.324219,25000000.000
32165,2038,-4.882812,25000000.000
32166,2044,-1.953125,25000000.000
32167,2045,-1.464844,25000000.000
32168,2056,3.906250,25000000.000
32169,2061,6.347656,25000000.000
32170,2066,8.789062,25000000.000
32171,2067,9.277344,25000000.000
32172,2073,12.207031,25000000.000
32173,2077,14.160156,25000000.000
32174,2081,16.113281,25000000.000
32175,2081,16.113281,25000000.000
32176,2083,17.089844,25000000.000
32177,2083,17.089844,25000000.000
32178,2082,16.601562,25000000.000
32179,2082,16.601562,25000000.000
32180,2078,14.648438,25000000.000
32181,2074,12.695312,25000000.000
32182,2071,11.230469,25000000.000
32183,2070,10.742188,25000000.000
32184,2061,6.347656,25000000.000
32185,2055,3.417969,25000000.000
32186,2050,0.976562,25000000.000
32187,2049,0.488281,25000000.000
32188,2038,-4.882812,25000000.000
32189,2033,-7.324219,25000000.000
32190,2028,-9.765625,25000000.000
32191,2027,-10.253906,25000000.000
32192,2019,-14.160156,25000000.000
32193,2016,-15.625000,25000000.000
32194,2014,-16.601562,25000000.000
32195,2012,-17.578125,25000000.000
32196,2009,-19.042969,25000000.000
32197,2010,-18.554688,25000000.000
32198,2011,-18.066406,25000000.000
32199,2010,-18.554688,25000000.000
32200,2013,-17.089844,25000000.000
32201,2016,-15.625000,25000000.000
32202,2020,-13.671875,25000000.000
32203,2020,-13.671875,25000000.000
32204,2029,-9.277344,25000000.000
32205,2034,-6.835938,25000000.000
32206,2040,-3.906250,25000000.000
32207,2040,-3.906250,25000000.000
32208,2050,0.976562,25000000.000
32209,2056,3.906250,25000000.000
32210,2062,6.835938,25000000.000
32211,2062,6.835938,25000000.000
32212,2071,11.230469,25000000.000
32213,2075,13.183594,25000000.000
32214,2079,15.136719,25000000.000
32215,2079,15.136719,25000000.000
32216,2082,16.601562,25000000.000
32217,2083,17.089844,25000000.000
32218,2083,17.089844,25000000.000
32219,2083,17.089844,25000000.000
32220,2080,15.625000,25000000.000
32221,2077,14.160156,25000000.000
32222,2074,12.695312,25000000.000
32223,2074,12.695312,25000000.000
32224,2065,8.300781,25000000.000
32225,2059,5.371094,25000000.000
32226,2053,2.441406,25000000.000
32227,2053,2.441406,25000000.000
32228,2045,-1.464844,25000000.000
32229,2039,-4.394531,25000000.000
32230,2033,-7.324219,25000000.000
32231,2032,-7.812500,25000000.000
32232,2024,-11.718750,25000000.000
32233,2019,-14.160156,25000000.000
32234,2016,-15.625000,25000000.000
32235,2016,-15.625000,25000000.000
32236,2011,-18.066406,25000000.000
32237,2010,-18.554688,25000000.000
32238,2009,-19.042969,25000000.000
32239,2009,-19.042969,25000000.000
32240,2012,-17.578125,25000000.000
32241,2013,-17.089844,25000000.000
32242,2017,-15.136719,25000000.000
32243,2016,-15.625000,25000000.000
32244,2025,-11.230469,25000000.000
32245,2029,-9.277344,25000000.000
32246,2035,-6.347656,25000000.000
32247,2036,-5.859375,25000000.000
32248,2047,-0.488281,25000000.000
32249,2051,1.464844,25000000.000
32250,2058,4.882812,25000000.000
32251,2056,3.906250,25000000.000
32252,2066,8.789062,25000000.000
32253,2072,11.718750,25000000.000
32254,2075,13.183594,25000000.000
32255,2076,13.671875,25000000.000
32256,2080,15.625000,25000000.000
32257,2082,16.601562,25000000.000
32258,2082,16.601562,25000000.000
32259,2083,17.089844,25000000.000
32260,2080,15.625000,25000000.000
32261,2078,14.648438,25000000.000
32262,2076,13.671875,25000000.000
32263,2075,13.183594,25000000.000
32264,2068,9.765625,25000000.000
32265,2064,7.812500,25000000.000
32266,2058,4.882812,25000000.000
32267,2058,4.882812,25000000.000
32268,2048,0.000000,25000000.000
32269,2042,-2.929688,25000000.000
32270,2037,-5.371094,25000000.000
32271,2036,-5.859375,25000000.000
32272,2027,-10.253906,25000000.000
32273,2022,-12.695312,25000000.000
32274,2018,-14.648438,25000000.000
32275,2018,-14.648438,25000000.000
32276,2012,-17.578125,25000000.000
32277,2010,-18.554688,25000000.000
32278,2009,-19.042969,25000000.000
32279,2008,-19.531250,25000000.000
32280,2010,-18.554688,25000000.000
32281,2010,-18.554688,25000000.000
32282,2013,-17.089844,25000000.000
32283,2014,-16.601562,25000000.000
32284,2020,-13.671875,25000000.000
32285,2025,-11.230469,25000000.000
32286,2030,-8.789062,25000000.000
32287,2030,-8.789062,25000000.000
32288,2041,-3.417969,25000000.000
32289,2046,-0.976562,25000000.000
32290,2052,1.953125,25000000.000
32291,2054,2.929688,25000000.000
32292,2064,7.812500,25000000.000
32293,2068,9.765625,25000000.000
32294,2071,11.230469,25000000.000
32295,2072,11.718750,25000000.000
32296,2079,15.136719,25000000.000
32297,2081,16.113281,25000000.000
32298,2082,16.601562,25000000.000
32299,2082,16.601562,25000000.000
32300,2082,16.601562,25000000.000
32301,2080,15.625000,25000000.000
32302,2079,15.136719,25000000.000
32303,2078,14.648438,25000000.000
32304,2072,11.718750,25000000.000
32305,2068,9.765625,25000000.000
32306,2062,6.835938,25000000.000
32307,2062,6.835938,25000000.000
32308,2051,1.464844,25000000.000
32309,2047,-0.488281,25000000.000
32310,2041,-3.417969,25000000.000
32311,2040,-3.906250,25000000.000
32312,2030,-8.789062,25000000.000
32313,2025,-11.230469,25000000.000
32314,2022,-12.695312,25000000.000
32315,2021,-13.183594,25000000.000
32316,2014,-16.601562,25000000.000
32317,2012,-17.578125,25000000.000
32318,2011,-18.066406,25000000.000
32319,2010,-18.554688,25000000.000
32320,2009,-19.042969,25000000.000
32321,2010,-18.554688,25000000.000
32322,2011,-18.066406,25000000.000
32323,2011,-18.066406,25000000.000
32324,2016,-15.625000,25000000.000
32325,2021,-13.183594,25000000.000
32326,2025,-11.230469,25000000.000
32327,2026,-10.742188,25000000.000
32328,2036,-5.859375,25000000.000
32329,2042,-2.929688,25000000.000
32330,2047,-0.488281,25000000.000
32331,2048,0.000000,25000000.000
32332,2058,4.882812,25000000.000
32333,2063,7.324219,25000000.000
32334,2068,9.765625,25000000.000
32335,2069,10.253906,25000000.000
32336,2076,13.671875,25000000.000
32337,2079,15.136719,25000000.000
32338,2082,16.601562,25000000.000
32339,2081,16.113281,25000000.000
32340,2083,17.089844,25000000.000
32341,2083,17.089844,25000000.000
32342,2081,16.113281,25000000.000
32343,2080,15.625000,25000000.000
32344,2075,13.183594,25000000.000
32345,2071,11.230469,25000000.000
32346,2066,8.789062,25000000.000
32347,2066,8.789062,25000000.000
32348,2057,4.394531,25000000.000
32349,2052,1.953125,25000000.000
32350,2046,-0.976562,25000000.000
32351,2046,-0.976562,25000000.000
32352,2035,-6.347656,25000000.000
32353,2030,-8.789062,25000000.000
32354,2026,-10.742188,25000000.000
32355,2025,-11.230469,25000000.000
32356,2017,-15.136719,25000000.000
32357,2014,-16.601562,25000000.000
32358,2012,-17.578125,25000000.000
32359,2012,-17.578125,25000000.000
32360,2009,-19.042969,25000000.000
32361,2008,-19.531250,25000000.000
32362,2010,-18.554688,25000000.000
32363,2011,-18.066406,25000000.000
32364,2015,-16.113281,25000000.000
32365,2019,-14.160156,25000000.000
32366,2022,-12.695312,25000000.000
32367,2023,-12.207031,25000000.000
32368,2032,-7.812500,25000000.000
32369,2038,-4.882812,25000000.000
32370,2044,-1.953125,25000000.000
32371,2044,-1.953125,25000000.000
32372,2055,3.417969,25000000.000
32373,2059,5.371094,25000000.000
32374,2065,8.300781,25000000.000
32375,2066,8.789062,25000000.000
32376,2075,13.183594,25000000.000
32377,2077,14.160156,25000000.000
32378,2079,15.136719,25000000.000
32379,2081,16.113281,25000000.000
32380,2082,16.601562,25000000.000
32381,2082,16.601562,25000000.000
32382,2081,16.113281,25000000.000
32383,2080,15.625000,25000000.000
32384,2078,14.648438,25000000.000
32385,2074,12.695312,25000000.000
32386,2070,10.742188,25000000.000
32387,2070,10.742188,25000000.000
32388,2061,6.347656,25000000.000
32389,2057,4.394531,25000000.000
32390,2051,1.464844,25000000.000
32391,2051,1.464844,25000000.000
32392,2041,-3.417969,25000000.000
32393,2034,-6.835938,25000000.000
32394,2030,-8.789062,25000000.000
32395,2028,-9.765625,25000000.000
32396,2020,-13.671875,25000000.000
32397,2016,-15.625000,25000000.000
32398,2013,-17.089844,25000000.000
32399,2012,-17.578125,25000000.000
32400,2011,-18.066406,25000000.000
32401,2010,-18.554688,25000000.000
32402,2010,-18.554688,25000000.000
32403,2010,-18.554688,25000000.000
32404,2013,-17.089844,25000000.000
32405,2016,-15.625000,25000000.000
32406,2020,-13.671875,25000000.000
32407,2019,-14.160156,25000000.000
32408,2029,-9.277344,25000000.000
32409,2033,-7.324219,25000000.000
32410,2038,-4.882812,25000000.000
32411,2039,-4.394531,25000000.000
32412,2050,0.976562,25000000.000
32413,2056,3.906250,25000000.000
32414,2060,5.859375,25000000.000
32415,2060,5.859375,25000000.000
32416,2070,10.742188,25000000.000
32417,2074,12.695312,25000000.000
32418,2078,14.648438,25000000.000
32419,2078,14.648438,25000000.000
32420,2081,16.113281,25000000.000
32421,2082,16.601562,25000000.000
32422,2082,16.601562,25000000.000
32423,2082,16.601562,25000000.000
32424,2079,15.136719,25000000.000
32425,2077,14.160156,25000000.000
32426,2073,12.207031,25000000.000
32427,2074,12.695312,25000000.000
32428,2065,8.300781,25000000.000
32429,2059,5.371094,25000000.000
32430,2055,3.417969,25000000.000
32431,2054,2.929688,25000000.000
32432,2045,-1.464844,25000000.000
32433,2039,-4.394531,25000000.000
32434,2034,-6.835938,25000000.000
32435,2034,-6.835938,25000000.000
32436,2024,-11.718750,25000000.000
32437,2020,-13.671875,25000000.000
32438,2017,-15.136719,25000000.000
32439,2016,-15.625000,25000000.000
32440,2012,-17.578125,25000000.000
32441,2010,-18.554688,25000000.000
32442,2009,-19.042969,25000000.000
32443,2010,-18.554688,25000000.000
32444,2012,-17.578125,25000000.000
32445,2013,-17.089844,25000000.000
32446,2016,-15.625000,25000000.000
32447,2016,-15.625000,25000000.000
32448,2024,-11.718750,25000000.000
32449,2028,-9.765625,25000000.000
32450,2034,-6.835938,25000000.000
32451,2034,-6.835938,25000000.000
32452,2045,-1.464844,25000000.000
32453,2050,0.976562,25000000.000
32454,2056,3.906250,25000000.000
32455,2056,3.906250,25000000.000
32456,2065,8.300781,25000000.000
32457,2071,11.230469,25000000.000
32458,2075,13.183594,25000000.000
32459,2074,12.695312,25000000.000
32460,2080,15.625000,25000000.000
32461,2082,16.601562,25000000.000
32462,2083,17.089844,25000000.000
32463,2082,16.601562,25000000.000
32464,2080,15.625000,25000000.000
32465,2079,15.136719,25000000.000
32466,2076,13.671875,25000000.000
32467,2075,13.183594,25000000.000
32468,2069,10.253906,25000000.000
32469,2064,7.812500,25000000.000
32470,2058,4.882812,25000000.000
32471,2058,4.882812,25000000.000
32472,2048,0.000000,25000000.000
32473,2044,-1.953125,25000000.000
32474,2037,-5.371094,25000000.000
32475,2037,-5.371094,25000000.000
32476,2027,-10.253906,25000000.000
32477,2023,-12.207031,25000000.000
32478,2018,-14.648438,25000000.000
32479,2018,-14.648438,25000000.000
32480,2012,-17.578125,25000000.000
32481,2010,-18.554688,25000000.000
32482,2009,-19.042969,25000000.000
32483,2009,-19.042969,25000000.000
32484,2008,-19.531250,25000000.000
32485,2010,-18.554688,25000000.000
32486,2012,-17.578125,25000000.000
32487,2012,-17.578125,25000000.000
32488,2019,-14.160156,25000000.000
32489,2024,-11.718750,25000000.000
32490,2028,-9.765625,25000000.000
32491,2030,-8.789062,25000000.000
32492,2040,-3.906250,25000000.000
32493,2045,-1.464844,25000000.000
32494,2052,1.953125,25000000.000
32495,2052,1.953125,25000000.000
32496,2062,6.835938,25000000.000
32497,2067,9.277344,25000000.000
32498,2072,11.718750,25000000.000
32499,2072,11.718750,25000000.000
32500,2078,14.648438,25000000.000
32501,2081,16.113281,25000000.000
32502,2081,16.113281,25000000.000
32503,2081,16.113281,25000000.000
32504,2082,16.601562,25000000.000
32505,2080,15.625000,25000000.000
32506,2079,15.136719,25000000.000
32507,2083,17.089844,25000000.000
32508,2074,12.695312,25000000.000
32509,2069,10.253906,25000000.000
32510,2064,7.812500,25000000.000
32511,2063,7.324219,25000000.000
32512,2053,2.441406,25000000.000
32513,2047,-0.488281,25000000.000
32514,2041,-3.417969,25000000.000
32515,2041,-3.417969,25000000.000
32516,2031,-8.300781,25000000.000
32517,2027,-10.253906,25000000.000
32518,2021,-13.183594,25000000.000
32519,2021,-13.183594,25000000.000
32520,2015,-16.113281,25000000.000
32521,2011,-18.066406,25000000.000
32522,2010,-18.554688,25000000.000
32523,2010,-18.554688,25000000.000
32524,2009,-19.042969,25000000.000
32525,2009,-19.042969,25000000.000
32526,2010,-18.554688,25000000.000
32527,2012,-17.578125,25000000.000
32528,2017,-15.136719,25000000.000
32529,2021,-13.183594,25000000.000
32530,2026,-10.742188,25000000.000
32531,2025,-11.230469,25000000.000
32532,2035,-6.347656,25000000.000
32533,2041,-3.417969,25000000.000
32534,2047,-0.488281,25000000.000
32535,2048,0.000000,25000000.000
32536,2058,4.882812,25000000.000
32537,2062,6.835938,25000000.000
32538,2067,9.277344,25000000.000
32539,2068,9.765625,25000000.000
32540,2076,13.671875,25000000.000
32541,2077,14.160156,25000000.000
32542,2081,16.113281,25000000.000
32543,2081,16.113281,25000000.000
32544,2082,16.601562,25000000.000
32545,2082,16.601562,25000000.000
32546,2081,16.113281,25000000.000
32547,2080,15.625000,25000000.000
32548,2075,13.183594,25000000.000
32549,2072,11.718750,25000000.000
32550,2068,9.765625,25000000.000
32551,2067,9.277344,25000000.000
32552,2059,5.371094,25000000.000
32553,2053,2.441406,25000000.000
32554,2048,0.000000,25000000.000
32555,2047,-0.488281,25000000.000
32556,2036,-5.859375,25000000.000
32557,2034,-6.835938,25000000.000
32558,2026,-10.742188,25000000.000
32559,2025,-11.230469,25000000.000
32560,2017,-15.136719,25000000.000
32561,2014,-16.601562,25000000.000
32562,2012,-17.578125,25000000.000
32563,2012,-17.578125,25000000.000
32564,2009,-19.042969,25000000.000
32565,2008,-19.531250,25000000.000
32566,2010,-18.554688,25000000.000
32567,2010,-18.554688,25000000.000
32568,2013,-17.089844,25000000.000
32569,2018,-14.648438,25000000.000
32570,2020,-13.671875,25000000.000
32571,2021,-13.183594,25000000.000
32572,2030,-8.789062,25000000.000
32573,2036,-5.859375,25000000.000
32574,2041,-3.417969,25000000.000
32575,2042,-2.929688,25000000.000
32576,2053,2.441406,25000000.000
32577,2059,5.371094,25000000.000
32578,2064,7.812500,25000000.000
32579,2065,8.300781,25000000.000
32580,2073,12.207031,25000000.000
32581,2076,13.671875,25000000.000
32582,2082,16.601562,25000000.000
32583,2080,15.625000,25000000.000
32584,2082,16.601562,25000000.000
32585,2084,17.578125,25000000.000
32586,2083,17.089844,25000000.000
32587,2082,16.601562,25000000.000
32588,2080,15.625000,25000000.000
32589,2077,14.160156,25000000.000
32590,2073,12.207031,25000000.000
32591,2072,11.718750,25000000.000
32592,2064,7.812500,25000000.000
32593,2058,4.882812,25000000.000
32594,2053,2.441406,25000000.000
32595,2052,1.953125,25000000.000
32596,2040,-3.906250,25000000.000
32597,2035,-6.347656,25000000.000
32598,2030,-8.789062,25000000.000
32599,2031,-8.300781,25000000.000
32600,2021,-13.183594,25000000.000
32601,2018,-14.648438,25000000.000
32602,2013,-17.089844,25000000.000
32603,2013,-17.089844,25000000.000
32604,2010,-18.554688,25000000.000
32605,2009,-19.042969,25000000.000
32606,2010,-18.554688,25000000.000
32607,2010,-18.554688,25000000.000
32608,2012,-17.578125,25000000.000
32609,2014,-16.601562,25000000.000
32610,2018,-14.648438,25000000.000
32611,2018,-14.648438,25000000.000
32612,2027,-10.253906,25000000.000
32613,2032,-7.812500,25000000.000
32614,2036,-5.859375,25000000.000
32615,2036,-5.859375,25000000.000
32616,2048,0.000000,25000000.000
32617,2054,2.929688,25000000.000
32618,2060,5.859375,25000000.000
32619,2060,5.859375,25000000.000
32620,2069,10.253906,25000000.000
32621,2074,12.695312,25000000.000
32622,2078,14.648438,25000000.000
32623,2078,14.648438,25000000.000
32624,2082,16.601562,25000000.000
32625,2083,17.089844,25000000.000
32626,2083,17.089844,25000000.000
32627,2083,17.089844,25000000.000
32628,2080,15.625000,25000000.000
32629,2078,14.648438,25000000.000
32630,2074,12.695312,25000000.000
32631,2075,13.183594,25000000.000
32632,2067,9.277344,25000000.000
32633,2062,6.835938,25000000.000
32634,2056,3.906250,25000000.000
32635,2056,3.906250,25000000.000
32636,2046,-0.976562,25000000.000
32637,2040,-3.906250,25000000.000
32638,2034,-6.835938,25000000.000
32639,2033,-7.324219,25000000.000
32640,2024,-11.718750,25000000.000
32641,2020,-13.671875,25000000.000
32642,2017,-15.136719,25000000.000
32643,2016,-15.625000,25000000.000
32644,2012,-17.578125,25000000.000
32645,2009,-19.042969,25000000.000
32646,2009,-19.042969,25000000.000
32647,2009,-19.042969,25000000.000
32648,2009,-19.042969,25000000.000
32649,2011,-18.066406,25000000.000
32650,2014,-16.601562,25000000.000
32651,2015,-16.113281,25000000.000
32652,2023,-12.207031,25000000.000
32653,2027,-10.253906,25000000.000
32654,2031,-8.300781,25000000.000
32655,2033,-7.324219,25000000.000
32656,2043,-2.441406,25000000.000
32657,2048,0.000000,25000000.000
32658,2055,3.417969,25000000.000
32659,2054,2.929688,25000000.000
32660,2065,8.300781,25000000.000
32661,2069,10.253906,25000000.000
32662,2073,12.207031,25000000.000
32663,2075,13.183594,25000000.000
32664,2078,14.648438,25000000.000
32665,2081,16.113281,25000000.000
32666,2082,16.601562,25000000.000
32667,2082,16.601562,25000000.000
32668,2081,16.113281,25000000.000
32669,2080,15.625000,25000000.000
32670,2077,14.160156,25000000.000
32671,2076,13.671875,25000000.000
32672,2069,10.253906,25000000.000
32673,2066,8.789062,25000000.000
32674,2061,6.347656,25000000.000
32675,2060,5.859375,25000000.000
32676,2050,0.976562,25000000.000
32677,2044,-1.953125,25000000.000
32678,2039,-4.394531,25000000.000
32679,2038,-4.882812,25000000.000
32680,2028,-9.765625,25000000.000
32681,2023,-12.207031,25000000.000
32682,2019,-14.160156,25000000.000
32683,2019,-14.160156,25000000.000
32684,2014,-16.601562,25000000.000
32685,2010,-18.554688,25000000.000
32686,2009,-19.042969,25000000.000
32687,2009,-19.042969,25000000.000
32688,2008,-19.531250,25000000.000
32689,2010,-18.554688,25000000.000
32690,2011,-18.066406,25000000.000
32691,2013,-17.089844,25000000.000
32692,2019,-14.160156,25000000.000
32693,2023,-12.207031,25000000.000
32694,2029,-9.277344,25000000.000
32695,2028,-9.765625,25000000.000
32696,2038,-4.882812,25000000.000
32697,2044,-1.953125,25000000.000
32698,2050,0.976562,25000000.000
32699,2050,0.976562,25000000.000
32700,2060,5.859375,25000000.000
32701,2066,8.789062,25000000.000
32702,2070,10.742188,25000000.000
32703,2071,11.230469,25000000.000
32704,2077,14.160156,25000000.000
32705,2079,15.136719,25000000.000
32706,2081,16.113281,25000000.000
32707,2081,16.113281,25000000.000
32708,2083,17.089844,25000000.000
32709,2081,16.113281,25000000.000
32710,2080,15.625000,25000000.000
32711,2080,15.625000,25000000.000
32712,2073,12.207031,25000000.000
32713,2070,10.742188,25000000.000
32714,2065,8.300781,25000000.000
32715,2065,8.300781,25000000.000
32716,2055,3.417969,25000000.000
32717,2049,0.488281,25000000.000
32718,2043,-2.441406,25000000.000
32719,2043,-2.441406,25000000.000
32720,2033,-7.324219,25000000.000
32721,2028,-9.765625,25000000.000
32722,2024,-11.718750,25000000.000
32723,2022,-12.695312,25000000.000
32724,2014,-16.601562,25000000.000
32725,2012,-17.578125,25000000.000
32726,2010,-18.554688,25000000.000
32727,2010,-18.554688,25000000.000
32728,2008,-19.531250,25000000.000
32729,2009,-19.042969,25000000.000
32730,2011,-18.066406,25000000.000
32731,2010,-18.554688,25000000.000
32732,2015,-16.113281,25000000.000
32733,2020,-13.671875,25000000.000
32734,2024,-11.718750,25000000.000
32735,2025,-11.230469,25000000.000
32736,2035,-6.347656,25000000.000
32737,2040,-3.906250,25000000.000
32738,2045,-1.464844,25000000.000
32739,2046,-0.976562,25000000.000
32740,2057,4.394531,25000000.000
32741,2062,6.835938,25000000.000
32742,2067,9.277344,25000000.000
32743,2067,9.277344,25000000.000
32744,2075,13.183594,25000000.000
32745,2079,15.136719,25000000.000
32746,2081,16.113281,25000000.000
32747,2081,16.113281,25000000.000
32748,2084,17.578125,25000000.000
32749,2082,16.601562,25000000.000
32750,2081,16.113281,25000000.000
32751,2081,16.113281,25000000.000
32752,2077,14.160156,25000000.000
32753,2073,12.207031,25000000.000
32754,2069,10.253906,25000000.000
32755,2069,10.253906,25000000.000
32756,2059,5.371094,25000000.000
32757,2054,2.929688,25000000.000
32758,2049,0.488281,25000000.000
32759,2048,0.000000,25000000.000
32760,2038,-4.882812,25000000.000
32761,2032,-7.812500,25000000.000
32762,2028,-9.765625,25000000.000
32763,2027,-10.253906,25000000.000
32764,2019,-14.160156,25000000.000
32765,2016,-15.625000,25000000.000
32766,2011,-18.066406,25000000.000
32767,2012,-17.578125,25000000.000
32768,2009,-19.042969,25000000.000
32769,2008,-19.531250,25000000.000
32770,2010,-18.554688,25000000.000
32771,2010,-18.554688,25000000.000
32772,2014,-16.601562,25000000.000
32773,2017,-15.136719,25000000.000
32774,2020,-13.671875,25000000.000
32775,2021,-13.183594,25000000.000
32776,2030,-8.789062,25000000.000
32777,2035,-6.347656,25000000.000
32778,2041,-3.417969,25000000.000
32779,2042,-2.929688,25000000.000
32780,2052,1.953125,25000000.000
32781,2058,4.882812,25000000.000
32782,2063,7.324219,25000000.000
32783,2063,7.324219,25000000.000
32784,2072,11.718750,25000000.000
32785,2075,13.183594,25000000.000
32786,2079,15.136719,25000000.000
32787,2079,15.136719,25000000.000
32788,2083,17.089844,25000000.000
32789,2083,17.089844,25000000.000
32790,2083,17.089844,25000000.000
32791,2083,17.089844,25000000.000
32792,2079,15.136719,25000000.000
32793,2076,13.671875,25000000.000
32794,2073,12.207031,25000000.000
32795,2072,11.718750,25000000.000
32796,2062,6.835938,25000000.000
32797,2059,5.371094,25000000.000
32798,2053,2.441406,25000000.000
32799,2052,1.953125,25000000.000
32800,2042,-2.929688,25000000.000
32801,2036,-5.859375,25000000.000
32802,2032,-7.812500,25000000.000
32803,2031,-8.300781,25000000.000
32804,2022,-12.695312,25000000.000
32805,2018,-14.648438,25000000.000
32806,2014,-16.601562,25000000.000
32807,2014,-16.601562,25000000.000
32808,2010,-18.554688,25000000.000
32809,2010,-18.554688,25000000.000
32810,2010,-18.554688,25000000.000
32811,2010,-18.554688,25000000.000
32812,2013,-17.089844,25000000.000
32813,2015,-16.113281,25000000.000
32814,2016,-15.625000,25000000.000
32815,2019,-14.160156,25000000.000
32816,2026,-10.742188,25000000.000
32817,2031,-8.300781,25000000.000
32818,2036,-5.859375,25000000.000
32819,2036,-5.859375,25000000.000
32820,2047,-0.488281,25000000.000
32821,2052,1.953125,25000000.000
32822,2058,4.882812,25000000.000
32823,2059,5.371094,25000000.000
32824,2068,9.765625,25000000.000
32825,2073,12.207031,25000000.000
32826,2076,13.671875,25000000.000
32827,2076,13.671875,25000000.000
32828,2081,16.113281,25000000.000
32829,2082,16.601562,25000000.000
32830,2082,16.601562,25000000.000
32831,2082,16.601562,25000000.000
32832,2081,16.113281,25000000.000
32833,2080,15.625000,25000000.000
32834,2075,13.183594,25000000.000
32835,2075,13.183594,25000000.000
32836,2067,9.277344,25000000.000
32837,2064,7.812500,25000000.000
32838,2057,4.394531,25000000.000
32839,2057,4.394531,25000000.000
32840,2047,-0.488281,25000000.000
32841,2041,-3.417969,25000000.000
32842,2036,-5.859375,25000000.000
32843,2037,-5.371094,25000000.000
32844,2027,-10.253906,25000000.000
32845,2021,-13.183594,25000000.000
32846,2019,-14.160156,25000000.000
32847,2017,-15.136719,25000000.000
32848,2011,-18.066406,25000000.000
32849,2009,-19.042969,25000000.000
32850,2010,-18.554688,25000000.000
32851,2008,-19.531250,25000000.000
32852,2010,-18.554688,25000000.000
32853,2010,-18.554688,25000000.000
32854,2011,-18.066406,25000000.000
32855,2015,-16.113281,25000000.000
32856,2024,-11.718750,25000000.000
32857,2026,-10.742188,25000000.000
32858,2030,-8.789062,25000000.000
32859,2032,-7.812500,25000000.000
32860,2042,-2.929688,25000000.000
32861,2047,-0.488281,25000000.000
32862,2053,2.441406,25000000.000
32863,2053,2.441406,25000000.000
32864,2063,7.324219,25000000.000
32865,2068,9.765625,25000000.000
32866,2073,12.207031,25000000.000
32867,2074,12.695312,25000000.000
32868,2079,15.136719,25000000.000
32869,2081,16.113281,25000000.000
32870,2082,16.601562,25000000.000
32871,2082,16.601562,25000000.000
32872,2081,16.113281,25000000.000
32873,2080,15.625000,25000000.000
32874,2077,14.160156,25000000.000
32875,2077,14.160156,25000000.000
32876,2071,11.230469,25000000.000
32877,2068,9.765625,25000000.000
32878,2062,6.835938,25000000.000
32879,2061,6.347656,25000000.000
32880,2050,0.976562,25000000.000
32881,2046,-0.976562,25000000.000
32882,2040,-3.906250,25000000.000
32883,2040,-3.906250,25000000.000
32884,2030,-8.789062,25000000.000
32885,2024,-11.718750,25000000.000
32886,2020,-13.671875,25000000.000
32887,2020,-13.671875,25000000.000
32888,2013,-17.089844,25000000.000
32889,2009,-19.042969,25000000.000
32890,2010,-18.554688,25000000.000
32891,2007,-20.019531,25000000.000
32892,2009,-19.042969,25000000.000
32893,2010,-18.554688,25000000.000
32894,2012,-17.578125,25000000.000
32895,2013,-17.089844,25000000.000
32896,2018,-14.648438,25000000.000
32897,2022,-12.695312,25000000.000
32898,2027,-10.253906,25000000.000
32899,2027,-10.253906,25000000.000
32900,2038,-4.882812,25000000.000
32901,2042,-2.929688,25000000.000
32902,2048,0.000000,25000000.000
32903,2049,0.488281,25000000.000
32904,2059,5.371094,25000000.000
32905,2063,7.324219,25000000.000
32906,2069,10.253906,25000000.000
32907,2072,11.718750,25000000.000
32908,2077,14.160156,25000000.000
32909,2078,14.648438,25000000.000
32910,2082,16.601562,25000000.000
32911,2081,16.113281,25000000.000
32912,2082,16.601562,25000000.000
32913,2081,16.113281,25000000.000
32914,2080,15.625000,25000000.000
32915,2079,15.136719,25000000.000
32916,2074,12.695312,25000000.000
32917,2070,10.742188,25000000.000
32918,2066,8.789062,25000000.000
32919,2066,8.789062,25000000.000
32920,2056,3.906250,25000000.000
32921,2051,1.464844,25000000.000
32922,2045,-1.464844,25000000.000
32923,2044,-1.953125,25000000.000
32924,2035,-6.347656,25000000.000
32925,2029,-9.277344,25000000.000
32926,2025,-11.230469,25000000.000
32927,2024,-11.718750,25000000.000
32928,2017,-15.136719,25000000.000
32929,2013,-17.089844,25000000.000
32930,2011,-18.066406,25000000.000
32931,2011,-18.066406,25000000.000
32932,2009,-19.042969,25000000.000
32933,2010,-18.554688,25000000.000
32934,2011,-18.066406,25000000.000
32935,2010,-18.554688,25000000.000
32936,2015,-16.113281,25000000.000
32937,2020,-13.671875,25000000.000
32938,2023,-12.207031,25000000.000
32939,2023,-12.207031,25000000.000
32940,2032,-7.812500,25000000.000
32941,2038,-4.882812,25000000.000
32942,2044,-1.953125,25000000.000
32943,2045,-1.464844,25000000.000
32944,2056,3.906250,25000000.000
32945,2061,6.347656,25000000.000
32946,2066,8.789062,25000000.000
32947,2067,9.277344,25000000.000
32948,2074,12.695312,25000000.000
32949,2077,14.160156,25000000.000
32950,2080,15.625000,25000000.000
32951,2080,15.625000,25000000.000
32952,2084,17.578125,25000000.000
32953,2083,17.089844,25000000.000
32954,2082,16.601562,25000000.000
32955,2082,16.601562,25000000.000
32956,2078,14.648438,25000000.000
32957,2075,13.183594,25000000.000
32958,2071,11.230469,25000000.000
32959,2070,10.742188,25000000.000
32960,2061,6.347656,25000000.000
32961,2056,3.906250,25000000.000
32962,2050,0.976562,25000000.000
32963,2050,0.976562,25000000.000
32964,2040,-3.906250,25000000.000
32965,2034,-6.835938,25000000.000
32966,2029,-9.277344,25000000.000
32967,2028,-9.765625,25000000.000
32968,2020,-13.671875,25000000.000
32969,2016,-15.625000,25000000.000
32970,2013,-17.089844,25000000.000
32971,2013,-17.089844,25000000.000
32972,2010,-18.554688,25000000.000
32973,2009,-19.042969,25000000.000
32974,2009,-19.042969,25000000.000
32975,2009,-19.042969,25000000.000
32976,2013,-17.089844,25000000.000
32977,2015,-16.113281,25000000.000
32978,2019,-14.160156,25000000.000
32979,2019,-14.160156,25000000.000
32980,2028,-9.765625,25000000.000
32981,2033,-7.324219,25000000.000
32982,2039,-4.394531,25000000.000
32983,2039,-4.394531,25000000.000
32984,2050,0.976562,25000000.000
32985,2056,3.906250,25000000.000
32986,2060,5.859375,25000000.000
32987,2061,6.347656,25000000.000
32988,2071,11.230469,25000000.000
32989,2075,13.183594,25000000.000
32990,2079,15.136719,25000000.000
32991,2079,15.136719,25000000.000
32992,2082,16.601562,25000000.000
32993,2083,17.089844,25000000.000
32994,2083,17.089844,25000000.000
32995,2083,17.089844,25000000.000
32996,2080,15.625000,25000000.000
32997,2078,14.648438,25000000.000
32998,2074,12.695312,25000000.000
32999,2073,12.207031,25000000.000
33000,2065,8.300781,25000000.000
33001,2062,6.835938,25000000.000
33002,2056,3.906250,25000000.000
33003,2056,3.906250,25000000.000
33004,2043,-2.441406,25000000.000
33005,2038,-4.882812,25000000.000
33006,2033,-7.324219,25000000.000
33007,2032,-7.812500,25000000.000
33008,2023,-12.207031,25000000.000
33009,2019,-14.160156,25000000.000
33010,2016,-15.625000,25000000.000
33011,2015,-16.113281,25000000.000
33012,2011,-18.066406,25000000.000
33013,2009,-19.042969,25000000.000
33014,2008,-19.531250,25000000.000
33015,2010,-18.554688,25000000.000
33016,2011,-18.066406,25000000.000
33017,2014,-16.601562,25000000.000
33018,2016,-15.625000,25000000.000
33019,2017,-15.136719,25000000.000
33020,2025,-11.230469,25000000.000
33021,2030,-8.789062,25000000.000
33022,2036,-5.859375,25000000.000
33023,2037,-5.371094,25000000.000
33024,2045,-1.464844,25000000.000
33025,2052,1.953125,25000000.000
33026,2056,3.906250,25000000.000
33027,2058,4.882812,25000000.000
33028,2068,9.765625,25000000.000
33029,2072,11.718750,25000000.000
33030,2075,13.183594,25000000.000
33031,2076,13.671875,25000000.000
33032,2081,16.113281,25000000.000
33033,2082,16.601562,25000000.000
33034,2082,16.601562,25000000.000
33035,2082,16.601562,25000000.000
33036,2081,16.113281,25000000.000
33037,2079,15.136719,25000000.000
33038,2075,13.183594,25000000.000
33039,2075,13.183594,25000000.000
33040,2068,9.765625,25000000.000
33041,2063,7.324219,25000000.000
33042,2060,5.859375,25000000.000
33043,2059,5.371094,25000000.000
33044,2048,0.000000,25000000.000
33045,2041,-3.417969,25000000.000
33046,2035,-6.347656,25000000.000
33047,2036,-5.859375,25000000.000
33048,2028,-9.765625,25000000.000
33049,2021,-13.183594,25000000.000
33050,2017,-15.136719,25000000.000
33051,2018,-14.648438,25000000.000
33052,2012,-17.578125,25000000.000
33053,2009,-19.042969,25000000.000
33054,2009,-19.042969,25000000.000
33055,2009,-19.042969,25000000.000
33056,2010,-18.554688,25000000.000
33057,2011,-18.066406,25000000.000
33058,2014,-16.601562,25000000.000
33059,2014,-16.601562,25000000.000
33060,2020,-13.671875,25000000.000
33061,2024,-11.718750,25000000.000
33062,2029,-9.277344,25000000.000
33063,2029,-9.277344,25000000.000
33064,2041,-3.417969,25000000.000
33065,2046,-0.976562,25000000.000
33066,2052,1.953125,25000000.000
33067,2051,1.464844,25000000.000
33068,2061,6.347656,25000000.000
33069,2066,8.789062,25000000.000
33070,2071,11.230469,25000000.000
33071,2072,11.718750,25000000.000
33072,2078,14.648438,25000000.000
33073,2080,15.625000,25000000.000
33074,2081,16.113281,25000000.000
33075,2082,16.601562,25000000.000
33076,2081,16.113281,25000000.000
33077,2080,15.625000,25000000.000
33078,2078,14.648438,25000000.000
33079,2078,14.648438,25000000.000
33080,2071,11.230469,25000000.000
33081,2067,9.277344,25000000.000
33082,2063,7.324219,25000000.000
33083,2062,6.835938,25000000.000
33084,2052,1.953125,25000000.000
33085,2047,-0.488281,25000000.000
33086,2042,-2.929688,25000000.000
33087,2041,-3.417969,25000000.000
33088,2031,-8.300781,25000000.000
33089,2026,-10.742188,25000000.000
33090,2022,-12.695312,25000000.000
33091,2021,-13.183594,25000000.000
33092,2014,-16.601562,25000000.000
33093,2011,-18.066406,25000000.000
33094,2010,-18.554688,25000000.000
33095,2010,-18.554688,25000000.000
33096,2009,-19.042969,25000000.000
33097,2010,-18.554688,25000000.000
33098,2010,-18.554688,25000000.000
33099,2011,-18.066406,25000000.000
33100,2017,-15.136719,25000000.000
33101,2020,-13.671875,25000000.000
33102,2026,-10.742188,25000000.000
33103,2025,-11.230469,25000000.000
33104,2036,-5.859375,25000000.000
33105,2041,-3.417969,25000000.000
33106,2046,-0.976562,25000000.000
33107,2048,0.000000,25000000.000
33108,2059,5.371094,25000000.000
33109,2064,7.812500,25000000.000
33110,2068,9.765625,25000000.000
33111,2068,9.765625,25000000.000
33112,2077,14.160156,25000000.000
33113,2079,15.136719,25000000.000
33114,2081,16.113281,25000000.000
33115,2081,16.113281,25000000.000
33116,2082,16.601562,25000000.000
33117,2082,16.601562,25000000.000
33118,2081,16.113281,25000000.000
33119,2081,16.113281,25000000.000
33120,2075,13.183594,25000000.000
33121,2072,11.718750,25000000.000
33122,2067,9.277344,25000000.000
33123,2067,9.277344,25000000.000
33124,2056,3.906250,25000000.000
33125,2052,1.953125,25000000.000
33126,2046,-0.976562,25000000.000
33127,2046,-0.976562,25000000.000
33128,2035,-6.347656,25000000.000
33129,2030,-8.789062,25000000.000
33130,2025,-11.230469,25000000.000
33131,2025,-11.230469,25000000.000
33132,2019,-14.160156,25000000.000
33133,2004,-21.484375,25000000.000
33134,2008,-19.531250,25000000.000
33135,2013,-17.089844,25000000.000
33136,2010,-18.554688,25000000.000
33137,2011,-18.066406,25000000.000
33138,2007,-20.019531,25000000.000
33139,2008,-19.531250,25000000.000
33140,2015,-16.113281,25000000.000
33141,2016,-15.625000,25000000.000
33142,2022,-12.695312,25000000.000
33143,2022,-12.695312,25000000.000
33144,2030,-8.789062,25000000.000
33145,2037,-5.371094,25000000.000
33146,2041,-3.417969,25000000.000
33147,2042,-2.929688,25000000.000
33148,2054,2.929688,25000000.000
33149,2061,6.347656,25000000.000
33150,2066,8.789062,25000000.000
33151,2066,8.789062,25000000.000
33152,2075,13.183594,25000000.000
33153,2078,14.648438,25000000.000
33154,2081,16.113281,25000000.000
33155,2082,16.601562,25000000.000
33156,2084,17.578125,25000000.000
33157,2085,18.066406,25000000.000
33158,2083,17.089844,25000000.000
33159,2082,16.601562,25000000.000
33160,2078,14.648438,25000000.000
33161,2076,13.671875,25000000.000
33162,2071,11.230469,25000000.000
33163,2071,11.230469,25000000.000
33164,2062,6.835938,25000000.000
33165,2057,4.394531,25000000.000
33166,2051,1.464844,25000000.000
33167,2050,0.976562,25000000.000
33168,2039,-4.394531,25000000.000
33169,2035,-6.347656,25000000.000
33170,2029,-9.277344,25000000.000
33171,2028,-9.765625,25000000.000
33172,2021,-13.183594,25000000.000
33173,2016,-15.625000,25000000.000
33174,2013,-17.089844,25000000.000
33175,2014,-16.601562,25000000.000
33176,2010,-18.554688,25000000.000
33177,2010,-18.554688,25000000.000
33178,2009,-19.042969,25000000.000
33179,2010,-18.554688,25000000.000
33180,2013,-17.089844,25000000.000
33181,2016,-15.625000,25000000.000
33182,2018,-14.648438,25000000.000
33183,2020,-13.671875,25000000.000
33184,2029,-9.277344,25000000.000
33185,2032,-7.812500,25000000.000
33186,2038,-4.882812,25000000.000
33187,2038,-4.882812,25000000.000
33188,2049,0.488281,25000000.000
33189,2055,3.417969,25000000.000
33190,2061,6.347656,25000000.000
33191,2060,5.859375,25000000.000
33192,2070,10.742188,25000000.000
33193,2074,12.695312,25000000.000
33194,2077,14.160156,25000000.000
33195,2077,14.160156,25000000.000
33196,2082,16.601562,25000000.000
33197,2083,17.089844,25000000.000
33198,2083,17.089844,25000000.000
33199,2083,17.089844,25000000.000
33200,2080,15.625000,25000000.000
33201,2078,14.648438,25000000.000
33202,2075,13.183594,25000000.000
33203,2075,13.183594,25000000.000
33204,2066,8.789062,25000000.000
33205,2058,4.882812,25000000.000
33206,2056,3.906250,25000000.000
33207,2054,2.929688,25000000.000
33208,2045,-1.464844,25000000.000
33209,2039,-4.394531,25000000.000
33210,2035,-6.347656,25000000.000
33211,2034,-6.835938,25000000.000
33212,2024,-11.718750,25000000.000
33213,2021,-13.183594,25000000.000
33214,2017,-15.136719,25000000.000
33215,2016,-15.625000,25000000.000
33216,2012,-17.578125,25000000.000
33217,2009,-19.042969,25000000.000
33218,2009,-19.042969,25000000.000
33219,2008,-19.531250,25000000.000
33220,2012,-17.578125,25000000.000
33221,2012,-17.578125,25000000.000
33222,2015,-16.113281,25000000.000
33223,2015,-16.113281,25000000.000
33224,2024,-11.718750,25000000.000
33225,2028,-9.765625,25000000.000
33226,2034,-6.835938,25000000.000
33227,2034,-6.835938,25000000.000
33228,2044,-1.953125,25000000.000
33229,2051,1.464844,25000000.000
33230,2056,3.906250,25000000.000
33231,2057,4.394531,25000000.000
33232,2067,9.277344,25000000.000
33233,2070,10.742188,25000000.000
33234,2074,12.695312,25000000.000
33235,2075,13.183594,25000000.000
33236,2080,15.625000,25000000.000
33237,2082,16.601562,25000000.000
33238,2082,16.601562,25000000.000
33239,2083,17.089844,25000000.000
33240,2082,16.601562,25000000.000
33241,2080,15.625000,25000000.000
33242,2077,14.160156,25000000.000
33243,2077,14.160156,25000000.000
33244,2070,10.742188,25000000.000
33245,2065,8.300781,25000000.000
33246,2060,5.859375,25000000.000
33247,2059,5.371094,25000000.000
33248,2050,0.976562,25000000.000
33249,2044,-1.953125,25000000.000
33250,2038,-4.882812,25000000.000
33251,2038,-4.882812,25000000.000
33252,2028,-9.765625,25000000.000
33253,2024,-11.718750,25000000.000
33254,2018,-14.648438,25000000.000
33255,2017,-15.136719,25000000.000
33256,2014,-16.601562,25000000.000
33257,2011,-18.066406,25000000.000
33258,2008,-19.531250,25000000.000
33259,2009,-19.042969,25000000.000
33260,2009,-19.042969,25000000.000
33261,2010,-18.554688,25000000.000
33262,2013,-17.089844,25000000.000
33263,2012,-17.578125,25000000.000
33264,2019,-14.160156,25000000.000
33265,2024,-11.718750,25000000.000
33266,2028,-9.765625,25000000.000
33267,2028,-9.765625,25000000.000
33268,2038,-4.882812,25000000.000
33269,2045,-1.464844,25000000.000
33270,2050,0.976562,25000000.000
33271,2051,1.464844,25000000.000
33272,2061,6.347656,25000000.000
33273,2066,8.789062,25000000.000
33274,2070,10.742188,25000000.000
33275,2070,10.742188,25000000.000
33276,2078,14.648438,25000000.000
33277,2080,15.625000,25000000.000
33278,2081,16.113281,25000000.000
33279,2082,16.601562,25000000.000
33280,2081,16.113281,25000000.000
33281,2080,15.625000,25000000.000
33282,2079,15.136719,25000000.000
33283,2079,15.136719,25000000.000
33284,2073,12.207031,25000000.000
33285,2068,9.765625,25000000.000
33286,2064,7.812500,25000000.000
33287,2064,7.812500,25000000.000
33288,2054,2.929688,25000000.000
33289,2049,0.488281,25000000.000
33290,2043,-2.441406,25000000.000
33291,2042,-2.929688,25000000.000
33292,2032,-7.812500,25000000.000
33293,2027,-10.253906,25000000.000
33294,2021,-13.183594,25000000.000
33295,2022,-12.695312,25000000.000
33296,2014,-16.601562,25000000.000
33297,2013,-17.089844,25000000.000
33298,2010,-18.554688,25000000.000
33299,2011,-18.066406,25000000.000
33300,2008,-19.531250,25000000.000
33301,2009,-19.042969,25000000.000
33302,2010,-18.554688,25000000.000
33303,2010,-18.554688,25000000.000
33304,2016,-15.625000,25000000.000
33305,2019,-14.160156,25000000.000
33306,2024,-11.718750,25000000.000
33307,2025,-11.230469,25000000.000
33308,2034,-6.835938,25000000.000
33309,2039,-4.394531,25000000.000
33310,2045,-1.464844,25000000.000
33311,2045,-1.464844,25000000.000
33312,2057,4.394531,25000000.000
33313,2062,6.835938,25000000.000
33314,2068,9.765625,25000000.000
33315,2067,9.277344,25000000.000
33316,2074,12.695312,25000000.000
33317,2079,15.136719,25000000.000
33318,2080,15.625000,25000000.000
33319,2080,15.625000,25000000.000
33320,2084,17.578125,25000000.000
33321,2082,16.601562,25000000.000
33322,2081,16.113281,25000000.000
33323,2081,16.113281,25000000.000
33324,2077,14.160156,25000000.000
33325,2072,11.718750,25000000.000
33326,2068,9.765625,25000000.000
33327,2067,9.277344,25000000.000
33328,2059,5.371094,25000000.000
33329,2054,2.929688,25000000.000
33330,2047,-0.488281,25000000.000
33331,2048,0.000000,25000000.000
33332,2037,-5.371094,25000000.000
33333,2031,-8.300781,25000000.000
33334,2027,-10.253906,25000000.000
33335,2025,-11.230469,25000000.000
33336,2018,-14.648438,25000000.000
33337,2015,-16.113281,25000000.000
33338,2013,-17.089844,25000000.000
33339,2013,-17.089844,25000000.000
33340,2009,-19.042969,25000000.000
33341,2009,-19.042969,25000000.000
33342,2010,-18.554688,25000000.000
33343,2011,-18.066406,25000000.000
33344,2014,-16.601562,25000000.000
33345,2017,-15.136719,25000000.000
33346,2022,-12.695312,25000000.000
33347,2022,-12.695312,25000000.000
33348,2031,-8.300781,25000000.000
33349,2037,-5.371094,25000000.000
33350,2042,-2.929688,25000000.000
33351,2043,-2.441406,25000000.000
33352,2052,1.953125,25000000.000
33353,2058,4.882812,25000000.000
33354,2064,7.812500,25000000.000
33355,2064,7.812500,25000000.000
33356,2072,11.718750,25000000.000
33357,2075,13.183594,25000000.000
33358,2079,15.136719,25000000.000
33359,2079,15.136719,25000000.000
33360,2082,16.601562,25000000.000
33361,2083,17.089844,25000000.000
33362,2082,16.601562,25000000.000
33363,2082,16.601562,25000000.000
33364,2079,15.136719,25000000.000
33365,2075,13.183594,25000000.000
33366,2071,11.230469,25000000.000
33367,2071,11.230469,25000000.000
33368,2063,7.324219,25000000.000
33369,2058,4.882812,25000000.000
33370,2052,1.953125,25000000.000
33371,2051,1.464844,25000000.000
33372,2041,-3.417969,25000000.000
33373,2035,-6.347656,25000000.000
33374,2031,-8.300781,25000000.000
33375,2030,-8.789062,25000000.000
33376,2021,-13.183594,25000000.000
33377,2018,-14.648438,25000000.000
33378,2014,-16.601562,25000000.000
33379,2014,-16.601562,25000000.000
33380,2011,-18.066406,25000000.000
33381,2011,-18.066406,25000000.000
33382,2011,-18.066406,25000000.000
33383,2010,-18.554688,25000000.000
33384,2012,-17.578125,25000000.000
33385,2015,-16.113281,25000000.000
33386,2018,-14.648438,25000000.000
33387,2019,-14.160156,25000000.000
33388,2027,-10.253906,25000000.000
33389,2033,-7.324219,25000000.000
33390,2037,-5.371094,25000000.000
33391,2038,-4.882812,25000000.000
33392,2049,0.488281,25000000.000
33393,2054,2.929688,25000000.000
33394,2059,5.371094,25000000.000
33395,2059,5.371094,25000000.000
33396,2069,10.253906,25000000.000
33397,2073,12.207031,25000000.000
33398,2076,13.671875,25000000.000
33399,2077,14.160156,25000000.000
33400,2082,16.601562,25000000.000
33401,2083,17.089844,25000000.000
33402,2083,17.089844,25000000.000
33403,2083,17.089844,25000000.000
33404,2081,16.113281,25000000.000
33405,2078,14.648438,25000000.000
33406,2075,13.183594,25000000.000
33407,2075,13.183594,25000000.000
33408,2068,9.765625,25000000.000
33409,2063,7.324219,25000000.000
33410,2057,4.394531,25000000.000
33411,2057,4.394531,25000000.000
33412,2046,-0.976562,25000000.000
33413,2041,-3.417969,25000000.000
33414,2036,-5.859375,25000000.000
33415,2035,-6.347656,25000000.000
33416,2025,-11.230469,25000000.000
33417,2021,-13.183594,25000000.000
33418,2017,-15.136719,25000000.000
33419,2016,-15.625000,25000000.000
33420,2012,-17.578125,25000000.000
33421,2010,-18.554688,25000000.000
33422,2009,-19.042969,25000000.000
33423,2009,-19.042969,25000000.000
33424,2010,-18.554688,25000000.000
33425,2011,-18.066406,25000000.000
33426,2014,-16.601562,25000000.000
33427,2014,-16.601562,25000000.000
33428,2023,-12.207031,25000000.000
33429,2027,-10.253906,25000000.000
33430,2032,-7.812500,25000000.000
33431,2032,-7.812500,25000000.000
33432,2044,-1.953125,25000000.000
33433,2047,-0.488281,25000000.000
33434,2054,2.929688,25000000.000
33435,2055,3.417969,25000000.000
33436,2065,8.300781,25000000.000
33437,2070,10.742188,25000000.000
33438,2074,12.695312,25000000.000
33439,2074,12.695312,25000000.000
33440,2080,15.625000,25000000.000
33441,2081,16.113281,25000000.000
33442,2083,17.089844,25000000.000
33443,2082,16.601562,25000000.000
33444,2081,16.113281,25000000.000
33445,2079,15.136719,25000000.000
33446,2077,14.160156,25000000.000
33447,2077,14.160156,25000000.000
33448,2071,11.230469,25000000.000
33449,2066,8.789062,25000000.000
33450,2061,6.347656,25000000.000
33451,2061,6.347656,25000000.000
33452,2050,0.976562,25000000.000
33453,2045,-1.464844,25000000.000
33454,2039,-4.394531,25000000.000
33455,2039,-4.394531,25000000.000
33456,2028,-9.765625,25000000.000
33457,2024,-11.718750,25000000.000
33458,2020,-13.671875,25000000.000
33459,2019,-14.160156,25000000.000
33460,2012,-17.578125,25000000.000
33461,2010,-18.554688,25000000.000
33462,2009,-19.042969,25000000.000
33463,2009,-19.042969,25000000.000
33464,2009,-19.042969,25000000.000
33465,2009,-19.042969,25000000.000
33466,2012,-17.578125,25000000.000
33467,2012,-17.578125,25000000.000
33468,2018,-14.648438,25000000.000
33469,2021,-13.183594,25000000.000
33470,2028,-9.765625,25000000.000
33471,2028,-9.765625,25000000.000
33472,2037,-5.371094,25000000.000
33473,2044,-1.953125,25000000.000
33474,2048,0.000000,25000000.000
33475,2049,0.488281,25000000.000
33476,2060,5.859375,25000000.000
33477,2064,7.812500,25000000.000
33478,2070,10.742188,25000000.000
33479,2070,10.742188,25000000.000
33480,2076,13.671875,25000000.000
33481,2081,16.113281,25000000.000
33482,2082,16.601562,25000000.000
33483,2081,16.113281,25000000.000
33484,2082,16.601562,25000000.000
33485,2082,16.601562,25000000.000
33486,2079,15.136719,25000000.000
33487,2079,15.136719,25000000.000
33488,2074,12.695312,25000000.000
33489,2069,10.253906,25000000.000
33490,2065,8.300781,25000000.000
33491,2065,8.300781,25000000.000
33492,2056,3.906250,25000000.000
33493,2049,0.488281,25000000.000
33494,2043,-2.441406,25000000.000
33495,2043,-2.441406,25000000.000
33496,2034,-6.835938,25000000.000
33497,2029,-9.277344,25000000.000
33498,2023,-12.207031,25000000.000
33499,2024,-11.718750,25000000.000
33500,2015,-16.113281,25000000.000
33501,2012,-17.578125,25000000.000
33502,2010,-18.554688,25000000.000
33503,2010,-18.554688,25000000.000
33504,2008,-19.531250,25000000.000
33505,2009,-19.042969,25000000.000
33506,2010,-18.554688,25000000.000
33507,2010,-18.554688,25000000.000
33508,2015,-16.113281,25000000.000
33509,2019,-14.160156,25000000.000
33510,2023,-12.207031,25000000.000
33511,2024,-11.718750,25000000.000
33512,2033,-7.324219,25000000.000
33513,2038,-4.882812,25000000.000
33514,2045,-1.464844,25000000.000
33515,2045,-1.464844,25000000.000
33516,2056,3.906250,25000000.000
33517,2061,6.347656,25000000.000
33518,2066,8.789062,25000000.000
33519,2066,8.789062,25000000.000
33520,2073,12.207031,25000000.000
33521,2077,14.160156,25000000.000
33522,2080,15.625000,25000000.000
33523,2081,16.113281,25000000.000
33524,2082,16.601562,25000000.000
33525,2083,17.089844,25000000.000
33526,2082,16.601562,25000000.000
33527,2082,16.601562,25000000.000
33528,2078,14.648438,25000000.000
33529,2074,12.695312,25000000.000
33530,2070,10.742188,25000000.000
33531,2070,10.742188,25000000.000
33532,2061,6.347656,25000000.000
33533,2055,3.417969,25000000.000
33534,2050,0.976562,25000000.000
33535,2049,0.488281,25000000.000
33536,2039,-4.394531,25000000.000
33537,2034,-6.835938,25000000.000
33538,2029,-9.277344,25000000.000
33539,2027,-10.253906,25000000.000
33540,2020,-13.671875,25000000.000
33541,2015,-16.113281,25000000.000
33542,2013,-17.089844,25000000.000
33543,2012,-17.578125,25000000.000
33544,2010,-18.554688,25000000.000
33545,2009,-19.042969,25000000.000
33546,2009,-19.042969,25000000.000
33547,2009,-19.042969,25000000.000
33548,2014,-16.601562,25000000.000
33549,2015,-16.113281,25000000.000
33550,2019,-14.160156,25000000.000
33551,2020,-13.671875,25000000.000
33552,2029,-9.277344,25000000.000
33553,2037,-5.371094,25000000.000
33554,2039,-4.394531,25000000.000
33555,2043,-2.441406,25000000.000
33556,2051,1.464844,25000000.000
33557,2057,4.394531,25000000.000
33558,2062,6.835938,25000000.000
33559,2062,6.835938,25000000.000
33560,2071,11.230469,25000000.000
33561,2075,13.183594,25000000.000
33562,2079,15.136719,25000000.000
33563,2079,15.136719,25000000.000
33564,2083,17.089844,25000000.000
33565,2083,17.089844,25000000.000
33566,2083,17.089844,25000000.000
33567,2083,17.089844,25000000.000
33568,2080,15.625000,25000000.000
33569,2078,14.648438,25000000.000
33570,2074,12.695312,25000000.000
33571,2074,12.695312,25000000.000
33572,2066,8.789062,25000000.000
33573,2060,5.859375,25000000.000
33574,2056,3.906250,25000000.000
33575,2054,2.929688,25000000.000
33576,2044,-1.953125,25000000.000
33577,2039,-4.394531,25000000.000
33578,2033,-7.324219,25000000.000
33579,2032,-7.812500,25000000.000
33580,2024,-11.718750,25000000.000
33581,2018,-14.648438,25000000.000
33582,2016,-15.625000,25000000.000
33583,2015,-16.113281,25000000.000
33584,2010,-18.554688,25000000.000
33585,2008,-19.531250,25000000.000
33586,2009,-19.042969,25000000.000
33587,2008,-19.531250,25000000.000
33588,2011,-18.066406,25000000.000
33589,2013,-17.089844,25000000.000
33590,2017,-15.136719,25000000.000
33591,2016,-15.625000,25000000.000
33592,2024,-11.718750,25000000.000
33593,2029,-9.277344,25000000.000
33594,2035,-6.347656,25000000.000
33595,2035,-6.347656,25000000.000
33596,2045,-1.464844,25000000.000
33597,2051,1.464844,25000000.000
33598,2056,3.906250,25000000.000
33599,2057,4.394531,25000000.000
33600,2067,9.277344,25000000.000
33601,2072,11.718750,25000000.000
33602,2074,12.695312,25000000.000
33603,2076,13.671875,25000000.000
33604,2080,15.625000,25000000.000
33605,2082,16.601562,25000000.000
33606,2082,16.601562,25000000.000
33607,2083,17.089844,25000000.000
33608,2080,15.625000,25000000.000
33609,2079,15.136719,25000000.000
33610,2076,13.671875,25000000.000
33611,2075,13.183594,25000000.000
33612,2070,10.742188,25000000.000
33613,2064,7.812500,25000000.000
33614,2059,5.371094,25000000.000
33615,2058,4.882812,25000000.000
33616,2048,0.000000,25000000.000
33617,2043,-2.441406,25000000.000
33618,2037,-5.371094,25000000.000
33619,2036,-5.859375,25000000.000
33620,2027,-10.253906,25000000.000
33621,2022,-12.695312,25000000.000
33622,2019,-14.160156,25000000.000
33623,2018,-14.648438,25000000.000
33624,2011,-18.066406,25000000.000
33625,2010,-18.554688,25000000.000
33626,2009,-19.042969,25000000.000
33627,2009,-19.042969,25000000.000
33628,2010,-18.554688,25000000.000
33629,2010,-18.554688,25000000.000
33630,2013,-17.089844,25000000.000
33631,2014,-16.601562,25000000.000
33632,2020,-13.671875,25000000.000
33633,2024,-11.718750,25000000.000
33634,2030,-8.789062,25000000.000
33635,2030,-8.789062,25000000.000
33636,2041,-3.417969,25000000.000
33637,2046,-0.976562,25000000.000
33638,2052,1.953125,25000000.000
33639,2052,1.953125,25000000.000
33640,2062,6.835938,25000000.000
33641,2067,9.277344,25000000.000
33642,2071,11.230469,25000000.000
33643,2072,11.718750,25000000.000
33644,2078,14.648438,25000000.000
33645,2080,15.625000,25000000.000
33646,2081,16.113281,25000000.000
33647,2081,16.113281,25000000.000
33648,2082,16.601562,25000000.000
33649,2080,15.625000,25000000.000
33650,2078,14.648438,25000000.000
33651,2077,14.160156,25000000.000
33652,2071,11.230469,25000000.000
33653,2068,9.765625,25000000.000
33654,2062,6.835938,25000000.000
33655,2064,7.812500,25000000.000
33656,2052,1.953125,25000000.000
33657,2047,-0.488281,25000000.000
33658,2042,-2.929688,25000000.000
33659,2041,-3.417969,25000000.000
33660,2031,-8.300781,25000000.000
33661,2027,-10.253906,25000000.000
33662,2022,-12.695312,25000000.000
33663,2022,-12.695312,25000000.000
33664,2014,-16.601562,25000000.000
33665,2011,-18.066406,25000000.000
33666,2009,-19.042969,25000000.000
33667,2010,-18.554688,25000000.000
33668,2009,-19.042969,25000000.000
33669,2009,-19.042969,25000000.000
33670,2012,-17.578125,25000000.000
33671,2011,-18.066406,25000000.000
33672,2018,-14.648438,25000000.000
33673,2021,-13.183594,25000000.000
33674,2026,-10.742188,25000000.000
33675,2025,-11.230469,25000000.000
33676,2035,-6.347656,25000000.000
33677,2042,-2.929688,25000000.000
33678,2047,-0.488281,25000000.000
33679,2048,0.000000,25000000.000
33680,2058,4.882812,25000000.000
33681,2063,7.324219,25000000.000
33682,2068,9.765625,25000000.000
33683,2068,9.765625,25000000.000
33684,2076,13.671875,25000000.000
33685,2079,15.136719,25000000.000
33686,2081,16.113281,25000000.000
33687,2081,16.113281,25000000.000
33688,2082,16.601562,25000000.000
33689,2081,16.113281,25000000.000
33690,2080,15.625000,25000000.000
33691,2079,15.136719,25000000.000
33692,2075,13.183594,25000000.000
33693,2071,11.230469,25000000.000
33694,2067,9.277344,25000000.000
33695,2066,8.789062,25000000.000
33696,2057,4.394531,25000000.000
33697,2052,1.953125,25000000.000
33698,2046,-0.976562,25000000.000
33699,2045,-1.464844,25000000.000
33700,2035,-6.347656,25000000.000
33701,2029,-9.277344,25000000.000
33702,2025,-11.230469,25000000.000
33703,2024,-11.718750,25000000.000
33704,2017,-15.136719,25000000.000
33705,2014,-16.601562,25000000.000
33706,2011,-18.066406,25000000.000
33707,2012,-17.578125,25000000.000
33708,2009,-19.042969,25000000.000
33709,2009,-19.042969,25000000.000
33710,2011,-18.066406,25000000.000
33711,2011,-18.066406,25000000.000
33712,2015,-16.113281,25000000.000
33713,2018,-14.648438,25000000.000
33714,2022,-12.695312,25000000.000
33715,2023,-12.207031,25000000.000
33716,2032,-7.812500,25000000.000
33717,2037,-5.371094,25000000.000
33718,2042,-2.929688,25000000.000
33719,2042,-2.929688,25000000.000
33720,2054,2.929688,25000000.000
33721,2059,5.371094,25000000.000
33722,2064,7.812500,25000000.000
33723,2064,7.812500,25000000.000
33724,2073,12.207031,25000000.000
33725,2076,13.671875,25000000.000
33726,2080,15.625000,25000000.000
33727,2080,15.625000,25000000.000
33728,2082,16.601562,25000000.000
33729,2082,16.601562,25000000.000
33730,2081,16.113281,25000000.000
33731,2082,16.601562,25000000.000
33732,2076,13.671875,25000000.000
33733,2074,12.695312,25000000.000
33734,2070,10.742188,25000000.000
33735,2070,10.742188,25000000.000
33736,2061,6.347656,25000000.000
33737,2056,3.906250,25000000.000
33738,2051,1.464844,25000000.000
33739,2051,1.464844,25000000.000
33740,2040,-3.906250,25000000.000
33741,2034,-6.835938,25000000.000
33742,2030,-8.789062,25000000.000
33743,2029,-9.277344,25000000.000
33744,2021,-13.183594,25000000.000
33745,2018,-14.648438,25000000.000
33746,2014,-16.601562,25000000.000
33747,2015,-16.113281,25000000.000
33748,2011,-18.066406,25000000.000
33749,2010,-18.554688,25000000.000
33750,2011,-18.066406,25000000.000
33751,2010,-18.554688,25000000.000
33752,2014,-16.601562,25000000.000
33753,2017,-15.136719,25000000.000
33754,2020,-13.671875,25000000.000
33755,2020,-13.671875,25000000.000
33756,2028,-9.765625,25000000.000
33757,2034,-6.835938,25000000.000
33758,2039,-4.394531,25000000.000
33759,2040,-3.906250,25000000.000
33760,2050,0.976562,25000000.000
33761,2055,3.417969,25000000.000
33762,2061,6.347656,25000000.000
33763,2062,6.835938,25000000.000
33764,2070,10.742188,25000000.000
33765,2074,12.695312,25000000.000
33766,2077,14.160156,25000000.000
33767,2078,14.648438,25000000.000
33768,2081,16.113281,25000000.000
33769,2083,17.089844,25000000.000
33770,2083,17.089844,25000000.000
33771,2082,16.601562,25000000.000
33772,2081,16.113281,25000000.000
33773,2077,14.160156,25000000.000
33774,2075,13.183594,25000000.000
33775,2074,12.695312,25000000.000
33776,2066,8.789062,25000000.000
33777,2063,7.324219,25000000.000
33778,2055,3.417969,25000000.000
33779,2056,3.906250,25000000.000
33780,2045,-1.464844,25000000.000
33781,2039,-4.394531,25000000.000
33782,2034,-6.835938,25000000.000
33783,2033,-7.324219,25000000.000
33784,2023,-12.207031,25000000.000
33785,2020,-13.671875,25000000.000
33786,2016,-15.625000,25000000.000
33787,2016,-15.625000,25000000.000
33788,2011,-18.066406,25000000.000
33789,2010,-18.554688,25000000.000
33790,2011,-18.066406,25000000.000
33791,2010,-18.554688,25000000.000
33792,2011,-18.066406,25000000.000
33793,2014,-16.601562,25000000.000
33794,2017,-15.136719,25000000.000
33795,2018,-14.648438,25000000.000
33796,2025,-11.230469,25000000.000
33797,2029,-9.277344,25000000.000
33798,2033,-7.324219,25000000.000
33799,2033,-7.324219,25000000.000
33800,2045,-1.464844,25000000.000
33801,2052,1.953125,25000000.000
33802,2056,3.906250,25000000.000
33803,2057,4.394531,25000000.000
33804,2068,9.765625,25000000.000
33805,2070,10.742188,25000000.000
33806,2075,13.183594,25000000.000
33807,2075,13.183594,25000000.000
33808,2080,15.625000,25000000.000
33809,2082,16.601562,25000000.000
33810,2082,16.601562,25000000.000
33811,2082,16.601562,25000000.000
33812,2081,16.113281,25000000.000
33813,2077,14.160156,25000000.000
33814,2076,13.671875,25000000.000
33815,2077,14.160156,25000000.000
33816,2071,11.230469,25000000.000
33817,2065,8.300781,25000000.000
33818,2057,4.394531,25000000.000
33819,2058,4.882812,25000000.000
33820,2050,0.976562,25000000.000
33821,2042,-2.929688,25000000.000
33822,2037,-5.371094,25000000.000
33823,2037,-5.371094,25000000.000
33824,2028,-9.765625,25000000.000
33825,2023,-12.207031,25000000.000
33826,2018,-14.648438,25000000.000
33827,2019,-14.160156,25000000.000
33828,2012,-17.578125,25000000.000
33829,2011,-18.066406,25000000.000
33830,2008,-19.531250,25000000.000
33831,2009,-19.042969,25000000.000
33832,2009,-19.042969,25000000.000
33833,2010,-18.554688,25000000.000
33834,2014,-16.601562,25000000.000
33835,2013,-17.089844,25000000.000
33836,2019,-14.160156,25000000.000
33837,2023,-12.207031,25000000.000
33838,2029,-9.277344,25000000.000
33839,2029,-9.277344,25000000.000
33840,2039,-4.394531,25000000.000
33841,2045,-1.464844,25000000.000
33842,2050,0.976562,25000000.000
33843,2051,1.464844,25000000.000
33844,2062,6.835938,25000000.000
33845,2068,9.765625,25000000.000
33846,2071,11.230469,25000000.000
33847,2071,11.230469,25000000.000
33848,2076,13.671875,25000000.000
33849,2080,15.625000,25000000.000
33850,2081,16.113281,25000000.000
33851,2082,16.601562,25000000.000
33852,2081,16.113281,25000000.000
33853,2082,16.601562,25000000.000
33854,2079,15.136719,25000000.000
33855,2078,14.648438,25000000.000
33856,2072,11.718750,25000000.000
33857,2068,9.765625,25000000.000
33858,2063,7.324219,25000000.000
33859,2063,7.324219,25000000.000
33860,2054,2.929688,25000000.000
33861,2048,0.000000,25000000.000
33862,2043,-2.441406,25000000.000
33863,2042,-2.929688,25000000.000
33864,2031,-8.300781,25000000.000
33865,2027,-10.253906,25000000.000
33866,2021,-13.183594,25000000.000
33867,2021,-13.183594,25000000.000
33868,2014,-16.601562,25000000.000
33869,2012,-17.578125,25000000.000
33870,2009,-19.042969,25000000.000
33871,2010,-18.554688,25000000.000
33872,2009,-19.042969,25000000.000
33873,2009,-19.042969,25000000.000
33874,2011,-18.066406,25000000.000
33875,2011,-18.066406,25000000.000
33876,2016,-15.625000,25000000.000
33877,2021,-13.183594,25000000.000
33878,2025,-11.230469,25000000.000
33879,2025,-11.230469,25000000.000
33880,2035,-6.347656,25000000.000
33881,2040,-3.906250,25000000.000
33882,2045,-1.464844,25000000.000
33883,2047,-0.488281,25000000.000
33884,2059,5.371094,25000000.000
33885,2062,6.835938,25000000.000
33886,2068,9.765625,25000000.000
33887,2068,9.765625,25000000.000
33888,2075,13.183594,25000000.000
33889,2079,15.136719,25000000.000
33890,2080,15.625000,25000000.000
33891,2080,15.625000,25000000.000
33892,2083,17.089844,25000000.000
33893,2083,17.089844,25000000.000
33894,2081,16.113281,25000000.000
33895,2080,15.625000,25000000.000
33896,2076,13.671875,25000000.000
33897,2073,12.207031,25000000.000
33898,2068,9.765625,25000000.000
33899,2068,9.765625,25000000.000
33900,2056,3.906250,25000000.000
33901,2051,1.464844,25000000.000
33902,2050,0.976562,25000000.000
33903,2043,-2.441406,25000000.000
33904,2035,-6.347656,25000000.000
33905,2031,-8.300781,25000000.000
33906,2026,-10.742188,25000000.000
33907,2027,-10.253906,25000000.000
33908,2018,-14.648438,25000000.000
33909,2014,-16.601562,25000000.000
33910,2013,-17.089844,25000000.000
33911,2012,-17.578125,25000000.000
33912,2008,-19.531250,25000000.000
33913,2009,-19.042969,25000000.000
33914,2010,-18.554688,25000000.000
33915,2009,-19.042969,25000000.000
33916,2015,-16.113281,25000000.000
33917,2018,-14.648438,25000000.000
33918,2023,-12.207031,25000000.000
33919,2023,-12.207031,25000000.000
33920,2030,-8.789062,25000000.000
33921,2036,-5.859375,25000000.000
33922,2042,-2.929688,25000000.000
33923,2042,-2.929688,25000000.000
33924,2054,2.929688,25000000.000
33925,2059,5.371094,25000000.000
33926,2064,7.812500,25000000.000
33927,2065,8.300781,25000000.000
33928,2073,12.207031,25000000.000
33929,2076,13.671875,25000000.000
33930,2080,15.625000,25000000.000
33931,2079,15.136719,25000000.000
33932,2082,16.601562,25000000.000
33933,2083,17.089844,25000000.000
33934,2082,16.601562,25000000.000
33935,2082,16.601562,25000000.000
33936,2079,15.136719,25000000.000
33937,2076,13.671875,25000000.000
33938,2071,11.230469,25000000.000
33939,2071,11.230469,25000000.000
33940,2063,7.324219,25000000.000
33941,2058,4.882812,25000000.000
33942,2053,2.441406,25000000.000
33943,2052,1.953125,25000000.000
33944,2041,-3.417969,25000000.000
33945,2036,-5.859375,25000000.000
33946,2030,-8.789062,25000000.000
33947,2030,-8.789062,25000000.000
33948,2021,-13.183594,25000000.000
33949,2018,-14.648438,25000000.000
33950,2015,-16.113281,25000000.000
33951,2014,-16.601562,25000000.000
33952,2011,-18.066406,25000000.000
33953,2009,-19.042969,25000000.000
33954,2009,-19.042969,25000000.000
33955,2010,-18.554688,25000000.000
33956,2012,-17.578125,25000000.000
33957,2015,-16.113281,25000000.000
33958,2019,-14.160156,25000000.000
33959,2018,-14.648438,25000000.000
33960,2026,-10.742188,25000000.000
33961,2032,-7.812500,25000000.000
33962,2037,-5.371094,25000000.000
33963,2038,-4.882812,25000000.000
33964,2048,0.000000,25000000.000
33965,2054,2.929688,25000000.000
33966,2060,5.859375,25000000.000
33967,2060,5.859375,25000000.000
33968,2069,10.253906,25000000.000
33969,2073,12.207031,25000000.000
33970,2077,14.160156,25000000.000
33971,2077,14.160156,25000000.000
33972,2082,16.601562,25000000.000
33973,2082,16.601562,25000000.000
33974,2083,17.089844,25000000.000
33975,2083,17.089844,25000000.000
33976,2080,15.625000,25000000.000
33977,2078,14.648438,25000000.000
33978,2074,12.695312,25000000.000
33979,2074,12.695312,25000000.000
33980,2066,8.789062,25000000.000
33981,2061,6.347656,25000000.000
33982,2056,3.906250,25000000.000
33983,2055,3.417969,25000000.000
33984,2045,-1.464844,25000000.000
33985,2040,-3.906250,25000000.000
33986,2034,-6.835938,25000000.000
33987,2033,-7.324219,25000000.000
33988,2024,-11.718750,25000000.000
33989,2021,-13.183594,25000000.000
33990,2016,-15.625000,25000000.000
33991,2016,-15.625000,25000000.000
33992,2012,-17.578125,25000000.000
33993,2010,-18.554688,25000000.000
33994,2009,-19.042969,25000000.000
33995,2010,-18.554688,25000000.000
33996,2011,-18.066406,25000000.000
33997,2013,-17.089844,25000000.000
33998,2015,-16.113281,25000000.000
33999,2016,-15.625000,25000000.000
34000,2023,-12.207031,25000000.000
34001,2029,-9.277344,25000000.000
34002,2033,-7.324219,25000000.000
34003,2034,-6.835938,25000000.000
34004,2044,-1.953125,25000000.000
34005,2050,0.976562,25000000.000
34006,2056,3.906250,25000000.000
34007,2055,3.417969,25000000.000
34008,2066,8.789062,25000000.000
34009,2070,10.742188,25000000.000
34010,2074,12.695312,25000000.000
34011,2075,13.183594,25000000.000
34012,2080,15.625000,25000000.000
34013,2082,16.601562,25000000.000
34014,2083,17.089844,25000000.000
34015,2083,17.089844,25000000.000
34016,2080,15.625000,25000000.000
34017,2080,15.625000,25000000.000
34018,2077,14.160156,25000000.000
34019,2077,14.160156,25000000.000
34020,2070,10.742188,25000000.000
34021,2064,7.812500,25000000.000
34022,2060,5.859375,25000000.000
34023,2059,5.371094,25000000.000
34024,2050,0.976562,25000000.000
34025,2044,-1.953125,25000000.000
34026,2038,-4.882812,25000000.000
34027,2039,-4.394531,25000000.000
34028,2028,-9.765625,25000000.000
34029,2024,-11.718750,25000000.000
34030,2020,-13.671875,25000000.000
34031,2019,-14.160156,25000000.000
34032,2013,-17.089844,25000000.000
34033,2010,-18.554688,25000000.000
34034,2010,-18.554688,25000000.000
34035,2009,-19.042969,25000000.000
34036,2010,-18.554688,25000000.000
34037,2010,-18.554688,25000000.000
34038,2012,-17.578125,25000000.000
34039,2013,-17.089844,25000000.000
34040,2018,-14.648438,25000000.000
34041,2022,-12.695312,25000000.000
34042,2028,-9.765625,25000000.000
34043,2028,-9.765625,25000000.000
34044,2038,-4.882812,25000000.000
34045,2043,-2.441406,25000000.000
34046,2049,0.488281,25000000.000
34047,2050,0.976562,25000000.000
34048,2061,6.347656,25000000.000
34049,2065,8.300781,25000000.000
34050,2070,10.742188,25000000.000
34051,2070,10.742188,25000000.000
34052,2077,14.160156,25000000.000
34053,2080,15.625000,25000000.000
34054,2082,16.601562,25000000.000
34055,2082,16.601562,25000000.000
34056,2082,16.601562,25000000.000
34057,2081,16.113281,25000000.000
34058,2079,15.136719,25000000.000
34059,2079,15.136719,25000000.000
34060,2074,12.695312,25000000.000
34061,2070,10.742188,25000000.000
34062,2066,8.789062,25000000.000
34063,2065,8.300781,25000000.000
34064,2054,2.929688,25000000.000
34065,2049,0.488281,25000000.000
34066,2043,-2.441406,25000000.000
34067,2043,-2.441406,25000000.000
34068,2033,-7.324219,25000000.000
34069,2027,-10.253906,25000000.000
34070,2022,-12.695312,25000000.000
34071,2022,-12.695312,25000000.000
34072,2014,-16.601562,25000000.000
34073,2011,-18.066406,25000000.000
34074,2010,-18.554688,25000000.000
34075,2009,-19.042969,25000000.000
34076,2008,-19.531250,25000000.000
34077,2009,-19.042969,25000000.000
34078,2010,-18.554688,25000000.000
34079,2009,-19.042969,25000000.000
34080,2015,-16.113281,25000000.000
34081,2019,-14.160156,25000000.000
34082,2024,-11.718750,25000000.000
34083,2023,-12.207031,25000000.000
34084,2034,-6.835938,25000000.000
34085,2039,-4.394531,25000000.000
34086,2045,-1.464844,25000000.000
34087,2045,-1.464844,25000000.000
34088,2056,3.906250,25000000.000
34089,2062,6.835938,25000000.000
34090,2067,9.277344,25000000.000
34091,2067,9.277344,25000000.000
34092,2076,13.671875,25000000.000
34093,2079,15.136719,25000000.000
34094,2080,15.625000,25000000.000
34095,2081,16.113281,25000000.000
34096,2082,16.601562,25000000.000
34097,2082,16.601562,25000000.000
34098,2081,16.113281,25000000.000
34099,2080,15.625000,25000000.000
34100,2076,13.671875,25000000.000
34101,2074,12.695312,25000000.000
34102,2070,10.742188,25000000.000
34103,2069,10.253906,25000000.000
34104,2059,5.371094,25000000.000
34105,2055,3.417969,25000000.000
34106,2048,0.000000,25000000.000
34107,2048,0.000000,25000000.000
34108,2037,-5.371094,25000000.000
34109,2033,-7.324219,25000000.000
34110,2027,-10.253906,25000000.000
34111,2027,-10.253906,25000000.000
34112,2019,-14.160156,25000000.000
34113,2016,-15.625000,25000000.000
34114,2012,-17.578125,25000000.000
34115,2012,-17.578125,25000000.000
34116,2009,-19.042969,25000000.000
34117,2010,-18.554688,25000000.000
34118,2009,-19.042969,25000000.000
34119,2010,-18.554688,25000000.000
34120,2014,-16.601562,25000000.000
34121,2017,-15.136719,25000000.000
34122,2020,-13.671875,25000000.000
34123,2021,-13.183594,25000000.000
34124,2030,-8.789062,25000000.000
34125,2034,-6.835938,25000000.000
34126,2041,-3.417969,25000000.000
34127,2040,-3.906250,25000000.000
34128,2053,2.441406,25000000.000
34129,2058,4.882812,25000000.000
34130,2063,7.324219,25000000.000
34131,2064,7.812500,25000000.000
34132,2073,12.207031,25000000.000
34133,2076,13.671875,25000000.000
34134,2080,15.625000,25000000.000
34135,2080,15.625000,25000000.000
34136,2083,17.089844,25000000.000
34137,2083,17.089844,25000000.000
34138,2084,17.578125,25000000.000
34139,2083,17.089844,25000000.000
34140,2079,15.136719,25000000.000
34141,2076,13.671875,25000000.000
34142,2073,12.207031,25000000.000
34143,2072,11.718750,25000000.000
34144,2064,7.812500,25000000.000
34145,2060,5.859375,25000000.000
34146,2053,2.441406,25000000.000
34147,2052,1.953125,25000000.000
34148,2043,-2.441406,25000000.000
34149,2037,-5.371094,25000000.000
34150,2032,-7.812500,25000000.000
34151,2032,-7.812500,25000000.000
34152,2023,-12.207031,25000000.000
34153,2018,-14.648438,25000000.000
34154,2014,-16.601562,25000000.000
34155,2014,-16.601562,25000000.000
34156,2009,-19.042969,25000000.000
34157,2008,-19.531250,25000000.000
34158,2008,-19.531250,25000000.000
34159,2008,-19.531250,25000000.000
34160,2011,-18.066406,25000000.000
34161,2014,-16.601562,25000000.000
34162,2017,-15.136719,25000000.000
34163,2016,-15.625000,25000000.000
34164,2025,-11.230469,25000000.000
34165,2030,-8.789062,25000000.000
34166,2034,-6.835938,25000000.000
34167,2036,-5.859375,25000000.000
34168,2047,-0.488281,25000000.000
34169,2053,2.441406,25000000.000
34170,2058,4.882812,25000000.000
34171,2060,5.859375,25000000.000
34172,2069,10.253906,25000000.000
34173,2074,12.695312,25000000.000
34174,2077,14.160156,25000000.000
34175,2078,14.648438,25000000.000
34176,2080,15.625000,25000000.000
34177,2083,17.089844,25000000.000
34178,2084,17.578125,25000000.000
34179,2084,17.578125,25000000.000
34180,2082,16.601562,25000000.000
34181,2079,15.136719,25000000.000
34182,2076,13.671875,25000000.000
34183,2076,13.671875,25000000.000
34184,2069,10.253906,25000000.000
34185,2063,7.324219,25000000.000
34186,2059,5.371094,25000000.000
34187,2058,4.882812,25000000.000
34188,2048,0.000000,25000000.000
34189,2043,-2.441406,25000000.000
34190,2037,-5.371094,25000000.000
34191,2036,-5.859375,25000000.000
34192,2026,-10.742188,25000000.000
34193,2021,-13.183594,25000000.000
34194,2018,-14.648438,25000000.000
34195,2018,-14.648438,25000000.000
34196,2012,-17.578125,25000000.000
34197,2010,-18.554688,25000000.000
34198,2009,-19.042969,25000000.000
34199,2009,-19.042969,25000000.000
34200,2010,-18.554688,25000000.000
34201,2011,-18.066406,25000000.000
34202,2014,-16.601562,25000000.000
34203,2015,-16.113281,25000000.000
34204,2022,-12.695312,25000000.000
34205,2026,-10.742188,25000000.000
34206,2031,-8.300781,25000000.000
34207,2032,-7.812500,25000000.000
34208,2042,-2.929688,25000000.000
34209,2047,-0.488281,25000000.000
34210,2054,2.929688,25000000.000
34211,2055,3.417969,25000000.000
34212,2064,7.812500,25000000.000
34213,2069,10.253906,25000000.000
34214,2073,12.207031,25000000.000
34215,2073,12.207031,25000000.000
34216,2079,15.136719,25000000.000
34217,2081,16.113281,25000000.000
34218,2082,16.601562,25000000.000
34219,2082,16.601562,25000000.000
34220,2082,16.601562,25000000.000
34221,2080,15.625000,25000000.000
34222,2079,15.136719,25000000.000
34223,2079,15.136719,25000000.000
34224,2071,11.230469,25000000.000
34225,2067,9.277344,25000000.000
34226,2061,6.347656,25000000.000
34227,2062,6.835938,25000000.000
34228,2052,1.953125,25000000.000
34229,2047,-0.488281,25000000.000
34230,2041,-3.417969,25000000.000
34231,2040,-3.906250,25000000.000
34232,2028,-9.765625,25000000.000
34233,2025,-11.230469,25000000.000
34234,2021,-13.183594,25000000.000
34235,2021,-13.183594,25000000.000
34236,2013,-17.089844,25000000.000
34237,2010,-18.554688,25000000.000
34238,2009,-19.042969,25000000.000
34239,2008,-19.531250,25000000.000
34240,2009,-19.042969,25000000.000
34241,2009,-19.042969,25000000.000
34242,2011,-18.066406,25000000.000
34243,2011,-18.066406,25000000.000
34244,2017,-15.136719,25000000.000
34245,2021,-13.183594,25000000.000
34246,2025,-11.230469,25000000.000
34247,2026,-10.742188,25000000.000
34248,2034,-6.835938,25000000.000
34249,2040,-3.906250,25000000.000
34250,2051,1.464844,25000000.000
34251,2044,-1.953125,25000000.000
34252,2059,5.371094,25000000.000
34253,2065,8.300781,25000000.000
34254,2069,10.253906,25000000.000
34255,2069,10.253906,25000000.000
34256,2076,13.671875,25000000.000
34257,2080,15.625000,25000000.000
34258,2081,16.113281,25000000.000
34259,2082,16.601562,25000000.000
34260,2083,17.089844,25000000.000
34261,2082,16.601562,25000000.000
34262,2080,15.625000,25000000.000
34263,2081,16.113281,25000000.000
34264,2075,13.183594,25000000.000
34265,2071,11.230469,25000000.000
34266,2066,8.789062,25000000.000
34267,2066,8.789062,25000000.000
34268,2057,4.394531,25000000.000
34269,2051,1.464844,25000000.000
34270,2045,-1.464844,25000000.000
34271,2045,-1.464844,25000000.000
34272,2035,-6.347656,25000000.000
34273,2029,-9.277344,25000000.000
34274,2025,-11.230469,25000000.000
34275,2023,-12.207031,25000000.000
34276,2016,-15.625000,25000000.000
34277,2013,-17.089844,25000000.000
34278,2010,-18.554688,25000000.000
34279,2010,-18.554688,25000000.000
34280,2008,-19.531250,25000000.000
34281,2008,-19.531250,25000000.000
34282,2009,-19.042969,25000000.000
34283,2010,-18.554688,25000000.000
34284,2015,-16.113281,25000000.000
34285,2018,-14.648438,25000000.000
34286,2021,-13.183594,25000000.000
34287,2022,-12.695312,25000000.000
34288,2032,-7.812500,25000000.000
34289,2038,-4.882812,25000000.000
34290,2042,-2.929688,25000000.000
34291,2043,-2.441406,25000000.000
34292,2055,3.417969,25000000.000
34293,2060,5.859375,25000000.000
34294,2065,8.300781,25000000.000
34295,2066,8.789062,25000000.000
34296,2073,12.207031,25000000.000
34297,2077,14.160156,25000000.000
34298,2080,15.625000,25000000.000
34299,2080,15.625000,25000000.000
34300,2083,17.089844,25000000.000
34301,2080,15.625000,25000000.000
34302,2081,16.113281,25000000.000
34303,2081,16.113281,25000000.000
34304,2079,15.136719,25000000.000
34305,2074,12.695312,25000000.000
34306,2070,10.742188,25000000.000
34307,2071,11.230469,25000000.000
34308,2062,6.835938,25000000.000
34309,2056,3.906250,25000000.000
34310,2051,1.464844,25000000.000
34311,2051,1.464844,25000000.000
34312,2039,-4.394531,25000000.000
34313,2035,-6.347656,25000000.000
34314,2030,-8.789062,25000000.000
34315,2029,-9.277344,25000000.000
34316,2021,-13.183594,25000000.000
34317,2016,-15.625000,25000000.000
34318,2013,-17.089844,25000000.000
34319,2013,-17.089844,25000000.000
34320,2009,-19.042969,25000000.000
34321,2009,-19.042969,25000000.000
34322,2009,-19.042969,25000000.000
34323,2009,-19.042969,25000000.000
34324,2014,-16.601562,25000000.000
34325,2017,-15.136719,25000000.000
34326,2019,-14.160156,25000000.000
34327,2019,-14.160156,25000000.000
34328,2028,-9.765625,25000000.000
34329,2033,-7.324219,25000000.000
34330,2040,-3.906250,25000000.000
34331,2041,-3.417969,25000000.000
34332,2050,0.976562,25000000.000
34333,2055,3.417969,25000000.000
34334,2062,6.835938,25000000.000
34335,2062,6.835938,25000000.000
34336,2071,11.230469,25000000.000
34337,2075,13.183594,25000000.000
34338,2080,15.625000,25000000.000
34339,2079,15.136719,25000000.000
34340,2083,17.089844,25000000.000
34341,2083,17.089844,25000000.000
34342,2083,17.089844,25000000.000
34343,2083,17.089844,25000000.000
34344,2080,15.625000,25000000.000
34345,2076,13.671875,25000000.000
34346,2069,10.253906,25000000.000
34347,2072,11.718750,25000000.000
34348,2068,9.765625,25000000.000
34349,2063,7.324219,25000000.000
34350,2054,2.929688,25000000.000
34351,2054,2.929688,25000000.000
34352,2044,-1.953125,25000000.000
34353,2037,-5.371094,25000000.000
34354,2033,-7.324219,25000000.000
34355,2032,-7.812500,25000000.000
34356,2022,-12.695312,25000000.000
34357,2018,-14.648438,25000000.000
34358,2014,-16.601562,25000000.000
34359,2014,-16.601562,25000000.000
34360,2010,-18.554688,25000000.000
34361,2009,-19.042969,25000000.000
34362,2009,-19.042969,25000000.000
34363,2009,-19.042969,25000000.000
34364,2010,-18.554688,25000000.000
34365,2012,-17.578125,25000000.000
34366,2016,-15.625000,25000000.000
34367,2016,-15.625000,25000000.000
34368,2024,-11.718750,25000000.000
34369,2029,-9.277344,25000000.000
34370,2035,-6.347656,25000000.000
34371,2035,-6.347656,25000000.000
34372,2045,-1.464844,25000000.000
34373,2052,1.953125,25000000.000
34374,2057,4.394531,25000000.000
34375,2058,4.882812,25000000.000
34376,2066,8.789062,25000000.000
34377,2071,11.230469,25000000.000
34378,2075,13.183594,25000000.000
34379,2075,13.183594,25000000.000
34380,2081,16.113281,25000000.000
34381,2082,16.601562,25000000.000
34382,2082,16.601562,25000000.000
34383,2083,17.089844,25000000.000
34384,2082,16.601562,25000000.000
34385,2080,15.625000,25000000.000
34386,2077,14.160156,25000000.000
34387,2077,14.160156,25000000.000
34388,2069,10.253906,25000000.000
34389,2065,8.300781,25000000.000
34390,2059,5.371094,25000000.000
34391,2059,5.371094,25000000.000
34392,2050,0.976562,25000000.000
34393,2043,-2.441406,25000000.000
34394,2038,-4.882812,25000000.000
34395,2037,-5.371094,25000000.000
34396,2027,-10.253906,25000000.000
34397,2023,-12.207031,25000000.000
34398,2019,-14.160156,25000000.000
34399,2018,-14.648438,25000000.000
34400,2013,-17.089844,25000000.000
34401,2011,-18.066406,25000000.000
34402,2008,-19.531250,25000000.000
34403,2010,-18.554688,25000000.000
34404,2009,-19.042969,25000000.000
34405,2012,-17.578125,25000000.000
34406,2014,-16.601562,25000000.000
34407,2013,-17.089844,25000000.000
34408,2020,-13.671875,25000000.000
34409,2024,-11.718750,25000000.000
34410,2029,-9.277344,25000000.000
34411,2030,-8.789062,25000000.000
34412,2040,-3.906250,25000000.000
34413,2046,-0.976562,25000000.000
34414,2051,1.464844,25000000.000
34415,2052,1.953125,25000000.000
34416,2063,7.324219,25000000.000
34417,2068,9.765625,25000000.000
34418,2072,11.718750,25000000.000
34419,2072,11.718750,25000000.000
34420,2078,14.648438,25000000.000
34421,2080,15.625000,25000000.000
34422,2082,16.601562,25000000.000
34423,2082,16.601562,25000000.000
34424,2082,16.601562,25000000.000
34425,2080,15.625000,25000000.000
34426,2079,15.136719,25000000.000
34427,2077,14.160156,25000000.000
34428,2071,11.230469,25000000.000
34429,2067,9.277344,25000000.000
34430,2063,7.324219,25000000.000
34431,2062,6.835938,25000000.000
34432,2052,1.953125,25000000.000
34433,2047,-0.488281,25000000.000
34434,2042,-2.929688,25000000.000
34435,2041,-3.417969,25000000.000
34436,2031,-8.300781,25000000.000
34437,2026,-10.742188,25000000.000
34438,2021,-13.183594,25000000.000
34439,2021,-13.183594,25000000.000
34440,2014,-16.601562,25000000.000
34441,2012,-17.578125,25000000.000
34442,2009,-19.042969,25000000.000
34443,2009,-19.042969,25000000.000
34444,2008,-19.531250,25000000.000
34445,2010,-18.554688,25000000.000
34446,2011,-18.066406,25000000.000
34447,2011,-18.066406,25000000.000
34448,2017,-15.136719,25000000.000
34449,2020,-13.671875,25000000.000
34450,2025,-11.230469,25000000.000
34451,2025,-11.230469,25000000.000
34452,2035,-6.347656,25000000.000
34453,2041,-3.417969,25000000.000
34454,2047,-0.488281,25000000.000
34455,2047,-0.488281,25000000.000
34456,2058,4.882812,25000000.000
34457,2062,6.835938,25000000.000
34458,2068,9.765625,25000000.000
34459,2068,9.765625,25000000.000
34460,2076,13.671875,25000000.000
34461,2078,14.648438,25000000.000
34462,2081,16.113281,25000000.000
34463,2081,16.113281,25000000.000
34464,2082,16.601562,25000000.000
34465,2082,16.601562,25000000.000
34466,2081,16.113281,25000000.000
34467,2081,16.113281,25000000.000
34468,2075,13.183594,25000000.000
34469,2072,11.718750,25000000.000
34470,2067,9.277344,25000000.000
34471,2067,9.277344,25000000.000
34472,2058,4.882812,25000000.000
34473,2052,1.953125,25000000.000
34474,2046,-0.976562,25000000.000
34475,2046,-0.976562,25000000.000
34476,2035,-6.347656,25000000.000
34477,2031,-8.300781,25000000.000
34478,2025,-11.230469,25000000.000
34479,2025,-11.230469,25000000.000
34480,2017,-15.136719,25000000.000
34481,2014,-16.601562,25000000.000
34482,2012,-17.578125,25000000.000
34483,2011,-18.066406,25000000.000
34484,2009,-19.042969,25000000.000
34485,2010,-18.554688,25000000.000
34486,2010,-18.554688,25000000.000
34487,2010,-18.554688,25000000.000
34488,2013,-17.089844,25000000.000
34489,2017,-15.136719,25000000.000
34490,2022,-12.695312,25000000.000
34491,2021,-13.183594,25000000.000
34492,2031,-8.300781,25000000.000
34493,2035,-6.347656,25000000.000
34494,2041,-3.417969,25000000.000
34495,2042,-2.929688,25000000.000
34496,2052,1.953125,25000000.000
34497,2059,5.371094,25000000.000
34498,2064,7.812500,25000000.000
34499,2064,7.812500,25000000.000
34500,2073,12.207031,25000000.000
34501,2077,14.160156,25000000.000
34502,2080,15.625000,25000000.000
34503,2079,15.136719,25000000.000
34504,2083,17.089844,25000000.000
34505,2084,17.578125,25000000.000
34506,2083,17.089844,25000000.000
34507,2082,16.601562,25000000.000
34508,2078,14.648438,25000000.000
34509,2076,13.671875,25000000.000
34510,2072,11.718750,25000000.000
34511,2071,11.230469,25000000.000
34512,2063,7.324219,25000000.000
34513,2057,4.394531,25000000.000
34514,2051,1.464844,25000000.000
34515,2052,1.953125,25000000.000
34516,2041,-3.417969,25000000.000
34517,2034,-6.835938,25000000.000
34518,2029,-9.277344,25000000.000
34519,2029,-9.277344,25000000.000
34520,2020,-13.671875,25000000.000
34521,2017,-15.136719,25000000.000
34522,2014,-16.601562,25000000.000
34523,2014,-16.601562,25000000.000
34524,2009,-19.042969,25000000.000
34525,2009,-19.042969,25000000.000
34526,2009,-19.042969,25000000.000
34527,2008,-19.531250,25000000.000
34528,2012,-17.578125,25000000.000
34529,2015,-16.113281,25000000.000
34530,2018,-14.648438,25000000.000
34531,2019,-14.160156,25000000.000
34532,2028,-9.765625,25000000.000
34533,2033,-7.324219,25000000.000
34534,2038,-4.882812,25000000.000
34535,2039,-4.394531,25000000.000
34536,2049,0.488281,25000000.000
34537,2055,3.417969,25000000.000
34538,2061,6.347656,25000000.000
34539,2061,6.347656,25000000.000
34540,2070,10.742188,25000000.000
34541,2074,12.695312,25000000.000
34542,2077,14.160156,25000000.000
34543,2077,14.160156,25000000.000
34544,2081,16.113281,25000000.000
34545,2082,16.601562,25000000.000
34546,2083,17.089844,25000000.000
34547,2082,16.601562,25000000.000
34548,2080,15.625000,25000000.000
34549,2077,14.160156,25000000.000
34550,2075,13.183594,25000000.000
34551,2073,12.207031,25000000.000
34552,2066,8.789062,25000000.000
34553,2061,6.347656,25000000.000
34554,2056,3.906250,25000000.000
34555,2056,3.906250,25000000.000
34556,2047,-0.488281,25000000.000
34557,2041,-3.417969,25000000.000
34558,2035,-6.347656,25000000.000
34559,2034,-6.835938,25000000.000
34560,2026,-10.742188,25000000.000
34561,2021,-13.183594,25000000.000
34562,2018,-14.648438,25000000.000
34563,2017,-15.136719,25000000.000
34564,2013,-17.089844,25000000.000
34565,2011,-18.066406,25000000.000
34566,2010,-18.554688,25000000.000
34567,2009,-19.042969,25000000.000
34568,2010,-18.554688,25000000.000
34569,2013,-17.089844,25000000.000
34570,2016,-15.625000,25000000.000
34571,2016,-15.625000,25000000.000
34572,2024,-11.718750,25000000.000
34573,2029,-9.277344,25000000.000
34574,2033,-7.324219,25000000.000
34575,2033,-7.324219,25000000.000
34576,2044,-1.953125,25000000.000
34577,2050,0.976562,25000000.000
34578,2056,3.906250,25000000.000
34579,2055,3.417969,25000000.000
34580,2065,8.300781,25000000.000
34581,2070,10.742188,25000000.000
34582,2074,12.695312,25000000.000
34583,2075,13.183594,25000000.000
34584,2081,16.113281,25000000.000
34585,2082,16.601562,25000000.000
34586,2082,16.601562,25000000.000
34587,2084,17.578125,25000000.000
34588,2081,16.113281,25000000.000
34589,2080,15.625000,25000000.000
34590,2077,14.160156,25000000.000
34591,2077,14.160156,25000000.000
34592,2071,11.230469,25000000.000
34593,2066,8.789062,25000000.000
34594,2061,6.347656,25000000.000
34595,2060,5.859375,25000000.000
34596,2051,1.464844,25000000.000
34597,2044,-1.953125,25000000.000
34598,2042,-2.929688,25000000.000
34599,2033,-7.324219,25000000.000
34600,2028,-9.765625,25000000.000
34601,2022,-12.695312,25000000.000
34602,2019,-14.160156,25000000.000
34603,2018,-14.648438,25000000.000
34604,2014,-16.601562,25000000.000
34605,2011,-18.066406,25000000.000
34606,2009,-19.042969,25000000.000
34607,2009,-19.042969,25000000.000
34608,2009,-19.042969,25000000.000
34609,2011,-18.066406,25000000.000
34610,2012,-17.578125,25000000.000
34611,2013,-17.089844,25000000.000
34612,2019,-14.160156,25000000.000
34613,2023,-12.207031,25000000.000
34614,2027,-10.253906,25000000.000
34615,2028,-9.765625,25000000.000
34616,2039,-4.394531,25000000.000
34617,2044,-1.953125,25000000.000
34618,2050,0.976562,25000000.000
34619,2051,1.464844,25000000.000
34620,2061,6.347656,25000000.000
34621,2065,8.300781,25000000.000
34622,2071,11.230469,25000000.000
34623,2071,11.230469,25000000.000
34624,2077,14.160156,25000000.000
34625,2079,15.136719,25000000.000
34626,2082,16.601562,25000000.000
34627,2082,16.601562,25000000.000
34628,2082,16.601562,25000000.000
34629,2081,16.113281,25000000.000
34630,2079,15.136719,25000000.000
34631,2079,15.136719,25000000.000
34632,2073,12.207031,25000000.000
34633,2069,10.253906,25000000.000
34634,2064,7.812500,25000000.000
34635,2064,7.812500,25000000.000
34636,2054,2.929688,25000000.000
34637,2049,0.488281,25000000.000
34638,2044,-1.953125,25000000.000
34639,2043,-2.441406,25000000.000
34640,2032,-7.812500,25000000.000
34641,2027,-10.253906,25000000.000
34642,2024,-11.718750,25000000.000
34643,2022,-12.695312,25000000.000
34644,2015,-16.113281,25000000.000
34645,2012,-17.578125,25000000.000
34646,2010,-18.554688,25000000.000
34647,2011,-18.066406,25000000.000
34648,2007,-20.019531,25000000.000
34649,2009,-19.042969,25000000.000
34650,2010,-18.554688,25000000.000
34651,2011,-18.066406,25000000.000
34652,2016,-15.625000,25000000.000
34653,2020,-13.671875,25000000.000
34654,2024,-11.718750,25000000.000
34655,2025,-11.230469,25000000.000
34656,2034,-6.835938,25000000.000
34657,2039,-4.394531,25000000.000
34658,2045,-1.464844,25000000.000
34659,2045,-1.464844,25000000.000
34660,2056,3.906250,25000000.000
34661,2062,6.835938,25000000.000
34662,2067,9.277344,25000000.000
34663,2067,9.277344,25000000.000
34664,2075,13.183594,25000000.000
34665,2078,14.648438,25000000.000
34666,2080,15.625000,25000000.000
34667,2080,15.625000,25000000.000
34668,2082,16.601562,25000000.000
34669,2081,16.113281,25000000.000
34670,2081,16.113281,25000000.000
34671,2081,16.113281,25000000.000
34672,2077,14.160156,25000000.000
34673,2072,11.718750,25000000.000
34674,2069,10.253906,25000000.000
34675,2068,9.765625,25000000.000
34676,2059,5.371094,25000000.000
34677,2054,2.929688,25000000.000
34678,2048,0.000000,25000000.000
34679,2049,0.488281,25000000.000
34680,2037,-5.371094,25000000.000
34681,2031,-8.300781,25000000.000
34682,2028,-9.765625,25000000.000
34683,2026,-10.742188,25000000.000
34684,2019,-14.160156,25000000.000
34685,2015,-16.113281,25000000.000
34686,2013,-17.089844,25000000.000
34687,2011,-18.066406,25000000.000
34688,2010,-18.554688,25000000.000
34689,2010,-18.554688,25000000.000
34690,2010,-18.554688,25000000.000
34691,2010,-18.554688,25000000.000
34692,2014,-16.601562,25000000.000
34693,2017,-15.136719,25000000.000
34694,2021,-13.183594,25000000.000
34695,2021,-13.183594,25000000.000
34696,2030,-8.789062,25000000.000
34697,2036,-5.859375,25000000.000
34698,2041,-3.417969,25000000.000
34699,2042,-2.929688,25000000.000
34700,2053,2.441406,25000000.000
34701,2058,4.882812,25000000.000
34702,2064,7.812500,25000000.000
34703,2064,7.812500,25000000.000
34704,2073,12.207031,25000000.000
34705,2076,13.671875,25000000.000
34706,2079,15.136719,25000000.000
34707,2080,15.625000,25000000.000
34708,2083,17.089844,25000000.000
34709,2083,17.089844,25000000.000
34710,2083,17.089844,25000000.000
34711,2082,16.601562,25000000.000
34712,2079,15.136719,25000000.000
34713,2076,13.671875,25000000.000
34714,2073,12.207031,25000000.000
34715,2072,11.718750,25000000.000
34716,2063,7.324219,25000000.000
34717,2059,5.371094,25000000.000
34718,2053,2.441406,25000000.000
34719,2054,2.929688,25000000.000
34720,2042,-2.929688,25000000.000
34721,2036,-5.859375,25000000.000
34722,2031,-8.300781,25000000.000
34723,2030,-8.789062,25000000.000
34724,2022,-12.695312,25000000.000
34725,2019,-14.160156,25000000.000
34726,2015,-16.113281,25000000.000
34727,2015,-16.113281,25000000.000
34728,2010,-18.554688,25000000.000
34729,2009,-19.042969,25000000.000
34730,2009,-19.042969,25000000.000
34731,2009,-19.042969,25000000.000
34732,2011,-18.066406,25000000.000
34733,2014,-16.601562,25000000.000
34734,2017,-15.136719,25000000.000
34735,2018,-14.648438,25000000.000
34736,2026,-10.742188,25000000.000
34737,2030,-8.789062,25000000.000
34738,2036,-5.859375,25000000.000
34739,2037,-5.371094,25000000.000
34740,2046,-0.976562,25000000.000
34741,2052,1.953125,25000000.000
34742,2061,6.347656,25000000.000
34743,2058,4.882812,25000000.000
34744,2068,9.765625,25000000.000
34745,2073,12.207031,25000000.000
34746,2077,14.160156,25000000.000
34747,2077,14.160156,25000000.000
34748,2081,16.113281,25000000.000
34749,2083,17.089844,25000000.000
34750,2084,17.578125,25000000.000
34751,2084,17.578125,25000000.000
34752,2082,16.601562,25000000.000
34753,2079,15.136719,25000000.000
34754,2076,13.671875,25000000.000
34755,2075,13.183594,25000000.000
34756,2068,9.765625,25000000.000
34757,2062,6.835938,25000000.000
34758,2057,4.394531,25000000.000
34759,2056,3.906250,25000000.000
34760,2046,-0.976562,25000000.000
34761,2041,-3.417969,25000000.000
34762,2035,-6.347656,25000000.000
34763,2033,-7.324219,25000000.000
34764,2026,-10.742188,25000000.000
34765,2022,-12.695312,25000000.000
34766,2016,-15.625000,25000000.000
34767,2016,-15.625000,25000000.000
34768,2011,-18.066406,25000000.000
34769,2010,-18.554688,25000000.000
34770,2008,-19.531250,25000000.000
34771,2009,-19.042969,25000000.000
34772,2011,-18.066406,25000000.000
34773,2011,-18.066406,25000000.000
34774,2014,-16.601562,25000000.000
34775,2015,-16.113281,25000000.000
34776,2022,-12.695312,25000000.000
34777,2027,-10.253906,25000000.000
34778,2031,-8.300781,25000000.000
34779,2032,-7.812500,25000000.000
34780,2043,-2.441406,25000000.000
34781,2047,-0.488281,25000000.000
34782,2053,2.441406,25000000.000
34783,2053,2.441406,25000000.000
34784,2064,7.812500,25000000.000
34785,2069,10.253906,25000000.000
34786,2073,12.207031,25000000.000
34787,2073,12.207031,25000000.000
34788,2080,15.625000,25000000.000
34789,2082,16.601562,25000000.000
34790,2081,16.113281,25000000.000
34791,2083,17.089844,25000000.000
34792,2082,16.601562,25000000.000
34793,2080,15.625000,25000000.000
34794,2077,14.160156,25000000.000
34795,2078,14.648438,25000000.000
34796,2070,10.742188,25000000.000
34797,2067,9.277344,25000000.000
34798,2062,6.835938,25000000.000
34799,2061,6.347656,25000000.000
34800,2050,0.976562,25000000.000
34801,2046,-0.976562,25000000.000
34802,2041,-3.417969,25000000.000
34803,2038,-4.882812,25000000.000
34804,2028,-9.765625,25000000.000
34805,2024,-11.718750,25000000.000
34806,2020,-13.671875,25000000.000
34807,2020,-13.671875,25000000.000
34808,2013,-17.089844,25000000.000
34809,2010,-18.554688,25000000.000
34810,2008,-19.531250,25000000.000
34811,2009,-19.042969,25000000.000
34812,2009,-19.042969,25000000.000
34813,2010,-18.554688,25000000.000
34814,2012,-17.578125,25000000.000
34815,2012,-17.578125,25000000.000
34816,2017,-15.136719,25000000.000
34817,2022,-12.695312,25000000.000
34818,2026,-10.742188,25000000.000
34819,2026,-10.742188,25000000.000
34820,2037,-5.371094,25000000.000
34821,2042,-2.929688,25000000.000
34822,2048,0.000000,25000000.000
34823,2048,0.000000,25000000.000
34824,2059,5.371094,25000000.000
34825,2065,8.300781,25000000.000
34826,2070,10.742188,25000000.000
34827,2071,11.230469,25000000.000
34828,2076,13.671875,25000000.000
34829,2079,15.136719,25000000.000
34830,2081,16.113281,25000000.000
34831,2080,15.625000,25000000.000
34832,2082,16.601562,25000000.000
34833,2081,16.113281,25000000.000
34834,2080,15.625000,25000000.000
34835,2080,15.625000,25000000.000
34836,2075,13.183594,25000000.000
34837,2071,11.230469,25000000.000
34838,2066,8.789062,25000000.000
34839,2066,8.789062,25000000.000
34840,2055,3.417969,25000000.000
34841,2050,0.976562,25000000.000
34842,2044,-1.953125,25000000.000
34843,2044,-1.953125,25000000.000
34844,2033,-7.324219,25000000.000
34845,2029,-9.277344,25000000.000
34846,2024,-11.718750,25000000.000
34847,2023,-12.207031,25000000.000
34848,2015,-16.113281,25000000.000
34849,2012,-17.578125,25000000.000
34850,2010,-18.554688,25000000.000
34851,2010,-18.554688,25000000.000
34852,2008,-19.531250,25000000.000
34853,2008,-19.531250,25000000.000
34854,2011,-18.066406,25000000.000
34855,2010,-18.554688,25000000.000
34856,2015,-16.113281,25000000.000
34857,2018,-14.648438,25000000.000
34858,2023,-12.207031,25000000.000
34859,2023,-12.207031,25000000.000
34860,2032,-7.812500,25000000.000
34861,2038,-4.882812,25000000.000
34862,2044,-1.953125,25000000.000
34863,2044,-1.953125,25000000.000
34864,2055,3.417969,25000000.000
34865,2061,6.347656,25000000.000
34866,2065,8.300781,25000000.000
34867,2066,8.789062,25000000.000
34868,2074,12.695312,25000000.000
34869,2076,13.671875,25000000.000
34870,2081,16.113281,25000000.000
34871,2079,15.136719,25000000.000
34872,2082,16.601562,25000000.000
34873,2083,17.089844,25000000.000
34874,2082,16.601562,25000000.000
34875,2082,16.601562,25000000.000
34876,2077,14.160156,25000000.000
34877,2074,12.695312,25000000.000
34878,2071,11.230469,25000000.000
34879,2070,10.742188,25000000.000
34880,2060,5.859375,25000000.000
34881,2055,3.417969,25000000.000
34882,2050,0.976562,25000000.000
34883,2050,0.976562,25000000.000
34884,2039,-4.394531,25000000.000
34885,2034,-6.835938,25000000.000
34886,2028,-9.765625,25000000.000
34887,2028,-9.765625,25000000.000
34888,2020,-13.671875,25000000.000
34889,2016,-15.625000,25000000.000
34890,2013,-17.089844,25000000.000
34891,2013,-17.089844,25000000.000
34892,2010,-18.554688,25000000.000
34893,2009,-19.042969,25000000.000
34894,2010,-18.554688,25000000.000
34895,2010,-18.554688,25000000.000
34896,2012,-17.578125,25000000.000
34897,2017,-15.136719,25000000.000
34898,2019,-14.160156,25000000.000
34899,2020,-13.671875,25000000.000
34900,2028,-9.765625,25000000.000
34901,2033,-7.324219,25000000.000
34902,2039,-4.394531,25000000.000
34903,2039,-4.394531,25000000.000
34904,2049,0.488281,25000000.000
34905,2056,3.906250,25000000.000
34906,2061,6.347656,25000000.000
34907,2062,6.835938,25000000.000
34908,2071,11.230469,25000000.000
34909,2074,12.695312,25000000.000
34910,2077,14.160156,25000000.000
34911,2077,14.160156,25000000.000
34912,2082,16.601562,25000000.000
34913,2083,17.089844,25000000.000
34914,2083,17.089844,25000000.000
34915,2082,16.601562,25000000.000
34916,2080,15.625000,25000000.000
34917,2078,14.648438,25000000.000
34918,2073,12.207031,25000000.000
34919,2074,12.695312,25000000.000
34920,2066,8.789062,25000000.000
34921,2061,6.347656,25000000.000
34922,2056,3.906250,25000000.000
34923,2055,3.417969,25000000.000
34924,2045,-1.464844,25000000.000
34925,2039,-4.394531,25000000.000
34926,2034,-6.835938,25000000.000
34927,2033,-7.324219,25000000.000
34928,2025,-11.230469,25000000.000
34929,2020,-13.671875,25000000.000
34930,2016,-15.625000,25000000.000
34931,2015,-16.113281,25000000.000
34932,2012,-17.578125,25000000.000
34933,2009,-19.042969,25000000.000
34934,2009,-19.042969,25000000.000
34935,2011,-18.066406,25000000.000
34936,2011,-18.066406,25000000.000
34937,2014,-16.601562,25000000.000
34938,2016,-15.625000,25000000.000
34939,2017,-15.136719,25000000.000
34940,2024,-11.718750,25000000.000
34941,2029,-9.277344,25000000.000
34942,2035,-6.347656,25000000.000
34943,2035,-6.347656,25000000.000
34944,2046,-0.976562,25000000.000
34945,2051,1.464844,25000000.000
34946,2056,3.906250,25000000.000
34947,2058,4.882812,25000000.000
34948,2070,10.742188,25000000.000
34949,2072,11.718750,25000000.000
34950,2077,14.160156,25000000.000
34951,2077,14.160156,25000000.000
34952,2081,16.113281,25000000.000
34953,2082,16.601562,25000000.000
34954,2083,17.089844,25000000.000
34955,2083,17.089844,25000000.000
34956,2081,16.113281,25000000.000
34957,2079,15.136719,25000000.000
34958,2076,13.671875,25000000.000
34959,2076,13.671875,25000000.000
34960,2068,9.765625,25000000.000
34961,2064,7.812500,25000000.000
34962,2060,5.859375,25000000.000
34963,2058,4.882812,25000000.000
34964,2048,0.000000,25000000.000
34965,2043,-2.441406,25000000.000
34966,2038,-4.882812,25000000.000
34967,2037,-5.371094,25000000.000
34968,2027,-10.253906,25000000.000
34969,2023,-12.207031,25000000.000
34970,2018,-14.648438,25000000.000
34971,2018,-14.648438,25000000.000
34972,2013,-17.089844,25000000.000
34973,2011,-18.066406,25000000.000
34974,2010,-18.554688,25000000.000
34975,2010,-18.554688,25000000.000
34976,2010,-18.554688,25000000.000
34977,2012,-17.578125,25000000.000
34978,2014,-16.601562,25000000.000
34979,2014,-16.601562,25000000.000
34980,2021,-13.183594,25000000.000
34981,2026,-10.742188,25000000.000
34982,2031,-8.300781,25000000.000
34983,2031,-8.300781,25000000.000
34984,2041,-3.417969,25000000.000
34985,2047,-0.488281,25000000.000
34986,2053,2.441406,25000000.000
34987,2052,1.953125,25000000.000
34988,2063,7.324219,25000000.000
34989,2067,9.277344,25000000.000
34990,2072,11.718750,25000000.000
34991,2072,11.718750,25000000.000
34992,2078,14.648438,25000000.000
34993,2081,16.113281,25000000.000
34994,2082,16.601562,25000000.000
34995,2082,16.601562,25000000.000
34996,2081,16.113281,25000000.000
34997,2083,17.089844,25000000.000
34998,2076,13.671875,25000000.000
34999,2080,15.625000,25000000.000
35000,2071,11.230469,25000000.000
35001,2068,9.765625,25000000.000
35002,2062,6.835938,25000000.000
35003,2062,6.835938,25000000.000
35004,2051,1.464844,25000000.000
35005,2046,-0.976562,25000000.000
35006,2040,-3.906250,25000000.000
35007,2041,-3.417969,25000000.000
35008,2031,-8.300781,25000000.000
35009,2025,-11.230469,25000000.000
35010,2020,-13.671875,25000000.000
35011,2019,-14.160156,25000000.000
35012,2014,-16.601562,25000000.000
35013,2011,-18.066406,25000000.000
35014,2009,-19.042969,25000000.000
35015,2009,-19.042969,25000000.000
35016,2009,-19.042969,25000000.000
35017,2010,-18.554688,25000000.000
35018,2011,-18.066406,25000000.000
35019,2011,-18.066406,25000000.000
35020,2017,-15.136719,25000000.000
35021,2021,-13.183594,25000000.000
35022,2025,-11.230469,25000000.000
35023,2027,-10.253906,25000000.000
35024,2035,-6.347656,25000000.000
35025,2041,-3.417969,25000000.000
35026,2047,-0.488281,25000000.000
35027,2048,0.000000,25000000.000
35028,2059,5.371094,25000000.000
35029,2063,7.324219,25000000.000
35030,2068,9.765625,25000000.000
35031,2069,10.253906,25000000.000
35032,2075,13.183594,25000000.000
35033,2079,15.136719,25000000.000
35034,2080,15.625000,25000000.000
35035,2080,15.625000,25000000.000
35036,2082,16.601562,25000000.000
35037,2081,16.113281,25000000.000
35038,2079,15.136719,25000000.000
35039,2081,16.113281,25000000.000
35040,2075,13.183594,25000000.000
35041,2071,11.230469,25000000.000
35042,2067,9.277344,25000000.000
35043,2065,8.300781,25000000.000
35044,2056,3.906250,25000000.000
35045,2050,0.976562,25000000.000
35046,2045,-1.464844,25000000.000
35047,2045,-1.464844,25000000.000
35048,2035,-6.347656,25000000.000
35049,2029,-9.277344,25000000.000
35050,2025,-11.230469,25000000.000
35051,2024,-11.718750,25000000.000
35052,2016,-15.625000,25000000.000
35053,2014,-16.601562,25000000.000
35054,2010,-18.554688,25000000.000
35055,2010,-18.554688,25000000.000
35056,2009,-19.042969,25000000.000
35057,2008,-19.531250,25000000.000
35058,2009,-19.042969,25000000.000
35059,2010,-18.554688,25000000.000
35060,2014,-16.601562,25000000.000
35061,2018,-14.648438,25000000.000
35062,2022,-12.695312,25000000.000
35063,2022,-12.695312,25000000.000
35064,2031,-8.300781,25000000.000
35065,2036,-5.859375,25000000.000
35066,2041,-3.417969,25000000.000
35067,2044,-1.953125,25000000.000
35068,2055,3.417969,25000000.000
35069,2059,5.371094,25000000.000
35070,2065,8.300781,25000000.000
35071,2065,8.300781,25000000.000
35072,2074,12.695312,25000000.000
35073,2077,14.160156,25000000.000
35074,2078,14.648438,25000000.000
35075,2079,15.136719,25000000.000
35076,2081,16.113281,25000000.000
35077,2082,16.601562,25000000.000
35078,2082,16.601562,25000000.000
35079,2080,15.625000,25000000.000
35080,2078,14.648438,25000000.000
35081,2074,12.695312,25000000.000
35082,2070,10.742188,25000000.000
35083,2070,10.742188,25000000.000
35084,2060,5.859375,25000000.000
35085,2056,3.906250,25000000.000
35086,2050,0.976562,25000000.000
35087,2049,0.488281,25000000.000
35088,2040,-3.906250,25000000.000
35089,2034,-6.835938,25000000.000
35090,2029,-9.277344,25000000.000
35091,2028,-9.765625,25000000.000
35092,2021,-13.183594,25000000.000
35093,2017,-15.136719,25000000.000
35094,2012,-17.578125,25000000.000
35095,2013,-17.089844,25000000.000
35096,2010,-18.554688,25000000.000
35097,2009,-19.042969,25000000.000
35098,2009,-19.042969,25000000.000
35099,2010,-18.554688,25000000.000
35100,2013,-17.089844,25000000.000
35101,2015,-16.113281,25000000.000
35102,2019,-14.160156,25000000.000
35103,2019,-14.160156,25000000.000
35104,2029,-9.277344,25000000.000
35105,2033,-7.324219,25000000.000
35106,2039,-4.394531,25000000.000
35107,2039,-4.394531,25000000.000
35108,2050,0.976562,25000000.000
35109,2055,3.417969,25000000.000
35110,2060,5.859375,25000000.000
35111,2062,6.835938,25000000.000
35112,2071,11.230469,25000000.000
35113,2074,12.695312,25000000.000
35114,2078,14.648438,25000000.000
35115,2079,15.136719,25000000.000
35116,2082,16.601562,25000000.000
35117,2083,17.089844,25000000.000
35118,2082,16.601562,25000000.000
35119,2083,17.089844,25000000.000
35120,2081,16.113281,25000000.000
35121,2077,14.160156,25000000.000
35122,2074,12.695312,25000000.000
35123,2075,13.183594,25000000.000
35124,2065,8.300781,25000000.000
35125,2061,6.347656,25000000.000
35126,2056,3.906250,25000000.000
35127,2056,3.906250,25000000.000
35128,2045,-1.464844,25000000.000
35129,2039,-4.394531,25000000.000
35130,2032,-7.812500,25000000.000
35131,2034,-6.835938,25000000.000
35132,2024,-11.718750,25000000.000
35133,2020,-13.671875,25000000.000
35134,2016,-15.625000,25000000.000
35135,2015,-16.113281,25000000.000
35136,2011,-18.066406,25000000.000
35137,2009,-19.042969,25000000.000
35138,2009,-19.042969,25000000.000
35139,2009,-19.042969,25000000.000
35140,2011,-18.066406,25000000.000
35141,2012,-17.578125,25000000.000
35142,2016,-15.625000,25000000.000
35143,2015,-16.113281,25000000.000
35144,2023,-12.207031,25000000.000
35145,2029,-9.277344,25000000.000
35146,2033,-7.324219,25000000.000
35147,2033,-7.324219,25000000.000
35148,2044,-1.953125,25000000.000
35149,2050,0.976562,25000000.000
35150,2056,3.906250,25000000.000
35151,2057,4.394531,25000000.000
35152,2066,8.789062,25000000.000
35153,2071,11.230469,25000000.000
35154,2075,13.183594,25000000.000
35155,2076,13.671875,25000000.000
35156,2080,15.625000,25000000.000
35157,2082,16.601562,25000000.000
35158,2082,16.601562,25000000.000
35159,2083,17.089844,25000000.000
35160,2081,16.113281,25000000.000
35161,2080,15.625000,25000000.000
35162,2077,14.160156,25000000.000
35163,2077,14.160156,25000000.000
35164,2070,10.742188,25000000.000
35165,2065,8.300781,25000000.000
35166,2060,5.859375,25000000.000
35167,2060,5.859375,25000000.000
35168,2050,0.976562,25000000.000
35169,2044,-1.953125,25000000.000
35170,2038,-4.882812,25000000.000
35171,2037,-5.371094,25000000.000
35172,2028,-9.765625,25000000.000
35173,2023,-12.207031,25000000.000
35174,2019,-14.160156,25000000.000
35175,2018,-14.648438,25000000.000
35176,2013,-17.089844,25000000.000
35177,2011,-18.066406,25000000.000
35178,2009,-19.042969,25000000.000
35179,2009,-19.042969,25000000.000
35180,2010,-18.554688,25000000.000
35181,2011,-18.066406,25000000.000
35182,2014,-16.601562,25000000.000
35183,2013,-17.089844,25000000.000
35184,2019,-14.160156,25000000.000
35185,2024,-11.718750,25000000.000
35186,2029,-9.277344,25000000.000
35187,2030,-8.789062,25000000.000
35188,2040,-3.906250,25000000.000
35189,2046,-0.976562,25000000.000
35190,2051,1.464844,25000000.000
35191,2051,1.464844,25000000.000
35192,2062,6.835938,25000000.000
35193,2068,9.765625,25000000.000
35194,2071,11.230469,25000000.000
35195,2072,11.718750,25000000.000
35196,2078,14.648438,25000000.000
35197,2080,15.625000,25000000.000
35198,2081,16.113281,25000000.000
35199,2081,16.113281,25000000.000
35200,2082,16.601562,25000000.000
35201,2080,15.625000,25000000.000
35202,2079,15.136719,25000000.000
35203,2079,15.136719,25000000.000
35204,2072,11.718750,25000000.000
35205,2068,9.765625,25000000.000
35206,2063,7.324219,25000000.000
35207,2063,7.324219,25000000.000
35208,2053,2.441406,25000000.000
35209,2048,0.000000,25000000.000
35210,2043,-2.441406,25000000.000
35211,2041,-3.417969,25000000.000
35212,2031,-8.300781,25000000.000
35213,2026,-10.742188,25000000.000
35214,2021,-13.183594,25000000.000
35215,2021,-13.183594,25000000.000
35216,2014,-16.601562,25000000.000
35217,2012,-17.578125,25000000.000
35218,2010,-18.554688,25000000.000
35219,2009,-19.042969,25000000.000
35220,2009,-19.042969,25000000.000
35221,2008,-19.531250,25000000.000
35222,2010,-18.554688,25000000.000
35223,2010,-18.554688,25000000.000
35224,2016,-15.625000,25000000.000
35225,2020,-13.671875,25000000.000
35226,2024,-11.718750,25000000.000
35227,2025,-11.230469,25000000.000
35228,2034,-6.835938,25000000.000
35229,2040,-3.906250,25000000.000
35230,2046,-0.976562,25000000.000
35231,2046,-0.976562,25000000.000
35232,2058,4.882812,25000000.000
35233,2063,7.324219,25000000.000
35234,2067,9.277344,25000000.000
35235,2068,9.765625,25000000.000
35236,2076,13.671875,25000000.000
35237,2078,14.648438,25000000.000
35238,2081,16.113281,25000000.000
35239,2081,16.113281,25000000.000
35240,2083,17.089844,25000000.000
35241,2082,16.601562,25000000.000
35242,2081,16.113281,25000000.000
35243,2080,15.625000,25000000.000
35244,2076,13.671875,25000000.000
35245,2072,11.718750,25000000.000
35246,2068,9.765625,25000000.000
35247,2067,9.277344,25000000.000
35248,2058,4.882812,25000000.000
35249,2052,1.953125,25000000.000
35250,2047,-0.488281,25000000.000
35251,2047,-0.488281,25000000.000
35252,2035,-6.347656,25000000.000
35253,2030,-8.789062,25000000.000
35254,2026,-10.742188,25000000.000
35255,2025,-11.230469,25000000.000
35256,2017,-15.136719,25000000.000
35257,2014,-16.601562,25000000.000
35258,2012,-17.578125,25000000.000
35259,2010,-18.554688,25000000.000
35260,2009,-19.042969,25000000.000
35261,2008,-19.531250,25000000.000
35262,2009,-19.042969,25000000.000
35263,2009,-19.042969,25000000.000
35264,2013,-17.089844,25000000.000
35265,2017,-15.136719,25000000.000
35266,2020,-13.671875,25000000.000
35267,2021,-13.183594,25000000.000
35268,2030,-8.789062,25000000.000
35269,2036,-5.859375,25000000.000
35270,2041,-3.417969,25000000.000
35271,2041,-3.417969,25000000.000
35272,2053,2.441406,25000000.000
35273,2058,4.882812,25000000.000
35274,2063,7.324219,25000000.000
35275,2064,7.812500,25000000.000
35276,2072,11.718750,25000000.000
35277,2077,14.160156,25000000.000
35278,2078,14.648438,25000000.000
35279,2079,15.136719,25000000.000
35280,2082,16.601562,25000000.000
35281,2083,17.089844,25000000.000
35282,2082,16.601562,25000000.000
35283,2083,17.089844,25000000.000
35284,2079,15.136719,25000000.000
35285,2076,13.671875,25000000.000
35286,2072,11.718750,25000000.000
35287,2073,12.207031,25000000.000
35288,2063,7.324219,25000000.000
35289,2058,4.882812,25000000.000
35290,2052,1.953125,25000000.000
35291,2052,1.953125,25000000.000
35292,2041,-3.417969,25000000.000
35293,2036,-5.859375,25000000.000
35294,2029,-9.277344,25000000.000
35295,2035,-6.347656,25000000.000
35296,2025,-11.230469,25000000.000
35297,2018,-14.648438,25000000.000
35298,2014,-16.601562,25000000.000
35299,2016,-15.625000,25000000.000
35300,2010,-18.554688,25000000.000
35301,2010,-18.554688,25000000.000
35302,2010,-18.554688,25000000.000
35303,2009,-19.042969,25000000.000
35304,2012,-17.578125,25000000.000
35305,2015,-16.113281,25000000.000
35306,2018,-14.648438,25000000.000
35307,2017,-15.136719,25000000.000
35308,2028,-9.765625,25000000.000
35309,2032,-7.812500,25000000.000
35310,2037,-5.371094,25000000.000
35311,2036,-5.859375,25000000.000
35312,2048,0.000000,25000000.000
35313,2054,2.929688,25000000.000
35314,2059,5.371094,25000000.000
35315,2060,5.859375,25000000.000
35316,2069,10.253906,25000000.000
35317,2074,12.695312,25000000.000
35318,2077,14.160156,25000000.000
35319,2077,14.160156,25000000.000
35320,2081,16.113281,25000000.000
35321,2081,16.113281,25000000.000
35322,2082,16.601562,25000000.000
35323,2082,16.601562,25000000.000
35324,2080,15.625000,25000000.000
35325,2078,14.648438,25000000.000
35326,2075,13.183594,25000000.000
35327,2075,13.183594,25000000.000
35328,2066,8.789062,25000000.000
35329,2062,6.835938,25000000.000
35330,2056,3.906250,25000000.000
35331,2056,3.906250,25000000.000
35332,2046,-0.976562,25000000.000
35333,2041,-3.417969,25000000.000
35334,2035,-6.347656,25000000.000
35335,2034,-6.835938,25000000.000
35336,2026,-10.742188,25000000.000
35337,2023,-12.207031,25000000.000
35338,2015,-16.113281,25000000.000
35339,2018,-14.648438,25000000.000
35340,2013,-17.089844,25000000.000
35341,2010,-18.554688,25000000.000
35342,2009,-19.042969,25000000.000
35343,2010,-18.554688,25000000.000
35344,2010,-18.554688,25000000.000
35345,2014,-16.601562,25000000.000
35346,2015,-16.113281,25000000.000
35347,2016,-15.625000,25000000.000
35348,2023,-12.207031,25000000.000
35349,2027,-10.253906,25000000.000
35350,2032,-7.812500,25000000.000
35351,2032,-7.812500,25000000.000
35352,2044,-1.953125,25000000.000
35353,2049,0.488281,25000000.000
35354,2055,3.417969,25000000.000
35355,2055,3.417969,25000000.000
35356,2065,8.300781,25000000.000
35357,2071,11.230469,25000000.000
35358,2074,12.695312,25000000.000
35359,2075,13.183594,25000000.000
35360,2080,15.625000,25000000.000
35361,2082,16.601562,25000000.000
35362,2083,17.089844,25000000.000
35363,2083,17.089844,25000000.000
35364,2083,17.089844,25000000.000
35365,2081,16.113281,25000000.000
35366,2078,14.648438,25000000.000
35367,2078,14.648438,25000000.000
35368,2071,11.230469,25000000.000
35369,2066,8.789062,25000000.000
35370,2061,6.347656,25000000.000
35371,2061,6.347656,25000000.000
35372,2051,1.464844,25000000.000
35373,2045,-1.464844,25000000.000
35374,2040,-3.906250,25000000.000
35375,2040,-3.906250,25000000.000
35376,2029,-9.277344,25000000.000
35377,2024,-11.718750,25000000.000
35378,2020,-13.671875,25000000.000
35379,2019,-14.160156,25000000.000
35380,2013,-17.089844,25000000.000
35381,2011,-18.066406,25000000.000
35382,2010,-18.554688,25000000.000
35383,2009,-19.042969,25000000.000
35384,2009,-19.042969,25000000.000
35385,2010,-18.554688,25000000.000
35386,2013,-17.089844,25000000.000
35387,2013,-17.089844,25000000.000
35388,2019,-14.160156,25000000.000
35389,2023,-12.207031,25000000.000
35390,2028,-9.765625,25000000.000
35391,2028,-9.765625,25000000.000
35392,2038,-4.882812,25000000.000
35393,2043,-2.441406,25000000.000
35394,2049,0.488281,25000000.000
35395,2050,0.976562,25000000.000
35396,2061,6.347656,25000000.000
35397,2066,8.789062,25000000.000
35398,2070,10.742188,25000000.000
35399,2070,10.742188,25000000.000
35400,2077,14.160156,25000000.000
35401,2079,15.136719,25000000.000
35402,2081,16.113281,25000000.000
35403,2081,16.113281,25000000.000
35404,2083,17.089844,25000000.000
35405,2081,16.113281,25000000.000
35406,2079,15.136719,25000000.000
35407,2079,15.136719,25000000.000
35408,2073,12.207031,25000000.000
35409,2071,11.230469,25000000.000
35410,2065,8.300781,25000000.000
35411,2063,7.324219,25000000.000
35412,2055,3.417969,25000000.000
35413,2050,0.976562,25000000.000
35414,2043,-2.441406,25000000.000
35415,2044,-1.953125,25000000.000
35416,2033,-7.324219,25000000.000
35417,2027,-10.253906,25000000.000
35418,2024,-11.718750,25000000.000
35419,2023,-12.207031,25000000.000
35420,2015,-16.113281,25000000.000
35421,2012,-17.578125,25000000.000
35422,2010,-18.554688,25000000.000
35423,2011,-18.066406,25000000.000
35424,2009,-19.042969,25000000.000
35425,2010,-18.554688,25000000.000
35426,2010,-18.554688,25000000.000
35427,2011,-18.066406,25000000.000
35428,2016,-15.625000,25000000.000
35429,2019,-14.160156,25000000.000
35430,2022,-12.695312,25000000.000
35431,2023,-12.207031,25000000.000
35432,2033,-7.324219,25000000.000
35433,2038,-4.882812,25000000.000
35434,2045,-1.464844,25000000.000
35435,2045,-1.464844,25000000.000
35436,2056,3.906250,25000000.000
35437,2062,6.835938,25000000.000
35438,2066,8.789062,25000000.000
35439,2066,8.789062,25000000.000
35440,2074,12.695312,25000000.000
35441,2077,14.160156,25000000.000
35442,2080,15.625000,25000000.000
35443,2080,15.625000,25000000.000
35444,2083,17.089844,25000000.000
35445,2083,17.089844,25000000.000
35446,2081,16.113281,25000000.000
35447,2080,15.625000,25000000.000
35448,2077,14.160156,25000000.000
35449,2073,12.207031,25000000.000
35450,2069,10.253906,25000000.000
35451,2068,9.765625,25000000.000
35452,2060,5.859375,25000000.000
35453,2054,2.929688,25000000.000
35454,2049,0.488281,25000000.000
35455,2048,0.000000,25000000.000
35456,2037,-5.371094,25000000.000
35457,2031,-8.300781,25000000.000
35458,2026,-10.742188,25000000.000
35459,2026,-10.742188,25000000.000
35460,2018,-14.648438,25000000.000
35461,2015,-16.113281,25000000.000
35462,2012,-17.578125,25000000.000
35463,2011,-18.066406,25000000.000
35464,2008,-19.531250,25000000.000
35465,2008,-19.531250,25000000.000
35466,2009,-19.042969,25000000.000
35467,2009,-19.042969,25000000.000
35468,2012,-17.578125,25000000.000
35469,2016,-15.625000,25000000.000
35470,2019,-14.160156,25000000.000
35471,2020,-13.671875,25000000.000
35472,2029,-9.277344,25000000.000
35473,2035,-6.347656,25000000.000
35474,2040,-3.906250,25000000.000
35475,2040,-3.906250,25000000.000
35476,2051,1.464844,25000000.000
35477,2058,4.882812,25000000.000
35478,2063,7.324219,25000000.000
35479,2063,7.324219,25000000.000
35480,2072,11.718750,25000000.000
35481,2076,13.671875,25000000.000
35482,2079,15.136719,25000000.000
35483,2080,15.625000,25000000.000
35484,2083,17.089844,25000000.000
35485,2083,17.089844,25000000.000
35486,2082,16.601562,25000000.000
35487,2082,16.601562,25000000.000
35488,2080,15.625000,25000000.000
35489,2076,13.671875,25000000.000
35490,2073,12.207031,25000000.000
35491,2072,11.718750,25000000.000
35492,2064,7.812500,25000000.000
35493,2060,5.859375,25000000.000
35494,2054,2.929688,25000000.000
35495,2054,2.929688,25000000.000
35496,2042,-2.929688,25000000.000
35497,2037,-5.371094,25000000.000
35498,2031,-8.300781,25000000.000
35499,2031,-8.300781,25000000.000
35500,2023,-12.207031,25000000.000
35501,2018,-14.648438,25000000.000
35502,2016,-15.625000,25000000.000
35503,2015,-16.113281,25000000.000
35504,2011,-18.066406,25000000.000
35505,2010,-18.554688,25000000.000
35506,2009,-19.042969,25000000.000
35507,2009,-19.042969,25000000.000
35508,2011,-18.066406,25000000.000
35509,2013,-17.089844,25000000.000
35510,2016,-15.625000,25000000.000
35511,2018,-14.648438,25000000.000
35512,2026,-10.742188,25000000.000
35513,2030,-8.789062,25000000.000
35514,2035,-6.347656,25000000.000
35515,2035,-6.347656,25000000.000
35516,2046,-0.976562,25000000.000
35517,2052,1.953125,25000000.000
35518,2058,4.882812,25000000.000
35519,2058,4.882812,25000000.000
35520,2069,10.253906,25000000.000
35521,2073,12.207031,25000000.000
35522,2077,14.160156,25000000.000
35523,2077,14.160156,25000000.000
35524,2082,16.601562,25000000.000
35525,2083,17.089844,25000000.000
35526,2083,17.089844,25000000.000
35527,2083,17.089844,25000000.000
35528,2081,16.113281,25000000.000
35529,2078,14.648438,25000000.000
35530,2077,14.160156,25000000.000
35531,2076,13.671875,25000000.000
35532,2068,9.765625,25000000.000
35533,2063,7.324219,25000000.000
35534,2057,4.394531,25000000.000
35535,2058,4.882812,25000000.000
35536,2047,-0.488281,25000000.000
35537,2042,-2.929688,25000000.000
35538,2035,-6.347656,25000000.000
35539,2036,-5.859375,25000000.000
35540,2026,-10.742188,25000000.000
35541,2021,-13.183594,25000000.000
35542,2018,-14.648438,25000000.000
35543,2018,-14.648438,25000000.000
35544,2012,-17.578125,25000000.000
35545,2010,-18.554688,25000000.000
35546,2009,-19.042969,25000000.000
35547,2009,-19.042969,25000000.000
35548,2011,-18.066406,25000000.000
35549,2012,-17.578125,25000000.000
35550,2015,-16.113281,25000000.000
35551,2015,-16.113281,25000000.000
35552,2022,-12.695312,25000000.000
35553,2026,-10.742188,25000000.000
35554,2031,-8.300781,25000000.000
35555,2032,-7.812500,25000000.000
35556,2041,-3.417969,25000000.000
35557,2046,-0.976562,25000000.000
35558,2049,0.488281,25000000.000
35559,2050,0.976562,25000000.000
35560,2065,8.300781,25000000.000
35561,2070,10.742188,25000000.000
35562,2072,11.718750,25000000.000
35563,2070,10.742188,25000000.000
35564,2078,14.648438,25000000.000
35565,2079,15.136719,25000000.000
35566,2082,16.601562,25000000.000
35567,2082,16.601562,25000000.000
35568,2081,16.113281,25000000.000
35569,2080,15.625000,25000000.000
35570,2077,14.160156,25000000.000
35571,2077,14.160156,25000000.000
35572,2072,11.718750,25000000.000
35573,2067,9.277344,25000000.000
35574,2062,6.835938,25000000.000
35575,2063,7.324219,25000000.000
35576,2053,2.441406,25000000.000
35577,2047,-0.488281,25000000.000
35578,2042,-2.929688,25000000.000
35579,2040,-3.906250,25000000.000
35580,2031,-8.300781,25000000.000
35581,2026,-10.742188,25000000.000
35582,2021,-13.183594,25000000.000
35583,2021,-13.183594,25000000.000
35584,2014,-16.601562,25000000.000
35585,2012,-17.578125,25000000.000
35586,2009,-19.042969,25000000.000
35587,2010,-18.554688,25000000.000
35588,2008,-19.531250,25000000.000
35589,2009,-19.042969,25000000.000
35590,2010,-18.554688,25000000.000
35591,2011,-18.066406,25000000.000
35592,2017,-15.136719,25000000.000
35593,2021,-13.183594,25000000.000
35594,2026,-10.742188,25000000.000
35595,2025,-11.230469,25000000.000
35596,2037,-5.371094,25000000.000
35597,2042,-2.929688,25000000.000
35598,2048,0.000000,25000000.000
35599,2048,0.000000,25000000.000
35600,2058,4.882812,25000000.000
35601,2064,7.812500,25000000.000
35602,2070,10.742188,25000000.000
35603,2070,10.742188,25000000.000
35604,2077,14.160156,25000000.000
35605,2080,15.625000,25000000.000
35606,2082,16.601562,25000000.000
35607,2082,16.601562,25000000.000
35608,2083,17.089844,25000000.000
35609,2082,16.601562,25000000.000
35610,2080,15.625000,25000000.000
35611,2080,15.625000,25000000.000
35612,2075,13.183594,25000000.000
35613,2071,11.230469,25000000.000
35614,2066,8.789062,25000000.000
35615,2065,8.300781,25000000.000
35616,2055,3.417969,25000000.000
35617,2051,1.464844,25000000.000
35618,2045,-1.464844,25000000.000
35619,2044,-1.953125,25000000.000
35620,2034,-6.835938,25000000.000
35621,2029,-9.277344,25000000.000
35622,2025,-11.230469,25000000.000
35623,2023,-12.207031,25000000.000
35624,2016,-15.625000,25000000.000
35625,2012,-17.578125,25000000.000
35626,2011,-18.066406,25000000.000
35627,2010,-18.554688,25000000.000
35628,2008,-19.531250,25000000.000
35629,2008,-19.531250,25000000.000
35630,2009,-19.042969,25000000.000
35631,2010,-18.554688,25000000.000
35632,2015,-16.113281,25000000.000
35633,2018,-14.648438,25000000.000
35634,2022,-12.695312,25000000.000
35635,2023,-12.207031,25000000.000
35636,2032,-7.812500,25000000.000
35637,2038,-4.882812,25000000.000
35638,2043,-2.441406,25000000.000
35639,2044,-1.953125,25000000.000
35640,2055,3.417969,25000000.000
35641,2059,5.371094,25000000.000
35642,2063,7.324219,25000000.000
35643,2064,7.812500,25000000.000
35644,2073,12.207031,25000000.000
35645,2074,12.695312,25000000.000
35646,2080,15.625000,25000000.000
35647,2079,15.136719,25000000.000
35648,2082,16.601562,25000000.000
35649,2082,16.601562,25000000.000
35650,2080,15.625000,25000000.000
35651,2081,16.113281,25000000.000
35652,2077,14.160156,25000000.000
35653,2074,12.695312,25000000.000
35654,2070,10.742188,25000000.000
35655,2070,10.742188,25000000.000
35656,2060,5.859375,25000000.000
35657,2056,3.906250,25000000.000
35658,2050,0.976562,25000000.000
35659,2050,0.976562,25000000.000
35660,2039,-4.394531,25000000.000
35661,2034,-6.835938,25000000.000
35662,2029,-9.277344,25000000.000
35663,2028,-9.765625,25000000.000
35664,2020,-13.671875,25000000.000
35665,2015,-16.113281,25000000.000
35666,2013,-17.089844,25000000.000
35667,2014,-16.601562,25000000.000
35668,2010,-18.554688,25000000.000
35669,2007,-20.019531,25000000.000
35670,2009,-19.042969,25000000.000
35671,2010,-18.554688,25000000.000
35672,2012,-17.578125,25000000.000
35673,2015,-16.113281,25000000.000
35674,2018,-14.648438,25000000.000
35675,2019,-14.160156,25000000.000
35676,2027,-10.253906,25000000.000
35677,2034,-6.835938,25000000.000
35678,2038,-4.882812,25000000.000
35679,2040,-3.906250,25000000.000
35680,2050,0.976562,25000000.000
35681,2056,3.906250,25000000.000
35682,2062,6.835938,25000000.000
35683,2062,6.835938,25000000.000
35684,2070,10.742188,25000000.000
35685,2075,13.183594,25000000.000
35686,2078,14.648438,25000000.000
35687,2078,14.648438,25000000.000
35688,2082,16.601562,25000000.000
35689,2083,17.089844,25000000.000
35690,2082,16.601562,25000000.000
35691,2083,17.089844,25000000.000
35692,2081,16.113281,25000000.000
35693,2077,14.160156,25000000.000
35694,2074,12.695312,25000000.000
35695,2073,12.207031,25000000.000
35696,2065,8.300781,25000000.000
35697,2059,5.371094,25000000.000
35698,2055,3.417969,25000000.000
35699,2055,3.417969,25000000.000
35700,2043,-2.441406,25000000.000
35701,2039,-4.394531,25000000.000
35702,2033,-7.324219,25000000.000
35703,2032,-7.812500,25000000.000
35704,2023,-12.207031,25000000.000
35705,2019,-14.160156,25000000.000
35706,2014,-16.601562,25000000.000
35707,2015,-16.113281,25000000.000
35708,2010,-18.554688,25000000.000
35709,2009,-19.042969,25000000.000
35710,2008,-19.531250,25000000.000
35711,2008,-19.531250,25000000.000
35712,2010,-18.554688,25000000.000
35713,2013,-17.089844,25000000.000
35714,2016,-15.625000,25000000.000
35715,2017,-15.136719,25000000.000
35716,2024,-11.718750,25000000.000
35717,2030,-8.789062,25000000.000
35718,2034,-6.835938,25000000.000
35719,2035,-6.347656,25000000.000
35720,2046,-0.976562,25000000.000
35721,2051,1.464844,25000000.000
35722,2056,3.906250,25000000.000
35723,2059,5.371094,25000000.000
35724,2068,9.765625,25000000.000
35725,2072,11.718750,25000000.000
35726,2077,14.160156,25000000.000
35727,2076,13.671875,25000000.000
35728,2082,16.601562,25000000.000
35729,2082,16.601562,25000000.000
35730,2083,17.089844,25000000.000
35731,2083,17.089844,25000000.000
35732,2082,16.601562,25000000.000
35733,2080,15.625000,25000000.000
35734,2076,13.671875,25000000.000
35735,2077,14.160156,25000000.000
35736,2070,10.742188,25000000.000
35737,2065,8.300781,25000000.000
35738,2061,6.347656,25000000.000
35739,2059,5.371094,25000000.000
35740,2049,0.488281,25000000.000
35741,2044,-1.953125,25000000.000
35742,2038,-4.882812,25000000.000
35743,2037,-5.371094,25000000.000
35744,2028,-9.765625,25000000.000
35745,2023,-12.207031,25000000.000
35746,2019,-14.160156,25000000.000
35747,2019,-14.160156,25000000.000
35748,2013,-17.089844,25000000.000
35749,2011,-18.066406,25000000.000
35750,2009,-19.042969,25000000.000
35751,2009,-19.042969,25000000.000
35752,2010,-18.554688,25000000.000
35753,2012,-17.578125,25000000.000
35754,2014,-16.601562,25000000.000
35755,2014,-16.601562,25000000.000
35756,2021,-13.183594,25000000.000
35757,2025,-11.230469,25000000.000
35758,2030,-8.789062,25000000.000
35759,2031,-8.300781,25000000.000
35760,2041,-3.417969,25000000.000
35761,2046,-0.976562,25000000.000
35762,2051,1.464844,25000000.000
35763,2052,1.953125,25000000.000
35764,2063,7.324219,25000000.000
35765,2068,9.765625,25000000.000
35766,2072,11.718750,25000000.000
35767,2073,12.207031,25000000.000
35768,2079,15.136719,25000000.000
35769,2081,16.113281,25000000.000
35770,2081,16.113281,25000000.000
35771,2082,16.601562,25000000.000
35772,2082,16.601562,25000000.000
35773,2080,15.625000,25000000.000
35774,2078,14.648438,25000000.000
35775,2079,15.136719,25000000.000
35776,2071,11.230469,25000000.000
35777,2068,9.765625,25000000.000
35778,2063,7.324219,25000000.000
35779,2063,7.324219,25000000.000
35780,2054,2.929688,25000000.000
35781,2048,0.000000,25000000.000
35782,2043,-2.441406,25000000.000
35783,2042,-2.929688,25000000.000
35784,2032,-7.812500,25000000.000
35785,2026,-10.742188,25000000.000
35786,2022,-12.695312,25000000.000
35787,2022,-12.695312,25000000.000
35788,2014,-16.601562,25000000.000
35789,2012,-17.578125,25000000.000
35790,2010,-18.554688,25000000.000
35791,2010,-18.554688,25000000.000
35792,2008,-19.531250,25000000.000
35793,2010,-18.554688,25000000.000
35794,2011,-18.066406,25000000.000
35795,2010,-18.554688,25000000.000
35796,2017,-15.136719,25000000.000
35797,2020,-13.671875,25000000.000
35798,2024,-11.718750,25000000.000
35799,2026,-10.742188,25000000.000
35800,2035,-6.347656,25000000.000
35801,2040,-3.906250,25000000.000
35802,2046,-0.976562,25000000.000
35803,2046,-0.976562,25000000.000
35804,2058,4.882812,25000000.000
35805,2063,7.324219,25000000.000
35806,2068,9.765625,25000000.000
35807,2069,10.253906,25000000.000
35808,2076,13.671875,25000000.000
35809,2079,15.136719,25000000.000
35810,2081,16.113281,25000000.000
35811,2081,16.113281,25000000.000
35812,2083,17.089844,25000000.000
35813,2082,16.601562,25000000.000
35814,2080,15.625000,25000000.000
35815,2081,16.113281,25000000.000
35816,2075,13.183594,25000000.000
35817,2072,11.718750,25000000.000
35818,2069,10.253906,25000000.000
35819,2067,9.277344,25000000.000
35820,2059,5.371094,25000000.000
35821,2052,1.953125,25000000.000
35822,2047,-0.488281,25000000.000
35823,2045,-1.464844,25000000.000
35824,2035,-6.347656,25000000.000
35825,2031,-8.300781,25000000.000
35826,2024,-11.718750,25000000.000
35827,2024,-11.718750,25000000.000
35828,2016,-15.625000,25000000.000
35829,2013,-17.089844,25000000.000
35830,2011,-18.066406,25000000.000
35831,2011,-18.066406,25000000.000
35832,2009,-19.042969,25000000.000
35833,2007,-20.019531,25000000.000
35834,2009,-19.042969,25000000.000
35835,2009,-19.042969,25000000.000
35836,2013,-17.089844,25000000.000
35837,2017,-15.136719,25000000.000
35838,2022,-12.695312,25000000.000
35839,2020,-13.671875,25000000.000
35840,2032,-7.812500,25000000.000
35841,2036,-5.859375,25000000.000
35842,2042,-2.929688,25000000.000
35843,2042,-2.929688,25000000.000
35844,2054,2.929688,25000000.000
35845,2059,5.371094,25000000.000
35846,2063,7.324219,25000000.000
35847,2064,7.812500,25000000.000
35848,2073,12.207031,25000000.000
35849,2078,14.648438,25000000.000
35850,2079,15.136719,25000000.000
35851,2079,15.136719,25000000.000
35852,2082,16.601562,25000000.000
35853,2082,16.601562,25000000.000
35854,2081,16.113281,25000000.000
35855,2082,16.601562,25000000.000
35856,2078,14.648438,25000000.000
35857,2075,13.183594,25000000.000
35858,2071,11.230469,25000000.000
35859,2070,10.742188,25000000.000
35860,2063,7.324219,25000000.000
35861,2056,3.906250,25000000.000
35862,2052,1.953125,25000000.000
35863,2050,0.976562,25000000.000
35864,2040,-3.906250,25000000.000
35865,2034,-6.835938,25000000.000
35866,2029,-9.277344,25000000.000
35867,2029,-9.277344,25000000.000
35868,2021,-13.183594,25000000.000
35869,2017,-15.136719,25000000.000
35870,2015,-16.113281,25000000.000
35871,2014,-16.601562,25000000.000
35872,2010,-18.554688,25000000.000
35873,2009,-19.042969,25000000.000
35874,2009,-19.042969,25000000.000
35875,2010,-18.554688,25000000.000
35876,2013,-17.089844,25000000.000
35877,2015,-16.113281,25000000.000
35878,2019,-14.160156,25000000.000
35879,2019,-14.160156,25000000.000
35880,2027,-10.253906,25000000.000
35881,2032,-7.812500,25000000.000
35882,2039,-4.394531,25000000.000
35883,2038,-4.882812,25000000.000
35884,2050,0.976562,25000000.000
35885,2055,3.417969,25000000.000
35886,2060,5.859375,25000000.000
35887,2061,6.347656,25000000.000
35888,2071,11.230469,25000000.000
35889,2073,12.207031,25000000.000
35890,2077,14.160156,25000000.000
35891,2077,14.160156,25000000.000
35892,2081,16.113281,25000000.000
35893,2082,16.601562,25000000.000
35894,2083,17.089844,25000000.000
35895,2082,16.601562,25000000.000
35896,2080,15.625000,25000000.000
35897,2077,14.160156,25000000.000
35898,2075,13.183594,25000000.000
35899,2074,12.695312,25000000.000
35900,2065,8.300781,25000000.000
35901,2061,6.347656,25000000.000
35902,2057,4.394531,25000000.000
35903,2056,3.906250,25000000.000
35904,2044,-1.953125,25000000.000
35905,2041,-3.417969,25000000.000
35906,2034,-6.835938,25000000.000
35907,2033,-7.324219,25000000.000
35908,2025,-11.230469,25000000.000
35909,2021,-13.183594,25000000.000
35910,2016,-15.625000,25000000.000
35911,2016,-15.625000,25000000.000
35912,2012,-17.578125,25000000.000
35913,2010,-18.554688,25000000.000
35914,2009,-19.042969,25000000.000
35915,2009,-19.042969,25000000.000
35916,2010,-18.554688,25000000.000
35917,2013,-17.089844,25000000.000
35918,2016,-15.625000,25000000.000
35919,2015,-16.113281,25000000.000
35920,2023,-12.207031,25000000.000
35921,2028,-9.765625,25000000.000
35922,2034,-6.835938,25000000.000
35923,2033,-7.324219,25000000.000
35924,2044,-1.953125,25000000.000
35925,2050,0.976562,25000000.000
35926,2055,3.417969,25000000.000
35927,2055,3.417969,25000000.000
35928,2066,8.789062,25000000.000
35929,2070,10.742188,25000000.000
35930,2075,13.183594,25000000.000
35931,2075,13.183594,25000000.000
35932,2081,16.113281,25000000.000
35933,2082,16.601562,25000000.000
35934,2083,17.089844,25000000.000
35935,2083,17.089844,25000000.000
35936,2082,16.601562,25000000.000
35937,2080,15.625000,25000000.000
35938,2077,14.160156,25000000.000
35939,2077,14.160156,25000000.000
35940,2070,10.742188,25000000.000
35941,2066,8.789062,25000000.000
35942,2061,6.347656,25000000.000
35943,2060,5.859375,25000000.000
35944,2051,1.464844,25000000.000
35945,2044,-1.953125,25000000.000
35946,2039,-4.394531,25000000.000
35947,2038,-4.882812,25000000.000
35948,2029,-9.277344,25000000.000
35949,2023,-12.207031,25000000.000
35950,2020,-13.671875,25000000.000
35951,2020,-13.671875,25000000.000
35952,2012,-17.578125,25000000.000
35953,2010,-18.554688,25000000.000
35954,2009,-19.042969,25000000.000
35955,2009,-19.042969,25000000.000
35956,2009,-19.042969,25000000.000
35957,2010,-18.554688,25000000.000
35958,2013,-17.089844,25000000.000
35959,2013,-17.089844,25000000.000
35960,2020,-13.671875,25000000.000
35961,2024,-11.718750,25000000.000
35962,2028,-9.765625,25000000.000
35963,2030,-8.789062,25000000.000
35964,2038,-4.882812,25000000.000
35965,2045,-1.464844,25000000.000
35966,2050,0.976562,25000000.000
35967,2051,1.464844,25000000.000
35968,2061,6.347656,25000000.000
35969,2066,8.789062,25000000.000
35970,2071,11.230469,25000000.000
35971,2071,11.230469,25000000.000
35972,2078,14.648438,25000000.000
35973,2080,15.625000,25000000.000
35974,2081,16.113281,25000000.000
35975,2082,16.601562,25000000.000
35976,2081,16.113281,25000000.000
35977,2080,15.625000,25000000.000
35978,2078,14.648438,25000000.000
35979,2079,15.136719,25000000.000
35980,2073,12.207031,25000000.000
35981,2068,9.765625,25000000.000
35982,2064,7.812500,25000000.000
35983,2064,7.812500,25000000.000
35984,2054,2.929688,25000000.000
35985,2049,0.488281,25000000.000
35986,2042,-2.929688,25000000.000
35987,2041,-3.417969,25000000.000
35988,2031,-8.300781,25000000.000
35989,2027,-10.253906,25000000.000
35990,2023,-12.207031,25000000.000
35991,2022,-12.695312,25000000.000
35992,2010,-18.554688,25000000.000
35993,2014,-16.601562,25000000.000
35994,2011,-18.066406,25000000.000
35995,2009,-19.042969,25000000.000
35996,2008,-19.531250,25000000.000
35997,2010,-18.554688,25000000.000
35998,2010,-18.554688,25000000.000
35999,2010,-18.554688,25000000.000
36000,2017,-15.136719,25000000.000
36001,2021,-13.183594,25000000.000
36002,2024,-11.718750,25000000.000
36003,2025,-11.230469,25000000.000
36004,2034,-6.835938,25000000.000
36005,2040,-3.906250,25000000.000
36006,2047,-0.488281,25000000.000
36007,2046,-0.976562,25000000.000
36008,2056,3.906250,25000000.000
36009,2062,6.835938,25000000.000
36010,2067,9.277344,25000000.000
36011,2068,9.765625,25000000.000
36012,2075,13.183594,25000000.000
36013,2079,15.136719,25000000.000
36014,2081,16.113281,25000000.000
36015,2082,16.601562,25000000.000
36016,2082,16.601562,25000000.000
36017,2083,17.089844,25000000.000
36018,2081,16.113281,25000000.000
36019,2081,16.113281,25000000.000
36020,2076,13.671875,25000000.000
36021,2072,11.718750,25000000.000
36022,2068,9.765625,25000000.000
36023,2069,10.253906,25000000.000
36024,2059,5.371094,25000000.000
36025,2054,2.929688,25000000.000
36026,2046,-0.976562,25000000.000
36027,2046,-0.976562,25000000.000
36028,2037,-5.371094,25000000.000
36029,2031,-8.300781,25000000.000
36030,2026,-10.742188,25000000.000
36031,2026,-10.742188,25000000.000
36032,2018,-14.648438,25000000.000
36033,2014,-16.601562,25000000.000
36034,2011,-18.066406,25000000.000
36035,2011,-18.066406,25000000.000
36036,2008,-19.531250,25000000.000
36037,2009,-19.042969,25000000.000
36038,2009,-19.042969,25000000.000
36039,2008,-19.531250,25000000.000
36040,2015,-16.113281,25000000.000
36041,2016,-15.625000,25000000.000
36042,2023,-12.207031,25000000.000
36043,2021,-13.183594,25000000.000
36044,2028,-9.765625,25000000.000
36045,2035,-6.347656,25000000.000
36046,2040,-3.906250,25000000.000
36047,2041,-3.417969,25000000.000
36048,2052,1.953125,25000000.000
36049,2057,4.394531,25000000.000
36050,2063,7.324219,25000000.000
36051,2063,7.324219,25000000.000
36052,2072,11.718750,25000000.000
36053,2076,13.671875,25000000.000
36054,2078,14.648438,25000000.000
36055,2078,14.648438,25000000.000
36056,2082,16.601562,25000000.000
36057,2083,17.089844,25000000.000
36058,2082,16.601562,25000000.000
36059,2081,16.113281,25000000.000
36060,2078,14.648438,25000000.000
36061,2075,13.183594,25000000.000
36062,2072,11.718750,25000000.000
36063,2072,11.718750,25000000.000
36064,2063,7.324219,25000000.000
36065,2058,4.882812,25000000.000
36066,2053,2.441406,25000000.000
36067,2052,1.953125,25000000.000
36068,2043,-2.441406,25000000.000
36069,2036,-5.859375,25000000.000
36070,2031,-8.300781,25000000.000
36071,2031,-8.300781,25000000.000
36072,2021,-13.183594,25000000.000
36073,2018,-14.648438,25000000.000
36074,2015,-16.113281,25000000.000
36075,2014,-16.601562,25000000.000
36076,2010,-18.554688,25000000.000
36077,2008,-19.531250,25000000.000
36078,2010,-18.554688,25000000.000
36079,2007,-20.019531,25000000.000
36080,2011,-18.066406,25000000.000
36081,2013,-17.089844,25000000.000
36082,2016,-15.625000,25000000.000
36083,2017,-15.136719,25000000.000
36084,2025,-11.230469,25000000.000
36085,2030,-8.789062,25000000.000
36086,2035,-6.347656,25000000.000
36087,2037,-5.371094,25000000.000
36088,2049,0.488281,25000000.000
36089,2054,2.929688,25000000.000
36090,2059,5.371094,25000000.000
36091,2059,5.371094,25000000.000
36092,2069,10.253906,25000000.000
36093,2075,13.183594,25000000.000
36094,2078,14.648438,25000000.000
36095,2076,13.671875,25000000.000
36096,2082,16.601562,25000000.000
36097,2084,17.578125,25000000.000
36098,2084,17.578125,25000000.000
36099,2084,17.578125,25000000.000
36100,2082,16.601562,25000000.000
36101,2079,15.136719,25000000.000
36102,2077,14.160156,25000000.000
36103,2076,13.671875,25000000.000
36104,2068,9.765625,25000000.000
36105,2062,6.835938,25000000.000
36106,2057,4.394531,25000000.000
36107,2057,4.394531,25000000.000
36108,2047,-0.488281,25000000.000
36109,2042,-2.929688,25000000.000
36110,2035,-6.347656,25000000.000
36111,2036,-5.859375,25000000.000
36112,2026,-10.742188,25000000.000
36113,2022,-12.695312,25000000.000
36114,2018,-14.648438,25000000.000
36115,2018,-14.648438,25000000.000
36116,2012,-17.578125,25000000.000
36117,2010,-18.554688,25000000.000
36118,2010,-18.554688,25000000.000
36119,2009,-19.042969,25000000.000
36120,2010,-18.554688,25000000.000
36121,2012,-17.578125,25000000.000
36122,2015,-16.113281,25000000.000
36123,2016,-15.625000,25000000.000
36124,2022,-12.695312,25000000.000
36125,2028,-9.765625,25000000.000
36126,2032,-7.812500,25000000.000
36127,2033,-7.324219,25000000.000
36128,2043,-2.441406,25000000.000
36129,2048,0.000000,25000000.000
36130,2053,2.441406,25000000.000
36131,2054,2.929688,25000000.000
36132,2065,8.300781,25000000.000
36133,2069,10.253906,25000000.000
36134,2074,12.695312,25000000.000
36135,2075,13.183594,25000000.000
36136,2079,15.136719,25000000.000
36137,2082,16.601562,25000000.000
36138,2083,17.089844,25000000.000
36139,2082,16.601562,25000000.000
36140,2082,16.601562,25000000.000
36141,2081,16.113281,25000000.000
36142,2079,15.136719,25000000.000
36143,2079,15.136719,25000000.000
36144,2071,11.230469,25000000.000
36145,2067,9.277344,25000000.000
36146,2062,6.835938,25000000.000
36147,2062,6.835938,25000000.000
36148,2052,1.953125,25000000.000
36149,2047,-0.488281,25000000.000
36150,2040,-3.906250,25000000.000
36151,2040,-3.906250,25000000.000
36152,2031,-8.300781,25000000.000
36153,2025,-11.230469,25000000.000
36154,2020,-13.671875,25000000.000
36155,2020,-13.671875,25000000.000
36156,2013,-17.089844,25000000.000
36157,2012,-17.578125,25000000.000
36158,2010,-18.554688,25000000.000
36159,2010,-18.554688,25000000.000
36160,2009,-19.042969,25000000.000
36161,2011,-18.066406,25000000.000
36162,2013,-17.089844,25000000.000
36163,2012,-17.578125,25000000.000
36164,2018,-14.648438,25000000.000
36165,2022,-12.695312,25000000.000
36166,2027,-10.253906,25000000.000
36167,2028,-9.765625,25000000.000
36168,2037,-5.371094,25000000.000
36169,2044,-1.953125,25000000.000
36170,2049,0.488281,25000000.000
36171,2049,0.488281,25000000.000
36172,2060,5.859375,25000000.000
36173,2065,8.300781,25000000.000
36174,2069,10.253906,25000000.000
36175,2069,10.253906,25000000.000
36176,2078,14.648438,25000000.000
36177,2079,15.136719,25000000.000
36178,2080,15.625000,25000000.000
36179,2081,16.113281,25000000.000
36180,2082,16.601562,25000000.000
36181,2081,16.113281,25000000.000
36182,2080,15.625000,25000000.000
36183,2079,15.136719,25000000.000
36184,2074,12.695312,25000000.000
36185,2070,10.742188,25000000.000
36186,2066,8.789062,25000000.000
36187,2065,8.300781,25000000.000
36188,2055,3.417969,25000000.000
36189,2050,0.976562,25000000.000
36190,2045,-1.464844,25000000.000
36191,2044,-1.953125,25000000.000
36192,2034,-6.835938,25000000.000
36193,2027,-10.253906,25000000.000
36194,2024,-11.718750,25000000.000
36195,2023,-12.207031,25000000.000
36196,2015,-16.113281,25000000.000
36197,2013,-17.089844,25000000.000
36198,2010,-18.554688,25000000.000
36199,2010,-18.554688,25000000.000
36200,2009,-19.042969,25000000.000
36201,2009,-19.042969,25000000.000
36202,2010,-18.554688,25000000.000
36203,2010,-18.554688,25000000.000
36204,2015,-16.113281,25000000.000
36205,2019,-14.160156,25000000.000
36206,2022,-12.695312,25000000.000
36207,2023,-12.207031,25000000.000
36208,2032,-7.812500,25000000.000
36209,2038,-4.882812,25000000.000
36210,2044,-1.953125,25000000.000
36211,2044,-1.953125,25000000.000
36212,2056,3.906250,25000000.000
36213,2060,5.859375,25000000.000
36214,2066,8.789062,25000000.000
36215,2067,9.277344,25000000.000
36216,2074,12.695312,25000000.000
36217,2078,14.648438,25000000.000
36218,2081,16.113281,25000000.000
36219,2081,16.113281,25000000.000
36220,2083,17.089844,25000000.000
36221,2082,16.601562,25000000.000
36222,2080,15.625000,25000000.000
36223,2080,15.625000,25000000.000
36224,2077,14.160156,25000000.000
36225,2073,12.207031,25000000.000
36226,2069,10.253906,25000000.000
36227,2069,10.253906,25000000.000
36228,2061,6.347656,25000000.000
36229,2055,3.417969,25000000.000
36230,2049,0.488281,25000000.000
36231,2049,0.488281,25000000.000
36232,2038,-4.882812,25000000.000
36233,2033,-7.324219,25000000.000
36234,2027,-10.253906,25000000.000
36235,2028,-9.765625,25000000.000
36236,2019,-14.160156,25000000.000
36237,2015,-16.113281,25000000.000
36238,2013,-17.089844,25000000.000
36239,2012,-17.578125,25000000.000
36240,2009,-19.042969,25000000.000
36241,2009,-19.042969,25000000.000
36242,2009,-19.042969,25000000.000
36243,2009,-19.042969,25000000.000
36244,2012,-17.578125,25000000.000
36245,2015,-16.113281,25000000.000
36246,2019,-14.160156,25000000.000
36247,2019,-14.160156,25000000.000
36248,2028,-9.765625,25000000.000
36249,2033,-7.324219,25000000.000
36250,2039,-4.394531,25000000.000
36251,2039,-4.394531,25000000.000
36252,2051,1.464844,25000000.000
36253,2056,3.906250,25000000.000
36254,2062,6.835938,25000000.000
36255,2063,7.324219,25000000.000
36256,2071,11.230469,25000000.000
36257,2076,13.671875,25000000.000
36258,2077,14.160156,25000000.000
36259,2079,15.136719,25000000.000
36260,2082,16.601562,25000000.000
36261,2082,16.601562,25000000.000
36262,2082,16.601562,25000000.000
36263,2082,16.601562,25000000.000
36264,2080,15.625000,25000000.000
36265,2076,13.671875,25000000.000
36266,2074,12.695312,25000000.000
36267,2073,12.207031,25000000.000
36268,2066,8.789062,25000000.000
36269,2061,6.347656,25000000.000
36270,2056,3.906250,25000000.000
36271,2054,2.929688,25000000.000
36272,2043,-2.441406,25000000.000
36273,2037,-5.371094,25000000.000
36274,2031,-8.300781,25000000.000
36275,2033,-7.324219,25000000.000
36276,2023,-12.207031,25000000.000
36277,2019,-14.160156,25000000.000
36278,2015,-16.113281,25000000.000
36279,2015,-16.113281,25000000.000
36280,2010,-18.554688,25000000.000
36281,2009,-19.042969,25000000.000
36282,2009,-19.042969,25000000.000
36283,2010,-18.554688,25000000.000
36284,2011,-18.066406,25000000.000
36285,2014,-16.601562,25000000.000
36286,2015,-16.113281,25000000.000
36287,2017,-15.136719,25000000.000
36288,2025,-11.230469,25000000.000
36289,2030,-8.789062,25000000.000
36290,2036,-5.859375,25000000.000
36291,2036,-5.859375,25000000.000
36292,2046,-0.976562,25000000.000
36293,2052,1.953125,25000000.000
36294,2058,4.882812,25000000.000
36295,2059,5.371094,25000000.000
36296,2068,9.765625,25000000.000
36297,2073,12.207031,25000000.000
36298,2076,13.671875,25000000.000
36299,2077,14.160156,25000000.000
36300,2082,16.601562,25000000.000
36301,2081,16.113281,25000000.000
36302,2083,17.089844,25000000.000
36303,2083,17.089844,25000000.000
36304,2082,16.601562,25000000.000
36305,2080,15.625000,25000000.000
36306,2077,14.160156,25000000.000
36307,2077,14.160156,25000000.000
36308,2068,9.765625,25000000.000
36309,2065,8.300781,25000000.000
36310,2058,4.882812,25000000.000
36311,2059,5.371094,25000000.000
36312,2048,0.000000,25000000.000
36313,2043,-2.441406,25000000.000
36314,2038,-4.882812,25000000.000
36315,2037,-5.371094,25000000.000
36316,2026,-10.742188,25000000.000
36317,2022,-12.695312,25000000.000
36318,2018,-14.648438,25000000.000
36319,2017,-15.136719,25000000.000
36320,2011,-18.066406,25000000.000
36321,2010,-18.554688,25000000.000
36322,2009,-19.042969,25000000.000
36323,2009,-19.042969,25000000.000
36324,2009,-19.042969,25000000.000
36325,2011,-18.066406,25000000.000
36326,2013,-17.089844,25000000.000
36327,2014,-16.601562,25000000.000
36328,2021,-13.183594,25000000.000
36329,2026,-10.742188,25000000.000
36330,2030,-8.789062,25000000.000
36331,2030,-8.789062,25000000.000
36332,2042,-2.929688,25000000.000
36333,2047,-0.488281,25000000.000
36334,2053,2.441406,25000000.000
36335,2054,2.929688,25000000.000
36336,2063,7.324219,25000000.000
36337,2068,9.765625,25000000.000
36338,2072,11.718750,25000000.000
36339,2073,12.207031,25000000.000
36340,2082,16.601562,25000000.000
36341,2083,17.089844,25000000.000
36342,2080,15.625000,25000000.000
36343,2084,17.578125,25000000.000
36344,2082,16.601562,25000000.000
36345,2081,16.113281,25000000.000
36346,2078,14.648438,25000000.000
36347,2079,15.136719,25000000.000
36348,2073,12.207031,25000000.000
36349,2068,9.765625,25000000.000
36350,2064,7.812500,25000000.000
36351,2062,6.835938,25000000.000
36352,2053,2.441406,25000000.000
36353,2048,0.000000,25000000.000
36354,2042,-2.929688,25000000.000
36355,2041,-3.417969,25000000.000
36356,2031,-8.300781,25000000.000
36357,2026,-10.742188,25000000.000
36358,2022,-12.695312,25000000.000
36359,2021,-13.183594,25000000.000
36360,2014,-16.601562,25000000.000
36361,2013,-17.089844,25000000.000
36362,2010,-18.554688,25000000.000
36363,2010,-18.554688,25000000.000
36364,2009,-19.042969,25000000.000
36365,2011,-18.066406,25000000.000
36366,2012,-17.578125,25000000.000
36367,2012,-17.578125,25000000.000
36368,2018,-14.648438,25000000.000
36369,2022,-12.695312,25000000.000
36370,2027,-10.253906,25000000.000
36371,2026,-10.742188,25000000.000
36372,2036,-5.859375,25000000.000
36373,2043,-2.441406,25000000.000
36374,2047,-0.488281,25000000.000
36375,2049,0.488281,25000000.000
36376,2059,5.371094,25000000.000
36377,2064,7.812500,25000000.000
36378,2068,9.765625,25000000.000
36379,2069,10.253906,25000000.000
36380,2077,14.160156,25000000.000
36381,2079,15.136719,25000000.000
36382,2082,16.601562,25000000.000
36383,2081,16.113281,25000000.000
36384,2082,16.601562,25000000.000
36385,2082,16.601562,25000000.000
36386,2079,15.136719,25000000.000
36387,2079,15.136719,25000000.000
36388,2075,13.183594,25000000.000
36389,2071,11.230469,25000000.000
36390,2067,9.277344,25000000.000
36391,2066,8.789062,25000000.000
36392,2055,3.417969,25000000.000
36393,2052,1.953125,25000000.000
36394,2046,-0.976562,25000000.000
36395,2045,-1.464844,25000000.000
36396,2034,-6.835938,25000000.000
36397,2029,-9.277344,25000000.000
36398,2024,-11.718750,25000000.000
36399,2024,-11.718750,25000000.000
36400,2016,-15.625000,25000000.000
36401,2012,-17.578125,25000000.000
36402,2011,-18.066406,25000000.000
36403,2010,-18.554688,25000000.000
36404,2009,-19.042969,25000000.000
36405,2009,-19.042969,25000000.000
36406,2010,-18.554688,25000000.000
36407,2010,-18.554688,25000000.000
36408,2015,-16.113281,25000000.000
36409,2018,-14.648438,25000000.000
36410,2022,-12.695312,25000000.000
36411,2022,-12.695312,25000000.000
36412,2031,-8.300781,25000000.000
36413,2036,-5.859375,25000000.000
36414,2042,-2.929688,25000000.000
36415,2043,-2.441406,25000000.000
36416,2054,2.929688,25000000.000
36417,2059,5.371094,25000000.000
36418,2065,8.300781,25000000.000
36419,2064,7.812500,25000000.000
36420,2073,12.207031,25000000.000
36421,2076,13.671875,25000000.000
36422,2079,15.136719,25000000.000
36423,2079,15.136719,25000000.000
36424,2082,16.601562,25000000.000
36425,2082,16.601562,25000000.000
36426,2080,15.625000,25000000.000
36427,2081,16.113281,25000000.000
36428,2078,14.648438,25000000.000
36429,2073,12.207031,25000000.000
36430,2070,10.742188,25000000.000
36431,2071,11.230469,25000000.000
36432,2062,6.835938,25000000.000
36433,2057,4.394531,25000000.000
36434,2051,1.464844,25000000.000
36435,2051,1.464844,25000000.000
36436,2040,-3.906250,25000000.000
36437,2035,-6.347656,25000000.000
36438,2029,-9.277344,25000000.000
36439,2028,-9.765625,25000000.000
36440,2020,-13.671875,25000000.000
36441,2016,-15.625000,25000000.000
36442,2013,-17.089844,25000000.000
36443,2014,-16.601562,25000000.000
36444,2009,-19.042969,25000000.000
36445,2008,-19.531250,25000000.000
36446,2008,-19.531250,25000000.000
36447,2008,-19.531250,25000000.000
36448,2011,-18.066406,25000000.000
36449,2014,-16.601562,25000000.000
36450,2018,-14.648438,25000000.000
36451,2018,-14.648438,25000000.000
36452,2028,-9.765625,25000000.000
36453,2031,-8.300781,25000000.000
36454,2038,-4.882812,25000000.000
36455,2038,-4.882812,25000000.000
36456,2048,0.000000,25000000.000
36457,2056,3.906250,25000000.000
36458,2061,6.347656,25000000.000
36459,2061,6.347656,25000000.000
36460,2071,11.230469,25000000.000
36461,2075,13.183594,25000000.000
36462,2077,14.160156,25000000.000
36463,2077,14.160156,25000000.000
36464,2083,17.089844,25000000.000
36465,2084,17.578125,25000000.000
36466,2083,17.089844,25000000.000
36467,2084,17.578125,25000000.000
36468,2081,16.113281,25000000.000
36469,2078,14.648438,25000000.000
36470,2075,13.183594,25000000.000
36471,2074,12.695312,25000000.000
36472,2066,8.789062,25000000.000
36473,2061,6.347656,25000000.000
36474,2057,4.394531,25000000.000
36475,2056,3.906250,25000000.000
36476,2046,-0.976562,25000000.000
36477,2039,-4.394531,25000000.000
36478,2034,-6.835938,25000000.000
36479,2033,-7.324219,25000000.000
36480,2023,-12.207031,25000000.000
36481,2019,-14.160156,25000000.000
36482,2017,-15.136719,25000000.000
36483,2015,-16.113281,25000000.000
36484,2010,-18.554688,25000000.000
36485,2009,-19.042969,25000000.000
36486,2009,-19.042969,25000000.000
36487,2009,-19.042969,25000000.000
36488,2011,-18.066406,25000000.000
36489,2013,-17.089844,25000000.000
36490,2016,-15.625000,25000000.000
36491,2016,-15.625000,25000000.000
36492,2023,-12.207031,25000000.000
36493,2028,-9.765625,25000000.000
36494,2034,-6.835938,25000000.000
36495,2034,-6.835938,25000000.000
36496,2045,-1.464844,25000000.000
36497,2051,1.464844,25000000.000
36498,2056,3.906250,25000000.000
36499,2057,4.394531,25000000.000
36500,2067,9.277344,25000000.000
36501,2070,10.742188,25000000.000
36502,2075,13.183594,25000000.000
36503,2075,13.183594,25000000.000
36504,2080,15.625000,25000000.000
36505,2083,17.089844,25000000.000
36506,2083,17.089844,25000000.000
36507,2082,16.601562,25000000.000
36508,2080,15.625000,25000000.000
36509,2079,15.136719,25000000.000
36510,2076,13.671875,25000000.000
36511,2076,13.671875,25000000.000
36512,2070,10.742188,25000000.000
36513,2066,8.789062,25000000.000
36514,2060,5.859375,25000000.000
36515,2059,5.371094,25000000.000
36516,2049,0.488281,25000000.000
36517,2044,-1.953125,25000000.000
36518,2038,-4.882812,25000000.000
36519,2039,-4.394531,25000000.000
36520,2028,-9.765625,25000000.000
36521,2023,-12.207031,25000000.000
36522,2019,-14.160156,25000000.000
36523,2020,-13.671875,25000000.000
36524,2012,-17.578125,25000000.000
36525,2011,-18.066406,25000000.000
36526,2010,-18.554688,25000000.000
36527,2010,-18.554688,25000000.000
36528,2010,-18.554688,25000000.000
36529,2011,-18.066406,25000000.000
36530,2013,-17.089844,25000000.000
36531,2014,-16.601562,25000000.000
36532,2020,-13.671875,25000000.000
36533,2025,-11.230469,25000000.000
36534,2029,-9.277344,25000000.000
36535,2030,-8.789062,25000000.000
36536,2041,-3.417969,25000000.000
36537,2046,-0.976562,25000000.000
36538,2052,1.953125,25000000.000
36539,2053,2.441406,25000000.000
36540,2063,7.324219,25000000.000
36541,2067,9.277344,25000000.000
36542,2072,11.718750,25000000.000
36543,2072,11.718750,25000000.000
36544,2079,15.136719,25000000.000
36545,2083,17.089844,25000000.000
36546,2082,16.601562,25000000.000
36547,2083,17.089844,25000000.000
36548,2082,16.601562,25000000.000
36549,2080,15.625000,25000000.000
36550,2080,15.625000,25000000.000
36551,2080,15.625000,25000000.000
36552,2073,12.207031,25000000.000
36553,2070,10.742188,25000000.000
36554,2064,7.812500,25000000.000
36555,2064,7.812500,25000000.000
36556,2054,2.929688,25000000.000
36557,2049,0.488281,25000000.000
36558,2043,-2.441406,25000000.000
36559,2043,-2.441406,25000000.000
36560,2032,-7.812500,25000000.000
36561,2029,-9.277344,25000000.000
36562,2023,-12.207031,25000000.000
36563,2022,-12.695312,25000000.000
36564,2014,-16.601562,25000000.000
36565,2011,-18.066406,25000000.000
36566,2010,-18.554688,25000000.000
36567,2011,-18.066406,25000000.000
36568,2008,-19.531250,25000000.000
36569,2010,-18.554688,25000000.000
36570,2012,-17.578125,25000000.000
36571,2011,-18.066406,25000000.000
36572,2017,-15.136719,25000000.000
36573,2020,-13.671875,25000000.000
36574,2025,-11.230469,25000000.000
36575,2025,-11.230469,25000000.000
36576,2035,-6.347656,25000000.000
36577,2041,-3.417969,25000000.000
36578,2046,-0.976562,25000000.000
36579,2047,-0.488281,25000000.000
36580,2057,4.394531,25000000.000
36581,2062,6.835938,25000000.000
36582,2067,9.277344,25000000.000
36583,2068,9.765625,25000000.000
36584,2075,13.183594,25000000.000
36585,2078,14.648438,25000000.000
36586,2080,15.625000,25000000.000
36587,2080,15.625000,25000000.000
36588,2081,16.113281,25000000.000
36589,2082,16.601562,25000000.000
36590,2080,15.625000,25000000.000
36591,2080,15.625000,25000000.000
36592,2077,14.160156,25000000.000
36593,2071,11.230469,25000000.000
36594,2067,9.277344,25000000.000
36595,2068,9.765625,25000000.000
36596,2058,4.882812,25000000.000
36597,2053,2.441406,25000000.000
36598,2048,0.000000,25000000.000
36599,2046,-0.976562,25000000.000
36600,2036,-5.859375,25000000.000
36601,2031,-8.300781,25000000.000
36602,2027,-10.253906,25000000.000
36603,2026,-10.742188,25000000.000
36604,2019,-14.160156,25000000.000
36605,2015,-16.113281,25000000.000
36606,2012,-17.578125,25000000.000
36607,2012,-17.578125,25000000.000
36608,2009,-19.042969,25000000.000
36609,2009,-19.042969,25000000.000
36610,2009,-19.042969,25000000.000
36611,2009,-19.042969,25000000.000
36612,2014,-16.601562,25000000.000
36613,2016,-15.625000,25000000.000
36614,2021,-13.183594,25000000.000
36615,2022,-12.695312,25000000.000
36616,2029,-9.277344,25000000.000
36617,2035,-6.347656,25000000.000
36618,2040,-3.906250,25000000.000
36619,2041,-3.417969,25000000.000
36620,2052,1.953125,25000000.000
36621,2058,4.882812,25000000.000
36622,2062,6.835938,25000000.000
36623,2063,7.324219,25000000.000
36624,2072,11.718750,25000000.000
36625,2076,13.671875,25000000.000
36626,2078,14.648438,25000000.000
36627,2079,15.136719,25000000.000
36628,2082,16.601562,25000000.000
36629,2082,16.601562,25000000.000
36630,2081,16.113281,25000000.000
36631,2081,16.113281,25000000.000
36632,2079,15.136719,25000000.000
36633,2076,13.671875,25000000.000
36634,2072,11.718750,25000000.000
36635,2072,11.718750,25000000.000
36636,2062,6.835938,25000000.000
36637,2058,4.882812,25000000.000
36638,2053,2.441406,25000000.000
36639,2053,2.441406,25000000.000
36640,2041,-3.417969,25000000.000
36641,2035,-6.347656,25000000.000
36642,2030,-8.789062,25000000.000
36643,2030,-8.789062,25000000.000
36644,2022,-12.695312,25000000.000
36645,2017,-15.136719,25000000.000
36646,2014,-16.601562,25000000.000
36647,2014,-16.601562,25000000.000
36648,2009,-19.042969,25000000.000
36649,2008,-19.531250,25000000.000
36650,2009,-19.042969,25000000.000
36651,2008,-19.531250,25000000.000
36652,2011,-18.066406,25000000.000
36653,2014,-16.601562,25000000.000
36654,2017,-15.136719,25000000.000
36655,2018,-14.648438,25000000.000
36656,2026,-10.742188,25000000.000
36657,2031,-8.300781,25000000.000
36658,2037,-5.371094,25000000.000
36659,2037,-5.371094,25000000.000
36660,2048,0.000000,25000000.000
36661,2054,2.929688,25000000.000
36662,2060,5.859375,25000000.000
36663,2059,5.371094,25000000.000
36664,2069,10.253906,25000000.000
36665,2073,12.207031,25000000.000
36666,2076,13.671875,25000000.000
36667,2077,14.160156,25000000.000
36668,2081,16.113281,25000000.000
36669,2083,17.089844,25000000.000
36670,2083,17.089844,25000000.000
36671,2084,17.578125,25000000.000
36672,2081,16.113281,25000000.000
36673,2079,15.136719,25000000.000
36674,2075,13.183594,25000000.000
36675,2076,13.671875,25000000.000
36676,2068,9.765625,25000000.000
36677,2064,7.812500,25000000.000
36678,2057,4.394531,25000000.000
36679,2057,4.394531,25000000.000
36680,2047,-0.488281,25000000.000
36681,2041,-3.417969,25000000.000
36682,2035,-6.347656,25000000.000
36683,2034,-6.835938,25000000.000
36684,2025,-11.230469,25000000.000
36685,2019,-14.160156,25000000.000
36686,2017,-15.136719,25000000.000
36687,2017,-15.136719,25000000.000
36688,2009,-19.042969,25000000.000
36689,2010,-18.554688,25000000.000
36690,2012,-17.578125,25000000.000
36691,2007,-20.019531,25000000.000
36692,2008,-19.531250,25000000.000
36693,2012,-17.578125,25000000.000
36694,2016,-15.625000,25000000.000
36695,2015,-16.113281,25000000.000
36696,2023,-12.207031,25000000.000
36697,2026,-10.742188,25000000.000
36698,2031,-8.300781,25000000.000
36699,2033,-7.324219,25000000.000
36700,2043,-2.441406,25000000.000
36701,2049,0.488281,25000000.000
36702,2055,3.417969,25000000.000
36703,2056,3.906250,25000000.000
36704,2064,7.812500,25000000.000
36705,2070,10.742188,25000000.000
36706,2074,12.695312,25000000.000
36707,2073,12.207031,25000000.000
36708,2079,15.136719,25000000.000
36709,2081,16.113281,25000000.000
36710,2083,17.089844,25000000.000
36711,2083,17.089844,25000000.000
36712,2082,16.601562,25000000.000
36713,2081,16.113281,25000000.000
36714,2077,14.160156,25000000.000
36715,2077,14.160156,25000000.000
36716,2072,11.718750,25000000.000
36717,2065,8.300781,25000000.000
36718,2061,6.347656,25000000.000
36719,2060,5.859375,25000000.000
36720,2050,0.976562,25000000.000
36721,2045,-1.464844,25000000.000
36722,2039,-4.394531,25000000.000
36723,2039,-4.394531,25000000.000
36724,2028,-9.765625,25000000.000
36725,2025,-11.230469,25000000.000
36726,2020,-13.671875,25000000.000
36727,2019,-14.160156,25000000.000
36728,2014,-16.601562,25000000.000
36729,2011,-18.066406,25000000.000
36730,2009,-19.042969,25000000.000
36731,2010,-18.554688,25000000.000
36732,2010,-18.554688,25000000.000
36733,2010,-18.554688,25000000.000
36734,2012,-17.578125,25000000.000
36735,2013,-17.089844,25000000.000
36736,2019,-14.160156,25000000.000
36737,2023,-12.207031,25000000.000
36738,2028,-9.765625,25000000.000
36739,2028,-9.765625,25000000.000
36740,2039,-4.394531,25000000.000
36741,2044,-1.953125,25000000.000
36742,2049,0.488281,25000000.000
36743,2051,1.464844,25000000.000
36744,2060,5.859375,25000000.000
36745,2066,8.789062,25000000.000
36746,2070,10.742188,25000000.000
36747,2070,10.742188,25000000.000
36748,2078,14.648438,25000000.000
36749,2080,15.625000,25000000.000
36750,2082,16.601562,25000000.000
36751,2082,16.601562,25000000.000
36752,2083,17.089844,25000000.000
36753,2082,16.601562,25000000.000
36754,2080,15.625000,25000000.000
36755,2081,16.113281,25000000.000
36756,2074,12.695312,25000000.000
36757,2070,10.742188,25000000.000
36758,2066,8.789062,25000000.000
36759,2065,8.300781,25000000.000
36760,2054,2.929688,25000000.000
36761,2049,0.488281,25000000.000
36762,2045,-1.464844,25000000.000
36763,2044,-1.953125,25000000.000
36764,2035,-6.347656,25000000.000
36765,2028,-9.765625,25000000.000
36766,2024,-11.718750,25000000.000
36767,2022,-12.695312,25000000.000
36768,2015,-16.113281,25000000.000
36769,2009,-19.042969,25000000.000
36770,2008,-19.531250,25000000.000
36771,2005,-20.996094,25000000.000
36772,2009,-19.042969,25000000.000
36773,2010,-18.554688,25000000.000
36774,2011,-18.066406,25000000.000
36775,2008,-19.531250,25000000.000
36776,2015,-16.113281,25000000.000
36777,2017,-15.136719,25000000.000
36778,2023,-12.207031,25000000.000
36779,2023,-12.207031,25000000.000
36780,2031,-8.300781,25000000.000
36781,2037,-5.371094,25000000.000
36782,2042,-2.929688,25000000.000
36783,2044,-1.953125,25000000.000
36784,2055,3.417969,25000000.000
36785,2061,6.347656,25000000.000
36786,2066,8.789062,25000000.000
36787,2067,9.277344,25000000.000
36788,2074,12.695312,25000000.000
36789,2078,14.648438,25000000.000
36790,2080,15.625000,25000000.000
36791,2080,15.625000,25000000.000
36792,2083,17.089844,25000000.000
36793,2082,16.601562,25000000.000
36794,2081,16.113281,25000000.000
36795,2081,16.113281,25000000.000
36796,2077,14.160156,25000000.000
36797,2073,12.207031,25000000.000
36798,2069,10.253906,25000000.000
36799,2070,10.742188,25000000.000
36800,2059,5.371094,25000000.000
36801,2054,2.929688,25000000.000
36802,2050,0.976562,25000000.000
36803,2048,0.000000,25000000.000
36804,2037,-5.371094,25000000.000
36805,2032,-7.812500,25000000.000
36806,2026,-10.742188,25000000.000
36807,2026,-10.742188,25000000.000
36808,2018,-14.648438,25000000.000
36809,2015,-16.113281,25000000.000
36810,2012,-17.578125,25000000.000
36811,2012,-17.578125,25000000.000
36812,2010,-18.554688,25000000.000
36813,2009,-19.042969,25000000.000
36814,2009,-19.042969,25000000.000
36815,2009,-19.042969,25000000.000
36816,2013,-17.089844,25000000.000
36817,2017,-15.136719,25000000.000
36818,2020,-13.671875,25000000.000
36819,2020,-13.671875,25000000.000
36820,2029,-9.277344,25000000.000
36821,2033,-7.324219,25000000.000
36822,2040,-3.906250,25000000.000
36823,2039,-4.394531,25000000.000
36824,2051,1.464844,25000000.000
36825,2055,3.417969,25000000.000
36826,2062,6.835938,25000000.000
36827,2062,6.835938,25000000.000
36828,2069,10.253906,25000000.000
36829,2074,12.695312,25000000.000
36830,2078,14.648438,25000000.000
36831,2079,15.136719,25000000.000
36832,2082,16.601562,25000000.000
36833,2082,16.601562,25000000.000
36834,2082,16.601562,25000000.000
36835,2083,17.089844,25000000.000
36836,2078,14.648438,25000000.000
36837,2075,13.183594,25000000.000
36838,2073,12.207031,25000000.000
36839,2072,11.718750,25000000.000
36840,2063,7.324219,25000000.000
36841,2059,5.371094,25000000.000
36842,2053,2.441406,25000000.000
36843,2053,2.441406,25000000.000
36844,2042,-2.929688,25000000.000
36845,2037,-5.371094,25000000.000
36846,2032,-7.812500,25000000.000
36847,2030,-8.789062,25000000.000
36848,2022,-12.695312,25000000.000
36849,2018,-14.648438,25000000.000
36850,2014,-16.601562,25000000.000
36851,2014,-16.601562,25000000.000
36852,2010,-18.554688,25000000.000
36853,2009,-19.042969,25000000.000
36854,2009,-19.042969,25000000.000
36855,2009,-19.042969,25000000.000
36856,2011,-18.066406,25000000.000
36857,2014,-16.601562,25000000.000
36858,2018,-14.648438,25000000.000
36859,2018,-14.648438,25000000.000
36860,2025,-11.230469,25000000.000
36861,2030,-8.789062,25000000.000
36862,2035,-6.347656,25000000.000
36863,2036,-5.859375,25000000.000
36864,2046,-0.976562,25000000.000
36865,2053,2.441406,25000000.000
36866,2058,4.882812,25000000.000
36867,2058,4.882812,25000000.000
36868,2068,9.765625,25000000.000
36869,2072,11.718750,25000000.000
36870,2075,13.183594,25000000.000
36871,2076,13.671875,25000000.000
36872,2081,16.113281,25000000.000
36873,2082,16.601562,25000000.000
36874,2083,17.089844,25000000.000
36875,2083,17.089844,25000000.000
36876,2080,15.625000,25000000.000
36877,2080,15.625000,25000000.000
36878,2076,13.671875,25000000.000
36879,2076,13.671875,25000000.000
36880,2068,9.765625,25000000.000
36881,2064,7.812500,25000000.000
36882,2058,4.882812,25000000.000
36883,2058,4.882812,25000000.000
36884,2047,-0.488281,25000000.000
36885,2042,-2.929688,25000000.000
36886,2036,-5.859375,25000000.000
36887,2035,-6.347656,25000000.000
36888,2026,-10.742188,25000000.000
36889,2020,-13.671875,25000000.000
36890,2017,-15.136719,25000000.000
36891,2018,-14.648438,25000000.000
36892,2012,-17.578125,25000000.000
36893,2009,-19.042969,25000000.000
36894,2010,-18.554688,25000000.000
36895,2009,-19.042969,25000000.000
36896,2010,-18.554688,25000000.000
36897,2012,-17.578125,25000000.000
36898,2014,-16.601562,25000000.000
36899,2014,-16.601562,25000000.000
36900,2021,-13.183594,25000000.000
36901,2026,-10.742188,25000000.000
36902,2032,-7.812500,25000000.000
36903,2032,-7.812500,25000000.000
36904,2043,-2.441406,25000000.000
36905,2047,-0.488281,25000000.000
36906,2054,2.929688,25000000.000
36907,2055,3.417969,25000000.000
36908,2064,7.812500,25000000.000
36909,2069,10.253906,25000000.000
36910,2073,12.207031,25000000.000
36911,2074,12.695312,25000000.000
36912,2080,15.625000,25000000.000
36913,2082,16.601562,25000000.000
36914,2084,17.578125,25000000.000
36915,2084,17.578125,25000000.000
36916,2083,17.089844,25000000.000
36917,2081,16.113281,25000000.000
36918,2079,15.136719,25000000.000
36919,2078,14.648438,25000000.000
36920,2072,11.718750,25000000.000
36921,2067,9.277344,25000000.000
36922,2062,6.835938,25000000.000
36923,2062,6.835938,25000000.000
36924,2052,1.953125,25000000.000
36925,2047,-0.488281,25000000.000
36926,2041,-3.417969,25000000.000
36927,2041,-3.417969,25000000.000
36928,2031,-8.300781,25000000.000
36929,2026,-10.742188,25000000.000
36930,2022,-12.695312,25000000.000
36931,2020,-13.671875,25000000.000
36932,2014,-16.601562,25000000.000
36933,2011,-18.066406,25000000.000
36934,2011,-18.066406,25000000.000
36935,2010,-18.554688,25000000.000
36936,2009,-19.042969,25000000.000
36937,2011,-18.066406,25000000.000
36938,2012,-17.578125,25000000.000
36939,2013,-17.089844,25000000.000
36940,2018,-14.648438,25000000.000
36941,2023,-12.207031,25000000.000
36942,2027,-10.253906,25000000.000
36943,2027,-10.253906,25000000.000
36944,2037,-5.371094,25000000.000
36945,2043,-2.441406,25000000.000
36946,2048,0.000000,25000000.000
36947,2049,0.488281,25000000.000
36948,2059,5.371094,25000000.000
36949,2065,8.300781,25000000.000
36950,2069,10.253906,25000000.000
36951,2070,10.742188,25000000.000
36952,2077,14.160156,25000000.000
36953,2080,15.625000,25000000.000
36954,2081,16.113281,25000000.000
36955,2082,16.601562,25000000.000
36956,2082,16.601562,25000000.000
36957,2082,16.601562,25000000.000
36958,2080,15.625000,25000000.000
36959,2079,15.136719,25000000.000
36960,2075,13.183594,25000000.000
36961,2071,11.230469,25000000.000
36962,2067,9.277344,25000000.000
36963,2066,8.789062,25000000.000
36964,2056,3.906250,25000000.000
36965,2050,0.976562,25000000.000
36966,2046,-0.976562,25000000.000
36967,2045,-1.464844,25000000.000
36968,2034,-6.835938,25000000.000
36969,2030,-8.789062,25000000.000
36970,2023,-12.207031,25000000.000
36971,2024,-11.718750,25000000.000
36972,2016,-15.625000,25000000.000
36973,2012,-17.578125,25000000.000
36974,2010,-18.554688,25000000.000
36975,2011,-18.066406,25000000.000
36976,2007,-20.019531,25000000.000
36977,2009,-19.042969,25000000.000
36978,2009,-19.042969,25000000.000
36979,2009,-19.042969,25000000.000
36980,2014,-16.601562,25000000.000
36981,2018,-14.648438,25000000.000
36982,2022,-12.695312,25000000.000
36983,2022,-12.695312,25000000.000
36984,2033,-7.324219,25000000.000
36985,2037,-5.371094,25000000.000
36986,2044,-1.953125,25000000.000
36987,2044,-1.953125,25000000.000
36988,2055,3.417969,25000000.000
36989,2060,5.859375,25000000.000
36990,2065,8.300781,25000000.000
36991,2066,8.789062,25000000.000
36992,2074,12.695312,25000000.000
36993,2077,14.160156,25000000.000
36994,2079,15.136719,25000000.000
36995,2079,15.136719,25000000.000
36996,2081,16.113281,25000000.000
36997,2082,16.601562,25000000.000
36998,2081,16.113281,25000000.000
36999,2081,16.113281,25000000.000
37000,2077,14.160156,25000000.000
37001,2074,12.695312,25000000.000
37002,2070,10.742188,25000000.000
37003,2069,10.253906,25000000.000
37004,2060,5.859375,25000000.000
37005,2056,3.906250,25000000.000
37006,2049,0.488281,25000000.000
37007,2049,0.488281,25000000.000
37008,2038,-4.882812,25000000.000
37009,2033,-7.324219,25000000.000
37010,2028,-9.765625,25000000.000
37011,2028,-9.765625,25000000.000
37012,2020,-13.671875,25000000.000
37013,2016,-15.625000,25000000.000
37014,2012,-17.578125,25000000.000
37015,2013,-17.089844,25000000.000
37016,2009,-19.042969,25000000.000
37017,2009,-19.042969,25000000.000
37018,2010,-18.554688,25000000.000
37019,2009,-19.042969,25000000.000
37020,2013,-17.089844,25000000.000
37021,2015,-16.113281,25000000.000
37022,2019,-14.160156,25000000.000
37023,2019,-14.160156,25000000.000
37024,2027,-10.253906,25000000.000
37025,2033,-7.324219,25000000.000
37026,2038,-4.882812,25000000.000
37027,2039,-4.394531,25000000.000
37028,2050,0.976562,25000000.000
37029,2055,3.417969,25000000.000
37030,2061,6.347656,25000000.000
37031,2061,6.347656,25000000.000
37032,2071,11.230469,25000000.000
37033,2074,12.695312,25000000.000
37034,2078,14.648438,25000000.000
37035,2078,14.648438,25000000.000
37036,2083,17.089844,25000000.000
37037,2082,16.601562,25000000.000
37038,2078,14.648438,25000000.000
37039,2086,18.554688,25000000.000
37040,2082,16.601562,25000000.000
37041,2077,14.160156,25000000.000
37042,2074,12.695312,25000000.000
37043,2074,12.695312,25000000.000
37044,2065,8.300781,25000000.000
37045,2061,6.347656,25000000.000
37046,2056,3.906250,25000000.000
37047,2056,3.906250,25000000.000
37048,2045,-1.464844,25000000.000
37049,2038,-4.882812,25000000.000
37050,2034,-6.835938,25000000.000
37051,2033,-7.324219,25000000.000
37052,2024,-11.718750,25000000.000
37053,2020,-13.671875,25000000.000
37054,2016,-15.625000,25000000.000
37055,2017,-15.136719,25000000.000
37056,2011,-18.066406,25000000.000
37057,2010,-18.554688,25000000.000
37058,2010,-18.554688,25000000.000
37059,2010,-18.554688,25000000.000
37060,2012,-17.578125,25000000.000
37061,2013,-17.089844,25000000.000
37062,2016,-15.625000,25000000.000
37063,2017,-15.136719,25000000.000
37064,2023,-12.207031,25000000.000
37065,2028,-9.765625,25000000.000
37066,2034,-6.835938,25000000.000
37067,2035,-6.347656,25000000.000
37068,2046,-0.976562,25000000.000
37069,2051,1.464844,25000000.000
37070,2057,4.394531,25000000.000
37071,2058,4.882812,25000000.000
37072,2068,9.765625,25000000.000
37073,2072,11.718750,25000000.000
37074,2076,13.671875,25000000.000
37075,2077,14.160156,25000000.000
37076,2081,16.113281,25000000.000
37077,2083,17.089844,25000000.000
37078,2083,17.089844,25000000.000
37079,2083,17.089844,25000000.000
37080,2081,16.113281,25000000.000
37081,2080,15.625000,25000000.000
37082,2077,14.160156,25000000.000
37083,2076,13.671875,25000000.000
37084,2069,10.253906,25000000.000
37085,2065,8.300781,25000000.000
37086,2059,5.371094,25000000.000
37087,2059,5.371094,25000000.000
37088,2050,0.976562,25000000.000
37089,2045,-1.464844,25000000.000
37090,2037,-5.371094,25000000.000
37091,2038,-4.882812,25000000.000
37092,2028,-9.765625,25000000.000
37093,2024,-11.718750,25000000.000
37094,2019,-14.160156,25000000.000
37095,2019,-14.160156,25000000.000
37096,2013,-17.089844,25000000.000
37097,2011,-18.066406,25000000.000
37098,2010,-18.554688,25000000.000
37099,2010,-18.554688,25000000.000
37100,2011,-18.066406,25000000.000
37101,2012,-17.578125,25000000.000
37102,2015,-16.113281,25000000.000
37103,2014,-16.601562,25000000.000
37104,2021,-13.183594,25000000.000
37105,2025,-11.230469,25000000.000
37106,2030,-8.789062,25000000.000
37107,2030,-8.789062,25000000.000
37108,2040,-3.906250,25000000.000
37109,2045,-1.464844,25000000.000
37110,2052,1.953125,25000000.000
37111,2052,1.953125,25000000.000
37112,2062,6.835938,25000000.000
37113,2067,9.277344,25000000.000
37114,2072,11.718750,25000000.000
37115,2072,11.718750,25000000.000
37116,2079,15.136719,25000000.000
37117,2081,16.113281,25000000.000
37118,2082,16.601562,25000000.000
37119,2081,16.113281,25000000.000
37120,2082,16.601562,25000000.000
37121,2081,16.113281,25000000.000
37122,2079,15.136719,25000000.000
37123,2079,15.136719,25000000.000
37124,2073,12.207031,25000000.000
37125,2068,9.765625,25000000.000
37126,2064,7.812500,25000000.000
37127,2063,7.324219,25000000.000
37128,2053,2.441406,25000000.000
37129,2048,0.000000,25000000.000
37130,2043,-2.441406,25000000.000
37131,2042,-2.929688,25000000.000
37132,2031,-8.300781,25000000.000
37133,2027,-10.253906,25000000.000
37134,2023,-12.207031,25000000.000
37135,2022,-12.695312,25000000.000
37136,2015,-16.113281,25000000.000
37137,2012,-17.578125,25000000.000
37138,2010,-18.554688,25000000.000
37139,2011,-18.066406,25000000.000
37140,2009,-19.042969,25000000.000
37141,2010,-18.554688,25000000.000
37142,2012,-17.578125,25000000.000
37143,2011,-18.066406,25000000.000
37144,2018,-14.648438,25000000.000
37145,2021,-13.183594,25000000.000
37146,2025,-11.230469,25000000.000
37147,2025,-11.230469,25000000.000
37148,2036,-5.859375,25000000.000
37149,2041,-3.417969,25000000.000
37150,2047,-0.488281,25000000.000
37151,2048,0.000000,25000000.000
37152,2058,4.882812,25000000.000
37153,2062,6.835938,25000000.000
37154,2067,9.277344,25000000.000
37155,2067,9.277344,25000000.000
37156,2075,13.183594,25000000.000
37157,2079,15.136719,25000000.000
37158,2081,16.113281,25000000.000
37159,2080,15.625000,25000000.000
37160,2082,16.601562,25000000.000
37161,2082,16.601562,25000000.000
37162,2081,16.113281,25000000.000
37163,2080,15.625000,25000000.000
37164,2075,13.183594,25000000.000
37165,2072,11.718750,25000000.000
37166,2067,9.277344,25000000.000
37167,2066,8.789062,25000000.000
37168,2057,4.394531,25000000.000
37169,2051,1.464844,25000000.000
37170,2046,-0.976562,25000000.000
37171,2046,-0.976562,25000000.000
37172,2035,-6.347656,25000000.000
37173,2030,-8.789062,25000000.000
37174,2026,-10.742188,25000000.000
37175,2025,-11.230469,25000000.000
37176,2017,-15.136719,25000000.000
37177,2014,-16.601562,25000000.000
37178,2012,-17.578125,25000000.000
37179,2011,-18.066406,25000000.000
37180,2009,-19.042969,25000000.000
37181,2009,-19.042969,25000000.000
37182,2010,-18.554688,25000000.000
37183,2010,-18.554688,25000000.000
37184,2014,-16.601562,25000000.000
37185,2018,-14.648438,25000000.000
37186,2021,-13.183594,25000000.000
37187,2022,-12.695312,25000000.000
37188,2030,-8.789062,25000000.000
37189,2036,-5.859375,25000000.000
37190,2043,-2.441406,25000000.000
37191,2042,-2.929688,25000000.000
37192,2053,2.441406,25000000.000
37193,2059,5.371094,25000000.000
37194,2063,7.324219,25000000.000
37195,2063,7.324219,25000000.000
37196,2073,12.207031,25000000.000
37197,2076,13.671875,25000000.000
37198,2079,15.136719,25000000.000
37199,2079,15.136719,25000000.000
37200,2081,16.113281,25000000.000
37201,2082,16.601562,25000000.000
37202,2082,16.601562,25000000.000
37203,2081,16.113281,25000000.000
37204,2079,15.136719,25000000.000
37205,2075,13.183594,25000000.000
37206,2070,10.742188,25000000.000
37207,2071,11.230469,25000000.000
37208,2062,6.835938,25000000.000
37209,2056,3.906250,25000000.000
37210,2051,1.464844,25000000.000
37211,2050,0.976562,25000000.000
37212,2040,-3.906250,25000000.000
37213,2035,-6.347656,25000000.000
37214,2029,-9.277344,25000000.000
37215,2029,-9.277344,25000000.000
37216,2020,-13.671875,25000000.000
37217,2016,-15.625000,25000000.000
37218,2014,-16.601562,25000000.000
37219,2013,-17.089844,25000000.000
37220,2009,-19.042969,25000000.000
37221,2010,-18.554688,25000000.000
37222,2008,-19.531250,25000000.000
37223,2009,-19.042969,25000000.000
37224,2011,-18.066406,25000000.000
37225,2015,-16.113281,25000000.000
37226,2018,-14.648438,25000000.000
37227,2018,-14.648438,25000000.000
37228,2026,-10.742188,25000000.000
37229,2031,-8.300781,25000000.000
37230,2038,-4.882812,25000000.000
37231,2038,-4.882812,25000000.000
37232,2048,0.000000,25000000.000
37233,2054,2.929688,25000000.000
37234,2060,5.859375,25000000.000
37235,2060,5.859375,25000000.000
37236,2070,10.742188,25000000.000
37237,2073,12.207031,25000000.000
37238,2077,14.160156,25000000.000
37239,2077,14.160156,25000000.000
37240,2081,16.113281,25000000.000
37241,2082,16.601562,25000000.000
37242,2082,16.601562,25000000.000
37243,2082,16.601562,25000000.000
37244,2080,15.625000,25000000.000
37245,2078,14.648438,25000000.000
37246,2074,12.695312,25000000.000
37247,2074,12.695312,25000000.000
37248,2066,8.789062,25000000.000
37249,2061,6.347656,25000000.000
37250,2056,3.906250,25000000.000
37251,2056,3.906250,25000000.000
37252,2046,-0.976562,25000000.000
37253,2040,-3.906250,25000000.000
37254,2033,-7.324219,25000000.000
37255,2033,-7.324219,25000000.000
37256,2024,-11.718750,25000000.000
37257,2020,-13.671875,25000000.000
37258,2015,-16.113281,25000000.000
37259,2016,-15.625000,25000000.000
37260,2012,-17.578125,25000000.000
37261,2009,-19.042969,25000000.000
37262,2008,-19.531250,25000000.000
37263,2008,-19.531250,25000000.000
37264,2011,-18.066406,25000000.000
37265,2012,-17.578125,25000000.000
37266,2015,-16.113281,25000000.000
37267,2016,-15.625000,25000000.000
37268,2023,-12.207031,25000000.000
37269,2028,-9.765625,25000000.000
37270,2033,-7.324219,25000000.000
37271,2034,-6.835938,25000000.000
37272,2045,-1.464844,25000000.000
37273,2051,1.464844,25000000.000
37274,2056,3.906250,25000000.000
37275,2056,3.906250,25000000.000
37276,2067,9.277344,25000000.000
37277,2072,11.718750,25000000.000
37278,2075,13.183594,25000000.000
37279,2074,12.695312,25000000.000
37280,2080,15.625000,25000000.000
37281,2082,16.601562,25000000.000
37282,2083,17.089844,25000000.000
37283,2083,17.089844,25000000.000
37284,2083,17.089844,25000000.000
37285,2082,16.601562,25000000.000
37286,2078,14.648438,25000000.000
37287,2078,14.648438,25000000.000
37288,2070,10.742188,25000000.000
37289,2066,8.789062,25000000.000
37290,2062,6.835938,25000000.000
37291,2060,5.859375,25000000.000
37292,2050,0.976562,25000000.000
37293,2044,-1.953125,25000000.000
37294,2039,-4.394531,25000000.000
37295,2039,-4.394531,25000000.000
37296,2029,-9.277344,25000000.000
37297,2025,-11.230469,25000000.000
37298,2021,-13.183594,25000000.000
37299,2020,-13.671875,25000000.000
37300,2013,-17.089844,25000000.000
37301,2012,-17.578125,25000000.000
37302,2011,-18.066406,25000000.000
37303,2011,-18.066406,25000000.000
37304,2010,-18.554688,25000000.000
37305,2011,-18.066406,25000000.000
37306,2013,-17.089844,25000000.000
37307,2014,-16.601562,25000000.000
37308,2020,-13.671875,25000000.000
37309,2024,-11.718750,25000000.000
37310,2029,-9.277344,25000000.000
37311,2029,-9.277344,25000000.000
37312,2039,-4.394531,25000000.000
37313,2045,-1.464844,25000000.000
37314,2051,1.464844,25000000.000
37315,2051,1.464844,25000000.000
37316,2061,6.347656,25000000.000
37317,2067,9.277344,25000000.000
37318,2072,11.718750,25000000.000
37319,2071,11.230469,25000000.000
37320,2078,14.648438,25000000.000
37321,2080,15.625000,25000000.000
37322,2082,16.601562,25000000.000
37323,2082,16.601562,25000000.000
37324,2082,16.601562,25000000.000
37325,2082,16.601562,25000000.000
37326,2080,15.625000,25000000.000
37327,2080,15.625000,25000000.000
37328,2074,12.695312,25000000.000
37329,2069,10.253906,25000000.000
37330,2066,8.789062,25000000.000
37331,2065,8.300781,25000000.000
37332,2055,3.417969,25000000.000
37333,2050,0.976562,25000000.000
37334,2044,-1.953125,25000000.000
37335,2044,-1.953125,25000000.000
37336,2033,-7.324219,25000000.000
37337,2027,-10.253906,25000000.000
37338,2023,-12.207031,25000000.000
37339,2023,-12.207031,25000000.000
37340,2015,-16.113281,25000000.000
37341,2012,-17.578125,25000000.000
37342,2011,-18.066406,25000000.000
37343,2010,-18.554688,25000000.000
37344,2010,-18.554688,25000000.000
37345,2010,-18.554688,25000000.000
37346,2011,-18.066406,25000000.000
37347,2011,-18.066406,25000000.000
37348,2015,-16.113281,25000000.000
37349,2020,-13.671875,25000000.000
37350,2024,-11.718750,25000000.000
37351,2025,-11.230469,25000000.000
37352,2034,-6.835938,25000000.000
37353,2040,-3.906250,25000000.000
37354,2044,-1.953125,25000000.000
37355,2047,-0.488281,25000000.000
37356,2057,4.394531,25000000.000
37357,2062,6.835938,25000000.000
37358,2067,9.277344,25000000.000
37359,2067,9.277344,25000000.000
37360,2075,13.183594,25000000.000
37361,2078,14.648438,25000000.000
37362,2081,16.113281,25000000.000
37363,2081,16.113281,25000000.000
37364,2082,16.601562,25000000.000
37365,2081,16.113281,25000000.000
37366,2080,15.625000,25000000.000
37367,2080,15.625000,25000000.000
37368,2076,13.671875,25000000.000
37369,2072,11.718750,25000000.000
37370,2068,9.765625,25000000.000
37371,2068,9.765625,25000000.000
37372,2059,5.371094,25000000.000
37373,2053,2.441406,25000000.000
37374,2048,0.000000,25000000.000
37375,2047,-0.488281,25000000.000
37376,2037,-5.371094,25000000.000
37377,2032,-7.812500,25000000.000
37378,2027,-10.253906,25000000.000
37379,2026,-10.742188,25000000.000
37380,2019,-14.160156,25000000.000
37381,2014,-16.601562,25000000.000
37382,2011,-18.066406,25000000.000
37383,2012,-17.578125,25000000.000
37384,2009,-19.042969,25000000.000
37385,2007,-20.019531,25000000.000
37386,2014,-16.601562,25000000.000
37387,2003,-21.972656,25000000.000
37388,2012,-17.578125,25000000.000
37389,2016,-15.625000,25000000.000
37390,2021,-13.183594,25000000.000
37391,2020,-13.671875,25000000.000
37392,2030,-8.789062,25000000.000
37393,2034,-6.835938,25000000.000
37394,2040,-3.906250,25000000.000
37395,2041,-3.417969,25000000.000
37396,2052,1.953125,25000000.000
37397,2057,4.394531,25000000.000
37398,2062,6.835938,25000000.000
37399,2062,6.835938,25000000.000
37400,2072,11.718750,25000000.000
37401,2077,14.160156,25000000.000
37402,2080,15.625000,25000000.000
37403,2078,14.648438,25000000.000
37404,2080,15.625000,25000000.000
37405,2083,17.089844,25000000.000
37406,2082,16.601562,25000000.000
37407,2081,16.113281,25000000.000
37408,2079,15.136719,25000000.000
37409,2076,13.671875,25000000.000
37410,2072,11.718750,25000000.000
37411,2072,11.718750,25000000.000
37412,2064,7.812500,25000000.000
37413,2057,4.394531,25000000.000
37414,2052,1.953125,25000000.000
37415,2053,2.441406,25000000.000
37416,2041,-3.417969,25000000.000
37417,2037,-5.371094,25000000.000
37418,2031,-8.300781,25000000.000
37419,2030,-8.789062,25000000.000
37420,2022,-12.695312,25000000.000
37421,2017,-15.136719,25000000.000
37422,2015,-16.113281,25000000.000
37423,2014,-16.601562,25000000.000
37424,2010,-18.554688,25000000.000
37425,2009,-19.042969,25000000.000
37426,2009,-19.042969,25000000.000
37427,2009,-19.042969,25000000.000
37428,2012,-17.578125,25000000.000
37429,2014,-16.601562,25000000.000
37430,2017,-15.136719,25000000.000
37431,2018,-14.648438,25000000.000
37432,2026,-10.742188,25000000.000
37433,2028,-9.765625,25000000.000
37434,2035,-6.347656,25000000.000
37435,2036,-5.859375,25000000.000
37436,2045,-1.464844,25000000.000
37437,2052,1.953125,25000000.000
37438,2056,3.906250,25000000.000
37439,2057,4.394531,25000000.000
37440,2069,10.253906,25000000.000
37441,2072,11.718750,25000000.000
37442,2075,13.183594,25000000.000
37443,2076,13.671875,25000000.000
37444,2081,16.113281,25000000.000
37445,2083,17.089844,25000000.000
37446,2082,16.601562,25000000.000
37447,2083,17.089844,25000000.000
37448,2081,16.113281,25000000.000
37449,2078,14.648438,25000000.000
37450,2076,13.671875,25000000.000
37451,2076,13.671875,25000000.000
37452,2068,9.765625,25000000.000
37453,2064,7.812500,25000000.000
37454,2058,4.882812,25000000.000
37455,2058,4.882812,25000000.000
37456,2047,-0.488281,25000000.000
37457,2041,-3.417969,25000000.000
37458,2036,-5.859375,25000000.000
37459,2036,-5.859375,25000000.000
37460,2026,-10.742188,25000000.000
37461,2021,-13.183594,25000000.000
37462,2017,-15.136719,25000000.000
37463,2018,-14.648438,25000000.000
37464,2012,-17.578125,25000000.000
37465,2010,-18.554688,25000000.000
37466,2010,-18.554688,25000000.000
37467,2009,-19.042969,25000000.000
37468,2011,-18.066406,25000000.000
37469,2012,-17.578125,25000000.000
37470,2015,-16.113281,25000000.000
37471,2016,-15.625000,25000000.000
37472,2022,-12.695312,25000000.000
37473,2026,-10.742188,25000000.000
37474,2032,-7.812500,25000000.000
37475,2033,-7.324219,25000000.000
37476,2042,-2.929688,25000000.000
37477,2049,0.488281,25000000.000
37478,2054,2.929688,25000000.000
37479,2054,2.929688,25000000.000
37480,2065,8.300781,25000000.000
37481,2070,10.742188,25000000.000
37482,2073,12.207031,25000000.000
37483,2074,12.695312,25000000.000
37484,2080,15.625000,25000000.000
37485,2082,16.601562,25000000.000
37486,2082,16.601562,25000000.000
37487,2083,17.089844,25000000.000
37488,2082,16.601562,25000000.000
37489,2081,16.113281,25000000.000
37490,2079,15.136719,25000000.000
37491,2078,14.648438,25000000.000
37492,2072,11.718750,25000000.000
37493,2068,9.765625,25000000.000
37494,2062,6.835938,25000000.000
37495,2063,7.324219,25000000.000
37496,2051,1.464844,25000000.000
37497,2046,-0.976562,25000000.000
37498,2041,-3.417969,25000000.000
37499,2041,-3.417969,25000000.000
37500,2030,-8.789062,25000000.000
37501,2024,-11.718750,25000000.000
37502,2020,-13.671875,25000000.000
37503,2020,-13.671875,25000000.000
37504,2013,-17.089844,25000000.000
37505,2011,-18.066406,25000000.000
37506,2009,-19.042969,25000000.000
37507,2009,-19.042969,25000000.000
37508,2008,-19.531250,25000000.000
37509,2011,-18.066406,25000000.000
37510,2012,-17.578125,25000000.000
37511,2013,-17.089844,25000000.000
37512,2019,-14.160156,25000000.000
37513,2022,-12.695312,25000000.000
37514,2025,-11.230469,25000000.000
37515,2027,-10.253906,25000000.000
37516,2037,-5.371094,25000000.000
37517,2044,-1.953125,25000000.000
37518,2048,0.000000,25000000.000
37519,2049,0.488281,25000000.000
37520,2061,6.347656,25000000.000
37521,2066,8.789062,25000000.000
37522,2070,10.742188,25000000.000
37523,2070,10.742188,25000000.000
37524,2076,13.671875,25000000.000
37525,2080,15.625000,25000000.000
37526,2082,16.601562,25000000.000
37527,2082,16.601562,25000000.000
37528,2084,17.578125,25000000.000
37529,2083,17.089844,25000000.000
37530,2081,16.113281,25000000.000
37531,2080,15.625000,25000000.000
37532,2075,13.183594,25000000.000
37533,2071,11.230469,25000000.000
37534,2067,9.277344,25000000.000
37535,2066,8.789062,25000000.000
37536,2055,3.417969,25000000.000
37537,2052,1.953125,25000000.000
37538,2045,-1.464844,25000000.000
37539,2043,-2.441406,25000000.000
37540,2034,-6.835938,25000000.000
37541,2030,-8.789062,25000000.000
37542,2024,-11.718750,25000000.000
37543,2024,-11.718750,25000000.000
37544,2016,-15.625000,25000000.000
37545,2014,-16.601562,25000000.000
37546,2011,-18.066406,25000000.000
37547,2010,-18.554688,25000000.000
37548,2009,-19.042969,25000000.000
37549,2009,-19.042969,25000000.000
37550,2010,-18.554688,25000000.000
37551,2010,-18.554688,25000000.000
37552,2016,-15.625000,25000000.000
37553,2018,-14.648438,25000000.000
37554,2022,-12.695312,25000000.000
37555,2024,-11.718750,25000000.000
37556,2032,-7.812500,25000000.000
37557,2038,-4.882812,25000000.000
37558,2044,-1.953125,25000000.000
37559,2044,-1.953125,25000000.000
37560,2055,3.417969,25000000.000
37561,2061,6.347656,25000000.000
37562,2065,8.300781,25000000.000
37563,2066,8.789062,25000000.000
37564,2074,12.695312,25000000.000
37565,2078,14.648438,25000000.000
37566,2081,16.113281,25000000.000
37567,2080,15.625000,25000000.000
37568,2083,17.089844,25000000.000
37569,2083,17.089844,25000000.000
37570,2081,16.113281,25000000.000
37571,2080,15.625000,25000000.000
37572,2077,14.160156,25000000.000
37573,2073,12.207031,25000000.000
37574,2069,10.253906,25000000.000
37575,2068,9.765625,25000000.000
37576,2059,5.371094,25000000.000
37577,2053,2.441406,25000000.000
37578,2050,0.976562,25000000.000
37579,2048,0.000000,25000000.000
37580,2038,-4.882812,25000000.000
37581,2033,-7.324219,25000000.000
37582,2028,-9.765625,25000000.000
37583,2027,-10.253906,25000000.000
37584,2019,-14.160156,25000000.000
37585,2016,-15.625000,25000000.000
37586,2013,-17.089844,25000000.000
37587,2012,-17.578125,25000000.000
37588,2009,-19.042969,25000000.000
37589,2009,-19.042969,25000000.000
37590,2009,-19.042969,25000000.000
37591,2010,-18.554688,25000000.000
37592,2012,-17.578125,25000000.000
37593,2016,-15.625000,25000000.000
37594,2019,-14.160156,25000000.000
37595,2019,-14.160156,25000000.000
37596,2028,-9.765625,25000000.000
37597,2033,-7.324219,25000000.000
37598,2038,-4.882812,25000000.000
37599,2039,-4.394531,25000000.000
37600,2050,0.976562,25000000.000
37601,2055,3.417969,25000000.000
37602,2062,6.835938,25000000.000
37603,2061,6.347656,25000000.000
37604,2070,10.742188,25000000.000
37605,2074,12.695312,25000000.000
37606,2077,14.160156,25000000.000
37607,2078,14.648438,25000000.000
37608,2082,16.601562,25000000.000
37609,2081,16.113281,25000000.000
37610,2082,16.601562,25000000.000
37611,2082,16.601562,25000000.000
37612,2079,15.136719,25000000.000
37613,2077,14.160156,25000000.000
37614,2073,12.207031,25000000.000
37615,2072,11.718750,25000000.000
37616,2065,8.300781,25000000.000
37617,2060,5.859375,25000000.000
37618,2055,3.417969,25000000.000
37619,2054,2.929688,25000000.000
37620,2043,-2.441406,25000000.000
37621,2038,-4.882812,25000000.000
37622,2033,-7.324219,25000000.000
37623,2031,-8.300781,25000000.000
37624,2023,-12.207031,25000000.000
37625,2019,-14.160156,25000000.000
37626,2015,-16.113281,25000000.000
37627,2016,-15.625000,25000000.000
37628,2012,-17.578125,25000000.000
37629,2008,-19.531250,25000000.000
37630,2008,-19.531250,25000000.000
37631,2009,-19.042969,25000000.000
37632,2010,-18.554688,25000000.000
37633,2012,-17.578125,25000000.000
37634,2016,-15.625000,25000000.000
37635,2016,-15.625000,25000000.000
37636,2024,-11.718750,25000000.000
37637,2029,-9.277344,25000000.000
37638,2034,-6.835938,25000000.000
37639,2034,-6.835938,25000000.000
37640,2046,-0.976562,25000000.000
37641,2051,1.464844,25000000.000
37642,2058,4.882812,25000000.000
37643,2058,4.882812,25000000.000
37644,2067,9.277344,25000000.000
37645,2071,11.230469,25000000.000
37646,2076,13.671875,25000000.000
37647,2076,13.671875,25000000.000
37648,2082,16.601562,25000000.000
37649,2082,16.601562,25000000.000
37650,2083,17.089844,25000000.000
37651,2082,16.601562,25000000.000
37652,2081,16.113281,25000000.000
37653,2079,15.136719,25000000.000
37654,2075,13.183594,25000000.000
37655,2078,14.648438,25000000.000
37656,2069,10.253906,25000000.000
37657,2065,8.300781,25000000.000
37658,2059,5.371094,25000000.000
37659,2059,5.371094,25000000.000
37660,2048,0.000000,25000000.000
37661,2042,-2.929688,25000000.000
37662,2038,-4.882812,25000000.000
37663,2037,-5.371094,25000000.000
37664,2027,-10.253906,25000000.000
37665,2023,-12.207031,25000000.000
37666,2018,-14.648438,25000000.000
37667,2018,-14.648438,25000000.000
37668,2012,-17.578125,25000000.000
37669,2010,-18.554688,25000000.000
37670,2009,-19.042969,25000000.000
37671,2011,-18.066406,25000000.000
37672,2011,-18.066406,25000000.000
37673,2012,-17.578125,25000000.000
37674,2014,-16.601562,25000000.000
37675,2014,-16.601562,25000000.000
37676,2020,-13.671875,25000000.000
37677,2026,-10.742188,25000000.000
37678,2030,-8.789062,25000000.000
37679,2030,-8.789062,25000000.000
37680,2040,-3.906250,25000000.000
37681,2046,-0.976562,25000000.000
37682,2052,1.953125,25000000.000
37683,2052,1.953125,25000000.000
37684,2063,7.324219,25000000.000
37685,2067,9.277344,25000000.000
37686,2071,11.230469,25000000.000
37687,2072,11.718750,25000000.000
37688,2079,15.136719,25000000.000
37689,2080,15.625000,25000000.000
37690,2081,16.113281,25000000.000
37691,2082,16.601562,25000000.000
37692,2083,17.089844,25000000.000
37693,2081,16.113281,25000000.000
37694,2079,15.136719,25000000.000
37695,2078,14.648438,25000000.000
37696,2073,12.207031,25000000.000
37697,2068,9.765625,25000000.000
37698,2064,7.812500,25000000.000
37699,2064,7.812500,25000000.000
37700,2053,2.441406,25000000.000
37701,2049,0.488281,25000000.000
37702,2044,-1.953125,25000000.000
37703,2042,-2.929688,25000000.000
37704,2032,-7.812500,25000000.000
37705,2027,-10.253906,25000000.000
37706,2022,-12.695312,25000000.000
37707,2021,-13.183594,25000000.000
37708,2014,-16.601562,25000000.000
37709,2012,-17.578125,25000000.000
37710,2011,-18.066406,25000000.000
37711,2011,-18.066406,25000000.000
37712,2010,-18.554688,25000000.000
37713,2010,-18.554688,25000000.000
37714,2012,-17.578125,25000000.000
37715,2012,-17.578125,25000000.000
37716,2018,-14.648438,25000000.000
37717,2022,-12.695312,25000000.000
37718,2026,-10.742188,25000000.000
37719,2027,-10.253906,25000000.000
37720,2036,-5.859375,25000000.000
37721,2042,-2.929688,25000000.000
37722,2049,0.488281,25000000.000
37723,2047,-0.488281,25000000.000
37724,2059,5.371094,25000000.000
37725,2064,7.812500,25000000.000
37726,2068,9.765625,25000000.000
37727,2070,10.742188,25000000.000
37728,2077,14.160156,25000000.000
37729,2080,15.625000,25000000.000
37730,2081,16.113281,25000000.000
37731,2081,16.113281,25000000.000
37732,2082,16.601562,25000000.000
37733,2082,16.601562,25000000.000
37734,2078,14.648438,25000000.000
37735,2084,17.578125,25000000.000
37736,2078,14.648438,25000000.000
37737,2072,11.718750,25000000.000
37738,2067,9.277344,25000000.000
37739,2067,9.277344,25000000.000
37740,2057,4.394531,25000000.000
37741,2051,1.464844,25000000.000
37742,2047,-0.488281,25000000.000
37743,2046,-0.976562,25000000.000
37744,2035,-6.347656,25000000.000
37745,2030,-8.789062,25000000.000
37746,2027,-10.253906,25000000.000
37747,2025,-11.230469,25000000.000
37748,2017,-15.136719,25000000.000
37749,2013,-17.089844,25000000.000
37750,2012,-17.578125,25000000.000
37751,2011,-18.066406,25000000.000
37752,2009,-19.042969,25000000.000
37753,2010,-18.554688,25000000.000
37754,2010,-18.554688,25000000.000
37755,2010,-18.554688,25000000.000
37756,2014,-16.601562,25000000.000
37757,2018,-14.648438,25000000.000
37758,2022,-12.695312,25000000.000
37759,2021,-13.183594,25000000.000
37760,2031,-8.300781,25000000.000
37761,2036,-5.859375,25000000.000
37762,2042,-2.929688,25000000.000
37763,2042,-2.929688,25000000.000
37764,2053,2.441406,25000000.000
37765,2059,5.371094,25000000.000
37766,2063,7.324219,25000000.000
37767,2063,7.324219,25000000.000
37768,2072,11.718750,25000000.000
37769,2076,13.671875,25000000.000
37770,2079,15.136719,25000000.000
37771,2079,15.136719,25000000.000
37772,2082,16.601562,25000000.000
37773,2082,16.601562,25000000.000
37774,2082,16.601562,25000000.000
37775,2082,16.601562,25000000.000
37776,2077,14.160156,25000000.000
37777,2075,13.183594,25000000.000
37778,2071,11.230469,25000000.000
37779,2070,10.742188,25000000.000
37780,2062,6.835938,25000000.000
37781,2057,4.394531,25000000.000
37782,2051,1.464844,25000000.000
37783,2050,0.976562,25000000.000
37784,2041,-3.417969,25000000.000
37785,2036,-5.859375,25000000.000
37786,2028,-9.765625,25000000.000
37787,2030,-8.789062,25000000.000
37788,2019,-14.160156,25000000.000
37789,2017,-15.136719,25000000.000
37790,2012,-17.578125,25000000.000
37791,2013,-17.089844,25000000.000
37792,2009,-19.042969,25000000.000
37793,2007,-20.019531,25000000.000
37794,2009,-19.042969,25000000.000
37795,2009,-19.042969,25000000.000
37796,2012,-17.578125,25000000.000
37797,2015,-16.113281,25000000.000
37798,2019,-14.160156,25000000.000
37799,2018,-14.648438,25000000.000
37800,2027,-10.253906,25000000.000
37801,2032,-7.812500,25000000.000
37802,2038,-4.882812,25000000.000
37803,2038,-4.882812,25000000.000
37804,2048,0.000000,25000000.000
37805,2054,2.929688,25000000.000
37806,2060,5.859375,25000000.000
37807,2061,6.347656,25000000.000
37808,2069,10.253906,25000000.000
37809,2073,12.207031,25000000.000
37810,2077,14.160156,25000000.000
37811,2077,14.160156,25000000.000
37812,2081,16.113281,25000000.000
37813,2082,16.601562,25000000.000
37814,2083,17.089844,25000000.000
37815,2081,16.113281,25000000.000
37816,2080,15.625000,25000000.000
37817,2077,14.160156,25000000.000
37818,2072,11.718750,25000000.000
37819,2073,12.207031,25000000.000
37820,2066,8.789062,25000000.000
37821,2060,5.859375,25000000.000
37822,2056,3.906250,25000000.000
37823,2055,3.417969,25000000.000
37824,2044,-1.953125,25000000.000
37825,2039,-4.394531,25000000.000
37826,2032,-7.812500,25000000.000
37827,2032,-7.812500,25000000.000
37828,2024,-11.718750,25000000.000
37829,2019,-14.160156,25000000.000
37830,2016,-15.625000,25000000.000
37831,2015,-16.113281,25000000.000
37832,2011,-18.066406,25000000.000
37833,2008,-19.531250,25000000.000
37834,2008,-19.531250,25000000.000
37835,2008,-19.531250,25000000.000
37836,2010,-18.554688,25000000.000
37837,2011,-18.066406,25000000.000
37838,2015,-16.113281,25000000.000
37839,2015,-16.113281,25000000.000
37840,2023,-12.207031,25000000.000
37841,2028,-9.765625,25000000.000
37842,2033,-7.324219,25000000.000
37843,2034,-6.835938,25000000.000
37844,2044,-1.953125,25000000.000
37845,2050,0.976562,25000000.000
37846,2057,4.394531,25000000.000
37847,2056,3.906250,25000000.000
37848,2066,8.789062,25000000.000
37849,2072,11.718750,25000000.000
37850,2075,13.183594,25000000.000
37851,2076,13.671875,25000000.000
37852,2081,16.113281,25000000.000
37853,2082,16.601562,25000000.000
37854,2083,17.089844,25000000.000
37855,2083,17.089844,25000000.000
37856,2082,16.601562,25000000.000
37857,2081,16.113281,25000000.000
37858,2077,14.160156,25000000.000
37859,2078,14.648438,25000000.000
37860,2070,10.742188,25000000.000
37861,2066,8.789062,25000000.000
37862,2061,6.347656,25000000.000
37863,2060,5.859375,25000000.000
37864,2050,0.976562,25000000.000
37865,2044,-1.953125,25000000.000
37866,2039,-4.394531,25000000.000
37867,2038,-4.882812,25000000.000
37868,2028,-9.765625,25000000.000
37869,2023,-12.207031,25000000.000
37870,2020,-13.671875,25000000.000
37871,2020,-13.671875,25000000.000
37872,2013,-17.089844,25000000.000
37873,2011,-18.066406,25000000.000
37874,2010,-18.554688,25000000.000
37875,2010,-18.554688,25000000.000
37876,2010,-18.554688,25000000.000
37877,2012,-17.578125,25000000.000
37878,2013,-17.089844,25000000.000
37879,2014,-16.601562,25000000.000
37880,2020,-13.671875,25000000.000
37881,2025,-11.230469,25000000.000
37882,2029,-9.277344,25000000.000
37883,2030,-8.789062,25000000.000
37884,2040,-3.906250,25000000.000
37885,2045,-1.464844,25000000.000
37886,2050,0.976562,25000000.000
37887,2052,1.953125,25000000.000
37888,2062,6.835938,25000000.000
37889,2066,8.789062,25000000.000
37890,2071,11.230469,25000000.000
37891,2072,11.718750,25000000.000
37892,2078,14.648438,25000000.000
37893,2080,15.625000,25000000.000
37894,2082,16.601562,25000000.000
37895,2082,16.601562,25000000.000
37896,2082,16.601562,25000000.000
37897,2082,16.601562,25000000.000
37898,2079,15.136719,25000000.000
37899,2079,15.136719,25000000.000
37900,2073,12.207031,25000000.000
37901,2069,10.253906,25000000.000
37902,2065,8.300781,25000000.000
37903,2064,7.812500,25000000.000
37904,2055,3.417969,25000000.000
37905,2049,0.488281,25000000.000
37906,2043,-2.441406,25000000.000
37907,2043,-2.441406,25000000.000
37908,2032,-7.812500,25000000.000
37909,2028,-9.765625,25000000.000
37910,2024,-11.718750,25000000.000
37911,2022,-12.695312,25000000.000
37912,2017,-15.136719,25000000.000
37913,2013,-17.089844,25000000.000
37914,2011,-18.066406,25000000.000
37915,2011,-18.066406,25000000.000
37916,2009,-19.042969,25000000.000
37917,2010,-18.554688,25000000.000
37918,2011,-18.066406,25000000.000
37919,2012,-17.578125,25000000.000
37920,2016,-15.625000,25000000.000
37921,2020,-13.671875,25000000.000
37922,2025,-11.230469,25000000.000
37923,2025,-11.230469,25000000.000
37924,2035,-6.347656,25000000.000
37925,2040,-3.906250,25000000.000
37926,2046,-0.976562,25000000.000
37927,2047,-0.488281,25000000.000
37928,2057,4.394531,25000000.000
37929,2062,6.835938,25000000.000
37930,2067,9.277344,25000000.000
37931,2069,10.253906,25000000.000
37932,2076,13.671875,25000000.000
37933,2078,14.648438,25000000.000
37934,2080,15.625000,25000000.000
37935,2081,16.113281,25000000.000
37936,2082,16.601562,25000000.000
37937,2083,17.089844,25000000.000
37938,2080,15.625000,25000000.000
37939,2080,15.625000,25000000.000
37940,2076,13.671875,25000000.000
37941,2072,11.718750,25000000.000
37942,2068,9.765625,25000000.000
37943,2068,9.765625,25000000.000
37944,2059,5.371094,25000000.000
37945,2054,2.929688,25000000.000
37946,2048,0.000000,25000000.000
37947,2047,-0.488281,25000000.000
37948,2037,-5.371094,25000000.000
37949,2031,-8.300781,25000000.000
37950,2027,-10.253906,25000000.000
37951,2026,-10.742188,25000000.000
37952,2018,-14.648438,25000000.000
37953,2015,-16.113281,25000000.000
37954,2012,-17.578125,25000000.000
37955,2011,-18.066406,25000000.000
37956,2008,-19.531250,25000000.000
37957,2009,-19.042969,25000000.000
37958,2009,-19.042969,25000000.000
37959,2009,-19.042969,25000000.000
37960,2013,-17.089844,25000000.000
37961,2017,-15.136719,25000000.000
37962,2020,-13.671875,25000000.000
37963,2020,-13.671875,25000000.000
37964,2030,-8.789062,25000000.000
37965,2035,-6.347656,25000000.000
37966,2041,-3.417969,25000000.000
37967,2041,-3.417969,25000000.000
37968,2052,1.953125,25000000.000
37969,2056,3.906250,25000000.000
37970,2062,6.835938,25000000.000
37971,2063,7.324219,25000000.000
37972,2072,11.718750,25000000.000
37973,2075,13.183594,25000000.000
37974,2079,15.136719,25000000.000
37975,2078,14.648438,25000000.000
37976,2082,16.601562,25000000.000
37977,2083,17.089844,25000000.000
37978,2082,16.601562,25000000.000
37979,2082,16.601562,25000000.000
37980,2078,14.648438,25000000.000
37981,2063,7.324219,25000000.000
37982,2078,14.648438,25000000.000
37983,2078,14.648438,25000000.000
37984,2062,6.835938,25000000.000
37985,2059,5.371094,25000000.000
37986,2052,1.953125,25000000.000
37987,2052,1.953125,25000000.000
37988,2039,-4.394531,25000000.000
37989,2034,-6.835938,25000000.000
37990,2030,-8.789062,25000000.000
37991,2031,-8.300781,25000000.000
37992,2020,-13.671875,25000000.000
37993,2018,-14.648438,25000000.000
37994,2013,-17.089844,25000000.000
37995,2013,-17.089844,25000000.000
37996,2009,-19.042969,25000000.000
37997,2009,-19.042969,25000000.000
37998,2009,-19.042969,25000000.000
37999,2009,-19.042969,25000000.000
38000,2012,-17.578125,25000000.000
38001,2014,-16.601562,25000000.000
38002,2018,-14.648438,25000000.000
38003,2017,-15.136719,25000000.000
38004,2027,-10.253906,25000000.000
38005,2031,-8.300781,25000000.000
38006,2037,-5.371094,25000000.000
38007,2037,-5.371094,25000000.000
38008,2048,0.000000,25000000.000
38009,2053,2.441406,25000000.000
38010,2058,4.882812,25000000.000
38011,2059,5.371094,25000000.000
38012,2070,10.742188,25000000.000
38013,2073,12.207031,25000000.000
38014,2078,14.648438,25000000.000
38015,2076,13.671875,25000000.000
38016,2081,16.113281,25000000.000
38017,2082,16.601562,25000000.000
38018,2082,16.601562,25000000.000
38019,2082,16.601562,25000000.000
38020,2080,15.625000,25000000.000
38021,2078,14.648438,25000000.000
38022,2076,13.671875,25000000.000
38023,2074,12.695312,25000000.000
38024,2068,9.765625,25000000.000
38025,2062,6.835938,25000000.000
38026,2057,4.394531,25000000.000
38027,2056,3.906250,25000000.000
38028,2047,-0.488281,25000000.000
38029,2040,-3.906250,25000000.000
38030,2034,-6.835938,25000000.000
38031,2035,-6.347656,25000000.000
38032,2026,-10.742188,25000000.000
38033,2020,-13.671875,25000000.000
38034,2016,-15.625000,25000000.000
38035,2018,-14.648438,25000000.000
38036,2012,-17.578125,25000000.000
38037,2010,-18.554688,25000000.000
38038,2009,-19.042969,25000000.000
38039,2009,-19.042969,25000000.000
38040,2010,-18.554688,25000000.000
38041,2012,-17.578125,25000000.000
38042,2015,-16.113281,25000000.000
38043,2016,-15.625000,25000000.000
38044,2022,-12.695312,25000000.000
38045,2027,-10.253906,25000000.000
38046,2033,-7.324219,25000000.000
38047,2032,-7.812500,25000000.000
38048,2044,-1.953125,25000000.000
38049,2050,0.976562,25000000.000
38050,2054,2.929688,25000000.000
38051,2055,3.417969,25000000.000
38052,2066,8.789062,25000000.000
38053,2068,9.765625,25000000.000
38054,2073,12.207031,25000000.000
38055,2074,12.695312,25000000.000
38056,2079,15.136719,25000000.000
38057,2082,16.601562,25000000.000
38058,2082,16.601562,25000000.000
38059,2082,16.601562,25000000.000
38060,2082,16.601562,25000000.000
38061,2080,15.625000,25000000.000
38062,2077,14.160156,25000000.000
38063,2077,14.160156,25000000.000
38064,2070,10.742188,25000000.000
38065,2066,8.789062,25000000.000
38066,2061,6.347656,25000000.000
38067,2061,6.347656,25000000.000
38068,2051,1.464844,25000000.000
38069,2045,-1.464844,25000000.000
38070,2040,-3.906250,25000000.000
38071,2039,-4.394531,25000000.000
38072,2030,-8.789062,25000000.000
38073,2025,-11.230469,25000000.000
38074,2020,-13.671875,25000000.000
38075,2021,-13.183594,25000000.000
38076,2014,-16.601562,25000000.000
38077,2011,-18.066406,25000000.000
38078,2011,-18.066406,25000000.000
38079,2011,-18.066406,25000000.000
38080,2010,-18.554688,25000000.000
38081,2011,-18.066406,25000000.000
38082,2019,-14.160156,25000000.000
38083,2012,-17.578125,25000000.000
38084,2017,-15.136719,25000000.000
38085,2023,-12.207031,25000000.000
38086,2028,-9.765625,25000000.000
38087,2028,-9.765625,25000000.000
38088,2039,-4.394531,25000000.000
38089,2043,-2.441406,25000000.000
38090,2050,0.976562,25000000.000
38091,2050,0.976562,25000000.000
38092,2061,6.347656,25000000.000
38093,2066,8.789062,25000000.000
38094,2070,10.742188,25000000.000
38095,2071,11.230469,25000000.000
38096,2078,14.648438,25000000.000
38097,2081,16.113281,25000000.000
38098,2082,16.601562,25000000.000
38099,2082,16.601562,25000000.000
38100,2082,16.601562,25000000.000
38101,2081,16.113281,25000000.000
38102,2080,15.625000,25000000.000
38103,2079,15.136719,25000000.000
38104,2075,13.183594,25000000.000
38105,2070,10.742188,25000000.000
38106,2066,8.789062,25000000.000
38107,2066,8.789062,25000000.000
38108,2056,3.906250,25000000.000
38109,2050,0.976562,25000000.000
38110,2045,-1.464844,25000000.000
38111,2044,-1.953125,25000000.000
38112,2034,-6.835938,25000000.000
38113,2029,-9.277344,25000000.000
38114,2025,-11.230469,25000000.000
38115,2024,-11.718750,25000000.000
38116,2016,-15.625000,25000000.000
38117,2013,-17.089844,25000000.000
38118,2011,-18.066406,25000000.000
38119,2011,-18.066406,25000000.000
38120,2009,-19.042969,25000000.000
38121,2010,-18.554688,25000000.000
38122,2012,-17.578125,25000000.000
38123,2012,-17.578125,25000000.000
38124,2016,-15.625000,25000000.000
38125,2019,-14.160156,25000000.000
38126,2023,-12.207031,25000000.000
38127,2024,-11.718750,25000000.000
38128,2034,-6.835938,25000000.000
38129,2039,-4.394531,25000000.000
38130,2045,-1.464844,25000000.000
38131,2045,-1.464844,25000000.000
38132,2055,3.417969,25000000.000
38133,2060,5.859375,25000000.000
38134,2065,8.300781,25000000.000
38135,2063,7.324219,25000000.000
38136,2075,13.183594,25000000.000
38137,2077,14.160156,25000000.000
38138,2080,15.625000,25000000.000
38139,2080,15.625000,25000000.000
38140,2080,15.625000,25000000.000
38141,2082,16.601562,25000000.000
38142,2080,15.625000,25000000.000
38143,2081,16.113281,25000000.000
38144,2075,13.183594,25000000.000
38145,2073,12.207031,25000000.000
38146,2068,9.765625,25000000.000
38147,2068,9.765625,25000000.000
38148,2059,5.371094,25000000.000
38149,2054,2.929688,25000000.000
38150,2048,0.000000,25000000.000
38151,2048,0.000000,25000000.000
38152,2037,-5.371094,25000000.000
38153,2033,-7.324219,25000000.000
38154,2028,-9.765625,25000000.000
38155,2027,-10.253906,25000000.000
38156,2018,-14.648438,25000000.000
38157,2016,-15.625000,25000000.000
38158,2013,-17.089844,25000000.000
38159,2012,-17.578125,25000000.000
38160,2010,-18.554688,25000000.000
38161,2009,-19.042969,25000000.000
38162,2010,-18.554688,25000000.000
38163,2009,-19.042969,25000000.000
38164,2013,-17.089844,25000000.000
38165,2017,-15.136719,25000000.000
38166,2020,-13.671875,25000000.000
38167,2020,-13.671875,25000000.000
38168,2028,-9.765625,25000000.000
38169,2035,-6.347656,25000000.000
38170,2040,-3.906250,25000000.000
38171,2040,-3.906250,25000000.000
38172,2051,1.464844,25000000.000
38173,2057,4.394531,25000000.000
38174,2062,6.835938,25000000.000
38175,2062,6.835938,25000000.000
38176,2070,10.742188,25000000.000
38177,2074,12.695312,25000000.000
38178,2078,14.648438,25000000.000
38179,2077,14.160156,25000000.000
38180,2081,16.113281,25000000.000
38181,2081,16.113281,25000000.000
38182,2082,16.601562,25000000.000
38183,2082,16.601562,25000000.000
38184,2078,14.648438,25000000.000
38185,2077,14.160156,25000000.000
38186,2072,11.718750,25000000.000
38187,2072,11.718750,25000000.000
38188,2064,7.812500,25000000.000
38189,2059,5.371094,25000000.000
38190,2053,2.441406,25000000.000
38191,2053,2.441406,25000000.000
38192,2043,-2.441406,25000000.000
38193,2037,-5.371094,25000000.000
38194,2032,-7.812500,25000000.000
38195,2031,-8.300781,25000000.000
38196,2022,-12.695312,25000000.000
38197,2018,-14.648438,25000000.000
38198,2016,-15.625000,25000000.000
38199,2015,-16.113281,25000000.000
38200,2010,-18.554688,25000000.000
38201,2010,-18.554688,25000000.000
38202,2009,-19.042969,25000000.000
38203,2009,-19.042969,25000000.000
38204,2011,-18.066406,25000000.000
38205,2012,-17.578125,25000000.000
38206,2017,-15.136719,25000000.000
38207,2017,-15.136719,25000000.000
38208,2025,-11.230469,25000000.000
38209,2028,-9.765625,25000000.000
38210,2034,-6.835938,25000000.000
38211,2035,-6.347656,25000000.000
38212,2047,-0.488281,25000000.000
38213,2050,0.976562,25000000.000
38214,2057,4.394531,25000000.000
38215,2057,4.394531,25000000.000
38216,2068,9.765625,25000000.000
38217,2072,11.718750,25000000.000
38218,2076,13.671875,25000000.000
38219,2076,13.671875,25000000.000
38220,2081,16.113281,25000000.000
38221,2082,16.601562,25000000.000
38222,2083,17.089844,25000000.000
38223,2082,16.601562,25000000.000
38224,2081,16.113281,25000000.000
38225,2079,15.136719,25000000.000
38226,2076,13.671875,25000000.000
38227,2075,13.183594,25000000.000
38228,2068,9.765625,25000000.000
38229,2064,7.812500,25000000.000
38230,2059,5.371094,25000000.000
38231,2058,4.882812,25000000.000
38232,2047,-0.488281,25000000.000
38233,2042,-2.929688,25000000.000
38234,2037,-5.371094,25000000.000
38235,2036,-5.859375,25000000.000
38236,2027,-10.253906,25000000.000
38237,2022,-12.695312,25000000.000
38238,2018,-14.648438,25000000.000
38239,2017,-15.136719,25000000.000
38240,2012,-17.578125,25000000.000
38241,2010,-18.554688,25000000.000
38242,2010,-18.554688,25000000.000
38243,2009,-19.042969,25000000.000
38244,2010,-18.554688,25000000.000
38245,2012,-17.578125,25000000.000
38246,2015,-16.113281,25000000.000
38247,2015,-16.113281,25000000.000
38248,2022,-12.695312,25000000.000
38249,2026,-10.742188,25000000.000
38250,2031,-8.300781,25000000.000
38251,2031,-8.300781,25000000.000
38252,2042,-2.929688,25000000.000
38253,2047,-0.488281,25000000.000
38254,2053,2.441406,25000000.000
38255,2053,2.441406,25000000.000
38256,2063,7.324219,25000000.000
38257,2069,10.253906,25000000.000
38258,2074,12.695312,25000000.000
38259,2074,12.695312,25000000.000
38260,2080,15.625000,25000000.000
38261,2081,16.113281,25000000.000
38262,2083,17.089844,25000000.000
38263,2083,17.089844,25000000.000
38264,2082,16.601562,25000000.000
38265,2081,16.113281,25000000.000
38266,2079,15.136719,25000000.000
38267,2078,14.648438,25000000.000
38268,2073,12.207031,25000000.000
38269,2068,9.765625,25000000.000
38270,2062,6.835938,25000000.000
38271,2063,7.324219,25000000.000
38272,2053,2.441406,25000000.000
38273,2046,-0.976562,25000000.000
38274,2042,-2.929688,25000000.000
38275,2040,-3.906250,25000000.000
38276,2031,-8.300781,25000000.000
38277,2026,-10.742188,25000000.000
38278,2021,-13.183594,25000000.000
38279,2020,-13.671875,25000000.000
38280,2015,-16.113281,25000000.000
38281,2011,-18.066406,25000000.000
38282,2010,-18.554688,25000000.000
38283,2011,-18.066406,25000000.000
38284,2009,-19.042969,25000000.000
38285,2010,-18.554688,25000000.000
38286,2012,-17.578125,25000000.000
38287,2012,-17.578125,25000000.000
38288,2017,-15.136719,25000000.000
38289,2022,-12.695312,25000000.000
38290,2026,-10.742188,25000000.000
38291,2026,-10.742188,25000000.000
38292,2037,-5.371094,25000000.000
38293,2042,-2.929688,25000000.000
38294,2048,0.000000,25000000.000
38295,2048,0.000000,25000000.000
38296,2058,4.882812,25000000.000
38297,2063,7.324219,25000000.000
38298,2070,10.742188,25000000.000
38299,2069,10.253906,25000000.000
38300,2077,14.160156,25000000.000
38301,2079,15.136719,25000000.000
38302,2081,16.113281,25000000.000
38303,2081,16.113281,25000000.000
38304,2083,17.089844,25000000.000
38305,2082,16.601562,25000000.000
38306,2081,16.113281,25000000.000
38307,2081,16.113281,25000000.000
38308,2075,13.183594,25000000.000
38309,2071,11.230469,25000000.000
38310,2068,9.765625,25000000.000
38311,2067,9.277344,25000000.000
38312,2058,4.882812,25000000.000
38313,2052,1.953125,25000000.000
38314,2047,-0.488281,25000000.000
38315,2046,-0.976562,25000000.000
38316,2036,-5.859375,25000000.000
38317,2030,-8.789062,25000000.000
38318,2026,-10.742188,25000000.000
38319,2025,-11.230469,25000000.000
38320,2017,-15.136719,25000000.000
38321,2014,-16.601562,25000000.000
38322,2012,-17.578125,25000000.000
38323,2011,-18.066406,25000000.000
38324,2009,-19.042969,25000000.000
38325,2010,-18.554688,25000000.000
38326,2010,-18.554688,25000000.000
38327,2010,-18.554688,25000000.000
38328,2015,-16.113281,25000000.000
38329,2018,-14.648438,25000000.000
38330,2022,-12.695312,25000000.000
38331,2022,-12.695312,25000000.000
38332,2033,-7.324219,25000000.000
38333,2037,-5.371094,25000000.000
38334,2043,-2.441406,25000000.000
38335,2043,-2.441406,25000000.000
38336,2055,3.417969,25000000.000
38337,2059,5.371094,25000000.000
38338,2063,7.324219,25000000.000
38339,2066,8.789062,25000000.000
38340,2073,12.207031,25000000.000
38341,2077,14.160156,25000000.000
38342,2080,15.625000,25000000.000
38343,2080,15.625000,25000000.000
38344,2082,16.601562,25000000.000
38345,2083,17.089844,25000000.000
38346,2081,16.113281,25000000.000
38347,2081,16.113281,25000000.000
38348,2078,14.648438,25000000.000
38349,2074,12.695312,25000000.000
38350,2069,10.253906,25000000.000
38351,2070,10.742188,25000000.000
38352,2060,5.859375,25000000.000
38353,2057,4.394531,25000000.000
38354,2049,0.488281,25000000.000
38355,2051,1.464844,25000000.000
38356,2038,-4.882812,25000000.000
38357,2035,-6.347656,25000000.000
38358,2029,-9.277344,25000000.000
38359,2028,-9.765625,25000000.000
38360,2019,-14.160156,25000000.000
38361,2017,-15.136719,25000000.000
38362,2013,-17.089844,25000000.000
38363,2012,-17.578125,25000000.000
38364,2009,-19.042969,25000000.000
38365,2009,-19.042969,25000000.000
38366,2010,-18.554688,25000000.000
38367,2009,-19.042969,25000000.000
38368,2012,-17.578125,25000000.000
38369,2015,-16.113281,25000000.000
38370,2018,-14.648438,25000000.000
38371,2019,-14.160156,25000000.000
38372,2027,-10.253906,25000000.000
38373,2033,-7.324219,25000000.000
38374,2038,-4.882812,25000000.000
38375,2038,-4.882812,25000000.000
38376,2049,0.488281,25000000.000
38377,2055,3.417969,25000000.000
38378,2060,5.859375,25000000.000
38379,2061,6.347656,25000000.000
38380,2069,10.253906,25000000.000
38381,2074,12.695312,25000000.000
38382,2077,14.160156,25000000.000
38383,2077,14.160156,25000000.000
38384,2081,16.113281,25000000.000
38385,2082,16.601562,25000000.000
38386,2083,17.089844,25000000.000
38387,2082,16.601562,25000000.000
38388,2079,15.136719,25000000.000
38389,2077,14.160156,25000000.000
38390,2073,12.207031,25000000.000
38391,2072,11.718750,25000000.000
38392,2065,8.300781,25000000.000
38393,2059,5.371094,25000000.000
38394,2055,3.417969,25000000.000
38395,2055,3.417969,25000000.000
38396,2043,-2.441406,25000000.000
38397,2038,-4.882812,25000000.000
38398,2033,-7.324219,25000000.000
38399,2032,-7.812500,25000000.000
38400,2023,-12.207031,25000000.000
38401,2018,-14.648438,25000000.000
38402,2016,-15.625000,25000000.000
38403,2015,-16.113281,25000000.000
38404,2011,-18.066406,25000000.000
38405,2010,-18.554688,25000000.000
38406,2009,-19.042969,25000000.000
38407,2009,-19.042969,25000000.000
38408,2010,-18.554688,25000000.000
38409,2012,-17.578125,25000000.000
38410,2016,-15.625000,25000000.000
38411,2016,-15.625000,25000000.000
38412,2023,-12.207031,25000000.000
38413,2028,-9.765625,25000000.000
38414,2033,-7.324219,25000000.000
38415,2034,-6.835938,25000000.000
38416,2044,-1.953125,25000000.000
38417,2050,0.976562,25000000.000
38418,2056,3.906250,25000000.000
38419,2057,4.394531,25000000.000
38420,2066,8.789062,25000000.000
38421,2071,11.230469,25000000.000
38422,2075,13.183594,25000000.000
38423,2075,13.183594,25000000.000
38424,2080,15.625000,25000000.000
38425,2082,16.601562,25000000.000
38426,2082,16.601562,25000000.000
38427,2082,16.601562,25000000.000
38428,2081,16.113281,25000000.000
38429,2080,15.625000,25000000.000
38430,2077,14.160156,25000000.000
38431,2078,14.648438,25000000.000
38432,2070,10.742188,25000000.000
38433,2068,9.765625,25000000.000
38434,2060,5.859375,25000000.000
38435,2061,6.347656,25000000.000
38436,2049,0.488281,25000000.000
38437,2044,-1.953125,25000000.000
38438,2039,-4.394531,25000000.000
38439,2038,-4.882812,25000000.000
38440,2028,-9.765625,25000000.000
38441,2024,-11.718750,25000000.000
38442,2020,-13.671875,25000000.000
38443,2018,-14.648438,25000000.000
38444,2012,-17.578125,25000000.000
38445,2011,-18.066406,25000000.000
38446,2010,-18.554688,25000000.000
38447,2010,-18.554688,25000000.000
38448,2009,-19.042969,25000000.000
38449,2011,-18.066406,25000000.000
38450,2014,-16.601562,25000000.000
38451,2014,-16.601562,25000000.000
38452,2020,-13.671875,25000000.000
38453,2024,-11.718750,25000000.000
38454,2029,-9.277344,25000000.000
38455,2030,-8.789062,25000000.000
38456,2041,-3.417969,25000000.000
38457,2046,-0.976562,25000000.000
38458,2051,1.464844,25000000.000
38459,2051,1.464844,25000000.000
38460,2063,7.324219,25000000.000
38461,2067,9.277344,25000000.000
38462,2072,11.718750,25000000.000
38463,2073,12.207031,25000000.000
38464,2079,15.136719,25000000.000
38465,2080,15.625000,25000000.000
38466,2082,16.601562,25000000.000
38467,2081,16.113281,25000000.000
38468,2083,17.089844,25000000.000
38469,2081,16.113281,25000000.000
38470,2079,15.136719,25000000.000
38471,2079,15.136719,25000000.000
38472,2072,11.718750,25000000.000
38473,2069,10.253906,25000000.000
38474,2064,7.812500,25000000.000
38475,2063,7.324219,25000000.000
38476,2054,2.929688,25000000.000
38477,2048,0.000000,25000000.000
38478,2044,-1.953125,25000000.000
38479,2042,-2.929688,25000000.000
38480,2033,-7.324219,25000000.000
38481,2029,-9.277344,25000000.000
38482,2024,-11.718750,25000000.000
38483,2024,-11.718750,25000000.000
38484,2015,-16.113281,25000000.000
38485,2013,-17.089844,25000000.000
38486,2011,-18.066406,25000000.000
38487,2010,-18.554688,25000000.000
38488,2009,-19.042969,25000000.000
38489,2010,-18.554688,25000000.000
38490,2012,-17.578125,25000000.000
38491,2011,-18.066406,25000000.000
38492,2018,-14.648438,25000000.000
38493,2021,-13.183594,25000000.000
38494,2025,-11.230469,25000000.000
38495,2027,-10.253906,25000000.000
38496,2036,-5.859375,25000000.000
38497,2041,-3.417969,25000000.000
38498,2047,-0.488281,25000000.000
38499,2047,-0.488281,25000000.000
38500,2058,4.882812,25000000.000
38501,2064,7.812500,25000000.000
38502,2069,10.253906,25000000.000
38503,2069,10.253906,25000000.000
38504,2077,14.160156,25000000.000
38505,2079,15.136719,25000000.000
38506,2082,16.601562,25000000.000
38507,2082,16.601562,25000000.000
38508,2083,17.089844,25000000.000
38509,2082,16.601562,25000000.000
38510,2081,16.113281,25000000.000
38511,2081,16.113281,25000000.000
38512,2077,14.160156,25000000.000
38513,2072,11.718750,25000000.000
38514,2068,9.765625,25000000.000
38515,2068,9.765625,25000000.000
38516,2059,5.371094,25000000.000
38517,2053,2.441406,25000000.000
38518,2047,-0.488281,25000000.000
38519,2046,-0.976562,25000000.000
38520,2036,-5.859375,25000000.000
38521,2031,-8.300781,25000000.000
38522,2027,-10.253906,25000000.000
38523,2025,-11.230469,25000000.000
38524,2017,-15.136719,25000000.000
38525,2014,-16.601562,25000000.000
38526,2012,-17.578125,25000000.000
38527,2011,-18.066406,25000000.000
38528,2009,-19.042969,25000000.000
38529,2010,-18.554688,25000000.000
38530,2010,-18.554688,25000000.000
38531,2010,-18.554688,25000000.000
38532,2015,-16.113281,25000000.000
38533,2017,-15.136719,25000000.000
38534,2020,-13.671875,25000000.000
38535,2022,-12.695312,25000000.000
38536,2031,-8.300781,25000000.000
38537,2037,-5.371094,25000000.000
38538,2042,-2.929688,25000000.000
38539,2043,-2.441406,25000000.000
38540,2053,2.441406,25000000.000
38541,2057,4.394531,25000000.000
38542,2064,7.812500,25000000.000
38543,2064,7.812500,25000000.000
38544,2072,11.718750,25000000.000
38545,2076,13.671875,25000000.000
38546,2079,15.136719,25000000.000
38547,2079,15.136719,25000000.000
38548,2082,16.601562,25000000.000
38549,2083,17.089844,25000000.000
38550,2082,16.601562,25000000.000
38551,2081,16.113281,25000000.000
38552,2077,14.160156,25000000.000
38553,2075,13.183594,25000000.000
38554,2071,11.230469,25000000.000
38555,2070,10.742188,25000000.000
38556,2062,6.835938,25000000.000
38557,2057,4.394531,25000000.000
38558,2051,1.464844,25000000.000
38559,2051,1.464844,25000000.000
38560,2040,-3.906250,25000000.000
38561,2034,-6.835938,25000000.000
38562,2030,-8.789062,25000000.000
38563,2031,-8.300781,25000000.000
38564,2021,-13.183594,25000000.000
38565,2017,-15.136719,25000000.000
38566,2013,-17.089844,25000000.000
38567,2013,-17.089844,25000000.000
38568,2010,-18.554688,25000000.000
38569,2009,-19.042969,25000000.000
38570,2008,-19.531250,25000000.000
38571,2008,-19.531250,25000000.000
38572,2012,-17.578125,25000000.000
38573,2015,-16.113281,25000000.000
38574,2017,-15.136719,25000000.000
38575,2019,-14.160156,25000000.000
38576,2026,-10.742188,25000000.000
38577,2031,-8.300781,25000000.000
38578,2036,-5.859375,25000000.000
38579,2037,-5.371094,25000000.000
38580,2047,-0.488281,25000000.000
38581,2054,2.929688,25000000.000
38582,2060,5.859375,25000000.000
38583,2060,5.859375,25000000.000
38584,2068,9.765625,25000000.000
38585,2073,12.207031,25000000.000
38586,2077,14.160156,25000000.000
38587,2077,14.160156,25000000.000
38588,2081,16.113281,25000000.000
38589,2082,16.601562,25000000.000
38590,2082,16.601562,25000000.000
38591,2082,16.601562,25000000.000
38592,2081,16.113281,25000000.000
38593,2078,14.648438,25000000.000
38594,2075,13.183594,25000000.000
38595,2075,13.183594,25000000.000
38596,2066,8.789062,25000000.000
38597,2061,6.347656,25000000.000
38598,2056,3.906250,25000000.000
38599,2056,3.906250,25000000.000
38600,2045,-1.464844,25000000.000
38601,2039,-4.394531,25000000.000
38602,2034,-6.835938,25000000.000
38603,2035,-6.347656,25000000.000
38604,2024,-11.718750,25000000.000
38605,2021,-13.183594,25000000.000
38606,2017,-15.136719,25000000.000
38607,2017,-15.136719,25000000.000
38608,2011,-18.066406,25000000.000
38609,2008,-19.531250,25000000.000
38610,2008,-19.531250,25000000.000
38611,2009,-19.042969,25000000.000
38612,2011,-18.066406,25000000.000
38613,2011,-18.066406,25000000.000
38614,2014,-16.601562,25000000.000
38615,2015,-16.113281,25000000.000
38616,2022,-12.695312,25000000.000
38617,2027,-10.253906,25000000.000
38618,2032,-7.812500,25000000.000
38619,2032,-7.812500,25000000.000
38620,2043,-2.441406,25000000.000
38621,2050,0.976562,25000000.000
38622,2055,3.417969,25000000.000
38623,2055,3.417969,25000000.000
38624,2068,9.765625,25000000.000
38625,2070,10.742188,25000000.000
38626,2073,12.207031,25000000.000
38627,2076,13.671875,25000000.000
38628,2080,15.625000,25000000.000
38629,2082,16.601562,25000000.000
38630,2083,17.089844,25000000.000
38631,2083,17.089844,25000000.000
38632,2082,16.601562,25000000.000
38633,2080,15.625000,25000000.000
38634,2077,14.160156,25000000.000
38635,2078,14.648438,25000000.000
38636,2071,11.230469,25000000.000
38637,2066,8.789062,25000000.000
38638,2060,5.859375,25000000.000
38639,2060,5.859375,25000000.000
38640,2050,0.976562,25000000.000
38641,2045,-1.464844,25000000.000
38642,2040,-3.906250,25000000.000
38643,2039,-4.394531,25000000.000
38644,2029,-9.277344,25000000.000
38645,2023,-12.207031,25000000.000
38646,2020,-13.671875,25000000.000
38647,2020,-13.671875,25000000.000
38648,2014,-16.601562,25000000.000
38649,2010,-18.554688,25000000.000
38650,2010,-18.554688,25000000.000
38651,2010,-18.554688,25000000.000
38652,2011,-18.066406,25000000.000
38653,2011,-18.066406,25000000.000
38654,2013,-17.089844,25000000.000
38655,2013,-17.089844,25000000.000
38656,2019,-14.160156,25000000.000
38657,2024,-11.718750,25000000.000
38658,2029,-9.277344,25000000.000
38659,2029,-9.277344,25000000.000
38660,2039,-4.394531,25000000.000
38661,2045,-1.464844,25000000.000
38662,2050,0.976562,25000000.000
38663,2051,1.464844,25000000.000
38664,2060,5.859375,25000000.000
38665,2066,8.789062,25000000.000
38666,2070,10.742188,25000000.000
38667,2071,11.230469,25000000.000
38668,2078,14.648438,25000000.000
38669,2080,15.625000,25000000.000
38670,2082,16.601562,25000000.000
38671,2082,16.601562,25000000.000
38672,2083,17.089844,25000000.000
38673,2082,16.601562,25000000.000
38674,2080,15.625000,25000000.000
38675,2079,15.136719,25000000.000
38676,2074,12.695312,25000000.000
38677,2070,10.742188,25000000.000
38678,2065,8.300781,25000000.000
38679,2065,8.300781,25000000.000
38680,2056,3.906250,25000000.000
38681,2050,0.976562,25000000.000
38682,2044,-1.953125,25000000.000
38683,2044,-1.953125,25000000.000
38684,2034,-6.835938,25000000.000
38685,2029,-9.277344,25000000.000
38686,2025,-11.230469,25000000.000
38687,2024,-11.718750,25000000.000
38688,2016,-15.625000,25000000.000
38689,2013,-17.089844,25000000.000
38690,2011,-18.066406,25000000.000
38691,2011,-18.066406,25000000.000
38692,2010,-18.554688,25000000.000
38693,2008,-19.531250,25000000.000
38694,2011,-18.066406,25000000.000
38695,2011,-18.066406,25000000.000
38696,2017,-15.136719,25000000.000
38697,2020,-13.671875,25000000.000
38698,2024,-11.718750,25000000.000
38699,2025,-11.230469,25000000.000
38700,2034,-6.835938,25000000.000
38701,2040,-3.906250,25000000.000
38702,2045,-1.464844,25000000.000
38703,2045,-1.464844,25000000.000
38704,2057,4.394531,25000000.000
38705,2062,6.835938,25000000.000
38706,2066,8.789062,25000000.000
38707,2067,9.277344,25000000.000
38708,2075,13.183594,25000000.000
38709,2079,15.136719,25000000.000
38710,2080,15.625000,25000000.000
38711,2080,15.625000,25000000.000
38712,2083,17.089844,25000000.000
38713,2083,17.089844,25000000.000
38714,2081,16.113281,25000000.000
38715,2082,16.601562,25000000.000
38716,2077,14.160156,25000000.000
38717,2073,12.207031,25000000.000
38718,2069,10.253906,25000000.000
38719,2068,9.765625,25000000.000
38720,2059,5.371094,25000000.000
38721,2054,2.929688,25000000.000
38722,2050,0.976562,25000000.000
38723,2048,0.000000,25000000.000
38724,2037,-5.371094,25000000.000
38725,2032,-7.812500,25000000.000
38726,2028,-9.765625,25000000.000
38727,2027,-10.253906,25000000.000
38728,2018,-14.648438,25000000.000
38729,2015,-16.113281,25000000.000
38730,2012,-17.578125,25000000.000
38731,2012,-17.578125,25000000.000
38732,2009,-19.042969,25000000.000
38733,2009,-19.042969,25000000.000
38734,2010,-18.554688,25000000.000
38735,2010,-18.554688,25000000.000
38736,2013,-17.089844,25000000.000
38737,2016,-15.625000,25000000.000
38738,2020,-13.671875,25000000.000
38739,2020,-13.671875,25000000.000
38740,2029,-9.277344,25000000.000
38741,2034,-6.835938,25000000.000
38742,2040,-3.906250,25000000.000
38743,2040,-3.906250,25000000.000
38744,2051,1.464844,25000000.000
38745,2057,4.394531,25000000.000
38746,2061,6.347656,25000000.000
38747,2063,7.324219,25000000.000
38748,2071,11.230469,25000000.000
38749,2075,13.183594,25000000.000
38750,2078,14.648438,25000000.000
38751,2078,14.648438,25000000.000
38752,2082,16.601562,25000000.000
38753,2082,16.601562,25000000.000
38754,2081,16.113281,25000000.000
38755,2081,16.113281,25000000.000
38756,2079,15.136719,25000000.000
38757,2076,13.671875,25000000.000
38758,2072,11.718750,25000000.000
38759,2072,11.718750,25000000.000
38760,2064,7.812500,25000000.000
38761,2059,5.371094,25000000.000
38762,2053,2.441406,25000000.000
38763,2052,1.953125,25000000.000
38764,2042,-2.929688,25000000.000
38765,2036,-5.859375,25000000.000
38766,2032,-7.812500,25000000.000
38767,2030,-8.789062,25000000.000
38768,2021,-13.183594,25000000.000
38769,2017,-15.136719,25000000.000
38770,2014,-16.601562,25000000.000
38771,2014,-16.601562,25000000.000
38772,2010,-18.554688,25000000.000
38773,2008,-19.531250,25000000.000
38774,2009,-19.042969,25000000.000
38775,2010,-18.554688,25000000.000
38776,2011,-18.066406,25000000.000
38777,2013,-17.089844,25000000.000
38778,2015,-16.113281,25000000.000
38779,2018,-14.648438,25000000.000
38780,2025,-11.230469,25000000.000
38781,2027,-10.253906,25000000.000
38782,2034,-6.835938,25000000.000
38783,2036,-5.859375,25000000.000
38784,2047,-0.488281,25000000.000
38785,2053,2.441406,25000000.000
38786,2057,4.394531,25000000.000
38787,2058,4.882812,25000000.000
38788,2068,9.765625,25000000.000
38789,2071,11.230469,25000000.000
38790,2075,13.183594,25000000.000
38791,2076,13.671875,25000000.000
38792,2081,16.113281,25000000.000
38793,2082,16.601562,25000000.000
38794,2081,16.113281,25000000.000
38795,2082,16.601562,25000000.000
38796,2080,15.625000,25000000.000
38797,2078,14.648438,25000000.000
38798,2075,13.183594,25000000.000
38799,2075,13.183594,25000000.000
38800,2067,9.277344,25000000.000
38801,2062,6.835938,25000000.000
38802,2058,4.882812,25000000.000
38803,2057,4.394531,25000000.000
38804,2046,-0.976562,25000000.000
38805,2041,-3.417969,25000000.000
38806,2035,-6.347656,25000000.000
38807,2035,-6.347656,25000000.000
38808,2025,-11.230469,25000000.000
38809,2022,-12.695312,25000000.000
38810,2018,-14.648438,25000000.000
38811,2016,-15.625000,25000000.000
38812,2012,-17.578125,25000000.000
38813,2010,-18.554688,25000000.000
38814,2009,-19.042969,25000000.000
38815,2009,-19.042969,25000000.000
38816,2010,-18.554688,25000000.000
38817,2012,-17.578125,25000000.000
38818,2014,-16.601562,25000000.000
38819,2014,-16.601562,25000000.000
38820,2022,-12.695312,25000000.000
38821,2026,-10.742188,25000000.000
38822,2031,-8.300781,25000000.000
38823,2032,-7.812500,25000000.000
38824,2043,-2.441406,25000000.000
38825,2047,-0.488281,25000000.000
38826,2053,2.441406,25000000.000
38827,2054,2.929688,25000000.000
38828,2065,8.300781,25000000.000
38829,2069,10.253906,25000000.000
38830,2074,12.695312,25000000.000
38831,2072,11.718750,25000000.000
38832,2081,16.113281,25000000.000
38833,2082,16.601562,25000000.000
38834,2082,16.601562,25000000.000
38835,2081,16.113281,25000000.000
38836,2082,16.601562,25000000.000
38837,2081,16.113281,25000000.000
38838,2079,15.136719,25000000.000
38839,2077,14.160156,25000000.000
38840,2072,11.718750,25000000.000
38841,2068,9.765625,25000000.000
38842,2062,6.835938,25000000.000
38843,2062,6.835938,25000000.000
38844,2052,1.953125,25000000.000
38845,2046,-0.976562,25000000.000
38846,2041,-3.417969,25000000.000
38847,2041,-3.417969,25000000.000
38848,2031,-8.300781,25000000.000
38849,2026,-10.742188,25000000.000
38850,2021,-13.183594,25000000.000
38851,2020,-13.671875,25000000.000
38852,2015,-16.113281,25000000.000
38853,2012,-17.578125,25000000.000
38854,2010,-18.554688,25000000.000
38855,2009,-19.042969,25000000.000
38856,2009,-19.042969,25000000.000
38857,2011,-18.066406,25000000.000
38858,2012,-17.578125,25000000.000
38859,2012,-17.578125,25000000.000
38860,2018,-14.648438,25000000.000
38861,2022,-12.695312,25000000.000
38862,2028,-9.765625,25000000.000
38863,2028,-9.765625,25000000.000
38864,2037,-5.371094,25000000.000
38865,2043,-2.441406,25000000.000
38866,2049,0.488281,25000000.000
38867,2049,0.488281,25000000.000
38868,2059,5.371094,25000000.000
38869,2065,8.300781,25000000.000
38870,2070,10.742188,25000000.000
38871,2070,10.742188,25000000.000
38872,2078,14.648438,25000000.000
38873,2080,15.625000,25000000.000
38874,2082,16.601562,25000000.000
38875,2082,16.601562,25000000.000
38876,2084,17.578125,25000000.000
38877,2082,16.601562,25000000.000
38878,2081,16.113281,25000000.000
38879,2080,15.625000,25000000.000
38880,2075,13.183594,25000000.000
38881,2071,11.230469,25000000.000
38882,2067,9.277344,25000000.000
38883,2066,8.789062,25000000.000
38884,2056,3.906250,25000000.000
38885,2052,1.953125,25000000.000
38886,2046,-0.976562,25000000.000
38887,2044,-1.953125,25000000.000
38888,2034,-6.835938,25000000.000
38889,2030,-8.789062,25000000.000
38890,2025,-11.230469,25000000.000
38891,2024,-11.718750,25000000.000
38892,2017,-15.136719,25000000.000
38893,2014,-16.601562,25000000.000
38894,2012,-17.578125,25000000.000
38895,2012,-17.578125,25000000.000
38896,2009,-19.042969,25000000.000
38897,2011,-18.066406,25000000.000
38898,2010,-18.554688,25000000.000
38899,2011,-18.066406,25000000.000
38900,2015,-16.113281,25000000.000
38901,2019,-14.160156,25000000.000
38902,2023,-12.207031,25000000.000
38903,2024,-11.718750,25000000.000
38904,2033,-7.324219,25000000.000
38905,2038,-4.882812,25000000.000
38906,2044,-1.953125,25000000.000
38907,2045,-1.464844,25000000.000
38908,2055,3.417969,25000000.000
38909,2061,6.347656,25000000.000
38910,2066,8.789062,25000000.000
38911,2067,9.277344,25000000.000
38912,2075,13.183594,25000000.000
38913,2076,13.671875,25000000.000
38914,2080,15.625000,25000000.000
38915,2081,16.113281,25000000.000
38916,2083,17.089844,25000000.000
38917,2083,17.089844,25000000.000
38918,2081,16.113281,25000000.000
38919,2082,16.601562,25000000.000
38920,2077,14.160156,25000000.000
38921,2074,12.695312,25000000.000
38922,2071,11.230469,25000000.000
38923,2070,10.742188,25000000.000
38924,2062,6.835938,25000000.000
38925,2056,3.906250,25000000.000
38926,2050,0.976562,25000000.000
38927,2050,0.976562,25000000.000
38928,2039,-4.394531,25000000.000
38929,2033,-7.324219,25000000.000
38930,2028,-9.765625,25000000.000
38931,2027,-10.253906,25000000.000
38932,2019,-14.160156,25000000.000
38933,2016,-15.625000,25000000.000
38934,2012,-17.578125,25000000.000
38935,2012,-17.578125,25000000.000
38936,2008,-19.531250,25000000.000
38937,2009,-19.042969,25000000.000
38938,2009,-19.042969,25000000.000
38939,2010,-18.554688,25000000.000
38940,2013,-17.089844,25000000.000
38941,2015,-16.113281,25000000.000
38942,2018,-14.648438,25000000.000
38943,2019,-14.160156,25000000.000
38944,2027,-10.253906,25000000.000
38945,2032,-7.812500,25000000.000
38946,2038,-4.882812,25000000.000
38947,2039,-4.394531,25000000.000
38948,2049,0.488281,25000000.000
38949,2056,3.906250,25000000.000
38950,2059,5.371094,25000000.000
38951,2062,6.835938,25000000.000
38952,2070,10.742188,25000000.000
38953,2074,12.695312,25000000.000
38954,2077,14.160156,25000000.000
38955,2077,14.160156,25000000.000
38956,2081,16.113281,25000000.000
38957,2082,16.601562,25000000.000
38958,2082,16.601562,25000000.000
38959,2081,16.113281,25000000.000
38960,2080,15.625000,25000000.000
38961,2077,14.160156,25000000.000
38962,2073,12.207031,25000000.000
38963,2074,12.695312,25000000.000
38964,2064,7.812500,25000000.000
38965,2060,5.859375,25000000.000
38966,2056,3.906250,25000000.000
38967,2054,2.929688,25000000.000
38968,2043,-2.441406,25000000.000
38969,2038,-4.882812,25000000.000
38970,2032,-7.812500,25000000.000
38971,2032,-7.812500,25000000.000
38972,2023,-12.207031,25000000.000
38973,2019,-14.160156,25000000.000
38974,2014,-16.601562,25000000.000
38975,2015,-16.113281,25000000.000
38976,2009,-19.042969,25000000.000
38977,2009,-19.042969,25000000.000
38978,2008,-19.531250,25000000.000
38979,2009,-19.042969,25000000.000
38980,2011,-18.066406,25000000.000
38981,2013,-17.089844,25000000.000
38982,2016,-15.625000,25000000.000
38983,2017,-15.136719,25000000.000
38984,2023,-12.207031,25000000.000
38985,2027,-10.253906,25000000.000
38986,2033,-7.324219,25000000.000
38987,2034,-6.835938,25000000.000
38988,2045,-1.464844,25000000.000
38989,2051,1.464844,25000000.000
38990,2057,4.394531,25000000.000
38991,2057,4.394531,25000000.000
38992,2067,9.277344,25000000.000
38993,2071,11.230469,25000000.000
38994,2075,13.183594,25000000.000
38995,2075,13.183594,25000000.000
38996,2080,15.625000,25000000.000
38997,2080,15.625000,25000000.000
38998,2082,16.601562,25000000.000
38999,2081,16.113281,25000000.000
39000,2080,15.625000,25000000.000
39001,2078,14.648438,25000000.000
39002,2077,14.160156,25000000.000
39003,2077,14.160156,25000000.000
39004,2068,9.765625,25000000.000
39005,2063,7.324219,25000000.000
39006,2058,4.882812,25000000.000
39007,2059,5.371094,25000000.000
39008,2047,-0.488281,25000000.000
39009,2042,-2.929688,25000000.000
39010,2037,-5.371094,25000000.000
39011,2036,-5.859375,25000000.000
39012,2027,-10.253906,25000000.000
39013,2022,-12.695312,25000000.000
39014,2018,-14.648438,25000000.000
39015,2017,-15.136719,25000000.000
39016,2012,-17.578125,25000000.000
39017,2010,-18.554688,25000000.000
39018,2009,-19.042969,25000000.000
39019,2008,-19.531250,25000000.000
39020,2010,-18.554688,25000000.000
39021,2012,-17.578125,25000000.000
39022,2014,-16.601562,25000000.000
39023,2014,-16.601562,25000000.000
39024,2021,-13.183594,25000000.000
39025,2026,-10.742188,25000000.000
39026,2030,-8.789062,25000000.000
39027,2031,-8.300781,25000000.000
39028,2041,-3.417969,25000000.000
39029,2046,-0.976562,25000000.000
39030,2052,1.953125,25000000.000
39031,2054,2.929688,25000000.000
39032,2063,7.324219,25000000.000
39033,2068,9.765625,25000000.000
39034,2071,11.230469,25000000.000
39035,2073,12.207031,25000000.000
39036,2080,15.625000,25000000.000
39037,2081,16.113281,25000000.000
39038,2082,16.601562,25000000.000
39039,2082,16.601562,25000000.000
39040,2083,17.089844,25000000.000
39041,2080,15.625000,25000000.000
39042,2079,15.136719,25000000.000
39043,2079,15.136719,25000000.000
39044,2073,12.207031,25000000.000
39045,2069,10.253906,25000000.000
39046,2063,7.324219,25000000.000
39047,2064,7.812500,25000000.000
39048,2053,2.441406,25000000.000
39049,2048,0.000000,25000000.000
39050,2042,-2.929688,25000000.000
39051,2042,-2.929688,25000000.000
39052,2031,-8.300781,25000000.000
39053,2026,-10.742188,25000000.000
39054,2022,-12.695312,25000000.000
39055,2022,-12.695312,25000000.000
39056,2015,-16.113281,25000000.000
39057,2013,-17.089844,25000000.000
39058,2010,-18.554688,25000000.000
39059,2010,-18.554688,25000000.000
39060,2009,-19.042969,25000000.000
39061,2011,-18.066406,25000000.000
39062,2012,-17.578125,25000000.000
39063,2012,-17.578125,25000000.000
39064,2017,-15.136719,25000000.000
39065,2022,-12.695312,25000000.000
39066,2026,-10.742188,25000000.000
39067,2026,-10.742188,25000000.000
39068,2036,-5.859375,25000000.000
39069,2042,-2.929688,25000000.000
39070,2048,0.000000,25000000.000
39071,2049,0.488281,25000000.000
39072,2058,4.882812,25000000.000
39073,2065,8.300781,25000000.000
39074,2069,10.253906,25000000.000
39075,2070,10.742188,25000000.000
39076,2076,13.671875,25000000.000
39077,2079,15.136719,25000000.000
39078,2081,16.113281,25000000.000
39079,2081,16.113281,25000000.000
39080,2081,16.113281,25000000.000
39081,2082,16.601562,25000000.000
39082,2080,15.625000,25000000.000
39083,2080,15.625000,25000000.000
39084,2075,13.183594,25000000.000
39085,2071,11.230469,25000000.000
39086,2068,9.765625,25000000.000
39087,2067,9.277344,25000000.000
39088,2057,4.394531,25000000.000
39089,2053,2.441406,25000000.000
39090,2047,-0.488281,25000000.000
39091,2046,-0.976562,25000000.000
39092,2036,-5.859375,25000000.000
39093,2030,-8.789062,25000000.000
39094,2026,-10.742188,25000000.000
39095,2025,-11.230469,25000000.000
39096,2018,-14.648438,25000000.000
39097,2015,-16.113281,25000000.000
39098,2013,-17.089844,25000000.000
39099,2012,-17.578125,25000000.000
39100,2009,-19.042969,25000000.000
39101,2009,-19.042969,25000000.000
39102,2010,-18.554688,25000000.000
39103,2010,-18.554688,25000000.000
39104,2015,-16.113281,25000000.000
39105,2018,-14.648438,25000000.000
39106,2022,-12.695312,25000000.000
39107,2022,-12.695312,25000000.000
39108,2032,-7.812500,25000000.000
39109,2037,-5.371094,25000000.000
39110,2042,-2.929688,25000000.000
39111,2043,-2.441406,25000000.000
39112,2055,3.417969,25000000.000
39113,2060,5.859375,25000000.000
39114,2064,7.812500,25000000.000
39115,2064,7.812500,25000000.000
39116,2074,12.695312,25000000.000
39117,2076,13.671875,25000000.000
39118,2080,15.625000,25000000.000
39119,2080,15.625000,25000000.000
39120,2082,16.601562,25000000.000
39121,2083,17.089844,25000000.000
39122,2083,17.089844,25000000.000
39123,2082,16.601562,25000000.000
39124,2078,14.648438,25000000.000
39125,2075,13.183594,25000000.000
39126,2071,11.230469,25000000.000
39127,2071,11.230469,25000000.000
39128,2061,6.347656,25000000.000
39129,2062,6.835938,25000000.000
39130,2052,1.953125,25000000.000
39131,2051,1.464844,25000000.000
39132,2040,-3.906250,25000000.000
39133,2035,-6.347656,25000000.000
39134,2029,-9.277344,25000000.000
39135,2030,-8.789062,25000000.000
39136,2021,-13.183594,25000000.000
39137,2017,-15.136719,25000000.000
39138,2012,-17.578125,25000000.000
39139,2013,-17.089844,25000000.000
39140,2010,-18.554688,25000000.000
39141,2008,-19.531250,25000000.000
39142,2009,-19.042969,25000000.000
39143,2009,-19.042969,25000000.000
39144,2011,-18.066406,25000000.000
39145,2014,-16.601562,25000000.000
39146,2017,-15.136719,25000000.000
39147,2018,-14.648438,25000000.000
39148,2027,-10.253906,25000000.000
39149,2031,-8.300781,25000000.000
39150,2038,-4.882812,25000000.000
39151,2038,-4.882812,25000000.000
39152,2049,0.488281,25000000.000
39153,2055,3.417969,25000000.000
39154,2060,5.859375,25000000.000
39155,2061,6.347656,25000000.000
39156,2069,10.253906,25000000.000
39157,2073,12.207031,25000000.000
39158,2078,14.648438,25000000.000
39159,2078,14.648438,25000000.000
39160,2081,16.113281,25000000.000
39161,2082,16.601562,25000000.000
39162,2081,16.113281,25000000.000
39163,2082,16.601562,25000000.000
39164,2079,15.136719,25000000.000
39165,2077,14.160156,25000000.000
39166,2074,12.695312,25000000.000
39167,2074,12.695312,25000000.000
39168,2066,8.789062,25000000.000
39169,2061,6.347656,25000000.000
39170,2055,3.417969,25000000.000
39171,2054,2.929688,25000000.000
39172,2044,-1.953125,25000000.000
39173,2038,-4.882812,25000000.000
39174,2034,-6.835938,25000000.000
39175,2032,-7.812500,25000000.000
39176,2024,-11.718750,25000000.000
39177,2019,-14.160156,25000000.000
39178,2017,-15.136719,25000000.000
39179,2013,-17.089844,25000000.000
39180,2010,-18.554688,25000000.000
39181,2009,-19.042969,25000000.000
39182,2010,-18.554688,25000000.000
39183,2007,-20.019531,25000000.000
39184,2010,-18.554688,25000000.000
39185,2012,-17.578125,25000000.000
39186,2015,-16.113281,25000000.000
39187,2014,-16.601562,25000000.000
39188,2024,-11.718750,25000000.000
39189,2027,-10.253906,25000000.000
39190,2033,-7.324219,25000000.000
39191,2034,-6.835938,25000000.000
39192,2045,-1.464844,25000000.000
39193,2039,-4.394531,25000000.000
39194,2057,4.394531,25000000.000
39195,2065,8.300781,25000000.000
39196,2064,7.812500,25000000.000
39197,2071,11.230469,25000000.000
39198,2074,12.695312,25000000.000
39199,2074,12.695312,25000000.000
39200,2077,14.160156,25000000.000
39201,2079,15.136719,25000000.000
39202,2080,15.625000,25000000.000
39203,2081,16.113281,25000000.000
39204,2080,15.625000,25000000.000
39205,2077,14.160156,25000000.000
39206,2075,13.183594,25000000.000
39207,2075,13.183594,25000000.000
39208,2068,9.765625,25000000.000
39209,2064,7.812500,25000000.000
39210,2060,5.859375,25000000.000
39211,2059,5.371094,25000000.000
39212,2050,0.976562,25000000.000
39213,2044,-1.953125,25000000.000
39214,2038,-4.882812,25000000.000
39215,2039,-4.394531,25000000.000
39216,2028,-9.765625,25000000.000
39217,2024,-11.718750,25000000.000
39218,2020,-13.671875,25000000.000
39219,2019,-14.160156,25000000.000
39220,2014,-16.601562,25000000.000
39221,2011,-18.066406,25000000.000
39222,2010,-18.554688,25000000.000
39223,2010,-18.554688,25000000.000
39224,2010,-18.554688,25000000.000
39225,2011,-18.066406,25000000.000
39226,2013,-17.089844,25000000.000
39227,2013,-17.089844,25000000.000
39228,2020,-13.671875,25000000.000
39229,2024,-11.718750,25000000.000
39230,2029,-9.277344,25000000.000
39231,2028,-9.765625,25000000.000
39232,2040,-3.906250,25000000.000
39233,2045,-1.464844,25000000.000
39234,2050,0.976562,25000000.000
39235,2052,1.953125,25000000.000
39236,2062,6.835938,25000000.000
39237,2066,8.789062,25000000.000
39238,2071,11.230469,25000000.000
39239,2071,11.230469,25000000.000
39240,2078,14.648438,25000000.000
39241,2079,15.136719,25000000.000
39242,2082,16.601562,25000000.000
39243,2082,16.601562,25000000.000
39244,2082,16.601562,25000000.000
39245,2081,16.113281,25000000.000
39246,2080,15.625000,25000000.000
39247,2079,15.136719,25000000.000
39248,2075,13.183594,25000000.000
39249,2070,10.742188,25000000.000
39250,2064,7.812500,25000000.000
39251,2063,7.324219,25000000.000
39252,2056,3.906250,25000000.000
39253,2050,0.976562,25000000.000
39254,2043,-2.441406,25000000.000
39255,2043,-2.441406,25000000.000
39256,2033,-7.324219,25000000.000
39257,2027,-10.253906,25000000.000
39258,2023,-12.207031,25000000.000
39259,2022,-12.695312,25000000.000
39260,2015,-16.113281,25000000.000
39261,2012,-17.578125,25000000.000
39262,2011,-18.066406,25000000.000
39263,2010,-18.554688,25000000.000
39264,2008,-19.531250,25000000.000
39265,2010,-18.554688,25000000.000
39266,2011,-18.066406,25000000.000
39267,2012,-17.578125,25000000.000
39268,2017,-15.136719,25000000.000
39269,2020,-13.671875,25000000.000
39270,2024,-11.718750,25000000.000
39271,2026,-10.742188,25000000.000
39272,2036,-5.859375,25000000.000
39273,2041,-3.417969,25000000.000
39274,2047,-0.488281,25000000.000
39275,2047,-0.488281,25000000.000
39276,2058,4.882812,25000000.000
39277,2063,7.324219,25000000.000
39278,2068,9.765625,25000000.000
39279,2068,9.765625,25000000.000
39280,2076,13.671875,25000000.000
39281,2080,15.625000,25000000.000
39282,2082,16.601562,25000000.000
39283,2082,16.601562,25000000.000
39284,2084,17.578125,25000000.000
39285,2083,17.089844,25000000.000
39286,2082,16.601562,25000000.000
39287,2081,16.113281,25000000.000
39288,2077,14.160156,25000000.000
39289,2073,12.207031,25000000.000
39290,2068,9.765625,25000000.000
39291,2068,9.765625,25000000.000
39292,2060,5.859375,25000000.000
39293,2054,2.929688,25000000.000
39294,2048,0.000000,25000000.000
39295,2047,-0.488281,25000000.000
39296,2037,-5.371094,25000000.000
39297,2033,-7.324219,25000000.000
39298,2028,-9.765625,25000000.000
39299,2026,-10.742188,25000000.000
39300,2018,-14.648438,25000000.000
39301,2016,-15.625000,25000000.000
39302,2014,-16.601562,25000000.000
39303,2013,-17.089844,25000000.000
39304,2010,-18.554688,25000000.000
39305,2009,-19.042969,25000000.000
39306,2011,-18.066406,25000000.000
39307,2010,-18.554688,25000000.000
39308,2014,-16.601562,25000000.000
39309,2018,-14.648438,25000000.000
39310,2021,-13.183594,25000000.000
39311,2021,-13.183594,25000000.000
39312,2030,-8.789062,25000000.000
39313,2036,-5.859375,25000000.000
39314,2042,-2.929688,25000000.000
39315,2042,-2.929688,25000000.000
39316,2052,1.953125,25000000.000
39317,2059,5.371094,25000000.000
39318,2063,7.324219,25000000.000
39319,2064,7.812500,25000000.000
39320,2072,11.718750,25000000.000
39321,2076,13.671875,25000000.000
39322,2080,15.625000,25000000.000
39323,2079,15.136719,25000000.000
39324,2082,16.601562,25000000.000
39325,2082,16.601562,25000000.000
39326,2082,16.601562,25000000.000
39327,2081,16.113281,25000000.000
39328,2078,14.648438,25000000.000
39329,2076,13.671875,25000000.000
39330,2072,11.718750,25000000.000
39331,2072,11.718750,25000000.000
39332,2063,7.324219,25000000.000
39333,2058,4.882812,25000000.000
39334,2051,1.464844,25000000.000
39335,2053,2.441406,25000000.000
39336,2041,-3.417969,25000000.000
39337,2035,-6.347656,25000000.000
39338,2031,-8.300781,25000000.000
39339,2030,-8.789062,25000000.000
39340,2021,-13.183594,25000000.000
39341,2017,-15.136719,25000000.000
39342,2015,-16.113281,25000000.000
39343,2013,-17.089844,25000000.000
39344,2009,-19.042969,25000000.000
39345,2009,-19.042969,25000000.000
39346,2009,-19.042969,25000000.000
39347,2009,-19.042969,25000000.000
39348,2012,-17.578125,25000000.000
39349,2014,-16.601562,25000000.000
39350,2017,-15.136719,25000000.000
39351,2017,-15.136719,25000000.000
39352,2026,-10.742188,25000000.000
39353,2029,-9.277344,25000000.000
39354,2037,-5.371094,25000000.000
39355,2037,-5.371094,25000000.000
39356,2047,-0.488281,25000000.000
39357,2053,2.441406,25000000.000
39358,2058,4.882812,25000000.000
39359,2059,5.371094,25000000.000
39360,2068,9.765625,25000000.000
39361,2072,11.718750,25000000.000
39362,2077,14.160156,25000000.000
39363,2076,13.671875,25000000.000
39364,2079,15.136719,25000000.000
39365,2082,16.601562,25000000.000
39366,2082,16.601562,25000000.000
39367,2082,16.601562,25000000.000
39368,2080,15.625000,25000000.000
39369,2078,14.648438,25000000.000
39370,2074,12.695312,25000000.000
39371,2075,13.183594,25000000.000
39372,2067,9.277344,25000000.000
39373,2062,6.835938,25000000.000
39374,2056,3.906250,25000000.000
39375,2056,3.906250,25000000.000
39376,2047,-0.488281,25000000.000
39377,2041,-3.417969,25000000.000
39378,2035,-6.347656,25000000.000
39379,2034,-6.835938,25000000.000
39380,2025,-11.230469,25000000.000
39381,2020,-13.671875,25000000.000
39382,2017,-15.136719,25000000.000
39383,2016,-15.625000,25000000.000
39384,2011,-18.066406,25000000.000
39385,2010,-18.554688,25000000.000
39386,2009,-19.042969,25000000.000
39387,2010,-18.554688,25000000.000
39388,2011,-18.066406,25000000.000
39389,2012,-17.578125,25000000.000
39390,2014,-16.601562,25000000.000
39391,2014,-16.601562,25000000.000
39392,2022,-12.695312,25000000.000
39393,2027,-10.253906,25000000.000
39394,2031,-8.300781,25000000.000
39395,2032,-7.812500,25000000.000
39396,2043,-2.441406,25000000.000
39397,2047,-0.488281,25000000.000
39398,2052,1.953125,25000000.000
39399,2053,2.441406,25000000.000
39400,2063,7.324219,25000000.000
39401,2068,9.765625,25000000.000
39402,2073,12.207031,25000000.000
39403,2073,12.207031,25000000.000
39404,2079,15.136719,25000000.000
39405,2081,16.113281,25000000.000
39406,2082,16.601562,25000000.000
39407,2083,17.089844,25000000.000
39408,2082,16.601562,25000000.000
39409,2081,16.113281,25000000.000
39410,2078,14.648438,25000000.000
39411,2077,14.160156,25000000.000
39412,2070,10.742188,25000000.000
39413,2066,8.789062,25000000.000
39414,2061,6.347656,25000000.000
39415,2061,6.347656,25000000.000
39416,2051,1.464844,25000000.000
39417,2046,-0.976562,25000000.000
39418,2040,-3.906250,25000000.000
39419,2039,-4.394531,25000000.000
39420,2029,-9.277344,25000000.000
39421,2025,-11.230469,25000000.000
39422,2021,-13.183594,25000000.000
39423,2021,-13.183594,25000000.000
39424,2013,-17.089844,25000000.000
39425,2011,-18.066406,25000000.000
39426,2009,-19.042969,25000000.000
39427,2009,-19.042969,25000000.000
39428,2009,-19.042969,25000000.000
39429,2010,-18.554688,25000000.000
39430,2013,-17.089844,25000000.000
39431,2012,-17.578125,25000000.000
39432,2018,-14.648438,25000000.000
39433,2024,-11.718750,25000000.000
39434,2028,-9.765625,25000000.000
39435,2028,-9.765625,25000000.000
39436,2038,-4.882812,25000000.000
39437,2045,-1.464844,25000000.000
39438,2049,0.488281,25000000.000
39439,2049,0.488281,25000000.000
39440,2060,5.859375,25000000.000
39441,2064,7.812500,25000000.000
39442,2070,10.742188,25000000.000
39443,2070,10.742188,25000000.000
39444,2077,14.160156,25000000.000
39445,2081,16.113281,25000000.000
39446,2082,16.601562,25000000.000
39447,2082,16.601562,25000000.000
39448,2083,17.089844,25000000.000
39449,2082,16.601562,25000000.000
39450,2079,15.136719,25000000.000
39451,2080,15.625000,25000000.000
39452,2074,12.695312,25000000.000
39453,2071,11.230469,25000000.000
39454,2065,8.300781,25000000.000
39455,2066,8.789062,25000000.000
39456,2056,3.906250,25000000.000
39457,2050,0.976562,25000000.000
39458,2045,-1.464844,25000000.000
39459,2044,-1.953125,25000000.000
39460,2034,-6.835938,25000000.000
39461,2029,-9.277344,25000000.000
39462,2024,-11.718750,25000000.000
39463,2023,-12.207031,25000000.000
39464,2016,-15.625000,25000000.000
39465,2013,-17.089844,25000000.000
39466,2011,-18.066406,25000000.000
39467,2011,-18.066406,25000000.000
39468,2010,-18.554688,25000000.000
39469,2010,-18.554688,25000000.000
39470,2010,-18.554688,25000000.000
39471,2011,-18.066406,25000000.000
39472,2016,-15.625000,25000000.000
39473,2019,-14.160156,25000000.000
39474,2025,-11.230469,25000000.000
39475,2024,-11.718750,25000000.000
39476,2031,-8.300781,25000000.000
39477,2036,-5.859375,25000000.000
39478,2044,-1.953125,25000000.000
39479,2043,-2.441406,25000000.000
39480,2056,3.906250,25000000.000
39481,2062,6.835938,25000000.000
39482,2067,9.277344,25000000.000
39483,2067,9.277344,25000000.000
39484,2074,12.695312,25000000.000
39485,2078,14.648438,25000000.000
39486,2081,16.113281,25000000.000
39487,2080,15.625000,25000000.000
39488,2083,17.089844,25000000.000
39489,2082,16.601562,25000000.000
39490,2081,16.113281,25000000.000
39491,2081,16.113281,25000000.000
39492,2078,14.648438,25000000.000
39493,2074,12.695312,25000000.000
39494,2068,9.765625,25000000.000
39495,2069,10.253906,25000000.000
39496,2060,5.859375,25000000.000
39497,2054,2.929688,25000000.000
39498,2049,0.488281,25000000.000
39499,2049,0.488281,25000000.000
39500,2039,-4.394531,25000000.000
39501,2032,-7.812500,25000000.000
39502,2028,-9.765625,25000000.000
39503,2027,-10.253906,25000000.000
39504,2019,-14.160156,25000000.000
39505,2015,-16.113281,25000000.000
39506,2012,-17.578125,25000000.000
39507,2012,-17.578125,25000000.000
39508,2010,-18.554688,25000000.000
39509,2008,-19.531250,25000000.000
39510,2009,-19.042969,25000000.000
39511,2009,-19.042969,25000000.000
39512,2013,-17.089844,25000000.000
39513,2017,-15.136719,25000000.000
39514,2020,-13.671875,25000000.000
39515,2020,-13.671875,25000000.000
39516,2029,-9.277344,25000000.000
39517,2035,-6.347656,25000000.000
39518,2040,-3.906250,25000000.000
39519,2039,-4.394531,25000000.000
39520,2051,1.464844,25000000.000
39521,2056,3.906250,25000000.000
39522,2061,6.347656,25000000.000
39523,2062,6.835938,25000000.000
39524,2070,10.742188,25000000.000
39525,2075,13.183594,25000000.000
39526,2077,14.160156,25000000.000
39527,2077,14.160156,25000000.000
39528,2084,17.578125,25000000.000
39529,2082,16.601562,25000000.000
39530,2080,15.625000,25000000.000
39531,2080,15.625000,25000000.000
39532,2078,14.648438,25000000.000
39533,2076,13.671875,25000000.000
39534,2072,11.718750,25000000.000
39535,2072,11.718750,25000000.000
39536,2064,7.812500,25000000.000
39537,2059,5.371094,25000000.000
39538,2054,2.929688,25000000.000
39539,2054,2.929688,25000000.000
39540,2043,-2.441406,25000000.000
39541,2036,-5.859375,25000000.000
39542,2032,-7.812500,25000000.000
39543,2031,-8.300781,25000000.000
39544,2022,-12.695312,25000000.000
39545,2017,-15.136719,25000000.000
39546,2014,-16.601562,25000000.000
39547,2014,-16.601562,25000000.000
39548,2009,-19.042969,25000000.000
39549,2009,-19.042969,25000000.000
39550,2009,-19.042969,25000000.000
39551,2008,-19.531250,25000000.000
39552,2011,-18.066406,25000000.000
39553,2013,-17.089844,25000000.000
39554,2016,-15.625000,25000000.000
39555,2016,-15.625000,25000000.000
39556,2024,-11.718750,25000000.000
39557,2029,-9.277344,25000000.000
39558,2034,-6.835938,25000000.000
39559,2035,-6.347656,25000000.000
39560,2046,-0.976562,25000000.000
39561,2051,1.464844,25000000.000
39562,2057,4.394531,25000000.000
39563,2057,4.394531,25000000.000
39564,2067,9.277344,25000000.000
39565,2071,11.230469,25000000.000
39566,2075,13.183594,25000000.000
39567,2076,13.671875,25000000.000
39568,2081,16.113281,25000000.000
39569,2082,16.601562,25000000.000
39570,2082,16.601562,25000000.000
39571,2081,16.113281,25000000.000
39572,2080,15.625000,25000000.000
39573,2078,14.648438,25000000.000
39574,2076,13.671875,25000000.000
39575,2075,13.183594,25000000.000
39576,2067,9.277344,25000000.000
39577,2063,7.324219,25000000.000
39578,2057,4.394531,25000000.000
39579,2058,4.882812,25000000.000
39580,2046,-0.976562,25000000.000
39581,2041,-3.417969,25000000.000
39582,2036,-5.859375,25000000.000
39583,2034,-6.835938,25000000.000
39584,2026,-10.742188,25000000.000
39585,2021,-13.183594,25000000.000
39586,2018,-14.648438,25000000.000
39587,2017,-15.136719,25000000.000
39588,2013,-17.089844,25000000.000
39589,2010,-18.554688,25000000.000
39590,2007,-20.019531,25000000.000
39591,2010,-18.554688,25000000.000
39592,2010,-18.554688,25000000.000
39593,2011,-18.066406,25000000.000
39594,2014,-16.601562,25000000.000
39595,2014,-16.601562,25000000.000
39596,2020,-13.671875,25000000.000
39597,2026,-10.742188,25000000.000
39598,2029,-9.277344,25000000.000
39599,2031,-8.300781,25000000.000
39600,2042,-2.929688,25000000.000
39601,2047,-0.488281,25000000.000
39602,2053,2.441406,25000000.000
39603,2053,2.441406,25000000.000
39604,2064,7.812500,25000000.000
39605,2069,10.253906,25000000.000
39606,2073,12.207031,25000000.000
39607,2072,11.718750,25000000.000
39608,2079,15.136719,25000000.000
39609,2081,16.113281,25000000.000
39610,2081,16.113281,25000000.000
39611,2082,16.601562,25000000.000
39612,2082,16.601562,25000000.000
39613,2080,15.625000,25000000.000
39614,2078,14.648438,25000000.000
39615,2079,15.136719,25000000.000
39616,2072,11.718750,25000000.000
39617,2068,9.765625,25000000.000
39618,2062,6.835938,25000000.000
39619,2062,6.835938,25000000.000
39620,2052,1.953125,25000000.000
39621,2047,-0.488281,25000000.000
39622,2041,-3.417969,25000000.000
39623,2040,-3.906250,25000000.000
39624,2030,-8.789062,25000000.000
39625,2025,-11.230469,25000000.000
39626,2021,-13.183594,25000000.000
39627,2020,-13.671875,25000000.000
39628,2013,-17.089844,25000000.000
39629,2012,-17.578125,25000000.000
39630,2010,-18.554688,25000000.000
39631,2009,-19.042969,25000000.000
39632,2009,-19.042969,25000000.000
39633,2010,-18.554688,25000000.000
39634,2012,-17.578125,25000000.000
39635,2012,-17.578125,25000000.000
39636,2017,-15.136719,25000000.000
39637,2022,-12.695312,25000000.000
39638,2027,-10.253906,25000000.000
39639,2027,-10.253906,25000000.000
39640,2037,-5.371094,25000000.000
39641,2042,-2.929688,25000000.000
39642,2049,0.488281,25000000.000
39643,2049,0.488281,25000000.000
39644,2059,5.371094,25000000.000
39645,2064,7.812500,25000000.000
39646,2070,10.742188,25000000.000
39647,2069,10.253906,25000000.000
39648,2077,14.160156,25000000.000
39649,2080,15.625000,25000000.000
39650,2081,16.113281,25000000.000
39651,2082,16.601562,25000000.000
39652,2083,17.089844,25000000.000
39653,2082,16.601562,25000000.000
39654,2081,16.113281,25000000.000
39655,2081,16.113281,25000000.000
39656,2075,13.183594,25000000.000
39657,2072,11.718750,25000000.000
39658,2068,9.765625,25000000.000
39659,2067,9.277344,25000000.000
39660,2057,4.394531,25000000.000
39661,2052,1.953125,25000000.000
39662,2046,-0.976562,25000000.000
39663,2045,-1.464844,25000000.000
39664,2035,-6.347656,25000000.000
39665,2030,-8.789062,25000000.000
39666,2025,-11.230469,25000000.000
39667,2025,-11.230469,25000000.000
39668,2017,-15.136719,25000000.000
39669,2014,-16.601562,25000000.000
39670,2012,-17.578125,25000000.000
39671,2011,-18.066406,25000000.000
39672,2010,-18.554688,25000000.000
39673,2009,-19.042969,25000000.000
39674,2010,-18.554688,25000000.000
39675,2012,-17.578125,25000000.000
39676,2015,-16.113281,25000000.000
39677,2019,-14.160156,25000000.000
39678,2023,-12.207031,25000000.000
39679,2023,-12.207031,25000000.000
39680,2032,-7.812500,25000000.000
39681,2038,-4.882812,25000000.000
39682,2044,-1.953125,25000000.000
39683,2044,-1.953125,25000000.000
39684,2054,2.929688,25000000.000
39685,2061,6.347656,25000000.000
39686,2066,8.789062,25000000.000
39687,2066,8.789062,25000000.000
39688,2073,12.207031,25000000.000
39689,2077,14.160156,25000000.000
39690,2080,15.625000,25000000.000
39691,2080,15.625000,25000000.000
39692,2082,16.601562,25000000.000
39693,2082,16.601562,25000000.000
39694,2081,16.113281,25000000.000
39695,2082,16.601562,25000000.000
39696,2077,14.160156,25000000.000
39697,2074,12.695312,25000000.000
39698,2071,11.230469,25000000.000
39699,2070,10.742188,25000000.000
39700,2060,5.859375,25000000.000
39701,2056,3.906250,25000000.000
39702,2051,1.464844,25000000.000
39703,2050,0.976562,25000000.000
39704,2040,-3.906250,25000000.000
39705,2035,-6.347656,25000000.000
39706,2030,-8.789062,25000000.000
39707,2028,-9.765625,25000000.000
39708,2020,-13.671875,25000000.000
39709,2017,-15.136719,25000000.000
39710,2012,-17.578125,25000000.000
39711,2013,-17.089844,25000000.000
39712,2010,-18.554688,25000000.000
39713,2010,-18.554688,25000000.000
39714,2009,-19.042969,25000000.000
39715,2009,-19.042969,25000000.000
39716,2012,-17.578125,25000000.000
39717,2014,-16.601562,25000000.000
39718,2019,-14.160156,25000000.000
39719,2018,-14.648438,25000000.000
39720,2027,-10.253906,25000000.000
39721,2032,-7.812500,25000000.000
39722,2037,-5.371094,25000000.000
39723,2038,-4.882812,25000000.000
39724,2049,0.488281,25000000.000
39725,2054,2.929688,25000000.000
39726,2060,5.859375,25000000.000
39727,2060,5.859375,25000000.000
39728,2070,10.742188,25000000.000
39729,2072,11.718750,25000000.000
39730,2076,13.671875,25000000.000
39731,2077,14.160156,25000000.000
39732,2081,16.113281,25000000.000
39733,2083,17.089844,25000000.000
39734,2082,16.601562,25000000.000
39735,2082,16.601562,25000000.000
39736,2078,14.648438,25000000.000
39737,2077,14.160156,25000000.000
39738,2074,12.695312,25000000.000
39739,2073,12.207031,25000000.000
39740,2065,8.300781,25000000.000
39741,2059,5.371094,25000000.000
39742,2056,3.906250,25000000.000
39743,2055,3.417969,25000000.000
39744,2044,-1.953125,25000000.000
39745,2039,-4.394531,25000000.000
39746,2032,-7.812500,25000000.000
39747,2032,-7.812500,25000000.000
39748,2023,-12.207031,25000000.000
39749,2019,-14.160156,25000000.000
39750,2016,-15.625000,25000000.000
39751,2015,-16.113281,25000000.000
39752,2011,-18.066406,25000000.000
39753,2009,-19.042969,25000000.000
39754,2009,-19.042969,25000000.000
39755,2009,-19.042969,25000000.000
39756,2010,-18.554688,25000000.000
39757,2012,-17.578125,25000000.000
39758,2015,-16.113281,25000000.000
39759,2015,-16.113281,25000000.000
39760,2022,-12.695312,25000000.000
39761,2026,-10.742188,25000000.000
39762,2033,-7.324219,25000000.000
39763,2033,-7.324219,25000000.000
39764,2045,-1.464844,25000000.000
39765,2049,0.488281,25000000.000
39766,2056,3.906250,25000000.000
39767,2056,3.906250,25000000.000
39768,2065,8.300781,25000000.000
39769,2071,11.230469,25000000.000
39770,2075,13.183594,25000000.000
39771,2075,13.183594,25000000.000
39772,2081,16.113281,25000000.000
39773,2082,16.601562,25000000.000
39774,2082,16.601562,25000000.000
39775,2082,16.601562,25000000.000
39776,2082,16.601562,25000000.000
39777,2080,15.625000,25000000.000
39778,2075,13.183594,25000000.000
39779,2075,13.183594,25000000.000
39780,2068,9.765625,25000000.000
39781,2064,7.812500,25000000.000
39782,2060,5.859375,25000000.000
39783,2059,5.371094,25000000.000
39784,2047,-0.488281,25000000.000
39785,2041,-3.417969,25000000.000
39786,2038,-4.882812,25000000.000
39787,2037,-5.371094,25000000.000
39788,2027,-10.253906,25000000.000
39789,2023,-12.207031,25000000.000
39790,2018,-14.648438,25000000.000
39791,2019,-14.160156,25000000.000
39792,2012,-17.578125,25000000.000
39793,2011,-18.066406,25000000.000
39794,2010,-18.554688,25000000.000
39795,2008,-19.531250,25000000.000
39796,2010,-18.554688,25000000.000
39797,2011,-18.066406,25000000.000
39798,2013,-17.089844,25000000.000
39799,2013,-17.089844,25000000.000
39800,2021,-13.183594,25000000.000
39801,2025,-11.230469,25000000.000
39802,2030,-8.789062,25000000.000
39803,2031,-8.300781,25000000.000
39804,2040,-3.906250,25000000.000
39805,2046,-0.976562,25000000.000
39806,2051,1.464844,25000000.000
39807,2051,1.464844,25000000.000
39808,2062,6.835938,25000000.000
39809,2067,9.277344,25000000.000
39810,2071,11.230469,25000000.000
39811,2072,11.718750,25000000.000
39812,2079,15.136719,25000000.000
39813,2081,16.113281,25000000.000
39814,2081,16.113281,25000000.000
39815,2083,17.089844,25000000.000
39816,2082,16.601562,25000000.000
39817,2081,16.113281,25000000.000
39818,2080,15.625000,25000000.000
39819,2080,15.625000,25000000.000
39820,2073,12.207031,25000000.000
39821,2069,10.253906,25000000.000
39822,2066,8.789062,25000000.000
39823,2065,8.300781,25000000.000
39824,2057,4.394531,25000000.000
39825,2054,2.929688,25000000.000
39826,2040,-3.906250,25000000.000
39827,2046,-0.976562,25000000.000
39828,2033,-7.324219,25000000.000
39829,2029,-9.277344,25000000.000
39830,2022,-12.695312,25000000.000
39831,2023,-12.207031,25000000.000
39832,2016,-15.625000,25000000.000
39833,2012,-17.578125,25000000.000
39834,2011,-18.066406,25000000.000
39835,2011,-18.066406,25000000.000
39836,2009,-19.042969,25000000.000
39837,2011,-18.066406,25000000.000
39838,2011,-18.066406,25000000.000
39839,2012,-17.578125,25000000.000
39840,2018,-14.648438,25000000.000
39841,2020,-13.671875,25000000.000
39842,2026,-10.742188,25000000.000
39843,2025,-11.230469,25000000.000
39844,2035,-6.347656,25000000.000
39845,2041,-3.417969,25000000.000
39846,2046,-0.976562,25000000.000
39847,2047,-0.488281,25000000.000
39848,2058,4.882812,25000000.000
39849,2063,7.324219,25000000.000
39850,2067,9.277344,25000000.000
39851,2068,9.765625,25000000.000
39852,2077,14.160156,25000000.000
39853,2079,15.136719,25000000.000
39854,2080,15.625000,25000000.000
39855,2081,16.113281,25000000.000
39856,2083,17.089844,25000000.000
39857,2082,16.601562,25000000.000
39858,2082,16.601562,25000000.000
39859,2081,16.113281,25000000.000
39860,2076,13.671875,25000000.000
39861,2072,11.718750,25000000.000
39862,2068,9.765625,25000000.000
39863,2068,9.765625,25000000.000
39864,2059,5.371094,25000000.000
39865,2053,2.441406,25000000.000
39866,2047,-0.488281,25000000.000
39867,2046,-0.976562,25000000.000
39868,2037,-5.371094,25000000.000
39869,2032,-7.812500,25000000.000
39870,2026,-10.742188,25000000.000
39871,2025,-11.230469,25000000.000
39872,2018,-14.648438,25000000.000
39873,2013,-17.089844,25000000.000
39874,2012,-17.578125,25000000.000
39875,2010,-18.554688,25000000.000
39876,2012,-17.578125,25000000.000
39877,2011,-18.066406,25000000.000
39878,2010,-18.554688,25000000.000
39879,2010,-18.554688,25000000.000
39880,2014,-16.601562,25000000.000
39881,2017,-15.136719,25000000.000
39882,2021,-13.183594,25000000.000
39883,2022,-12.695312,25000000.000
39884,2031,-8.300781,25000000.000
39885,2037,-5.371094,25000000.000
39886,2042,-2.929688,25000000.000
39887,2043,-2.441406,25000000.000
39888,2054,2.929688,25000000.000
39889,2059,5.371094,25000000.000
39890,2064,7.812500,25000000.000
39891,2065,8.300781,25000000.000
39892,2074,12.695312,25000000.000
39893,2078,14.648438,25000000.000
39894,2080,15.625000,25000000.000
39895,2080,15.625000,25000000.000
39896,2082,16.601562,25000000.000
39897,2083,17.089844,25000000.000
39898,2081,16.113281,25000000.000
39899,2082,16.601562,25000000.000
39900,2078,14.648438,25000000.000
39901,2076,13.671875,25000000.000
39902,2072,11.718750,25000000.000
39903,2072,11.718750,25000000.000
39904,2063,7.324219,25000000.000
39905,2057,4.394531,25000000.000
39906,2053,2.441406,25000000.000
39907,2051,1.464844,25000000.000
39908,2041,-3.417969,25000000.000
39909,2035,-6.347656,25000000.000
39910,2029,-9.277344,25000000.000
39911,2028,-9.765625,25000000.000
39912,2022,-12.695312,25000000.000
39913,2018,-14.648438,25000000.000
39914,2014,-16.601562,25000000.000
39915,2015,-16.113281,25000000.000
39916,2009,-19.042969,25000000.000
39917,2009,-19.042969,25000000.000
39918,2009,-19.042969,25000000.000
39919,2009,-19.042969,25000000.000
39920,2011,-18.066406,25000000.000
39921,2013,-17.089844,25000000.000
39922,2017,-15.136719,25000000.000
39923,2018,-14.648438,25000000.000
39924,2026,-10.742188,25000000.000
39925,2031,-8.300781,25000000.000
39926,2036,-5.859375,25000000.000
39927,2037,-5.371094,25000000.000
39928,2047,-0.488281,25000000.000
39929,2053,2.441406,25000000.000
39930,2058,4.882812,25000000.000
39931,2059,5.371094,25000000.000
39932,2068,9.765625,25000000.000
39933,2072,11.718750,25000000.000
39934,2076,13.671875,25000000.000
39935,2077,14.160156,25000000.000
39936,2080,15.625000,25000000.000
39937,2082,16.601562,25000000.000
39938,2082,16.601562,25000000.000
39939,2082,16.601562,25000000.000
39940,2080,15.625000,25000000.000
39941,2077,14.160156,25000000.000
39942,2075,13.183594,25000000.000
39943,2073,12.207031,25000000.000
39944,2066,8.789062,25000000.000
39945,2061,6.347656,25000000.000
39946,2057,4.394531,25000000.000
39947,2056,3.906250,25000000.000
39948,2045,-1.464844,25000000.000
39949,2040,-3.906250,25000000.000
39950,2034,-6.835938,25000000.000
39951,2034,-6.835938,25000000.000
39952,2026,-10.742188,25000000.000
39953,2021,-13.183594,25000000.000
39954,2016,-15.625000,25000000.000
39955,2016,-15.625000,25000000.000
39956,2011,-18.066406,25000000.000
39957,2010,-18.554688,25000000.000
39958,2010,-18.554688,25000000.000
39959,2009,-19.042969,25000000.000
39960,2010,-18.554688,25000000.000
39961,2012,-17.578125,25000000.000
39962,2014,-16.601562,25000000.000
39963,2015,-16.113281,25000000.000
39964,2022,-12.695312,25000000.000
39965,2027,-10.253906,25000000.000
39966,2031,-8.300781,25000000.000
39967,2032,-7.812500,25000000.000
39968,2043,-2.441406,25000000.000
39969,2049,0.488281,25000000.000
39970,2053,2.441406,25000000.000
39971,2055,3.417969,25000000.000
39972,2064,7.812500,25000000.000
39973,2069,10.253906,25000000.000
39974,2073,12.207031,25000000.000
39975,2073,12.207031,25000000.000
39976,2079,15.136719,25000000.000
39977,2081,16.113281,25000000.000
39978,2083,17.089844,25000000.000
39979,2082,16.601562,25000000.000
39980,2081,16.113281,25000000.000
39981,2080,15.625000,25000000.000
39982,2077,14.160156,25000000.000
39983,2076,13.671875,25000000.000
39984,2069,10.253906,25000000.000
39985,2066,8.789062,25000000.000
39986,2061,6.347656,25000000.000
39987,2060,5.859375,25000000.000
39988,2050,0.976562,25000000.000
39989,2045,-1.464844,25000000.000
39990,2040,-3.906250,25000000.000
39991,2039,-4.394531,25000000.000
39992,2030,-8.789062,25000000.000
39993,2024,-11.718750,25000000.000
39994,2019,-14.160156,25000000.000
39995,2019,-14.160156,25000000.000
39996,2013,-17.089844,25000000.000
39997,2010,-18.554688,25000000.000
39998,2010,-18.554688,25000000.000
39999,2010,-18.554688,25000000.000
40000,2010,-18.554688,25000000.000
40001,2011,-18.066406,25000000.000
40002,2013,-17.089844,25000000.000
40003,2012,-17.578125,25000000.000
40004,2019,-14.160156,25000000.000
40005,2023,-12.207031,25000000.000
40006,2028,-9.765625,25000000.000
40007,2029,-9.277344,25000000.000
40008,2040,-3.906250,25000000.000
40009,2044,-1.953125,25000000.000
40010,2050,0.976562,25000000.000
40011,2051,1.464844,25000000.000
40012,2061,6.347656,25000000.000
40013,2066,8.789062,25000000.000
40014,2070,10.742188,25000000.000
40015,2072,11.718750,25000000.000
40016,2079,15.136719,25000000.000
40017,2079,15.136719,25000000.000
40018,2082,16.601562,25000000.000
40019,2084,17.578125,25000000.000
40020,2083,17.089844,25000000.000
40021,2081,16.113281,25000000.000
40022,2081,16.113281,25000000.000
40023,2079,15.136719,25000000.000
40024,2073,12.207031,25000000.000
40025,2070,10.742188,25000000.000
40026,2064,7.812500,25000000.000
40027,2065,8.300781,25000000.000
40028,2056,3.906250,25000000.000
40029,2049,0.488281,25000000.000
40030,2043,-2.441406,25000000.000
40031,2043,-2.441406,25000000.000
40032,2033,-7.324219,25000000.000
40033,2027,-10.253906,25000000.000
40034,2023,-12.207031,25000000.000
40035,2023,-12.207031,25000000.000
40036,2016,-15.625000,25000000.000
40037,2013,-17.089844,25000000.000
40038,2010,-18.554688,25000000.000
40039,2012,-17.578125,25000000.000
40040,2009,-19.042969,25000000.000
40041,2010,-18.554688,25000000.000
40042,2011,-18.066406,25000000.000
40043,2012,-17.578125,25000000.000
40044,2017,-15.136719,25000000.000
40045,2021,-13.183594,25000000.000
40046,2025,-11.230469,25000000.000
40047,2024,-11.718750,25000000.000
40048,2033,-7.324219,25000000.000
40049,2039,-4.394531,25000000.000
40050,2046,-0.976562,25000000.000
40051,2046,-0.976562,25000000.000
40052,2056,3.906250,25000000.000
40053,2062,6.835938,25000000.000
40054,2066,8.789062,25000000.000
40055,2067,9.277344,25000000.000
40056,2075,13.183594,25000000.000
40057,2079,15.136719,25000000.000
40058,2079,15.136719,25000000.000
40059,2080,15.625000,25000000.000
40060,2083,17.089844,25000000.000
40061,2082,16.601562,25000000.000
40062,2081,16.113281,25000000.000
40063,2081,16.113281,25000000.000
40064,2076,13.671875,25000000.000
40065,2074,12.695312,25000000.000
40066,2070,10.742188,25000000.000
40067,2070,10.742188,25000000.000
40068,2061,6.347656,25000000.000
40069,2055,3.417969,25000000.000
40070,2050,0.976562,25000000.000
40071,2049,0.488281,25000000.000
40072,2038,-4.882812,25000000.000
40073,2033,-7.324219,25000000.000
40074,2028,-9.765625,25000000.000
40075,2030,-8.789062,25000000.000
40076,2018,-14.648438,25000000.000
40077,2015,-16.113281,25000000.000
40078,2014,-16.601562,25000000.000
40079,2014,-16.601562,25000000.000
40080,2010,-18.554688,25000000.000
40081,2009,-19.042969,25000000.000
40082,2011,-18.066406,25000000.000
40083,2010,-18.554688,25000000.000
40084,2014,-16.601562,25000000.000
40085,2016,-15.625000,25000000.000
40086,2020,-13.671875,25000000.000
40087,2021,-13.183594,25000000.000
40088,2029,-9.277344,25000000.000
40089,2036,-5.859375,25000000.000
40090,2041,-3.417969,25000000.000
40091,2041,-3.417969,25000000.000
40092,2051,1.464844,25000000.000
40093,2057,4.394531,25000000.000
40094,2062,6.835938,25000000.000
40095,2063,7.324219,25000000.000
40096,2073,12.207031,25000000.000
40097,2076,13.671875,25000000.000
40098,2079,15.136719,25000000.000
40099,2079,15.136719,25000000.000
40100,2083,17.089844,25000000.000
40101,2085,18.066406,25000000.000
40102,2083,17.089844,25000000.000
40103,2082,16.601562,25000000.000
40104,2079,15.136719,25000000.000
40105,2076,13.671875,25000000.000
40106,2074,12.695312,25000000.000
40107,2074,12.695312,25000000.000
40108,2064,7.812500,25000000.000
40109,2058,4.882812,25000000.000
40110,2053,2.441406,25000000.000
40111,2053,2.441406,25000000.000
40112,2042,-2.929688,25000000.000
40113,2036,-5.859375,25000000.000
40114,2031,-8.300781,25000000.000
40115,2031,-8.300781,25000000.000
40116,2020,-13.671875,25000000.000
40117,2017,-15.136719,25000000.000
40118,2014,-16.601562,25000000.000
40119,2013,-17.089844,25000000.000
40120,2010,-18.554688,25000000.000
40121,2009,-19.042969,25000000.000
40122,2009,-19.042969,25000000.000
40123,2009,-19.042969,25000000.000
40124,2010,-18.554688,25000000.000
40125,2014,-16.601562,25000000.000
40126,2016,-15.625000,25000000.000
40127,2017,-15.136719,25000000.000
40128,2025,-11.230469,25000000.000
40129,2030,-8.789062,25000000.000
40130,2034,-6.835938,25000000.000
40131,2036,-5.859375,25000000.000
40132,2047,-0.488281,25000000.000
40133,2052,1.953125,25000000.000
40134,2058,4.882812,25000000.000
40135,2059,5.371094,25000000.000
40136,2068,9.765625,25000000.000
40137,2072,11.718750,25000000.000
40138,2075,13.183594,25000000.000
40139,2075,13.183594,25000000.000
40140,2081,16.113281,25000000.000
40141,2081,16.113281,25000000.000
40142,2082,16.601562,25000000.000
40143,2082,16.601562,25000000.000
40144,2081,16.113281,25000000.000
40145,2078,14.648438,25000000.000
40146,2074,12.695312,25000000.000
40147,2073,12.207031,25000000.000
40148,2067,9.277344,25000000.000
40149,2062,6.835938,25000000.000
40150,2057,4.394531,25000000.000
40151,2057,4.394531,25000000.000
40152,2047,-0.488281,25000000.000
40153,2041,-3.417969,25000000.000
40154,2036,-5.859375,25000000.000
40155,2034,-6.835938,25000000.000
40156,2027,-10.253906,25000000.000
40157,2022,-12.695312,25000000.000
40158,2017,-15.136719,25000000.000
40159,2017,-15.136719,25000000.000
40160,2011,-18.066406,25000000.000
40161,2009,-19.042969,25000000.000
40162,2008,-19.531250,25000000.000
40163,2009,-19.042969,25000000.000
40164,2010,-18.554688,25000000.000
40165,2012,-17.578125,25000000.000
40166,2014,-16.601562,25000000.000
40167,2016,-15.625000,25000000.000
40168,2021,-13.183594,25000000.000
40169,2026,-10.742188,25000000.000
40170,2031,-8.300781,25000000.000
40171,2031,-8.300781,25000000.000
40172,2039,-4.394531,25000000.000
40173,2046,-0.976562,25000000.000
40174,2055,3.417969,25000000.000
40175,2049,0.488281,25000000.000
40176,2062,6.835938,25000000.000
40177,2068,9.765625,25000000.000
40178,2072,11.718750,25000000.000
40179,2072,11.718750,25000000.000
40180,2078,14.648438,25000000.000
40181,2079,15.136719,25000000.000
40182,2081,16.113281,25000000.000
40183,2082,16.601562,25000000.000
40184,2082,16.601562,25000000.000
40185,2080,15.625000,25000000.000
40186,2077,14.160156,25000000.000
40187,2078,14.648438,25000000.000
40188,2072,11.718750,25000000.000
40189,2067,9.277344,25000000.000
40190,2062,6.835938,25000000.000
40191,2061,6.347656,25000000.000
40192,2050,0.976562,25000000.000
40193,2046,-0.976562,25000000.000
40194,2041,-3.417969,25000000.000
40195,2041,-3.417969,25000000.000
40196,2030,-8.789062,25000000.000
40197,2026,-10.742188,25000000.000
40198,2021,-13.183594,25000000.000
40199,2021,-13.183594,25000000.000
40200,2014,-16.601562,25000000.000
40201,2012,-17.578125,25000000.000
40202,2010,-18.554688,25000000.000
40203,2010,-18.554688,25000000.000
40204,2009,-19.042969,25000000.000
40205,2011,-18.066406,25000000.000
40206,2012,-17.578125,25000000.000
40207,2012,-17.578125,25000000.000
40208,2019,-14.160156,25000000.000
40209,2022,-12.695312,25000000.000
40210,2027,-10.253906,25000000.000
40211,2028,-9.765625,25000000.000
40212,2037,-5.371094,25000000.000
40213,2043,-2.441406,25000000.000
40214,2049,0.488281,25000000.000
40215,2050,0.976562,25000000.000
40216,2060,5.859375,25000000.000
40217,2066,8.789062,25000000.000
40218,2070,10.742188,25000000.000
40219,2069,10.253906,25000000.000
40220,2077,14.160156,25000000.000
40221,2080,15.625000,25000000.000
40222,2082,16.601562,25000000.000
40223,2081,16.113281,25000000.000
40224,2083,17.089844,25000000.000
40225,2080,15.625000,25000000.000
40226,2080,15.625000,25000000.000
40227,2081,16.113281,25000000.000
40228,2076,13.671875,25000000.000
40229,2071,11.230469,25000000.000
40230,2066,8.789062,25000000.000
40231,2068,9.765625,25000000.000
40232,2057,4.394531,25000000.000
40233,2052,1.953125,25000000.000
40234,2045,-1.464844,25000000.000
40235,2046,-0.976562,25000000.000
40236,2035,-6.347656,25000000.000
40237,2030,-8.789062,25000000.000
40238,2025,-11.230469,25000000.000
40239,2024,-11.718750,25000000.000
40240,2017,-15.136719,25000000.000
40241,2013,-17.089844,25000000.000
40242,2012,-17.578125,25000000.000
40243,2011,-18.066406,25000000.000
40244,2010,-18.554688,25000000.000
40245,2010,-18.554688,25000000.000
40246,2010,-18.554688,25000000.000
40247,2010,-18.554688,25000000.000
40248,2016,-15.625000,25000000.000
40249,2019,-14.160156,25000000.000
40250,2022,-12.695312,25000000.000
40251,2024,-11.718750,25000000.000
40252,2033,-7.324219,25000000.000
40253,2039,-4.394531,25000000.000
40254,2045,-1.464844,25000000.000
40255,2045,-1.464844,25000000.000
40256,2056,3.906250,25000000.000
40257,2061,6.347656,25000000.000
40258,2066,8.789062,25000000.000
40259,2066,8.789062,25000000.000
40260,2074,12.695312,25000000.000
40261,2077,14.160156,25000000.000
40262,2080,15.625000,25000000.000
40263,2080,15.625000,25000000.000
40264,2082,16.601562,25000000.000
40265,2082,16.601562,25000000.000
40266,2082,16.601562,25000000.000
40267,2082,16.601562,25000000.000
40268,2077,14.160156,25000000.000
40269,2074,12.695312,25000000.000
40270,2069,10.253906,25000000.000
40271,2069,10.253906,25000000.000
40272,2061,6.347656,25000000.000
40273,2055,3.417969,25000000.000
40274,2050,0.976562,25000000.000
40275,2050,0.976562,25000000.000
40276,2039,-4.394531,25000000.000
40277,2033,-7.324219,25000000.000
40278,2029,-9.277344,25000000.000
40279,2028,-9.765625,25000000.000
40280,2020,-13.671875,25000000.000
40281,2016,-15.625000,25000000.000
40282,2014,-16.601562,25000000.000
40283,2014,-16.601562,25000000.000
40284,2011,-18.066406,25000000.000
40285,2010,-18.554688,25000000.000
40286,2010,-18.554688,25000000.000
40287,2010,-18.554688,25000000.000
40288,2013,-17.089844,25000000.000
40289,2015,-16.113281,25000000.000
40290,2019,-14.160156,25000000.000
40291,2019,-14.160156,25000000.000
40292,2029,-9.277344,25000000.000
40293,2034,-6.835938,25000000.000
40294,2039,-4.394531,25000000.000
40295,2040,-3.906250,25000000.000
40296,2050,0.976562,25000000.000
40297,2057,4.394531,25000000.000
40298,2061,6.347656,25000000.000
40299,2062,6.835938,25000000.000
40300,2071,11.230469,25000000.000
40301,2075,13.183594,25000000.000
40302,2078,14.648438,25000000.000
40303,2078,14.648438,25000000.000
40304,2081,16.113281,25000000.000
40305,2082,16.601562,25000000.000
40306,2083,17.089844,25000000.000
40307,2082,16.601562,25000000.000
40308,2079,15.136719,25000000.000
40309,2077,14.160156,25000000.000
40310,2073,12.207031,25000000.000
40311,2073,12.207031,25000000.000
40312,2065,8.300781,25000000.000
40313,2060,5.859375,25000000.000
40314,2055,3.417969,25000000.000
40315,2054,2.929688,25000000.000
40316,2043,-2.441406,25000000.000
40317,2038,-4.882812,25000000.000
40318,2032,-7.812500,25000000.000
40319,2032,-7.812500,25000000.000
40320,2023,-12.207031,25000000.000
40321,2019,-14.160156,25000000.000
40322,2014,-16.601562,25000000.000
40323,2014,-16.601562,25000000.000
40324,2010,-18.554688,25000000.000
40325,2009,-19.042969,25000000.000
40326,2009,-19.042969,25000000.000
40327,2008,-19.531250,25000000.000
40328,2011,-18.066406,25000000.000
40329,2013,-17.089844,25000000.000
40330,2015,-16.113281,25000000.000
40331,2016,-15.625000,25000000.000
40332,2024,-11.718750,25000000.000
40333,2028,-9.765625,25000000.000
40334,2034,-6.835938,25000000.000
40335,2034,-6.835938,25000000.000
40336,2045,-1.464844,25000000.000
40337,2051,1.464844,25000000.000
40338,2057,4.394531,25000000.000
40339,2057,4.394531,25000000.000
40340,2067,9.277344,25000000.000
40341,2071,11.230469,25000000.000
40342,2074,12.695312,25000000.000
40343,2076,13.671875,25000000.000
40344,2080,15.625000,25000000.000
40345,2082,16.601562,25000000.000
40346,2082,16.601562,25000000.000
40347,2082,16.601562,25000000.000
40348,2080,15.625000,25000000.000
40349,2079,15.136719,25000000.000
40350,2075,13.183594,25000000.000
40351,2075,13.183594,25000000.000
40352,2069,10.253906,25000000.000
40353,2064,7.812500,25000000.000
40354,2059,5.371094,25000000.000
40355,2058,4.882812,25000000.000
40356,2048,0.000000,25000000.000
40357,2043,-2.441406,25000000.000
40358,2038,-4.882812,25000000.000
40359,2036,-5.859375,25000000.000
40360,2027,-10.253906,25000000.000
40361,2022,-12.695312,25000000.000
40362,2019,-14.160156,25000000.000
40363,2017,-15.136719,25000000.000
40364,2012,-17.578125,25000000.000
40365,2010,-18.554688,25000000.000
40366,2008,-19.531250,25000000.000
40367,2010,-18.554688,25000000.000
40368,2009,-19.042969,25000000.000
40369,2010,-18.554688,25000000.000
40370,2013,-17.089844,25000000.000
40371,2013,-17.089844,25000000.000
40372,2021,-13.183594,25000000.000
40373,2024,-11.718750,25000000.000
40374,2028,-9.765625,25000000.000
40375,2030,-8.789062,25000000.000
40376,2040,-3.906250,25000000.000
40377,2046,-0.976562,25000000.000
40378,2051,1.464844,25000000.000
40379,2052,1.953125,25000000.000
40380,2063,7.324219,25000000.000
40381,2068,9.765625,25000000.000
40382,2072,11.718750,25000000.000
40383,2071,11.230469,25000000.000
40384,2079,15.136719,25000000.000
40385,2080,15.625000,25000000.000
40386,2081,16.113281,25000000.000
40387,2082,16.601562,25000000.000
40388,2082,16.601562,25000000.000
40389,2080,15.625000,25000000.000
40390,2078,14.648438,25000000.000
40391,2078,14.648438,25000000.000
40392,2072,11.718750,25000000.000
40393,2069,10.253906,25000000.000
40394,2064,7.812500,25000000.000
40395,2063,7.324219,25000000.000
40396,2054,2.929688,25000000.000
40397,2048,0.000000,25000000.000
40398,2042,-2.929688,25000000.000
40399,2041,-3.417969,25000000.000
40400,2031,-8.300781,25000000.000
40401,2027,-10.253906,25000000.000
40402,2022,-12.695312,25000000.000
40403,2022,-12.695312,25000000.000
40404,2015,-16.113281,25000000.000
40405,2004,-21.484375,25000000.000
40406,2012,-17.578125,25000000.000
40407,2017,-15.136719,25000000.000
40408,2009,-19.042969,25000000.000
40409,2011,-18.066406,25000000.000
40410,2011,-18.066406,25000000.000
40411,2012,-17.578125,25000000.000
40412,2016,-15.625000,25000000.000
40413,2021,-13.183594,25000000.000
40414,2024,-11.718750,25000000.000
40415,2025,-11.230469,25000000.000
40416,2035,-6.347656,25000000.000
40417,2041,-3.417969,25000000.000
40418,2046,-0.976562,25000000.000
40419,2047,-0.488281,25000000.000
40420,2058,4.882812,25000000.000
40421,2064,7.812500,25000000.000
40422,2069,10.253906,25000000.000
40423,2068,9.765625,25000000.000
40424,2076,13.671875,25000000.000
40425,2079,15.136719,25000000.000
40426,2082,16.601562,25000000.000
40427,2081,16.113281,25000000.000
40428,2083,17.089844,25000000.000
40429,2083,17.089844,25000000.000
40430,2081,16.113281,25000000.000
40431,2080,15.625000,25000000.000
40432,2076,13.671875,25000000.000
40433,2072,11.718750,25000000.000
40434,2068,9.765625,25000000.000
40435,2068,9.765625,25000000.000
40436,2057,4.394531,25000000.000
40437,2052,1.953125,25000000.000
40438,2047,-0.488281,25000000.000
40439,2045,-1.464844,25000000.000
40440,2036,-5.859375,25000000.000
40441,2029,-9.277344,25000000.000
40442,2025,-11.230469,25000000.000
40443,2025,-11.230469,25000000.000
40444,2017,-15.136719,25000000.000
40445,2013,-17.089844,25000000.000
40446,2011,-18.066406,25000000.000
40447,2011,-18.066406,25000000.000
40448,2009,-19.042969,25000000.000
40449,2009,-19.042969,25000000.000
40450,2010,-18.554688,25000000.000
40451,2010,-18.554688,25000000.000
40452,2015,-16.113281,25000000.000
40453,2019,-14.160156,25000000.000
40454,2023,-12.207031,25000000.000
40455,2022,-12.695312,25000000.000
40456,2032,-7.812500,25000000.000
40457,2037,-5.371094,25000000.000
40458,2043,-2.441406,25000000.000
40459,2044,-1.953125,25000000.000
40460,2054,2.929688,25000000.000
40461,2059,5.371094,25000000.000
40462,2065,8.300781,25000000.000
40463,2065,8.300781,25000000.000
40464,2073,12.207031,25000000.000
40465,2077,14.160156,25000000.000
40466,2080,15.625000,25000000.000
40467,2080,15.625000,25000000.000
40468,2083,17.089844,25000000.000
40469,2083,17.089844,25000000.000
40470,2083,17.089844,25000000.000
40471,2083,17.089844,25000000.000
40472,2079,15.136719,25000000.000
40473,2076,13.671875,25000000.000
40474,2071,11.230469,25000000.000
40475,2071,11.230469,25000000.000
40476,2063,7.324219,25000000.000
40477,2057,4.394531,25000000.000
40478,2051,1.464844,25000000.000
40479,2050,0.976562,25000000.000
40480,2040,-3.906250,25000000.000
40481,2035,-6.347656,25000000.000
40482,2030,-8.789062,25000000.000
40483,2029,-9.277344,25000000.000
40484,2020,-13.671875,25000000.000
40485,2016,-15.625000,25000000.000
40486,2013,-17.089844,25000000.000
40487,2014,-16.601562,25000000.000
40488,2010,-18.554688,25000000.000
40489,2008,-19.531250,25000000.000
40490,2009,-19.042969,25000000.000
40491,2010,-18.554688,25000000.000
40492,2012,-17.578125,25000000.000
40493,2014,-16.601562,25000000.000
40494,2019,-14.160156,25000000.000
40495,2019,-14.160156,25000000.000
40496,2027,-10.253906,25000000.000
40497,2033,-7.324219,25000000.000
40498,2037,-5.371094,25000000.000
40499,2039,-4.394531,25000000.000
40500,2049,0.488281,25000000.000
40501,2055,3.417969,25000000.000
40502,2060,5.859375,25000000.000
40503,2060,5.859375,25000000.000
40504,2070,10.742188,25000000.000
40505,2073,12.207031,25000000.000
40506,2077,14.160156,25000000.000
40507,2078,14.648438,25000000.000
40508,2080,15.625000,25000000.000
40509,2081,16.113281,25000000.000
40510,2081,16.113281,25000000.000
40511,2081,16.113281,25000000.000
40512,2079,15.136719,25000000.000
40513,2077,14.160156,25000000.000
40514,2073,12.207031,25000000.000
40515,2074,12.695312,25000000.000
40516,2065,8.300781,25000000.000
40517,2060,5.859375,25000000.000
40518,2055,3.417969,25000000.000
40519,2054,2.929688,25000000.000
40520,2045,-1.464844,25000000.000
40521,2040,-3.906250,25000000.000
40522,2040,-3.906250,25000000.000
40523,2029,-9.277344,25000000.000
40524,2021,-13.183594,25000000.000
40525,2019,-14.160156,25000000.000
40526,2017,-15.136719,25000000.000
40527,2015,-16.113281,25000000.000
40528,2011,-18.066406,25000000.000
40529,2009,-19.042969,25000000.000
40530,2008,-19.531250,25000000.000
40531,2009,-19.042969,25000000.000
40532,2010,-18.554688,25000000.000
40533,2013,-17.089844,25000000.000
40534,2015,-16.113281,25000000.000
40535,2015,-16.113281,25000000.000
40536,2022,-12.695312,25000000.000
40537,2027,-10.253906,25000000.000
40538,2033,-7.324219,25000000.000
40539,2033,-7.324219,25000000.000
40540,2044,-1.953125,25000000.000
40541,2049,0.488281,25000000.000
40542,2054,2.929688,25000000.000
40543,2054,2.929688,25000000.000
40544,2064,7.812500,25000000.000
40545,2070,10.742188,25000000.000
40546,2072,11.718750,25000000.000
40547,2074,12.695312,25000000.000
40548,2079,15.136719,25000000.000
40549,2079,15.136719,25000000.000
40550,2082,16.601562,25000000.000
40551,2081,16.113281,25000000.000
40552,2081,16.113281,25000000.000
40553,2080,15.625000,25000000.000
40554,2077,14.160156,25000000.000
40555,2077,14.160156,25000000.000
40556,2070,10.742188,25000000.000
40557,2064,7.812500,25000000.000
40558,2061,6.347656,25000000.000
40559,2060,5.859375,25000000.000
40560,2050,0.976562,25000000.000
40561,2044,-1.953125,25000000.000
40562,2039,-4.394531,25000000.000
40563,2038,-4.882812,25000000.000
40564,2028,-9.765625,25000000.000
40565,2023,-12.207031,25000000.000
40566,2019,-14.160156,25000000.000
40567,2018,-14.648438,25000000.000
40568,2014,-16.601562,25000000.000
40569,2010,-18.554688,25000000.000
40570,2009,-19.042969,25000000.000
40571,2009,-19.042969,25000000.000
40572,2004,-21.484375,25000000.000
40573,2011,-18.066406,25000000.000
40574,2012,-17.578125,25000000.000
40575,2011,-18.066406,25000000.000
40576,2019,-14.160156,25000000.000
40577,2023,-12.207031,25000000.000
40578,2027,-10.253906,25000000.000
40579,2028,-9.765625,25000000.000
40580,2038,-4.882812,25000000.000
40581,2044,-1.953125,25000000.000
40582,2051,1.464844,25000000.000
40583,2052,1.953125,25000000.000
40584,2061,6.347656,25000000.000
40585,2066,8.789062,25000000.000
40586,2070,10.742188,25000000.000
40587,2071,11.230469,25000000.000
40588,2079,15.136719,25000000.000
40589,2081,16.113281,25000000.000
40590,2082,16.601562,25000000.000
40591,2082,16.601562,25000000.000
40592,2083,17.089844,25000000.000
40593,2081,16.113281,25000000.000
40594,2079,15.136719,25000000.000
40595,2079,15.136719,25000000.000
40596,2073,12.207031,25000000.000
40597,2070,10.742188,25000000.000
40598,2065,8.300781,25000000.000
40599,2064,7.812500,25000000.000
40600,2054,2.929688,25000000.000
40601,2048,0.000000,25000000.000
40602,2043,-2.441406,25000000.000
40603,2042,-2.929688,25000000.000
40604,2032,-7.812500,25000000.000
40605,2028,-9.765625,25000000.000
40606,2023,-12.207031,25000000.000
40607,2023,-12.207031,25000000.000
40608,2015,-16.113281,25000000.000
40609,2013,-17.089844,25000000.000
40610,2011,-18.066406,25000000.000
40611,2012,-17.578125,25000000.000
40612,2010,-18.554688,25000000.000
40613,2010,-18.554688,25000000.000
40614,2012,-17.578125,25000000.000
40615,2013,-17.089844,25000000.000
40616,2017,-15.136719,25000000.000
40617,2021,-13.183594,25000000.000
40618,2025,-11.230469,25000000.000
40619,2024,-11.718750,25000000.000
40620,2035,-6.347656,25000000.000
40621,2041,-3.417969,25000000.000
40622,2046,-0.976562,25000000.000
40623,2046,-0.976562,25000000.000
40624,2057,4.394531,25000000.000
40625,2062,6.835938,25000000.000
40626,2068,9.765625,25000000.000
40627,2067,9.277344,25000000.000
40628,2077,14.160156,25000000.000
40629,2078,14.648438,25000000.000
40630,2080,15.625000,25000000.000
40631,2080,15.625000,25000000.000
40632,2083,17.089844,25000000.000
40633,2083,17.089844,25000000.000
40634,2082,16.601562,25000000.000
40635,2082,16.601562,25000000.000
40636,2077,14.160156,25000000.000
40637,2074,12.695312,25000000.000
40638,2070,10.742188,25000000.000
40639,2068,9.765625,25000000.000
40640,2059,5.371094,25000000.000
40641,2054,2.929688,25000000.000
40642,2049,0.488281,25000000.000
40643,2049,0.488281,25000000.000
40644,2038,-4.882812,25000000.000
40645,2032,-7.812500,25000000.000
40646,2027,-10.253906,25000000.000
40647,2026,-10.742188,25000000.000
40648,2018,-14.648438,25000000.000
40649,2016,-15.625000,25000000.000
40650,2013,-17.089844,25000000.000
40651,2012,-17.578125,25000000.000
40652,2010,-18.554688,25000000.000
40653,2009,-19.042969,25000000.000
40654,2010,-18.554688,25000000.000
40655,2011,-18.066406,25000000.000
40656,2014,-16.601562,25000000.000
40657,2018,-14.648438,25000000.000
40658,2022,-12.695312,25000000.000
40659,2021,-13.183594,25000000.000
40660,2031,-8.300781,25000000.000
40661,2035,-6.347656,25000000.000
40662,2041,-3.417969,25000000.000
40663,2041,-3.417969,25000000.000
40664,2052,1.953125,25000000.000
40665,2058,4.882812,25000000.000
40666,2063,7.324219,25000000.000
40667,2062,6.835938,25000000.000
40668,2072,11.718750,25000000.000
40669,2076,13.671875,25000000.000
40670,2079,15.136719,25000000.000
40671,2078,14.648438,25000000.000
40672,2083,17.089844,25000000.000
40673,2082,16.601562,25000000.000
40674,2082,16.601562,25000000.000
40675,2083,17.089844,25000000.000
40676,2080,15.625000,25000000.000
40677,2075,13.183594,25000000.000
40678,2072,11.718750,25000000.000
40679,2072,11.718750,25000000.000
40680,2064,7.812500,25000000.000
40681,2058,4.882812,25000000.000
40682,2054,2.929688,25000000.000
40683,2052,1.953125,25000000.000
40684,2042,-2.929688,25000000.000
40685,2036,-5.859375,25000000.000
40686,2031,-8.300781,25000000.000
40687,2030,-8.789062,25000000.000
40688,2022,-12.695312,25000000.000
40689,2018,-14.648438,25000000.000
40690,2014,-16.601562,25000000.000
40691,2014,-16.601562,25000000.000
40692,2010,-18.554688,25000000.000
40693,2009,-19.042969,25000000.000
40694,2008,-19.531250,25000000.000
40695,2009,-19.042969,25000000.000
40696,2012,-17.578125,25000000.000
40697,2014,-16.601562,25000000.000
40698,2017,-15.136719,25000000.000
40699,2017,-15.136719,25000000.000
40700,2027,-10.253906,25000000.000
40701,2031,-8.300781,25000000.000
40702,2036,-5.859375,25000000.000
40703,2036,-5.859375,25000000.000
40704,2046,-0.976562,25000000.000
40705,2052,1.953125,25000000.000
40706,2057,4.394531,25000000.000
40707,2059,5.371094,25000000.000
40708,2068,9.765625,25000000.000
40709,2072,11.718750,25000000.000
40710,2075,13.183594,25000000.000
40711,2077,14.160156,25000000.000
40712,2081,16.113281,25000000.000
40713,2082,16.601562,25000000.000
40714,2083,17.089844,25000000.000
40715,2082,16.601562,25000000.000
40716,2080,15.625000,25000000.000
40717,2078,14.648438,25000000.000
40718,2076,13.671875,25000000.000
40719,2074,12.695312,25000000.000
40720,2066,8.789062,25000000.000
40721,2063,7.324219,25000000.000
40722,2057,4.394531,25000000.000
40723,2056,3.906250,25000000.000
40724,2046,-0.976562,25000000.000
40725,2041,-3.417969,25000000.000
40726,2035,-6.347656,25000000.000
40727,2034,-6.835938,25000000.000
40728,2025,-11.230469,25000000.000
40729,2021,-13.183594,25000000.000
40730,2017,-15.136719,25000000.000
40731,2016,-15.625000,25000000.000
40732,2011,-18.066406,25000000.000
40733,2010,-18.554688,25000000.000
40734,2009,-19.042969,25000000.000
40735,2009,-19.042969,25000000.000
40736,2010,-18.554688,25000000.000
40737,2012,-17.578125,25000000.000
40738,2013,-17.089844,25000000.000
40739,2014,-16.601562,25000000.000
40740,2022,-12.695312,25000000.000
40741,2026,-10.742188,25000000.000
40742,2030,-8.789062,25000000.000
40743,2031,-8.300781,25000000.000
40744,2042,-2.929688,25000000.000
40745,2049,0.488281,25000000.000
40746,2053,2.441406,25000000.000
40747,2054,2.929688,25000000.000
40748,2064,7.812500,25000000.000
40749,2069,10.253906,25000000.000
40750,2072,11.718750,25000000.000
40751,2073,12.207031,25000000.000
40752,2079,15.136719,25000000.000
40753,2081,16.113281,25000000.000
40754,2082,16.601562,25000000.000
40755,2082,16.601562,25000000.000
40756,2081,16.113281,25000000.000
40757,2080,15.625000,25000000.000
40758,2077,14.160156,25000000.000
40759,2077,14.160156,25000000.000
40760,2070,10.742188,25000000.000
40761,2066,8.789062,25000000.000
40762,2062,6.835938,25000000.000
40763,2060,5.859375,25000000.000
40764,2051,1.464844,25000000.000
40765,2045,-1.464844,25000000.000
40766,2039,-4.394531,25000000.000
40767,2040,-3.906250,25000000.000
40768,2030,-8.789062,25000000.000
40769,2023,-12.207031,25000000.000
40770,2020,-13.671875,25000000.000
40771,2019,-14.160156,25000000.000
40772,2014,-16.601562,25000000.000
40773,2011,-18.066406,25000000.000
40774,2009,-19.042969,25000000.000
40775,2009,-19.042969,25000000.000
40776,2009,-19.042969,25000000.000
40777,2009,-19.042969,25000000.000
40778,2013,-17.089844,25000000.000
40779,2012,-17.578125,25000000.000
40780,2018,-14.648438,25000000.000
40781,2022,-12.695312,25000000.000
40782,2027,-10.253906,25000000.000
40783,2027,-10.253906,25000000.000
40784,2037,-5.371094,25000000.000
40785,2044,-1.953125,25000000.000
40786,2048,0.000000,25000000.000
40787,2050,0.976562,25000000.000
40788,2061,6.347656,25000000.000
40789,2066,8.789062,25000000.000
40790,2070,10.742188,25000000.000
40791,2071,11.230469,25000000.000
40792,2077,14.160156,25000000.000
40793,2079,15.136719,25000000.000
40794,2082,16.601562,25000000.000
40795,2082,16.601562,25000000.000
40796,2082,16.601562,25000000.000
40797,2082,16.601562,25000000.000
40798,2079,15.136719,25000000.000
40799,2080,15.625000,25000000.000
40800,2074,12.695312,25000000.000
40801,2071,11.230469,25000000.000
40802,2066,8.789062,25000000.000
40803,2066,8.789062,25000000.000
40804,2055,3.417969,25000000.000
40805,2050,0.976562,25000000.000
40806,2044,-1.953125,25000000.000
40807,2044,-1.953125,25000000.000
40808,2033,-7.324219,25000000.000
40809,2029,-9.277344,25000000.000
40810,2024,-11.718750,25000000.000
40811,2023,-12.207031,25000000.000
40812,2016,-15.625000,25000000.000
40813,2013,-17.089844,25000000.000
40814,2011,-18.066406,25000000.000
40815,2012,-17.578125,25000000.000
40816,2009,-19.042969,25000000.000
40817,2010,-18.554688,25000000.000
40818,2011,-18.066406,25000000.000
40819,2011,-18.066406,25000000.000
40820,2016,-15.625000,25000000.000
40821,2020,-13.671875,25000000.000
40822,2024,-11.718750,25000000.000
40823,2025,-11.230469,25000000.000
40824,2033,-7.324219,25000000.000
40825,2039,-4.394531,25000000.000
40826,2045,-1.464844,25000000.000
40827,2045,-1.464844,25000000.000
40828,2057,4.394531,25000000.000
40829,2061,6.347656,25000000.000
40830,2066,8.789062,25000000.000
40831,2067,9.277344,25000000.000
40832,2075,13.183594,25000000.000
40833,2078,14.648438,25000000.000
40834,2080,15.625000,25000000.000
40835,2082,16.601562,25000000.000
40836,2083,17.089844,25000000.000
40837,2083,17.089844,25000000.000
40838,2081,16.113281,25000000.000
40839,2081,16.113281,25000000.000
40840,2077,14.160156,25000000.000
40841,2073,12.207031,25000000.000
40842,2070,10.742188,25000000.000
40843,2069,10.253906,25000000.000
40844,2060,5.859375,25000000.000
40845,2055,3.417969,25000000.000
40846,2050,0.976562,25000000.000
40847,2048,0.000000,25000000.000
40848,2039,-4.394531,25000000.000
40849,2033,-7.324219,25000000.000
40850,2029,-9.277344,25000000.000
40851,2028,-9.765625,25000000.000
40852,2020,-13.671875,25000000.000
40853,2016,-15.625000,25000000.000
40854,2013,-17.089844,25000000.000
40855,2014,-16.601562,25000000.000
40856,2009,-19.042969,25000000.000
40857,2009,-19.042969,25000000.000
40858,2011,-18.066406,25000000.000
40859,2011,-18.066406,25000000.000
40860,2013,-17.089844,25000000.000
40861,2016,-15.625000,25000000.000
40862,2020,-13.671875,25000000.000
40863,2021,-13.183594,25000000.000
40864,2029,-9.277344,25000000.000
40865,2034,-6.835938,25000000.000
40866,2040,-3.906250,25000000.000
40867,2040,-3.906250,25000000.000
40868,2052,1.953125,25000000.000
40869,2057,4.394531,25000000.000
40870,2059,5.371094,25000000.000
40871,2064,7.812500,25000000.000
40872,2074,12.695312,25000000.000
40873,2075,13.183594,25000000.000
40874,2079,15.136719,25000000.000
40875,2078,14.648438,25000000.000
40876,2083,17.089844,25000000.000
40877,2083,17.089844,25000000.000
40878,2082,16.601562,25000000.000
40879,2082,16.601562,25000000.000
40880,2079,15.136719,25000000.000
40881,2076,13.671875,25000000.000
40882,2073,12.207031,25000000.000
40883,2073,12.207031,25000000.000
40884,2065,8.300781,25000000.000
40885,2060,5.859375,25000000.000
40886,2054,2.929688,25000000.000
40887,2053,2.441406,25000000.000
40888,2044,-1.953125,25000000.000
40889,2038,-4.882812,25000000.000
40890,2032,-7.812500,25000000.000
40891,2032,-7.812500,25000000.000
40892,2022,-12.695312,25000000.000
40893,2019,-14.160156,25000000.000
40894,2014,-16.601562,25000000.000
40895,2015,-16.113281,25000000.000
40896,2009,-19.042969,25000000.000
40897,2010,-18.554688,25000000.000
40898,2009,-19.042969,25000000.000
40899,2009,-19.042969,25000000.000
40900,2011,-18.066406,25000000.000
40901,2013,-17.089844,25000000.000
40902,2016,-15.625000,25000000.000
40903,2017,-15.136719,25000000.000
40904,2025,-11.230469,25000000.000
40905,2028,-9.765625,25000000.000
40906,2034,-6.835938,25000000.000
40907,2035,-6.347656,25000000.000
40908,2046,-0.976562,25000000.000
40909,2051,1.464844,25000000.000
40910,2056,3.906250,25000000.000
40911,2058,4.882812,25000000.000
40912,2068,9.765625,25000000.000
40913,2071,11.230469,25000000.000
40914,2075,13.183594,25000000.000
40915,2076,13.671875,25000000.000
40916,2080,15.625000,25000000.000
40917,2082,16.601562,25000000.000
40918,2082,16.601562,25000000.000
40919,2082,16.601562,25000000.000
40920,2082,16.601562,25000000.000
40921,2080,15.625000,25000000.000
40922,2074,12.695312,25000000.000
40923,2077,14.160156,25000000.000
40924,2068,9.765625,25000000.000
40925,2064,7.812500,25000000.000
40926,2058,4.882812,25000000.000
40927,2058,4.882812,25000000.000
40928,2049,0.488281,25000000.000
40929,2042,-2.929688,25000000.000
40930,2036,-5.859375,25000000.000
40931,2036,-5.859375,25000000.000
40932,2026,-10.742188,25000000.000
40933,2022,-12.695312,25000000.000
40934,2018,-14.648438,25000000.000
40935,2018,-14.648438,25000000.000
40936,2012,-17.578125,25000000.000
40937,2010,-18.554688,25000000.000
40938,2009,-19.042969,25000000.000
40939,2006,-20.507812,25000000.000
40940,2010,-18.554688,25000000.000
40941,2010,-18.554688,25000000.000
40942,2013,-17.089844,25000000.000
40943,2011,-18.066406,25000000.000
40944,2020,-13.671875,25000000.000
40945,2025,-11.230469,25000000.000
40946,2031,-8.300781,25000000.000
40947,2030,-8.789062,25000000.000
40948,2041,-3.417969,25000000.000
40949,2046,-0.976562,25000000.000
40950,2051,1.464844,25000000.000
40951,2052,1.953125,25000000.000
40952,2064,7.812500,25000000.000
40953,2067,9.277344,25000000.000
40954,2071,11.230469,25000000.000
40955,2072,11.718750,25000000.000
40956,2079,15.136719,25000000.000
40957,2083,17.089844,25000000.000
40958,2082,16.601562,25000000.000
40959,2081,16.113281,25000000.000
40960,2081,16.113281,25000000.000
40961,2080,15.625000,25000000.000
40962,2077,14.160156,25000000.000
40963,2078,14.648438,25000000.000
40964,2072,11.718750,25000000.000
40965,2067,9.277344,25000000.000
40966,2062,6.835938,25000000.000
40967,2062,6.835938,25000000.000
40968,2052,1.953125,25000000.000
40969,2047,-0.488281,25000000.000
40970,2041,-3.417969,25000000.000
40971,2040,-3.906250,25000000.000
40972,2031,-8.300781,25000000.000
40973,2026,-10.742188,25000000.000
40974,2021,-13.183594,25000000.000
40975,2021,-13.183594,25000000.000
40976,2014,-16.601562,25000000.000
40977,2012,-17.578125,25000000.000
40978,2010,-18.554688,25000000.000
40979,2010,-18.554688,25000000.000
40980,2010,-18.554688,25000000.000
40981,2010,-18.554688,25000000.000
40982,2012,-17.578125,25000000.000
40983,2012,-17.578125,25000000.000
40984,2019,-14.160156,25000000.000
40985,2021,-13.183594,25000000.000
40986,2026,-10.742188,25000000.000
40987,2027,-10.253906,25000000.000
40988,2036,-5.859375,25000000.000
40989,2043,-2.441406,25000000.000
40990,2048,0.000000,25000000.000
40991,2049,0.488281,25000000.000
40992,2058,4.882812,25000000.000
40993,2064,7.812500,25000000.000
40994,2068,9.765625,25000000.000
40995,2068,9.765625,25000000.000
40996,2076,13.671875,25000000.000
40997,2079,15.136719,25000000.000
40998,2081,16.113281,25000000.000
40999,2081,16.113281,25000000.000
41000,2083,17.089844,25000000.000
41001,2082,16.601562,25000000.000
41002,2081,16.113281,25000000.000
41003,2080,15.625000,25000000.000
41004,2076,13.671875,25000000.000
41005,2072,11.718750,25000000.000
41006,2067,9.277344,25000000.000
41007,2067,9.277344,25000000.000
41008,2058,4.882812,25000000.000
41009,2053,2.441406,25000000.000
41010,2046,-0.976562,25000000.000
41011,2046,-0.976562,25000000.000
41012,2036,-5.859375,25000000.000
41013,2030,-8.789062,25000000.000
41014,2025,-11.230469,25000000.000
41015,2026,-10.742188,25000000.000
41016,2018,-14.648438,25000000.000
41017,2015,-16.113281,25000000.000
41018,2012,-17.578125,25000000.000
41019,2012,-17.578125,25000000.000
41020,2010,-18.554688,25000000.000
41021,2010,-18.554688,25000000.000
41022,2011,-18.066406,25000000.000
41023,2010,-18.554688,25000000.000
41024,2015,-16.113281,25000000.000
41025,2019,-14.160156,25000000.000
41026,2023,-12.207031,25000000.000
41027,2022,-12.695312,25000000.000
41028,2033,-7.324219,25000000.000
41029,2037,-5.371094,25000000.000
41030,2042,-2.929688,25000000.000
41031,2044,-1.953125,25000000.000
41032,2054,2.929688,25000000.000
41033,2060,5.859375,25000000.000
41034,2065,8.300781,25000000.000
41035,2066,8.789062,25000000.000
41036,2073,12.207031,25000000.000
41037,2076,13.671875,25000000.000
41038,2080,15.625000,25000000.000
41039,2081,16.113281,25000000.000
41040,2083,17.089844,25000000.000
41041,2083,17.089844,25000000.000
41042,2082,16.601562,25000000.000
41043,2080,15.625000,25000000.000
41044,2077,14.160156,25000000.000
41045,2075,13.183594,25000000.000
41046,2071,11.230469,25000000.000
41047,2070,10.742188,25000000.000
41048,2061,6.347656,25000000.000
41049,2056,3.906250,25000000.000
41050,2050,0.976562,25000000.000
41051,2050,0.976562,25000000.000
41052,2040,-3.906250,25000000.000
41053,2034,-6.835938,25000000.000
41054,2029,-9.277344,25000000.000
41055,2029,-9.277344,25000000.000
41056,2019,-14.160156,25000000.000
41057,2018,-14.648438,25000000.000
41058,2014,-16.601562,25000000.000
41059,2013,-17.089844,25000000.000
41060,2010,-18.554688,25000000.000
41061,2010,-18.554688,25000000.000
41062,2010,-18.554688,25000000.000
41063,2010,-18.554688,25000000.000
41064,2014,-16.601562,25000000.000
41065,2016,-15.625000,25000000.000
41066,2020,-13.671875,25000000.000
41067,2020,-13.671875,25000000.000
41068,2029,-9.277344,25000000.000
41069,2032,-7.812500,25000000.000
41070,2039,-4.394531,25000000.000
41071,2041,-3.417969,25000000.000
41072,2049,0.488281,25000000.000
41073,2055,3.417969,25000000.000
41074,2061,6.347656,25000000.000
41075,2061,6.347656,25000000.000
41076,2070,10.742188,25000000.000
41077,2074,12.695312,25000000.000
41078,2079,15.136719,25000000.000
41079,2078,14.648438,25000000.000
41080,2082,16.601562,25000000.000
41081,2084,17.578125,25000000.000
41082,2083,17.089844,25000000.000
41083,2083,17.089844,25000000.000
41084,2081,16.113281,25000000.000
41085,2078,14.648438,25000000.000
41086,2075,13.183594,25000000.000
41087,2074,12.695312,25000000.000
41088,2065,8.300781,25000000.000
41089,2060,5.859375,25000000.000
41090,2054,2.929688,25000000.000
41091,2054,2.929688,25000000.000
41092,2044,-1.953125,25000000.000
41093,2038,-4.882812,25000000.000
41094,2033,-7.324219,25000000.000
41095,2032,-7.812500,25000000.000
41096,2022,-12.695312,25000000.000
41097,2019,-14.160156,25000000.000
41098,2015,-16.113281,25000000.000
41099,2016,-15.625000,25000000.000
41100,2011,-18.066406,25000000.000
41101,2009,-19.042969,25000000.000
41102,2008,-19.531250,25000000.000
41103,2008,-19.531250,25000000.000
41104,2010,-18.554688,25000000.000
41105,2012,-17.578125,25000000.000
41106,2016,-15.625000,25000000.000
41107,2016,-15.625000,25000000.000
41108,2024,-11.718750,25000000.000
41109,2028,-9.765625,25000000.000
41110,2033,-7.324219,25000000.000
41111,2034,-6.835938,25000000.000
41112,2045,-1.464844,25000000.000
41113,2050,0.976562,25000000.000
41114,2056,3.906250,25000000.000
41115,2056,3.906250,25000000.000
41116,2065,8.300781,25000000.000
41117,2071,11.230469,25000000.000
41118,2075,13.183594,25000000.000
41119,2075,13.183594,25000000.000
41120,2080,15.625000,25000000.000
41121,2081,16.113281,25000000.000
41122,2081,16.113281,25000000.000
41123,2082,16.601562,25000000.000
41124,2081,16.113281,25000000.000
41125,2078,14.648438,25000000.000
41126,2076,13.671875,25000000.000
41127,2075,13.183594,25000000.000
41128,2069,10.253906,25000000.000
41129,2064,7.812500,25000000.000
41130,2059,5.371094,25000000.000
41131,2059,5.371094,25000000.000
41132,2049,0.488281,25000000.000
41133,2043,-2.441406,25000000.000
41134,2038,-4.882812,25000000.000
41135,2038,-4.882812,25000000.000
41136,2027,-10.253906,25000000.000
41137,2023,-12.207031,25000000.000
41138,2019,-14.160156,25000000.000
41139,2019,-14.160156,25000000.000
41140,2014,-16.601562,25000000.000
41141,2010,-18.554688,25000000.000
41142,2010,-18.554688,25000000.000
41143,2010,-18.554688,25000000.000
41144,2010,-18.554688,25000000.000
41145,2011,-18.066406,25000000.000
41146,2013,-17.089844,25000000.000
41147,2014,-16.601562,25000000.000
41148,2020,-13.671875,25000000.000
41149,2023,-12.207031,25000000.000
41150,2030,-8.789062,25000000.000
41151,2029,-9.277344,25000000.000
41152,2040,-3.906250,25000000.000
41153,2045,-1.464844,25000000.000
41154,2050,0.976562,25000000.000
41155,2051,1.464844,25000000.000
41156,2061,6.347656,25000000.000
41157,2067,9.277344,25000000.000
41158,2071,11.230469,25000000.000
41159,2071,11.230469,25000000.000
41160,2078,14.648438,25000000.000
41161,2080,15.625000,25000000.000
41162,2081,16.113281,25000000.000
41163,2082,16.601562,25000000.000
41164,2082,16.601562,25000000.000
41165,2081,16.113281,25000000.000
41166,2080,15.625000,25000000.000
41167,2079,15.136719,25000000.000
41168,2073,12.207031,25000000.000
41169,2068,9.765625,25000000.000
41170,2064,7.812500,25000000.000
41171,2063,7.324219,25000000.000
41172,2054,2.929688,25000000.000
41173,2049,0.488281,25000000.000
41174,2043,-2.441406,25000000.000
41175,2042,-2.929688,25000000.000
41176,2032,-7.812500,25000000.000
41177,2028,-9.765625,25000000.000
41178,2022,-12.695312,25000000.000
41179,2021,-13.183594,25000000.000
41180,2016,-15.625000,25000000.000
41181,2013,-17.089844,25000000.000
41182,2012,-17.578125,25000000.000
41183,2010,-18.554688,25000000.000
41184,2010,-18.554688,25000000.000
41185,2010,-18.554688,25000000.000
41186,2011,-18.066406,25000000.000
41187,2011,-18.066406,25000000.000
41188,2019,-14.160156,25000000.000
41189,2020,-13.671875,25000000.000
41190,2024,-11.718750,25000000.000
41191,2025,-11.230469,25000000.000
41192,2036,-5.859375,25000000.000
41193,2040,-3.906250,25000000.000
41194,2047,-0.488281,25000000.000
41195,2048,0.000000,25000000.000
41196,2058,4.882812,25000000.000
41197,2064,7.812500,25000000.000
41198,2069,10.253906,25000000.000
41199,2069,10.253906,25000000.000
41200,2076,13.671875,25000000.000
41201,2079,15.136719,25000000.000
41202,2081,16.113281,25000000.000
41203,2081,16.113281,25000000.000
41204,2083,17.089844,25000000.000
41205,2082,16.601562,25000000.000
41206,2081,16.113281,25000000.000
41207,2081,16.113281,25000000.000
41208,2075,13.183594,25000000.000
41209,2073,12.207031,25000000.000
41210,2069,10.253906,25000000.000
41211,2067,9.277344,25000000.000
41212,2059,5.371094,25000000.000
41213,2052,1.953125,25000000.000
41214,2048,0.000000,25000000.000
41215,2046,-0.976562,25000000.000
41216,2037,-5.371094,25000000.000
41217,2030,-8.789062,25000000.000
41218,2032,-7.812500,25000000.000
41219,2021,-13.183594,25000000.000
41220,2016,-15.625000,25000000.000
41221,2014,-16.601562,25000000.000
41222,2013,-17.089844,25000000.000
41223,2011,-18.066406,25000000.000
41224,2010,-18.554688,25000000.000
41225,2009,-19.042969,25000000.000
41226,2009,-19.042969,25000000.000
41227,2010,-18.554688,25000000.000
41228,2013,-17.089844,25000000.000
41229,2017,-15.136719,25000000.000
41230,2020,-13.671875,25000000.000
41231,2021,-13.183594,25000000.000
41232,2031,-8.300781,25000000.000
41233,2036,-5.859375,25000000.000
41234,2040,-3.906250,25000000.000
41235,2042,-2.929688,25000000.000
41236,2052,1.953125,25000000.000
41237,2058,4.882812,25000000.000
41238,2064,7.812500,25000000.000
41239,2064,7.812500,25000000.000
41240,2073,12.207031,25000000.000
41241,2076,13.671875,25000000.000
41242,2080,15.625000,25000000.000
41243,2080,15.625000,25000000.000
41244,2083,17.089844,25000000.000
41245,2083,17.089844,25000000.000
41246,2083,17.089844,25000000.000
41247,2083,17.089844,25000000.000
41248,2080,15.625000,25000000.000
41249,2077,14.160156,25000000.000
41250,2072,11.718750,25000000.000
41251,2072,11.718750,25000000.000
41252,2063,7.324219,25000000.000
41253,2059,5.371094,25000000.000
41254,2054,2.929688,25000000.000
41255,2052,1.953125,25000000.000
41256,2041,-3.417969,25000000.000
41257,2036,-5.859375,25000000.000
41258,2031,-8.300781,25000000.000
41259,2030,-8.789062,25000000.000
41260,2022,-12.695312,25000000.000
41261,2018,-14.648438,25000000.000
41262,2015,-16.113281,25000000.000
41263,2014,-16.601562,25000000.000
41264,2010,-18.554688,25000000.000
41265,2009,-19.042969,25000000.000
41266,2010,-18.554688,25000000.000
41267,2011,-18.066406,25000000.000
41268,2012,-17.578125,25000000.000
41269,2015,-16.113281,25000000.000
41270,2018,-14.648438,25000000.000
41271,2016,-15.625000,25000000.000
41272,2026,-10.742188,25000000.000
41273,2030,-8.789062,25000000.000
41274,2036,-5.859375,25000000.000
41275,2037,-5.371094,25000000.000
41276,2047,-0.488281,25000000.000
41277,2053,2.441406,25000000.000
41278,2060,5.859375,25000000.000
41279,2060,5.859375,25000000.000
41280,2069,10.253906,25000000.000
41281,2073,12.207031,25000000.000
41282,2077,14.160156,25000000.000
41283,2077,14.160156,25000000.000
41284,2082,16.601562,25000000.000
41285,2083,17.089844,25000000.000
41286,2083,17.089844,25000000.000
41287,2083,17.089844,25000000.000
41288,2081,16.113281,25000000.000
41289,2077,14.160156,25000000.000
41290,2076,13.671875,25000000.000
41291,2075,13.183594,25000000.000
41292,2066,8.789062,25000000.000
41293,2062,6.835938,25000000.000
41294,2058,4.882812,25000000.000
41295,2057,4.394531,25000000.000
41296,2045,-1.464844,25000000.000
41297,2040,-3.906250,25000000.000
41298,2034,-6.835938,25000000.000
41299,2034,-6.835938,25000000.000
41300,2025,-11.230469,25000000.000
41301,2020,-13.671875,25000000.000
41302,2017,-15.136719,25000000.000
41303,2016,-15.625000,25000000.000
41304,2010,-18.554688,25000000.000
41305,2009,-19.042969,25000000.000
41306,2008,-19.531250,25000000.000
41307,2008,-19.531250,25000000.000
41308,2010,-18.554688,25000000.000
41309,2011,-18.066406,25000000.000
41310,2014,-16.601562,25000000.000
41311,2014,-16.601562,25000000.000
41312,2021,-13.183594,25000000.000
41313,2026,-10.742188,25000000.000
41314,2031,-8.300781,25000000.000
41315,2032,-7.812500,25000000.000
41316,2042,-2.929688,25000000.000
41317,2049,0.488281,25000000.000
41318,2053,2.441406,25000000.000
41319,2054,2.929688,25000000.000
41320,2065,8.300781,25000000.000
41321,2069,10.253906,25000000.000
41322,2074,12.695312,25000000.000
41323,2074,12.695312,25000000.000
41324,2080,15.625000,25000000.000
41325,2081,16.113281,25000000.000
41326,2082,16.601562,25000000.000
41327,2082,16.601562,25000000.000
41328,2082,16.601562,25000000.000
41329,2079,15.136719,25000000.000
41330,2077,14.160156,25000000.000
41331,2077,14.160156,25000000.000
41332,2070,10.742188,25000000.000
41333,2065,8.300781,25000000.000
41334,2061,6.347656,25000000.000
41335,2060,5.859375,25000000.000
41336,2049,0.488281,25000000.000
41337,2044,-1.953125,25000000.000
41338,2040,-3.906250,25000000.000
41339,2038,-4.882812,25000000.000
41340,2028,-9.765625,25000000.000
41341,2023,-12.207031,25000000.000
41342,2019,-14.160156,25000000.000
41343,2020,-13.671875,25000000.000
41344,2013,-17.089844,25000000.000
41345,2011,-18.066406,25000000.000
41346,2008,-19.531250,25000000.000
41347,2008,-19.531250,25000000.000
41348,2010,-18.554688,25000000.000
41349,2010,-18.554688,25000000.000
41350,2012,-17.578125,25000000.000
41351,2013,-17.089844,25000000.000
41352,2018,-14.648438,25000000.000
41353,2023,-12.207031,25000000.000
41354,2028,-9.765625,25000000.000
41355,2027,-10.253906,25000000.000
41356,2039,-4.394531,25000000.000
41357,2043,-2.441406,25000000.000
41358,2049,0.488281,25000000.000
41359,2050,0.976562,25000000.000
41360,2060,5.859375,25000000.000
41361,2066,8.789062,25000000.000
41362,2070,10.742188,25000000.000
41363,2071,11.230469,25000000.000
41364,2076,13.671875,25000000.000
41365,2079,15.136719,25000000.000
41366,2082,16.601562,25000000.000
41367,2082,16.601562,25000000.000
41368,2082,16.601562,25000000.000
41369,2082,16.601562,25000000.000
41370,2080,15.625000,25000000.000
41371,2079,15.136719,25000000.000
41372,2073,12.207031,25000000.000
41373,2069,10.253906,25000000.000
41374,2065,8.300781,25000000.000
41375,2065,8.300781,25000000.000
41376,2055,3.417969,25000000.000
41377,2050,0.976562,25000000.000
41378,2044,-1.953125,25000000.000
41379,2044,-1.953125,25000000.000
41380,2033,-7.324219,25000000.000
41381,2028,-9.765625,25000000.000
41382,2023,-12.207031,25000000.000
41383,2022,-12.695312,25000000.000
41384,2016,-15.625000,25000000.000
41385,2014,-16.601562,25000000.000
41386,2010,-18.554688,25000000.000
41387,2011,-18.066406,25000000.000
41388,2010,-18.554688,25000000.000
41389,2010,-18.554688,25000000.000
41390,2011,-18.066406,25000000.000
41391,2011,-18.066406,25000000.000
41392,2016,-15.625000,25000000.000
41393,2020,-13.671875,25000000.000
41394,2024,-11.718750,25000000.000
41395,2025,-11.230469,25000000.000
41396,2035,-6.347656,25000000.000
41397,2041,-3.417969,25000000.000
41398,2045,-1.464844,25000000.000
41399,2047,-0.488281,25000000.000
41400,2057,4.394531,25000000.000
41401,2061,6.347656,25000000.000
41402,2067,9.277344,25000000.000
41403,2068,9.765625,25000000.000
41404,2075,13.183594,25000000.000
41405,2078,14.648438,25000000.000
41406,2080,15.625000,25000000.000
41407,2081,16.113281,25000000.000
41408,2082,16.601562,25000000.000
41409,2083,17.089844,25000000.000
41410,2081,16.113281,25000000.000
41411,2081,16.113281,25000000.000
41412,2076,13.671875,25000000.000
41413,2074,12.695312,25000000.000
41414,2070,10.742188,25000000.000
41415,2069,10.253906,25000000.000
41416,2060,5.859375,25000000.000
41417,2055,3.417969,25000000.000
41418,2050,0.976562,25000000.000
41419,2049,0.488281,25000000.000
41420,2039,-4.394531,25000000.000
41421,2033,-7.324219,25000000.000
41422,2028,-9.765625,25000000.000
41423,2027,-10.253906,25000000.000
41424,2019,-14.160156,25000000.000
41425,2016,-15.625000,25000000.000
41426,2012,-17.578125,25000000.000
41427,2013,-17.089844,25000000.000
41428,2009,-19.042969,25000000.000
41429,2009,-19.042969,25000000.000
41430,2010,-18.554688,25000000.000
41431,2011,-18.066406,25000000.000
41432,2014,-16.601562,25000000.000
41433,2016,-15.625000,25000000.000
41434,2020,-13.671875,25000000.000
41435,2021,-13.183594,25000000.000
41436,2030,-8.789062,25000000.000
41437,2035,-6.347656,25000000.000
41438,2041,-3.417969,25000000.000
41439,2040,-3.906250,25000000.000
41440,2051,1.464844,25000000.000
41441,2057,4.394531,25000000.000
41442,2062,6.835938,25000000.000
41443,2063,7.324219,25000000.000
41444,2071,11.230469,25000000.000
41445,2076,13.671875,25000000.000
41446,2078,14.648438,25000000.000
41447,2079,15.136719,25000000.000
41448,2081,16.113281,25000000.000
41449,2082,16.601562,25000000.000
41450,2082,16.601562,25000000.000
41451,2083,17.089844,25000000.000
41452,2078,14.648438,25000000.000
41453,2076,13.671875,25000000.000
41454,2072,11.718750,25000000.000
41455,2072,11.718750,25000000.000
41456,2064,7.812500,25000000.000
41457,2059,5.371094,25000000.000
41458,2054,2.929688,25000000.000
41459,2053,2.441406,25000000.000
41460,2042,-2.929688,25000000.000
41461,2038,-4.882812,25000000.000
41462,2031,-8.300781,25000000.000
41463,2031,-8.300781,25000000.000
41464,2022,-12.695312,25000000.000
41465,2020,-13.671875,25000000.000
41466,2015,-16.113281,25000000.000
41467,2016,-15.625000,25000000.000
41468,2011,-18.066406,25000000.000
41469,2010,-18.554688,25000000.000
41470,2009,-19.042969,25000000.000
41471,2010,-18.554688,25000000.000
41472,2011,-18.066406,25000000.000
41473,2014,-16.601562,25000000.000
41474,2018,-14.648438,25000000.000
41475,2019,-14.160156,25000000.000
41476,2025,-11.230469,25000000.000
41477,2030,-8.789062,25000000.000
41478,2036,-5.859375,25000000.000
41479,2037,-5.371094,25000000.000
41480,2046,-0.976562,25000000.000
41481,2051,1.464844,25000000.000
41482,2058,4.882812,25000000.000
41483,2059,5.371094,25000000.000
41484,2068,9.765625,25000000.000
41485,2072,11.718750,25000000.000
41486,2076,13.671875,25000000.000
41487,2075,13.183594,25000000.000
41488,2081,16.113281,25000000.000
41489,2081,16.113281,25000000.000
41490,2082,16.601562,25000000.000
41491,2083,17.089844,25000000.000
41492,2081,16.113281,25000000.000
41493,2078,14.648438,25000000.000
41494,2075,13.183594,25000000.000
41495,2075,13.183594,25000000.000
41496,2068,9.765625,25000000.000
41497,2063,7.324219,25000000.000
41498,2057,4.394531,25000000.000
41499,2056,3.906250,25000000.000
41500,2047,-0.488281,25000000.000
41501,2041,-3.417969,25000000.000
41502,2035,-6.347656,25000000.000
41503,2034,-6.835938,25000000.000
41504,2026,-10.742188,25000000.000
41505,2020,-13.671875,25000000.000
41506,2017,-15.136719,25000000.000
41507,2017,-15.136719,25000000.000
41508,2012,-17.578125,25000000.000
41509,2009,-19.042969,25000000.000
41510,2009,-19.042969,25000000.000
41511,2008,-19.531250,25000000.000
41512,2009,-19.042969,25000000.000
41513,2011,-18.066406,25000000.000
41514,2014,-16.601562,25000000.000
41515,2014,-16.601562,25000000.000
41516,2021,-13.183594,25000000.000
41517,2026,-10.742188,25000000.000
41518,2030,-8.789062,25000000.000
41519,2031,-8.300781,25000000.000
41520,2041,-3.417969,25000000.000
41521,2047,-0.488281,25000000.000
41522,2053,2.441406,25000000.000
41523,2053,2.441406,25000000.000
41524,2063,7.324219,25000000.000
41525,2067,9.277344,25000000.000
41526,2073,12.207031,25000000.000
41527,2073,12.207031,25000000.000
41528,2078,14.648438,25000000.000
41529,2081,16.113281,25000000.000
41530,2082,16.601562,25000000.000
41531,2083,17.089844,25000000.000
41532,2082,16.601562,25000000.000
41533,2080,15.625000,25000000.000
41534,2079,15.136719,25000000.000
41535,2077,14.160156,25000000.000
41536,2071,11.230469,25000000.000
41537,2066,8.789062,25000000.000
41538,2064,7.812500,25000000.000
41539,2062,6.835938,25000000.000
41540,2051,1.464844,25000000.000
41541,2046,-0.976562,25000000.000
41542,2040,-3.906250,25000000.000
41543,2042,-2.929688,25000000.000
41544,2029,-9.277344,25000000.000
41545,2024,-11.718750,25000000.000
41546,2020,-13.671875,25000000.000
41547,2020,-13.671875,25000000.000
41548,2012,-17.578125,25000000.000
41549,2011,-18.066406,25000000.000
41550,2009,-19.042969,25000000.000
41551,2009,-19.042969,25000000.000
41552,2010,-18.554688,25000000.000
41553,2008,-19.531250,25000000.000
41554,2012,-17.578125,25000000.000
41555,2012,-17.578125,25000000.000
41556,2017,-15.136719,25000000.000
41557,2021,-13.183594,25000000.000
41558,2027,-10.253906,25000000.000
41559,2027,-10.253906,25000000.000
41560,2038,-4.882812,25000000.000
41561,2042,-2.929688,25000000.000
41562,2049,0.488281,25000000.000
41563,2048,0.000000,25000000.000
41564,2059,5.371094,25000000.000
41565,2065,8.300781,25000000.000
41566,2070,10.742188,25000000.000
41567,2068,9.765625,25000000.000
41568,2072,11.718750,25000000.000
41569,2079,15.136719,25000000.000
41570,2083,17.089844,25000000.000
41571,2082,16.601562,25000000.000
41572,2082,16.601562,25000000.000
41573,2082,16.601562,25000000.000
41574,2080,15.625000,25000000.000
41575,2080,15.625000,25000000.000
41576,2074,12.695312,25000000.000
41577,2071,11.230469,25000000.000
41578,2066,8.789062,25000000.000
41579,2066,8.789062,25000000.000
41580,2057,4.394531,25000000.000
41581,2052,1.953125,25000000.000
41582,2046,-0.976562,25000000.000
41583,2045,-1.464844,25000000.000
41584,2035,-6.347656,25000000.000
41585,2029,-9.277344,25000000.000
41586,2025,-11.230469,25000000.000
41587,2024,-11.718750,25000000.000
41588,2017,-15.136719,25000000.000
41589,2013,-17.089844,25000000.000
41590,2011,-18.066406,25000000.000
41591,2011,-18.066406,25000000.000
41592,2010,-18.554688,25000000.000
41593,2010,-18.554688,25000000.000
41594,2011,-18.066406,25000000.000
41595,2011,-18.066406,25000000.000
41596,2015,-16.113281,25000000.000
41597,2019,-14.160156,25000000.000
41598,2023,-12.207031,25000000.000
41599,2023,-12.207031,25000000.000
41600,2032,-7.812500,25000000.000
41601,2038,-4.882812,25000000.000
41602,2044,-1.953125,25000000.000
41603,2044,-1.953125,25000000.000
41604,2055,3.417969,25000000.000
41605,2062,6.835938,25000000.000
41606,2066,8.789062,25000000.000
41607,2066,8.789062,25000000.000
41608,2074,12.695312,25000000.000
41609,2079,15.136719,25000000.000
41610,2080,15.625000,25000000.000
41611,2080,15.625000,25000000.000
41612,2084,17.578125,25000000.000
41613,2083,17.089844,25000000.000
41614,2082,16.601562,25000000.000
41615,2082,16.601562,25000000.000
41616,2078,14.648438,25000000.000
41617,2069,10.253906,25000000.000
41618,2074,12.695312,25000000.000
41619,2070,10.742188,25000000.000
41620,2060,5.859375,25000000.000
41621,2057,4.394531,25000000.000
41622,2050,0.976562,25000000.000
41623,2049,0.488281,25000000.000
41624,2036,-5.859375,25000000.000
41625,2033,-7.324219,25000000.000
41626,2027,-10.253906,25000000.000
41627,2026,-10.742188,25000000.000
41628,2019,-14.160156,25000000.000
41629,2015,-16.113281,25000000.000
41630,2011,-18.066406,25000000.000
41631,2013,-17.089844,25000000.000
41632,2010,-18.554688,25000000.000
41633,2010,-18.554688,25000000.000
41634,2010,-18.554688,25000000.000
41635,2010,-18.554688,25000000.000
41636,2014,-16.601562,25000000.000
41637,2017,-15.136719,25000000.000
41638,2021,-13.183594,25000000.000
41639,2021,-13.183594,25000000.000
41640,2030,-8.789062,25000000.000
41641,2035,-6.347656,25000000.000
41642,2040,-3.906250,25000000.000
41643,2041,-3.417969,25000000.000
41644,2051,1.464844,25000000.000
41645,2056,3.906250,25000000.000
41646,2061,6.347656,25000000.000
41647,2063,7.324219,25000000.000
41648,2071,11.230469,25000000.000
41649,2075,13.183594,25000000.000
41650,2079,15.136719,25000000.000
41651,2079,15.136719,25000000.000
41652,2082,16.601562,25000000.000
41653,2084,17.578125,25000000.000
41654,2083,17.089844,25000000.000
41655,2083,17.089844,25000000.000
41656,2080,15.625000,25000000.000
41657,2077,14.160156,25000000.000
41658,2074,12.695312,25000000.000
41659,2074,12.695312,25000000.000
41660,2066,8.789062,25000000.000
41661,2061,6.347656,25000000.000
41662,2054,2.929688,25000000.000
41663,2056,3.906250,25000000.000
41664,2044,-1.953125,25000000.000
41665,2039,-4.394531,25000000.000
41666,2033,-7.324219,25000000.000
41667,2033,-7.324219,25000000.000
41668,2023,-12.207031,25000000.000
41669,2019,-14.160156,25000000.000
41670,2016,-15.625000,25000000.000
41671,2016,-15.625000,25000000.000
41672,2012,-17.578125,25000000.000
41673,2009,-19.042969,25000000.000
41674,2009,-19.042969,25000000.000
41675,2010,-18.554688,25000000.000
41676,2010,-18.554688,25000000.000
41677,2012,-17.578125,25000000.000
41678,2016,-15.625000,25000000.000
41679,2015,-16.113281,25000000.000
41680,2024,-11.718750,25000000.000
41681,2028,-9.765625,25000000.000
41682,2034,-6.835938,25000000.000
41683,2034,-6.835938,25000000.000
41684,2045,-1.464844,25000000.000
41685,2050,0.976562,25000000.000
41686,2056,3.906250,25000000.000
41687,2056,3.906250,25000000.000
41688,2066,8.789062,25000000.000
41689,2071,11.230469,25000000.000
41690,2075,13.183594,25000000.000
41691,2074,12.695312,25000000.000
41692,2080,15.625000,25000000.000
41693,2081,16.113281,25000000.000
41694,2083,17.089844,25000000.000
41695,2082,16.601562,25000000.000
41696,2081,16.113281,25000000.000
41697,2079,15.136719,25000000.000
41698,2076,13.671875,25000000.000
41699,2076,13.671875,25000000.000
41700,2069,10.253906,25000000.000
41701,2064,7.812500,25000000.000
41702,2059,5.371094,25000000.000
41703,2058,4.882812,25000000.000
41704,2048,0.000000,25000000.000
41705,2042,-2.929688,25000000.000
41706,2038,-4.882812,25000000.000
41707,2036,-5.859375,25000000.000
41708,2027,-10.253906,25000000.000
41709,2022,-12.695312,25000000.000
41710,2017,-15.136719,25000000.000
41711,2017,-15.136719,25000000.000
41712,2012,-17.578125,25000000.000
41713,2010,-18.554688,25000000.000
41714,2008,-19.531250,25000000.000
41715,2008,-19.531250,25000000.000
41716,2009,-19.042969,25000000.000
41717,2012,-17.578125,25000000.000
41718,2013,-17.089844,25000000.000
41719,2013,-17.089844,25000000.000
41720,2019,-14.160156,25000000.000
41721,2024,-11.718750,25000000.000
41722,2029,-9.277344,25000000.000
41723,2030,-8.789062,25000000.000
41724,2042,-2.929688,25000000.000
41725,2046,-0.976562,25000000.000
41726,2051,1.464844,25000000.000
41727,2052,1.953125,25000000.000
41728,2062,6.835938,25000000.000
41729,2067,9.277344,25000000.000
41730,2072,11.718750,25000000.000
41731,2072,11.718750,25000000.000
41732,2079,15.136719,25000000.000
41733,2080,15.625000,25000000.000
41734,2082,16.601562,25000000.000
41735,2082,16.601562,25000000.000
41736,2082,16.601562,25000000.000
41737,2081,16.113281,25000000.000
41738,2078,14.648438,25000000.000
41739,2077,14.160156,25000000.000
41740,2072,11.718750,25000000.000
41741,2069,10.253906,25000000.000
41742,2063,7.324219,25000000.000
41743,2063,7.324219,25000000.000
41744,2052,1.953125,25000000.000
41745,2047,-0.488281,25000000.000
41746,2042,-2.929688,25000000.000
41747,2042,-2.929688,25000000.000
41748,2031,-8.300781,25000000.000
41749,2026,-10.742188,25000000.000
41750,2021,-13.183594,25000000.000
41751,2021,-13.183594,25000000.000
41752,2014,-16.601562,25000000.000
41753,2012,-17.578125,25000000.000
41754,2010,-18.554688,25000000.000
41755,2010,-18.554688,25000000.000
41756,2009,-19.042969,25000000.000
41757,2010,-18.554688,25000000.000
41758,2011,-18.066406,25000000.000
41759,2011,-18.066406,25000000.000
41760,2016,-15.625000,25000000.000
41761,2020,-13.671875,25000000.000
41762,2025,-11.230469,25000000.000
41763,2026,-10.742188,25000000.000
41764,2036,-5.859375,25000000.000
41765,2040,-3.906250,25000000.000
41766,2047,-0.488281,25000000.000
41767,2047,-0.488281,25000000.000
41768,2058,4.882812,25000000.000
41769,2063,7.324219,25000000.000
41770,2068,9.765625,25000000.000
41771,2068,9.765625,25000000.000
41772,2076,13.671875,25000000.000
41773,2078,14.648438,25000000.000
41774,2081,16.113281,25000000.000
41775,2081,16.113281,25000000.000
41776,2082,16.601562,25000000.000
41777,2083,17.089844,25000000.000
41778,2081,16.113281,25000000.000
41779,2081,16.113281,25000000.000
41780,2076,13.671875,25000000.000
41781,2072,11.718750,25000000.000
41782,2068,9.765625,25000000.000
41783,2068,9.765625,25000000.000
41784,2059,5.371094,25000000.000
41785,2052,1.953125,25000000.000
41786,2048,0.000000,25000000.000
41787,2048,0.000000,25000000.000
41788,2037,-5.371094,25000000.000
41789,2031,-8.300781,25000000.000
41790,2025,-11.230469,25000000.000
41791,2025,-11.230469,25000000.000
41792,2018,-14.648438,25000000.000
41793,2014,-16.601562,25000000.000
41794,2011,-18.066406,25000000.000
41795,2011,-18.066406,25000000.000
41796,2010,-18.554688,25000000.000
41797,2010,-18.554688,25000000.000
41798,2010,-18.554688,25000000.000
41799,2010,-18.554688,25000000.000
41800,2015,-16.113281,25000000.000
41801,2017,-15.136719,25000000.000
41802,2022,-12.695312,25000000.000
41803,2022,-12.695312,25000000.000
41804,2030,-8.789062,25000000.000
41805,2037,-5.371094,25000000.000
41806,2042,-2.929688,25000000.000
41807,2043,-2.441406,25000000.000
41808,2053,2.441406,25000000.000
41809,2060,5.859375,25000000.000
41810,2065,8.300781,25000000.000
41811,2065,8.300781,25000000.000
41812,2074,12.695312,25000000.000
41813,2077,14.160156,25000000.000
41814,2080,15.625000,25000000.000
41815,2080,15.625000,25000000.000
41816,2082,16.601562,25000000.000
41817,2083,17.089844,25000000.000
41818,2082,16.601562,25000000.000
41819,2082,16.601562,25000000.000
41820,2078,14.648438,25000000.000
41821,2075,13.183594,25000000.000
41822,2073,12.207031,25000000.000
41823,2070,10.742188,25000000.000
41824,2063,7.324219,25000000.000
41825,2058,4.882812,25000000.000
41826,2052,1.953125,25000000.000
41827,2052,1.953125,25000000.000
41828,2040,-3.906250,25000000.000
41829,2036,-5.859375,25000000.000
41830,2031,-8.300781,25000000.000
41831,2029,-9.277344,25000000.000
41832,2021,-13.183594,25000000.000
41833,2018,-14.648438,25000000.000
41834,2014,-16.601562,25000000.000
41835,2014,-16.601562,25000000.000
41836,2010,-18.554688,25000000.000
41837,2010,-18.554688,25000000.000
41838,2009,-19.042969,25000000.000
41839,2009,-19.042969,25000000.000
41840,2012,-17.578125,25000000.000
41841,2015,-16.113281,25000000.000
41842,2018,-14.648438,25000000.000
41843,2018,-14.648438,25000000.000
41844,2026,-10.742188,25000000.000
41845,2032,-7.812500,25000000.000
41846,2037,-5.371094,25000000.000
41847,2037,-5.371094,25000000.000
41848,2049,0.488281,25000000.000
41849,2055,3.417969,25000000.000
41850,2060,5.859375,25000000.000
41851,2060,5.859375,25000000.000
41852,2069,10.253906,25000000.000
41853,2072,11.718750,25000000.000
41854,2078,14.648438,25000000.000
41855,2076,13.671875,25000000.000
41856,2082,16.601562,25000000.000
41857,2082,16.601562,25000000.000
41858,2083,17.089844,25000000.000
41859,2083,17.089844,25000000.000
41860,2080,15.625000,25000000.000
41861,2078,14.648438,25000000.000
41862,2074,12.695312,25000000.000
41863,2074,12.695312,25000000.000
41864,2065,8.300781,25000000.000
41865,2061,6.347656,25000000.000
41866,2057,4.394531,25000000.000
41867,2055,3.417969,25000000.000
41868,2046,-0.976562,25000000.000
41869,2040,-3.906250,25000000.000
41870,2034,-6.835938,25000000.000
41871,2034,-6.835938,25000000.000
41872,2025,-11.230469,25000000.000
41873,2021,-13.183594,25000000.000
41874,2016,-15.625000,25000000.000
41875,2016,-15.625000,25000000.000
41876,2011,-18.066406,25000000.000
41877,2008,-19.531250,25000000.000
41878,2008,-19.531250,25000000.000
41879,2008,-19.531250,25000000.000
41880,2009,-19.042969,25000000.000
41881,2012,-17.578125,25000000.000
41882,2014,-16.601562,25000000.000
41883,2016,-15.625000,25000000.000
41884,2022,-12.695312,25000000.000
41885,2027,-10.253906,25000000.000
41886,2032,-7.812500,25000000.000
41887,2033,-7.324219,25000000.000
41888,2044,-1.953125,25000000.000
41889,2049,0.488281,25000000.000
41890,2055,3.417969,25000000.000
41891,2055,3.417969,25000000.000
41892,2065,8.300781,25000000.000
41893,2070,10.742188,25000000.000
41894,2073,12.207031,25000000.000
41895,2074,12.695312,25000000.000
41896,2081,16.113281,25000000.000
41897,2082,16.601562,25000000.000
41898,2082,16.601562,25000000.000
41899,2082,16.601562,25000000.000
41900,2081,16.113281,25000000.000
41901,2079,15.136719,25000000.000
41902,2078,14.648438,25000000.000
41903,2076,13.671875,25000000.000
41904,2070,10.742188,25000000.000
41905,2065,8.300781,25000000.000
41906,2060,5.859375,25000000.000
41907,2059,5.371094,25000000.000
41908,2050,0.976562,25000000.000
41909,2043,-2.441406,25000000.000
41910,2038,-4.882812,25000000.000
41911,2038,-4.882812,25000000.000
41912,2028,-9.765625,25000000.000
41913,2023,-12.207031,25000000.000
41914,2017,-15.136719,25000000.000
41915,2021,-13.183594,25000000.000
41916,2015,-16.113281,25000000.000
41917,2008,-19.531250,25000000.000
41918,2008,-19.531250,25000000.000
41919,2009,-19.042969,25000000.000
41920,2009,-19.042969,25000000.000
41921,2010,-18.554688,25000000.000
41922,2013,-17.089844,25000000.000
41923,2012,-17.578125,25000000.000
41924,2018,-14.648438,25000000.000
41925,2023,-12.207031,25000000.000
41926,2028,-9.765625,25000000.000
41927,2028,-9.765625,25000000.000
41928,2039,-4.394531,25000000.000
41929,2044,-1.953125,25000000.000
41930,2050,0.976562,25000000.000
41931,2050,0.976562,25000000.000
41932,2062,6.835938,25000000.000
41933,2066,8.789062,25000000.000
41934,2072,11.718750,25000000.000
41935,2071,11.230469,25000000.000
41936,2077,14.160156,25000000.000
41937,2080,15.625000,25000000.000
41938,2080,15.625000,25000000.000
41939,2080,15.625000,25000000.000
41940,2083,17.089844,25000000.000
41941,2083,17.089844,25000000.000
41942,2080,15.625000,25000000.000
41943,2080,15.625000,25000000.000
41944,2074,12.695312,25000000.000
41945,2070,10.742188,25000000.000
41946,2064,7.812500,25000000.000
41947,2064,7.812500,25000000.000
41948,2056,3.906250,25000000.000
41949,2050,0.976562,25000000.000
41950,2044,-1.953125,25000000.000
41951,2043,-2.441406,25000000.000
41952,2033,-7.324219,25000000.000
41953,2028,-9.765625,25000000.000
41954,2024,-11.718750,25000000.000
41955,2023,-12.207031,25000000.000
41956,2016,-15.625000,25000000.000
41957,2012,-17.578125,25000000.000
41958,2010,-18.554688,25000000.000
41959,2010,-18.554688,25000000.000
41960,2009,-19.042969,25000000.000
41961,2010,-18.554688,25000000.000
41962,2012,-17.578125,25000000.000
41963,2010,-18.554688,25000000.000
41964,2016,-15.625000,25000000.000
41965,2020,-13.671875,25000000.000
41966,2023,-12.207031,25000000.000
41967,2025,-11.230469,25000000.000
41968,2035,-6.347656,25000000.000
41969,2040,-3.906250,25000000.000
41970,2044,-1.953125,25000000.000
41971,2045,-1.464844,25000000.000
41972,2058,4.882812,25000000.000
41973,2061,6.347656,25000000.000
41974,2067,9.277344,25000000.000
41975,2068,9.765625,25000000.000
41976,2076,13.671875,25000000.000
41977,2079,15.136719,25000000.000
41978,2081,16.113281,25000000.000
41979,2081,16.113281,25000000.000
41980,2082,16.601562,25000000.000
41981,2082,16.601562,25000000.000
41982,2082,16.601562,25000000.000
41983,2082,16.601562,25000000.000
41984,2076,13.671875,25000000.000
41985,2073,12.207031,25000000.000
41986,2068,9.765625,25000000.000
41987,2068,9.765625,25000000.000
41988,2060,5.859375,25000000.000
41989,2055,3.417969,25000000.000
41990,2049,0.488281,25000000.000
41991,2049,0.488281,25000000.000
41992,2038,-4.882812,25000000.000
41993,2032,-7.812500,25000000.000
41994,2026,-10.742188,25000000.000
41995,2027,-10.253906,25000000.000
41996,2018,-14.648438,25000000.000
41997,2016,-15.625000,25000000.000
41998,2014,-16.601562,25000000.000
41999,2012,-17.578125,25000000.000
42000,2009,-19.042969,25000000.000
42001,2008,-19.531250,25000000.000
42002,2010,-18.554688,25000000.000
42003,2010,-18.554688,25000000.000
42004,2014,-16.601562,25000000.000
42005,2016,-15.625000,25000000.000
42006,2020,-13.671875,25000000.000
42007,2021,-13.183594,25000000.000
42008,2030,-8.789062,25000000.000
42009,2036,-5.859375,25000000.000
42010,2040,-3.906250,25000000.000
42011,2041,-3.417969,25000000.000
42012,2052,1.953125,25000000.000
42013,2057,4.394531,25000000.000
42014,2063,7.324219,25000000.000
42015,2063,7.324219,25000000.000
42016,2073,12.207031,25000000.000
42017,2077,14.160156,25000000.000
42018,2079,15.136719,25000000.000
42019,2080,15.625000,25000000.000
42020,2083,17.089844,25000000.000
42021,2084,17.578125,25000000.000
42022,2083,17.089844,25000000.000
42023,2082,16.601562,25000000.000
42024,2080,15.625000,25000000.000
42025,2077,14.160156,25000000.000
42026,2072,11.718750,25000000.000
42027,2074,12.695312,25000000.000
42028,2064,7.812500,25000000.000
42029,2059,5.371094,25000000.000
42030,2054,2.929688,25000000.000
42031,2053,2.441406,25000000.000
42032,2043,-2.441406,25000000.000
42033,2037,-5.371094,25000000.000
42034,2032,-7.812500,25000000.000
42035,2031,-8.300781,25000000.000
42036,2023,-12.207031,25000000.000
42037,2018,-14.648438,25000000.000
42038,2015,-16.113281,25000000.000
42039,2015,-16.113281,25000000.000
42040,2011,-18.066406,25000000.000
42041,2009,-19.042969,25000000.000
42042,2009,-19.042969,25000000.000
42043,2009,-19.042969,25000000.000
42044,2011,-18.066406,25000000.000
42045,2015,-16.113281,25000000.000
42046,2017,-15.136719,25000000.000
42047,2018,-14.648438,25000000.000
42048,2024,-11.718750,25000000.000
42049,2031,-8.300781,25000000.000
42050,2036,-5.859375,25000000.000
42051,2037,-5.371094,25000000.000
42052,2047,-0.488281,25000000.000
42053,2052,1.953125,25000000.000
42054,2058,4.882812,25000000.000
42055,2059,5.371094,25000000.000
42056,2068,9.765625,25000000.000
42057,2072,11.718750,25000000.000
42058,2076,13.671875,25000000.000
42059,2076,13.671875,25000000.000
42060,2081,16.113281,25000000.000
42061,2082,16.601562,25000000.000
42062,2083,17.089844,25000000.000
42063,2082,16.601562,25000000.000
42064,2080,15.625000,25000000.000
42065,2079,15.136719,25000000.000
42066,2076,13.671875,25000000.000
42067,2075,13.183594,25000000.000
42068,2067,9.277344,25000000.000
42069,2062,6.835938,25000000.000
42070,2057,4.394531,25000000.000
42071,2056,3.906250,25000000.000
42072,2046,-0.976562,25000000.000
42073,2040,-3.906250,25000000.000
42074,2035,-6.347656,25000000.000
42075,2035,-6.347656,25000000.000
42076,2025,-11.230469,25000000.000
42077,2021,-13.183594,25000000.000
42078,2017,-15.136719,25000000.000
42079,2016,-15.625000,25000000.000
42080,2011,-18.066406,25000000.000
42081,2010,-18.554688,25000000.000
42082,2008,-19.531250,25000000.000
42083,2009,-19.042969,25000000.000
42084,2010,-18.554688,25000000.000
42085,2011,-18.066406,25000000.000
42086,2015,-16.113281,25000000.000
42087,2013,-17.089844,25000000.000
42088,2021,-13.183594,25000000.000
42089,2026,-10.742188,25000000.000
42090,2031,-8.300781,25000000.000
42091,2031,-8.300781,25000000.000
42092,2042,-2.929688,25000000.000
42093,2047,-0.488281,25000000.000
42094,2053,2.441406,25000000.000
42095,2054,2.929688,25000000.000
42096,2064,7.812500,25000000.000
42097,2068,9.765625,25000000.000
42098,2073,12.207031,25000000.000
42099,2073,12.207031,25000000.000
42100,2079,15.136719,25000000.000
42101,2082,16.601562,25000000.000
42102,2082,16.601562,25000000.000
42103,2082,16.601562,25000000.000
42104,2081,16.113281,25000000.000
42105,2079,15.136719,25000000.000
42106,2077,14.160156,25000000.000
42107,2077,14.160156,25000000.000
42108,2071,11.230469,25000000.000
42109,2067,9.277344,25000000.000
42110,2061,6.347656,25000000.000
42111,2062,6.835938,25000000.000
42112,2051,1.464844,25000000.000
42113,2045,-1.464844,25000000.000
42114,2040,-3.906250,25000000.000
42115,2040,-3.906250,25000000.000
42116,2029,-9.277344,25000000.000
42117,2025,-11.230469,25000000.000
42118,2020,-13.671875,25000000.000
42119,2021,-13.183594,25000000.000
42120,2013,-17.089844,25000000.000
42121,2011,-18.066406,25000000.000
42122,2010,-18.554688,25000000.000
42123,2010,-18.554688,25000000.000
42124,2008,-19.531250,25000000.000
42125,2009,-19.042969,25000000.000
42126,2012,-17.578125,25000000.000
42127,2012,-17.578125,25000000.000
42128,2017,-15.136719,25000000.000
42129,2022,-12.695312,25000000.000
42130,2026,-10.742188,25000000.000
42131,2027,-10.253906,25000000.000
42132,2037,-5.371094,25000000.000
42133,2042,-2.929688,25000000.000
42134,2048,0.000000,25000000.000
42135,2048,0.000000,25000000.000
42136,2059,5.371094,25000000.000
42137,2065,8.300781,25000000.000
42138,2070,10.742188,25000000.000
42139,2069,10.253906,25000000.000
42140,2077,14.160156,25000000.000
42141,2079,15.136719,25000000.000
42142,2082,16.601562,25000000.000
42143,2083,17.089844,25000000.000
42144,2082,16.601562,25000000.000
42145,2082,16.601562,25000000.000
42146,2080,15.625000,25000000.000
42147,2080,15.625000,25000000.000
42148,2075,13.183594,25000000.000
42149,2071,11.230469,25000000.000
42150,2067,9.277344,25000000.000
42151,2065,8.300781,25000000.000
42152,2057,4.394531,25000000.000
42153,2051,1.464844,25000000.000
42154,2046,-0.976562,25000000.000
42155,2045,-1.464844,25000000.000
42156,2034,-6.835938,25000000.000
42157,2029,-9.277344,25000000.000
42158,2025,-11.230469,25000000.000
42159,2024,-11.718750,25000000.000
42160,2016,-15.625000,25000000.000
42161,2014,-16.601562,25000000.000
42162,2011,-18.066406,25000000.000
42163,2011,-18.066406,25000000.000
42164,2009,-19.042969,25000000.000
42165,2009,-19.042969,25000000.000
42166,2011,-18.066406,25000000.000
42167,2011,-18.066406,25000000.000
42168,2014,-16.601562,25000000.000
42169,2019,-14.160156,25000000.000
42170,2022,-12.695312,25000000.000
42171,2022,-12.695312,25000000.000
42172,2032,-7.812500,25000000.000
42173,2038,-4.882812,25000000.000
42174,2043,-2.441406,25000000.000
42175,2044,-1.953125,25000000.000
42176,2055,3.417969,25000000.000
42177,2061,6.347656,25000000.000
42178,2065,8.300781,25000000.000
42179,2066,8.789062,25000000.000
42180,2073,12.207031,25000000.000
42181,2077,14.160156,25000000.000
42182,2081,16.113281,25000000.000
42183,2081,16.113281,25000000.000
42184,2084,17.578125,25000000.000
42185,2083,17.089844,25000000.000
42186,2082,16.601562,25000000.000
42187,2082,16.601562,25000000.000
42188,2077,14.160156,25000000.000
42189,2075,13.183594,25000000.000
42190,2070,10.742188,25000000.000
42191,2070,10.742188,25000000.000
42192,2061,6.347656,25000000.000
42193,2056,3.906250,25000000.000
42194,2050,0.976562,25000000.000
42195,2050,0.976562,25000000.000
42196,2039,-4.394531,25000000.000
42197,2035,-6.347656,25000000.000
42198,2029,-9.277344,25000000.000
42199,2028,-9.765625,25000000.000
42200,2019,-14.160156,25000000.000
42201,2017,-15.136719,25000000.000
42202,2014,-16.601562,25000000.000
42203,2013,-17.089844,25000000.000
42204,2010,-18.554688,25000000.000
42205,2009,-19.042969,25000000.000
42206,2009,-19.042969,25000000.000
42207,2010,-18.554688,25000000.000
42208,2013,-17.089844,25000000.000
42209,2016,-15.625000,25000000.000
42210,2019,-14.160156,25000000.000
42211,2019,-14.160156,25000000.000
42212,2028,-9.765625,25000000.000
42213,2034,-6.835938,25000000.000
42214,2039,-4.394531,25000000.000
42215,2039,-4.394531,25000000.000
42216,2050,0.976562,25000000.000
42217,2056,3.906250,25000000.000
42218,2061,6.347656,25000000.000
42219,2063,7.324219,25000000.000
42220,2071,11.230469,25000000.000
42221,2075,13.183594,25000000.000
42222,2078,14.648438,25000000.000
42223,2078,14.648438,25000000.000
42224,2082,16.601562,25000000.000
42225,2082,16.601562,25000000.000
42226,2083,17.089844,25000000.000
42227,2082,16.601562,25000000.000
42228,2079,15.136719,25000000.000
42229,2077,14.160156,25000000.000
42230,2074,12.695312,25000000.000
42231,2073,12.207031,25000000.000
42232,2064,7.812500,25000000.000
42233,2058,4.882812,25000000.000
42234,2054,2.929688,25000000.000
42235,2054,2.929688,25000000.000
42236,2043,-2.441406,25000000.000
42237,2038,-4.882812,25000000.000
42238,2033,-7.324219,25000000.000
42239,2032,-7.812500,25000000.000
42240,2022,-12.695312,25000000.000
42241,2018,-14.648438,25000000.000
42242,2015,-16.113281,25000000.000
42243,2016,-15.625000,25000000.000
42244,2011,-18.066406,25000000.000
42245,2010,-18.554688,25000000.000
42246,2009,-19.042969,25000000.000
42247,2009,-19.042969,25000000.000
42248,2012,-17.578125,25000000.000
42249,2014,-16.601562,25000000.000
42250,2017,-15.136719,25000000.000
42251,2016,-15.625000,25000000.000
42252,2024,-11.718750,25000000.000
42253,2030,-8.789062,25000000.000
42254,2035,-6.347656,25000000.000
42255,2035,-6.347656,25000000.000
42256,2046,-0.976562,25000000.000
42257,2052,1.953125,25000000.000
42258,2058,4.882812,25000000.000
42259,2058,4.882812,25000000.000
42260,2067,9.277344,25000000.000
42261,2072,11.718750,25000000.000
42262,2076,13.671875,25000000.000
42263,2075,13.183594,25000000.000
42264,2081,16.113281,25000000.000
42265,2078,14.648438,25000000.000
42266,2083,17.089844,25000000.000
42267,2081,16.113281,25000000.000
42268,2081,16.113281,25000000.000
42269,2080,15.625000,25000000.000
42270,2075,13.183594,25000000.000
42271,2076,13.671875,25000000.000
42272,2069,10.253906,25000000.000
42273,2064,7.812500,25000000.000
42274,2059,5.371094,25000000.000
42275,2058,4.882812,25000000.000
42276,2047,-0.488281,25000000.000
42277,2043,-2.441406,25000000.000
42278,2037,-5.371094,25000000.000
42279,2036,-5.859375,25000000.000
42280,2027,-10.253906,25000000.000
42281,2020,-13.671875,25000000.000
42282,2018,-14.648438,25000000.000
42283,2017,-15.136719,25000000.000
42284,2011,-18.066406,25000000.000
42285,2009,-19.042969,25000000.000
42286,2008,-19.531250,25000000.000
42287,2007,-20.019531,25000000.000
42288,2009,-19.042969,25000000.000
42289,2009,-19.042969,25000000.000
42290,2012,-17.578125,25000000.000
42291,2013,-17.089844,25000000.000
42292,2020,-13.671875,25000000.000
42293,2025,-11.230469,25000000.000
42294,2029,-9.277344,25000000.000
42295,2031,-8.300781,25000000.000
42296,2039,-4.394531,25000000.000
42297,2047,-0.488281,25000000.000
42298,2051,1.464844,25000000.000
42299,2052,1.953125,25000000.000
42300,2062,6.835938,25000000.000
42301,2067,9.277344,25000000.000
42302,2073,12.207031,25000000.000
42303,2072,11.718750,25000000.000
42304,2078,14.648438,25000000.000
42305,2081,16.113281,25000000.000
42306,2082,16.601562,25000000.000
42307,2083,17.089844,25000000.000
42308,2081,16.113281,25000000.000
42309,2081,16.113281,25000000.000
42310,2079,15.136719,25000000.000
42311,2077,14.160156,25000000.000
42312,2072,11.718750,25000000.000
42313,2068,9.765625,25000000.000
42314,2063,7.324219,25000000.000
42315,2063,7.324219,25000000.000
42316,2051,1.464844,25000000.000
42317,2046,-0.976562,25000000.000
42318,2042,-2.929688,25000000.000
42319,2041,-3.417969,25000000.000
42320,2031,-8.300781,25000000.000
42321,2026,-10.742188,25000000.000
42322,2022,-12.695312,25000000.000
42323,2020,-13.671875,25000000.000
42324,2014,-16.601562,25000000.000
42325,2012,-17.578125,25000000.000
42326,2009,-19.042969,25000000.000
42327,2009,-19.042969,25000000.000
42328,2009,-19.042969,25000000.000
42329,2009,-19.042969,25000000.000
42330,2010,-18.554688,25000000.000
42331,2011,-18.066406,25000000.000
42332,2017,-15.136719,25000000.000
42333,2021,-13.183594,25000000.000
42334,2025,-11.230469,25000000.000
42335,2026,-10.742188,25000000.000
42336,2035,-6.347656,25000000.000
42337,2042,-2.929688,25000000.000
42338,2047,-0.488281,25000000.000
42339,2048,0.000000,25000000.000
42340,2058,4.882812,25000000.000
42341,2064,7.812500,25000000.000
42342,2069,10.253906,25000000.000
42343,2068,9.765625,25000000.000
42344,2076,13.671875,25000000.000
42345,2079,15.136719,25000000.000
42346,2081,16.113281,25000000.000
42347,2080,15.625000,25000000.000
42348,2083,17.089844,25000000.000
42349,2081,16.113281,25000000.000
42350,2080,15.625000,25000000.000
42351,2081,16.113281,25000000.000
42352,2076,13.671875,25000000.000
42353,2072,11.718750,25000000.000
42354,2068,9.765625,25000000.000
42355,2067,9.277344,25000000.000
42356,2057,4.394531,25000000.000
42357,2053,2.441406,25000000.000
42358,2047,-0.488281,25000000.000
42359,2047,-0.488281,25000000.000
42360,2035,-6.347656,25000000.000
42361,2030,-8.789062,25000000.000
42362,2025,-11.230469,25000000.000
42363,2025,-11.230469,25000000.000
42364,2017,-15.136719,25000000.000
42365,2014,-16.601562,25000000.000
42366,2012,-17.578125,25000000.000
42367,2011,-18.066406,25000000.000
42368,2009,-19.042969,25000000.000
42369,2010,-18.554688,25000000.000
42370,2010,-18.554688,25000000.000
42371,2010,-18.554688,25000000.000
42372,2014,-16.601562,25000000.000
42373,2018,-14.648438,25000000.000
42374,2021,-13.183594,25000000.000
42375,2023,-12.207031,25000000.000
42376,2031,-8.300781,25000000.000
42377,2037,-5.371094,25000000.000
42378,2042,-2.929688,25000000.000
42379,2044,-1.953125,25000000.000
42380,2054,2.929688,25000000.000
42381,2059,5.371094,25000000.000
42382,2065,8.300781,25000000.000
42383,2066,8.789062,25000000.000
42384,2073,12.207031,25000000.000
42385,2078,14.648438,25000000.000
42386,2080,15.625000,25000000.000
42387,2080,15.625000,25000000.000
42388,2083,17.089844,25000000.000
42389,2083,17.089844,25000000.000
42390,2082,16.601562,25000000.000
42391,2083,17.089844,25000000.000
42392,2078,14.648438,25000000.000
42393,2075,13.183594,25000000.000
42394,2072,11.718750,25000000.000
42395,2071,11.230469,25000000.000
42396,2062,6.835938,25000000.000
42397,2057,4.394531,25000000.000
42398,2051,1.464844,25000000.000
42399,2050,0.976562,25000000.000
42400,2039,-4.394531,25000000.000
42401,2034,-6.835938,25000000.000
42402,2029,-9.277344,25000000.000
42403,2029,-9.277344,25000000.000
42404,2020,-13.671875,25000000.000
42405,2016,-15.625000,25000000.000
42406,2013,-17.089844,25000000.000
42407,2012,-17.578125,25000000.000
42408,2011,-18.066406,25000000.000
42409,2008,-19.531250,25000000.000
42410,2008,-19.531250,25000000.000
42411,2008,-19.531250,25000000.000
42412,2012,-17.578125,25000000.000
42413,2015,-16.113281,25000000.000
42414,2018,-14.648438,25000000.000
42415,2018,-14.648438,25000000.000
42416,2027,-10.253906,25000000.000
42417,2032,-7.812500,25000000.000
42418,2038,-4.882812,25000000.000
42419,2039,-4.394531,25000000.000
42420,2050,0.976562,25000000.000
42421,2056,3.906250,25000000.000
42422,2061,6.347656,25000000.000
42423,2062,6.835938,25000000.000
42424,2070,10.742188,25000000.000
42425,2075,13.183594,25000000.000
42426,2078,14.648438,25000000.000
42427,2079,15.136719,25000000.000
42428,2084,17.578125,25000000.000
42429,2084,17.578125,25000000.000
42430,2084,17.578125,25000000.000
42431,2084,17.578125,25000000.000
42432,2082,16.601562,25000000.000
42433,2079,15.136719,25000000.000
42434,2075,13.183594,25000000.000
42435,2076,13.671875,25000000.000
42436,2066,8.789062,25000000.000
42437,2062,6.835938,25000000.000
42438,2057,4.394531,25000000.000
42439,2057,4.394531,25000000.000
42440,2046,-0.976562,25000000.000
42441,2039,-4.394531,25000000.000
42442,2035,-6.347656,25000000.000
42443,2034,-6.835938,25000000.000
42444,2025,-11.230469,25000000.000
42445,2020,-13.671875,25000000.000
42446,2016,-15.625000,25000000.000
42447,2017,-15.136719,25000000.000
42448,2011,-18.066406,25000000.000
42449,2009,-19.042969,25000000.000
42450,2009,-19.042969,25000000.000
42451,2008,-19.531250,25000000.000
42452,2011,-18.066406,25000000.000
42453,2013,-17.089844,25000000.000
42454,2015,-16.113281,25000000.000
42455,2015,-16.113281,25000000.000
42456,2022,-12.695312,25000000.000
42457,2027,-10.253906,25000000.000
42458,2034,-6.835938,25000000.000
42459,2034,-6.835938,25000000.000
42460,2044,-1.953125,25000000.000
42461,2050,0.976562,25000000.000
42462,2056,3.906250,25000000.000
42463,2056,3.906250,25000000.000
42464,2066,8.789062,25000000.000
42465,2070,10.742188,25000000.000
42466,2074,12.695312,25000000.000
42467,2073,12.207031,25000000.000
42468,2082,16.601562,25000000.000
42469,2081,16.113281,25000000.000
42470,2082,16.601562,25000000.000
42471,2083,17.089844,25000000.000
42472,2081,16.113281,25000000.000
42473,2079,15.136719,25000000.000
42474,2077,14.160156,25000000.000
42475,2077,14.160156,25000000.000
42476,2069,10.253906,25000000.000
42477,2065,8.300781,25000000.000
42478,2060,5.859375,25000000.000
42479,2060,5.859375,25000000.000
42480,2049,0.488281,25000000.000
42481,2044,-1.953125,25000000.000
42482,2039,-4.394531,25000000.000
42483,2038,-4.882812,25000000.000
42484,2028,-9.765625,25000000.000
42485,2023,-12.207031,25000000.000
42486,2017,-15.136719,25000000.000
42487,2018,-14.648438,25000000.000
42488,2012,-17.578125,25000000.000
42489,2010,-18.554688,25000000.000
42490,2008,-19.531250,25000000.000
42491,2009,-19.042969,25000000.000
42492,2010,-18.554688,25000000.000
42493,2009,-19.042969,25000000.000
42494,2012,-17.578125,25000000.000
42495,2013,-17.089844,25000000.000
42496,2019,-14.160156,25000000.000
42497,2023,-12.207031,25000000.000
42498,2028,-9.765625,25000000.000
42499,2028,-9.765625,25000000.000
42500,2039,-4.394531,25000000.000
42501,2044,-1.953125,25000000.000
42502,2051,1.464844,25000000.000
42503,2050,0.976562,25000000.000
42504,2061,6.347656,25000000.000
42505,2065,8.300781,25000000.000
42506,2070,10.742188,25000000.000
42507,2070,10.742188,25000000.000
42508,2077,14.160156,25000000.000
42509,2080,15.625000,25000000.000
42510,2081,16.113281,25000000.000
42511,2082,16.601562,25000000.000
42512,2082,16.601562,25000000.000
42513,2082,16.601562,25000000.000
42514,2078,14.648438,25000000.000
42515,2079,15.136719,25000000.000
42516,2074,12.695312,25000000.000
42517,2069,10.253906,25000000.000
42518,2064,7.812500,25000000.000
42519,2063,7.324219,25000000.000
42520,2054,2.929688,25000000.000
42521,2048,0.000000,25000000.000
42522,2042,-2.929688,25000000.000
42523,2043,-2.441406,25000000.000
42524,2033,-7.324219,25000000.000
42525,2028,-9.765625,25000000.000
42526,2021,-13.183594,25000000.000
42527,2022,-12.695312,25000000.000
42528,2016,-15.625000,25000000.000
42529,2012,-17.578125,25000000.000
42530,2010,-18.554688,25000000.000
42531,2010,-18.554688,25000000.000
42532,2009,-19.042969,25000000.000
42533,2009,-19.042969,25000000.000
42534,2010,-18.554688,25000000.000
42535,2011,-18.066406,25000000.000
42536,2016,-15.625000,25000000.000
42537,2020,-13.671875,25000000.000
42538,2024,-11.718750,25000000.000
42539,2025,-11.230469,25000000.000
42540,2034,-6.835938,25000000.000
42541,2040,-3.906250,25000000.000
42542,2045,-1.464844,25000000.000
42543,2046,-0.976562,25000000.000
42544,2057,4.394531,25000000.000
42545,2061,6.347656,25000000.000
42546,2067,9.277344,25000000.000
42547,2067,9.277344,25000000.000
42548,2075,13.183594,25000000.000
42549,2078,14.648438,25000000.000
42550,2081,16.113281,25000000.000
42551,2081,16.113281,25000000.000
42552,2084,17.578125,25000000.000
42553,2083,17.089844,25000000.000
42554,2081,16.113281,25000000.000
42555,2081,16.113281,25000000.000
42556,2077,14.160156,25000000.000
42557,2074,12.695312,25000000.000
42558,2069,10.253906,25000000.000
42559,2068,9.765625,25000000.000
42560,2059,5.371094,25000000.000
42561,2054,2.929688,25000000.000
42562,2048,0.000000,25000000.000
42563,2047,-0.488281,25000000.000
42564,2036,-5.859375,25000000.000
42565,2031,-8.300781,25000000.000
42566,2026,-10.742188,25000000.000
42567,2026,-10.742188,25000000.000
42568,2018,-14.648438,25000000.000
42569,2014,-16.601562,25000000.000
42570,2012,-17.578125,25000000.000
42571,2012,-17.578125,25000000.000
42572,2009,-19.042969,25000000.000
42573,2009,-19.042969,25000000.000
42574,2010,-18.554688,25000000.000
42575,2010,-18.554688,25000000.000
42576,2015,-16.113281,25000000.000
42577,2017,-15.136719,25000000.000
42578,2021,-13.183594,25000000.000
42579,2022,-12.695312,25000000.000
42580,2031,-8.300781,25000000.000
42581,2036,-5.859375,25000000.000
42582,2042,-2.929688,25000000.000
42583,2042,-2.929688,25000000.000
42584,2053,2.441406,25000000.000
42585,2058,4.882812,25000000.000
42586,2064,7.812500,25000000.000
42587,2064,7.812500,25000000.000
42588,2073,12.207031,25000000.000
42589,2076,13.671875,25000000.000
42590,2079,15.136719,25000000.000
42591,2078,14.648438,25000000.000
42592,2083,17.089844,25000000.000
42593,2084,17.578125,25000000.000
42594,2083,17.089844,25000000.000
42595,2082,16.601562,25000000.000
42596,2079,15.136719,25000000.000
42597,2077,14.160156,25000000.000
42598,2072,11.718750,25000000.000
42599,2072,11.718750,25000000.000
42600,2063,7.324219,25000000.000
42601,2058,4.882812,25000000.000
42602,2053,2.441406,25000000.000
42603,2052,1.953125,25000000.000
42604,2041,-3.417969,25000000.000
42605,2037,-5.371094,25000000.000
42606,2030,-8.789062,25000000.000
42607,2031,-8.300781,25000000.000
42608,2023,-12.207031,25000000.000
42609,2018,-14.648438,25000000.000
42610,2014,-16.601562,25000000.000
42611,2014,-16.601562,25000000.000
42612,2008,-19.531250,25000000.000
42613,2007,-20.019531,25000000.000
42614,2013,-17.089844,25000000.000
42615,2008,-19.531250,25000000.000
42616,2012,-17.578125,25000000.000
42617,2015,-16.113281,25000000.000
42618,2019,-14.160156,25000000.000
42619,2019,-14.160156,25000000.000
42620,2026,-10.742188,25000000.000
42621,2031,-8.300781,25000000.000
42622,2036,-5.859375,25000000.000
42623,2037,-5.371094,25000000.000
42624,2046,-0.976562,25000000.000
42625,2053,2.441406,25000000.000
42626,2059,5.371094,25000000.000
42627,2059,5.371094,25000000.000
42628,2069,10.253906,25000000.000
42629,2073,12.207031,25000000.000
42630,2077,14.160156,25000000.000
42631,2077,14.160156,25000000.000
42632,2081,16.113281,25000000.000
42633,2082,16.601562,25000000.000
42634,2083,17.089844,25000000.000
42635,2083,17.089844,25000000.000
42636,2081,16.113281,25000000.000
42637,2079,15.136719,25000000.000
42638,2075,13.183594,25000000.000
42639,2075,13.183594,25000000.000
42640,2068,9.765625,25000000.000
42641,2063,7.324219,25000000.000
42642,2057,4.394531,25000000.000
42643,2057,4.394531,25000000.000
42644,2046,-0.976562,25000000.000
42645,2041,-3.417969,25000000.000
42646,2035,-6.347656,25000000.000
42647,2034,-6.835938,25000000.000
42648,2025,-11.230469,25000000.000
42649,2021,-13.183594,25000000.000
42650,2018,-14.648438,25000000.000
42651,2017,-15.136719,25000000.000
42652,2012,-17.578125,25000000.000
42653,2011,-18.066406,25000000.000
42654,2010,-18.554688,25000000.000
42655,2009,-19.042969,25000000.000
42656,2012,-17.578125,25000000.000
42657,2012,-17.578125,25000000.000
42658,2014,-16.601562,25000000.000
42659,2015,-16.113281,25000000.000
42660,2023,-12.207031,25000000.000
42661,2026,-10.742188,25000000.000
42662,2031,-8.300781,25000000.000
42663,2033,-7.324219,25000000.000
42664,2043,-2.441406,25000000.000
42665,2048,0.000000,25000000.000
42666,2054,2.929688,25000000.000
42667,2054,2.929688,25000000.000
42668,2065,8.300781,25000000.000
42669,2069,10.253906,25000000.000
42670,2073,12.207031,25000000.000
42671,2073,12.207031,25000000.000
42672,2080,15.625000,25000000.000
42673,2082,16.601562,25000000.000
42674,2082,16.601562,25000000.000
42675,2081,16.113281,25000000.000
42676,2081,16.113281,25000000.000
42677,2080,15.625000,25000000.000
42678,2078,14.648438,25000000.000
42679,2077,14.160156,25000000.000
42680,2070,10.742188,25000000.000
42681,2066,8.789062,25000000.000
42682,2062,6.835938,25000000.000
42683,2061,6.347656,25000000.000
42684,2050,0.976562,25000000.000
42685,2044,-1.953125,25000000.000
42686,2040,-3.906250,25000000.000
42687,2040,-3.906250,25000000.000
42688,2029,-9.277344,25000000.000
42689,2025,-11.230469,25000000.000
42690,2020,-13.671875,25000000.000
42691,2019,-14.160156,25000000.000
42692,2012,-17.578125,25000000.000
42693,2010,-18.554688,25000000.000
42694,2008,-19.531250,25000000.000
42695,2008,-19.531250,25000000.000
42696,2008,-19.531250,25000000.000
42697,2010,-18.554688,25000000.000
42698,2012,-17.578125,25000000.000
42699,2012,-17.578125,25000000.000
42700,2018,-14.648438,25000000.000
42701,2022,-12.695312,25000000.000
42702,2027,-10.253906,25000000.000
42703,2027,-10.253906,25000000.000
42704,2037,-5.371094,25000000.000
42705,2043,-2.441406,25000000.000
42706,2048,0.000000,25000000.000
42707,2049,0.488281,25000000.000
42708,2060,5.859375,25000000.000
42709,2064,7.812500,25000000.000
42710,2069,10.253906,25000000.000
42711,2070,10.742188,25000000.000
42712,2077,14.160156,25000000.000
42713,2081,16.113281,25000000.000
42714,2082,16.601562,25000000.000
42715,2082,16.601562,25000000.000
42716,2082,16.601562,25000000.000
42717,2081,16.113281,25000000.000
42718,2079,15.136719,25000000.000
42719,2079,15.136719,25000000.000
42720,2074,12.695312,25000000.000
42721,2070,10.742188,25000000.000
42722,2066,8.789062,25000000.000
42723,2065,8.300781,25000000.000
42724,2055,3.417969,25000000.000
42725,2050,0.976562,25000000.000
42726,2044,-1.953125,25000000.000
42727,2043,-2.441406,25000000.000
42728,2033,-7.324219,25000000.000
42729,2028,-9.765625,25000000.000
42730,2023,-12.207031,25000000.000
42731,2022,-12.695312,25000000.000
42732,2015,-16.113281,25000000.000
42733,2013,-17.089844,25000000.000
42734,2010,-18.554688,25000000.000
42735,2010,-18.554688,25000000.000
42736,2009,-19.042969,25000000.000
42737,2008,-19.531250,25000000.000
42738,2010,-18.554688,25000000.000
42739,2010,-18.554688,25000000.000
42740,2014,-16.601562,25000000.000
42741,2019,-14.160156,25000000.000
42742,2023,-12.207031,25000000.000
42743,2024,-11.718750,25000000.000
42744,2033,-7.324219,25000000.000
42745,2038,-4.882812,25000000.000
42746,2044,-1.953125,25000000.000
42747,2044,-1.953125,25000000.000
42748,2057,4.394531,25000000.000
42749,2061,6.347656,25000000.000
42750,2066,8.789062,25000000.000
42751,2066,8.789062,25000000.000
42752,2075,13.183594,25000000.000
42753,2078,14.648438,25000000.000
42754,2080,15.625000,25000000.000
42755,2080,15.625000,25000000.000
42756,2082,16.601562,25000000.000
42757,2083,17.089844,25000000.000
42758,2081,16.113281,25000000.000
42759,2080,15.625000,25000000.000
42760,2077,14.160156,25000000.000
42761,2075,13.183594,25000000.000
42762,2071,11.230469,25000000.000
42763,2069,10.253906,25000000.000
42764,2060,5.859375,25000000.000
42765,2054,2.929688,25000000.000
42766,2050,0.976562,25000000.000
42767,2049,0.488281,25000000.000
42768,2039,-4.394531,25000000.000
42769,2033,-7.324219,25000000.000
42770,2027,-10.253906,25000000.000
42771,2028,-9.765625,25000000.000
42772,2019,-14.160156,25000000.000
42773,2016,-15.625000,25000000.000
42774,2013,-17.089844,25000000.000
42775,2013,-17.089844,25000000.000
42776,2009,-19.042969,25000000.000
42777,2010,-18.554688,25000000.000
42778,2010,-18.554688,25000000.000
42779,2010,-18.554688,25000000.000
42780,2012,-17.578125,25000000.000
42781,2017,-15.136719,25000000.000
42782,2020,-13.671875,25000000.000
42783,2020,-13.671875,25000000.000
42784,2029,-9.277344,25000000.000
42785,2034,-6.835938,25000000.000
42786,2040,-3.906250,25000000.000
42787,2039,-4.394531,25000000.000
42788,2051,1.464844,25000000.000
42789,2056,3.906250,25000000.000
42790,2062,6.835938,25000000.000
42791,2062,6.835938,25000000.000
42792,2071,11.230469,25000000.000
42793,2076,13.671875,25000000.000
42794,2078,14.648438,25000000.000
42795,2078,14.648438,25000000.000
42796,2083,17.089844,25000000.000
42797,2082,16.601562,25000000.000
42798,2082,16.601562,25000000.000
42799,2081,16.113281,25000000.000
42800,2079,15.136719,25000000.000
42801,2077,14.160156,25000000.000
42802,2073,12.207031,25000000.000
42803,2073,12.207031,25000000.000
42804,2064,7.812500,25000000.000
42805,2060,5.859375,25000000.000
42806,2055,3.417969,25000000.000
42807,2054,2.929688,25000000.000
42808,2044,-1.953125,25000000.000
42809,2038,-4.882812,25000000.000
42810,2033,-7.324219,25000000.000
42811,2032,-7.812500,25000000.000
42812,2024,-11.718750,25000000.000
42813,2019,-14.160156,25000000.000
42814,2016,-15.625000,25000000.000
42815,2015,-16.113281,25000000.000
42816,2010,-18.554688,25000000.000
42817,2010,-18.554688,25000000.000
42818,2010,-18.554688,25000000.000
42819,2010,-18.554688,25000000.000
42820,2012,-17.578125,25000000.000
42821,2014,-16.601562,25000000.000
42822,2017,-15.136719,25000000.000
42823,2018,-14.648438,25000000.000
42824,2026,-10.742188,25000000.000
42825,2030,-8.789062,25000000.000
42826,2035,-6.347656,25000000.000
42827,2036,-5.859375,25000000.000
42828,2047,-0.488281,25000000.000
42829,2046,-0.976562,25000000.000
42830,2061,6.347656,25000000.000
42831,2065,8.300781,25000000.000
42832,2068,9.765625,25000000.000
42833,2073,12.207031,25000000.000
42834,2076,13.671875,25000000.000
42835,2077,14.160156,25000000.000
42836,2079,15.136719,25000000.000
42837,2083,17.089844,25000000.000
42838,2083,17.089844,25000000.000
42839,2082,16.601562,25000000.000
42840,2079,15.136719,25000000.000
42841,2079,15.136719,25000000.000
42842,2074,12.695312,25000000.000
42843,2074,12.695312,25000000.000
42844,2068,9.765625,25000000.000
42845,2064,7.812500,25000000.000
42846,2058,4.882812,25000000.000
42847,2058,4.882812,25000000.000
42848,2048,0.000000,25000000.000
42849,2042,-2.929688,25000000.000
42850,2037,-5.371094,25000000.000
42851,2037,-5.371094,25000000.000
42852,2027,-10.253906,25000000.000
42853,2023,-12.207031,25000000.000
42854,2018,-14.648438,25000000.000
42855,2018,-14.648438,25000000.000
42856,2012,-17.578125,25000000.000
42857,2011,-18.066406,25000000.000
42858,2009,-19.042969,25000000.000
42859,2009,-19.042969,25000000.000
42860,2011,-18.066406,25000000.000
42861,2012,-17.578125,25000000.000
42862,2014,-16.601562,25000000.000
42863,2015,-16.113281,25000000.000
42864,2021,-13.183594,25000000.000
42865,2024,-11.718750,25000000.000
42866,2030,-8.789062,25000000.000
42867,2030,-8.789062,25000000.000
42868,2040,-3.906250,25000000.000
42869,2046,-0.976562,25000000.000
42870,2052,1.953125,25000000.000
42871,2052,1.953125,25000000.000
42872,2063,7.324219,25000000.000
42873,2067,9.277344,25000000.000
42874,2072,11.718750,25000000.000
42875,2073,12.207031,25000000.000
42876,2078,14.648438,25000000.000
42877,2081,16.113281,25000000.000
42878,2082,16.601562,25000000.000
42879,2082,16.601562,25000000.000
42880,2081,16.113281,25000000.000
42881,2080,15.625000,25000000.000
42882,2078,14.648438,25000000.000
42883,2078,14.648438,25000000.000
42884,2071,11.230469,25000000.000
42885,2066,8.789062,25000000.000
42886,2062,6.835938,25000000.000
42887,2062,6.835938,25000000.000
42888,2051,1.464844,25000000.000
42889,2046,-0.976562,25000000.000
42890,2041,-3.417969,25000000.000
42891,2040,-3.906250,25000000.000
42892,2030,-8.789062,25000000.000
42893,2026,-10.742188,25000000.000
42894,2022,-12.695312,25000000.000
42895,2020,-13.671875,25000000.000
42896,2013,-17.089844,25000000.000
42897,2011,-18.066406,25000000.000
42898,2009,-19.042969,25000000.000
42899,2011,-18.066406,25000000.000
42900,2008,-19.531250,25000000.000
42901,2009,-19.042969,25000000.000
42902,2012,-17.578125,25000000.000
42903,2012,-17.578125,25000000.000
42904,2018,-14.648438,25000000.000
42905,2022,-12.695312,25000000.000
42906,2026,-10.742188,25000000.000
42907,2026,-10.742188,25000000.000
42908,2035,-6.347656,25000000.000
42909,2042,-2.929688,25000000.000
42910,2048,0.000000,25000000.000
42911,2048,0.000000,25000000.000
42912,2058,4.882812,25000000.000
42913,2063,7.324219,25000000.000
42914,2068,9.765625,25000000.000
42915,2069,10.253906,25000000.000
42916,2076,13.671875,25000000.000
42917,2078,14.648438,25000000.000
42918,2081,16.113281,25000000.000
42919,2081,16.113281,25000000.000
42920,2081,16.113281,25000000.000
42921,2081,16.113281,25000000.000
42922,2080,15.625000,25000000.000
42923,2080,15.625000,25000000.000
42924,2075,13.183594,25000000.000
42925,2071,11.230469,25000000.000
42926,2066,8.789062,25000000.000
42927,2066,8.789062,25000000.000
42928,2056,3.906250,25000000.000
42929,2052,1.953125,25000000.000
42930,2045,-1.464844,25000000.000
42931,2045,-1.464844,25000000.000
42932,2035,-6.347656,25000000.000
42933,2029,-9.277344,25000000.000
42934,2025,-11.230469,25000000.000
42935,2024,-11.718750,25000000.000
42936,2017,-15.136719,25000000.000
42937,2013,-17.089844,25000000.000
42938,2011,-18.066406,25000000.000
42939,2011,-18.066406,25000000.000
42940,2009,-19.042969,25000000.000
42941,2009,-19.042969,25000000.000
42942,2011,-18.066406,25000000.000
42943,2010,-18.554688,25000000.000
42944,2015,-16.113281,25000000.000
42945,2018,-14.648438,25000000.000
42946,2023,-12.207031,25000000.000
42947,2022,-12.695312,25000000.000
42948,2032,-7.812500,25000000.000
42949,2038,-4.882812,25000000.000
42950,2043,-2.441406,25000000.000
42951,2043,-2.441406,25000000.000
42952,2054,2.929688,25000000.000
42953,2059,5.371094,25000000.000
42954,2065,8.300781,25000000.000
42955,2066,8.789062,25000000.000
42956,2074,12.695312,25000000.000
42957,2078,14.648438,25000000.000
42958,2080,15.625000,25000000.000
42959,2079,15.136719,25000000.000
42960,2084,17.578125,25000000.000
42961,2081,16.113281,25000000.000
42962,2077,14.160156,25000000.000
42963,2084,17.578125,25000000.000
42964,2079,15.136719,25000000.000
42965,2075,13.183594,25000000.000
42966,2071,11.230469,25000000.000
42967,2070,10.742188,25000000.000
42968,2061,6.347656,25000000.000
42969,2057,4.394531,25000000.000
42970,2051,1.464844,25000000.000
42971,2050,0.976562,25000000.000
42972,2040,-3.906250,25000000.000
42973,2035,-6.347656,25000000.000
42974,2028,-9.765625,25000000.000
42975,2029,-9.277344,25000000.000
42976,2021,-13.183594,25000000.000
42977,2016,-15.625000,25000000.000
42978,2014,-16.601562,25000000.000
42979,2013,-17.089844,25000000.000
42980,2010,-18.554688,25000000.000
42981,2009,-19.042969,25000000.000
42982,2010,-18.554688,25000000.000
42983,2010,-18.554688,25000000.000
42984,2013,-17.089844,25000000.000
42985,2016,-15.625000,25000000.000
42986,2019,-14.160156,25000000.000
42987,2019,-14.160156,25000000.000
42988,2027,-10.253906,25000000.000
42989,2033,-7.324219,25000000.000
42990,2039,-4.394531,25000000.000
42991,2039,-4.394531,25000000.000
42992,2050,0.976562,25000000.000
42993,2055,3.417969,25000000.000
42994,2061,6.347656,25000000.000
42995,2062,6.835938,25000000.000
42996,2071,11.230469,25000000.000
42997,2075,13.183594,25000000.000
42998,2079,15.136719,25000000.000
42999,2079,15.136719,25000000.000
43000,2082,16.601562,25000000.000
43001,2083,17.089844,25000000.000
43002,2082,16.601562,25000000.000
43003,2082,16.601562,25000000.000
43004,2080,15.625000,25000000.000
43005,2078,14.648438,25000000.000
43006,2074,12.695312,25000000.000
43007,2075,13.183594,25000000.000
43008,2066,8.789062,25000000.000
43009,2061,6.347656,25000000.000
43010,2055,3.417969,25000000.000
43011,2055,3.417969,25000000.000
43012,2044,-1.953125,25000000.000
43013,2037,-5.371094,25000000.000
43014,2033,-7.324219,25000000.000
43015,2032,-7.812500,25000000.000
43016,2023,-12.207031,25000000.000
43017,2020,-13.671875,25000000.000
43018,2016,-15.625000,25000000.000
43019,2016,-15.625000,25000000.000
43020,2010,-18.554688,25000000.000
43021,2009,-19.042969,25000000.000
43022,2009,-19.042969,25000000.000
43023,2010,-18.554688,25000000.000
43024,2011,-18.066406,25000000.000
43025,2012,-17.578125,25000000.000
43026,2016,-15.625000,25000000.000
43027,2017,-15.136719,25000000.000
43028,2023,-12.207031,25000000.000
43029,2028,-9.765625,25000000.000
43030,2034,-6.835938,25000000.000
43031,2034,-6.835938,25000000.000
43032,2044,-1.953125,25000000.000
43033,2050,0.976562,25000000.000
43034,2056,3.906250,25000000.000
43035,2057,4.394531,25000000.000
43036,2067,9.277344,25000000.000
43037,2072,11.718750,25000000.000
43038,2075,13.183594,25000000.000
43039,2075,13.183594,25000000.000
43040,2080,15.625000,25000000.000
43041,2081,16.113281,25000000.000
43042,2083,17.089844,25000000.000
43043,2083,17.089844,25000000.000
43044,2080,15.625000,25000000.000
43045,2079,15.136719,25000000.000
43046,2076,13.671875,25000000.000
43047,2076,13.671875,25000000.000
43048,2069,10.253906,25000000.000
43049,2064,7.812500,25000000.000
43050,2058,4.882812,25000000.000
43051,2059,5.371094,25000000.000
43052,2049,0.488281,25000000.000
43053,2043,-2.441406,25000000.000
43054,2039,-4.394531,25000000.000
43055,2037,-5.371094,25000000.000
43056,2028,-9.765625,25000000.000
43057,2023,-12.207031,25000000.000
43058,2018,-14.648438,25000000.000
43059,2017,-15.136719,25000000.000
43060,2012,-17.578125,25000000.000
43061,2011,-18.066406,25000000.000
43062,2009,-19.042969,25000000.000
43063,2007,-20.019531,25000000.000
43064,2009,-19.042969,25000000.000
43065,2012,-17.578125,25000000.000
43066,2012,-17.578125,25000000.000
43067,2013,-17.089844,25000000.000
43068,2020,-13.671875,25000000.000
43069,2024,-11.718750,25000000.000
43070,2028,-9.765625,25000000.000
43071,2030,-8.789062,25000000.000
43072,2040,-3.906250,25000000.000
43073,2045,-1.464844,25000000.000
43074,2051,1.464844,25000000.000
43075,2051,1.464844,25000000.000
43076,2061,6.347656,25000000.000
43077,2066,8.789062,25000000.000
43078,2072,11.718750,25000000.000
43079,2071,11.230469,25000000.000
43080,2078,14.648438,25000000.000
43081,2080,15.625000,25000000.000
43082,2082,16.601562,25000000.000
43083,2081,16.113281,25000000.000
43084,2082,16.601562,25000000.000
43085,2081,16.113281,25000000.000
43086,2079,15.136719,25000000.000
43087,2079,15.136719,25000000.000
43088,2072,11.718750,25000000.000
43089,2068,9.765625,25000000.000
43090,2064,7.812500,25000000.000
43091,2063,7.324219,25000000.000
43092,2054,2.929688,25000000.000
43093,2048,0.000000,25000000.000
43094,2043,-2.441406,25000000.000
43095,2043,-2.441406,25000000.000
43096,2032,-7.812500,25000000.000
43097,2026,-10.742188,25000000.000
43098,2023,-12.207031,25000000.000
43099,2022,-12.695312,25000000.000
43100,2015,-16.113281,25000000.000
43101,2011,-18.066406,25000000.000
43102,2010,-18.554688,25000000.000
43103,2010,-18.554688,25000000.000
43104,2009,-19.042969,25000000.000
43105,2009,-19.042969,25000000.000
43106,2011,-18.066406,25000000.000
43107,2011,-18.066406,25000000.000
43108,2015,-16.113281,25000000.000
43109,2020,-13.671875,25000000.000
43110,2025,-11.230469,25000000.000
43111,2025,-11.230469,25000000.000
43112,2036,-5.859375,25000000.000
43113,2040,-3.906250,25000000.000
43114,2045,-1.464844,25000000.000
43115,2047,-0.488281,25000000.000
43116,2057,4.394531,25000000.000
43117,2063,7.324219,25000000.000
43118,2066,8.789062,25000000.000
43119,2069,10.253906,25000000.000
43120,2076,13.671875,25000000.000
43121,2078,14.648438,25000000.000
43122,2080,15.625000,25000000.000
43123,2081,16.113281,25000000.000
43124,2082,16.601562,25000000.000
43125,2082,16.601562,25000000.000
43126,2080,15.625000,25000000.000
43127,2080,15.625000,25000000.000
43128,2075,13.183594,25000000.000
43129,2073,12.207031,25000000.000
43130,2068,9.765625,25000000.000
43131,2066,8.789062,25000000.000
43132,2058,4.882812,25000000.000
43133,2053,2.441406,25000000.000
43134,2047,-0.488281,25000000.000
43135,2046,-0.976562,25000000.000
43136,2036,-5.859375,25000000.000
43137,2030,-8.789062,25000000.000
43138,2026,-10.742188,25000000.000
43139,2026,-10.742188,25000000.000
43140,2017,-15.136719,25000000.000
43141,2014,-16.601562,25000000.000
43142,2012,-17.578125,25000000.000
43143,2013,-17.089844,25000000.000
43144,2009,-19.042969,25000000.000
43145,2009,-19.042969,25000000.000
43146,2011,-18.066406,25000000.000
43147,2009,-19.042969,25000000.000
43148,2014,-16.601562,25000000.000
43149,2017,-15.136719,25000000.000
43150,2022,-12.695312,25000000.000
43151,2022,-12.695312,25000000.000
43152,2031,-8.300781,25000000.000
43153,2037,-5.371094,25000000.000
43154,2042,-2.929688,25000000.000
43155,2042,-2.929688,25000000.000
43156,2053,2.441406,25000000.000
43157,2059,5.371094,25000000.000
43158,2064,7.812500,25000000.000
43159,2064,7.812500,25000000.000
43160,2073,12.207031,25000000.000
43161,2077,14.160156,25000000.000
43162,2080,15.625000,25000000.000
43163,2079,15.136719,25000000.000
43164,2082,16.601562,25000000.000
43165,2082,16.601562,25000000.000
43166,2082,16.601562,25000000.000
43167,2082,16.601562,25000000.000
43168,2079,15.136719,25000000.000
43169,2075,13.183594,25000000.000
43170,2072,11.718750,25000000.000
43171,2070,10.742188,25000000.000
43172,2062,6.835938,25000000.000
43173,2057,4.394531,25000000.000
43174,2052,1.953125,25000000.000
43175,2051,1.464844,25000000.000
43176,2042,-2.929688,25000000.000
43177,2035,-6.347656,25000000.000
43178,2030,-8.789062,25000000.000
43179,2030,-8.789062,25000000.000
43180,2022,-12.695312,25000000.000
43181,2018,-14.648438,25000000.000
43182,2015,-16.113281,25000000.000
43183,2015,-16.113281,25000000.000
43184,2011,-18.066406,25000000.000
43185,2010,-18.554688,25000000.000
43186,2010,-18.554688,25000000.000
43187,2010,-18.554688,25000000.000
43188,2012,-17.578125,25000000.000
43189,2015,-16.113281,25000000.000
43190,2017,-15.136719,25000000.000
43191,2019,-14.160156,25000000.000
43192,2027,-10.253906,25000000.000
43193,2031,-8.300781,25000000.000
43194,2037,-5.371094,25000000.000
43195,2038,-4.882812,25000000.000
43196,2048,0.000000,25000000.000
43197,2053,2.441406,25000000.000
43198,2059,5.371094,25000000.000
43199,2060,5.859375,25000000.000
43200,2070,10.742188,25000000.000
43201,2074,12.695312,25000000.000
43202,2077,14.160156,25000000.000
43203,2077,14.160156,25000000.000
43204,2082,16.601562,25000000.000
43205,2083,17.089844,25000000.000
43206,2083,17.089844,25000000.000
43207,2083,17.089844,25000000.000
43208,2081,16.113281,25000000.000
43209,2079,15.136719,25000000.000
43210,2076,13.671875,25000000.000
43211,2075,13.183594,25000000.000
43212,2067,9.277344,25000000.000
43213,2062,6.835938,25000000.000
43214,2057,4.394531,25000000.000
43215,2056,3.906250,25000000.000
43216,2045,-1.464844,25000000.000
43217,2040,-3.906250,25000000.000
43218,2034,-6.835938,25000000.000
43219,2034,-6.835938,25000000.000
43220,2025,-11.230469,25000000.000
43221,2021,-13.183594,25000000.000
43222,2017,-15.136719,25000000.000
43223,2016,-15.625000,25000000.000
43224,2011,-18.066406,25000000.000
43225,2009,-19.042969,25000000.000
43226,2010,-18.554688,25000000.000
43227,2010,-18.554688,25000000.000
43228,2010,-18.554688,25000000.000
43229,2011,-18.066406,25000000.000
43230,2015,-16.113281,25000000.000
43231,2015,-16.113281,25000000.000
43232,2023,-12.207031,25000000.000
43233,2028,-9.765625,25000000.000
43234,2033,-7.324219,25000000.000
43235,2033,-7.324219,25000000.000
43236,2043,-2.441406,25000000.000
43237,2049,0.488281,25000000.000
43238,2055,3.417969,25000000.000
43239,2055,3.417969,25000000.000
43240,2065,8.300781,25000000.000
43241,2069,10.253906,25000000.000
43242,2074,12.695312,25000000.000
43243,2074,12.695312,25000000.000
43244,2080,15.625000,25000000.000
43245,2080,15.625000,25000000.000
43246,2083,17.089844,25000000.000
43247,2082,16.601562,25000000.000
43248,2081,16.113281,25000000.000
43249,2079,15.136719,25000000.000
43250,2076,13.671875,25000000.000
43251,2076,13.671875,25000000.000
43252,2070,10.742188,25000000.000
43253,2066,8.789062,25000000.000
43254,2060,5.859375,25000000.000
43255,2060,5.859375,25000000.000
43256,2051,1.464844,25000000.000
43257,2044,-1.953125,25000000.000
43258,2039,-4.394531,25000000.000
43259,2039,-4.394531,25000000.000
43260,2028,-9.765625,25000000.000
43261,2023,-12.207031,25000000.000
43262,2020,-13.671875,25000000.000
43263,2019,-14.160156,25000000.000
43264,2012,-17.578125,25000000.000
43265,2010,-18.554688,25000000.000
43266,2009,-19.042969,25000000.000
43267,2009,-19.042969,25000000.000
43268,2010,-18.554688,25000000.000
43269,2010,-18.554688,25000000.000
43270,2013,-17.089844,25000000.000
43271,2013,-17.089844,25000000.000
43272,2018,-14.648438,25000000.000
43273,2022,-12.695312,25000000.000
43274,2028,-9.765625,25000000.000
43275,2028,-9.765625,25000000.000
43276,2038,-4.882812,25000000.000
43277,2045,-1.464844,25000000.000
43278,2049,0.488281,25000000.000
43279,2049,0.488281,25000000.000
43280,2061,6.347656,25000000.000
43281,2066,8.789062,25000000.000
43282,2070,10.742188,25000000.000
43283,2069,10.253906,25000000.000
43284,2077,14.160156,25000000.000
43285,2080,15.625000,25000000.000
43286,2080,15.625000,25000000.000
43287,2082,16.601562,25000000.000
43288,2082,16.601562,25000000.000
43289,2081,16.113281,25000000.000
43290,2079,15.136719,25000000.000
43291,2078,14.648438,25000000.000
43292,2074,12.695312,25000000.000
43293,2069,10.253906,25000000.000
43294,2065,8.300781,25000000.000
43295,2065,8.300781,25000000.000
43296,2054,2.929688,25000000.000
43297,2049,0.488281,25000000.000
43298,2044,-1.953125,25000000.000
43299,2043,-2.441406,25000000.000
43300,2033,-7.324219,25000000.000
43301,2028,-9.765625,25000000.000
43302,2023,-12.207031,25000000.000
43303,2022,-12.695312,25000000.000
43304,2017,-15.136719,25000000.000
43305,2012,-17.578125,25000000.000
43306,2011,-18.066406,25000000.000
43307,2011,-18.066406,25000000.000
43308,2009,-19.042969,25000000.000
43309,2011,-18.066406,25000000.000
43310,2015,-16.113281,25000000.000
43311,2010,-18.554688,25000000.000
43312,2015,-16.113281,25000000.000
43313,2019,-14.160156,25000000.000
43314,2024,-11.718750,25000000.000
43315,2024,-11.718750,25000000.000
43316,2034,-6.835938,25000000.000
43317,2039,-4.394531,25000000.000
43318,2044,-1.953125,25000000.000
43319,2045,-1.464844,25000000.000
43320,2056,3.906250,25000000.000
43321,2061,6.347656,25000000.000
43322,2066,8.789062,25000000.000
43323,2067,9.277344,25000000.000
43324,2074,12.695312,25000000.000
43325,2078,14.648438,25000000.000
43326,2079,15.136719,25000000.000
43327,2080,15.625000,25000000.000
43328,2082,16.601562,25000000.000
43329,2083,17.089844,25000000.000
43330,2081,16.113281,25000000.000
43331,2080,15.625000,25000000.000
43332,2077,14.160156,25000000.000
43333,2074,12.695312,25000000.000
43334,2069,10.253906,25000000.000
43335,2069,10.253906,25000000.000
43336,2060,5.859375,25000000.000
43337,2054,2.929688,25000000.000
43338,2049,0.488281,25000000.000
43339,2048,0.000000,25000000.000
43340,2039,-4.394531,25000000.000
43341,2033,-7.324219,25000000.000
43342,2029,-9.277344,25000000.000
43343,2027,-10.253906,25000000.000
43344,2019,-14.160156,25000000.000
43345,2015,-16.113281,25000000.000
43346,2012,-17.578125,25000000.000
43347,2013,-17.089844,25000000.000
43348,2010,-18.554688,25000000.000
43349,2009,-19.042969,25000000.000
43350,2010,-18.554688,25000000.000
43351,2009,-19.042969,25000000.000
43352,2014,-16.601562,25000000.000
43353,2017,-15.136719,25000000.000
43354,2020,-13.671875,25000000.000
43355,2021,-13.183594,25000000.000
43356,2030,-8.789062,25000000.000
43357,2035,-6.347656,25000000.000
43358,2040,-3.906250,25000000.000
43359,2042,-2.929688,25000000.000
43360,2051,1.464844,25000000.000
43361,2060,5.859375,25000000.000
43362,2064,7.812500,25000000.000
43363,2064,7.812500,25000000.000
43364,2071,11.230469,25000000.000
43365,2076,13.671875,25000000.000
43366,2078,14.648438,25000000.000
43367,2079,15.136719,25000000.000
43368,2083,17.089844,25000000.000
43369,2083,17.089844,25000000.000
43370,2083,17.089844,25000000.000
43371,2082,16.601562,25000000.000
43372,2079,15.136719,25000000.000
43373,2077,14.160156,25000000.000
43374,2073,12.207031,25000000.000
43375,2072,11.718750,25000000.000
43376,2064,7.812500,25000000.000
43377,2060,5.859375,25000000.000
43378,2053,2.441406,25000000.000
43379,2053,2.441406,25000000.000
43380,2043,-2.441406,25000000.000
43381,2038,-4.882812,25000000.000
43382,2032,-7.812500,25000000.000
43383,2032,-7.812500,25000000.000
43384,2023,-12.207031,25000000.000
43385,2018,-14.648438,25000000.000
43386,2015,-16.113281,25000000.000
43387,2015,-16.113281,25000000.000
43388,2011,-18.066406,25000000.000
43389,2010,-18.554688,25000000.000
43390,2009,-19.042969,25000000.000
43391,2009,-19.042969,25000000.000
43392,2011,-18.066406,25000000.000
43393,2014,-16.601562,25000000.000
43394,2017,-15.136719,25000000.000
43395,2017,-15.136719,25000000.000
43396,2025,-11.230469,25000000.000
43397,2031,-8.300781,25000000.000
43398,2036,-5.859375,25000000.000
43399,2037,-5.371094,25000000.000
43400,2047,-0.488281,25000000.000
43401,2052,1.953125,25000000.000
43402,2058,4.882812,25000000.000
43403,2058,4.882812,25000000.000
43404,2068,9.765625,25000000.000
43405,2072,11.718750,25000000.000
43406,2075,13.183594,25000000.000
43407,2075,13.183594,25000000.000
43408,2080,15.625000,25000000.000
43409,2082,16.601562,25000000.000
43410,2084,17.578125,25000000.000
43411,2082,16.601562,25000000.000
43412,2081,16.113281,25000000.000
43413,2079,15.136719,25000000.000
43414,2076,13.671875,25000000.000
43415,2076,13.671875,25000000.000
43416,2068,9.765625,25000000.000
43417,2064,7.812500,25000000.000
43418,2059,5.371094,25000000.000
43419,2057,4.394531,25000000.000
43420,2048,0.000000,25000000.000
43421,2043,-2.441406,25000000.000
43422,2036,-5.859375,25000000.000
43423,2036,-5.859375,25000000.000
43424,2027,-10.253906,25000000.000
43425,2021,-13.183594,25000000.000
43426,2018,-14.648438,25000000.000
43427,2018,-14.648438,25000000.000
43428,2012,-17.578125,25000000.000
43429,2010,-18.554688,25000000.000
43430,2010,-18.554688,25000000.000
43431,2010,-18.554688,25000000.000
43432,2010,-18.554688,25000000.000
43433,2013,-17.089844,25000000.000
43434,2015,-16.113281,25000000.000
43435,2015,-16.113281,25000000.000
43436,2021,-13.183594,25000000.000
43437,2027,-10.253906,25000000.000
43438,2032,-7.812500,25000000.000
43439,2031,-8.300781,25000000.000
43440,2042,-2.929688,25000000.000
43441,2047,-0.488281,25000000.000
43442,2054,2.929688,25000000.000
43443,2054,2.929688,25000000.000
43444,2064,7.812500,25000000.000
43445,2069,10.253906,25000000.000
43446,2073,12.207031,25000000.000
43447,2072,11.718750,25000000.000
43448,2078,14.648438,25000000.000
43449,2081,16.113281,25000000.000
43450,2082,16.601562,25000000.000
43451,2081,16.113281,25000000.000
43452,2082,16.601562,25000000.000
43453,2080,15.625000,25000000.000
43454,2078,14.648438,25000000.000
43455,2077,14.160156,25000000.000
43456,2071,11.230469,25000000.000
43457,2067,9.277344,25000000.000
43458,2061,6.347656,25000000.000
43459,2061,6.347656,25000000.000
43460,2051,1.464844,25000000.000
43461,2045,-1.464844,25000000.000
43462,2040,-3.906250,25000000.000
43463,2040,-3.906250,25000000.000
43464,2030,-8.789062,25000000.000
43465,2025,-11.230469,25000000.000
43466,2021,-13.183594,25000000.000
43467,2019,-14.160156,25000000.000
43468,2013,-17.089844,25000000.000
43469,2011,-18.066406,25000000.000
43470,2010,-18.554688,25000000.000
43471,2009,-19.042969,25000000.000
43472,2009,-19.042969,25000000.000
43473,2008,-19.531250,25000000.000
43474,2012,-17.578125,25000000.000
43475,2012,-17.578125,25000000.000
43476,2018,-14.648438,25000000.000
43477,2022,-12.695312,25000000.000
43478,2026,-10.742188,25000000.000
43479,2027,-10.253906,25000000.000
43480,2037,-5.371094,25000000.000
43481,2042,-2.929688,25000000.000
43482,2048,0.000000,25000000.000
43483,2048,0.000000,25000000.000
43484,2059,5.371094,25000000.000
43485,2065,8.300781,25000000.000
43486,2068,9.765625,25000000.000
43487,2070,10.742188,25000000.000
43488,2076,13.671875,25000000.000
43489,2080,15.625000,25000000.000
43490,2081,16.113281,25000000.000
43491,2082,16.601562,25000000.000
43492,2082,16.601562,25000000.000
43493,2081,16.113281,25000000.000
43494,2081,16.113281,25000000.000
43495,2080,15.625000,25000000.000
43496,2074,12.695312,25000000.000
43497,2070,10.742188,25000000.000
43498,2065,8.300781,25000000.000
43499,2064,7.812500,25000000.000
43500,2057,4.394531,25000000.000
43501,2049,0.488281,25000000.000
43502,2045,-1.464844,25000000.000
43503,2044,-1.953125,25000000.000
43504,2034,-6.835938,25000000.000
43505,2029,-9.277344,25000000.000
43506,2024,-11.718750,25000000.000
43507,2023,-12.207031,25000000.000
43508,2018,-14.648438,25000000.000
43509,2013,-17.089844,25000000.000
43510,2010,-18.554688,25000000.000
43511,2010,-18.554688,25000000.000
43512,2009,-19.042969,25000000.000
43513,2009,-19.042969,25000000.000
43514,2010,-18.554688,25000000.000
43515,2010,-18.554688,25000000.000
43516,2016,-15.625000,25000000.000
43517,2019,-14.160156,25000000.000
43518,2023,-12.207031,25000000.000
43519,2023,-12.207031,25000000.000
43520,2032,-7.812500,25000000.000
43521,2038,-4.882812,25000000.000
43522,2044,-1.953125,25000000.000
43523,2044,-1.953125,25000000.000
43524,2055,3.417969,25000000.000
43525,2060,5.859375,25000000.000
43526,2065,8.300781,25000000.000
43527,2067,9.277344,25000000.000
43528,2074,12.695312,25000000.000
43529,2078,14.648438,25000000.000
43530,2081,16.113281,25000000.000
43531,2081,16.113281,25000000.000
43532,2083,17.089844,25000000.000
43533,2082,16.601562,25000000.000
43534,2081,16.113281,25000000.000
43535,2082,16.601562,25000000.000
43536,2077,14.160156,25000000.000
43537,2074,12.695312,25000000.000
43538,2071,11.230469,25000000.000
43539,2070,10.742188,25000000.000
43540,2060,5.859375,25000000.000
43541,2055,3.417969,25000000.000
43542,2050,0.976562,25000000.000
43543,2049,0.488281,25000000.000
43544,2039,-4.394531,25000000.000
43545,2033,-7.324219,25000000.000
43546,2028,-9.765625,25000000.000
43547,2027,-10.253906,25000000.000
43548,2019,-14.160156,25000000.000
43549,2015,-16.113281,25000000.000
43550,2014,-16.601562,25000000.000
43551,2013,-17.089844,25000000.000
43552,2010,-18.554688,25000000.000
43553,2010,-18.554688,25000000.000
43554,2010,-18.554688,25000000.000
43555,2010,-18.554688,25000000.000
43556,2013,-17.089844,25000000.000
43557,2016,-15.625000,25000000.000
43558,2020,-13.671875,25000000.000
43559,2020,-13.671875,25000000.000
43560,2029,-9.277344,25000000.000
43561,2034,-6.835938,25000000.000
43562,2039,-4.394531,25000000.000
43563,2040,-3.906250,25000000.000
43564,2052,1.953125,25000000.000
43565,2057,4.394531,25000000.000
43566,2061,6.347656,25000000.000
43567,2062,6.835938,25000000.000
43568,2072,11.718750,25000000.000
43569,2076,13.671875,25000000.000
43570,2077,14.160156,25000000.000
43571,2079,15.136719,25000000.000
43572,2082,16.601562,25000000.000
43573,2083,17.089844,25000000.000
43574,2082,16.601562,25000000.000
43575,2082,16.601562,25000000.000
43576,2079,15.136719,25000000.000
43577,2078,14.648438,25000000.000
43578,2073,12.207031,25000000.000
43579,2072,11.718750,25000000.000
43580,2065,8.300781,25000000.000
43581,2059,5.371094,25000000.000
43582,2055,3.417969,25000000.000
43583,2054,2.929688,25000000.000
43584,2044,-1.953125,25000000.000
43585,2038,-4.882812,25000000.000
43586,2032,-7.812500,25000000.000
43587,2032,-7.812500,25000000.000
43588,2022,-12.695312,25000000.000
43589,2018,-14.648438,25000000.000
43590,2016,-15.625000,25000000.000
43591,2015,-16.113281,25000000.000
43592,2011,-18.066406,25000000.000
43593,2010,-18.554688,25000000.000
43594,2010,-18.554688,25000000.000
43595,2010,-18.554688,25000000.000
43596,2011,-18.066406,25000000.000
43597,2014,-16.601562,25000000.000
43598,2017,-15.136719,25000000.000
43599,2018,-14.648438,25000000.000
43600,2026,-10.742188,25000000.000
43601,2030,-8.789062,25000000.000
43602,2035,-6.347656,25000000.000
43603,2036,-5.859375,25000000.000
43604,2046,-0.976562,25000000.000
43605,2051,1.464844,25000000.000
43606,2057,4.394531,25000000.000
43607,2057,4.394531,25000000.000
43608,2068,9.765625,25000000.000
43609,2071,11.230469,25000000.000
43610,2076,13.671875,25000000.000
43611,2077,14.160156,25000000.000
43612,2081,16.113281,25000000.000
43613,2082,16.601562,25000000.000
43614,2082,16.601562,25000000.000
43615,2084,17.578125,25000000.000
43616,2082,16.601562,25000000.000
43617,2080,15.625000,25000000.000
43618,2077,14.160156,25000000.000
43619,2076,13.671875,25000000.000
43620,2069,10.253906,25000000.000
43621,2065,8.300781,25000000.000
43622,2060,5.859375,25000000.000
43623,2060,5.859375,25000000.000
43624,2048,0.000000,25000000.000
43625,2044,-1.953125,25000000.000
43626,2038,-4.882812,25000000.000
43627,2038,-4.882812,25000000.000
43628,2028,-9.765625,25000000.000
43629,2022,-12.695312,25000000.000
43630,2018,-14.648438,25000000.000
43631,2018,-14.648438,25000000.000
43632,2013,-17.089844,25000000.000
43633,2012,-17.578125,25000000.000
43634,2009,-19.042969,25000000.000
43635,2008,-19.531250,25000000.000
43636,2011,-18.066406,25000000.000
43637,2012,-17.578125,25000000.000
43638,2014,-16.601562,25000000.000
43639,2013,-17.089844,25000000.000
43640,2021,-13.183594,25000000.000
43641,2024,-11.718750,25000000.000
43642,2030,-8.789062,25000000.000
43643,2030,-8.789062,25000000.000
43644,2042,-2.929688,25000000.000
43645,2045,-1.464844,25000000.000
43646,2051,1.464844,25000000.000
43647,2053,2.441406,25000000.000
43648,2062,6.835938,25000000.000
43649,2067,9.277344,25000000.000
43650,2072,11.718750,25000000.000
43651,2073,12.207031,25000000.000
43652,2078,14.648438,25000000.000
43653,2080,15.625000,25000000.000
43654,2082,16.601562,25000000.000
43655,2082,16.601562,25000000.000
43656,2082,16.601562,25000000.000
43657,2081,16.113281,25000000.000
43658,2075,13.183594,25000000.000
43659,2079,15.136719,25000000.000
43660,2075,13.183594,25000000.000
43661,2068,9.765625,25000000.000
43662,2063,7.324219,25000000.000
43663,2062,6.835938,25000000.000
43664,2053,2.441406,25000000.000
43665,2046,-0.976562,25000000.000
43666,2041,-3.417969,25000000.000
43667,2041,-3.417969,25000000.000
43668,2031,-8.300781,25000000.000
43669,2027,-10.253906,25000000.000
43670,2022,-12.695312,25000000.000
43671,2021,-13.183594,25000000.000
43672,2014,-16.601562,25000000.000
43673,2011,-18.066406,25000000.000
43674,2008,-19.531250,25000000.000
43675,2009,-19.042969,25000000.000
43676,2008,-19.531250,25000000.000
43677,2010,-18.554688,25000000.000
43678,2012,-17.578125,25000000.000
43679,2011,-18.066406,25000000.000
43680,2016,-15.625000,25000000.000
43681,2021,-13.183594,25000000.000
43682,2025,-11.230469,25000000.000
43683,2026,-10.742188,25000000.000
43684,2036,-5.859375,25000000.000
43685,2040,-3.906250,25000000.000
43686,2047,-0.488281,25000000.000
43687,2047,-0.488281,25000000.000
43688,2059,5.371094,25000000.000
43689,2063,7.324219,25000000.000
43690,2068,9.765625,25000000.000
43691,2068,9.765625,25000000.000
43692,2075,13.183594,25000000.000
43693,2080,15.625000,25000000.000
43694,2080,15.625000,25000000.000
43695,2081,16.113281,25000000.000
43696,2082,16.601562,25000000.000
43697,2082,16.601562,25000000.000
43698,2081,16.113281,25000000.000
43699,2080,15.625000,25000000.000
43700,2075,13.183594,25000000.000
43701,2071,11.230469,25000000.000
43702,2067,9.277344,25000000.000
43703,2066,8.789062,25000000.000
43704,2056,3.906250,25000000.000
43705,2052,1.953125,25000000.000
43706,2046,-0.976562,25000000.000
43707,2047,-0.488281,25000000.000
43708,2036,-5.859375,25000000.000
43709,2033,-7.324219,25000000.000
43710,2024,-11.718750,25000000.000
43711,2025,-11.230469,25000000.000
43712,2017,-15.136719,25000000.000
43713,2013,-17.089844,25000000.000
43714,2011,-18.066406,25000000.000
43715,2011,-18.066406,25000000.000
43716,2008,-19.531250,25000000.000
43717,2010,-18.554688,25000000.000
43718,2009,-19.042969,25000000.000
43719,2010,-18.554688,25000000.000
43720,2014,-16.601562,25000000.000
43721,2018,-14.648438,25000000.000
43722,2021,-13.183594,25000000.000
43723,2022,-12.695312,25000000.000
43724,2031,-8.300781,25000000.000
43725,2037,-5.371094,25000000.000
43726,2043,-2.441406,25000000.000
43727,2043,-2.441406,25000000.000
43728,2054,2.929688,25000000.000
43729,2059,5.371094,25000000.000
43730,2065,8.300781,25000000.000
43731,2065,8.300781,25000000.000
43732,2074,12.695312,25000000.000
43733,2077,14.160156,25000000.000
43734,2079,15.136719,25000000.000
43735,2081,16.113281,25000000.000
43736,2082,16.601562,25000000.000
43737,2083,17.089844,25000000.000
43738,2083,17.089844,25000000.000
43739,2083,17.089844,25000000.000
43740,2077,14.160156,25000000.000
43741,2074,12.695312,25000000.000
43742,2071,11.230469,25000000.000
43743,2071,11.230469,25000000.000
43744,2063,7.324219,25000000.000
43745,2058,4.882812,25000000.000
43746,2052,1.953125,25000000.000
43747,2051,1.464844,25000000.000
43748,2041,-3.417969,25000000.000
43749,2035,-6.347656,25000000.000
43750,2031,-8.300781,25000000.000
43751,2029,-9.277344,25000000.000
43752,2021,-13.183594,25000000.000
43753,2018,-14.648438,25000000.000
43754,2013,-17.089844,25000000.000
43755,2014,-16.601562,25000000.000
43756,2011,-18.066406,25000000.000
43757,2009,-19.042969,25000000.000
43758,2010,-18.554688,25000000.000
43759,2009,-19.042969,25000000.000
43760,2012,-17.578125,25000000.000
43761,2016,-15.625000,25000000.000
43762,2019,-14.160156,25000000.000
43763,2019,-14.160156,25000000.000
43764,2027,-10.253906,25000000.000
43765,2033,-7.324219,25000000.000
43766,2038,-4.882812,25000000.000
43767,2038,-4.882812,25000000.000
43768,2049,0.488281,25000000.000
43769,2054,2.929688,25000000.000
43770,2060,5.859375,25000000.000
43771,2061,6.347656,25000000.000
43772,2070,10.742188,25000000.000
43773,2074,12.695312,25000000.000
43774,2077,14.160156,25000000.000
43775,2077,14.160156,25000000.000
43776,2082,16.601562,25000000.000
43777,2082,16.601562,25000000.000
43778,2083,17.089844,25000000.000
43779,2082,16.601562,25000000.000
43780,2081,16.113281,25000000.000
43781,2078,14.648438,25000000.000
43782,2075,13.183594,25000000.000
43783,2075,13.183594,25000000.000
43784,2067,9.277344,25000000.000
43785,2062,6.835938,25000000.000
43786,2056,3.906250,25000000.000
43787,2056,3.906250,25000000.000
43788,2045,-1.464844,25000000.000
43789,2040,-3.906250,25000000.000
43790,2035,-6.347656,25000000.000
43791,2034,-6.835938,25000000.000
43792,2024,-11.718750,25000000.000
43793,2021,-13.183594,25000000.000
43794,2017,-15.136719,25000000.000
43795,2017,-15.136719,25000000.000
43796,2011,-18.066406,25000000.000
43797,2010,-18.554688,25000000.000
43798,2009,-19.042969,25000000.000
43799,2009,-19.042969,25000000.000
43800,2010,-18.554688,25000000.000
43801,2011,-18.066406,25000000.000
43802,2016,-15.625000,25000000.000
43803,2016,-15.625000,25000000.000
43804,2023,-12.207031,25000000.000
43805,2028,-9.765625,25000000.000
43806,2033,-7.324219,25000000.000
43807,2034,-6.835938,25000000.000
43808,2044,-1.953125,25000000.000
43809,2051,1.464844,25000000.000
43810,2056,3.906250,25000000.000
43811,2056,3.906250,25000000.000
43812,2066,8.789062,25000000.000
43813,2070,10.742188,25000000.000
43814,2075,13.183594,25000000.000
43815,2074,12.695312,25000000.000
43816,2079,15.136719,25000000.000
43817,2083,17.089844,25000000.000
43818,2083,17.089844,25000000.000
43819,2082,16.601562,25000000.000
43820,2082,16.601562,25000000.000
43821,2081,16.113281,25000000.000
43822,2077,14.160156,25000000.000
43823,2078,14.648438,25000000.000
43824,2070,10.742188,25000000.000
43825,2067,9.277344,25000000.000
43826,2061,6.347656,25000000.000
43827,2060,5.859375,25000000.000
43828,2050,0.976562,25000000.000
43829,2044,-1.953125,25000000.000
43830,2039,-4.394531,25000000.000
43831,2038,-4.882812,25000000.000
43832,2028,-9.765625,25000000.000
43833,2023,-12.207031,25000000.000
43834,2019,-14.160156,25000000.000
43835,2020,-13.671875,25000000.000
43836,2012,-17.578125,25000000.000
43837,2010,-18.554688,25000000.000
43838,2009,-19.042969,25000000.000
43839,2009,-19.042969,25000000.000
43840,2008,-19.531250,25000000.000
43841,2010,-18.554688,25000000.000
43842,2012,-17.578125,25000000.000
43843,2012,-17.578125,25000000.000
43844,2018,-14.648438,25000000.000
43845,2024,-11.718750,25000000.000
43846,2028,-9.765625,25000000.000
43847,2029,-9.277344,25000000.000
43848,2039,-4.394531,25000000.000
43849,2044,-1.953125,25000000.000
43850,2050,0.976562,25000000.000
43851,2051,1.464844,25000000.000
43852,2062,6.835938,25000000.000
43853,2066,8.789062,25000000.000
43854,2070,10.742188,25000000.000
43855,2071,11.230469,25000000.000
43856,2078,14.648438,25000000.000
43857,2081,16.113281,25000000.000
43858,2081,16.113281,25000000.000
43859,2083,17.089844,25000000.000
43860,2082,16.601562,25000000.000
43861,2080,15.625000,25000000.000
43862,2080,15.625000,25000000.000
43863,2079,15.136719,25000000.000
43864,2073,12.207031,25000000.000
43865,2068,9.765625,25000000.000
43866,2064,7.812500,25000000.000
43867,2064,7.812500,25000000.000
43868,2054,2.929688,25000000.000
43869,2047,-0.488281,25000000.000
43870,2043,-2.441406,25000000.000
43871,2043,-2.441406,25000000.000
43872,2031,-8.300781,25000000.000
43873,2026,-10.742188,25000000.000
43874,2022,-12.695312,25000000.000
43875,2022,-12.695312,25000000.000
43876,2015,-16.113281,25000000.000
43877,2011,-18.066406,25000000.000
43878,2010,-18.554688,25000000.000
43879,2009,-19.042969,25000000.000
43880,2008,-19.531250,25000000.000
43881,2008,-19.531250,25000000.000
43882,2011,-18.066406,25000000.000
43883,2011,-18.066406,25000000.000
43884,2016,-15.625000,25000000.000
43885,2020,-13.671875,25000000.000
43886,2024,-11.718750,25000000.000
43887,2024,-11.718750,25000000.000
43888,2034,-6.835938,25000000.000
43889,2039,-4.394531,25000000.000
43890,2045,-1.464844,25000000.000
43891,2046,-0.976562,25000000.000
43892,2058,4.882812,25000000.000
43893,2063,7.324219,25000000.000
43894,2067,9.277344,25000000.000
43895,2067,9.277344,25000000.000
43896,2075,13.183594,25000000.000
43897,2078,14.648438,25000000.000
43898,2081,16.113281,25000000.000
43899,2080,15.625000,25000000.000
43900,2083,17.089844,25000000.000
43901,2082,16.601562,25000000.000
43902,2081,16.113281,25000000.000
43903,2081,16.113281,25000000.000
43904,2076,13.671875,25000000.000
43905,2073,12.207031,25000000.000
43906,2069,10.253906,25000000.000
43907,2068,9.765625,25000000.000
43908,2058,4.882812,25000000.000
43909,2052,1.953125,25000000.000
43910,2047,-0.488281,25000000.000
43911,2047,-0.488281,25000000.000
43912,2037,-5.371094,25000000.000
43913,2032,-7.812500,25000000.000
43914,2026,-10.742188,25000000.000
43915,2026,-10.742188,25000000.000
43916,2017,-15.136719,25000000.000
43917,2015,-16.113281,25000000.000
43918,2013,-17.089844,25000000.000
43919,2012,-17.578125,25000000.000
43920,2009,-19.042969,25000000.000
43921,2009,-19.042969,25000000.000
43922,2009,-19.042969,25000000.000
43923,2010,-18.554688,25000000.000
43924,2013,-17.089844,25000000.000
43925,2017,-15.136719,25000000.000
43926,2021,-13.183594,25000000.000
43927,2022,-12.695312,25000000.000
43928,2029,-9.277344,25000000.000
43929,2035,-6.347656,25000000.000
43930,2041,-3.417969,25000000.000
43931,2042,-2.929688,25000000.000
43932,2053,2.441406,25000000.000
43933,2058,4.882812,25000000.000
43934,2062,6.835938,25000000.000
43935,2064,7.812500,25000000.000
43936,2073,12.207031,25000000.000
43937,2077,14.160156,25000000.000
43938,2079,15.136719,25000000.000
43939,2081,16.113281,25000000.000
43940,2082,16.601562,25000000.000
43941,2083,17.089844,25000000.000
43942,2084,17.578125,25000000.000
43943,2083,17.089844,25000000.000
43944,2080,15.625000,25000000.000
43945,2076,13.671875,25000000.000
43946,2072,11.718750,25000000.000
43947,2072,11.718750,25000000.000
43948,2063,7.324219,25000000.000
43949,2059,5.371094,25000000.000
43950,2054,2.929688,25000000.000
43951,2052,1.953125,25000000.000
43952,2042,-2.929688,25000000.000
43953,2036,-5.859375,25000000.000
43954,2031,-8.300781,25000000.000
43955,2031,-8.300781,25000000.000
43956,2022,-12.695312,25000000.000
43957,2018,-14.648438,25000000.000
43958,2014,-16.601562,25000000.000
43959,2014,-16.601562,25000000.000
43960,2010,-18.554688,25000000.000
43961,2009,-19.042969,25000000.000
43962,2009,-19.042969,25000000.000
43963,2009,-19.042969,25000000.000
43964,2011,-18.066406,25000000.000
43965,2013,-17.089844,25000000.000
43966,2019,-14.160156,25000000.000
43967,2018,-14.648438,25000000.000
43968,2027,-10.253906,25000000.000
43969,2031,-8.300781,25000000.000
43970,2036,-5.859375,25000000.000
43971,2036,-5.859375,25000000.000
43972,2047,-0.488281,25000000.000
43973,2053,2.441406,25000000.000
43974,2059,5.371094,25000000.000
43975,2059,5.371094,25000000.000
43976,2069,10.253906,25000000.000
43977,2073,12.207031,25000000.000
43978,2076,13.671875,25000000.000
43979,2076,13.671875,25000000.000
43980,2081,16.113281,25000000.000
43981,2083,17.089844,25000000.000
43982,2084,17.578125,25000000.000
43983,2083,17.089844,25000000.000
43984,2081,16.113281,25000000.000
43985,2078,14.648438,25000000.000
43986,2077,14.160156,25000000.000
43987,2076,13.671875,25000000.000
43988,2068,9.765625,25000000.000
43989,2063,7.324219,25000000.000
43990,2058,4.882812,25000000.000
43991,2058,4.882812,25000000.000
43992,2048,0.000000,25000000.000
43993,2042,-2.929688,25000000.000
43994,2036,-5.859375,25000000.000
43995,2036,-5.859375,25000000.000
43996,2025,-11.230469,25000000.000
43997,2021,-13.183594,25000000.000
43998,2018,-14.648438,25000000.000
43999,2017,-15.136719,25000000.000
44000,2012,-17.578125,25000000.000
44001,2009,-19.042969,25000000.000
44002,2008,-19.531250,25000000.000
44003,2009,-19.042969,25000000.000
44004,2010,-18.554688,25000000.000
44005,2011,-18.066406,25000000.000
44006,2020,-13.671875,25000000.000
44007,2010,-18.554688,25000000.000
44008,2019,-14.160156,25000000.000
44009,2025,-11.230469,25000000.000
44010,2033,-7.324219,25000000.000
44011,2032,-7.812500,25000000.000
44012,2044,-1.953125,25000000.000
44013,2049,0.488281,25000000.000
44014,2054,2.929688,25000000.000
44015,2056,3.906250,25000000.000
44016,2064,7.812500,25000000.000
44017,2069,10.253906,25000000.000
44018,2073,12.207031,25000000.000
44019,2074,12.695312,25000000.000
44020,2080,15.625000,25000000.000
44021,2081,16.113281,25000000.000
44022,2082,16.601562,25000000.000
44023,2083,17.089844,25000000.000
44024,2082,16.601562,25000000.000
44025,2080,15.625000,25000000.000
44026,2078,14.648438,25000000.000
44027,2077,14.160156,25000000.000
44028,2071,11.230469,25000000.000
44029,2067,9.277344,25000000.000
44030,2062,6.835938,25000000.000
44031,2061,6.347656,25000000.000
44032,2052,1.953125,25000000.000
44033,2045,-1.464844,25000000.000
44034,2040,-3.906250,25000000.000
44035,2040,-3.906250,25000000.000
44036,2028,-9.765625,25000000.000
44037,2025,-11.230469,25000000.000
44038,2020,-13.671875,25000000.000
44039,2021,-13.183594,25000000.000
44040,2014,-16.601562,25000000.000
44041,2011,-18.066406,25000000.000
44042,2012,-17.578125,25000000.000
44043,2011,-18.066406,25000000.000
44044,2009,-19.042969,25000000.000
44045,2011,-18.066406,25000000.000
44046,2013,-17.089844,25000000.000
44047,2011,-18.066406,25000000.000
44048,2015,-16.113281,25000000.000
44049,2021,-13.183594,25000000.000
44050,2026,-10.742188,25000000.000
44051,2025,-11.230469,25000000.000
44052,2036,-5.859375,25000000.000
44053,2041,-3.417969,25000000.000
44054,2048,0.000000,25000000.000
44055,2048,0.000000,25000000.000
44056,2058,4.882812,25000000.000
44057,2064,7.812500,25000000.000
44058,2069,10.253906,25000000.000
44059,2068,9.765625,25000000.000
44060,2078,14.648438,25000000.000
44061,2080,15.625000,25000000.000
44062,2083,17.089844,25000000.000
44063,2082,16.601562,25000000.000
44064,2083,17.089844,25000000.000
44065,2082,16.601562,25000000.000
44066,2081,16.113281,25000000.000
44067,2080,15.625000,25000000.000
44068,2075,13.183594,25000000.000
44069,2071,11.230469,25000000.000
44070,2067,9.277344,25000000.000
44071,2066,8.789062,25000000.000
44072,2057,4.394531,25000000.000
44073,2051,1.464844,25000000.000
44074,2045,-1.464844,25000000.000
44075,2043,-2.441406,25000000.000
44076,2033,-7.324219,25000000.000
44077,2028,-9.765625,25000000.000
44078,2023,-12.207031,25000000.000
44079,2023,-12.207031,25000000.000
44080,2016,-15.625000,25000000.000
44081,2012,-17.578125,25000000.000
44082,2011,-18.066406,25000000.000
44083,2009,-19.042969,25000000.000
44084,2009,-19.042969,25000000.000
44085,2009,-19.042969,25000000.000
44086,2010,-18.554688,25000000.000
44087,2009,-19.042969,25000000.000
44088,2015,-16.113281,25000000.000
44089,2018,-14.648438,25000000.000
44090,2022,-12.695312,25000000.000
44091,2023,-12.207031,25000000.000
44092,2032,-7.812500,25000000.000
44093,2038,-4.882812,25000000.000
44094,2043,-2.441406,25000000.000
44095,2045,-1.464844,25000000.000
44096,2056,3.906250,25000000.000
44097,2061,6.347656,25000000.000
44098,2065,8.300781,25000000.000
44099,2066,8.789062,25000000.000
44100,2074,12.695312,25000000.000
44101,2078,14.648438,25000000.000
44102,2080,15.625000,25000000.000
44103,2080,15.625000,25000000.000
44104,2082,16.601562,25000000.000
44105,2082,16.601562,25000000.000
44106,2081,16.113281,25000000.000
44107,2080,15.625000,25000000.000
44108,2077,14.160156,25000000.000
44109,2074,12.695312,25000000.000
44110,2070,10.742188,25000000.000
44111,2069,10.253906,25000000.000
44112,2061,6.347656,25000000.000
44113,2055,3.417969,25000000.000
44114,2050,0.976562,25000000.000
44115,2049,0.488281,25000000.000
44116,2039,-4.394531,25000000.000
44117,2033,-7.324219,25000000.000
44118,2027,-10.253906,25000000.000
44119,2028,-9.765625,25000000.000
44120,2020,-13.671875,25000000.000
44121,2016,-15.625000,25000000.000
44122,2013,-17.089844,25000000.000
44123,2013,-17.089844,25000000.000
44124,2009,-19.042969,25000000.000
44125,2009,-19.042969,25000000.000
44126,2010,-18.554688,25000000.000
44127,2010,-18.554688,25000000.000
44128,2013,-17.089844,25000000.000
44129,2015,-16.113281,25000000.000
44130,2020,-13.671875,25000000.000
44131,2020,-13.671875,25000000.000
44132,2029,-9.277344,25000000.000
44133,2034,-6.835938,25000000.000
44134,2040,-3.906250,25000000.000
44135,2040,-3.906250,25000000.000
44136,2050,0.976562,25000000.000
44137,2057,4.394531,25000000.000
44138,2062,6.835938,25000000.000
44139,2062,6.835938,25000000.000
44140,2073,12.207031,25000000.000
44141,2075,13.183594,25000000.000
44142,2079,15.136719,25000000.000
44143,2079,15.136719,25000000.000
44144,2083,17.089844,25000000.000
44145,2083,17.089844,25000000.000
44146,2083,17.089844,25000000.000
44147,2082,16.601562,25000000.000
44148,2080,15.625000,25000000.000
44149,2077,14.160156,25000000.000
44150,2074,12.695312,25000000.000
44151,2073,12.207031,25000000.000
44152,2065,8.300781,25000000.000
44153,2060,5.859375,25000000.000
44154,2056,3.906250,25000000.000
44155,2054,2.929688,25000000.000
44156,2043,-2.441406,25000000.000
44157,2038,-4.882812,25000000.000
44158,2033,-7.324219,25000000.000
44159,2033,-7.324219,25000000.000
44160,2022,-12.695312,25000000.000
44161,2018,-14.648438,25000000.000
44162,2016,-15.625000,25000000.000
44163,2014,-16.601562,25000000.000
44164,2011,-18.066406,25000000.000
44165,2009,-19.042969,25000000.000
44166,2009,-19.042969,25000000.000
44167,2009,-19.042969,25000000.000
44168,2011,-18.066406,25000000.000
44169,2013,-17.089844,25000000.000
44170,2016,-15.625000,25000000.000
44171,2017,-15.136719,25000000.000
44172,2025,-11.230469,25000000.000
44173,2030,-8.789062,25000000.000
44174,2034,-6.835938,25000000.000
44175,2034,-6.835938,25000000.000
44176,2045,-1.464844,25000000.000
44177,2051,1.464844,25000000.000
44178,2057,4.394531,25000000.000
44179,2058,4.882812,25000000.000
44180,2067,9.277344,25000000.000
44181,2071,11.230469,25000000.000
44182,2076,13.671875,25000000.000
44183,2077,14.160156,25000000.000
44184,2080,15.625000,25000000.000
44185,2082,16.601562,25000000.000
44186,2083,17.089844,25000000.000
44187,2083,17.089844,25000000.000
44188,2081,16.113281,25000000.000
44189,2079,15.136719,25000000.000
44190,2077,14.160156,25000000.000
44191,2076,13.671875,25000000.000
44192,2070,10.742188,25000000.000
44193,2064,7.812500,25000000.000
44194,2059,5.371094,25000000.000
44195,2058,4.882812,25000000.000
44196,2049,0.488281,25000000.000
44197,2043,-2.441406,25000000.000
44198,2038,-4.882812,25000000.000
44199,2037,-5.371094,25000000.000
44200,2026,-10.742188,25000000.000
44201,2021,-13.183594,25000000.000
44202,2018,-14.648438,25000000.000
44203,2018,-14.648438,25000000.000
44204,2012,-17.578125,25000000.000
44205,2009,-19.042969,25000000.000
44206,2009,-19.042969,25000000.000
44207,2008,-19.531250,25000000.000
44208,2009,-19.042969,25000000.000
44209,2011,-18.066406,25000000.000
44210,2014,-16.601562,25000000.000
44211,2014,-16.601562,25000000.000
44212,2020,-13.671875,25000000.000
44213,2025,-11.230469,25000000.000
44214,2030,-8.789062,25000000.000
44215,2030,-8.789062,25000000.000
44216,2040,-3.906250,25000000.000
44217,2048,0.000000,25000000.000
44218,2052,1.953125,25000000.000
44219,2053,2.441406,25000000.000
44220,2064,7.812500,25000000.000
44221,2067,9.277344,25000000.000
44222,2073,12.207031,25000000.000
44223,2072,11.718750,25000000.000
44224,2078,14.648438,25000000.000
44225,2081,16.113281,25000000.000
44226,2082,16.601562,25000000.000
44227,2081,16.113281,25000000.000
44228,2082,16.601562,25000000.000
44229,2080,15.625000,25000000.000
44230,2078,14.648438,25000000.000
44231,2077,14.160156,25000000.000
44232,2072,11.718750,25000000.000
44233,2068,9.765625,25000000.000
44234,2062,6.835938,25000000.000
44235,2062,6.835938,25000000.000
44236,2052,1.953125,25000000.000
44237,2047,-0.488281,25000000.000
44238,2041,-3.417969,25000000.000
44239,2040,-3.906250,25000000.000
44240,2030,-8.789062,25000000.000
44241,2025,-11.230469,25000000.000
44242,2021,-13.183594,25000000.000
44243,2020,-13.671875,25000000.000
44244,2014,-16.601562,25000000.000
44245,2011,-18.066406,25000000.000
44246,2010,-18.554688,25000000.000
44247,2009,-19.042969,25000000.000
44248,2008,-19.531250,25000000.000
44249,2009,-19.042969,25000000.000
44250,2012,-17.578125,25000000.000
44251,2012,-17.578125,25000000.000
44252,2018,-14.648438,25000000.000
44253,2020,-13.671875,25000000.000
44254,2026,-10.742188,25000000.000
44255,2026,-10.742188,25000000.000
44256,2035,-6.347656,25000000.000
44257,2041,-3.417969,25000000.000
44258,2047,-0.488281,25000000.000
44259,2047,-0.488281,25000000.000
44260,2059,5.371094,25000000.000
44261,2063,7.324219,25000000.000
44262,2069,10.253906,25000000.000
44263,2068,9.765625,25000000.000
44264,2076,13.671875,25000000.000
44265,2079,15.136719,25000000.000
44266,2081,16.113281,25000000.000
44267,2082,16.601562,25000000.000
44268,2083,17.089844,25000000.000
44269,2081,16.113281,25000000.000
44270,2080,15.625000,25000000.000
44271,2080,15.625000,25000000.000
44272,2075,13.183594,25000000.000
44273,2071,11.230469,25000000.000
44274,2067,9.277344,25000000.000
44275,2067,9.277344,25000000.000
44276,2057,4.394531,25000000.000
44277,2052,1.953125,25000000.000
44278,2046,-0.976562,25000000.000
44279,2045,-1.464844,25000000.000
44280,2035,-6.347656,25000000.000
44281,2029,-9.277344,25000000.000
44282,2025,-11.230469,25000000.000
44283,2024,-11.718750,25000000.000
44284,2017,-15.136719,25000000.000
44285,2013,-17.089844,25000000.000
44286,2011,-18.066406,25000000.000
44287,2010,-18.554688,25000000.000
44288,2008,-19.531250,25000000.000
44289,2009,-19.042969,25000000.000
44290,2010,-18.554688,25000000.000
44291,2010,-18.554688,25000000.000
44292,2013,-17.089844,25000000.000
44293,2017,-15.136719,25000000.000
44294,2021,-13.183594,25000000.000
44295,2021,-13.183594,25000000.000
44296,2031,-8.300781,25000000.000
44297,2037,-5.371094,25000000.000
44298,2042,-2.929688,25000000.000
44299,2043,-2.441406,25000000.000
44300,2054,2.929688,25000000.000
44301,2059,5.371094,25000000.000
44302,2064,7.812500,25000000.000
44303,2065,8.300781,25000000.000
44304,2074,12.695312,25000000.000
44305,2078,14.648438,25000000.000
44306,2080,15.625000,25000000.000
44307,2080,15.625000,25000000.000
44308,2082,16.601562,25000000.000
44309,2082,16.601562,25000000.000
44310,2083,17.089844,25000000.000
44311,2082,16.601562,25000000.000
44312,2079,15.136719,25000000.000
44313,2076,13.671875,25000000.000
44314,2071,11.230469,25000000.000
44315,2071,11.230469,25000000.000
44316,2062,6.835938,25000000.000
44317,2057,4.394531,25000000.000
44318,2051,1.464844,25000000.000
44319,2051,1.464844,25000000.000
44320,2040,-3.906250,25000000.000
44321,2035,-6.347656,25000000.000
44322,2030,-8.789062,25000000.000
44323,2029,-9.277344,25000000.000
44324,2020,-13.671875,25000000.000
44325,2017,-15.136719,25000000.000
44326,2014,-16.601562,25000000.000
44327,2013,-17.089844,25000000.000
44328,2010,-18.554688,25000000.000
44329,2009,-19.042969,25000000.000
44330,2009,-19.042969,25000000.000
44331,2009,-19.042969,25000000.000
44332,2012,-17.578125,25000000.000
44333,2015,-16.113281,25000000.000
44334,2018,-14.648438,25000000.000
44335,2018,-14.648438,25000000.000
44336,2027,-10.253906,25000000.000
44337,2033,-7.324219,25000000.000
44338,2037,-5.371094,25000000.000
44339,2037,-5.371094,25000000.000
44340,2049,0.488281,25000000.000
44341,2054,2.929688,25000000.000
44342,2060,5.859375,25000000.000
44343,2062,6.835938,25000000.000
44344,2070,10.742188,25000000.000
44345,2074,12.695312,25000000.000
44346,2077,14.160156,25000000.000
44347,2078,14.648438,25000000.000
44348,2082,16.601562,25000000.000
44349,2083,17.089844,25000000.000
44350,2083,17.089844,25000000.000
44351,2083,17.089844,25000000.000
44352,2081,16.113281,25000000.000
44353,2078,14.648438,25000000.000
44354,2073,12.207031,25000000.000
44355,2078,14.648438,25000000.000
44356,2070,10.742188,25000000.000
44357,2063,7.324219,25000000.000
44358,2056,3.906250,25000000.000
44359,2055,3.417969,25000000.000
44360,2046,-0.976562,25000000.000
44361,2040,-3.906250,25000000.000
44362,2035,-6.347656,25000000.000
44363,2034,-6.835938,25000000.000
44364,2023,-12.207031,25000000.000
44365,2020,-13.671875,25000000.000
44366,2016,-15.625000,25000000.000
44367,2016,-15.625000,25000000.000
44368,2011,-18.066406,25000000.000
44369,2010,-18.554688,25000000.000
44370,2010,-18.554688,25000000.000
44371,2009,-19.042969,25000000.000
44372,2011,-18.066406,25000000.000
44373,2014,-16.601562,25000000.000
44374,2014,-16.601562,25000000.000
44375,2017,-15.136719,25000000.000
44376,2024,-11.718750,25000000.000
44377,2028,-9.765625,25000000.000
44378,2035,-6.347656,25000000.000
44379,2034,-6.835938,25000000.000
44380,2045,-1.464844,25000000.000
44381,2050,0.976562,25000000.000
44382,2056,3.906250,25000000.000
44383,2057,4.394531,25000000.000
44384,2066,8.789062,25000000.000
44385,2071,11.230469,25000000.000
44386,2074,12.695312,25000000.000
44387,2075,13.183594,25000000.000
44388,2081,16.113281,25000000.000
44389,2082,16.601562,25000000.000
44390,2082,16.601562,25000000.000
44391,2082,16.601562,25000000.000
44392,2082,16.601562,25000000.000
44393,2080,15.625000,25000000.000
44394,2077,14.160156,25000000.000
44395,2077,14.160156,25000000.000
44396,2070,10.742188,25000000.000
44397,2065,8.300781,25000000.000
44398,2061,6.347656,25000000.000
44399,2060,5.859375,25000000.000
44400,2050,0.976562,25000000.000
44401,2045,-1.464844,25000000.000
44402,2039,-4.394531,25000000.000
44403,2038,-4.882812,25000000.000
44404,2027,-10.253906,25000000.000
44405,2024,-11.718750,25000000.000
44406,2016,-15.625000,25000000.000
44407,2021,-13.183594,25000000.000
44408,2012,-17.578125,25000000.000
44409,2011,-18.066406,25000000.000
44410,2010,-18.554688,25000000.000
44411,2010,-18.554688,25000000.000
44412,2010,-18.554688,25000000.000
44413,2010,-18.554688,25000000.000
44414,2012,-17.578125,25000000.000
44415,2013,-17.089844,25000000.000
44416,2020,-13.671875,25000000.000
44417,2024,-11.718750,25000000.000
44418,2029,-9.277344,25000000.000
44419,2029,-9.277344,25000000.000
44420,2039,-4.394531,25000000.000
44421,2045,-1.464844,25000000.000
44422,2050,0.976562,25000000.000
44423,2052,1.953125,25000000.000
44424,2061,6.347656,25000000.000
44425,2066,8.789062,25000000.000
44426,2069,10.253906,25000000.000
44427,2071,11.230469,25000000.000
44428,2078,14.648438,25000000.000
44429,2080,15.625000,25000000.000
44430,2081,16.113281,25000000.000
44431,2081,16.113281,25000000.000
44432,2082,16.601562,25000000.000
44433,2081,16.113281,25000000.000
44434,2079,15.136719,25000000.000
44435,2079,15.136719,25000000.000
44436,2073,12.207031,25000000.000
44437,2069,10.253906,25000000.000
44438,2064,7.812500,25000000.000
44439,2064,7.812500,25000000.000
44440,2054,2.929688,25000000.000
44441,2048,0.000000,25000000.000
44442,2043,-2.441406,25000000.000
44443,2042,-2.929688,25000000.000
44444,2031,-8.300781,25000000.000
44445,2026,-10.742188,25000000.000
44446,2022,-12.695312,25000000.000
44447,2022,-12.695312,25000000.000
44448,2015,-16.113281,25000000.000
44449,2011,-18.066406,25000000.000
44450,2010,-18.554688,25000000.000
44451,2010,-18.554688,25000000.000
44452,2009,-19.042969,25000000.000
44453,2009,-19.042969,25000000.000
44454,2009,-19.042969,25000000.000
44455,2011,-18.066406,25000000.000
44456,2016,-15.625000,25000000.000
44457,2020,-13.671875,25000000.000
44458,2024,-11.718750,25000000.000
44459,2024,-11.718750,25000000.000
44460,2035,-6.347656,25000000.000
44461,2040,-3.906250,25000000.000
44462,2047,-0.488281,25000000.000
44463,2046,-0.976562,25000000.000
44464,2056,3.906250,25000000.000
44465,2062,6.835938,25000000.000
44466,2067,9.277344,25000000.000
44467,2069,10.253906,25000000.000
44468,2077,14.160156,25000000.000
44469,2080,15.625000,25000000.000
44470,2080,15.625000,25000000.000
44471,2082,16.601562,25000000.000
44472,2082,16.601562,25000000.000
44473,2082,16.601562,25000000.000
44474,2080,15.625000,25000000.000
44475,2081,16.113281,25000000.000
44476,2077,14.160156,25000000.000
44477,2072,11.718750,25000000.000
44478,2067,9.277344,25000000.000
44479,2068,9.765625,25000000.000
44480,2057,4.394531,25000000.000
44481,2052,1.953125,25000000.000
44482,2047,-0.488281,25000000.000
44483,2047,-0.488281,25000000.000
44484,2036,-5.859375,25000000.000
44485,2030,-8.789062,25000000.000
44486,2026,-10.742188,25000000.000
44487,2025,-11.230469,25000000.000
44488,2017,-15.136719,25000000.000
44489,2014,-16.601562,25000000.000
44490,2011,-18.066406,25000000.000
44491,2012,-17.578125,25000000.000
44492,2008,-19.531250,25000000.000
44493,2008,-19.531250,25000000.000
44494,2010,-18.554688,25000000.000
44495,2010,-18.554688,25000000.000
44496,2014,-16.601562,25000000.000
44497,2017,-15.136719,25000000.000
44498,2020,-13.671875,25000000.000
44499,2021,-13.183594,25000000.000
44500,2031,-8.300781,25000000.000
44501,2036,-5.859375,25000000.000
44502,2042,-2.929688,25000000.000
44503,2041,-3.417969,25000000.000
44504,2052,1.953125,25000000.000
44505,2058,4.882812,25000000.000
44506,2062,6.835938,25000000.000
44507,2063,7.324219,25000000.000
44508,2072,11.718750,25000000.000
44509,2076,13.671875,25000000.000
44510,2079,15.136719,25000000.000
44511,2079,15.136719,25000000.000
44512,2082,16.601562,25000000.000
44513,2083,17.089844,25000000.000
44514,2082,16.601562,25000000.000
44515,2082,16.601562,25000000.000
44516,2079,15.136719,25000000.000
44517,2077,14.160156,25000000.000
44518,2072,11.718750,25000000.000
44519,2073,12.207031,25000000.000
44520,2064,7.812500,25000000.000
44521,2057,4.394531,25000000.000
44522,2053,2.441406,25000000.000
44523,2052,1.953125,25000000.000
44524,2041,-3.417969,25000000.000
44525,2036,-5.859375,25000000.000
44526,2031,-8.300781,25000000.000
44527,2030,-8.789062,25000000.000
44528,2022,-12.695312,25000000.000
44529,2018,-14.648438,25000000.000
44530,2014,-16.601562,25000000.000
44531,2014,-16.601562,25000000.000
44532,2010,-18.554688,25000000.000
44533,2010,-18.554688,25000000.000
44534,2009,-19.042969,25000000.000
44535,2010,-18.554688,25000000.000
44536,2012,-17.578125,25000000.000
44537,2014,-16.601562,25000000.000
44538,2018,-14.648438,25000000.000
44539,2018,-14.648438,25000000.000
44540,2027,-10.253906,25000000.000
44541,2031,-8.300781,25000000.000
44542,2036,-5.859375,25000000.000
44543,2038,-4.882812,25000000.000
44544,2049,0.488281,25000000.000
44545,2054,2.929688,25000000.000
44546,2059,5.371094,25000000.000
44547,2060,5.859375,25000000.000
44548,2070,10.742188,25000000.000
44549,2073,12.207031,25000000.000
44550,2077,14.160156,25000000.000
44551,2077,14.160156,25000000.000
44552,2082,16.601562,25000000.000
44553,2082,16.601562,25000000.000
44554,2083,17.089844,25000000.000
44555,2083,17.089844,25000000.000
44556,2081,16.113281,25000000.000
44557,2079,15.136719,25000000.000
44558,2075,13.183594,25000000.000
44559,2075,13.183594,25000000.000
44560,2068,9.765625,25000000.000
44561,2062,6.835938,25000000.000
44562,2057,4.394531,25000000.000
44563,2056,3.906250,25000000.000
44564,2046,-0.976562,25000000.000
44565,2041,-3.417969,25000000.000
44566,2035,-6.347656,25000000.000
44567,2034,-6.835938,25000000.000
44568,2024,-11.718750,25000000.000
44569,2021,-13.183594,25000000.000
44570,2017,-15.136719,25000000.000
44571,2017,-15.136719,25000000.000
44572,2011,-18.066406,25000000.000
44573,2010,-18.554688,25000000.000
44574,2008,-19.531250,25000000.000
44575,2009,-19.042969,25000000.000
44576,2010,-18.554688,25000000.000
44577,2012,-17.578125,25000000.000
44578,2015,-16.113281,25000000.000
44579,2016,-15.625000,25000000.000
44580,2022,-12.695312,25000000.000
44581,2027,-10.253906,25000000.000
44582,2032,-7.812500,25000000.000
44583,2033,-7.324219,25000000.000
44584,2044,-1.953125,25000000.000
44585,2049,0.488281,25000000.000
44586,2053,2.441406,25000000.000
44587,2055,3.417969,25000000.000
44588,2065,8.300781,25000000.000
44589,2070,10.742188,25000000.000
44590,2073,12.207031,25000000.000
44591,2075,13.183594,25000000.000
44592,2080,15.625000,25000000.000
44593,2082,16.601562,25000000.000
44594,2083,17.089844,25000000.000
44595,2083,17.089844,25000000.000
44596,2082,16.601562,25000000.000
44597,2080,15.625000,25000000.000
44598,2078,14.648438,25000000.000
44599,2078,14.648438,25000000.000
44600,2071,11.230469,25000000.000
44601,2066,8.789062,25000000.000
44602,2062,6.835938,25000000.000
44603,2061,6.347656,25000000.000
44604,2050,0.976562,25000000.000
44605,2045,-1.464844,25000000.000
44606,2039,-4.394531,25000000.000
44607,2039,-4.394531,25000000.000
44608,2029,-9.277344,25000000.000
44609,2024,-11.718750,25000000.000
44610,2020,-13.671875,25000000.000
44611,2021,-13.183594,25000000.000
44612,2013,-17.089844,25000000.000
44613,2010,-18.554688,25000000.000
44614,2010,-18.554688,25000000.000
44615,2009,-19.042969,25000000.000
44616,2008,-19.531250,25000000.000
44617,2010,-18.554688,25000000.000
44618,2012,-17.578125,25000000.000
44619,2012,-17.578125,25000000.000
44620,2018,-14.648438,25000000.000
44621,2023,-12.207031,25000000.000
44622,2028,-9.765625,25000000.000
44623,2029,-9.277344,25000000.000
44624,2038,-4.882812,25000000.000
44625,2043,-2.441406,25000000.000
44626,2049,0.488281,25000000.000
44627,2050,0.976562,25000000.000
44628,2061,6.347656,25000000.000
44629,2065,8.300781,25000000.000
44630,2070,10.742188,25000000.000
44631,2070,10.742188,25000000.000
44632,2078,14.648438,25000000.000
44633,2080,15.625000,25000000.000
44634,2080,15.625000,25000000.000
44635,2082,16.601562,25000000.000
44636,2081,16.113281,25000000.000
44637,2082,16.601562,25000000.000
44638,2079,15.136719,25000000.000
44639,2079,15.136719,25000000.000
44640,2074,12.695312,25000000.000
44641,2070,10.742188,25000000.000
44642,2065,8.300781,25000000.000
44643,2064,7.812500,25000000.000
44644,2055,3.417969,25000000.000
44645,2050,0.976562,25000000.000
44646,2044,-1.953125,25000000.000
44647,2043,-2.441406,25000000.000
44648,2033,-7.324219,25000000.000
44649,2027,-10.253906,25000000.000
44650,2023,-12.207031,25000000.000
44651,2023,-12.207031,25000000.000
44652,2015,-16.113281,25000000.000
44653,2012,-17.578125,25000000.000
44654,2010,-18.554688,25000000.000
44655,2010,-18.554688,25000000.000
44656,2008,-19.531250,25000000.000
44657,2008,-19.531250,25000000.000
44658,2010,-18.554688,25000000.000
44659,2010,-18.554688,25000000.000
44660,2015,-16.113281,25000000.000
44661,2018,-14.648438,25000000.000
44662,2023,-12.207031,25000000.000
44663,2023,-12.207031,25000000.000
44664,2032,-7.812500,25000000.000
44665,2039,-4.394531,25000000.000
44666,2044,-1.953125,25000000.000
44667,2044,-1.953125,25000000.000
44668,2056,3.906250,25000000.000
44669,2059,5.371094,25000000.000
44670,2066,8.789062,25000000.000
44671,2066,8.789062,25000000.000
44672,2074,12.695312,25000000.000
44673,2077,14.160156,25000000.000
44674,2080,15.625000,25000000.000
44675,2081,16.113281,25000000.000
44676,2082,16.601562,25000000.000
44677,2083,17.089844,25000000.000
44678,2082,16.601562,25000000.000
44679,2081,16.113281,25000000.000
44680,2077,14.160156,25000000.000
44681,2072,11.718750,25000000.000
44682,2069,10.253906,25000000.000
44683,2069,10.253906,25000000.000
44684,2060,5.859375,25000000.000
44685,2054,2.929688,25000000.000
44686,2048,0.000000,25000000.000
44687,2048,0.000000,25000000.000
44688,2038,-4.882812,25000000.000
44689,2033,-7.324219,25000000.000
44690,2027,-10.253906,25000000.000
44691,2027,-10.253906,25000000.000
44692,2018,-14.648438,25000000.000
44693,2015,-16.113281,25000000.000
44694,2012,-17.578125,25000000.000
44695,2013,-17.089844,25000000.000
44696,2009,-19.042969,25000000.000
44697,2008,-19.531250,25000000.000
44698,2010,-18.554688,25000000.000
44699,2010,-18.554688,25000000.000
44700,2014,-16.601562,25000000.000
44701,2016,-15.625000,25000000.000
44702,2022,-12.695312,25000000.000
44703,2021,-13.183594,25000000.000
44704,2033,-7.324219,25000000.000
44705,2035,-6.347656,25000000.000
44706,2041,-3.417969,25000000.000
44707,2043,-2.441406,25000000.000
44708,2051,1.464844,25000000.000
44709,2057,4.394531,25000000.000
44710,2062,6.835938,25000000.000
44711,2063,7.324219,25000000.000
44712,2072,11.718750,25000000.000
44713,2075,13.183594,25000000.000
44714,2079,15.136719,25000000.000
44715,2079,15.136719,25000000.000
44716,2083,17.089844,25000000.000
44717,2083,17.089844,25000000.000
44718,2082,16.601562,25000000.000
44719,2083,17.089844,25000000.000
44720,2080,15.625000,25000000.000
44721,2077,14.160156,25000000.000
44722,2073,12.207031,25000000.000
44723,2072,11.718750,25000000.000
44724,2064,7.812500,25000000.000
44725,2060,5.859375,25000000.000
44726,2054,2.929688,25000000.000
44727,2053,2.441406,25000000.000
44728,2043,-2.441406,25000000.000
44729,2038,-4.882812,25000000.000
44730,2033,-7.324219,25000000.000
44731,2032,-7.812500,25000000.000
44732,2023,-12.207031,25000000.000
44733,2019,-14.160156,25000000.000
44734,2015,-16.113281,25000000.000
44735,2015,-16.113281,25000000.000
44736,2010,-18.554688,25000000.000
44737,2010,-18.554688,25000000.000
44738,2010,-18.554688,25000000.000
44739,2009,-19.042969,25000000.000
44740,2010,-18.554688,25000000.000
44741,2013,-17.089844,25000000.000
44742,2016,-15.625000,25000000.000
44743,2016,-15.625000,25000000.000
44744,2024,-11.718750,25000000.000
44745,2030,-8.789062,25000000.000
44746,2035,-6.347656,25000000.000
44747,2036,-5.859375,25000000.000
44748,2046,-0.976562,25000000.000
44749,2052,1.953125,25000000.000
44750,2059,5.371094,25000000.000
44751,2059,5.371094,25000000.000
44752,2068,9.765625,25000000.000
44753,2073,12.207031,25000000.000
44754,2074,12.695312,25000000.000
44755,2077,14.160156,25000000.000
44756,2083,17.089844,25000000.000
44757,2084,17.578125,25000000.000
44758,2083,17.089844,25000000.000
44759,2083,17.089844,25000000.000
44760,2082,16.601562,25000000.000
44761,2079,15.136719,25000000.000
44762,2076,13.671875,25000000.000
44763,2077,14.160156,25000000.000
44764,2068,9.765625,25000000.000
44765,2063,7.324219,25000000.000
44766,2059,5.371094,25000000.000
44767,2057,4.394531,25000000.000
44768,2047,-0.488281,25000000.000
44769,2043,-2.441406,25000000.000
44770,2036,-5.859375,25000000.000
44771,2036,-5.859375,25000000.000
44772,2027,-10.253906,25000000.000
44773,2022,-12.695312,25000000.000
44774,2018,-14.648438,25000000.000
44775,2018,-14.648438,25000000.000
44776,2013,-17.089844,25000000.000
44777,2011,-18.066406,25000000.000
44778,2009,-19.042969,25000000.000
44779,2010,-18.554688,25000000.000
44780,2011,-18.066406,25000000.000
44781,2013,-17.089844,25000000.000
44782,2014,-16.601562,25000000.000
44783,2015,-16.113281,25000000.000
44784,2022,-12.695312,25000000.000
44785,2026,-10.742188,25000000.000
44786,2030,-8.789062,25000000.000
44787,2031,-8.300781,25000000.000
44788,2044,-1.953125,25000000.000
44789,2048,0.000000,25000000.000
44790,2053,2.441406,25000000.000
44791,2053,2.441406,25000000.000
44792,2064,7.812500,25000000.000
44793,2068,9.765625,25000000.000
44794,2074,12.695312,25000000.000
44795,2072,11.718750,25000000.000
44796,2079,15.136719,25000000.000
44797,2081,16.113281,25000000.000
44798,2082,16.601562,25000000.000
44799,2082,16.601562,25000000.000
44800,2082,16.601562,25000000.000
44801,2081,16.113281,25000000.000
44802,2079,15.136719,25000000.000
44803,2079,15.136719,25000000.000
44804,2072,11.718750,25000000.000
44805,2067,9.277344,25000000.000
44806,2063,7.324219,25000000.000
44807,2063,7.324219,25000000.000
44808,2052,1.953125,25000000.000
44809,2047,-0.488281,25000000.000
44810,2042,-2.929688,25000000.000
44811,2041,-3.417969,25000000.000
44812,2031,-8.300781,25000000.000
44813,2026,-10.742188,25000000.000
44814,2020,-13.671875,25000000.000
44815,2021,-13.183594,25000000.000
44816,2013,-17.089844,25000000.000
44817,2011,-18.066406,25000000.000
44818,2008,-19.531250,25000000.000
44819,2008,-19.531250,25000000.000
44820,2007,-20.019531,25000000.000
44821,2009,-19.042969,25000000.000
44822,2011,-18.066406,25000000.000
44823,2010,-18.554688,25000000.000
44824,2017,-15.136719,25000000.000
44825,2021,-13.183594,25000000.000
44826,2026,-10.742188,25000000.000
44827,2026,-10.742188,25000000.000
44828,2035,-6.347656,25000000.000
44829,2042,-2.929688,25000000.000
44830,2048,0.000000,25000000.000
44831,2048,0.000000,25000000.000
44832,2059,5.371094,25000000.000
44833,2064,7.812500,25000000.000
44834,2068,9.765625,25000000.000
44835,2070,10.742188,25000000.000
44836,2076,13.671875,25000000.000
44837,2080,15.625000,25000000.000
44838,2082,16.601562,25000000.000
44839,2081,16.113281,25000000.000
44840,2082,16.601562,25000000.000
44841,2082,16.601562,25000000.000
44842,2081,16.113281,25000000.000
44843,2080,15.625000,25000000.000
44844,2075,13.183594,25000000.000
44845,2071,11.230469,25000000.000
44846,2067,9.277344,25000000.000
44847,2065,8.300781,25000000.000
44848,2056,3.906250,25000000.000
44849,2050,0.976562,25000000.000
44850,2044,-1.953125,25000000.000
44851,2044,-1.953125,25000000.000
44852,2034,-6.835938,25000000.000
44853,2029,-9.277344,25000000.000
44854,2023,-12.207031,25000000.000
44855,2024,-11.718750,25000000.000
44856,2016,-15.625000,25000000.000
44857,2013,-17.089844,25000000.000
44858,2010,-18.554688,25000000.000
44859,2009,-19.042969,25000000.000
44860,2008,-19.531250,25000000.000
44861,2008,-19.531250,25000000.000
44862,2010,-18.554688,25000000.000
44863,2010,-18.554688,25000000.000
44864,2015,-16.113281,25000000.000
44865,2019,-14.160156,25000000.000
44866,2022,-12.695312,25000000.000
44867,2023,-12.207031,25000000.000
44868,2032,-7.812500,25000000.000
44869,2037,-5.371094,25000000.000
44870,2044,-1.953125,25000000.000
44871,2043,-2.441406,25000000.000
44872,2055,3.417969,25000000.000
44873,2060,5.859375,25000000.000
44874,2065,8.300781,25000000.000
44875,2065,8.300781,25000000.000
44876,2074,12.695312,25000000.000
44877,2078,14.648438,25000000.000
44878,2080,15.625000,25000000.000
44879,2079,15.136719,25000000.000
44880,2082,16.601562,25000000.000
44881,2083,17.089844,25000000.000
44882,2081,16.113281,25000000.000
44883,2081,16.113281,25000000.000
44884,2078,14.648438,25000000.000
44885,2073,12.207031,25000000.000
44886,2070,10.742188,25000000.000
44887,2070,10.742188,25000000.000
44888,2059,5.371094,25000000.000
44889,2055,3.417969,25000000.000
44890,2050,0.976562,25000000.000
44891,2050,0.976562,25000000.000
44892,2038,-4.882812,25000000.000
44893,2034,-6.835938,25000000.000
44894,2029,-9.277344,25000000.000
44895,2028,-9.765625,25000000.000
44896,2019,-14.160156,25000000.000
44897,2017,-15.136719,25000000.000
44898,2013,-17.089844,25000000.000
44899,2012,-17.578125,25000000.000
44900,2009,-19.042969,25000000.000
44901,2008,-19.531250,25000000.000
44902,2010,-18.554688,25000000.000
44903,2009,-19.042969,25000000.000
44904,2012,-17.578125,25000000.000
44905,2016,-15.625000,25000000.000
44906,2018,-14.648438,25000000.000
44907,2020,-13.671875,25000000.000
44908,2029,-9.277344,25000000.000
44909,2032,-7.812500,25000000.000
44910,2039,-4.394531,25000000.000
44911,2039,-4.394531,25000000.000
44912,2049,0.488281,25000000.000
44913,2055,3.417969,25000000.000
44914,2062,6.835938,25000000.000
44915,2061,6.347656,25000000.000
44916,2070,10.742188,25000000.000
44917,2075,13.183594,25000000.000
44918,2078,14.648438,25000000.000
44919,2078,14.648438,25000000.000
44920,2082,16.601562,25000000.000
44921,2083,17.089844,25000000.000
44922,2083,17.089844,25000000.000
44923,2083,17.089844,25000000.000
44924,2079,15.136719,25000000.000
44925,2078,14.648438,25000000.000
44926,2074,12.695312,25000000.000
44927,2075,13.183594,25000000.000
44928,2066,8.789062,25000000.000
44929,2061,6.347656,25000000.000
44930,2055,3.417969,25000000.000
44931,2054,2.929688,25000000.000
44932,2044,-1.953125,25000000.000
44933,2039,-4.394531,25000000.000
44934,2032,-7.812500,25000000.000
44935,2033,-7.324219,25000000.000
44936,2023,-12.207031,25000000.000
44937,2019,-14.160156,25000000.000
44938,2016,-15.625000,25000000.000
44939,2016,-15.625000,25000000.000
44940,2011,-18.066406,25000000.000
44941,2008,-19.531250,25000000.000
44942,2008,-19.531250,25000000.000
44943,2009,-19.042969,25000000.000
44944,2011,-18.066406,25000000.000
44945,2013,-17.089844,25000000.000
44946,2016,-15.625000,25000000.000
44947,2016,-15.625000,25000000.000
44948,2024,-11.718750,25000000.000
44949,2028,-9.765625,25000000.000
44950,2034,-6.835938,25000000.000
44951,2034,-6.835938,25000000.000
44952,2045,-1.464844,25000000.000
44953,2051,1.464844,25000000.000
44954,2057,4.394531,25000000.000
44955,2057,4.394531,25000000.000
44956,2066,8.789062,25000000.000
44957,2071,11.230469,25000000.000
44958,2076,13.671875,25000000.000
44959,2075,13.183594,25000000.000
44960,2080,15.625000,25000000.000
44961,2083,17.089844,25000000.000
44962,2083,17.089844,25000000.000
44963,2083,17.089844,25000000.000
44964,2081,16.113281,25000000.000
44965,2080,15.625000,25000000.000
44966,2076,13.671875,25000000.000
44967,2077,14.160156,25000000.000
44968,2069,10.253906,25000000.000
44969,2065,8.300781,25000000.000
44970,2060,5.859375,25000000.000
44971,2059,5.371094,25000000.000
44972,2049,0.488281,25000000.000
44973,2043,-2.441406,25000000.000
44974,2038,-4.882812,25000000.000
44975,2037,-5.371094,25000000.000
44976,2028,-9.765625,25000000.000
44977,2023,-12.207031,25000000.000
44978,2019,-14.160156,25000000.000
44979,2018,-14.648438,25000000.000
44980,2012,-17.578125,25000000.000
44981,2010,-18.554688,25000000.000
44982,2010,-18.554688,25000000.000
44983,2009,-19.042969,25000000.000
44984,2010,-18.554688,25000000.000
44985,2012,-17.578125,25000000.000
44986,2013,-17.089844,25000000.000
44987,2014,-16.601562,25000000.000
44988,2020,-13.671875,25000000.000
44989,2024,-11.718750,25000000.000
44990,2029,-9.277344,25000000.000
44991,2029,-9.277344,25000000.000
44992,2041,-3.417969,25000000.000
44993,2045,-1.464844,25000000.000
44994,2051,1.464844,25000000.000
44995,2052,1.953125,25000000.000
44996,2064,7.812500,25000000.000
44997,2067,9.277344,25000000.000
44998,2072,11.718750,25000000.000
44999,2072,11.718750,25000000.000
45000,2078,14.648438,25000000.000
45001,2080,15.625000,25000000.000
45002,2082,16.601562,25000000.000
45003,2083,17.089844,25000000.000
45004,2082,16.601562,25000000.000
45005,2080,15.625000,25000000.000
45006,2079,15.136719,25000000.000
45007,2079,15.136719,25000000.000
45008,2073,12.207031,25000000.000
45009,2068,9.765625,25000000.000
45010,2063,7.324219,25000000.000
45011,2063,7.324219,25000000.000
45012,2052,1.953125,25000000.000
45013,2047,-0.488281,25000000.000
45014,2042,-2.929688,25000000.000
45015,2042,-2.929688,25000000.000
45016,2031,-8.300781,25000000.000
45017,2027,-10.253906,25000000.000
45018,2022,-12.695312,25000000.000
45019,2021,-13.183594,25000000.000
45020,2015,-16.113281,25000000.000
45021,2012,-17.578125,25000000.000
45022,2010,-18.554688,25000000.000
45023,2009,-19.042969,25000000.000
45024,2010,-18.554688,25000000.000
45025,2009,-19.042969,25000000.000
45026,2010,-18.554688,25000000.000
45027,2011,-18.066406,25000000.000
45028,2017,-15.136719,25000000.000
45029,2020,-13.671875,25000000.000
45030,2025,-11.230469,25000000.000
45031,2026,-10.742188,25000000.000
45032,2036,-5.859375,25000000.000
45033,2041,-3.417969,25000000.000
45034,2046,-0.976562,25000000.000
45035,2047,-0.488281,25000000.000
45036,2057,4.394531,25000000.000
45037,2063,7.324219,25000000.000
45038,2068,9.765625,25000000.000
45039,2068,9.765625,25000000.000
45040,2075,13.183594,25000000.000
45041,2078,14.648438,25000000.000
45042,2081,16.113281,25000000.000
45043,2081,16.113281,25000000.000
45044,2083,17.089844,25000000.000
45045,2082,16.601562,25000000.000
45046,2080,15.625000,25000000.000
45047,2080,15.625000,25000000.000
45048,2075,13.183594,25000000.000
45049,2071,11.230469,25000000.000
45050,2068,9.765625,25000000.000
45051,2067,9.277344,25000000.000
45052,2055,3.417969,25000000.000
45053,2050,0.976562,25000000.000
45054,2049,0.488281,25000000.000
45055,2046,-0.976562,25000000.000
45056,2034,-6.835938,25000000.000
45057,2031,-8.300781,25000000.000
45058,2026,-10.742188,25000000.000
45059,2025,-11.230469,25000000.000
45060,2017,-15.136719,25000000.000
45061,2013,-17.089844,25000000.000
45062,2011,-18.066406,25000000.000
45063,2012,-17.578125,25000000.000
45064,2007,-20.019531,25000000.000
45065,2009,-19.042969,25000000.000
45066,2010,-18.554688,25000000.000
45067,2010,-18.554688,25000000.000
45068,2013,-17.089844,25000000.000
45069,2016,-15.625000,25000000.000
45070,2021,-13.183594,25000000.000
45071,2021,-13.183594,25000000.000
45072,2032,-7.812500,25000000.000
45073,2036,-5.859375,25000000.000
45074,2042,-2.929688,25000000.000
45075,2042,-2.929688,25000000.000
45076,2053,2.441406,25000000.000
45077,2060,5.859375,25000000.000
45078,2065,8.300781,25000000.000
45079,2064,7.812500,25000000.000
45080,2073,12.207031,25000000.000
45081,2077,14.160156,25000000.000
45082,2080,15.625000,25000000.000
45083,2081,16.113281,25000000.000
45084,2082,16.601562,25000000.000
45085,2084,17.578125,25000000.000
45086,2082,16.601562,25000000.000
45087,2082,16.601562,25000000.000
45088,2079,15.136719,25000000.000
45089,2076,13.671875,25000000.000
45090,2071,11.230469,25000000.000
45091,2071,11.230469,25000000.000
45092,2063,7.324219,25000000.000
45093,2056,3.906250,25000000.000
45094,2052,1.953125,25000000.000
45095,2052,1.953125,25000000.000
45096,2040,-3.906250,25000000.000
45097,2035,-6.347656,25000000.000
45098,2029,-9.277344,25000000.000
45099,2028,-9.765625,25000000.000
45100,2019,-14.160156,25000000.000
45101,2018,-14.648438,25000000.000
45102,2012,-17.578125,25000000.000
45103,2011,-18.066406,25000000.000
45104,2010,-18.554688,25000000.000
45105,2009,-19.042969,25000000.000
45106,2009,-19.042969,25000000.000
45107,2009,-19.042969,25000000.000
45108,2012,-17.578125,25000000.000
45109,2015,-16.113281,25000000.000
45110,2019,-14.160156,25000000.000
45111,2019,-14.160156,25000000.000
45112,2027,-10.253906,25000000.000
45113,2033,-7.324219,25000000.000
45114,2038,-4.882812,25000000.000
45115,2038,-4.882812,25000000.000
45116,2049,0.488281,25000000.000
45117,2054,2.929688,25000000.000
45118,2060,5.859375,25000000.000
45119,2061,6.347656,25000000.000
45120,2070,10.742188,25000000.000
45121,2075,13.183594,25000000.000
45122,2078,14.648438,25000000.000
45123,2078,14.648438,25000000.000
45124,2082,16.601562,25000000.000
45125,2083,17.089844,25000000.000
45126,2082,16.601562,25000000.000
45127,2082,16.601562,25000000.000
45128,2082,16.601562,25000000.000
45129,2078,14.648438,25000000.000
45130,2075,13.183594,25000000.000
45131,2074,12.695312,25000000.000
45132,2066,8.789062,25000000.000
45133,2062,6.835938,25000000.000
45134,2056,3.906250,25000000.000
45135,2056,3.906250,25000000.000
45136,2046,-0.976562,25000000.000
45137,2041,-3.417969,25000000.000
45138,2035,-6.347656,25000000.000
45139,2035,-6.347656,25000000.000
45140,2026,-10.742188,25000000.000
45141,2020,-13.671875,25000000.000
45142,2017,-15.136719,25000000.000
45143,2017,-15.136719,25000000.000
45144,2011,-18.066406,25000000.000
45145,2010,-18.554688,25000000.000
45146,2008,-19.531250,25000000.000
45147,2009,-19.042969,25000000.000
45148,2011,-18.066406,25000000.000
45149,2013,-17.089844,25000000.000
45150,2015,-16.113281,25000000.000
45151,2015,-16.113281,25000000.000
45152,2023,-12.207031,25000000.000
45153,2028,-9.765625,25000000.000
45154,2033,-7.324219,25000000.000
45155,2034,-6.835938,25000000.000
45156,2042,-2.929688,25000000.000
45157,2050,0.976562,25000000.000
45158,2056,3.906250,25000000.000
45159,2055,3.417969,25000000.000
45160,2066,8.789062,25000000.000
45161,2070,10.742188,25000000.000
45162,2075,13.183594,25000000.000
45163,2076,13.671875,25000000.000
45164,2080,15.625000,25000000.000
45165,2083,17.089844,25000000.000
45166,2082,16.601562,25000000.000
45167,2083,17.089844,25000000.000
45168,2083,17.089844,25000000.000
45169,2080,15.625000,25000000.000
45170,2078,14.648438,25000000.000
45171,2078,14.648438,25000000.000
45172,2071,11.230469,25000000.000
45173,2066,8.789062,25000000.000
45174,2062,6.835938,25000000.000
45175,2060,5.859375,25000000.000
45176,2050,0.976562,25000000.000
45177,2045,-1.464844,25000000.000
45178,2040,-3.906250,25000000.000
45179,2039,-4.394531,25000000.000
45180,2029,-9.277344,25000000.000
45181,2024,-11.718750,25000000.000
45182,2019,-14.160156,25000000.000
45183,2019,-14.160156,25000000.000
45184,2013,-17.089844,25000000.000
45185,2011,-18.066406,25000000.000
45186,2009,-19.042969,25000000.000
45187,2008,-19.531250,25000000.000
45188,2009,-19.042969,25000000.000
45189,2010,-18.554688,25000000.000
45190,2012,-17.578125,25000000.000
45191,2013,-17.089844,25000000.000
45192,2019,-14.160156,25000000.000
45193,2024,-11.718750,25000000.000
45194,2028,-9.765625,25000000.000
45195,2029,-9.277344,25000000.000
45196,2039,-4.394531,25000000.000
45197,2045,-1.464844,25000000.000
45198,2050,0.976562,25000000.000
45199,2051,1.464844,25000000.000
45200,2061,6.347656,25000000.000
45201,2067,9.277344,25000000.000
45202,2071,11.230469,25000000.000
45203,2071,11.230469,25000000.000
45204,2078,14.648438,25000000.000
45205,2080,15.625000,25000000.000
45206,2082,16.601562,25000000.000
45207,2082,16.601562,25000000.000
45208,2082,16.601562,25000000.000
45209,2081,16.113281,25000000.000
45210,2080,15.625000,25000000.000
45211,2079,15.136719,25000000.000
45212,2073,12.207031,25000000.000
45213,2070,10.742188,25000000.000
45214,2065,8.300781,25000000.000
45215,2064,7.812500,25000000.000
45216,2054,2.929688,25000000.000
45217,2049,0.488281,25000000.000
45218,2043,-2.441406,25000000.000
45219,2043,-2.441406,25000000.000
45220,2032,-7.812500,25000000.000
45221,2027,-10.253906,25000000.000
45222,2022,-12.695312,25000000.000
45223,2022,-12.695312,25000000.000
45224,2015,-16.113281,25000000.000
45225,2012,-17.578125,25000000.000
45226,2010,-18.554688,25000000.000
45227,2010,-18.554688,25000000.000
45228,2008,-19.531250,25000000.000
45229,2009,-19.042969,25000000.000
45230,2010,-18.554688,25000000.000
45231,2011,-18.066406,25000000.000
45232,2015,-16.113281,25000000.000
45233,2019,-14.160156,25000000.000
45234,2023,-12.207031,25000000.000
45235,2023,-12.207031,25000000.000
45236,2033,-7.324219,25000000.000
45237,2039,-4.394531,25000000.000
45238,2045,-1.464844,25000000.000
45239,2046,-0.976562,25000000.000
45240,2057,4.394531,25000000.000
45241,2061,6.347656,25000000.000
45242,2066,8.789062,25000000.000
45243,2068,9.765625,25000000.000
45244,2075,13.183594,25000000.000
45245,2078,14.648438,25000000.000
45246,2081,16.113281,25000000.000
45247,2080,15.625000,25000000.000
45248,2083,17.089844,25000000.000
45249,2082,16.601562,25000000.000
45250,2081,16.113281,25000000.000
45251,2080,15.625000,25000000.000
45252,2077,14.160156,25000000.000
45253,2077,14.160156,25000000.000
45254,2073,12.207031,25000000.000
45255,2070,10.742188,25000000.000
45256,2059,5.371094,25000000.000
45257,2054,2.929688,25000000.000
45258,2050,0.976562,25000000.000
45259,2049,0.488281,25000000.000
45260,2035,-6.347656,25000000.000
45261,2030,-8.789062,25000000.000
45262,2026,-10.742188,25000000.000
45263,2025,-11.230469,25000000.000
45264,2015,-16.113281,25000000.000
45265,2012,-17.578125,25000000.000
45266,2011,-18.066406,25000000.000
45267,2010,-18.554688,25000000.000
45268,2008,-19.531250,25000000.000
45269,2008,-19.531250,25000000.000
45270,2009,-19.042969,25000000.000
45271,2009,-19.042969,25000000.000
45272,2013,-17.089844,25000000.000
45273,2017,-15.136719,25000000.000
45274,2020,-13.671875,25000000.000
45275,2021,-13.183594,25000000.000
45276,2030,-8.789062,25000000.000
45277,2035,-6.347656,25000000.000
45278,2041,-3.417969,25000000.000
45279,2041,-3.417969,25000000.000
45280,2053,2.441406,25000000.000
45281,2058,4.882812,25000000.000
45282,2063,7.324219,25000000.000
45283,2064,7.812500,25000000.000
45284,2073,12.207031,25000000.000
45285,2076,13.671875,25000000.000
45286,2079,15.136719,25000000.000
45287,2079,15.136719,25000000.000
45288,2082,16.601562,25000000.000
45289,2083,17.089844,25000000.000
45290,2083,17.089844,25000000.000
45291,2083,17.089844,25000000.000
45292,2080,15.625000,25000000.000
45293,2077,14.160156,25000000.000
45294,2074,12.695312,25000000.000
45295,2072,11.718750,25000000.000
45296,2063,7.324219,25000000.000
45297,2058,4.882812,25000000.000
45298,2054,2.929688,25000000.000
45299,2053,2.441406,25000000.000
45300,2042,-2.929688,25000000.000
45301,2038,-4.882812,25000000.000
45302,2031,-8.300781,25000000.000
45303,2031,-8.300781,25000000.000
45304,2022,-12.695312,25000000.000
45305,2018,-14.648438,25000000.000
45306,2016,-15.625000,25000000.000
45307,2014,-16.601562,25000000.000
45308,2010,-18.554688,25000000.000
45309,2009,-19.042969,25000000.000
45310,2009,-19.042969,25000000.000
45311,2010,-18.554688,25000000.000
45312,2012,-17.578125,25000000.000
45313,2013,-17.089844,25000000.000
45314,2018,-14.648438,25000000.000
45315,2018,-14.648438,25000000.000
45316,2025,-11.230469,25000000.000
45317,2030,-8.789062,25000000.000
45318,2035,-6.347656,25000000.000
45319,2037,-5.371094,25000000.000
45320,2048,0.000000,25000000.000
45321,2053,2.441406,25000000.000
45322,2059,5.371094,25000000.000
45323,2059,5.371094,25000000.000
45324,2069,10.253906,25000000.000
45325,2073,12.207031,25000000.000
45326,2076,13.671875,25000000.000
45327,2078,14.648438,25000000.000
45328,2082,16.601562,25000000.000
45329,2083,17.089844,25000000.000
45330,2083,17.089844,25000000.000
45331,2082,16.601562,25000000.000
45332,2080,15.625000,25000000.000
45333,2079,15.136719,25000000.000
45334,2076,13.671875,25000000.000
45335,2075,13.183594,25000000.000
45336,2068,9.765625,25000000.000
45337,2063,7.324219,25000000.000
45338,2058,4.882812,25000000.000
45339,2058,4.882812,25000000.000
45340,2046,-0.976562,25000000.000
45341,2041,-3.417969,25000000.000
45342,2035,-6.347656,25000000.000
45343,2035,-6.347656,25000000.000
45344,2025,-11.230469,25000000.000
45345,2021,-13.183594,25000000.000
45346,2016,-15.625000,25000000.000
45347,2016,-15.625000,25000000.000
45348,2012,-17.578125,25000000.000
45349,2010,-18.554688,25000000.000
45350,2009,-19.042969,25000000.000
45351,2008,-19.531250,25000000.000
45352,2010,-18.554688,25000000.000
45353,2012,-17.578125,25000000.000
45354,2014,-16.601562,25000000.000
45355,2015,-16.113281,25000000.000
45356,2021,-13.183594,25000000.000
45357,2027,-10.253906,25000000.000
45358,2031,-8.300781,25000000.000
45359,2031,-8.300781,25000000.000
45360,2043,-2.441406,25000000.000
45361,2048,0.000000,25000000.000
45362,2055,3.417969,25000000.000
45363,2055,3.417969,25000000.000
45364,2066,8.789062,25000000.000
45365,2070,10.742188,25000000.000
45366,2073,12.207031,25000000.000
45367,2074,12.695312,25000000.000
45368,2080,15.625000,25000000.000
45369,2082,16.601562,25000000.000
45370,2083,17.089844,25000000.000
45371,2084,17.578125,25000000.000
45372,2083,17.089844,25000000.000
45373,2082,16.601562,25000000.000
45374,2079,15.136719,25000000.000
45375,2079,15.136719,25000000.000
45376,2072,11.718750,25000000.000
45377,2067,9.277344,25000000.000
45378,2062,6.835938,25000000.000
45379,2062,6.835938,25000000.000
45380,2051,1.464844,25000000.000
45381,2046,-0.976562,25000000.000
45382,2041,-3.417969,25000000.000
45383,2039,-4.394531,25000000.000
45384,2030,-8.789062,25000000.000
45385,2024,-11.718750,25000000.000
45386,2021,-13.183594,25000000.000
45387,2020,-13.671875,25000000.000
45388,2014,-16.601562,25000000.000
45389,2011,-18.066406,25000000.000
45390,2009,-19.042969,25000000.000
45391,2010,-18.554688,25000000.000
45392,2008,-19.531250,25000000.000
45393,2010,-18.554688,25000000.000
45394,2011,-18.066406,25000000.000
45395,2012,-17.578125,25000000.000
45396,2018,-14.648438,25000000.000
45397,2022,-12.695312,25000000.000
45398,2027,-10.253906,25000000.000
45399,2027,-10.253906,25000000.000
45400,2031,-8.300781,25000000.000
45401,2044,-1.953125,25000000.000
45402,2051,1.464844,25000000.000
45403,2046,-0.976562,25000000.000
45404,2059,5.371094,25000000.000
45405,2065,8.300781,25000000.000
45406,2070,10.742188,25000000.000
45407,2070,10.742188,25000000.000
45408,2077,14.160156,25000000.000
45409,2079,15.136719,25000000.000
45410,2081,16.113281,25000000.000
45411,2082,16.601562,25000000.000
45412,2082,16.601562,25000000.000
45413,2080,15.625000,25000000.000
45414,2079,15.136719,25000000.000
45415,2079,15.136719,25000000.000
45416,2074,12.695312,25000000.000
45417,2070,10.742188,25000000.000
45418,2066,8.789062,25000000.000
45419,2066,8.789062,25000000.000
45420,2056,3.906250,25000000.000
45421,2050,0.976562,25000000.000
45422,2044,-1.953125,25000000.000
45423,2043,-2.441406,25000000.000
45424,2034,-6.835938,25000000.000
45425,2029,-9.277344,25000000.000
45426,2024,-11.718750,25000000.000
45427,2023,-12.207031,25000000.000
45428,2016,-15.625000,25000000.000
45429,2013,-17.089844,25000000.000
45430,2010,-18.554688,25000000.000
45431,2010,-18.554688,25000000.000
45432,2009,-19.042969,25000000.000
45433,2009,-19.042969,25000000.000
45434,2010,-18.554688,25000000.000
45435,2010,-18.554688,25000000.000
45436,2014,-16.601562,25000000.000
45437,2019,-14.160156,25000000.000
45438,2024,-11.718750,25000000.000
45439,2023,-12.207031,25000000.000
45440,2034,-6.835938,25000000.000
45441,2040,-3.906250,25000000.000
45442,2045,-1.464844,25000000.000
45443,2046,-0.976562,25000000.000
45444,2056,3.906250,25000000.000
45445,2060,5.859375,25000000.000
45446,2065,8.300781,25000000.000
45447,2066,8.789062,25000000.000
45448,2076,13.671875,25000000.000
45449,2078,14.648438,25000000.000
45450,2081,16.113281,25000000.000
45451,2080,15.625000,25000000.000
45452,2081,16.113281,25000000.000
45453,2081,16.113281,25000000.000
45454,2081,16.113281,25000000.000
45455,2081,16.113281,25000000.000
45456,2076,13.671875,25000000.000
45457,2073,12.207031,25000000.000
45458,2069,10.253906,25000000.000
45459,2069,10.253906,25000000.000
45460,2060,5.859375,25000000.000
45461,2054,2.929688,25000000.000
45462,2049,0.488281,25000000.000
45463,2049,0.488281,25000000.000
45464,2038,-4.882812,25000000.000
45465,2033,-7.324219,25000000.000
45466,2028,-9.765625,25000000.000
45467,2027,-10.253906,25000000.000
45468,2019,-14.160156,25000000.000
45469,2016,-15.625000,25000000.000
45470,2013,-17.089844,25000000.000
45471,2013,-17.089844,25000000.000
45472,2010,-18.554688,25000000.000
45473,2008,-19.531250,25000000.000
45474,2009,-19.042969,25000000.000
45475,2009,-19.042969,25000000.000
45476,2013,-17.089844,25000000.000
45477,2016,-15.625000,25000000.000
45478,2020,-13.671875,25000000.000
45479,2020,-13.671875,25000000.000
45480,2029,-9.277344,25000000.000
45481,2033,-7.324219,25000000.000
45482,2039,-4.394531,25000000.000
45483,2040,-3.906250,25000000.000
45484,2051,1.464844,25000000.000
45485,2056,3.906250,25000000.000
45486,2062,6.835938,25000000.000
45487,2062,6.835938,25000000.000
45488,2071,11.230469,25000000.000
45489,2075,13.183594,25000000.000
45490,2079,15.136719,25000000.000
45491,2078,14.648438,25000000.000
45492,2082,16.601562,25000000.000
45493,2082,16.601562,25000000.000
45494,2082,16.601562,25000000.000
45495,2081,16.113281,25000000.000
45496,2080,15.625000,25000000.000
45497,2077,14.160156,25000000.000
45498,2073,12.207031,25000000.000
45499,2073,12.207031,25000000.000
45500,2065,8.300781,25000000.000
45501,2061,6.347656,25000000.000
45502,2056,3.906250,25000000.000
45503,2054,2.929688,25000000.000
45504,2043,-2.441406,25000000.000
45505,2038,-4.882812,25000000.000
45506,2032,-7.812500,25000000.000
45507,2032,-7.812500,25000000.000
45508,2023,-12.207031,25000000.000
45509,2019,-14.160156,25000000.000
45510,2016,-15.625000,25000000.000
45511,2016,-15.625000,25000000.000
45512,2010,-18.554688,25000000.000
45513,2010,-18.554688,25000000.000
45514,2008,-19.531250,25000000.000
45515,2009,-19.042969,25000000.000
45516,2011,-18.066406,25000000.000
45517,2014,-16.601562,25000000.000
45518,2015,-16.113281,25000000.000
45519,2017,-15.136719,25000000.000
45520,2025,-11.230469,25000000.000
45521,2029,-9.277344,25000000.000
45522,2035,-6.347656,25000000.000
45523,2034,-6.835938,25000000.000
45524,2046,-0.976562,25000000.000
45525,2052,1.953125,25000000.000
45526,2056,3.906250,25000000.000
45527,2058,4.882812,25000000.000
45528,2069,10.253906,25000000.000
45529,2072,11.718750,25000000.000
45530,2076,13.671875,25000000.000
45531,2076,13.671875,25000000.000
45532,2081,16.113281,25000000.000
45533,2083,17.089844,25000000.000
45534,2083,17.089844,25000000.000
45535,2082,16.601562,25000000.000
45536,2081,16.113281,25000000.000
45537,2079,15.136719,25000000.000
45538,2076,13.671875,25000000.000
45539,2077,14.160156,25000000.000
45540,2069,10.253906,25000000.000
45541,2064,7.812500,25000000.000
45542,2059,5.371094,25000000.000
45543,2057,4.394531,25000000.000
45544,2048,0.000000,25000000.000
45545,2043,-2.441406,25000000.000
45546,2036,-5.859375,25000000.000
45547,2036,-5.859375,25000000.000
45548,2028,-9.765625,25000000.000
45549,2023,-12.207031,25000000.000
45550,2018,-14.648438,25000000.000
45551,2018,-14.648438,25000000.000
45552,2013,-17.089844,25000000.000
45553,2010,-18.554688,25000000.000
45554,2008,-19.531250,25000000.000
45555,2009,-19.042969,25000000.000
45556,2008,-19.531250,25000000.000
45557,2012,-17.578125,25000000.000
45558,2014,-16.601562,25000000.000
45559,2014,-16.601562,25000000.000
45560,2020,-13.671875,25000000.000
45561,2025,-11.230469,25000000.000
45562,2030,-8.789062,25000000.000
45563,2030,-8.789062,25000000.000
45564,2041,-3.417969,25000000.000
45565,2048,0.000000,25000000.000
45566,2052,1.953125,25000000.000
45567,2053,2.441406,25000000.000
45568,2064,7.812500,25000000.000
45569,2068,9.765625,25000000.000
45570,2073,12.207031,25000000.000
45571,2073,12.207031,25000000.000
45572,2080,15.625000,25000000.000
45573,2081,16.113281,25000000.000
45574,2083,17.089844,25000000.000
45575,2082,16.601562,25000000.000
45576,2082,16.601562,25000000.000
45577,2082,16.601562,25000000.000
45578,2079,15.136719,25000000.000
45579,2078,14.648438,25000000.000
45580,2072,11.718750,25000000.000
45581,2068,9.765625,25000000.000
45582,2064,7.812500,25000000.000
45583,2062,6.835938,25000000.000
45584,2053,2.441406,25000000.000
45585,2046,-0.976562,25000000.000
45586,2042,-2.929688,25000000.000
45587,2041,-3.417969,25000000.000
45588,2031,-8.300781,25000000.000
45589,2025,-11.230469,25000000.000
45590,2021,-13.183594,25000000.000
45591,2021,-13.183594,25000000.000
45592,2014,-16.601562,25000000.000
45593,2012,-17.578125,25000000.000
45594,2009,-19.042969,25000000.000
45595,2010,-18.554688,25000000.000
45596,2008,-19.531250,25000000.000
45597,2010,-18.554688,25000000.000
45598,2011,-18.066406,25000000.000
45599,2011,-18.066406,25000000.000
45600,2016,-15.625000,25000000.000
45601,2021,-13.183594,25000000.000
45602,2026,-10.742188,25000000.000
45603,2025,-11.230469,25000000.000
45604,2035,-6.347656,25000000.000
45605,2041,-3.417969,25000000.000
45606,2047,-0.488281,25000000.000
45607,2047,-0.488281,25000000.000
45608,2059,5.371094,25000000.000
45609,2064,7.812500,25000000.000
45610,2069,10.253906,25000000.000
45611,2068,9.765625,25000000.000
45612,2076,13.671875,25000000.000
45613,2080,15.625000,25000000.000
45614,2083,17.089844,25000000.000
45615,2081,16.113281,25000000.000
45616,2082,16.601562,25000000.000
45617,2080,15.625000,25000000.000
45618,2081,16.113281,25000000.000
45619,2080,15.625000,25000000.000
45620,2072,11.718750,25000000.000
45621,2071,11.230469,25000000.000
45622,2067,9.277344,25000000.000
45623,2065,8.300781,25000000.000
45624,2057,4.394531,25000000.000
45625,2051,1.464844,25000000.000
45626,2046,-0.976562,25000000.000
45627,2045,-1.464844,25000000.000
45628,2034,-6.835938,25000000.000
45629,2029,-9.277344,25000000.000
45630,2024,-11.718750,25000000.000
45631,2024,-11.718750,25000000.000
45632,2017,-15.136719,25000000.000
45633,2013,-17.089844,25000000.000
45634,2011,-18.066406,25000000.000
45635,2011,-18.066406,25000000.000
45636,2008,-19.531250,25000000.000
45637,2008,-19.531250,25000000.000
45638,2010,-18.554688,25000000.000
45639,2009,-19.042969,25000000.000
45640,2013,-17.089844,25000000.000
45641,2017,-15.136719,25000000.000
45642,2021,-13.183594,25000000.000
45643,2022,-12.695312,25000000.000
45644,2030,-8.789062,25000000.000
45645,2036,-5.859375,25000000.000
45646,2042,-2.929688,25000000.000
45647,2042,-2.929688,25000000.000
45648,2054,2.929688,25000000.000
45649,2059,5.371094,25000000.000
45650,2063,7.324219,25000000.000
45651,2065,8.300781,25000000.000
45652,2074,12.695312,25000000.000
45653,2076,13.671875,25000000.000
45654,2080,15.625000,25000000.000
45655,2079,15.136719,25000000.000
45656,2082,16.601562,25000000.000
45657,2083,17.089844,25000000.000
45658,2082,16.601562,25000000.000
45659,2082,16.601562,25000000.000
45660,2078,14.648438,25000000.000
45661,2074,12.695312,25000000.000
45662,2071,11.230469,25000000.000
45663,2071,11.230469,25000000.000
45664,2062,6.835938,25000000.000
45665,2057,4.394531,25000000.000
45666,2051,1.464844,25000000.000
45667,2050,0.976562,25000000.000
45668,2040,-3.906250,25000000.000
45669,2034,-6.835938,25000000.000
45670,2029,-9.277344,25000000.000
45671,2028,-9.765625,25000000.000
45672,2019,-14.160156,25000000.000
45673,2016,-15.625000,25000000.000
45674,2013,-17.089844,25000000.000
45675,2012,-17.578125,25000000.000
45676,2009,-19.042969,25000000.000
45677,2009,-19.042969,25000000.000
45678,2009,-19.042969,25000000.000
45679,2009,-19.042969,25000000.000
45680,2012,-17.578125,25000000.000
45681,2015,-16.113281,25000000.000
45682,2019,-14.160156,25000000.000
45683,2019,-14.160156,25000000.000
45684,2027,-10.253906,25000000.000
45685,2033,-7.324219,25000000.000
45686,2039,-4.394531,25000000.000
45687,2038,-4.882812,25000000.000
45688,2050,0.976562,25000000.000
45689,2055,3.417969,25000000.000
45690,2061,6.347656,25000000.000
45691,2061,6.347656,25000000.000
45692,2070,10.742188,25000000.000
45693,2074,12.695312,25000000.000
45694,2078,14.648438,25000000.000
45695,2078,14.648438,25000000.000
45696,2083,17.089844,25000000.000
45697,2083,17.089844,25000000.000
45698,2083,17.089844,25000000.000
45699,2083,17.089844,25000000.000
45700,2080,15.625000,25000000.000
45701,2078,14.648438,25000000.000
45702,2075,13.183594,25000000.000
45703,2074,12.695312,25000000.000
45704,2066,8.789062,25000000.000
45705,2061,6.347656,25000000.000
45706,2056,3.906250,25000000.000
45707,2055,3.417969,25000000.000
45708,2045,-1.464844,25000000.000
45709,2039,-4.394531,25000000.000
45710,2034,-6.835938,25000000.000
45711,2033,-7.324219,25000000.000
45712,2024,-11.718750,25000000.000
45713,2020,-13.671875,25000000.000
45714,2016,-15.625000,25000000.000
45715,2016,-15.625000,25000000.000
45716,2011,-18.066406,25000000.000
45717,2010,-18.554688,25000000.000
45718,2009,-19.042969,25000000.000
45719,2010,-18.554688,25000000.000
45720,2011,-18.066406,25000000.000
45721,2013,-17.089844,25000000.000
45722,2016,-15.625000,25000000.000
45723,2016,-15.625000,25000000.000
45724,2024,-11.718750,25000000.000
45725,2028,-9.765625,25000000.000
45726,2034,-6.835938,25000000.000
45727,2034,-6.835938,25000000.000
45728,2046,-0.976562,25000000.000
45729,2050,0.976562,25000000.000
45730,2055,3.417969,25000000.000
45731,2057,4.394531,25000000.000
45732,2067,9.277344,25000000.000
45733,2071,11.230469,25000000.000
45734,2076,13.671875,25000000.000
45735,2074,12.695312,25000000.000
45736,2081,16.113281,25000000.000
45737,2083,17.089844,25000000.000
45738,2082,16.601562,25000000.000
45739,2082,16.601562,25000000.000
45740,2081,16.113281,25000000.000
45741,2079,15.136719,25000000.000
45742,2077,14.160156,25000000.000
45743,2076,13.671875,25000000.000
45744,2070,10.742188,25000000.000
45745,2065,8.300781,25000000.000
45746,2060,5.859375,25000000.000
45747,2059,5.371094,25000000.000
45748,2047,-0.488281,25000000.000
45749,2043,-2.441406,25000000.000
45750,2042,-2.929688,25000000.000
45751,2034,-6.835938,25000000.000
45752,2027,-10.253906,25000000.000
45753,2023,-12.207031,25000000.000
45754,2018,-14.648438,25000000.000
45755,2018,-14.648438,25000000.000
45756,2013,-17.089844,25000000.000
45757,2013,-17.089844,25000000.000
45758,2010,-18.554688,25000000.000
45759,2010,-18.554688,25000000.000
45760,2009,-19.042969,25000000.000
45761,2011,-18.066406,25000000.000
45762,2014,-16.601562,25000000.000
45763,2014,-16.601562,25000000.000
45764,2020,-13.671875,25000000.000
45765,2025,-11.230469,25000000.000
45766,2030,-8.789062,25000000.000
45767,2030,-8.789062,25000000.000
45768,2041,-3.417969,25000000.000
45769,2046,-0.976562,25000000.000
45770,2051,1.464844,25000000.000
45771,2052,1.953125,25000000.000
45772,2063,7.324219,25000000.000
45773,2067,9.277344,25000000.000
45774,2071,11.230469,25000000.000
45775,2073,12.207031,25000000.000
45776,2079,15.136719,25000000.000
45777,2081,16.113281,25000000.000
45778,2083,17.089844,25000000.000
45779,2082,16.601562,25000000.000
45780,2083,17.089844,25000000.000
45781,2081,16.113281,25000000.000
45782,2079,15.136719,25000000.000
45783,2079,15.136719,25000000.000
45784,2073,12.207031,25000000.000
45785,2068,9.765625,25000000.000
45786,2064,7.812500,25000000.000
45787,2064,7.812500,25000000.000
45788,2054,2.929688,25000000.000
45789,2049,0.488281,25000000.000
45790,2043,-2.441406,25000000.000
45791,2043,-2.441406,25000000.000
45792,2032,-7.812500,25000000.000
45793,2029,-9.277344,25000000.000
45794,2022,-12.695312,25000000.000
45795,2022,-12.695312,25000000.000
45796,2015,-16.113281,25000000.000
45797,2013,-17.089844,25000000.000
45798,2010,-18.554688,25000000.000
45799,2010,-18.554688,25000000.000
45800,2005,-20.996094,25000000.000
45801,2009,-19.042969,25000000.000
45802,2012,-17.578125,25000000.000
45803,2010,-18.554688,25000000.000
45804,2016,-15.625000,25000000.000
45805,2020,-13.671875,25000000.000
45806,2024,-11.718750,25000000.000
45807,2024,-11.718750,25000000.000
45808,2033,-7.324219,25000000.000
45809,2039,-4.394531,25000000.000
45810,2045,-1.464844,25000000.000
45811,2046,-0.976562,25000000.000
45812,2057,4.394531,25000000.000
45813,2063,7.324219,25000000.000
45814,2067,9.277344,25000000.000
45815,2067,9.277344,25000000.000
45816,2074,12.695312,25000000.000
45817,2078,14.648438,25000000.000
45818,2080,15.625000,25000000.000
45819,2080,15.625000,25000000.000
45820,2082,16.601562,25000000.000
45821,2082,16.601562,25000000.000
45822,2081,16.113281,25000000.000
45823,2081,16.113281,25000000.000
45824,2075,13.183594,25000000.000
45825,2072,11.718750,25000000.000
45826,2067,9.277344,25000000.000
45827,2068,9.765625,25000000.000
45828,2059,5.371094,25000000.000
45829,2053,2.441406,25000000.000
45830,2048,0.000000,25000000.000
45831,2048,0.000000,25000000.000
45832,2037,-5.371094,25000000.000
45833,2031,-8.300781,25000000.000
45834,2026,-10.742188,25000000.000
45835,2026,-10.742188,25000000.000
45836,2017,-15.136719,25000000.000
45837,2014,-16.601562,25000000.000
45838,2012,-17.578125,25000000.000
45839,2011,-18.066406,25000000.000
45840,2008,-19.531250,25000000.000
45841,2009,-19.042969,25000000.000
45842,2009,-19.042969,25000000.000
45843,2011,-18.066406,25000000.000
45844,2014,-16.601562,25000000.000
45845,2016,-15.625000,25000000.000
45846,2020,-13.671875,25000000.000
45847,2021,-13.183594,25000000.000
45848,2030,-8.789062,25000000.000
45849,2036,-5.859375,25000000.000
45850,2041,-3.417969,25000000.000
45851,2041,-3.417969,25000000.000
45852,2053,2.441406,25000000.000
45853,2059,5.371094,25000000.000
45854,2063,7.324219,25000000.000
45855,2063,7.324219,25000000.000
45856,2072,11.718750,25000000.000
45857,2076,13.671875,25000000.000
45858,2079,15.136719,25000000.000
45859,2080,15.625000,25000000.000
45860,2082,16.601562,25000000.000
45861,2083,17.089844,25000000.000
45862,2082,16.601562,25000000.000
45863,2082,16.601562,25000000.000
45864,2079,15.136719,25000000.000
45865,2076,13.671875,25000000.000
45866,2072,11.718750,25000000.000
45867,2071,11.230469,25000000.000
45868,2063,7.324219,25000000.000
45869,2058,4.882812,25000000.000
45870,2051,1.464844,25000000.000
45871,2050,0.976562,25000000.000
45872,2041,-3.417969,25000000.000
45873,2035,-6.347656,25000000.000
45874,2030,-8.789062,25000000.000
45875,2028,-9.765625,25000000.000
45876,2021,-13.183594,25000000.000
45877,2017,-15.136719,25000000.000
45878,2013,-17.089844,25000000.000
45879,2013,-17.089844,25000000.000
45880,2010,-18.554688,25000000.000
45881,2008,-19.531250,25000000.000
45882,2008,-19.531250,25000000.000
45883,2009,-19.042969,25000000.000
45884,2012,-17.578125,25000000.000
45885,2014,-16.601562,25000000.000
45886,2017,-15.136719,25000000.000
45887,2018,-14.648438,25000000.000
45888,2027,-10.253906,25000000.000
45889,2032,-7.812500,25000000.000
45890,2038,-4.882812,25000000.000
45891,2038,-4.882812,25000000.000
45892,2048,0.000000,25000000.000
45893,2054,2.929688,25000000.000
45894,2060,5.859375,25000000.000
45895,2060,5.859375,25000000.000
45896,2070,10.742188,25000000.000
45897,2073,12.207031,25000000.000
45898,2077,14.160156,25000000.000
45899,2078,14.648438,25000000.000
45900,2082,16.601562,25000000.000
45901,2082,16.601562,25000000.000
45902,2083,17.089844,25000000.000
45903,2083,17.089844,25000000.000
45904,2081,16.113281,25000000.000
45905,2078,14.648438,25000000.000
45906,2075,13.183594,25000000.000
45907,2074,12.695312,25000000.000
45908,2067,9.277344,25000000.000
45909,2062,6.835938,25000000.000
45910,2057,4.394531,25000000.000
45911,2056,3.906250,25000000.000
45912,2046,-0.976562,25000000.000
45913,2041,-3.417969,25000000.000
45914,2035,-6.347656,25000000.000
45915,2035,-6.347656,25000000.000
45916,2025,-11.230469,25000000.000
45917,2020,-13.671875,25000000.000
45918,2017,-15.136719,25000000.000
45919,2017,-15.136719,25000000.000
45920,2011,-18.066406,25000000.000
45921,2010,-18.554688,25000000.000
45922,2009,-19.042969,25000000.000
45923,2009,-19.042969,25000000.000
45924,2010,-18.554688,25000000.000
45925,2011,-18.066406,25000000.000
45926,2014,-16.601562,25000000.000
45927,2015,-16.113281,25000000.000
45928,2022,-12.695312,25000000.000
45929,2025,-11.230469,25000000.000
45930,2031,-8.300781,25000000.000
45931,2032,-7.812500,25000000.000
45932,2043,-2.441406,25000000.000
45933,2048,0.000000,25000000.000
45934,2054,2.929688,25000000.000
45935,2055,3.417969,25000000.000
45936,2065,8.300781,25000000.000
45937,2069,10.253906,25000000.000
45938,2073,12.207031,25000000.000
45939,2075,13.183594,25000000.000
45940,2080,15.625000,25000000.000
45941,2083,17.089844,25000000.000
45942,2083,17.089844,25000000.000
45943,2083,17.089844,25000000.000
45944,2082,16.601562,25000000.000
45945,2080,15.625000,25000000.000
45946,2078,14.648438,25000000.000
45947,2078,14.648438,25000000.000
45948,2073,12.207031,25000000.000
45949,2067,9.277344,25000000.000
45950,2062,6.835938,25000000.000
45951,2063,7.324219,25000000.000
45952,2051,1.464844,25000000.000
45953,2046,-0.976562,25000000.000
45954,2041,-3.417969,25000000.000
45955,2040,-3.906250,25000000.000
45956,2030,-8.789062,25000000.000
45957,2024,-11.718750,25000000.000
45958,2019,-14.160156,25000000.000
45959,2019,-14.160156,25000000.000
45960,2013,-17.089844,25000000.000
45961,2010,-18.554688,25000000.000
45962,2009,-19.042969,25000000.000
45963,2009,-19.042969,25000000.000
45964,2009,-19.042969,25000000.000
45965,2010,-18.554688,25000000.000
45966,2013,-17.089844,25000000.000
45967,2013,-17.089844,25000000.000
45968,2019,-14.160156,25000000.000
45969,2023,-12.207031,25000000.000
45970,2028,-9.765625,25000000.000
45971,2029,-9.277344,25000000.000
45972,2040,-3.906250,25000000.000
45973,2045,-1.464844,25000000.000
45974,2051,1.464844,25000000.000
45975,2052,1.953125,25000000.000
45976,2061,6.347656,25000000.000
45977,2066,8.789062,25000000.000
45978,2071,11.230469,25000000.000
45979,2072,11.718750,25000000.000
45980,2078,14.648438,25000000.000
45981,2081,16.113281,25000000.000
45982,2081,16.113281,25000000.000
45983,2081,16.113281,25000000.000
45984,2083,17.089844,25000000.000
45985,2081,16.113281,25000000.000
45986,2080,15.625000,25000000.000
45987,2079,15.136719,25000000.000
45988,2074,12.695312,25000000.000
45989,2070,10.742188,25000000.000
45990,2065,8.300781,25000000.000
45991,2064,7.812500,25000000.000
45992,2055,3.417969,25000000.000
45993,2050,0.976562,25000000.000
45994,2044,-1.953125,25000000.000
45995,2043,-2.441406,25000000.000
45996,2032,-7.812500,25000000.000
45997,2028,-9.765625,25000000.000
45998,2022,-12.695312,25000000.000
45999,2022,-12.695312,25000000.000
46000,2015,-16.113281,25000000.000
46001,2012,-17.578125,25000000.000
46002,2010,-18.554688,25000000.000
46003,2010,-18.554688,25000000.000
46004,2008,-19.531250,25000000.000
46005,2009,-19.042969,25000000.000
46006,2009,-19.042969,25000000.000
46007,2010,-18.554688,25000000.000
46008,2015,-16.113281,25000000.000
46009,2019,-14.160156,25000000.000
46010,2022,-12.695312,25000000.000
46011,2022,-12.695312,25000000.000
46012,2034,-6.835938,25000000.000
46013,2038,-4.882812,25000000.000
46014,2045,-1.464844,25000000.000
46015,2046,-0.976562,25000000.000
46016,2055,3.417969,25000000.000
46017,2062,6.835938,25000000.000
46018,2066,8.789062,25000000.000
46019,2066,8.789062,25000000.000
46020,2075,13.183594,25000000.000
46021,2078,14.648438,25000000.000
46022,2080,15.625000,25000000.000
46023,2081,16.113281,25000000.000
46024,2082,16.601562,25000000.000
46025,2083,17.089844,25000000.000
46026,2082,16.601562,25000000.000
46027,2081,16.113281,25000000.000
46028,2077,14.160156,25000000.000
46029,2073,12.207031,25000000.000
46030,2069,10.253906,25000000.000
46031,2068,9.765625,25000000.000
46032,2059,5.371094,25000000.000
46033,2054,2.929688,25000000.000
46034,2049,0.488281,25000000.000
46035,2048,0.000000,25000000.000
46036,2037,-5.371094,25000000.000
46037,2031,-8.300781,25000000.000
46038,2027,-10.253906,25000000.000
46039,2026,-10.742188,25000000.000
46040,2018,-14.648438,25000000.000
46041,2014,-16.601562,25000000.000
46042,2012,-17.578125,25000000.000
46043,2011,-18.066406,25000000.000
46044,2009,-19.042969,25000000.000
46045,2008,-19.531250,25000000.000
46046,2008,-19.531250,25000000.000
46047,2008,-19.531250,25000000.000
46048,2013,-17.089844,25000000.000
46049,2016,-15.625000,25000000.000
46050,2020,-13.671875,25000000.000
46051,2020,-13.671875,25000000.000
46052,2030,-8.789062,25000000.000
46053,2035,-6.347656,25000000.000
46054,2039,-4.394531,25000000.000
46055,2040,-3.906250,25000000.000
46056,2051,1.464844,25000000.000
46057,2057,4.394531,25000000.000
46058,2062,6.835938,25000000.000
46059,2063,7.324219,25000000.000
46060,2072,11.718750,25000000.000
46061,2075,13.183594,25000000.000
46062,2079,15.136719,25000000.000
46063,2080,15.625000,25000000.000
46064,2082,16.601562,25000000.000
46065,2081,16.113281,25000000.000
46066,2082,16.601562,25000000.000
46067,2082,16.601562,25000000.000
46068,2079,15.136719,25000000.000
46069,2076,13.671875,25000000.000
46070,2073,12.207031,25000000.000
46071,2071,11.230469,25000000.000
46072,2064,7.812500,25000000.000
46073,2059,5.371094,25000000.000
46074,2053,2.441406,25000000.000
46075,2053,2.441406,25000000.000
46076,2042,-2.929688,25000000.000
46077,2037,-5.371094,25000000.000
46078,2031,-8.300781,25000000.000
46079,2031,-8.300781,25000000.000
46080,2021,-13.183594,25000000.000
46081,2019,-14.160156,25000000.000
46082,2015,-16.113281,25000000.000
46083,2014,-16.601562,25000000.000
46084,2010,-18.554688,25000000.000
46085,2010,-18.554688,25000000.000
46086,2010,-18.554688,25000000.000
46087,2008,-19.531250,25000000.000
46088,2011,-18.066406,25000000.000
46089,2015,-16.113281,25000000.000
46090,2017,-15.136719,25000000.000
46091,2017,-15.136719,25000000.000
46092,2024,-11.718750,25000000.000
46093,2030,-8.789062,25000000.000
46094,2035,-6.347656,25000000.000
46095,2036,-5.859375,25000000.000
46096,2049,0.488281,25000000.000
46097,2050,0.976562,25000000.000
46098,2055,3.417969,25000000.000
46099,2059,5.371094,25000000.000
46100,2071,11.230469,25000000.000
46101,2073,12.207031,25000000.000
46102,2077,14.160156,25000000.000
46103,2077,14.160156,25000000.000
46104,2081,16.113281,25000000.000
46105,2083,17.089844,25000000.000
46106,2083,17.089844,25000000.000
46107,2084,17.578125,25000000.000
46108,2081,16.113281,25000000.000
46109,2080,15.625000,25000000.000
46110,2076,13.671875,25000000.000
46111,2075,13.183594,25000000.000
46112,2068,9.765625,25000000.000
46113,2064,7.812500,25000000.000
46114,2058,4.882812,25000000.000
46115,2057,4.394531,25000000.000
46116,2047,-0.488281,25000000.000
46117,2042,-2.929688,25000000.000
46118,2036,-5.859375,25000000.000
46119,2036,-5.859375,25000000.000
46120,2026,-10.742188,25000000.000
46121,2022,-12.695312,25000000.000
46122,2019,-14.160156,25000000.000
46123,2017,-15.136719,25000000.000
46124,2011,-18.066406,25000000.000
46125,2011,-18.066406,25000000.000
46126,2009,-19.042969,25000000.000
46127,2009,-19.042969,25000000.000
46128,2010,-18.554688,25000000.000
46129,2012,-17.578125,25000000.000
46130,2015,-16.113281,25000000.000
46131,2014,-16.601562,25000000.000
46132,2021,-13.183594,25000000.000
46133,2026,-10.742188,25000000.000
46134,2031,-8.300781,25000000.000
46135,2032,-7.812500,25000000.000
46136,2042,-2.929688,25000000.000
46137,2048,0.000000,25000000.000
46138,2054,2.929688,25000000.000
46139,2054,2.929688,25000000.000
46140,2064,7.812500,25000000.000
46141,2069,10.253906,25000000.000
46142,2073,12.207031,25000000.000
46143,2074,12.695312,25000000.000
46144,2080,15.625000,25000000.000
46145,2081,16.113281,25000000.000
46146,2082,16.601562,25000000.000
46147,2083,17.089844,25000000.000
46148,2083,17.089844,25000000.000
46149,2084,17.578125,25000000.000
46150,2079,15.136719,25000000.000
46151,2079,15.136719,25000000.000
46152,2072,11.718750,25000000.000
46153,2068,9.765625,25000000.000
46154,2062,6.835938,25000000.000
46155,2062,6.835938,25000000.000
46156,2053,2.441406,25000000.000
46157,2047,-0.488281,25000000.000
46158,2041,-3.417969,25000000.000
46159,2040,-3.906250,25000000.000
46160,2030,-8.789062,25000000.000
46161,2025,-11.230469,25000000.000
46162,2021,-13.183594,25000000.000
46163,2021,-13.183594,25000000.000
46164,2014,-16.601562,25000000.000
46165,2012,-17.578125,25000000.000
46166,2010,-18.554688,25000000.000
46167,2010,-18.554688,25000000.000
46168,2009,-19.042969,25000000.000
46169,2010,-18.554688,25000000.000
46170,2012,-17.578125,25000000.000
46171,2012,-17.578125,25000000.000
46172,2019,-14.160156,25000000.000
46173,2021,-13.183594,25000000.000
46174,2026,-10.742188,25000000.000
46175,2027,-10.253906,25000000.000
46176,2036,-5.859375,25000000.000
46177,2042,-2.929688,25000000.000
46178,2049,0.488281,25000000.000
46179,2049,0.488281,25000000.000
46180,2059,5.371094,25000000.000
46181,2064,7.812500,25000000.000
46182,2069,10.253906,25000000.000
46183,2069,10.253906,25000000.000
46184,2076,13.671875,25000000.000
46185,2080,15.625000,25000000.000
46186,2081,16.113281,25000000.000
46187,2083,17.089844,25000000.000
46188,2083,17.089844,25000000.000
46189,2082,16.601562,25000000.000
46190,2081,16.113281,25000000.000
46191,2080,15.625000,25000000.000
46192,2074,12.695312,25000000.000
46193,2071,11.230469,25000000.000
46194,2066,8.789062,25000000.000
46195,2067,9.277344,25000000.000
46196,2056,3.906250,25000000.000
46197,2052,1.953125,25000000.000
46198,2046,-0.976562,25000000.000
46199,2044,-1.953125,25000000.000
46200,2034,-6.835938,25000000.000
46201,2029,-9.277344,25000000.000
46202,2024,-11.718750,25000000.000
46203,2024,-11.718750,25000000.000
46204,2015,-16.113281,25000000.000
46205,2012,-17.578125,25000000.000
46206,2011,-18.066406,25000000.000
46207,2010,-18.554688,25000000.000
46208,2009,-19.042969,25000000.000
46209,2008,-19.531250,25000000.000
46210,2010,-18.554688,25000000.000
46211,2009,-19.042969,25000000.000
46212,2015,-16.113281,25000000.000
46213,2018,-14.648438,25000000.000
46214,2022,-12.695312,25000000.000
46215,2023,-12.207031,25000000.000
46216,2032,-7.812500,25000000.000
46217,2037,-5.371094,25000000.000
46218,2043,-2.441406,25000000.000
46219,2043,-2.441406,25000000.000
46220,2054,2.929688,25000000.000
46221,2059,5.371094,25000000.000
46222,2065,8.300781,25000000.000
46223,2066,8.789062,25000000.000
46224,2074,12.695312,25000000.000
46225,2076,13.671875,25000000.000
46226,2081,16.113281,25000000.000
46227,2080,15.625000,25000000.000
46228,2082,16.601562,25000000.000
46229,2082,16.601562,25000000.000
46230,2081,16.113281,25000000.000
46231,2081,16.113281,25000000.000
46232,2077,14.160156,25000000.000
46233,2074,12.695312,25000000.000
46234,2071,11.230469,25000000.000
46235,2071,11.230469,25000000.000
46236,2061,6.347656,25000000.000
46237,2056,3.906250,25000000.000
46238,2051,1.464844,25000000.000
46239,2050,0.976562,25000000.000
46240,2039,-4.394531,25000000.000
46241,2034,-6.835938,25000000.000
46242,2028,-9.765625,25000000.000
46243,2028,-9.765625,25000000.000
46244,2020,-13.671875,25000000.000
46245,2015,-16.113281,25000000.000
46246,2011,-18.066406,25000000.000
46247,2012,-17.578125,25000000.000
46248,2010,-18.554688,25000000.000
46249,2009,-19.042969,25000000.000
46250,2009,-19.042969,25000000.000
46251,2009,-19.042969,25000000.000
46252,2011,-18.066406,25000000.000
46253,2015,-16.113281,25000000.000
46254,2018,-14.648438,25000000.000
46255,2019,-14.160156,25000000.000
46256,2027,-10.253906,25000000.000
46257,2032,-7.812500,25000000.000
46258,2038,-4.882812,25000000.000
46259,2038,-4.882812,25000000.000
46260,2050,0.976562,25000000.000
46261,2055,3.417969,25000000.000
46262,2060,5.859375,25000000.000
46263,2061,6.347656,25000000.000
46264,2072,11.718750,25000000.000
46265,2075,13.183594,25000000.000
46266,2077,14.160156,25000000.000
46267,2077,14.160156,25000000.000
46268,2083,17.089844,25000000.000
46269,2083,17.089844,25000000.000
46270,2083,17.089844,25000000.000
46271,2083,17.089844,25000000.000
46272,2081,16.113281,25000000.000
46273,2077,14.160156,25000000.000
46274,2074,12.695312,25000000.000
46275,2074,12.695312,25000000.000
46276,2066,8.789062,25000000.000
46277,2061,6.347656,25000000.000
46278,2056,3.906250,25000000.000
46279,2054,2.929688,25000000.000
46280,2045,-1.464844,25000000.000
46281,2038,-4.882812,25000000.000
46282,2033,-7.324219,25000000.000
46283,2032,-7.812500,25000000.000
46284,2023,-12.207031,25000000.000
46285,2019,-14.160156,25000000.000
46286,2016,-15.625000,25000000.000
46287,2016,-15.625000,25000000.000
46288,2011,-18.066406,25000000.000
46289,2009,-19.042969,25000000.000
46290,2009,-19.042969,25000000.000
46291,2009,-19.042969,25000000.000
46292,2010,-18.554688,25000000.000
46293,2013,-17.089844,25000000.000
46294,2015,-16.113281,25000000.000
46295,2016,-15.625000,25000000.000
46296,2024,-11.718750,25000000.000
46297,2028,-9.765625,25000000.000
46298,2033,-7.324219,25000000.000
46299,2034,-6.835938,25000000.000
46300,2045,-1.464844,25000000.000
46301,2050,0.976562,25000000.000
46302,2056,3.906250,25000000.000
46303,2057,4.394531,25000000.000
46304,2067,9.277344,25000000.000
46305,2070,10.742188,25000000.000
46306,2075,13.183594,25000000.000
46307,2076,13.671875,25000000.000
46308,2081,16.113281,25000000.000
46309,2083,17.089844,25000000.000
46310,2083,17.089844,25000000.000
46311,2082,16.601562,25000000.000
46312,2082,16.601562,25000000.000
46313,2080,15.625000,25000000.000
46314,2077,14.160156,25000000.000
46315,2076,13.671875,25000000.000
46316,2070,10.742188,25000000.000
46317,2065,8.300781,25000000.000
46318,2060,5.859375,25000000.000
46319,2061,6.347656,25000000.000
46320,2049,0.488281,25000000.000
46321,2043,-2.441406,25000000.000
46322,2038,-4.882812,25000000.000
46323,2036,-5.859375,25000000.000
46324,2027,-10.253906,25000000.000
46325,2023,-12.207031,25000000.000
46326,2018,-14.648438,25000000.000
46327,2019,-14.160156,25000000.000
46328,2013,-17.089844,25000000.000
46329,2011,-18.066406,25000000.000
46330,2009,-19.042969,25000000.000
46331,2009,-19.042969,25000000.000
46332,2010,-18.554688,25000000.000
46333,2011,-18.066406,25000000.000
46334,2014,-16.601562,25000000.000
46335,2015,-16.113281,25000000.000
46336,2020,-13.671875,25000000.000
46337,2024,-11.718750,25000000.000
46338,2030,-8.789062,25000000.000
46339,2030,-8.789062,25000000.000
46340,2041,-3.417969,25000000.000
46341,2046,-0.976562,25000000.000
46342,2051,1.464844,25000000.000
46343,2053,2.441406,25000000.000
46344,2062,6.835938,25000000.000
46345,2067,9.277344,25000000.000
46346,2072,11.718750,25000000.000
46347,2073,12.207031,25000000.000
46348,2079,15.136719,25000000.000
46349,2081,16.113281,25000000.000
46350,2083,17.089844,25000000.000
46351,2083,17.089844,25000000.000
46352,2083,17.089844,25000000.000
46353,2081,16.113281,25000000.000
46354,2080,15.625000,25000000.000
46355,2078,14.648438,25000000.000
46356,2073,12.207031,25000000.000
46357,2068,9.765625,25000000.000
46358,2065,8.300781,25000000.000
46359,2064,7.812500,25000000.000
46360,2053,2.441406,25000000.000
46361,2047,-0.488281,25000000.000
46362,2042,-2.929688,25000000.000
46363,2042,-2.929688,25000000.000
46364,2031,-8.300781,25000000.000
46365,2025,-11.230469,25000000.000
46366,2022,-12.695312,25000000.000
46367,2021,-13.183594,25000000.000
46368,2014,-16.601562,25000000.000
46369,2012,-17.578125,25000000.000
46370,2010,-18.554688,25000000.000
46371,2010,-18.554688,25000000.000
46372,2008,-19.531250,25000000.000
46373,2009,-19.042969,25000000.000
46374,2010,-18.554688,25000000.000
46375,2011,-18.066406,25000000.000
46376,2016,-15.625000,25000000.000
46377,2019,-14.160156,25000000.000
46378,2025,-11.230469,25000000.000
46379,2024,-11.718750,25000000.000
46380,2035,-6.347656,25000000.000
46381,2041,-3.417969,25000000.000
46382,2046,-0.976562,25000000.000
46383,2046,-0.976562,25000000.000
46384,2058,4.882812,25000000.000
46385,2062,6.835938,25000000.000
46386,2067,9.277344,25000000.000
46387,2068,9.765625,25000000.000
46388,2076,13.671875,25000000.000
46389,2078,14.648438,25000000.000
46390,2081,16.113281,25000000.000
46391,2080,15.625000,25000000.000
46392,2083,17.089844,25000000.000
46393,2082,16.601562,25000000.000
46394,2081,16.113281,25000000.000
46395,2080,15.625000,25000000.000
46396,2075,13.183594,25000000.000
46397,2071,11.230469,25000000.000
46398,2067,9.277344,25000000.000
46399,2068,9.765625,25000000.000
46400,2058,4.882812,25000000.000
46401,2052,1.953125,25000000.000
46402,2047,-0.488281,25000000.000
46403,2046,-0.976562,25000000.000
46404,2036,-5.859375,25000000.000
46405,2031,-8.300781,25000000.000
46406,2025,-11.230469,25000000.000
46407,2025,-11.230469,25000000.000
46408,2015,-16.113281,25000000.000
46409,2013,-17.089844,25000000.000
46410,2012,-17.578125,25000000.000
46411,2010,-18.554688,25000000.000
46412,2009,-19.042969,25000000.000
46413,2008,-19.531250,25000000.000
46414,2009,-19.042969,25000000.000
46415,2010,-18.554688,25000000.000
46416,2013,-17.089844,25000000.000
46417,2017,-15.136719,25000000.000
46418,2021,-13.183594,25000000.000
46419,2022,-12.695312,25000000.000
46420,2030,-8.789062,25000000.000
46421,2035,-6.347656,25000000.000
46422,2042,-2.929688,25000000.000
46423,2042,-2.929688,25000000.000
46424,2053,2.441406,25000000.000
46425,2059,5.371094,25000000.000
46426,2064,7.812500,25000000.000
46427,2065,8.300781,25000000.000
46428,2073,12.207031,25000000.000
46429,2077,14.160156,25000000.000
46430,2079,15.136719,25000000.000
46431,2079,15.136719,25000000.000
46432,2082,16.601562,25000000.000
46433,2081,16.113281,25000000.000
46434,2081,16.113281,25000000.000
46435,2082,16.601562,25000000.000
46436,2078,14.648438,25000000.000
46437,2075,13.183594,25000000.000
46438,2071,11.230469,25000000.000
46439,2072,11.718750,25000000.000
46440,2061,6.347656,25000000.000
46441,2055,3.417969,25000000.000
46442,2050,0.976562,25000000.000
46443,2051,1.464844,25000000.000
46444,2039,-4.394531,25000000.000
46445,2035,-6.347656,25000000.000
46446,2025,-11.230469,25000000.000
46447,2035,-6.347656,25000000.000
46448,2022,-12.695312,25000000.000
46449,2016,-15.625000,25000000.000
46450,2014,-16.601562,25000000.000
46451,2013,-17.089844,25000000.000
46452,2009,-19.042969,25000000.000
46453,2009,-19.042969,25000000.000
46454,2010,-18.554688,25000000.000
46455,2009,-19.042969,25000000.000
46456,2013,-17.089844,25000000.000
46457,2014,-16.601562,25000000.000
46458,2019,-14.160156,25000000.000
46459,2019,-14.160156,25000000.000
46460,2027,-10.253906,25000000.000
46461,2031,-8.300781,25000000.000
46462,2038,-4.882812,25000000.000
46463,2038,-4.882812,25000000.000
46464,2049,0.488281,25000000.000
46465,2065,8.300781,25000000.000
46466,2069,10.253906,25000000.000
46467,2062,6.835938,25000000.000
46468,2070,10.742188,25000000.000
46469,2075,13.183594,25000000.000
46470,2078,14.648438,25000000.000
46471,2077,14.160156,25000000.000
46472,2079,15.136719,25000000.000
46473,2082,16.601562,25000000.000
46474,2081,16.113281,25000000.000
46475,2081,16.113281,25000000.000
46476,2079,15.136719,25000000.000
46477,2076,13.671875,25000000.000
46478,2080,15.625000,25000000.000
46479,2073,12.207031,25000000.000
46480,2065,8.300781,25000000.000
46481,2062,6.835938,25000000.000
46482,2056,3.906250,25000000.000
46483,2056,3.906250,25000000.000
46484,2046,-0.976562,25000000.000
46485,2040,-3.906250,25000000.000
46486,2035,-6.347656,25000000.000
46487,2035,-6.347656,25000000.000
46488,2025,-11.230469,25000000.000
46489,2021,-13.183594,25000000.000
46490,2018,-14.648438,25000000.000
46491,2017,-15.136719,25000000.000
46492,2013,-17.089844,25000000.000
46493,2011,-18.066406,25000000.000
46494,2010,-18.554688,25000000.000
46495,2009,-19.042969,25000000.000
46496,2012,-17.578125,25000000.000
46497,2012,-17.578125,25000000.000
46498,2015,-16.113281,25000000.000
46499,2016,-15.625000,25000000.000
46500,2022,-12.695312,25000000.000
46501,2027,-10.253906,25000000.000
46502,2033,-7.324219,25000000.000
46503,2033,-7.324219,25000000.000
46504,2044,-1.953125,25000000.000
46505,2050,0.976562,25000000.000
46506,2054,2.929688,25000000.000
46507,2056,3.906250,25000000.000
46508,2066,8.789062,25000000.000
46509,2070,10.742188,25000000.000
46510,2074,12.695312,25000000.000
46511,2075,13.183594,25000000.000
46512,2081,16.113281,25000000.000
46513,2082,16.601562,25000000.000
46514,2084,17.578125,25000000.000
46515,2084,17.578125,25000000.000
46516,2082,16.601562,25000000.000
46517,2081,16.113281,25000000.000
46518,2078,14.648438,25000000.000
46519,2078,14.648438,25000000.000
46520,2070,10.742188,25000000.000
46521,2067,9.277344,25000000.000
46522,2061,6.347656,25000000.000
46523,2060,5.859375,25000000.000
46524,2051,1.464844,25000000.000
46525,2044,-1.953125,25000000.000
46526,2039,-4.394531,25000000.000
46527,2039,-4.394531,25000000.000
46528,2027,-10.253906,25000000.000
46529,2023,-12.207031,25000000.000
46530,2019,-14.160156,25000000.000
46531,2018,-14.648438,25000000.000
46532,2012,-17.578125,25000000.000
46533,2010,-18.554688,25000000.000
46534,2008,-19.531250,25000000.000
46535,2010,-18.554688,25000000.000
46536,2008,-19.531250,25000000.000
46537,2010,-18.554688,25000000.000
46538,2013,-17.089844,25000000.000
46539,2012,-17.578125,25000000.000
46540,2018,-14.648438,25000000.000
46541,2023,-12.207031,25000000.000
46542,2029,-9.277344,25000000.000
46543,2028,-9.765625,25000000.000
46544,2039,-4.394531,25000000.000
46545,2045,-1.464844,25000000.000
46546,2050,0.976562,25000000.000
46547,2052,1.953125,25000000.000
46548,2062,6.835938,25000000.000
46549,2066,8.789062,25000000.000
46550,2072,11.718750,25000000.000
46551,2072,11.718750,25000000.000
46552,2078,14.648438,25000000.000
46553,2081,16.113281,25000000.000
46554,2082,16.601562,25000000.000
46555,2082,16.601562,25000000.000
46556,2083,17.089844,25000000.000
46557,2082,16.601562,25000000.000
46558,2080,15.625000,25000000.000
46559,2080,15.625000,25000000.000
46560,2074,12.695312,25000000.000
46561,2071,11.230469,25000000.000
46562,2066,8.789062,25000000.000
46563,2064,7.812500,25000000.000
46564,2054,2.929688,25000000.000
46565,2050,0.976562,25000000.000
46566,2045,-1.464844,25000000.000
46567,2042,-2.929688,25000000.000
46568,2032,-7.812500,25000000.000
46569,2028,-9.765625,25000000.000
46570,2022,-12.695312,25000000.000
46571,2022,-12.695312,25000000.000
46572,2015,-16.113281,25000000.000
46573,2013,-17.089844,25000000.000
46574,2010,-18.554688,25000000.000
46575,2011,-18.066406,25000000.000
46576,2008,-19.531250,25000000.000
46577,2008,-19.531250,25000000.000
46578,2011,-18.066406,25000000.000
46579,2011,-18.066406,25000000.000
46580,2016,-15.625000,25000000.000
46581,2019,-14.160156,25000000.000
46582,2024,-11.718750,25000000.000
46583,2024,-11.718750,25000000.000
46584,2033,-7.324219,25000000.000
46585,2039,-4.394531,25000000.000
46586,2044,-1.953125,25000000.000
46587,2046,-0.976562,25000000.000
46588,2056,3.906250,25000000.000
46589,2061,6.347656,25000000.000
46590,2067,9.277344,25000000.000
46591,2067,9.277344,25000000.000
46592,2075,13.183594,25000000.000
46593,2078,14.648438,25000000.000
46594,2080,15.625000,25000000.000
46595,2080,15.625000,25000000.000
46596,2082,16.601562,25000000.000
46597,2082,16.601562,25000000.000
46598,2081,16.113281,25000000.000
46599,2080,15.625000,25000000.000
46600,2077,14.160156,25000000.000
46601,2072,11.718750,25000000.000
46602,2068,9.765625,25000000.000
46603,2067,9.277344,25000000.000
46604,2059,5.371094,25000000.000
46605,2053,2.441406,25000000.000
46606,2047,-0.488281,25000000.000
46607,2048,0.000000,25000000.000
46608,2037,-5.371094,25000000.000
46609,2031,-8.300781,25000000.000
46610,2027,-10.253906,25000000.000
46611,2026,-10.742188,25000000.000
46612,2018,-14.648438,25000000.000
46613,2014,-16.601562,25000000.000
46614,2010,-18.554688,25000000.000
46615,2011,-18.066406,25000000.000
46616,2010,-18.554688,25000000.000
46617,2009,-19.042969,25000000.000
46618,2009,-19.042969,25000000.000
46619,2009,-19.042969,25000000.000
46620,2013,-17.089844,25000000.000
46621,2016,-15.625000,25000000.000
46622,2019,-14.160156,25000000.000
46623,2019,-14.160156,25000000.000
46624,2029,-9.277344,25000000.000
46625,2035,-6.347656,25000000.000
46626,2039,-4.394531,25000000.000
46627,2041,-3.417969,25000000.000
46628,2051,1.464844,25000000.000
46629,2058,4.882812,25000000.000
46630,2063,7.324219,25000000.000
46631,2062,6.835938,25000000.000
46632,2071,11.230469,25000000.000
46633,2075,13.183594,25000000.000
46634,2078,14.648438,25000000.000
46635,2079,15.136719,25000000.000
46636,2081,16.113281,25000000.000
46637,2083,17.089844,25000000.000
46638,2081,16.113281,25000000.000
46639,2082,16.601562,25000000.000
46640,2078,14.648438,25000000.000
46641,2076,13.671875,25000000.000
46642,2072,11.718750,25000000.000
46643,2071,11.230469,25000000.000
46644,2063,7.324219,25000000.000
46645,2059,5.371094,25000000.000
46646,2052,1.953125,25000000.000
46647,2052,1.953125,25000000.000
46648,2041,-3.417969,25000000.000
46649,2037,-5.371094,25000000.000
46650,2031,-8.300781,25000000.000
46651,2030,-8.789062,25000000.000
46652,2022,-12.695312,25000000.000
46653,2017,-15.136719,25000000.000
46654,2014,-16.601562,25000000.000
46655,2015,-16.113281,25000000.000
46656,2010,-18.554688,25000000.000
46657,2009,-19.042969,25000000.000
46658,2009,-19.042969,25000000.000
46659,2008,-19.531250,25000000.000
46660,2011,-18.066406,25000000.000
46661,2013,-17.089844,25000000.000
46662,2017,-15.136719,25000000.000
46663,2017,-15.136719,25000000.000
46664,2025,-11.230469,25000000.000
46665,2030,-8.789062,25000000.000
46666,2037,-5.371094,25000000.000
46667,2037,-5.371094,25000000.000
46668,2046,-0.976562,25000000.000
46669,2053,2.441406,25000000.000
46670,2059,5.371094,25000000.000
46671,2059,5.371094,25000000.000
46672,2069,10.253906,25000000.000
46673,2073,12.207031,25000000.000
46674,2076,13.671875,25000000.000
46675,2078,14.648438,25000000.000
46676,2082,16.601562,25000000.000
46677,2082,16.601562,25000000.000
46678,2082,16.601562,25000000.000
46679,2083,17.089844,25000000.000
46680,2081,16.113281,25000000.000
46681,2079,15.136719,25000000.000
46682,2076,13.671875,25000000.000
46683,2076,13.671875,25000000.000
46684,2068,9.765625,25000000.000
46685,2064,7.812500,25000000.000
46686,2060,5.859375,25000000.000
46687,2058,4.882812,25000000.000
46688,2047,-0.488281,25000000.000
46689,2041,-3.417969,25000000.000
46690,2036,-5.859375,25000000.000
46691,2036,-5.859375,25000000.000
46692,2026,-10.742188,25000000.000
46693,2020,-13.671875,25000000.000
46694,2017,-15.136719,25000000.000
46695,2017,-15.136719,25000000.000
46696,2011,-18.066406,25000000.000
46697,2010,-18.554688,25000000.000
46698,2009,-19.042969,25000000.000
46699,2010,-18.554688,25000000.000
46700,2010,-18.554688,25000000.000
46701,2011,-18.066406,25000000.000
46702,2015,-16.113281,25000000.000
46703,2014,-16.601562,25000000.000
46704,2021,-13.183594,25000000.000
46705,2026,-10.742188,25000000.000
46706,2031,-8.300781,25000000.000
46707,2032,-7.812500,25000000.000
46708,2041,-3.417969,25000000.000
46709,2049,0.488281,25000000.000
46710,2054,2.929688,25000000.000
46711,2053,2.441406,25000000.000
46712,2064,7.812500,25000000.000
46713,2069,10.253906,25000000.000
46714,2074,12.695312,25000000.000
46715,2075,13.183594,25000000.000
46716,2080,15.625000,25000000.000
46717,2083,17.089844,25000000.000
46718,2083,17.089844,25000000.000
46719,2083,17.089844,25000000.000
46720,2083,17.089844,25000000.000
46721,2081,16.113281,25000000.000
46722,2079,15.136719,25000000.000
46723,2079,15.136719,25000000.000
46724,2072,11.718750,25000000.000
46725,2068,9.765625,25000000.000
46726,2063,7.324219,25000000.000
46727,2062,6.835938,25000000.000
46728,2052,1.953125,25000000.000
46729,2047,-0.488281,25000000.000
46730,2040,-3.906250,25000000.000
46731,2040,-3.906250,25000000.000
46732,2029,-9.277344,25000000.000
46733,2025,-11.230469,25000000.000
46734,2020,-13.671875,25000000.000
46735,2020,-13.671875,25000000.000
46736,2014,-16.601562,25000000.000
46737,2011,-18.066406,25000000.000
46738,2009,-19.042969,25000000.000
46739,2009,-19.042969,25000000.000
46740,2010,-18.554688,25000000.000
46741,2011,-18.066406,25000000.000
46742,2012,-17.578125,25000000.000
46743,2013,-17.089844,25000000.000
46744,2018,-14.648438,25000000.000
46745,2022,-12.695312,25000000.000
46746,2027,-10.253906,25000000.000
46747,2028,-9.765625,25000000.000
46748,2038,-4.882812,25000000.000
46749,2044,-1.953125,25000000.000
46750,2049,0.488281,25000000.000
46751,2050,0.976562,25000000.000
46752,2060,5.859375,25000000.000
46753,2066,8.789062,25000000.000
46754,2070,10.742188,25000000.000
46755,2071,11.230469,25000000.000
46756,2078,14.648438,25000000.000
46757,2080,15.625000,25000000.000
46758,2082,16.601562,25000000.000
46759,2081,16.113281,25000000.000
46760,2083,17.089844,25000000.000
46761,2082,16.601562,25000000.000
46762,2080,15.625000,25000000.000
46763,2080,15.625000,25000000.000
46764,2074,12.695312,25000000.000
46765,2069,10.253906,25000000.000
46766,2066,8.789062,25000000.000
46767,2065,8.300781,25000000.000
46768,2056,3.906250,25000000.000
46769,2050,0.976562,25000000.000
46770,2044,-1.953125,25000000.000
46771,2044,-1.953125,25000000.000
46772,2035,-6.347656,25000000.000
46773,2028,-9.765625,25000000.000
46774,2024,-11.718750,25000000.000
46775,2024,-11.718750,25000000.000
46776,2016,-15.625000,25000000.000
46777,2012,-17.578125,25000000.000
46778,2011,-18.066406,25000000.000
46779,2011,-18.066406,25000000.000
46780,2009,-19.042969,25000000.000
46781,2009,-19.042969,25000000.000
46782,2010,-18.554688,25000000.000
46783,2011,-18.066406,25000000.000
46784,2015,-16.113281,25000000.000
46785,2018,-14.648438,25000000.000
46786,2022,-12.695312,25000000.000
46787,2022,-12.695312,25000000.000
46788,2032,-7.812500,25000000.000
46789,2038,-4.882812,25000000.000
46790,2043,-2.441406,25000000.000
46791,2044,-1.953125,25000000.000
46792,2056,3.906250,25000000.000
46793,2059,5.371094,25000000.000
46794,2063,7.324219,25000000.000
46795,2065,8.300781,25000000.000
46796,2077,14.160156,25000000.000
46797,2076,13.671875,25000000.000
46798,2079,15.136719,25000000.000
46799,2079,15.136719,25000000.000
46800,2082,16.601562,25000000.000
46801,2082,16.601562,25000000.000
46802,2081,16.113281,25000000.000
46803,2080,15.625000,25000000.000
46804,2076,13.671875,25000000.000
46805,2075,13.183594,25000000.000
46806,2069,10.253906,25000000.000
46807,2068,9.765625,25000000.000
46808,2060,5.859375,25000000.000
46809,2055,3.417969,25000000.000
46810,2049,0.488281,25000000.000
46811,2048,0.000000,25000000.000
46812,2038,-4.882812,25000000.000
46813,2033,-7.324219,25000000.000
46814,2028,-9.765625,25000000.000
46815,2028,-9.765625,25000000.000
46816,2018,-14.648438,25000000.000
46817,2014,-16.601562,25000000.000
46818,2012,-17.578125,25000000.000
46819,2012,-17.578125,25000000.000
46820,2009,-19.042969,25000000.000
46821,2008,-19.531250,25000000.000
46822,2010,-18.554688,25000000.000
46823,2009,-19.042969,25000000.000
46824,2012,-17.578125,25000000.000
46825,2016,-15.625000,25000000.000
46826,2018,-14.648438,25000000.000
46827,2019,-14.160156,25000000.000
46828,2029,-9.277344,25000000.000
46829,2033,-7.324219,25000000.000
46830,2037,-5.371094,25000000.000
46831,2040,-3.906250,25000000.000
46832,2051,1.464844,25000000.000
46833,2055,3.417969,25000000.000
46834,2061,6.347656,25000000.000
46835,2062,6.835938,25000000.000
46836,2071,11.230469,25000000.000
46837,2075,13.183594,25000000.000
46838,2077,14.160156,25000000.000
46839,2078,14.648438,25000000.000
46840,2082,16.601562,25000000.000
46841,2082,16.601562,25000000.000
46842,2082,16.601562,25000000.000
46843,2082,16.601562,25000000.000
46844,2079,15.136719,25000000.000
46845,2076,13.671875,25000000.000
46846,2070,10.742188,25000000.000
46847,2072,11.718750,25000000.000
46848,2064,7.812500,25000000.000
46849,2060,5.859375,25000000.000
46850,2053,2.441406,25000000.000
46851,2053,2.441406,25000000.000
46852,2043,-2.441406,25000000.000
46853,2037,-5.371094,25000000.000
46854,2032,-7.812500,25000000.000
46855,2032,-7.812500,25000000.000
46856,2023,-12.207031,25000000.000
46857,2018,-14.648438,25000000.000
46858,2015,-16.113281,25000000.000
46859,2014,-16.601562,25000000.000
46860,2010,-18.554688,25000000.000
46861,2010,-18.554688,25000000.000
46862,2009,-19.042969,25000000.000
46863,2010,-18.554688,25000000.000
46864,2012,-17.578125,25000000.000
46865,2013,-17.089844,25000000.000
46866,2016,-15.625000,25000000.000
46867,2017,-15.136719,25000000.000
46868,2025,-11.230469,25000000.000
46869,2029,-9.277344,25000000.000
46870,2036,-5.859375,25000000.000
46871,2035,-6.347656,25000000.000
46872,2046,-0.976562,25000000.000
46873,2052,1.953125,25000000.000
46874,2057,4.394531,25000000.000
46875,2059,5.371094,25000000.000
46876,2068,9.765625,25000000.000
46877,2072,11.718750,25000000.000
46878,2075,13.183594,25000000.000
46879,2076,13.671875,25000000.000
46880,2081,16.113281,25000000.000
46881,2082,16.601562,25000000.000
46882,2083,17.089844,25000000.000
46883,2083,17.089844,25000000.000
46884,2082,16.601562,25000000.000
46885,2078,14.648438,25000000.000
46886,2076,13.671875,25000000.000
46887,2075,13.183594,25000000.000
46888,2069,10.253906,25000000.000
46889,2063,7.324219,25000000.000
46890,2060,5.859375,25000000.000
46891,2059,5.371094,25000000.000
46892,2048,0.000000,25000000.000
46893,2043,-2.441406,25000000.000
46894,2037,-5.371094,25000000.000
46895,2037,-5.371094,25000000.000
46896,2026,-10.742188,25000000.000
46897,2022,-12.695312,25000000.000
46898,2018,-14.648438,25000000.000
46899,2017,-15.136719,25000000.000
46900,2013,-17.089844,25000000.000
46901,2011,-18.066406,25000000.000
46902,2010,-18.554688,25000000.000
46903,2009,-19.042969,25000000.000
46904,2010,-18.554688,25000000.000
46905,2011,-18.066406,25000000.000
46906,2013,-17.089844,25000000.000
46907,2014,-16.601562,25000000.000
46908,2021,-13.183594,25000000.000
46909,2025,-11.230469,25000000.000
46910,2030,-8.789062,25000000.000
46911,2031,-8.300781,25000000.000
46912,2041,-3.417969,25000000.000
46913,2047,-0.488281,25000000.000
46914,2053,2.441406,25000000.000
46915,2052,1.953125,25000000.000
46916,2063,7.324219,25000000.000
46917,2069,10.253906,25000000.000
46918,2073,12.207031,25000000.000
46919,2072,11.718750,25000000.000
46920,2079,15.136719,25000000.000
46921,2080,15.625000,25000000.000
46922,2083,17.089844,25000000.000
46923,2083,17.089844,25000000.000
46924,2082,16.601562,25000000.000
46925,2082,16.601562,25000000.000
46926,2079,15.136719,25000000.000
46927,2079,15.136719,25000000.000
46928,2072,11.718750,25000000.000
46929,2068,9.765625,25000000.000
46930,2063,7.324219,25000000.000
46931,2063,7.324219,25000000.000
46932,2053,2.441406,25000000.000
46933,2047,-0.488281,25000000.000
46934,2041,-3.417969,25000000.000
46935,2040,-3.906250,25000000.000
46936,2031,-8.300781,25000000.000
46937,2026,-10.742188,25000000.000
46938,2021,-13.183594,25000000.000
46939,2021,-13.183594,25000000.000
46940,2014,-16.601562,25000000.000
46941,2011,-18.066406,25000000.000
46942,2010,-18.554688,25000000.000
46943,2010,-18.554688,25000000.000
46944,2008,-19.531250,25000000.000
46945,2009,-19.042969,25000000.000
46946,2011,-18.066406,25000000.000
46947,2011,-18.066406,25000000.000
46948,2017,-15.136719,25000000.000
46949,2021,-13.183594,25000000.000
46950,2026,-10.742188,25000000.000
46951,2027,-10.253906,25000000.000
46952,2036,-5.859375,25000000.000
46953,2044,-1.953125,25000000.000
46954,2048,0.000000,25000000.000
46955,2049,0.488281,25000000.000
46956,2059,5.371094,25000000.000
46957,2066,8.789062,25000000.000
46958,2069,10.253906,25000000.000
46959,2070,10.742188,25000000.000
46960,2077,14.160156,25000000.000
46961,2079,15.136719,25000000.000
46962,2082,16.601562,25000000.000
46963,2081,16.113281,25000000.000
46964,2083,17.089844,25000000.000
46965,2083,17.089844,25000000.000
46966,2080,15.625000,25000000.000
46967,2080,15.625000,25000000.000
46968,2075,13.183594,25000000.000
46969,2071,11.230469,25000000.000
46970,2067,9.277344,25000000.000
46971,2067,9.277344,25000000.000
46972,2057,4.394531,25000000.000
46973,2051,1.464844,25000000.000
46974,2046,-0.976562,25000000.000
46975,2044,-1.953125,25000000.000
46976,2033,-7.324219,25000000.000
46977,2030,-8.789062,25000000.000
46978,2025,-11.230469,25000000.000
46979,2025,-11.230469,25000000.000
46980,2016,-15.625000,25000000.000
46981,2013,-17.089844,25000000.000
46982,2012,-17.578125,25000000.000
46983,2010,-18.554688,25000000.000
46984,2008,-19.531250,25000000.000
46985,2008,-19.531250,25000000.000
46986,2010,-18.554688,25000000.000
46987,2010,-18.554688,25000000.000
46988,2013,-17.089844,25000000.000
46989,2016,-15.625000,25000000.000
46990,2021,-13.183594,25000000.000
46991,2023,-12.207031,25000000.000
46992,2032,-7.812500,25000000.000
46993,2038,-4.882812,25000000.000
46994,2042,-2.929688,25000000.000
46995,2042,-2.929688,25000000.000
46996,2054,2.929688,25000000.000
46997,2059,5.371094,25000000.000
46998,2064,7.812500,25000000.000
46999,2065,8.300781,25000000.000
47000,2073,12.207031,25000000.000
47001,2077,14.160156,25000000.000
47002,2080,15.625000,25000000.000
47003,2080,15.625000,25000000.000
47004,2082,16.601562,25000000.000
47005,2082,16.601562,25000000.000
47006,2082,16.601562,25000000.000
47007,2082,16.601562,25000000.000
47008,2077,14.160156,25000000.000
47009,2073,12.207031,25000000.000
47010,2071,11.230469,25000000.000
47011,2070,10.742188,25000000.000
47012,2062,6.835938,25000000.000
47013,2056,3.906250,25000000.000
47014,2050,0.976562,25000000.000
47015,2049,0.488281,25000000.000
47016,2038,-4.882812,25000000.000
47017,2034,-6.835938,25000000.000
47018,2028,-9.765625,25000000.000
47019,2027,-10.253906,25000000.000
47020,2019,-14.160156,25000000.000
47021,2016,-15.625000,25000000.000
47022,2013,-17.089844,25000000.000
47023,2012,-17.578125,25000000.000
47024,2009,-19.042969,25000000.000
47025,2008,-19.531250,25000000.000
47026,2008,-19.531250,25000000.000
47027,2009,-19.042969,25000000.000
47028,2012,-17.578125,25000000.000
47029,2014,-16.601562,25000000.000
47030,2018,-14.648438,25000000.000
47031,2019,-14.160156,25000000.000
47032,2027,-10.253906,25000000.000
47033,2032,-7.812500,25000000.000
47034,2038,-4.882812,25000000.000
47035,2038,-4.882812,25000000.000
47036,2050,0.976562,25000000.000
47037,2055,3.417969,25000000.000
47038,2060,5.859375,25000000.000
47039,2060,5.859375,25000000.000
47040,2070,10.742188,25000000.000
47041,2074,12.695312,25000000.000
47042,2078,14.648438,25000000.000
47043,2078,14.648438,25000000.000
47044,2081,16.113281,25000000.000
47045,2083,17.089844,25000000.000
47046,2082,16.601562,25000000.000
47047,2081,16.113281,25000000.000
47048,2080,15.625000,25000000.000
47049,2078,14.648438,25000000.000
47050,2074,12.695312,25000000.000
47051,2073,12.207031,25000000.000
47052,2065,8.300781,25000000.000
47053,2060,5.859375,25000000.000
47054,2055,3.417969,25000000.000
47055,2055,3.417969,25000000.000
47056,2044,-1.953125,25000000.000
47057,2040,-3.906250,25000000.000
47058,2035,-6.347656,25000000.000
47059,2033,-7.324219,25000000.000
47060,2024,-11.718750,25000000.000
47061,2020,-13.671875,25000000.000
47062,2016,-15.625000,25000000.000
47063,2016,-15.625000,25000000.000
47064,2012,-17.578125,25000000.000
47065,2009,-19.042969,25000000.000
47066,2008,-19.531250,25000000.000
47067,2009,-19.042969,25000000.000
47068,2011,-18.066406,25000000.000
47069,2012,-17.578125,25000000.000
47070,2016,-15.625000,25000000.000
47071,2017,-15.136719,25000000.000
47072,2024,-11.718750,25000000.000
47073,2027,-10.253906,25000000.000
47074,2034,-6.835938,25000000.000
47075,2034,-6.835938,25000000.000
47076,2045,-1.464844,25000000.000
47077,2050,0.976562,25000000.000
47078,2055,3.417969,25000000.000
47079,2057,4.394531,25000000.000
47080,2067,9.277344,25000000.000
47081,2071,11.230469,25000000.000
47082,2076,13.671875,25000000.000
47083,2076,13.671875,25000000.000
47084,2081,16.113281,25000000.000
47085,2083,17.089844,25000000.000
47086,2083,17.089844,25000000.000
47087,2083,17.089844,25000000.000
47088,2082,16.601562,25000000.000
47089,2080,15.625000,25000000.000
47090,2078,14.648438,25000000.000
47091,2077,14.160156,25000000.000
47092,2070,10.742188,25000000.000
47093,2065,8.300781,25000000.000
47094,2061,6.347656,25000000.000
47095,2059,5.371094,25000000.000
47096,2050,0.976562,25000000.000
47097,2044,-1.953125,25000000.000
47098,2038,-4.882812,25000000.000
47099,2037,-5.371094,25000000.000
47100,2027,-10.253906,25000000.000
47101,2022,-12.695312,25000000.000
47102,2018,-14.648438,25000000.000
47103,2018,-14.648438,25000000.000
47104,2012,-17.578125,25000000.000
47105,2009,-19.042969,25000000.000
47106,2008,-19.531250,25000000.000
47107,2008,-19.531250,25000000.000
47108,2009,-19.042969,25000000.000
47109,2011,-18.066406,25000000.000
47110,2014,-16.601562,25000000.000
47111,2013,-17.089844,25000000.000
47112,2020,-13.671875,25000000.000
47113,2025,-11.230469,25000000.000
47114,2029,-9.277344,25000000.000
47115,2031,-8.300781,25000000.000
47116,2040,-3.906250,25000000.000
47117,2047,-0.488281,25000000.000
47118,2052,1.953125,25000000.000
47119,2053,2.441406,25000000.000
47120,2063,7.324219,25000000.000
47121,2068,9.765625,25000000.000
47122,2073,12.207031,25000000.000
47123,2073,12.207031,25000000.000
47124,2079,15.136719,25000000.000
47125,2082,16.601562,25000000.000
47126,2083,17.089844,25000000.000
47127,2083,17.089844,25000000.000
47128,2082,16.601562,25000000.000
47129,2081,16.113281,25000000.000
47130,2080,15.625000,25000000.000
47131,2080,15.625000,25000000.000
47132,2073,12.207031,25000000.000
47133,2069,10.253906,25000000.000
47134,2065,8.300781,25000000.000
47135,2064,7.812500,25000000.000
47136,2053,2.441406,25000000.000
47137,2048,0.000000,25000000.000
47138,2043,-2.441406,25000000.000
47139,2042,-2.929688,25000000.000
47140,2032,-7.812500,25000000.000
47141,2028,-9.765625,25000000.000
47142,2022,-12.695312,25000000.000
47143,2026,-10.742188,25000000.000
47144,2019,-14.160156,25000000.000
47145,2013,-17.089844,25000000.000
47146,2010,-18.554688,25000000.000
47147,2012,-17.578125,25000000.000
47148,2009,-19.042969,25000000.000
47149,2009,-19.042969,25000000.000
47150,2011,-18.066406,25000000.000
47151,2011,-18.066406,25000000.000
47152,2017,-15.136719,25000000.000
47153,2020,-13.671875,25000000.000
47154,2025,-11.230469,25000000.000
47155,2025,-11.230469,25000000.000
47156,2036,-5.859375,25000000.000
47157,2041,-3.417969,25000000.000
47158,2046,-0.976562,25000000.000
47159,2048,0.000000,25000000.000
47160,2058,4.882812,25000000.000
47161,2063,7.324219,25000000.000
47162,2067,9.277344,25000000.000
47163,2067,9.277344,25000000.000
47164,2076,13.671875,25000000.000
47165,2079,15.136719,25000000.000
47166,2080,15.625000,25000000.000
47167,2082,16.601562,25000000.000
47168,2083,17.089844,25000000.000
47169,2082,16.601562,25000000.000
47170,2081,16.113281,25000000.000
47171,2080,15.625000,25000000.000
47172,2076,13.671875,25000000.000
47173,2072,11.718750,25000000.000
47174,2067,9.277344,25000000.000
47175,2067,9.277344,25000000.000
47176,2058,4.882812,25000000.000
47177,2052,1.953125,25000000.000
47178,2047,-0.488281,25000000.000
47179,2046,-0.976562,25000000.000
47180,2036,-5.859375,25000000.000
47181,2031,-8.300781,25000000.000
47182,2027,-10.253906,25000000.000
47183,2026,-10.742188,25000000.000
47184,2017,-15.136719,25000000.000
47185,2013,-17.089844,25000000.000
47186,2011,-18.066406,25000000.000
47187,2011,-18.066406,25000000.000
47188,2009,-19.042969,25000000.000
47189,2009,-19.042969,25000000.000
47190,2009,-19.042969,25000000.000
47191,2009,-19.042969,25000000.000
47192,2013,-17.089844,25000000.000
47193,2019,-14.160156,25000000.000
47194,2021,-13.183594,25000000.000
47195,2020,-13.671875,25000000.000
47196,2028,-9.765625,25000000.000
47197,2036,-5.859375,25000000.000
47198,2041,-3.417969,25000000.000
47199,2041,-3.417969,25000000.000
47200,2052,1.953125,25000000.000
47201,2057,4.394531,25000000.000
47202,2063,7.324219,25000000.000
47203,2064,7.812500,25000000.000
47204,2073,12.207031,25000000.000
47205,2075,13.183594,25000000.000
47206,2078,14.648438,25000000.000
47207,2079,15.136719,25000000.000
47208,2081,16.113281,25000000.000
47209,2083,17.089844,25000000.000
47210,2081,16.113281,25000000.000
47211,2080,15.625000,25000000.000
47212,2078,14.648438,25000000.000
47213,2075,13.183594,25000000.000
47214,2072,11.718750,25000000.000
47215,2070,10.742188,25000000.000
47216,2061,6.347656,25000000.000
47217,2057,4.394531,25000000.000
47218,2052,1.953125,25000000.000
47219,2051,1.464844,25000000.000
47220,2041,-3.417969,25000000.000
47221,2036,-5.859375,25000000.000
47222,2030,-8.789062,25000000.000
47223,2029,-9.277344,25000000.000
47224,2021,-13.183594,25000000.000
47225,2018,-14.648438,25000000.000
47226,2014,-16.601562,25000000.000
47227,2013,-17.089844,25000000.000
47228,2010,-18.554688,25000000.000
47229,2008,-19.531250,25000000.000
47230,2008,-19.531250,25000000.000
47231,2009,-19.042969,25000000.000
47232,2011,-18.066406,25000000.000
47233,2013,-17.089844,25000000.000
47234,2016,-15.625000,25000000.000
47235,2017,-15.136719,25000000.000
47236,2025,-11.230469,25000000.000
47237,2031,-8.300781,25000000.000
47238,2036,-5.859375,25000000.000
47239,2036,-5.859375,25000000.000
47240,2048,0.000000,25000000.000
47241,2054,2.929688,25000000.000
47242,2059,5.371094,25000000.000
47243,2060,5.859375,25000000.000
47244,2068,9.765625,25000000.000
47245,2073,12.207031,25000000.000
47246,2076,13.671875,25000000.000
47247,2077,14.160156,25000000.000
47248,2081,16.113281,25000000.000
47249,2082,16.601562,25000000.000
47250,2082,16.601562,25000000.000
47251,2082,16.601562,25000000.000
47252,2080,15.625000,25000000.000
47253,2078,14.648438,25000000.000
47254,2074,12.695312,25000000.000
47255,2075,13.183594,25000000.000
47256,2067,9.277344,25000000.000
47257,2062,6.835938,25000000.000
47258,2057,4.394531,25000000.000
47259,2056,3.906250,25000000.000
47260,2046,-0.976562,25000000.000
47261,2041,-3.417969,25000000.000
47262,2035,-6.347656,25000000.000
47263,2035,-6.347656,25000000.000
47264,2026,-10.742188,25000000.000
47265,2020,-13.671875,25000000.000
47266,2017,-15.136719,25000000.000
47267,2017,-15.136719,25000000.000
47268,2012,-17.578125,25000000.000
47269,2010,-18.554688,25000000.000
47270,2009,-19.042969,25000000.000
47271,2010,-18.554688,25000000.000
47272,2011,-18.066406,25000000.000
47273,2013,-17.089844,25000000.000
47274,2016,-15.625000,25000000.000
47275,2015,-16.113281,25000000.000
47276,2022,-12.695312,25000000.000
47277,2026,-10.742188,25000000.000
47278,2032,-7.812500,25000000.000
47279,2032,-7.812500,25000000.000
47280,2043,-2.441406,25000000.000
47281,2049,0.488281,25000000.000
47282,2055,3.417969,25000000.000
47283,2054,2.929688,25000000.000
47284,2065,8.300781,25000000.000
47285,2071,11.230469,25000000.000
47286,2074,12.695312,25000000.000
47287,2074,12.695312,25000000.000
47288,2080,15.625000,25000000.000
47289,2081,16.113281,25000000.000
47290,2083,17.089844,25000000.000
47291,2083,17.089844,25000000.000
47292,2082,16.601562,25000000.000
47293,2081,16.113281,25000000.000
47294,2078,14.648438,25000000.000
47295,2078,14.648438,25000000.000
47296,2070,10.742188,25000000.000
47297,2067,9.277344,25000000.000
47298,2062,6.835938,25000000.000
47299,2061,6.347656,25000000.000
47300,2050,0.976562,25000000.000
47301,2045,-1.464844,25000000.000
47302,2039,-4.394531,25000000.000
47303,2039,-4.394531,25000000.000
47304,2029,-9.277344,25000000.000
47305,2025,-11.230469,25000000.000
47306,2020,-13.671875,25000000.000
47307,2019,-14.160156,25000000.000
47308,2014,-16.601562,25000000.000
47309,2011,-18.066406,25000000.000
47310,2010,-18.554688,25000000.000
47311,2010,-18.554688,25000000.000
47312,2009,-19.042969,25000000.000
47313,2010,-18.554688,25000000.000
47314,2012,-17.578125,25000000.000
47315,2013,-17.089844,25000000.000
47316,2019,-14.160156,25000000.000
47317,2022,-12.695312,25000000.000
47318,2028,-9.765625,25000000.000
47319,2028,-9.765625,25000000.000
47320,2038,-4.882812,25000000.000
47321,2045,-1.464844,25000000.000
47322,2050,0.976562,25000000.000
47323,2050,0.976562,25000000.000
47324,2061,6.347656,25000000.000
47325,2066,8.789062,25000000.000
47326,2070,10.742188,25000000.000
47327,2071,11.230469,25000000.000
47328,2078,14.648438,25000000.000
47329,2079,15.136719,25000000.000
47330,2083,17.089844,25000000.000
47331,2082,16.601562,25000000.000
47332,2083,17.089844,25000000.000
47333,2081,16.113281,25000000.000
47334,2080,15.625000,25000000.000
47335,2080,15.625000,25000000.000
47336,2073,12.207031,25000000.000
47337,2070,10.742188,25000000.000
47338,2065,8.300781,25000000.000
47339,2065,8.300781,25000000.000
47340,2055,3.417969,25000000.000
47341,2049,0.488281,25000000.000
47342,2044,-1.953125,25000000.000
47343,2043,-2.441406,25000000.000
47344,2033,-7.324219,25000000.000
47345,2028,-9.765625,25000000.000
47346,2021,-13.183594,25000000.000
47347,2022,-12.695312,25000000.000
47348,2016,-15.625000,25000000.000
47349,2013,-17.089844,25000000.000
47350,2011,-18.066406,25000000.000
47351,2011,-18.066406,25000000.000
47352,2009,-19.042969,25000000.000
47353,2009,-19.042969,25000000.000
47354,2011,-18.066406,25000000.000
47355,2011,-18.066406,25000000.000
47356,2016,-15.625000,25000000.000
47357,2020,-13.671875,25000000.000
47358,2023,-12.207031,25000000.000
47359,2024,-11.718750,25000000.000
47360,2034,-6.835938,25000000.000
47361,2040,-3.906250,25000000.000
47362,2045,-1.464844,25000000.000
47363,2045,-1.464844,25000000.000
47364,2056,3.906250,25000000.000
47365,2061,6.347656,25000000.000
47366,2067,9.277344,25000000.000
47367,2068,9.765625,25000000.000
47368,2077,14.160156,25000000.000
47369,2078,14.648438,25000000.000
47370,2079,15.136719,25000000.000
47371,2081,16.113281,25000000.000
47372,2082,16.601562,25000000.000
47373,2082,16.601562,25000000.000
47374,2081,16.113281,25000000.000
47375,2081,16.113281,25000000.000
47376,2076,13.671875,25000000.000
47377,2074,12.695312,25000000.000
47378,2068,9.765625,25000000.000
47379,2069,10.253906,25000000.000
47380,2059,5.371094,25000000.000
47381,2054,2.929688,25000000.000
47382,2048,0.000000,25000000.000
47383,2048,0.000000,25000000.000
47384,2037,-5.371094,25000000.000
47385,2033,-7.324219,25000000.000
47386,2026,-10.742188,25000000.000
47387,2027,-10.253906,25000000.000
47388,2018,-14.648438,25000000.000
47389,2015,-16.113281,25000000.000
47390,2011,-18.066406,25000000.000
47391,2012,-17.578125,25000000.000
47392,2008,-19.531250,25000000.000
47393,2008,-19.531250,25000000.000
47394,2009,-19.042969,25000000.000
47395,2010,-18.554688,25000000.000
47396,2013,-17.089844,25000000.000
47397,2016,-15.625000,25000000.000
47398,2020,-13.671875,25000000.000
47399,2020,-13.671875,25000000.000
47400,2029,-9.277344,25000000.000
47401,2034,-6.835938,25000000.000
47402,2039,-4.394531,25000000.000
47403,2041,-3.417969,25000000.000
47404,2050,0.976562,25000000.000
47405,2057,4.394531,25000000.000
47406,2062,6.835938,25000000.000
47407,2062,6.835938,25000000.000
47408,2071,11.230469,25000000.000
47409,2076,13.671875,25000000.000
47410,2077,14.160156,25000000.000
47411,2079,15.136719,25000000.000
47412,2082,16.601562,25000000.000
47413,2082,16.601562,25000000.000
47414,2082,16.601562,25000000.000
47415,2082,16.601562,25000000.000
47416,2078,14.648438,25000000.000
47417,2075,13.183594,25000000.000
47418,2073,12.207031,25000000.000
47419,2072,11.718750,25000000.000
47420,2063,7.324219,25000000.000
47421,2058,4.882812,25000000.000
47422,2054,2.929688,25000000.000
47423,2053,2.441406,25000000.000
47424,2042,-2.929688,25000000.000
47425,2037,-5.371094,25000000.000
47426,2031,-8.300781,25000000.000
47427,2031,-8.300781,25000000.000
47428,2021,-13.183594,25000000.000
47429,2017,-15.136719,25000000.000
47430,2015,-16.113281,25000000.000
47431,2014,-16.601562,25000000.000
47432,2010,-18.554688,25000000.000
47433,2009,-19.042969,25000000.000
47434,2009,-19.042969,25000000.000
47435,2008,-19.531250,25000000.000
47436,2011,-18.066406,25000000.000
47437,2015,-16.113281,25000000.000
47438,2017,-15.136719,25000000.000
47439,2017,-15.136719,25000000.000
47440,2026,-10.742188,25000000.000
47441,2030,-8.789062,25000000.000
47442,2034,-6.835938,25000000.000
47443,2034,-6.835938,25000000.000
47444,2047,-0.488281,25000000.000
47445,2052,1.953125,25000000.000
47446,2056,3.906250,25000000.000
47447,2058,4.882812,25000000.000
47448,2068,9.765625,25000000.000
47449,2072,11.718750,25000000.000
47450,2076,13.671875,25000000.000
47451,2076,13.671875,25000000.000
47452,2082,16.601562,25000000.000
47453,2082,16.601562,25000000.000
47454,2082,16.601562,25000000.000
47455,2083,17.089844,25000000.000
47456,2080,15.625000,25000000.000
47457,2079,15.136719,25000000.000
47458,2077,14.160156,25000000.000
47459,2075,13.183594,25000000.000
47460,2066,8.789062,25000000.000
47461,2064,7.812500,25000000.000
47462,2060,5.859375,25000000.000
47463,2057,4.394531,25000000.000
47464,2047,-0.488281,25000000.000
47465,2042,-2.929688,25000000.000
47466,2036,-5.859375,25000000.000
47467,2036,-5.859375,25000000.000
47468,2025,-11.230469,25000000.000
47469,2021,-13.183594,25000000.000
47470,2017,-15.136719,25000000.000
47471,2018,-14.648438,25000000.000
47472,2011,-18.066406,25000000.000
47473,2010,-18.554688,25000000.000
47474,2009,-19.042969,25000000.000
47475,2010,-18.554688,25000000.000
47476,2010,-18.554688,25000000.000
47477,2012,-17.578125,25000000.000
47478,2014,-16.601562,25000000.000
47479,2015,-16.113281,25000000.000
47480,2022,-12.695312,25000000.000
47481,2027,-10.253906,25000000.000
47482,2032,-7.812500,25000000.000
47483,2033,-7.324219,25000000.000
47484,2042,-2.929688,25000000.000
47485,2049,0.488281,25000000.000
47486,2054,2.929688,25000000.000
47487,2055,3.417969,25000000.000
47488,2065,8.300781,25000000.000
47489,2069,10.253906,25000000.000
47490,2075,13.183594,25000000.000
47491,2072,11.718750,25000000.000
47492,2076,13.671875,25000000.000
47493,2081,16.113281,25000000.000
47494,2083,17.089844,25000000.000
47495,2083,17.089844,25000000.000
47496,2082,16.601562,25000000.000
47497,2081,16.113281,25000000.000
47498,2079,15.136719,25000000.000
47499,2079,15.136719,25000000.000
47500,2073,12.207031,25000000.000
47501,2067,9.277344,25000000.000
47502,2063,7.324219,25000000.000
47503,2062,6.835938,25000000.000
47504,2052,1.953125,25000000.000
47505,2046,-0.976562,25000000.000
47506,2041,-3.417969,25000000.000
47507,2041,-3.417969,25000000.000
47508,2030,-8.789062,25000000.000
47509,2025,-11.230469,25000000.000
47510,2021,-13.183594,25000000.000
47511,2021,-13.183594,25000000.000
47512,2015,-16.113281,25000000.000
47513,2012,-17.578125,25000000.000
47514,2010,-18.554688,25000000.000
47515,2011,-18.066406,25000000.000
47516,2010,-18.554688,25000000.000
47517,2011,-18.066406,25000000.000
47518,2013,-17.089844,25000000.000
47519,2013,-17.089844,25000000.000
47520,2019,-14.160156,25000000.000
47521,2023,-12.207031,25000000.000
47522,2027,-10.253906,25000000.000
47523,2026,-10.742188,25000000.000
47524,2037,-5.371094,25000000.000
47525,2042,-2.929688,25000000.000
47526,2048,0.000000,25000000.000
47527,2049,0.488281,25000000.000
47528,2060,5.859375,25000000.000
47529,2065,8.300781,25000000.000
47530,2069,10.253906,25000000.000
47531,2070,10.742188,25000000.000
47532,2077,14.160156,25000000.000
47533,2080,15.625000,25000000.000
47534,2082,16.601562,25000000.000
47535,2082,16.601562,25000000.000
47536,2083,17.089844,25000000.000
47537,2082,16.601562,25000000.000
47538,2080,15.625000,25000000.000
47539,2080,15.625000,25000000.000
47540,2075,13.183594,25000000.000
47541,2072,11.718750,25000000.000
47542,2068,9.765625,25000000.000
47543,2063,7.324219,25000000.000
47544,2055,3.417969,25000000.000
47545,2051,1.464844,25000000.000
47546,2045,-1.464844,25000000.000
47547,2044,-1.953125,25000000.000
47548,2035,-6.347656,25000000.000
47549,2029,-9.277344,25000000.000
47550,2024,-11.718750,25000000.000
47551,2024,-11.718750,25000000.000
47552,2017,-15.136719,25000000.000
47553,2013,-17.089844,25000000.000
47554,2012,-17.578125,25000000.000
47555,2010,-18.554688,25000000.000
47556,2009,-19.042969,25000000.000
47557,2008,-19.531250,25000000.000
47558,2009,-19.042969,25000000.000
47559,2010,-18.554688,25000000.000
47560,2014,-16.601562,25000000.000
47561,2017,-15.136719,25000000.000
47562,2022,-12.695312,25000000.000
47563,2022,-12.695312,25000000.000
47564,2033,-7.324219,25000000.000
47565,2037,-5.371094,25000000.000
47566,2043,-2.441406,25000000.000
47567,2044,-1.953125,25000000.000
47568,2054,2.929688,25000000.000
47569,2060,5.859375,25000000.000
47570,2065,8.300781,25000000.000
47571,2065,8.300781,25000000.000
47572,2073,12.207031,25000000.000
47573,2078,14.648438,25000000.000
47574,2079,15.136719,25000000.000
47575,2079,15.136719,25000000.000
47576,2083,17.089844,25000000.000
47577,2083,17.089844,25000000.000
47578,2081,16.113281,25000000.000
47579,2081,16.113281,25000000.000
47580,2077,14.160156,25000000.000
47581,2074,12.695312,25000000.000
47582,2070,10.742188,25000000.000
47583,2070,10.742188,25000000.000
47584,2061,6.347656,25000000.000
47585,2057,4.394531,25000000.000
47586,2050,0.976562,25000000.000
47587,2049,0.488281,25000000.000
47588,2038,-4.882812,25000000.000
47589,2034,-6.835938,25000000.000
47590,2028,-9.765625,25000000.000
47591,2027,-10.253906,25000000.000
47592,2019,-14.160156,25000000.000
47593,2015,-16.113281,25000000.000
47594,2012,-17.578125,25000000.000
47595,2012,-17.578125,25000000.000
47596,2009,-19.042969,25000000.000
47597,2008,-19.531250,25000000.000
47598,2009,-19.042969,25000000.000
47599,2008,-19.531250,25000000.000
47600,2012,-17.578125,25000000.000
47601,2013,-17.089844,25000000.000
47602,2019,-14.160156,25000000.000
47603,2018,-14.648438,25000000.000
47604,2028,-9.765625,25000000.000
47605,2034,-6.835938,25000000.000
47606,2039,-4.394531,25000000.000
47607,2039,-4.394531,25000000.000
47608,2050,0.976562,25000000.000
47609,2055,3.417969,25000000.000
47610,2061,6.347656,25000000.000
47611,2062,6.835938,25000000.000
47612,2071,11.230469,25000000.000
47613,2072,11.718750,25000000.000
47614,2078,14.648438,25000000.000
47615,2079,15.136719,25000000.000
47616,2081,16.113281,25000000.000
47617,2082,16.601562,25000000.000
47618,2083,17.089844,25000000.000
47619,2083,17.089844,25000000.000
47620,2079,15.136719,25000000.000
47621,2077,14.160156,25000000.000
47622,2075,13.183594,25000000.000
47623,2073,12.207031,25000000.000
47624,2065,8.300781,25000000.000
47625,2060,5.859375,25000000.000
47626,2054,2.929688,25000000.000
47627,2053,2.441406,25000000.000
47628,2042,-2.929688,25000000.000
47629,2037,-5.371094,25000000.000
47630,2032,-7.812500,25000000.000
47631,2032,-7.812500,25000000.000
47632,2023,-12.207031,25000000.000
47633,2018,-14.648438,25000000.000
47634,2015,-16.113281,25000000.000
47635,2015,-16.113281,25000000.000
47636,2010,-18.554688,25000000.000
47637,2010,-18.554688,25000000.000
47638,2009,-19.042969,25000000.000
47639,2009,-19.042969,25000000.000
47640,2010,-18.554688,25000000.000
47641,2013,-17.089844,25000000.000
47642,2016,-15.625000,25000000.000
47643,2017,-15.136719,25000000.000
47644,2024,-11.718750,25000000.000
47645,2029,-9.277344,25000000.000
47646,2034,-6.835938,25000000.000
47647,2035,-6.347656,25000000.000
47648,2045,-1.464844,25000000.000
47649,2052,1.953125,25000000.000
47650,2057,4.394531,25000000.000
47651,2058,4.882812,25000000.000
47652,2067,9.277344,25000000.000
47653,2071,11.230469,25000000.000
47654,2076,13.671875,25000000.000
47655,2076,13.671875,25000000.000
47656,2080,15.625000,25000000.000
47657,2082,16.601562,25000000.000
47658,2084,17.578125,25000000.000
47659,2083,17.089844,25000000.000
47660,2081,16.113281,25000000.000
47661,2079,15.136719,25000000.000
47662,2077,14.160156,25000000.000
47663,2077,14.160156,25000000.000
47664,2068,9.765625,25000000.000
47665,2064,7.812500,25000000.000
47666,2059,5.371094,25000000.000
47667,2059,5.371094,25000000.000
47668,2049,0.488281,25000000.000
47669,2043,-2.441406,25000000.000
47670,2038,-4.882812,25000000.000
47671,2037,-5.371094,25000000.000
47672,2028,-9.765625,25000000.000
47673,2023,-12.207031,25000000.000
47674,2019,-14.160156,25000000.000
47675,2019,-14.160156,25000000.000
47676,2014,-16.601562,25000000.000
47677,2022,-12.695312,25000000.000
47678,2018,-14.648438,25000000.000
47679,2012,-17.578125,25000000.000
47680,2010,-18.554688,25000000.000
47681,2012,-17.578125,25000000.000
47682,2016,-15.625000,25000000.000
47683,2015,-16.113281,25000000.000
47684,2018,-14.648438,25000000.000
47685,2025,-11.230469,25000000.000
47686,2028,-9.765625,25000000.000
47687,2029,-9.277344,25000000.000
47688,2040,-3.906250,25000000.000
47689,2046,-0.976562,25000000.000
47690,2051,1.464844,25000000.000
47691,2051,1.464844,25000000.000
47692,2062,6.835938,25000000.000
47693,2067,9.277344,25000000.000
47694,2072,11.718750,25000000.000
47695,2073,12.207031,25000000.000
47696,2079,15.136719,25000000.000
47697,2082,16.601562,25000000.000
47698,2083,17.089844,25000000.000
47699,2083,17.089844,25000000.000
47700,2083,17.089844,25000000.000
47701,2081,16.113281,25000000.000
47702,2080,15.625000,25000000.000
47703,2080,15.625000,25000000.000
47704,2073,12.207031,25000000.000
47705,2068,9.765625,25000000.000
47706,2063,7.324219,25000000.000
47707,2064,7.812500,25000000.000
47708,2053,2.441406,25000000.000
47709,2048,0.000000,25000000.000
47710,2043,-2.441406,25000000.000
47711,2041,-3.417969,25000000.000
47712,2032,-7.812500,25000000.000
47713,2026,-10.742188,25000000.000
47714,2021,-13.183594,25000000.000
47715,2020,-13.671875,25000000.000
47716,2014,-16.601562,25000000.000
47717,2011,-18.066406,25000000.000
47718,2010,-18.554688,25000000.000
47719,2010,-18.554688,25000000.000
47720,2009,-19.042969,25000000.000
47721,2010,-18.554688,25000000.000
47722,2011,-18.066406,25000000.000
47723,2012,-17.578125,25000000.000
47724,2018,-14.648438,25000000.000
47725,2021,-13.183594,25000000.000
47726,2026,-10.742188,25000000.000
47727,2026,-10.742188,25000000.000
47728,2036,-5.859375,25000000.000
47729,2042,-2.929688,25000000.000
47730,2048,0.000000,25000000.000
47731,2047,-0.488281,25000000.000
47732,2060,5.859375,25000000.000
47733,2065,8.300781,25000000.000
47734,2068,9.765625,25000000.000
47735,2069,10.253906,25000000.000
47736,2078,14.648438,25000000.000
47737,2079,15.136719,25000000.000
47738,2081,16.113281,25000000.000
47739,2082,16.601562,25000000.000
47740,2083,17.089844,25000000.000
47741,2082,16.601562,25000000.000
47742,2080,15.625000,25000000.000
47743,2080,15.625000,25000000.000
47744,2076,13.671875,25000000.000
47745,2072,11.718750,25000000.000
47746,2067,9.277344,25000000.000
47747,2067,9.277344,25000000.000
47748,2057,4.394531,25000000.000
47749,2052,1.953125,25000000.000
47750,2046,-0.976562,25000000.000
47751,2046,-0.976562,25000000.000
47752,2034,-6.835938,25000000.000
47753,2030,-8.789062,25000000.000
47754,2024,-11.718750,25000000.000
47755,2024,-11.718750,25000000.000
47756,2017,-15.136719,25000000.000
47757,2013,-17.089844,25000000.000
47758,2010,-18.554688,25000000.000
47759,2011,-18.066406,25000000.000
47760,2008,-19.531250,25000000.000
47761,2008,-19.531250,25000000.000
47762,2009,-19.042969,25000000.000
47763,2009,-19.042969,25000000.000
47764,2014,-16.601562,25000000.000
47765,2017,-15.136719,25000000.000
47766,2021,-13.183594,25000000.000
47767,2021,-13.183594,25000000.000
47768,2031,-8.300781,25000000.000
47769,2036,-5.859375,25000000.000
47770,2041,-3.417969,25000000.000
47771,2042,-2.929688,25000000.000
47772,2053,2.441406,25000000.000
47773,2057,4.394531,25000000.000
47774,2064,7.812500,25000000.000
47775,2064,7.812500,25000000.000
47776,2072,11.718750,25000000.000
47777,2076,13.671875,25000000.000
47778,2079,15.136719,25000000.000
47779,2079,15.136719,25000000.000
47780,2083,17.089844,25000000.000
47781,2082,16.601562,25000000.000
47782,2081,16.113281,25000000.000
47783,2082,16.601562,25000000.000
47784,2077,14.160156,25000000.000
47785,2075,13.183594,25000000.000
47786,2071,11.230469,25000000.000
47787,2069,10.253906,25000000.000
47788,2061,6.347656,25000000.000
47789,2056,3.906250,25000000.000
47790,2051,1.464844,25000000.000
47791,2051,1.464844,25000000.000
47792,2040,-3.906250,25000000.000
47793,2033,-7.324219,25000000.000
47794,2029,-9.277344,25000000.000
47795,2029,-9.277344,25000000.000
47796,2020,-13.671875,25000000.000
47797,2016,-15.625000,25000000.000
47798,2014,-16.601562,25000000.000
47799,2013,-17.089844,25000000.000
47800,2009,-19.042969,25000000.000
47801,2008,-19.531250,25000000.000
47802,2009,-19.042969,25000000.000
47803,2009,-19.042969,25000000.000
47804,2011,-18.066406,25000000.000
47805,2014,-16.601562,25000000.000
47806,2017,-15.136719,25000000.000
47807,2018,-14.648438,25000000.000
47808,2026,-10.742188,25000000.000
47809,2031,-8.300781,25000000.000
47810,2037,-5.371094,25000000.000
47811,2037,-5.371094,25000000.000
47812,2049,0.488281,25000000.000
47813,2054,2.929688,25000000.000
47814,2060,5.859375,25000000.000
47815,2060,5.859375,25000000.000
47816,2070,10.742188,25000000.000
47817,2074,12.695312,25000000.000
47818,2077,14.160156,25000000.000
47819,2077,14.160156,25000000.000
47820,2082,16.601562,25000000.000
47821,2082,16.601562,25000000.000
47822,2082,16.601562,25000000.000
47823,2082,16.601562,25000000.000
47824,2080,15.625000,25000000.000
47825,2078,14.648438,25000000.000
47826,2073,12.207031,25000000.000
47827,2074,12.695312,25000000.000
47828,2067,9.277344,25000000.000
47829,2060,5.859375,25000000.000
47830,2055,3.417969,25000000.000
47831,2055,3.417969,25000000.000
47832,2045,-1.464844,25000000.000
47833,2039,-4.394531,25000000.000
47834,2034,-6.835938,25000000.000
47835,2033,-7.324219,25000000.000
47836,2023,-12.207031,25000000.000
47837,2020,-13.671875,25000000.000
47838,2016,-15.625000,25000000.000
47839,2014,-16.601562,25000000.000
47840,2007,-20.019531,25000000.000
47841,2011,-18.066406,25000000.000
47842,2010,-18.554688,25000000.000
47843,2008,-19.531250,25000000.000
47844,2011,-18.066406,25000000.000
47845,2013,-17.089844,25000000.000
47846,2015,-16.113281,25000000.000
47847,2016,-15.625000,25000000.000
47848,2023,-12.207031,25000000.000
47849,2028,-9.765625,25000000.000
47850,2033,-7.324219,25000000.000
47851,2034,-6.835938,25000000.000
47852,2045,-1.464844,25000000.000
47853,2050,0.976562,25000000.000
47854,2055,3.417969,25000000.000
47855,2057,4.394531,25000000.000
47856,2066,8.789062,25000000.000
47857,2072,11.718750,25000000.000
47858,2075,13.183594,25000000.000
47859,2075,13.183594,25000000.000
47860,2080,15.625000,25000000.000
47861,2082,16.601562,25000000.000
47862,2083,17.089844,25000000.000
47863,2083,17.089844,25000000.000
47864,2081,16.113281,25000000.000
47865,2080,15.625000,25000000.000
47866,2077,14.160156,25000000.000
47867,2078,14.648438,25000000.000
47868,2070,10.742188,25000000.000
47869,2066,8.789062,25000000.000
47870,2061,6.347656,25000000.000
47871,2061,6.347656,25000000.000
47872,2049,0.488281,25000000.000
47873,2044,-1.953125,25000000.000
47874,2039,-4.394531,25000000.000
47875,2038,-4.882812,25000000.000
47876,2028,-9.765625,25000000.000
47877,2025,-11.230469,25000000.000
47878,2019,-14.160156,25000000.000
47879,2019,-14.160156,25000000.000
47880,2013,-17.089844,25000000.000
47881,2011,-18.066406,25000000.000
47882,2009,-19.042969,25000000.000
47883,2009,-19.042969,25000000.000
47884,2010,-18.554688,25000000.000
47885,2010,-18.554688,25000000.000
47886,2012,-17.578125,25000000.000
47887,2013,-17.089844,25000000.000
47888,2019,-14.160156,25000000.000
47889,2023,-12.207031,25000000.000
47890,2032,-7.812500,25000000.000
47891,2029,-9.277344,25000000.000
47892,2037,-5.371094,25000000.000
47893,2045,-1.464844,25000000.000
47894,2051,1.464844,25000000.000
47895,2052,1.953125,25000000.000
47896,2063,7.324219,25000000.000
47897,2068,9.765625,25000000.000
47898,2072,11.718750,25000000.000
47899,2073,12.207031,25000000.000
47900,2079,15.136719,25000000.000
47901,2080,15.625000,25000000.000
47902,2083,17.089844,25000000.000
47903,2082,16.601562,25000000.000
47904,2084,17.578125,25000000.000
47905,2082,16.601562,25000000.000
47906,2080,15.625000,25000000.000
47907,2079,15.136719,25000000.000
47908,2074,12.695312,25000000.000
47909,2070,10.742188,25000000.000
47910,2065,8.300781,25000000.000
47911,2065,8.300781,25000000.000
47912,2056,3.906250,25000000.000
47913,2049,0.488281,25000000.000
47914,2044,-1.953125,25000000.000
47915,2043,-2.441406,25000000.000
47916,2032,-7.812500,25000000.000
47917,2028,-9.765625,25000000.000
47918,2023,-12.207031,25000000.000
47919,2023,-12.207031,25000000.000
47920,2014,-16.601562,25000000.000
47921,2014,-16.601562,25000000.000
47922,2011,-18.066406,25000000.000
47923,2012,-17.578125,25000000.000
47924,2009,-19.042969,25000000.000
47925,2010,-18.554688,25000000.000
47926,2011,-18.066406,25000000.000
47927,2010,-18.554688,25000000.000
47928,2017,-15.136719,25000000.000
47929,2020,-13.671875,25000000.000
47930,2025,-11.230469,25000000.000
47931,2024,-11.718750,25000000.000
47932,2035,-6.347656,25000000.000
47933,2041,-3.417969,25000000.000
47934,2045,-1.464844,25000000.000
47935,2047,-0.488281,25000000.000
47936,2057,4.394531,25000000.000
47937,2061,6.347656,25000000.000
47938,2067,9.277344,25000000.000
47939,2067,9.277344,25000000.000
47940,2076,13.671875,25000000.000
47941,2078,14.648438,25000000.000
47942,2081,16.113281,25000000.000
47943,2081,16.113281,25000000.000
47944,2082,16.601562,25000000.000
47945,2083,17.089844,25000000.000
47946,2081,16.113281,25000000.000
47947,2081,16.113281,25000000.000
47948,2076,13.671875,25000000.000
47949,2074,12.695312,25000000.000
47950,2068,9.765625,25000000.000
47951,2069,10.253906,25000000.000
47952,2058,4.882812,25000000.000
47953,2053,2.441406,25000000.000
47954,2048,0.000000,25000000.000
47955,2047,-0.488281,25000000.000
47956,2037,-5.371094,25000000.000
47957,2032,-7.812500,25000000.000
47958,2027,-10.253906,25000000.000
47959,2026,-10.742188,25000000.000
47960,2017,-15.136719,25000000.000
47961,2014,-16.601562,25000000.000
47962,2011,-18.066406,25000000.000
47963,2010,-18.554688,25000000.000
47964,2008,-19.531250,25000000.000
47965,2008,-19.531250,25000000.000
47966,2009,-19.042969,25000000.000
47967,2009,-19.042969,25000000.000
47968,2013,-17.089844,25000000.000
47969,2016,-15.625000,25000000.000
47970,2020,-13.671875,25000000.000
47971,2020,-13.671875,25000000.000
47972,2029,-9.277344,25000000.000
47973,2035,-6.347656,25000000.000
47974,2040,-3.906250,25000000.000
47975,2040,-3.906250,25000000.000
47976,2052,1.953125,25000000.000
47977,2057,4.394531,25000000.000
47978,2063,7.324219,25000000.000
47979,2063,7.324219,25000000.000
47980,2072,11.718750,25000000.000
47981,2075,13.183594,25000000.000
47982,2079,15.136719,25000000.000
47983,2079,15.136719,25000000.000
47984,2082,16.601562,25000000.000
47985,2083,17.089844,25000000.000
47986,2082,16.601562,25000000.000
47987,2081,16.113281,25000000.000
47988,2078,14.648438,25000000.000
47989,2076,13.671875,25000000.000
47990,2072,11.718750,25000000.000
47991,2071,11.230469,25000000.000
47992,2063,7.324219,25000000.000
47993,2058,4.882812,25000000.000
47994,2053,2.441406,25000000.000
47995,2052,1.953125,25000000.000
47996,2041,-3.417969,25000000.000
47997,2036,-5.859375,25000000.000
47998,2030,-8.789062,25000000.000
47999,2030,-8.789062,25000000.000
48000,2021,-13.183594,25000000.000
48001,2017,-15.136719,25000000.000
48002,2014,-16.601562,25000000.000
48003,2014,-16.601562,25000000.000
48004,2010,-18.554688,25000000.000
48005,2009,-19.042969,25000000.000
48006,2009,-19.042969,25000000.000
48007,2009,-19.042969,25000000.000
48008,2011,-18.066406,25000000.000
48009,2014,-16.601562,25000000.000
48010,2017,-15.136719,25000000.000
48011,2018,-14.648438,25000000.000
48012,2025,-11.230469,25000000.000
48013,2030,-8.789062,25000000.000
48014,2036,-5.859375,25000000.000
48015,2037,-5.371094,25000000.000
48016,2046,-0.976562,25000000.000
48017,2053,2.441406,25000000.000
48018,2059,5.371094,25000000.000
48019,2057,4.394531,25000000.000
48020,2069,10.253906,25000000.000
48021,2073,12.207031,25000000.000
48022,2077,14.160156,25000000.000
48023,2077,14.160156,25000000.000
48024,2081,16.113281,25000000.000
48025,2083,17.089844,25000000.000
48026,2082,16.601562,25000000.000
48027,2082,16.601562,25000000.000
48028,2080,15.625000,25000000.000
48029,2078,14.648438,25000000.000
48030,2075,13.183594,25000000.000
48031,2075,13.183594,25000000.000
48032,2067,9.277344,25000000.000
48033,2063,7.324219,25000000.000
48034,2057,4.394531,25000000.000
48035,2057,4.394531,25000000.000
48036,2047,-0.488281,25000000.000
48037,2040,-3.906250,25000000.000
48038,2035,-6.347656,25000000.000
48039,2034,-6.835938,25000000.000
48040,2025,-11.230469,25000000.000
48041,2021,-13.183594,25000000.000
48042,2018,-14.648438,25000000.000
48043,2017,-15.136719,25000000.000
48044,2012,-17.578125,25000000.000
48045,2010,-18.554688,25000000.000
48046,2010,-18.554688,25000000.000
48047,2008,-19.531250,25000000.000
48048,2010,-18.554688,25000000.000
48049,2013,-17.089844,25000000.000
48050,2015,-16.113281,25000000.000
48051,2015,-16.113281,25000000.000
48052,2024,-11.718750,25000000.000
48053,2027,-10.253906,25000000.000
48054,2032,-7.812500,25000000.000
48055,2033,-7.324219,25000000.000
48056,2043,-2.441406,25000000.000
48057,2049,0.488281,25000000.000
48058,2055,3.417969,25000000.000
48059,2055,3.417969,25000000.000
48060,2065,8.300781,25000000.000
48061,2070,10.742188,25000000.000
48062,2075,13.183594,25000000.000
48063,2074,12.695312,25000000.000
48064,2081,16.113281,25000000.000
48065,2082,16.601562,25000000.000
48066,2083,17.089844,25000000.000
48067,2082,16.601562,25000000.000
48068,2082,16.601562,25000000.000
48069,2081,16.113281,25000000.000
48070,2080,15.625000,25000000.000
48071,2078,14.648438,25000000.000
48072,2071,11.230469,25000000.000
48073,2067,9.277344,25000000.000
48074,2062,6.835938,25000000.000
48075,2062,6.835938,25000000.000
48076,2050,0.976562,25000000.000
48077,2046,-0.976562,25000000.000
48078,2040,-3.906250,25000000.000
48079,2040,-3.906250,25000000.000
48080,2030,-8.789062,25000000.000
48081,2025,-11.230469,25000000.000
48082,2021,-13.183594,25000000.000
48083,2021,-13.183594,25000000.000
48084,2014,-16.601562,25000000.000
48085,2011,-18.066406,25000000.000
48086,2009,-19.042969,25000000.000
48087,2010,-18.554688,25000000.000
48088,2009,-19.042969,25000000.000
48089,2010,-18.554688,25000000.000
48090,2012,-17.578125,25000000.000
48091,2013,-17.089844,25000000.000
48092,2018,-14.648438,25000000.000
48093,2023,-12.207031,25000000.000
48094,2027,-10.253906,25000000.000
48095,2028,-9.765625,25000000.000
48096,2039,-4.394531,25000000.000
48097,2044,-1.953125,25000000.000
48098,2050,0.976562,25000000.000
48099,2050,0.976562,25000000.000
48100,2061,6.347656,25000000.000
48101,2066,8.789062,25000000.000
48102,2070,10.742188,25000000.000
48103,2071,11.230469,25000000.000
48104,2078,14.648438,25000000.000
48105,2081,16.113281,25000000.000
48106,2084,17.578125,25000000.000
48107,2082,16.601562,25000000.000
48108,2082,16.601562,25000000.000
48109,2082,16.601562,25000000.000
48110,2080,15.625000,25000000.000
48111,2081,16.113281,25000000.000
48112,2074,12.695312,25000000.000
48113,2070,10.742188,25000000.000
48114,2066,8.789062,25000000.000
48115,2066,8.789062,25000000.000
48116,2054,2.929688,25000000.000
48117,2051,1.464844,25000000.000
48118,2045,-1.464844,25000000.000
48119,2044,-1.953125,25000000.000
48120,2033,-7.324219,25000000.000
48121,2028,-9.765625,25000000.000
48122,2023,-12.207031,25000000.000
48123,2023,-12.207031,25000000.000
48124,2016,-15.625000,25000000.000
48125,2014,-16.601562,25000000.000
48126,2011,-18.066406,25000000.000
48127,2011,-18.066406,25000000.000
48128,2010,-18.554688,25000000.000
48129,2009,-19.042969,25000000.000
48130,2011,-18.066406,25000000.000
48131,2011,-18.066406,25000000.000
48132,2017,-15.136719,25000000.000
48133,2019,-14.160156,25000000.000
48134,2024,-11.718750,25000000.000
48135,2025,-11.230469,25000000.000
48136,2033,-7.324219,25000000.000
48137,2039,-4.394531,25000000.000
48138,2044,-1.953125,25000000.000
48139,2046,-0.976562,25000000.000
48140,2056,3.906250,25000000.000
48141,2061,6.347656,25000000.000
48142,2067,9.277344,25000000.000
48143,2067,9.277344,25000000.000
48144,2075,13.183594,25000000.000
48145,2078,14.648438,25000000.000
48146,2080,15.625000,25000000.000
48147,2081,16.113281,25000000.000
48148,2082,16.601562,25000000.000
48149,2083,17.089844,25000000.000
48150,2081,16.113281,25000000.000
48151,2081,16.113281,25000000.000
48152,2077,14.160156,25000000.000
48153,2073,12.207031,25000000.000
48154,2070,10.742188,25000000.000
48155,2069,10.253906,25000000.000
48156,2060,5.859375,25000000.000
48157,2055,3.417969,25000000.000
48158,2049,0.488281,25000000.000
48159,2048,0.000000,25000000.000
48160,2039,-4.394531,25000000.000
48161,2032,-7.812500,25000000.000
48162,2028,-9.765625,25000000.000
48163,2028,-9.765625,25000000.000
48164,2018,-14.648438,25000000.000
48165,2015,-16.113281,25000000.000
48166,2012,-17.578125,25000000.000
48167,2012,-17.578125,25000000.000
48168,2008,-19.531250,25000000.000
48169,2009,-19.042969,25000000.000
48170,2010,-18.554688,25000000.000
48171,2009,-19.042969,25000000.000
48172,2012,-17.578125,25000000.000
48173,2015,-16.113281,25000000.000
48174,2020,-13.671875,25000000.000
48175,2019,-14.160156,25000000.000
48176,2029,-9.277344,25000000.000
48177,2034,-6.835938,25000000.000
48178,2039,-4.394531,25000000.000
48179,2039,-4.394531,25000000.000
48180,2050,0.976562,25000000.000
48181,2055,3.417969,25000000.000
48182,2061,6.347656,25000000.000
48183,2061,6.347656,25000000.000
48184,2071,11.230469,25000000.000
48185,2074,12.695312,25000000.000
48186,2077,14.160156,25000000.000
48187,2078,14.648438,25000000.000
48188,2084,17.578125,25000000.000
48189,2081,16.113281,25000000.000
48190,2081,16.113281,25000000.000
48191,2082,16.601562,25000000.000
48192,2079,15.136719,25000000.000
48193,2076,13.671875,25000000.000
48194,2072,11.718750,25000000.000
48195,2072,11.718750,25000000.000
48196,2064,7.812500,25000000.000
48197,2060,5.859375,25000000.000
48198,2054,2.929688,25000000.000
48199,2052,1.953125,25000000.000
48200,2042,-2.929688,25000000.000
48201,2036,-5.859375,25000000.000
48202,2032,-7.812500,25000000.000
48203,2030,-8.789062,25000000.000
48204,2022,-12.695312,25000000.000
48205,2017,-15.136719,25000000.000
48206,2015,-16.113281,25000000.000
48207,2014,-16.601562,25000000.000
48208,2010,-18.554688,25000000.000
48209,2008,-19.531250,25000000.000
48210,2009,-19.042969,25000000.000
48211,2008,-19.531250,25000000.000
48212,2012,-17.578125,25000000.000
48213,2013,-17.089844,25000000.000
48214,2015,-16.113281,25000000.000
48215,2017,-15.136719,25000000.000
48216,2025,-11.230469,25000000.000
48217,2028,-9.765625,25000000.000
48218,2034,-6.835938,25000000.000
48219,2035,-6.347656,25000000.000
48220,2046,-0.976562,25000000.000
48221,2052,1.953125,25000000.000
48222,2057,4.394531,25000000.000
48223,2057,4.394531,25000000.000
48224,2067,9.277344,25000000.000
48225,2072,11.718750,25000000.000
48226,2076,13.671875,25000000.000
48227,2076,13.671875,25000000.000
48228,2080,15.625000,25000000.000
48229,2082,16.601562,25000000.000
48230,2083,17.089844,25000000.000
48231,2083,17.089844,25000000.000
48232,2082,16.601562,25000000.000
48233,2081,16.113281,25000000.000
48234,2076,13.671875,25000000.000
48235,2076,13.671875,25000000.000
48236,2068,9.765625,25000000.000
48237,2064,7.812500,25000000.000
48238,2060,5.859375,25000000.000
48239,2057,4.394531,25000000.000
48240,2049,0.488281,25000000.000
48241,2042,-2.929688,25000000.000
48242,2038,-4.882812,25000000.000
48243,2036,-5.859375,25000000.000
48244,2027,-10.253906,25000000.000
48245,2022,-12.695312,25000000.000
48246,2019,-14.160156,25000000.000
48247,2017,-15.136719,25000000.000
48248,2013,-17.089844,25000000.000
48249,2013,-17.089844,25000000.000
48250,2011,-18.066406,25000000.000
48251,2009,-19.042969,25000000.000
48252,2010,-18.554688,25000000.000
48253,2012,-17.578125,25000000.000
48254,2015,-16.113281,25000000.000
48255,2014,-16.601562,25000000.000
48256,2021,-13.183594,25000000.000
48257,2025,-11.230469,25000000.000
48258,2031,-8.300781,25000000.000
48259,2032,-7.812500,25000000.000
48260,2042,-2.929688,25000000.000
48261,2047,-0.488281,25000000.000
48262,2053,2.441406,25000000.000
48263,2052,1.953125,25000000.000
48264,2064,7.812500,25000000.000
48265,2068,9.765625,25000000.000
48266,2073,12.207031,25000000.000
48267,2072,11.718750,25000000.000
48268,2080,15.625000,25000000.000
48269,2081,16.113281,25000000.000
48270,2083,17.089844,25000000.000
48271,2082,16.601562,25000000.000
48272,2081,16.113281,25000000.000
48273,2080,15.625000,25000000.000
48274,2078,14.648438,25000000.000
48275,2078,14.648438,25000000.000
48276,2072,11.718750,25000000.000
48277,2067,9.277344,25000000.000
48278,2062,6.835938,25000000.000
48279,2062,6.835938,25000000.000
48280,2052,1.953125,25000000.000
48281,2048,0.000000,25000000.000
48282,2042,-2.929688,25000000.000
48283,2040,-3.906250,25000000.000
48284,2030,-8.789062,25000000.000
48285,2025,-11.230469,25000000.000
48286,2021,-13.183594,25000000.000
48287,2020,-13.671875,25000000.000
48288,2013,-17.089844,25000000.000
48289,2012,-17.578125,25000000.000
48290,2011,-18.066406,25000000.000
48291,2011,-18.066406,25000000.000
48292,2011,-18.066406,25000000.000
48293,2011,-18.066406,25000000.000
48294,2013,-17.089844,25000000.000
48295,2013,-17.089844,25000000.000
48296,2018,-14.648438,25000000.000
48297,2022,-12.695312,25000000.000
48298,2027,-10.253906,25000000.000
48299,2027,-10.253906,25000000.000
48300,2037,-5.371094,25000000.000
48301,2042,-2.929688,25000000.000
48302,2048,0.000000,25000000.000
48303,2049,0.488281,25000000.000
48304,2058,4.882812,25000000.000
48305,2065,8.300781,25000000.000
48306,2069,10.253906,25000000.000
48307,2070,10.742188,25000000.000
48308,2078,14.648438,25000000.000
48309,2079,15.136719,25000000.000
48310,2081,16.113281,25000000.000
48311,2082,16.601562,25000000.000
48312,2083,17.089844,25000000.000
48313,2083,17.089844,25000000.000
48314,2081,16.113281,25000000.000
48315,2082,16.601562,25000000.000
48316,2077,14.160156,25000000.000
48317,2071,11.230469,25000000.000
48318,2067,9.277344,25000000.000
48319,2068,9.765625,25000000.000
48320,2058,4.882812,25000000.000
48321,2053,2.441406,25000000.000
48322,2047,-0.488281,25000000.000
48323,2045,-1.464844,25000000.000
48324,2036,-5.859375,25000000.000
48325,2031,-8.300781,25000000.000
48326,2026,-10.742188,25000000.000
48327,2025,-11.230469,25000000.000
48328,2018,-14.648438,25000000.000
48329,2014,-16.601562,25000000.000
48330,2012,-17.578125,25000000.000
48331,2012,-17.578125,25000000.000
48332,2009,-19.042969,25000000.000
48333,2009,-19.042969,25000000.000
48334,2011,-18.066406,25000000.000
48335,2010,-18.554688,25000000.000
48336,2014,-16.601562,25000000.000
48337,2019,-14.160156,25000000.000
48338,2021,-13.183594,25000000.000
48339,2022,-12.695312,25000000.000
48340,2032,-7.812500,25000000.000
48341,2038,-4.882812,25000000.000
48342,2045,-1.464844,25000000.000
48343,2045,-1.464844,25000000.000
48344,2051,1.464844,25000000.000
48345,2059,5.371094,25000000.000
48346,2065,8.300781,25000000.000
48347,2064,7.812500,25000000.000
48348,2073,12.207031,25000000.000
48349,2076,13.671875,25000000.000
48350,2079,15.136719,25000000.000
48351,2079,15.136719,25000000.000
48352,2083,17.089844,25000000.000
48353,2080,15.625000,25000000.000
48354,2080,15.625000,25000000.000
48355,2081,16.113281,25000000.000
48356,2077,14.160156,25000000.000
48357,2075,13.183594,25000000.000
48358,2070,10.742188,25000000.000
48359,2070,10.742188,25000000.000
48360,2061,6.347656,25000000.000
48361,2056,3.906250,25000000.000
48362,2050,0.976562,25000000.000
48363,2050,0.976562,25000000.000
48364,2040,-3.906250,25000000.000
48365,2035,-6.347656,25000000.000
48366,2027,-10.253906,25000000.000
48367,2028,-9.765625,25000000.000
48368,2020,-13.671875,25000000.000
48369,2016,-15.625000,25000000.000
48370,2014,-16.601562,25000000.000
48371,2012,-17.578125,25000000.000
48372,2009,-19.042969,25000000.000
48373,2008,-19.531250,25000000.000
48374,2008,-19.531250,25000000.000
48375,2008,-19.531250,25000000.000
48376,2013,-17.089844,25000000.000
48377,2014,-16.601562,25000000.000
48378,2018,-14.648438,25000000.000
48379,2018,-14.648438,25000000.000
48380,2027,-10.253906,25000000.000
48381,2032,-7.812500,25000000.000
48382,2038,-4.882812,25000000.000
48383,2037,-5.371094,25000000.000
48384,2049,0.488281,25000000.000
48385,2054,2.929688,25000000.000
48386,2060,5.859375,25000000.000
48387,2060,5.859375,25000000.000
48388,2070,10.742188,25000000.000
48389,2075,13.183594,25000000.000
48390,2076,13.671875,25000000.000
48391,2077,14.160156,25000000.000
48392,2082,16.601562,25000000.000
48393,2082,16.601562,25000000.000
48394,2082,16.601562,25000000.000
48395,2082,16.601562,25000000.000
48396,2081,16.113281,25000000.000
48397,2077,14.160156,25000000.000
48398,2073,12.207031,25000000.000
48399,2073,12.207031,25000000.000
48400,2064,7.812500,25000000.000
48401,2061,6.347656,25000000.000
48402,2055,3.417969,25000000.000
48403,2054,2.929688,25000000.000
48404,2043,-2.441406,25000000.000
48405,2039,-4.394531,25000000.000
48406,2034,-6.835938,25000000.000
48407,2034,-6.835938,25000000.000
48408,2023,-12.207031,25000000.000
48409,2018,-14.648438,25000000.000
48410,2016,-15.625000,25000000.000
48411,2016,-15.625000,25000000.000
48412,2010,-18.554688,25000000.000
48413,2010,-18.554688,25000000.000
48414,2008,-19.531250,25000000.000
48415,2008,-19.531250,25000000.000
48416,2010,-18.554688,25000000.000
48417,2013,-17.089844,25000000.000
48418,2015,-16.113281,25000000.000
48419,2015,-16.113281,25000000.000
48420,2023,-12.207031,25000000.000
48421,2028,-9.765625,25000000.000
48422,2034,-6.835938,25000000.000
48423,2033,-7.324219,25000000.000
48424,2044,-1.953125,25000000.000
48425,2050,0.976562,25000000.000
48426,2056,3.906250,25000000.000
48427,2055,3.417969,25000000.000
48428,2066,8.789062,25000000.000
48429,2071,11.230469,25000000.000
48430,2075,13.183594,25000000.000
48431,2076,13.671875,25000000.000
48432,2080,15.625000,25000000.000
48433,2082,16.601562,25000000.000
48434,2083,17.089844,25000000.000
48435,2083,17.089844,25000000.000
48436,2082,16.601562,25000000.000
48437,2080,15.625000,25000000.000
48438,2078,14.648438,25000000.000
48439,2077,14.160156,25000000.000
48440,2070,10.742188,25000000.000
48441,2065,8.300781,25000000.000
48442,2060,5.859375,25000000.000
48443,2060,5.859375,25000000.000
48444,2050,0.976562,25000000.000
48445,2044,-1.953125,25000000.000
48446,2038,-4.882812,25000000.000
48447,2039,-4.394531,25000000.000
48448,2029,-9.277344,25000000.000
48449,2024,-11.718750,25000000.000
48450,2019,-14.160156,25000000.000
48451,2019,-14.160156,25000000.000
48452,2014,-16.601562,25000000.000
48453,2011,-18.066406,25000000.000
48454,2009,-19.042969,25000000.000
48455,2010,-18.554688,25000000.000
48456,2011,-18.066406,25000000.000
48457,2011,-18.066406,25000000.000
48458,2013,-17.089844,25000000.000
48459,2014,-16.601562,25000000.000
48460,2021,-13.183594,25000000.000
48461,2024,-11.718750,25000000.000
48462,2030,-8.789062,25000000.000
48463,2030,-8.789062,25000000.000
48464,2040,-3.906250,25000000.000
48465,2046,-0.976562,25000000.000
48466,2052,1.953125,25000000.000
48467,2052,1.953125,25000000.000
48468,2061,6.347656,25000000.000
48469,2067,9.277344,25000000.000
48470,2071,11.230469,25000000.000
48471,2072,11.718750,25000000.000
48472,2079,15.136719,25000000.000
48473,2081,16.113281,25000000.000
48474,2082,16.601562,25000000.000
48475,2083,17.089844,25000000.000
48476,2082,16.601562,25000000.000
48477,2081,16.113281,25000000.000
48478,2080,15.625000,25000000.000
48479,2080,15.625000,25000000.000
48480,2073,12.207031,25000000.000
48481,2069,10.253906,25000000.000
48482,2065,8.300781,25000000.000
48483,2064,7.812500,25000000.000
48484,2054,2.929688,25000000.000
48485,2048,0.000000,25000000.000
48486,2043,-2.441406,25000000.000
48487,2042,-2.929688,25000000.000
48488,2032,-7.812500,25000000.000
48489,2027,-10.253906,25000000.000
48490,2024,-11.718750,25000000.000
48491,2023,-12.207031,25000000.000
48492,2016,-15.625000,25000000.000
48493,2013,-17.089844,25000000.000
48494,2010,-18.554688,25000000.000
48495,2011,-18.066406,25000000.000
48496,2009,-19.042969,25000000.000
48497,2010,-18.554688,25000000.000
48498,2011,-18.066406,25000000.000
48499,2012,-17.578125,25000000.000
48500,2016,-15.625000,25000000.000
48501,2020,-13.671875,25000000.000
48502,2025,-11.230469,25000000.000
48503,2025,-11.230469,25000000.000
48504,2035,-6.347656,25000000.000
48505,2040,-3.906250,25000000.000
48506,2047,-0.488281,25000000.000
48507,2047,-0.488281,25000000.000
48508,2058,4.882812,25000000.000
48509,2063,7.324219,25000000.000
48510,2067,9.277344,25000000.000
48511,2069,10.253906,25000000.000
48512,2077,14.160156,25000000.000
48513,2080,15.625000,25000000.000
48514,2082,16.601562,25000000.000
48515,2081,16.113281,25000000.000
48516,2083,17.089844,25000000.000
48517,2082,16.601562,25000000.000
48518,2081,16.113281,25000000.000
48519,2082,16.601562,25000000.000
48520,2076,13.671875,25000000.000
48521,2072,11.718750,25000000.000
48522,2069,10.253906,25000000.000
48523,2068,9.765625,25000000.000
48524,2059,5.371094,25000000.000
48525,2053,2.441406,25000000.000
48526,2048,0.000000,25000000.000
48527,2047,-0.488281,25000000.000
48528,2037,-5.371094,25000000.000
48529,2031,-8.300781,25000000.000
48530,2026,-10.742188,25000000.000
48531,2025,-11.230469,25000000.000
48532,2019,-14.160156,25000000.000
48533,2015,-16.113281,25000000.000
48534,2012,-17.578125,25000000.000
48535,2011,-18.066406,25000000.000
48536,2011,-18.066406,25000000.000
48537,2002,-22.460938,25000000.000
48538,2010,-18.554688,25000000.000
48539,2008,-19.531250,25000000.000
48540,2014,-16.601562,25000000.000
48541,2017,-15.136719,25000000.000
48542,2022,-12.695312,25000000.000
48543,2021,-13.183594,25000000.000
48544,2030,-8.789062,25000000.000
48545,2035,-6.347656,25000000.000
48546,2041,-3.417969,25000000.000
48547,2041,-3.417969,25000000.000
48548,2053,2.441406,25000000.000
48549,2058,4.882812,25000000.000
48550,2063,7.324219,25000000.000
48551,2065,8.300781,25000000.000
48552,2073,12.207031,25000000.000
48553,2077,14.160156,25000000.000
48554,2078,14.648438,25000000.000
48555,2078,14.648438,25000000.000
48556,2082,16.601562,25000000.000
48557,2082,16.601562,25000000.000
48558,2081,16.113281,25000000.000
48559,2082,16.601562,25000000.000
48560,2078,14.648438,25000000.000
48561,2075,13.183594,25000000.000
48562,2072,11.718750,25000000.000
48563,2071,11.230469,25000000.000
48564,2063,7.324219,25000000.000
48565,2057,4.394531,25000000.000
48566,2053,2.441406,25000000.000
48567,2051,1.464844,25000000.000
48568,2041,-3.417969,25000000.000
48569,2035,-6.347656,25000000.000
48570,2030,-8.789062,25000000.000
48571,2029,-9.277344,25000000.000
48572,2021,-13.183594,25000000.000
48573,2017,-15.136719,25000000.000
48574,2014,-16.601562,25000000.000
48575,2013,-17.089844,25000000.000
48576,2010,-18.554688,25000000.000
48577,2008,-19.531250,25000000.000
48578,2009,-19.042969,25000000.000
48579,2009,-19.042969,25000000.000
48580,2012,-17.578125,25000000.000
48581,2014,-16.601562,25000000.000
48582,2018,-14.648438,25000000.000
48583,2018,-14.648438,25000000.000
48584,2026,-10.742188,25000000.000
48585,2031,-8.300781,25000000.000
48586,2036,-5.859375,25000000.000
48587,2036,-5.859375,25000000.000
48588,2047,-0.488281,25000000.000
48589,2052,1.953125,25000000.000
48590,2058,4.882812,25000000.000
48591,2060,5.859375,25000000.000
48592,2068,9.765625,25000000.000
48593,2073,12.207031,25000000.000
48594,2077,14.160156,25000000.000
48595,2076,13.671875,25000000.000
48596,2080,15.625000,25000000.000
48597,2082,16.601562,25000000.000
48598,2082,16.601562,25000000.000
48599,2083,17.089844,25000000.000
48600,2079,15.136719,25000000.000
48601,2078,14.648438,25000000.000
48602,2076,13.671875,25000000.000
48603,2074,12.695312,25000000.000
48604,2067,9.277344,25000000.000
48605,2062,6.835938,25000000.000
48606,2056,3.906250,25000000.000
48607,2056,3.906250,25000000.000
48608,2045,-1.464844,25000000.000
48609,2039,-4.394531,25000000.000
48610,2035,-6.347656,25000000.000
48611,2034,-6.835938,25000000.000
48612,2025,-11.230469,25000000.000
48613,2020,-13.671875,25000000.000
48614,2017,-15.136719,25000000.000
48615,2016,-15.625000,25000000.000
48616,2011,-18.066406,25000000.000
48617,2009,-19.042969,25000000.000
48618,2009,-19.042969,25000000.000
48619,2008,-19.531250,25000000.000
48620,2009,-19.042969,25000000.000
48621,2012,-17.578125,25000000.000
48622,2014,-16.601562,25000000.000
48623,2014,-16.601562,25000000.000
48624,2022,-12.695312,25000000.000
48625,2026,-10.742188,25000000.000
48626,2032,-7.812500,25000000.000
48627,2033,-7.324219,25000000.000
48628,2043,-2.441406,25000000.000
48629,2049,0.488281,25000000.000
48630,2055,3.417969,25000000.000
48631,2055,3.417969,25000000.000
48632,2065,8.300781,25000000.000
48633,2070,10.742188,25000000.000
48634,2076,13.671875,25000000.000
48635,2074,12.695312,25000000.000
48636,2080,15.625000,25000000.000
48637,2082,16.601562,25000000.000
48638,2083,17.089844,25000000.000
48639,2082,16.601562,25000000.000
48640,2081,16.113281,25000000.000
48641,2080,15.625000,25000000.000
48642,2077,14.160156,25000000.000
48643,2077,14.160156,25000000.000
48644,2070,10.742188,25000000.000
48645,2065,8.300781,25000000.000
48646,2060,5.859375,25000000.000
48647,2059,5.371094,25000000.000
48648,2049,0.488281,25000000.000
48649,2044,-1.953125,25000000.000
48650,2039,-4.394531,25000000.000
48651,2039,-4.394531,25000000.000
48652,2029,-9.277344,25000000.000
48653,2024,-11.718750,25000000.000
48654,2020,-13.671875,25000000.000
48655,2019,-14.160156,25000000.000
48656,2013,-17.089844,25000000.000
48657,2012,-17.578125,25000000.000
48658,2010,-18.554688,25000000.000
48659,2010,-18.554688,25000000.000
48660,2010,-18.554688,25000000.000
48661,2011,-18.066406,25000000.000
48662,2014,-16.601562,25000000.000
48663,2012,-17.578125,25000000.000
48664,2019,-14.160156,25000000.000
48665,2024,-11.718750,25000000.000
48666,2029,-9.277344,25000000.000
48667,2030,-8.789062,25000000.000
48668,2039,-4.394531,25000000.000
48669,2045,-1.464844,25000000.000
48670,2051,1.464844,25000000.000
48671,2051,1.464844,25000000.000
48672,2063,7.324219,25000000.000
48673,2066,8.789062,25000000.000
48674,2071,11.230469,25000000.000
48675,2071,11.230469,25000000.000
48676,2078,14.648438,25000000.000
48677,2080,15.625000,25000000.000
48678,2082,16.601562,25000000.000
48679,2082,16.601562,25000000.000
48680,2083,17.089844,25000000.000
48681,2082,16.601562,25000000.000
48682,2080,15.625000,25000000.000
48683,2079,15.136719,25000000.000
48684,2074,12.695312,25000000.000
48685,2071,11.230469,25000000.000
48686,2066,8.789062,25000000.000
48687,2065,8.300781,25000000.000
48688,2055,3.417969,25000000.000
48689,2050,0.976562,25000000.000
48690,2045,-1.464844,25000000.000
48691,2043,-2.441406,25000000.000
48692,2034,-6.835938,25000000.000
48693,2027,-10.253906,25000000.000
48694,2024,-11.718750,25000000.000
48695,2023,-12.207031,25000000.000
48696,2016,-15.625000,25000000.000
48697,2013,-17.089844,25000000.000
48698,2012,-17.578125,25000000.000
48699,2012,-17.578125,25000000.000
48700,2010,-18.554688,25000000.000
48701,2010,-18.554688,25000000.000
48702,2011,-18.066406,25000000.000
48703,2010,-18.554688,25000000.000
48704,2016,-15.625000,25000000.000
48705,2019,-14.160156,25000000.000
48706,2023,-12.207031,25000000.000
48707,2025,-11.230469,25000000.000
48708,2033,-7.324219,25000000.000
48709,2039,-4.394531,25000000.000
48710,2044,-1.953125,25000000.000
48711,2045,-1.464844,25000000.000
48712,2056,3.906250,25000000.000
48713,2062,6.835938,25000000.000
48714,2067,9.277344,25000000.000
48715,2068,9.765625,25000000.000
48716,2074,12.695312,25000000.000
48717,2078,14.648438,25000000.000
48718,2082,16.601562,25000000.000
48719,2081,16.113281,25000000.000
48720,2083,17.089844,25000000.000
48721,2083,17.089844,25000000.000
48722,2081,16.113281,25000000.000
48723,2082,16.601562,25000000.000
48724,2077,14.160156,25000000.000
48725,2073,12.207031,25000000.000
48726,2070,10.742188,25000000.000
48727,2068,9.765625,25000000.000
48728,2058,4.882812,25000000.000
48729,2054,2.929688,25000000.000
48730,2049,0.488281,25000000.000
48731,2047,-0.488281,25000000.000
48732,2038,-4.882812,25000000.000
48733,2031,-8.300781,25000000.000
48734,2027,-10.253906,25000000.000
48735,2026,-10.742188,25000000.000
48736,2017,-15.136719,25000000.000
48737,2014,-16.601562,25000000.000
48738,2012,-17.578125,25000000.000
48739,2011,-18.066406,25000000.000
48740,2009,-19.042969,25000000.000
48741,2009,-19.042969,25000000.000
48742,2009,-19.042969,25000000.000
48743,2009,-19.042969,25000000.000
48744,2013,-17.089844,25000000.000
48745,2016,-15.625000,25000000.000
48746,2019,-14.160156,25000000.000
48747,2020,-13.671875,25000000.000
48748,2028,-9.765625,25000000.000
48749,2034,-6.835938,25000000.000
48750,2039,-4.394531,25000000.000
48751,2041,-3.417969,25000000.000
48752,2050,0.976562,25000000.000
48753,2057,4.394531,25000000.000
48754,2062,6.835938,25000000.000
48755,2062,6.835938,25000000.000
48756,2070,10.742188,25000000.000
48757,2075,13.183594,25000000.000
48758,2078,14.648438,25000000.000
48759,2079,15.136719,25000000.000
48760,2081,16.113281,25000000.000
48761,2082,16.601562,25000000.000
48762,2082,16.601562,25000000.000
48763,2081,16.113281,25000000.000
48764,2079,15.136719,25000000.000
48765,2076,13.671875,25000000.000
48766,2072,11.718750,25000000.000
48767,2072,11.718750,25000000.000
48768,2064,7.812500,25000000.000
48769,2058,4.882812,25000000.000
48770,2053,2.441406,25000000.000
48771,2052,1.953125,25000000.000
48772,2042,-2.929688,25000000.000
48773,2037,-5.371094,25000000.000
48774,2031,-8.300781,25000000.000
48775,2030,-8.789062,25000000.000
48776,2022,-12.695312,25000000.000
48777,2018,-14.648438,25000000.000
48778,2015,-16.113281,25000000.000
48779,2014,-16.601562,25000000.000
48780,2011,-18.066406,25000000.000
48781,2009,-19.042969,25000000.000
48782,2009,-19.042969,25000000.000
48783,2009,-19.042969,25000000.000
48784,2011,-18.066406,25000000.000
48785,2013,-17.089844,25000000.000
48786,2016,-15.625000,25000000.000
48787,2017,-15.136719,25000000.000
48788,2025,-11.230469,25000000.000
48789,2030,-8.789062,25000000.000
48790,2034,-6.835938,25000000.000
48791,2036,-5.859375,25000000.000
48792,2046,-0.976562,25000000.000
48793,2051,1.464844,25000000.000
48794,2058,4.882812,25000000.000
48795,2058,4.882812,25000000.000
48796,2067,9.277344,25000000.000
48797,2072,11.718750,25000000.000
48798,2075,13.183594,25000000.000
48799,2076,13.671875,25000000.000
48800,2080,15.625000,25000000.000
48801,2082,16.601562,25000000.000
48802,2082,16.601562,25000000.000
48803,2083,17.089844,25000000.000
48804,2080,15.625000,25000000.000
48805,2078,14.648438,25000000.000
48806,2076,13.671875,25000000.000
48807,2075,13.183594,25000000.000
48808,2068,9.765625,25000000.000
48809,2063,7.324219,25000000.000
48810,2058,4.882812,25000000.000
48811,2058,4.882812,25000000.000
48812,2048,0.000000,25000000.000
48813,2042,-2.929688,25000000.000
48814,2036,-5.859375,25000000.000
48815,2036,-5.859375,25000000.000
48816,2026,-10.742188,25000000.000
48817,2021,-13.183594,25000000.000
48818,2017,-15.136719,25000000.000
48819,2018,-14.648438,25000000.000
48820,2012,-17.578125,25000000.000
48821,2010,-18.554688,25000000.000
48822,2010,-18.554688,25000000.000
48823,2009,-19.042969,25000000.000
48824,2009,-19.042969,25000000.000
48825,2013,-17.089844,25000000.000
48826,2014,-16.601562,25000000.000
48827,2015,-16.113281,25000000.000
48828,2021,-13.183594,25000000.000
48829,2026,-10.742188,25000000.000
48830,2031,-8.300781,25000000.000
48831,2031,-8.300781,25000000.000
48832,2041,-3.417969,25000000.000
48833,2048,0.000000,25000000.000
48834,2054,2.929688,25000000.000
48835,2054,2.929688,25000000.000
48836,2064,7.812500,25000000.000
48837,2069,10.253906,25000000.000
48838,2074,12.695312,25000000.000
48839,2075,13.183594,25000000.000
48840,2080,15.625000,25000000.000
48841,2081,16.113281,25000000.000
48842,2083,17.089844,25000000.000
48843,2082,16.601562,25000000.000
48844,2082,16.601562,25000000.000
48845,2081,16.113281,25000000.000
48846,2079,15.136719,25000000.000
48847,2078,14.648438,25000000.000
48848,2072,11.718750,25000000.000
48849,2068,9.765625,25000000.000
48850,2062,6.835938,25000000.000
48851,2062,6.835938,25000000.000
48852,2052,1.953125,25000000.000
48853,2046,-0.976562,25000000.000
48854,2041,-3.417969,25000000.000
48855,2041,-3.417969,25000000.000
48856,2031,-8.300781,25000000.000
48857,2026,-10.742188,25000000.000
48858,2022,-12.695312,25000000.000
48859,2019,-14.160156,25000000.000
48860,2014,-16.601562,25000000.000
48861,2012,-17.578125,25000000.000
48862,2010,-18.554688,25000000.000
48863,2010,-18.554688,25000000.000
48864,2009,-19.042969,25000000.000
48865,2010,-18.554688,25000000.000
48866,2012,-17.578125,25000000.000
48867,2012,-17.578125,25000000.000
48868,2018,-14.648438,25000000.000
48869,2022,-12.695312,25000000.000
48870,2027,-10.253906,25000000.000
48871,2028,-9.765625,25000000.000
48872,2037,-5.371094,25000000.000
48873,2044,-1.953125,25000000.000
48874,2049,0.488281,25000000.000
48875,2049,0.488281,25000000.000
48876,2060,5.859375,25000000.000
48877,2066,8.789062,25000000.000
48878,2069,10.253906,25000000.000
48879,2070,10.742188,25000000.000
48880,2077,14.160156,25000000.000
48881,2080,15.625000,25000000.000
48882,2083,17.089844,25000000.000
48883,2082,16.601562,25000000.000
48884,2084,17.578125,25000000.000
48885,2081,16.113281,25000000.000
48886,2075,13.183594,25000000.000
48887,2084,17.578125,25000000.000
48888,2076,13.671875,25000000.000
48889,2089,20.019531,25000000.000
48890,2079,15.136719,25000000.000
48891,2072,11.718750,25000000.000
48892,2057,4.394531,25000000.000
48893,2049,0.488281,25000000.000
48894,2047,-0.488281,25000000.000
48895,2046,-0.976562,25000000.000
48896,2033,-7.324219,25000000.000
48897,2029,-9.277344,25000000.000
48898,2023,-12.207031,25000000.000
48899,2022,-12.695312,25000000.000
48900,2015,-16.113281,25000000.000
48901,2013,-17.089844,25000000.000
48902,2010,-18.554688,25000000.000
48903,2010,-18.554688,25000000.000
48904,2008,-19.531250,25000000.000
48905,2009,-19.042969,25000000.000
48906,2011,-18.066406,25000000.000
48907,2011,-18.066406,25000000.000
48908,2016,-15.625000,25000000.000
48909,2020,-13.671875,25000000.000
48910,2023,-12.207031,25000000.000
48911,2024,-11.718750,25000000.000
48912,2034,-6.835938,25000000.000
48913,2038,-4.882812,25000000.000
48914,2045,-1.464844,25000000.000
48915,2045,-1.464844,25000000.000
48916,2056,3.906250,25000000.000
48917,2060,5.859375,25000000.000
48918,2065,8.300781,25000000.000
48919,2066,8.789062,25000000.000
48920,2075,13.183594,25000000.000
48921,2077,14.160156,25000000.000
48922,2079,15.136719,25000000.000
48923,2080,15.625000,25000000.000
48924,2081,16.113281,25000000.000
48925,2084,17.578125,25000000.000
48926,2081,16.113281,25000000.000
48927,2081,16.113281,25000000.000
48928,2077,14.160156,25000000.000
48929,2074,12.695312,25000000.000
48930,2071,11.230469,25000000.000
48931,2069,10.253906,25000000.000
48932,2061,6.347656,25000000.000
48933,2055,3.417969,25000000.000
48934,2050,0.976562,25000000.000
48935,2048,0.000000,25000000.000
48936,2042,-2.929688,25000000.000
48937,2033,-7.324219,25000000.000
48938,2027,-10.253906,25000000.000
48939,2029,-9.277344,25000000.000
48940,2020,-13.671875,25000000.000
48941,2015,-16.113281,25000000.000
48942,2013,-17.089844,25000000.000
48943,2013,-17.089844,25000000.000
48944,2009,-19.042969,25000000.000
48945,2008,-19.531250,25000000.000
48946,2009,-19.042969,25000000.000
48947,2009,-19.042969,25000000.000
48948,2012,-17.578125,25000000.000
48949,2014,-16.601562,25000000.000
48950,2018,-14.648438,25000000.000
48951,2020,-13.671875,25000000.000
48952,2027,-10.253906,25000000.000
48953,2032,-7.812500,25000000.000
48954,2038,-4.882812,25000000.000
48955,2039,-4.394531,25000000.000
48956,2049,0.488281,25000000.000
48957,2055,3.417969,25000000.000
48958,2061,6.347656,25000000.000
48959,2061,6.347656,25000000.000
48960,2070,10.742188,25000000.000
48961,2074,12.695312,25000000.000
48962,2077,14.160156,25000000.000
48963,2078,14.648438,25000000.000
48964,2081,16.113281,25000000.000
48965,2082,16.601562,25000000.000
48966,2082,16.601562,25000000.000
48967,2082,16.601562,25000000.000
48968,2078,14.648438,25000000.000
48969,2077,14.160156,25000000.000
48970,2073,12.207031,25000000.000
48971,2072,11.718750,25000000.000
48972,2065,8.300781,25000000.000
48973,2060,5.859375,25000000.000
48974,2055,3.417969,25000000.000
48975,2055,3.417969,25000000.000
48976,2044,-1.953125,25000000.000
48977,2037,-5.371094,25000000.000
48978,2032,-7.812500,25000000.000
48979,2032,-7.812500,25000000.000
48980,2022,-12.695312,25000000.000
48981,2018,-14.648438,25000000.000
48982,2015,-16.113281,25000000.000
48983,2014,-16.601562,25000000.000
48984,2010,-18.554688,25000000.000
48985,2009,-19.042969,25000000.000
48986,2008,-19.531250,25000000.000
48987,2008,-19.531250,25000000.000
48988,2010,-18.554688,25000000.000
48989,2012,-17.578125,25000000.000
48990,2015,-16.113281,25000000.000
48991,2015,-16.113281,25000000.000
48992,2024,-11.718750,25000000.000
48993,2028,-9.765625,25000000.000
48994,2035,-6.347656,25000000.000
48995,2034,-6.835938,25000000.000
48996,2045,-1.464844,25000000.000
48997,2050,0.976562,25000000.000
48998,2057,4.394531,25000000.000
48999,2057,4.394531,25000000.000
49000,2067,9.277344,25000000.000
49001,2071,11.230469,25000000.000
49002,2076,13.671875,25000000.000
49003,2075,13.183594,25000000.000
49004,2080,15.625000,25000000.000
49005,2082,16.601562,25000000.000
49006,2082,16.601562,25000000.000
49007,2082,16.601562,25000000.000
49008,2081,16.113281,25000000.000
49009,2079,15.136719,25000000.000
49010,2074,12.695312,25000000.000
49011,2076,13.671875,25000000.000
49012,2069,10.253906,25000000.000
49013,2064,7.812500,25000000.000
49014,2059,5.371094,25000000.000
49015,2060,5.859375,25000000.000
49016,2048,0.000000,25000000.000
49017,2043,-2.441406,25000000.000
49018,2037,-5.371094,25000000.000
49019,2036,-5.859375,25000000.000
49020,2027,-10.253906,25000000.000
49021,2022,-12.695312,25000000.000
49022,2019,-14.160156,25000000.000
49023,2019,-14.160156,25000000.000
49024,2012,-17.578125,25000000.000
49025,2010,-18.554688,25000000.000
49026,2010,-18.554688,25000000.000
49027,2010,-18.554688,25000000.000
49028,2010,-18.554688,25000000.000
49029,2011,-18.066406,25000000.000
49030,2014,-16.601562,25000000.000
49031,2014,-16.601562,25000000.000
49032,2021,-13.183594,25000000.000
49033,2025,-11.230469,25000000.000
49034,2029,-9.277344,25000000.000
49035,2031,-8.300781,25000000.000
49036,2040,-3.906250,25000000.000
49037,2048,0.000000,25000000.000
49038,2053,2.441406,25000000.000
49039,2053,2.441406,25000000.000
49040,2064,7.812500,25000000.000
49041,2067,9.277344,25000000.000
49042,2072,11.718750,25000000.000
49043,2072,11.718750,25000000.000
49044,2079,15.136719,25000000.000
49045,2081,16.113281,25000000.000
49046,2083,17.089844,25000000.000
49047,2083,17.089844,25000000.000
49048,2083,17.089844,25000000.000
49049,2081,16.113281,25000000.000
49050,2080,15.625000,25000000.000
49051,2078,14.648438,25000000.000
49052,2073,12.207031,25000000.000
49053,2068,9.765625,25000000.000
49054,2063,7.324219,25000000.000
49055,2064,7.812500,25000000.000
49056,2053,2.441406,25000000.000
49057,2049,0.488281,25000000.000
49058,2041,-3.417969,25000000.000
49059,2042,-2.929688,25000000.000
49060,2032,-7.812500,25000000.000
49061,2027,-10.253906,25000000.000
49062,2021,-13.183594,25000000.000
49063,2020,-13.671875,25000000.000
49064,2014,-16.601562,25000000.000
49065,2011,-18.066406,25000000.000
49066,2009,-19.042969,25000000.000
49067,2009,-19.042969,25000000.000
49068,2008,-19.531250,25000000.000
49069,2009,-19.042969,25000000.000
49070,2011,-18.066406,25000000.000
49071,2011,-18.066406,25000000.000
49072,2017,-15.136719,25000000.000
49073,2021,-13.183594,25000000.000
49074,2025,-11.230469,25000000.000
49075,2026,-10.742188,25000000.000
49076,2035,-6.347656,25000000.000
49077,2041,-3.417969,25000000.000
49078,2048,0.000000,25000000.000
49079,2048,0.000000,25000000.000
49080,2059,5.371094,25000000.000
49081,2064,7.812500,25000000.000
49082,2069,10.253906,25000000.000
49083,2069,10.253906,25000000.000
49084,2078,14.648438,25000000.000
49085,2080,15.625000,25000000.000
49086,2082,16.601562,25000000.000
49087,2082,16.601562,25000000.000
49088,2083,17.089844,25000000.000
49089,2083,17.089844,25000000.000
49090,2081,16.113281,25000000.000
49091,2080,15.625000,25000000.000
49092,2077,14.160156,25000000.000
49093,2073,12.207031,25000000.000
49094,2068,9.765625,25000000.000
49095,2067,9.277344,25000000.000
49096,2058,4.882812,25000000.000
49097,2053,2.441406,25000000.000
49098,2048,0.000000,25000000.000
49099,2046,-0.976562,25000000.000
49100,2036,-5.859375,25000000.000
49101,2030,-8.789062,25000000.000
49102,2026,-10.742188,25000000.000
49103,2025,-11.230469,25000000.000
49104,2017,-15.136719,25000000.000
49105,2014,-16.601562,25000000.000
49106,2012,-17.578125,25000000.000
49107,2011,-18.066406,25000000.000
49108,2010,-18.554688,25000000.000
49109,2009,-19.042969,25000000.000
49110,2009,-19.042969,25000000.000
49111,2011,-18.066406,25000000.000
49112,2015,-16.113281,25000000.000
49113,2017,-15.136719,25000000.000
49114,2022,-12.695312,25000000.000
49115,2022,-12.695312,25000000.000
49116,2031,-8.300781,25000000.000
49117,2037,-5.371094,25000000.000
49118,2043,-2.441406,25000000.000
49119,2041,-3.417969,25000000.000
49120,2053,2.441406,25000000.000
49121,2059,5.371094,25000000.000
49122,2065,8.300781,25000000.000
49123,2065,8.300781,25000000.000
49124,2072,11.718750,25000000.000
49125,2077,14.160156,25000000.000
49126,2079,15.136719,25000000.000
49127,2080,15.625000,25000000.000
49128,2082,16.601562,25000000.000
49129,2082,16.601562,25000000.000
49130,2082,16.601562,25000000.000
49131,2081,16.113281,25000000.000
49132,2079,15.136719,25000000.000
49133,2075,13.183594,25000000.000
49134,2071,11.230469,25000000.000
49135,2069,10.253906,25000000.000
49136,2061,6.347656,25000000.000
49137,2056,3.906250,25000000.000
49138,2051,1.464844,25000000.000
49139,2051,1.464844,25000000.000
49140,2041,-3.417969,25000000.000
49141,2034,-6.835938,25000000.000
49142,2029,-9.277344,25000000.000
49143,2028,-9.765625,25000000.000
49144,2020,-13.671875,25000000.000
49145,2014,-16.601562,25000000.000
49146,2012,-17.578125,25000000.000
49147,2013,-17.089844,25000000.000
49148,2011,-18.066406,25000000.000
49149,2008,-19.531250,25000000.000
49150,2008,-19.531250,25000000.000
49151,2008,-19.531250,25000000.000
49152,2012,-17.578125,25000000.000
49153,2015,-16.113281,25000000.000
49154,2017,-15.136719,25000000.000
49155,2018,-14.648438,25000000.000
49156,2025,-11.230469,25000000.000
49157,2032,-7.812500,25000000.000
49158,2037,-5.371094,25000000.000
49159,2038,-4.882812,25000000.000
49160,2048,0.000000,25000000.000
49161,2054,2.929688,25000000.000
49162,2060,5.859375,25000000.000
49163,2060,5.859375,25000000.000
49164,2068,9.765625,25000000.000
49165,2073,12.207031,25000000.000
49166,2077,14.160156,25000000.000
49167,2077,14.160156,25000000.000
49168,2081,16.113281,25000000.000
49169,2083,17.089844,25000000.000
49170,2082,16.601562,25000000.000
49171,2082,16.601562,25000000.000
49172,2079,15.136719,25000000.000
49173,2077,14.160156,25000000.000
49174,2075,13.183594,25000000.000
49175,2073,12.207031,25000000.000
49176,2065,8.300781,25000000.000
49177,2061,6.347656,25000000.000
49178,2056,3.906250,25000000.000
49179,2056,3.906250,25000000.000
49180,2045,-1.464844,25000000.000
49181,2040,-3.906250,25000000.000
49182,2034,-6.835938,25000000.000
49183,2034,-6.835938,25000000.000
49184,2024,-11.718750,25000000.000
49185,2020,-13.671875,25000000.000
49186,2016,-15.625000,25000000.000
49187,2017,-15.136719,25000000.000
49188,2011,-18.066406,25000000.000
49189,2010,-18.554688,25000000.000
49190,2008,-19.531250,25000000.000
49191,2009,-19.042969,25000000.000
49192,2010,-18.554688,25000000.000
49193,2011,-18.066406,25000000.000
49194,2014,-16.601562,25000000.000
49195,2015,-16.113281,25000000.000
49196,2022,-12.695312,25000000.000
49197,2028,-9.765625,25000000.000
49198,2032,-7.812500,25000000.000
49199,2033,-7.324219,25000000.000
49200,2042,-2.929688,25000000.000
49201,2049,0.488281,25000000.000
49202,2055,3.417969,25000000.000
49203,2055,3.417969,25000000.000
49204,2066,8.789062,25000000.000
49205,2069,10.253906,25000000.000
49206,2074,12.695312,25000000.000
49207,2074,12.695312,25000000.000
49208,2079,15.136719,25000000.000
49209,2082,16.601562,25000000.000
49210,2083,17.089844,25000000.000
49211,2082,16.601562,25000000.000
49212,2082,16.601562,25000000.000
49213,2079,15.136719,25000000.000
49214,2078,14.648438,25000000.000
49215,2077,14.160156,25000000.000
49216,2070,10.742188,25000000.000
49217,2066,8.789062,25000000.000
49218,2060,5.859375,25000000.000
49219,2060,5.859375,25000000.000
49220,2051,1.464844,25000000.000
49221,2045,-1.464844,25000000.000
49222,2038,-4.882812,25000000.000
49223,2039,-4.394531,25000000.000
49224,2029,-9.277344,25000000.000
49225,2023,-12.207031,25000000.000
49226,2019,-14.160156,25000000.000
49227,2020,-13.671875,25000000.000
49228,2013,-17.089844,25000000.000
49229,2011,-18.066406,25000000.000
49230,2010,-18.554688,25000000.000
49231,2009,-19.042969,25000000.000
49232,2011,-18.066406,25000000.000
49233,2005,-20.996094,25000000.000
49234,2012,-17.578125,25000000.000
49235,2011,-18.066406,25000000.000
49236,2021,-13.183594,25000000.000
49237,2023,-12.207031,25000000.000
49238,2030,-8.789062,25000000.000
49239,2029,-9.277344,25000000.000
49240,2039,-4.394531,25000000.000
49241,2045,-1.464844,25000000.000
49242,2051,1.464844,25000000.000
49243,2052,1.953125,25000000.000
49244,2062,6.835938,25000000.000
49245,2067,9.277344,25000000.000
49246,2071,11.230469,25000000.000
49247,2071,11.230469,25000000.000
49248,2080,15.625000,25000000.000
49249,2081,16.113281,25000000.000
49250,2082,16.601562,25000000.000
49251,2083,17.089844,25000000.000
49252,2082,16.601562,25000000.000
49253,2082,16.601562,25000000.000
49254,2080,15.625000,25000000.000
49255,2080,15.625000,25000000.000
49256,2072,11.718750,25000000.000
49257,2070,10.742188,25000000.000
49258,2065,8.300781,25000000.000
49259,2064,7.812500,25000000.000
49260,2054,2.929688,25000000.000
49261,2049,0.488281,25000000.000
49262,2043,-2.441406,25000000.000
49263,2042,-2.929688,25000000.000
49264,2033,-7.324219,25000000.000
49265,2027,-10.253906,25000000.000
49266,2023,-12.207031,25000000.000
49267,2023,-12.207031,25000000.000
49268,2016,-15.625000,25000000.000
49269,2012,-17.578125,25000000.000
49270,2011,-18.066406,25000000.000
49271,2011,-18.066406,25000000.000
49272,2010,-18.554688,25000000.000
49273,2009,-19.042969,25000000.000
49274,2012,-17.578125,25000000.000
49275,2012,-17.578125,25000000.000
49276,2017,-15.136719,25000000.000
49277,2022,-12.695312,25000000.000
49278,2026,-10.742188,25000000.000
49279,2025,-11.230469,25000000.000
49280,2035,-6.347656,25000000.000
49281,2041,-3.417969,25000000.000
49282,2046,-0.976562,25000000.000
49283,2046,-0.976562,25000000.000
49284,2057,4.394531,25000000.000
49285,2064,7.812500,25000000.000
49286,2066,8.789062,25000000.000
49287,2068,9.765625,25000000.000
49288,2074,12.695312,25000000.000
49289,2078,14.648438,25000000.000
49290,2080,15.625000,25000000.000
49291,2080,15.625000,25000000.000
49292,2082,16.601562,25000000.000
49293,2081,16.113281,25000000.000
49294,2082,16.601562,25000000.000
49295,2079,15.136719,25000000.000
49296,2076,13.671875,25000000.000
49297,2072,11.718750,25000000.000
49298,2068,9.765625,25000000.000
49299,2069,10.253906,25000000.000
49300,2060,5.859375,25000000.000
49301,2054,2.929688,25000000.000
49302,2049,0.488281,25000000.000
49303,2048,0.000000,25000000.000
49304,2037,-5.371094,25000000.000
49305,2033,-7.324219,25000000.000
49306,2027,-10.253906,25000000.000
49307,2027,-10.253906,25000000.000
49308,2019,-14.160156,25000000.000
49309,2015,-16.113281,25000000.000
49310,2014,-16.601562,25000000.000
49311,2012,-17.578125,25000000.000
49312,2010,-18.554688,25000000.000
49313,2009,-19.042969,25000000.000
49314,2009,-19.042969,25000000.000
49315,2010,-18.554688,25000000.000
49316,2014,-16.601562,25000000.000
49317,2017,-15.136719,25000000.000
49318,2021,-13.183594,25000000.000
49319,2021,-13.183594,25000000.000
49320,2030,-8.789062,25000000.000
49321,2035,-6.347656,25000000.000
49322,2041,-3.417969,25000000.000
49323,2042,-2.929688,25000000.000
49324,2051,1.464844,25000000.000
49325,2057,4.394531,25000000.000
49326,2063,7.324219,25000000.000
49327,2063,7.324219,25000000.000
49328,2071,11.230469,25000000.000
49329,2075,13.183594,25000000.000
49330,2079,15.136719,25000000.000
49331,2079,15.136719,25000000.000
49332,2082,16.601562,25000000.000
49333,2083,17.089844,25000000.000
49334,2082,16.601562,25000000.000
49335,2083,17.089844,25000000.000
49336,2079,15.136719,25000000.000
49337,2076,13.671875,25000000.000
49338,2073,12.207031,25000000.000
49339,2073,12.207031,25000000.000
49340,2063,7.324219,25000000.000
49341,2059,5.371094,25000000.000
49342,2053,2.441406,25000000.000
49343,2052,1.953125,25000000.000
49344,2042,-2.929688,25000000.000
49345,2035,-6.347656,25000000.000
49346,2030,-8.789062,25000000.000
49347,2030,-8.789062,25000000.000
49348,2020,-13.671875,25000000.000
49349,2017,-15.136719,25000000.000
49350,2013,-17.089844,25000000.000
49351,2014,-16.601562,25000000.000
49352,2009,-19.042969,25000000.000
49353,2008,-19.531250,25000000.000
49354,2008,-19.531250,25000000.000
49355,2008,-19.531250,25000000.000
49356,2009,-19.042969,25000000.000
49357,2014,-16.601562,25000000.000
49358,2016,-15.625000,25000000.000
49359,2019,-14.160156,25000000.000
49360,2027,-10.253906,25000000.000
49361,2031,-8.300781,25000000.000
49362,2035,-6.347656,25000000.000
49363,2036,-5.859375,25000000.000
49364,2046,-0.976562,25000000.000
49365,2053,2.441406,25000000.000
49366,2058,4.882812,25000000.000
49367,2059,5.371094,25000000.000
49368,2068,9.765625,25000000.000
49369,2073,12.207031,25000000.000
49370,2076,13.671875,25000000.000
49371,2075,13.183594,25000000.000
49372,2081,16.113281,25000000.000
49373,2082,16.601562,25000000.000
49374,2083,17.089844,25000000.000
49375,2083,17.089844,25000000.000
49376,2079,15.136719,25000000.000
49377,2079,15.136719,25000000.000
49378,2075,13.183594,25000000.000
49379,2074,12.695312,25000000.000
49380,2067,9.277344,25000000.000
49381,2061,6.347656,25000000.000
49382,2057,4.394531,25000000.000
49383,2056,3.906250,25000000.000
49384,2046,-0.976562,25000000.000
49385,2040,-3.906250,25000000.000
49386,2035,-6.347656,25000000.000
49387,2034,-6.835938,25000000.000
49388,2026,-10.742188,25000000.000
49389,2020,-13.671875,25000000.000
49390,2016,-15.625000,25000000.000
49391,2017,-15.136719,25000000.000
49392,2011,-18.066406,25000000.000
49393,2008,-19.531250,25000000.000
49394,2008,-19.531250,25000000.000
49395,2009,-19.042969,25000000.000
49396,2009,-19.042969,25000000.000
49397,2011,-18.066406,25000000.000
49398,2013,-17.089844,25000000.000
49399,2014,-16.601562,25000000.000
49400,2021,-13.183594,25000000.000
49401,2026,-10.742188,25000000.000
49402,2032,-7.812500,25000000.000
49403,2032,-7.812500,25000000.000
49404,2041,-3.417969,25000000.000
49405,2047,-0.488281,25000000.000
49406,2054,2.929688,25000000.000
49407,2055,3.417969,25000000.000
49408,2064,7.812500,25000000.000
49409,2069,10.253906,25000000.000
49410,2073,12.207031,25000000.000
49411,2074,12.695312,25000000.000
49412,2080,15.625000,25000000.000
49413,2081,16.113281,25000000.000
49414,2083,17.089844,25000000.000
49415,2083,17.089844,25000000.000
49416,2082,16.601562,25000000.000
49417,2081,16.113281,25000000.000
49418,2079,15.136719,25000000.000
49419,2078,14.648438,25000000.000
49420,2071,11.230469,25000000.000
49421,2067,9.277344,25000000.000
49422,2062,6.835938,25000000.000
49423,2061,6.347656,25000000.000
49424,2052,1.953125,25000000.000
49425,2046,-0.976562,25000000.000
49426,2040,-3.906250,25000000.000
49427,2040,-3.906250,25000000.000
49428,2030,-8.789062,25000000.000
49429,2026,-10.742188,25000000.000
49430,2020,-13.671875,25000000.000
49431,2021,-13.183594,25000000.000
49432,2014,-16.601562,25000000.000
49433,2012,-17.578125,25000000.000
49434,2010,-18.554688,25000000.000
49435,2010,-18.554688,25000000.000
49436,2009,-19.042969,25000000.000
49437,2010,-18.554688,25000000.000
49438,2013,-17.089844,25000000.000
49439,2012,-17.578125,25000000.000
49440,2018,-14.648438,25000000.000
49441,2023,-12.207031,25000000.000
49442,2028,-9.765625,25000000.000
49443,2028,-9.765625,25000000.000
49444,2038,-4.882812,25000000.000
49445,2043,-2.441406,25000000.000
49446,2049,0.488281,25000000.000
49447,2051,1.464844,25000000.000
49448,2061,6.347656,25000000.000
49449,2064,7.812500,25000000.000
49450,2071,11.230469,25000000.000
49451,2071,11.230469,25000000.000
49452,2077,14.160156,25000000.000
49453,2079,15.136719,25000000.000
49454,2081,16.113281,25000000.000
49455,2082,16.601562,25000000.000
49456,2081,16.113281,25000000.000
49457,2083,17.089844,25000000.000
49458,2079,15.136719,25000000.000
49459,2079,15.136719,25000000.000
49460,2073,12.207031,25000000.000
49461,2070,10.742188,25000000.000
49462,2067,9.277344,25000000.000
49463,2065,8.300781,25000000.000
49464,2055,3.417969,25000000.000
49465,2051,1.464844,25000000.000
49466,2044,-1.953125,25000000.000
49467,2044,-1.953125,25000000.000
49468,2034,-6.835938,25000000.000
49469,2029,-9.277344,25000000.000
49470,2025,-11.230469,25000000.000
49471,2024,-11.718750,25000000.000
49472,2018,-14.648438,25000000.000
49473,2014,-16.601562,25000000.000
49474,2012,-17.578125,25000000.000
49475,2011,-18.066406,25000000.000
49476,2008,-19.531250,25000000.000
49477,2010,-18.554688,25000000.000
49478,2011,-18.066406,25000000.000
49479,2012,-17.578125,25000000.000
49480,2016,-15.625000,25000000.000
49481,2019,-14.160156,25000000.000
49482,2023,-12.207031,25000000.000
49483,2024,-11.718750,25000000.000
49484,2033,-7.324219,25000000.000
49485,2039,-4.394531,25000000.000
49486,2044,-1.953125,25000000.000
49487,2045,-1.464844,25000000.000
49488,2056,3.906250,25000000.000
49489,2061,6.347656,25000000.000
49490,2067,9.277344,25000000.000
49491,2066,8.789062,25000000.000
49492,2075,13.183594,25000000.000
49493,2078,14.648438,25000000.000
49494,2081,16.113281,25000000.000
49495,2081,16.113281,25000000.000
49496,2083,17.089844,25000000.000
49497,2083,17.089844,25000000.000
49498,2082,16.601562,25000000.000
49499,2081,16.113281,25000000.000
49500,2078,14.648438,25000000.000
49501,2074,12.695312,25000000.000
49502,2071,11.230469,25000000.000
49503,2070,10.742188,25000000.000
49504,2060,5.859375,25000000.000
49505,2056,3.906250,25000000.000
49506,2050,0.976562,25000000.000
49507,2050,0.976562,25000000.000
49508,2039,-4.394531,25000000.000
49509,2034,-6.835938,25000000.000
49510,2027,-10.253906,25000000.000
49511,2028,-9.765625,25000000.000
49512,2019,-14.160156,25000000.000
49513,2016,-15.625000,25000000.000
49514,2012,-17.578125,25000000.000
49515,2013,-17.089844,25000000.000
49516,2010,-18.554688,25000000.000
49517,2009,-19.042969,25000000.000
49518,2010,-18.554688,25000000.000
49519,2009,-19.042969,25000000.000
49520,2013,-17.089844,25000000.000
49521,2016,-15.625000,25000000.000
49522,2019,-14.160156,25000000.000
49523,2020,-13.671875,25000000.000
49524,2028,-9.765625,25000000.000
49525,2034,-6.835938,25000000.000
49526,2039,-4.394531,25000000.000
49527,2039,-4.394531,25000000.000
49528,2051,1.464844,25000000.000
49529,2056,3.906250,25000000.000
49530,2062,6.835938,25000000.000
49531,2062,6.835938,25000000.000
49532,2070,10.742188,25000000.000
49533,2074,12.695312,25000000.000
49534,2078,14.648438,25000000.000
49535,2078,14.648438,25000000.000
49536,2081,16.113281,25000000.000
49537,2083,17.089844,25000000.000
49538,2082,16.601562,25000000.000
49539,2081,16.113281,25000000.000
49540,2078,14.648438,25000000.000
49541,2076,13.671875,25000000.000
49542,2072,11.718750,25000000.000
49543,2073,12.207031,25000000.000
49544,2064,7.812500,25000000.000
49545,2060,5.859375,25000000.000
49546,2055,3.417969,25000000.000
49547,2054,2.929688,25000000.000
49548,2043,-2.441406,25000000.000
49549,2037,-5.371094,25000000.000
49550,2032,-7.812500,25000000.000
49551,2032,-7.812500,25000000.000
49552,2022,-12.695312,25000000.000
49553,2018,-14.648438,25000000.000
49554,2016,-15.625000,25000000.000
49555,2016,-15.625000,25000000.000
49556,2009,-19.042969,25000000.000
49557,2009,-19.042969,25000000.000
49558,2009,-19.042969,25000000.000
49559,2009,-19.042969,25000000.000
49560,2010,-18.554688,25000000.000
49561,2013,-17.089844,25000000.000
49562,2016,-15.625000,25000000.000
49563,2016,-15.625000,25000000.000
49564,2025,-11.230469,25000000.000
49565,2029,-9.277344,25000000.000
49566,2034,-6.835938,25000000.000
49567,2035,-6.347656,25000000.000
49568,2045,-1.464844,25000000.000
49569,2051,1.464844,25000000.000
49570,2057,4.394531,25000000.000
49571,2057,4.394531,25000000.000
49572,2067,9.277344,25000000.000
49573,2071,11.230469,25000000.000
49574,2076,13.671875,25000000.000
49575,2076,13.671875,25000000.000
49576,2080,15.625000,25000000.000
49577,2081,16.113281,25000000.000
49578,2082,16.601562,25000000.000
49579,2081,16.113281,25000000.000
49580,2081,16.113281,25000000.000
49581,2079,15.136719,25000000.000
49582,2081,16.113281,25000000.000
49583,2072,11.718750,25000000.000
49584,2067,9.277344,25000000.000
49585,2062,6.835938,25000000.000
49586,2059,5.371094,25000000.000
49587,2058,4.882812,25000000.000
49588,2048,0.000000,25000000.000
49589,2043,-2.441406,25000000.000
49590,2036,-5.859375,25000000.000
49591,2036,-5.859375,25000000.000
49592,2027,-10.253906,25000000.000
49593,2021,-13.183594,25000000.000
49594,2018,-14.648438,25000000.000
49595,2018,-14.648438,25000000.000
49596,2011,-18.066406,25000000.000
49597,2011,-18.066406,25000000.000
49598,2009,-19.042969,25000000.000
49599,2009,-19.042969,25000000.000
49600,2009,-19.042969,25000000.000
49601,2011,-18.066406,25000000.000
49602,2014,-16.601562,25000000.000
49603,2013,-17.089844,25000000.000
49604,2020,-13.671875,25000000.000
49605,2025,-11.230469,25000000.000
49606,2030,-8.789062,25000000.000
49607,2031,-8.300781,25000000.000
49608,2041,-3.417969,25000000.000
49609,2046,-0.976562,25000000.000
49610,2052,1.953125,25000000.000
49611,2053,2.441406,25000000.000
49612,2063,7.324219,25000000.000
49613,2069,10.253906,25000000.000
49614,2073,12.207031,25000000.000
49615,2074,12.695312,25000000.000
49616,2079,15.136719,25000000.000
49617,2081,16.113281,25000000.000
49618,2082,16.601562,25000000.000
49619,2082,16.601562,25000000.000
49620,2082,16.601562,25000000.000
49621,2081,16.113281,25000000.000
49622,2079,15.136719,25000000.000
49623,2079,15.136719,25000000.000
49624,2072,11.718750,25000000.000
49625,2067,9.277344,25000000.000
49626,2063,7.324219,25000000.000
49627,2062,6.835938,25000000.000
49628,2053,2.441406,25000000.000
49629,2047,-0.488281,25000000.000
49630,2042,-2.929688,25000000.000
49631,2041,-3.417969,25000000.000
49632,2030,-8.789062,25000000.000
49633,2026,-10.742188,25000000.000
49634,2021,-13.183594,25000000.000
49635,2021,-13.183594,25000000.000
49636,2015,-16.113281,25000000.000
49637,2012,-17.578125,25000000.000
49638,2011,-18.066406,25000000.000
49639,2010,-18.554688,25000000.000
49640,2010,-18.554688,25000000.000
49641,2011,-18.066406,25000000.000
49642,2012,-17.578125,25000000.000
49643,2012,-17.578125,25000000.000
49644,2018,-14.648438,25000000.000
49645,2021,-13.183594,25000000.000
49646,2026,-10.742188,25000000.000
49647,2027,-10.253906,25000000.000
49648,2037,-5.371094,25000000.000
49649,2042,-2.929688,25000000.000
49650,2049,0.488281,25000000.000
49651,2048,0.000000,25000000.000
49652,2059,5.371094,25000000.000
49653,2064,7.812500,25000000.000
49654,2069,10.253906,25000000.000
49655,2070,10.742188,25000000.000
49656,2077,14.160156,25000000.000
49657,2080,15.625000,25000000.000
49658,2081,16.113281,25000000.000
49659,2080,15.625000,25000000.000
49660,2083,17.089844,25000000.000
49661,2082,16.601562,25000000.000
49662,2080,15.625000,25000000.000
49663,2081,16.113281,25000000.000
49664,2076,13.671875,25000000.000
49665,2072,11.718750,25000000.000
49666,2068,9.765625,25000000.000
49667,2067,9.277344,25000000.000
49668,2057,4.394531,25000000.000
49669,2053,2.441406,25000000.000
49670,2046,-0.976562,25000000.000
49671,2047,-0.488281,25000000.000
49672,2035,-6.347656,25000000.000
49673,2030,-8.789062,25000000.000
49674,2026,-10.742188,25000000.000
49675,2026,-10.742188,25000000.000
49676,2017,-15.136719,25000000.000
49677,2015,-16.113281,25000000.000
49678,2011,-18.066406,25000000.000
49679,2012,-17.578125,25000000.000
49680,2010,-18.554688,25000000.000
49681,2009,-19.042969,25000000.000
49682,2010,-18.554688,25000000.000
49683,2010,-18.554688,25000000.000
49684,2014,-16.601562,25000000.000
49685,2019,-14.160156,25000000.000
49686,2023,-12.207031,25000000.000
49687,2023,-12.207031,25000000.000
49688,2031,-8.300781,25000000.000
49689,2038,-4.882812,25000000.000
49690,2043,-2.441406,25000000.000
49691,2043,-2.441406,25000000.000
49692,2054,2.929688,25000000.000
49693,2059,5.371094,25000000.000
49694,2065,8.300781,25000000.000
49695,2066,8.789062,25000000.000
49696,2074,12.695312,25000000.000
49697,2077,14.160156,25000000.000
49698,2080,15.625000,25000000.000
49699,2080,15.625000,25000000.000
49700,2082,16.601562,25000000.000
49701,2082,16.601562,25000000.000
49702,2081,16.113281,25000000.000
49703,2081,16.113281,25000000.000
49704,2077,14.160156,25000000.000
49705,2074,12.695312,25000000.000
49706,2070,10.742188,25000000.000
49707,2070,10.742188,25000000.000
49708,2061,6.347656,25000000.000
49709,2057,4.394531,25000000.000
49710,2051,1.464844,25000000.000
49711,2050,0.976562,25000000.000
49712,2041,-3.417969,25000000.000
49713,2036,-5.859375,25000000.000
49714,2029,-9.277344,25000000.000
49715,2029,-9.277344,25000000.000
49716,2020,-13.671875,25000000.000
49717,2017,-15.136719,25000000.000
49718,2013,-17.089844,25000000.000
49719,2013,-17.089844,25000000.000
49720,2009,-19.042969,25000000.000
49721,2008,-19.531250,25000000.000
49722,2010,-18.554688,25000000.000
49723,2009,-19.042969,25000000.000
49724,2011,-18.066406,25000000.000
49725,2015,-16.113281,25000000.000
49726,2019,-14.160156,25000000.000
49727,2018,-14.648438,25000000.000
49728,2027,-10.253906,25000000.000
49729,2032,-7.812500,25000000.000
49730,2038,-4.882812,25000000.000
49731,2038,-4.882812,25000000.000
49732,2050,0.976562,25000000.000
49733,2054,2.929688,25000000.000
49734,2060,5.859375,25000000.000
49735,2060,5.859375,25000000.000
49736,2070,10.742188,25000000.000
49737,2074,12.695312,25000000.000
49738,2076,13.671875,25000000.000
49739,2077,14.160156,25000000.000
49740,2082,16.601562,25000000.000
49741,2083,17.089844,25000000.000
49742,2083,17.089844,25000000.000
49743,2082,16.601562,25000000.000
49744,2080,15.625000,25000000.000
49745,2077,14.160156,25000000.000
49746,2074,12.695312,25000000.000
49747,2073,12.207031,25000000.000
49748,2066,8.789062,25000000.000
49749,2060,5.859375,25000000.000
49750,2055,3.417969,25000000.000
49751,2055,3.417969,25000000.000
49752,2044,-1.953125,25000000.000
49753,2039,-4.394531,25000000.000
49754,2033,-7.324219,25000000.000
49755,2033,-7.324219,25000000.000
49756,2023,-12.207031,25000000.000
49757,2020,-13.671875,25000000.000
49758,2015,-16.113281,25000000.000
49759,2015,-16.113281,25000000.000
49760,2011,-18.066406,25000000.000
49761,2009,-19.042969,25000000.000
49762,2009,-19.042969,25000000.000
49763,2008,-19.531250,25000000.000
49764,2010,-18.554688,25000000.000
49765,2013,-17.089844,25000000.000
49766,2015,-16.113281,25000000.000
49767,2016,-15.625000,25000000.000
49768,2023,-12.207031,25000000.000
49769,2029,-9.277344,25000000.000
49770,2033,-7.324219,25000000.000
49771,2034,-6.835938,25000000.000
49772,2044,-1.953125,25000000.000
49773,2050,0.976562,25000000.000
49774,2056,3.906250,25000000.000
49775,2056,3.906250,25000000.000
49776,2065,8.300781,25000000.000
49777,2071,11.230469,25000000.000
49778,2076,13.671875,25000000.000
49779,2075,13.183594,25000000.000
49780,2080,15.625000,25000000.000
49781,2081,16.113281,25000000.000
49782,2083,17.089844,25000000.000
49783,2083,17.089844,25000000.000
49784,2082,16.601562,25000000.000
49785,2080,15.625000,25000000.000
49786,2076,13.671875,25000000.000
49787,2076,13.671875,25000000.000
49788,2069,10.253906,25000000.000
49789,2065,8.300781,25000000.000
49790,2060,5.859375,25000000.000
49791,2059,5.371094,25000000.000
49792,2049,0.488281,25000000.000
49793,2044,-1.953125,25000000.000
49794,2037,-5.371094,25000000.000
49795,2037,-5.371094,25000000.000
49796,2027,-10.253906,25000000.000
49797,2023,-12.207031,25000000.000
49798,2018,-14.648438,25000000.000
49799,2017,-15.136719,25000000.000
49800,2012,-17.578125,25000000.000
49801,2010,-18.554688,25000000.000
49802,2009,-19.042969,25000000.000
49803,2010,-18.554688,25000000.000
49804,2009,-19.042969,25000000.000
49805,2010,-18.554688,25000000.000
49806,2013,-17.089844,25000000.000
49807,2013,-17.089844,25000000.000
49808,2020,-13.671875,25000000.000
49809,2025,-11.230469,25000000.000
49810,2029,-9.277344,25000000.000
49811,2030,-8.789062,25000000.000
49812,2040,-3.906250,25000000.000
49813,2046,-0.976562,25000000.000
49814,2052,1.953125,25000000.000
49815,2053,2.441406,25000000.000
49816,2063,7.324219,25000000.000
49817,2067,9.277344,25000000.000
49818,2071,11.230469,25000000.000
49819,2072,11.718750,25000000.000
49820,2078,14.648438,25000000.000
49821,2081,16.113281,25000000.000
49822,2083,17.089844,25000000.000
49823,2083,17.089844,25000000.000
49824,2082,16.601562,25000000.000
49825,2081,16.113281,25000000.000
49826,2079,15.136719,25000000.000
49827,2079,15.136719,25000000.000
49828,2072,11.718750,25000000.000
49829,2069,10.253906,25000000.000
49830,2065,8.300781,25000000.000
49831,2064,7.812500,25000000.000
49832,2054,2.929688,25000000.000
49833,2049,0.488281,25000000.000
49834,2044,-1.953125,25000000.000
49835,2044,-1.953125,25000000.000
49836,2032,-7.812500,25000000.000
49837,2028,-9.765625,25000000.000
49838,2023,-12.207031,25000000.000
49839,2022,-12.695312,25000000.000
49840,2015,-16.113281,25000000.000
49841,2013,-17.089844,25000000.000
49842,2011,-18.066406,25000000.000
49843,2011,-18.066406,25000000.000
49844,2009,-19.042969,25000000.000
49845,2010,-18.554688,25000000.000
49846,2011,-18.066406,25000000.000
49847,2012,-17.578125,25000000.000
49848,2017,-15.136719,25000000.000
49849,2020,-13.671875,25000000.000
49850,2025,-11.230469,25000000.000
49851,2026,-10.742188,25000000.000
49852,2036,-5.859375,25000000.000
49853,2041,-3.417969,25000000.000
49854,2047,-0.488281,25000000.000
49855,2047,-0.488281,25000000.000
49856,2058,4.882812,25000000.000
49857,2063,7.324219,25000000.000
49858,2068,9.765625,25000000.000
49859,2068,9.765625,25000000.000
49860,2076,13.671875,25000000.000
49861,2079,15.136719,25000000.000
49862,2081,16.113281,25000000.000
49863,2082,16.601562,25000000.000
49864,2084,17.578125,25000000.000
49865,2083,17.089844,25000000.000
49866,2081,16.113281,25000000.000
49867,2081,16.113281,25000000.000
49868,2075,13.183594,25000000.000
49869,2073,12.207031,25000000.000
49870,2068,9.765625,25000000.000
49871,2068,9.765625,25000000.000
49872,2059,5.371094,25000000.000
49873,2054,2.929688,25000000.000
49874,2048,0.000000,25000000.000
49875,2047,-0.488281,25000000.000
49876,2036,-5.859375,25000000.000
49877,2032,-7.812500,25000000.000
49878,2027,-10.253906,25000000.000
49879,2026,-10.742188,25000000.000
49880,2018,-14.648438,25000000.000
49881,2015,-16.113281,25000000.000
49882,2011,-18.066406,25000000.000
49883,2012,-17.578125,25000000.000
49884,2010,-18.554688,25000000.000
49885,2009,-19.042969,25000000.000
49886,2010,-18.554688,25000000.000
49887,2009,-19.042969,25000000.000
49888,2013,-17.089844,25000000.000
49889,2017,-15.136719,25000000.000
49890,2021,-13.183594,25000000.000
49891,2021,-13.183594,25000000.000
49892,2030,-8.789062,25000000.000
49893,2035,-6.347656,25000000.000
49894,2040,-3.906250,25000000.000
49895,2041,-3.417969,25000000.000
49896,2053,2.441406,25000000.000
49897,2059,5.371094,25000000.000
49898,2064,7.812500,25000000.000
49899,2065,8.300781,25000000.000
49900,2072,11.718750,25000000.000
49901,2076,13.671875,25000000.000
49902,2080,15.625000,25000000.000
49903,2079,15.136719,25000000.000
49904,2083,17.089844,25000000.000
49905,2083,17.089844,25000000.000
49906,2082,16.601562,25000000.000
49907,2082,16.601562,25000000.000
49908,2079,15.136719,25000000.000
49909,2076,13.671875,25000000.000
49910,2072,11.718750,25000000.000
49911,2071,11.230469,25000000.000
49912,2062,6.835938,25000000.000
49913,2057,4.394531,25000000.000
49914,2051,1.464844,25000000.000
49915,2051,1.464844,25000000.000
49916,2041,-3.417969,25000000.000
49917,2036,-5.859375,25000000.000
49918,2030,-8.789062,25000000.000
49919,2029,-9.277344,25000000.000
49920,2021,-13.183594,25000000.000
49921,2016,-15.625000,25000000.000
49922,2013,-17.089844,25000000.000
49923,2013,-17.089844,25000000.000
49924,2009,-19.042969,25000000.000
49925,2010,-18.554688,25000000.000
49926,2008,-19.531250,25000000.000
49927,2008,-19.531250,25000000.000
49928,2012,-17.578125,25000000.000
49929,2010,-18.554688,25000000.000
49930,2018,-14.648438,25000000.000
49931,2016,-15.625000,25000000.000
49932,2026,-10.742188,25000000.000
49933,2029,-9.277344,25000000.000
49934,2036,-5.859375,25000000.000
49935,2035,-6.347656,25000000.000
49936,2047,-0.488281,25000000.000
49937,2053,2.441406,25000000.000
49938,2058,4.882812,25000000.000
49939,2058,4.882812,25000000.000
49940,2069,10.253906,25000000.000
49941,2073,12.207031,25000000.000
49942,2077,14.160156,25000000.000
49943,2077,14.160156,25000000.000
49944,2081,16.113281,25000000.000
49945,2083,17.089844,25000000.000
49946,2082,16.601562,25000000.000
49947,2082,16.601562,25000000.000
49948,2080,15.625000,25000000.000
49949,2077,14.160156,25000000.000
49950,2075,13.183594,25000000.000
49951,2074,12.695312,25000000.000
49952,2066,8.789062,25000000.000
49953,2062,6.835938,25000000.000
49954,2057,4.394531,25000000.000
49955,2056,3.906250,25000000.000
49956,2046,-0.976562,25000000.000
49957,2041,-3.417969,25000000.000
49958,2035,-6.347656,25000000.000
49959,2035,-6.347656,25000000.000
49960,2025,-11.230469,25000000.000
49961,2019,-14.160156,25000000.000
49962,2016,-15.625000,25000000.000
49963,2017,-15.136719,25000000.000
49964,2012,-17.578125,25000000.000
49965,2010,-18.554688,25000000.000
49966,2008,-19.531250,25000000.000
49967,2008,-19.531250,25000000.000
49968,2010,-18.554688,25000000.000
49969,2011,-18.066406,25000000.000
49970,2014,-16.601562,25000000.000
49971,2015,-16.113281,25000000.000
49972,2022,-12.695312,25000000.000
49973,2026,-10.742188,25000000.000
49974,2031,-8.300781,25000000.000
49975,2032,-7.812500,25000000.000
49976,2043,-2.441406,25000000.000
49977,2048,0.000000,25000000.000
49978,2054,2.929688,25000000.000
49979,2054,2.929688,25000000.000
49980,2065,8.300781,25000000.000
49981,2070,10.742188,25000000.000
49982,2072,11.718750,25000000.000
49983,2073,12.207031,25000000.000
49984,2080,15.625000,25000000.000
49985,2082,16.601562,25000000.000
49986,2082,16.601562,25000000.000
49987,2082,16.601562,25000000.000
49988,2082,16.601562,25000000.000
49989,2080,15.625000,25000000.000
49990,2078,14.648438,25000000.000
49991,2077,14.160156,25000000.000
49992,2071,11.230469,25000000.000
49993,2066,8.789062,25000000.000
49994,2061,6.347656,25000000.000
49995,2061,6.347656,25000000.000
49996,2051,1.464844,25000000.000
49997,2045,-1.464844,25000000.000
49998,2040,-3.906250,25000000.000
49999,2038,-4.882812,25000000.000
