sample_index,raw_code,voltage_mV,sample_rate_hz
0,2047,-0.488281,25000000.000
1,2046,-0.976562,25000000.000
2,2046,-0.976562,25000000.000
3,2047,-0.488281,25000000.000
4,2046,-0.976562,25000000.000
5,2046,-0.976562,25000000.000
6,2043,-2.441406,25000000.000
7,2046,-0.976562,25000000.000
8,2044,-1.953125,25000000.000
9,2046,-0.976562,25000000.000
10,2046,-0.976562,25000000.000
11,2045,-1.464844,25000000.000
12,2044,-1.953125,25000000.000
13,2045,-1.464844,25000000.000
14,2045,-1.464844,25000000.000
15,2045,-1.464844,25000000.000
16,2046,-0.976562,25000000.000
17,2045,-1.464844,25000000.000
18,2044,-1.953125,25000000.000
19,2045,-1.464844,25000000.000
20,2043,-2.441406,25000000.000
21,2048,0.000000,25000000.000
22,2045,-1.464844,25000000.000
23,2046,-0.976562,25000000.000
24,2045,-1.464844,25000000.000
25,2046,-0.976562,25000000.000
26,2045,-1.464844,25000000.000
27,2046,-0.976562,25000000.000
28,2046,-0.976562,25000000.000
29,2047,-0.488281,25000000.000
30,2045,-1.464844,25000000.000
31,2045,-1.464844,25000000.000
32,2045,-1.464844,25000000.000
33,2046,-0.976562,25000000.000
34,2046,-0.976562,25000000.000
35,2046,-0.976562,25000000.000
36,2045,-1.464844,25000000.000
37,2045,-1.464844,25000000.000
38,2046,-0.976562,25000000.000
39,2046,-0.976562,25000000.000
40,2044,-1.953125,25000000.000
41,2045,-1.464844,25000000.000
42,2045,-1.464844,25000000.000
43,2045,-1.464844,25000000.000
44,2045,-1.464844,25000000.000
45,2045,-1.464844,25000000.000
46,2045,-1.464844,25000000.000
47,2045,-1.464844,25000000.000
48,2044,-1.953125,25000000.000
49,2045,-1.464844,25000000.000
50,2044,-1.953125,25000000.000
51,2044,-1.953125,25000000.000
52,2046,-0.976562,25000000.000
53,2046,-0.976562,25000000.000
54,2046,-0.976562,25000000.000
55,2045,-1.464844,25000000.000
56,2045,-1.464844,25000000.000
57,2046,-0.976562,25000000.000
58,2046,-0.976562,25000000.000
59,2045,-1.464844,25000000.000
60,2045,-1.464844,25000000.000
61,2045,-1.464844,25000000.000
62,2047,-0.488281,25000000.000
63,2046,-0.976562,25000000.000
64,2045,-1.464844,25000000.000
65,2045,-1.464844,25000000.000
66,2046,-0.976562,25000000.000
67,2045,-1.464844,25000000.000
68,2045,-1.464844,25000000.000
69,2046,-0.976562,25000000.000
70,2045,-1.464844,25000000.000
71,2044,-1.953125,25000000.000
72,2044,-1.953125,25000000.000
73,2045,-1.464844,25000000.000
74,2045,-1.464844,25000000.000
75,2046,-0.976562,25000000.000
76,2046,-0.976562,25000000.000
77,2045,-1.464844,25000000.000
78,2045,-1.464844,25000000.000
79,2044,-1.953125,25000000.000
80,2045,-1.464844,25000000.000
81,2044,-1.953125,25000000.000
82,2046,-0.976562,25000000.000
83,2045,-1.464844,25000000.000
84,2045,-1.464844,25000000.000
85,2045,-1.464844,25000000.000
86,2045,-1.464844,25000000.000
87,2045,-1.464844,25000000.000
88,2045,-1.464844,25000000.000
89,2045,-1.464844,25000000.000
90,2045,-1.464844,25000000.000
91,2045,-1.464844,25000000.000
92,2045,-1.464844,25000000.000
93,2045,-1.464844,25000000.000
94,2046,-0.976562,25000000.000
95,2046,-0.976562,25000000.000
96,2047,-0.488281,25000000.000
97,2046,-0.976562,25000000.000
98,2046,-0.976562,25000000.000
99,2046,-0.976562,25000000.000
100,2047,-0.488281,25000000.000
101,2047,-0.488281,25000000.000
102,2048,0.000000,25000000.000
103,2047,-0.488281,25000000.000
104,2048,0.000000,25000000.000
105,2049,0.488281,25000000.000
106,2048,0.000000,25000000.000
107,2049,0.488281,25000000.000
108,2050,0.976562,25000000.000
109,2049,0.488281,25000000.000
110,2049,0.488281,25000000.000
111,2050,0.976562,25000000.000
112,2051,1.464844,25000000.000
113,2050,0.976562,25000000.000
114,2051,1.464844,25000000.000
115,2051,1.464844,25000000.000
116,2052,1.953125,25000000.000
117,2051,1.464844,25000000.000
118,2052,1.953125,25000000.000
119,2051,1.464844,25000000.000
120,2050,0.976562,25000000.000
121,2050,0.976562,25000000.000
122,2052,1.953125,25000000.000
123,2050,0.976562,25000000.000
124,2051,1.464844,25000000.000
125,2049,0.488281,25000000.000
126,2049,0.488281,25000000.000
127,2050,0.976562,25000000.000
128,2049,0.488281,25000000.000
129,2049,0.488281,25000000.000
130,2049,0.488281,25000000.000
131,2048,0.000000,25000000.000
132,2048,0.000000,25000000.000
133,2047,-0.488281,25000000.000
134,2046,-0.976562,25000000.000
135,2048,0.000000,25000000.000
136,2047,-0.488281,25000000.000
137,2046,-0.976562,25000000.000
138,2045,-1.464844,25000000.000
139,2047,-0.488281,25000000.000
140,2045,-1.464844,25000000.000
141,2046,-0.976562,25000000.000
142,2046,-0.976562,25000000.000
143,2046,-0.976562,25000000.000
144,2045,-1.464844,25000000.000
145,2044,-1.953125,25000000.000
146,2044,-1.953125,25000000.000
147,2045,-1.464844,25000000.000
148,2044,-1.953125,25000000.000
149,2045,-1.464844,25000000.000
150,2045,-1.464844,25000000.000
151,2043,-2.441406,25000000.000
152,2042,-2.929688,25000000.000
153,2042,-2.929688,25000000.000
154,2043,-2.441406,25000000.000
155,2042,-2.929688,25000000.000
156,2044,-1.953125,25000000.000
157,2043,-2.441406,25000000.000
158,2043,-2.441406,25000000.000
159,2043,-2.441406,25000000.000
160,2042,-2.929688,25000000.000
161,2043,-2.441406,25000000.000
162,2043,-2.441406,25000000.000
163,2043,-2.441406,25000000.000
164,2043,-2.441406,25000000.000
165,2042,-2.929688,25000000.000
166,2042,-2.929688,25000000.000
167,2043,-2.441406,25000000.000
168,2042,-2.929688,25000000.000
169,2043,-2.441406,25000000.000
170,2044,-1.953125,25000000.000
171,2043,-2.441406,25000000.000
172,2044,-1.953125,25000000.000
173,2043,-2.441406,25000000.000
174,2045,-1.464844,25000000.000
175,2044,-1.953125,25000000.000
176,2044,-1.953125,25000000.000
177,2045,-1.464844,25000000.000
178,2045,-1.464844,25000000.000
179,2045,-1.464844,25000000.000
180,2047,-0.488281,25000000.000
181,2046,-0.976562,25000000.000
182,2047,-0.488281,25000000.000
183,2047,-0.488281,25000000.000
184,2047,-0.488281,25000000.000
185,2047,-0.488281,25000000.000
186,2047,-0.488281,25000000.000
187,2047,-0.488281,25000000.000
188,2047,-0.488281,25000000.000
189,2047,-0.488281,25000000.000
190,2047,-0.488281,25000000.000
191,2047,-0.488281,25000000.000
192,2046,-0.976562,25000000.000
193,2045,-1.464844,25000000.000
194,2045,-1.464844,25000000.000
195,2045,-1.464844,25000000.000
196,2044,-1.953125,25000000.000
197,2044,-1.953125,25000000.000
198,2043,-2.441406,25000000.000
199,2042,-2.929688,25000000.000
200,2041,-3.417969,25000000.000
201,2041,-3.417969,25000000.000
202,2040,-3.906250,25000000.000
203,2040,-3.906250,25000000.000
204,2038,-4.882812,25000000.000
205,2038,-4.882812,25000000.000
206,2037,-5.371094,25000000.000
207,2037,-5.371094,25000000.000
208,2038,-4.882812,25000000.000
209,2037,-5.371094,25000000.000
210,2038,-4.882812,25000000.000
211,2037,-5.371094,25000000.000
212,2038,-4.882812,25000000.000
213,2038,-4.882812,25000000.000
214,2039,-4.394531,25000000.000
215,2039,-4.394531,25000000.000
216,2042,-2.929688,25000000.000
217,2042,-2.929688,25000000.000
218,2044,-1.953125,25000000.000
219,2042,-2.929688,25000000.000
220,2046,-0.976562,25000000.000
221,2046,-0.976562,25000000.000
222,2048,0.000000,25000000.000
223,2048,0.000000,25000000.000
224,2051,1.464844,25000000.000
225,2052,1.953125,25000000.000
226,2052,1.953125,25000000.000
227,2053,2.441406,25000000.000
228,2054,2.929688,25000000.000
229,2053,2.441406,25000000.000
230,2054,2.929688,25000000.000
231,2054,2.929688,25000000.000
232,2054,2.929688,25000000.000
233,2053,2.441406,25000000.000
234,2053,2.441406,25000000.000
235,2053,2.441406,25000000.000
236,2051,1.464844,25000000.000
237,2049,0.488281,25000000.000
238,2048,0.000000,25000000.000
239,2048,0.000000,25000000.000
240,2045,-1.464844,25000000.000
241,2043,-2.441406,25000000.000
242,2041,-3.417969,25000000.000
243,2041,-3.417969,25000000.000
244,2038,-4.882812,25000000.000
245,2037,-5.371094,25000000.000
246,2035,-6.347656,25000000.000
247,2035,-6.347656,25000000.000
248,2032,-7.812500,25000000.000
249,2030,-8.789062,25000000.000
250,2030,-8.789062,25000000.000
251,2030,-8.789062,25000000.000
252,2029,-9.277344,25000000.000
253,2028,-9.765625,25000000.000
254,2029,-9.277344,25000000.000
255,2028,-9.765625,25000000.000
256,2029,-9.277344,25000000.000
257,2030,-8.789062,25000000.000
258,2031,-8.300781,25000000.000
259,2032,-7.812500,25000000.000
260,2033,-7.324219,25000000.000
261,2036,-5.859375,25000000.000
262,2037,-5.371094,25000000.000
263,2037,-5.371094,25000000.000
264,2039,-4.394531,25000000.000
265,2042,-2.929688,25000000.000
266,2044,-1.953125,25000000.000
267,2044,-1.953125,25000000.000
268,2046,-0.976562,25000000.000
269,2049,0.488281,25000000.000
270,2050,0.976562,25000000.000
271,2050,0.976562,25000000.000
272,2052,1.953125,25000000.000
273,2052,1.953125,25000000.000
274,2054,2.929688,25000000.000
275,2053,2.441406,25000000.000
276,2053,2.441406,25000000.000
277,2053,2.441406,25000000.000
278,2052,1.953125,25000000.000
279,2052,1.953125,25000000.000
280,2051,1.464844,25000000.000
281,2049,0.488281,25000000.000
282,2048,0.000000,25000000.000
283,2048,0.000000,25000000.000
284,2045,-1.464844,25000000.000
285,2044,-1.953125,25000000.000
286,2043,-2.441406,25000000.000
287,2043,-2.441406,25000000.000
288,2039,-4.394531,25000000.000
289,2038,-4.882812,25000000.000
290,2037,-5.371094,25000000.000
291,2037,-5.371094,25000000.000
292,2035,-6.347656,25000000.000
293,2034,-6.835938,25000000.000
294,2035,-6.347656,25000000.000
295,2035,-6.347656,25000000.000
296,2034,-6.835938,25000000.000
297,2035,-6.347656,25000000.000
298,2037,-5.371094,25000000.000
299,2036,-5.859375,25000000.000
300,2039,-4.394531,25000000.000
301,2042,-2.929688,25000000.000
302,2044,-1.953125,25000000.000
303,2044,-1.953125,25000000.000
304,2048,0.000000,25000000.000
305,2051,1.464844,25000000.000
306,2053,2.441406,25000000.000
307,2054,2.929688,25000000.000
308,2059,5.371094,25000000.000
309,2062,6.835938,25000000.000
310,2064,7.812500,25000000.000
311,2065,8.300781,25000000.000
312,2069,10.253906,25000000.000
313,2071,11.230469,25000000.000
314,2071,11.230469,25000000.000
315,2071,11.230469,25000000.000
316,2072,11.718750,25000000.000
317,2073,12.207031,25000000.000
318,2073,12.207031,25000000.000
319,2073,12.207031,25000000.000
320,2071,11.230469,25000000.000
321,2067,9.277344,25000000.000
322,2067,9.277344,25000000.000
323,2067,9.277344,25000000.000
324,2062,6.835938,25000000.000
325,2059,5.371094,25000000.000
326,2055,3.417969,25000000.000
327,2055,3.417969,25000000.000
328,2049,0.488281,25000000.000
329,2046,-0.976562,25000000.000
330,2043,-2.441406,25000000.000
331,2042,-2.929688,25000000.000
332,2037,-5.371094,25000000.000
333,2035,-6.347656,25000000.000
334,2033,-7.324219,25000000.000
335,2032,-7.812500,25000000.000
336,2029,-9.277344,25000000.000
337,2029,-9.277344,25000000.000
338,2027,-10.253906,25000000.000
339,2028,-9.765625,25000000.000
340,2028,-9.765625,25000000.000
341,2029,-9.277344,25000000.000
342,2030,-8.789062,25000000.000
343,2030,-8.789062,25000000.000
344,2034,-6.835938,25000000.000
345,2037,-5.371094,25000000.000
346,2039,-4.394531,25000000.000
347,2038,-4.882812,25000000.000
348,2044,-1.953125,25000000.000
349,2047,-0.488281,25000000.000
350,2048,0.000000,25000000.000
351,2048,0.000000,25000000.000
352,2054,2.929688,25000000.000
353,2055,3.417969,25000000.000
354,2057,4.394531,25000000.000
355,2058,4.882812,25000000.000
356,2058,4.882812,25000000.000
357,2058,4.882812,25000000.000
358,2059,5.371094,25000000.000
359,2060,5.859375,25000000.000
360,2058,4.882812,25000000.000
361,2057,4.394531,25000000.000
362,2055,3.417969,25000000.000
363,2055,3.417969,25000000.000
364,2051,1.464844,25000000.000
365,2047,-0.488281,25000000.000
366,2045,-1.464844,25000000.000
367,2045,-1.464844,25000000.000
368,2038,-4.882812,25000000.000
369,2039,-4.394531,25000000.000
370,2039,-4.394531,25000000.000
371,2034,-6.835938,25000000.000
372,2031,-8.300781,25000000.000
373,2031,-8.300781,25000000.000
374,2029,-9.277344,25000000.000
375,2030,-8.789062,25000000.000
376,2028,-9.765625,25000000.000
377,2029,-9.277344,25000000.000
378,2030,-8.789062,25000000.000
379,2029,-9.277344,25000000.000
380,2032,-7.812500,25000000.000
381,2035,-6.347656,25000000.000
382,2037,-5.371094,25000000.000
383,2038,-4.882812,25000000.000
384,2043,-2.441406,25000000.000
385,2047,-0.488281,25000000.000
386,2050,0.976562,25000000.000
387,2050,0.976562,25000000.000
388,2056,3.906250,25000000.000
389,2059,5.371094,25000000.000
390,2061,6.347656,25000000.000
391,2062,6.835938,25000000.000
392,2066,8.789062,25000000.000
393,2068,9.765625,25000000.000
394,2068,9.765625,25000000.000
395,2069,10.253906,25000000.000
396,2069,10.253906,25000000.000
397,2069,10.253906,25000000.000
398,2067,9.277344,25000000.000
399,2067,9.277344,25000000.000
400,2062,6.835938,25000000.000
401,2061,6.347656,25000000.000
402,2058,4.882812,25000000.000
403,2057,4.394531,25000000.000
404,2051,1.464844,25000000.000
405,2048,0.000000,25000000.000
406,2042,-2.929688,25000000.000
407,2042,-2.929688,25000000.000
408,2034,-6.835938,25000000.000
409,2033,-7.324219,25000000.000
410,2025,-11.230469,25000000.000
411,2029,-9.277344,25000000.000
412,2022,-12.695312,25000000.000
413,2020,-13.671875,25000000.000
414,2019,-14.160156,25000000.000
415,2019,-14.160156,25000000.000
416,2019,-14.160156,25000000.000
417,2018,-14.648438,25000000.000
418,2019,-14.160156,25000000.000
419,2020,-13.671875,25000000.000
420,2024,-11.718750,25000000.000
421,2026,-10.742188,25000000.000
422,2030,-8.789062,25000000.000
423,2030,-8.789062,25000000.000
424,2038,-4.882812,25000000.000
425,2043,-2.441406,25000000.000
426,2047,-0.488281,25000000.000
427,2048,0.000000,25000000.000
428,2056,3.906250,25000000.000
429,2062,6.835938,25000000.000
430,2065,8.300781,25000000.000
431,2065,8.300781,25000000.000
432,2072,11.718750,25000000.000
433,2076,13.671875,25000000.000
434,2078,14.648438,25000000.000
435,2077,14.160156,25000000.000
436,2079,15.136719,25000000.000
437,2079,15.136719,25000000.000
438,2078,14.648438,25000000.000
439,2078,14.648438,25000000.000
440,2076,13.671875,25000000.000
441,2072,11.718750,25000000.000
442,2069,10.253906,25000000.000
443,2068,9.765625,25000000.000
444,2061,6.347656,25000000.000
445,2056,3.906250,25000000.000
446,2050,0.976562,25000000.000
447,2049,0.488281,25000000.000
448,2039,-4.394531,25000000.000
449,2035,-6.347656,25000000.000
450,2030,-8.789062,25000000.000
451,2030,-8.789062,25000000.000
452,2021,-13.183594,25000000.000
453,2017,-15.136719,25000000.000
454,2014,-16.601562,25000000.000
455,2013,-17.089844,25000000.000
456,2010,-18.554688,25000000.000
457,2009,-19.042969,25000000.000
458,2010,-18.554688,25000000.000
459,2009,-19.042969,25000000.000
460,2010,-18.554688,25000000.000
461,2015,-16.113281,25000000.000
462,2017,-15.136719,25000000.000
463,2017,-15.136719,25000000.000
464,2025,-11.230469,25000000.000
465,2029,-9.277344,25000000.000
466,2034,-6.835938,25000000.000
467,2035,-6.347656,25000000.000
468,2044,-1.953125,25000000.000
469,2049,0.488281,25000000.000
470,2053,2.441406,25000000.000
471,2055,3.417969,25000000.000
472,2064,7.812500,25000000.000
473,2068,9.765625,25000000.000
474,2071,11.230469,25000000.000
475,2072,11.718750,25000000.000
476,2077,14.160156,25000000.000
477,2079,15.136719,25000000.000
478,2080,15.625000,25000000.000
479,2080,15.625000,25000000.000
480,2079,15.136719,25000000.000
481,2077,14.160156,25000000.000
482,2074,12.695312,25000000.000
483,2075,13.183594,25000000.000
484,2069,10.253906,25000000.000
485,2063,7.324219,25000000.000
486,2060,5.859375,25000000.000
487,2060,5.859375,25000000.000
488,2051,1.464844,25000000.000
489,2046,-0.976562,25000000.000
490,2041,-3.417969,25000000.000
491,2040,-3.906250,25000000.000
492,2032,-7.812500,25000000.000
493,2027,-10.253906,25000000.000
494,2024,-11.718750,25000000.000
495,2023,-12.207031,25000000.000
496,2018,-14.648438,25000000.000
497,2017,-15.136719,25000000.000
498,2014,-16.601562,25000000.000
499,2014,-16.601562,25000000.000
500,2015,-16.113281,25000000.000
501,2016,-15.625000,25000000.000
502,2017,-15.136719,25000000.000
503,2018,-14.648438,25000000.000
504,2023,-12.207031,25000000.000
505,2026,-10.742188,25000000.000
506,2031,-8.300781,25000000.000
507,2031,-8.300781,25000000.000
508,2039,-4.394531,25000000.000
509,2045,-1.464844,25000000.000
510,2049,0.488281,25000000.000
511,2049,0.488281,25000000.000
512,2057,4.394531,25000000.000
513,2062,6.835938,25000000.000
514,2067,9.277344,25000000.000
515,2067,9.277344,25000000.000
516,2072,11.718750,25000000.000
517,2074,12.695312,25000000.000
518,2075,13.183594,25000000.000
519,2074,12.695312,25000000.000
520,2075,13.183594,25000000.000
521,2075,13.183594,25000000.000
522,2073,12.207031,25000000.000
523,2073,12.207031,25000000.000
524,2068,9.765625,25000000.000
525,2064,7.812500,25000000.000
526,2060,5.859375,25000000.000
527,2059,5.371094,25000000.000
528,2050,0.976562,25000000.000
529,2047,-0.488281,25000000.000
530,2042,-2.929688,25000000.000
531,2041,-3.417969,25000000.000
532,2033,-7.324219,25000000.000
533,2028,-9.765625,25000000.000
534,2024,-11.718750,25000000.000
535,2024,-11.718750,25000000.000
536,2018,-14.648438,25000000.000
537,2017,-15.136719,25000000.000
538,2014,-16.601562,25000000.000
539,2016,-15.625000,25000000.000
540,2014,-16.601562,25000000.000
541,2014,-16.601562,25000000.000
542,2016,-15.625000,25000000.000
543,2016,-15.625000,25000000.000
544,2021,-13.183594,25000000.000
545,2024,-11.718750,25000000.000
546,2028,-9.765625,25000000.000
547,2027,-10.253906,25000000.000
548,2036,-5.859375,25000000.000
549,2040,-3.906250,25000000.000
550,2045,-1.464844,25000000.000
551,2045,-1.464844,25000000.000
552,2053,2.441406,25000000.000
553,2057,4.394531,25000000.000
554,2061,6.347656,25000000.000
555,2062,6.835938,25000000.000
556,2069,10.253906,25000000.000
557,2071,11.230469,25000000.000
558,2074,12.695312,25000000.000
559,2074,12.695312,25000000.000
560,2075,13.183594,25000000.000
561,2076,13.671875,25000000.000
562,2075,13.183594,25000000.000
563,2074,12.695312,25000000.000
564,2072,11.718750,25000000.000
565,2070,10.742188,25000000.000
566,2067,9.277344,25000000.000
567,2066,8.789062,25000000.000
568,2060,5.859375,25000000.000
569,2057,4.394531,25000000.000
570,2052,1.953125,25000000.000
571,2051,1.464844,25000000.000
572,2043,-2.441406,25000000.000
573,2038,-4.882812,25000000.000
574,2033,-7.324219,25000000.000
575,2033,-7.324219,25000000.000
576,2024,-11.718750,25000000.000
577,2021,-13.183594,25000000.000
578,2017,-15.136719,25000000.000
579,2017,-15.136719,25000000.000
580,2013,-17.089844,25000000.000
581,2012,-17.578125,25000000.000
582,2011,-18.066406,25000000.000
583,2011,-18.066406,25000000.000
584,2013,-17.089844,25000000.000
585,2014,-16.601562,25000000.000
586,2016,-15.625000,25000000.000
587,2017,-15.136719,25000000.000
588,2024,-11.718750,25000000.000
589,2028,-9.765625,25000000.000
590,2033,-7.324219,25000000.000
591,2032,-7.812500,25000000.000
592,2042,-2.929688,25000000.000
593,2046,-0.976562,25000000.000
594,2051,1.464844,25000000.000
595,2052,1.953125,25000000.000
596,2059,5.371094,25000000.000
597,2066,8.789062,25000000.000
598,2068,9.765625,25000000.000
599,2068,9.765625,25000000.000
600,2073,12.207031,25000000.000
601,2074,12.695312,25000000.000
602,2075,13.183594,25000000.000
603,2076,13.671875,25000000.000
604,2076,13.671875,25000000.000
605,2076,13.671875,25000000.000
606,2075,13.183594,25000000.000
607,2075,13.183594,25000000.000
608,2071,11.230469,25000000.000
609,2070,10.742188,25000000.000
610,2067,9.277344,25000000.000
611,2068,9.765625,25000000.000
612,2060,5.859375,25000000.000
613,2058,4.882812,25000000.000
614,2054,2.929688,25000000.000
615,2053,2.441406,25000000.000
616,2043,-2.441406,25000000.000
617,2038,-4.882812,25000000.000
618,2032,-7.812500,25000000.000
619,2031,-8.300781,25000000.000
620,2021,-13.183594,25000000.000
621,2018,-14.648438,25000000.000
622,2014,-16.601562,25000000.000
623,2013,-17.089844,25000000.000
624,2011,-18.066406,25000000.000
625,2010,-18.554688,25000000.000
626,2012,-17.578125,25000000.000
627,2012,-17.578125,25000000.000
628,2016,-15.625000,25000000.000
629,2020,-13.671875,25000000.000
630,2024,-11.718750,25000000.000
631,2024,-11.718750,25000000.000
632,2033,-7.324219,25000000.000
633,2036,-5.859375,25000000.000
634,2041,-3.417969,25000000.000
635,2042,-2.929688,25000000.000
636,2049,0.488281,25000000.000
637,2053,2.441406,25000000.000
638,2055,3.417969,25000000.000
639,2057,4.394531,25000000.000
640,2063,7.324219,25000000.000
641,2064,7.812500,25000000.000
642,2067,9.277344,25000000.000
643,2068,9.765625,25000000.000
644,2072,11.718750,25000000.000
645,2073,12.207031,25000000.000
646,2074,12.695312,25000000.000
647,2075,13.183594,25000000.000
648,2077,14.160156,25000000.000
649,2077,14.160156,25000000.000
650,2077,14.160156,25000000.000
651,2076,13.671875,25000000.000
652,2074,12.695312,25000000.000
653,2071,11.230469,25000000.000
654,2067,9.277344,25000000.000
655,2067,9.277344,25000000.000
656,2056,3.906250,25000000.000
657,2049,0.488281,25000000.000
658,2042,-2.929688,25000000.000
659,2041,-3.417969,25000000.000
660,2027,-10.253906,25000000.000
661,2020,-13.671875,25000000.000
662,2015,-16.113281,25000000.000
663,2014,-16.601562,25000000.000
664,2009,-19.042969,25000000.000
665,2007,-20.019531,25000000.000
666,2009,-19.042969,25000000.000
667,2009,-19.042969,25000000.000
668,2013,-17.089844,25000000.000
669,2017,-15.136719,25000000.000
670,2021,-13.183594,25000000.000
671,2022,-12.695312,25000000.000
672,2031,-8.300781,25000000.000
673,2035,-6.347656,25000000.000
674,2039,-4.394531,25000000.000
675,2039,-4.394531,25000000.000
676,2043,-2.441406,25000000.000
677,2044,-1.953125,25000000.000
678,2046,-0.976562,25000000.000
679,2047,-0.488281,25000000.000
680,2051,1.464844,25000000.000
681,2053,2.441406,25000000.000
682,2057,4.394531,25000000.000
683,2056,3.906250,25000000.000
684,2064,7.812500,25000000.000
685,2068,9.765625,25000000.000
686,2071,11.230469,25000000.000
687,2071,11.230469,25000000.000
688,2075,13.183594,25000000.000
689,2077,14.160156,25000000.000
690,2078,14.648438,25000000.000
691,2079,15.136719,25000000.000
692,2078,14.648438,25000000.000
693,2076,13.671875,25000000.000
694,2074,12.695312,25000000.000
695,2074,12.695312,25000000.000
696,2065,8.300781,25000000.000
697,2059,5.371094,25000000.000
698,2052,1.953125,25000000.000
699,2051,1.464844,25000000.000
700,2036,-5.859375,25000000.000
701,2028,-9.765625,25000000.000
702,2022,-12.695312,25000000.000
703,2021,-13.183594,25000000.000
704,2010,-18.554688,25000000.000
705,2007,-20.019531,25000000.000
706,2006,-20.507812,25000000.000
707,2004,-21.484375,25000000.000
708,2005,-20.996094,25000000.000
709,2008,-19.531250,25000000.000
710,2011,-18.066406,25000000.000
711,2012,-17.578125,25000000.000
712,2021,-13.183594,25000000.000
713,2025,-11.230469,25000000.000
714,2031,-8.300781,25000000.000
715,2031,-8.300781,25000000.000
716,2039,-4.394531,25000000.000
717,2048,0.000000,25000000.000
718,2050,0.976562,25000000.000
719,2048,0.000000,25000000.000
720,2052,1.953125,25000000.000
721,2055,3.417969,25000000.000
722,2059,5.371094,25000000.000
723,2059,5.371094,25000000.000
724,2065,8.300781,25000000.000
725,2069,10.253906,25000000.000
726,2072,11.718750,25000000.000
727,2071,11.230469,25000000.000
728,2073,12.207031,25000000.000
729,2073,12.207031,25000000.000
730,2073,12.207031,25000000.000
731,2074,12.695312,25000000.000
732,2075,13.183594,25000000.000
733,2074,12.695312,25000000.000
734,2074,12.695312,25000000.000
735,2074,12.695312,25000000.000
736,2070,10.742188,25000000.000
737,2066,8.789062,25000000.000
738,2060,5.859375,25000000.000
739,2060,5.859375,25000000.000
740,2046,-0.976562,25000000.000
741,2038,-4.882812,25000000.000
742,2028,-9.765625,25000000.000
743,2027,-10.253906,25000000.000
744,2012,-17.578125,25000000.000
745,2006,-20.507812,25000000.000
746,2001,-22.949219,25000000.000
747,2000,-23.437500,25000000.000
748,1997,-24.902344,25000000.000
749,1999,-23.925781,25000000.000
750,2003,-21.972656,25000000.000
751,2004,-21.484375,25000000.000
752,2015,-16.113281,25000000.000
753,2021,-13.183594,25000000.000
754,2026,-10.742188,25000000.000
755,2027,-10.253906,25000000.000
756,2037,-5.371094,25000000.000
757,2041,-3.417969,25000000.000
758,2046,-0.976562,25000000.000
759,2044,-1.953125,25000000.000
760,2048,0.000000,25000000.000
761,2051,1.464844,25000000.000
762,2053,2.441406,25000000.000
763,2052,1.953125,25000000.000
764,2062,6.835938,25000000.000
765,2067,9.277344,25000000.000
766,2071,11.230469,25000000.000
767,2071,11.230469,25000000.000
768,2079,15.136719,25000000.000
769,2082,16.601562,25000000.000
770,2082,16.601562,25000000.000
771,2082,16.601562,25000000.000
772,2082,16.601562,25000000.000
773,2080,15.625000,25000000.000
774,2078,14.648438,25000000.000
775,2078,14.648438,25000000.000
776,2075,13.183594,25000000.000
777,2072,11.718750,25000000.000
778,2068,9.765625,25000000.000
779,2068,9.765625,25000000.000
780,2058,4.882812,25000000.000
781,2052,1.953125,25000000.000
782,2043,-2.441406,25000000.000
783,2043,-2.441406,25000000.000
784,2030,-8.789062,25000000.000
785,2023,-12.207031,25000000.000
786,2016,-15.625000,25000000.000
787,2014,-16.601562,25000000.000
788,2006,-20.507812,25000000.000
789,2004,-21.484375,25000000.000
790,2002,-22.460938,25000000.000
791,2002,-22.460938,25000000.000
792,2005,-20.996094,25000000.000
793,2008,-19.531250,25000000.000
794,2013,-17.089844,25000000.000
795,2013,-17.089844,25000000.000
796,2023,-12.207031,25000000.000
797,2030,-8.789062,25000000.000
798,2034,-6.835938,25000000.000
799,2034,-6.835938,25000000.000
800,2046,-0.976562,25000000.000
801,2044,-1.953125,25000000.000
802,2045,-1.464844,25000000.000
803,2047,-0.488281,25000000.000
804,2055,3.417969,25000000.000
805,2061,6.347656,25000000.000
806,2062,6.835938,25000000.000
807,2063,7.324219,25000000.000
808,2073,12.207031,25000000.000
809,2074,12.695312,25000000.000
810,2077,14.160156,25000000.000
811,2076,13.671875,25000000.000
812,2079,15.136719,25000000.000
813,2078,14.648438,25000000.000
814,2077,14.160156,25000000.000
815,2077,14.160156,25000000.000
816,2076,13.671875,25000000.000
817,2074,12.695312,25000000.000
818,2071,11.230469,25000000.000
819,2071,11.230469,25000000.000
820,2065,8.300781,25000000.000
821,2060,5.859375,25000000.000
822,2052,1.953125,25000000.000
823,2053,2.441406,25000000.000
824,2039,-4.394531,25000000.000
825,2031,-8.300781,25000000.000
826,2025,-11.230469,25000000.000
827,2024,-11.718750,25000000.000
828,2011,-18.066406,25000000.000
829,2006,-20.507812,25000000.000
830,2003,-21.972656,25000000.000
831,2004,-21.484375,25000000.000
832,2003,-21.972656,25000000.000
833,2004,-21.484375,25000000.000
834,2007,-20.019531,25000000.000
835,2008,-19.531250,25000000.000
836,2018,-14.648438,25000000.000
837,2023,-12.207031,25000000.000
838,2029,-9.277344,25000000.000
839,2030,-8.789062,25000000.000
840,2040,-3.906250,25000000.000
841,2042,-2.929688,25000000.000
842,2046,-0.976562,25000000.000
843,2046,-0.976562,25000000.000
844,2052,1.953125,25000000.000
845,2055,3.417969,25000000.000
846,2059,5.371094,25000000.000
847,2060,5.859375,25000000.000
848,2068,9.765625,25000000.000
849,2072,11.718750,25000000.000
850,2076,13.671875,25000000.000
851,2076,13.671875,25000000.000
852,2079,15.136719,25000000.000
853,2079,15.136719,25000000.000
854,2079,15.136719,25000000.000
855,2080,15.625000,25000000.000
856,2077,14.160156,25000000.000
857,2075,13.183594,25000000.000
858,2074,12.695312,25000000.000
859,2073,12.207031,25000000.000
860,2068,9.765625,25000000.000
861,2065,8.300781,25000000.000
862,2060,5.859375,25000000.000
863,2058,4.882812,25000000.000
864,2046,-0.976562,25000000.000
865,2039,-4.394531,25000000.000
866,2032,-7.812500,25000000.000
867,2032,-7.812500,25000000.000
868,2019,-14.160156,25000000.000
869,2016,-15.625000,25000000.000
870,2011,-18.066406,25000000.000
871,2011,-18.066406,25000000.000
872,2004,-21.484375,25000000.000
873,2004,-21.484375,25000000.000
874,2005,-20.996094,25000000.000
875,2006,-20.507812,25000000.000
876,2011,-18.066406,25000000.000
877,2015,-16.113281,25000000.000
878,2020,-13.671875,25000000.000
879,2021,-13.183594,25000000.000
880,2031,-8.300781,25000000.000
881,2036,-5.859375,25000000.000
882,2040,-3.906250,25000000.000
883,2040,-3.906250,25000000.000
884,2048,0.000000,25000000.000
885,2052,1.953125,25000000.000
886,2055,3.417969,25000000.000
887,2057,4.394531,25000000.000
888,2065,8.300781,25000000.000
889,2069,10.253906,25000000.000
890,2073,12.207031,25000000.000
891,2073,12.207031,25000000.000
892,2077,14.160156,25000000.000
893,2078,14.648438,25000000.000
894,2080,15.625000,25000000.000
895,2079,15.136719,25000000.000
896,2075,13.183594,25000000.000
897,2074,12.695312,25000000.000
898,2072,11.718750,25000000.000
899,2072,11.718750,25000000.000
900,2068,9.765625,25000000.000
901,2066,8.789062,25000000.000
902,2063,7.324219,25000000.000
903,2062,6.835938,25000000.000
904,2053,2.441406,25000000.000
905,2046,-0.976562,25000000.000
906,2041,-3.417969,25000000.000
907,2039,-4.394531,25000000.000
908,2027,-10.253906,25000000.000
909,2020,-13.671875,25000000.000
910,2015,-16.113281,25000000.000
911,2014,-16.601562,25000000.000
912,2008,-19.531250,25000000.000
913,2006,-20.507812,25000000.000
914,2005,-20.996094,25000000.000
915,2006,-20.507812,25000000.000
916,2010,-18.554688,25000000.000
917,2015,-16.113281,25000000.000
918,2019,-14.160156,25000000.000
919,2017,-15.136719,25000000.000
920,2029,-9.277344,25000000.000
921,2033,-7.324219,25000000.000
922,2037,-5.371094,25000000.000
923,2036,-5.859375,25000000.000
924,2045,-1.464844,25000000.000
925,2050,0.976562,25000000.000
926,2053,2.441406,25000000.000
927,2054,2.929688,25000000.000
928,2063,7.324219,25000000.000
929,2069,10.253906,25000000.000
930,2073,12.207031,25000000.000
931,2073,12.207031,25000000.000
932,2079,15.136719,25000000.000
933,2081,16.113281,25000000.000
934,2082,16.601562,25000000.000
935,2082,16.601562,25000000.000
936,2080,15.625000,25000000.000
937,2078,14.648438,25000000.000
938,2076,13.671875,25000000.000
939,2075,13.183594,25000000.000
940,2072,11.718750,25000000.000
941,2068,9.765625,25000000.000
942,2064,7.812500,25000000.000
943,2066,8.789062,25000000.000
944,2056,3.906250,25000000.000
945,2051,1.464844,25000000.000
946,2044,-1.953125,25000000.000
947,2044,-1.953125,25000000.000
948,2031,-8.300781,25000000.000
949,2025,-11.230469,25000000.000
950,2019,-14.160156,25000000.000
951,2017,-15.136719,25000000.000
952,2009,-19.042969,25000000.000
953,2006,-20.507812,25000000.000
954,2005,-20.996094,25000000.000
955,2005,-20.996094,25000000.000
956,2008,-19.531250,25000000.000
957,2011,-18.066406,25000000.000
958,2014,-16.601562,25000000.000
959,2015,-16.113281,25000000.000
960,2024,-11.718750,25000000.000
961,2028,-9.765625,25000000.000
962,2034,-6.835938,25000000.000
963,2033,-7.324219,25000000.000
964,2040,-3.906250,25000000.000
965,2045,-1.464844,25000000.000
966,2049,0.488281,25000000.000
967,2049,0.488281,25000000.000
968,2057,4.394531,25000000.000
969,2061,6.347656,25000000.000
970,2066,8.789062,25000000.000
971,2067,9.277344,25000000.000
972,2075,13.183594,25000000.000
973,2078,14.648438,25000000.000
974,2078,14.648438,25000000.000
975,2079,15.136719,25000000.000
976,2078,14.648438,25000000.000
977,2075,13.183594,25000000.000
978,2072,11.718750,25000000.000
979,2073,12.207031,25000000.000
980,2069,10.253906,25000000.000
981,2066,8.789062,25000000.000
982,2065,8.300781,25000000.000
983,2065,8.300781,25000000.000
984,2059,5.371094,25000000.000
985,2055,3.417969,25000000.000
986,2050,0.976562,25000000.000
987,2049,0.488281,25000000.000
988,2038,-4.882812,25000000.000
989,2031,-8.300781,25000000.000
990,2025,-11.230469,25000000.000
991,2024,-11.718750,25000000.000
992,2012,-17.578125,25000000.000
993,2008,-19.531250,25000000.000
994,2006,-20.507812,25000000.000
995,2006,-20.507812,25000000.000
996,2007,-20.019531,25000000.000
997,2009,-19.042969,25000000.000
998,2012,-17.578125,25000000.000
999,2013,-17.089844,25000000.000
1000,2022,-12.695312,25000000.000
1001,2027,-10.253906,25000000.000
1002,2031,-8.300781,25000000.000
1003,2032,-7.812500,25000000.000
1004,2041,-3.417969,25000000.000
1005,2043,-2.441406,25000000.000
1006,2046,-0.976562,25000000.000
1007,2047,-0.488281,25000000.000
1008,2055,3.417969,25000000.000
1009,2059,5.371094,25000000.000
1010,2066,8.789062,25000000.000
1011,2064,7.812500,25000000.000
1012,2074,12.695312,25000000.000
1013,2078,14.648438,25000000.000
1014,2080,15.625000,25000000.000
1015,2081,16.113281,25000000.000
1016,2081,16.113281,25000000.000
1017,2080,15.625000,25000000.000
1018,2078,14.648438,25000000.000
1019,2077,14.160156,25000000.000
1020,2072,11.718750,25000000.000
1021,2071,11.230469,25000000.000
1022,2069,10.253906,25000000.000
1023,2067,9.277344,25000000.000
1024,2062,6.835938,25000000.000
1025,2058,4.882812,25000000.000
1026,2053,2.441406,25000000.000
1027,2052,1.953125,25000000.000
1028,2040,-3.906250,25000000.000
1029,2034,-6.835938,25000000.000
1030,2028,-9.765625,25000000.000
1031,2028,-9.765625,25000000.000
1032,2016,-15.625000,25000000.000
1033,2010,-18.554688,25000000.000
1034,2007,-20.019531,25000000.000
1035,2007,-20.019531,25000000.000
1036,2005,-20.996094,25000000.000
1037,2005,-20.996094,25000000.000
1038,2008,-19.531250,25000000.000
1039,2007,-20.019531,25000000.000
1040,2015,-16.113281,25000000.000
1041,2018,-14.648438,25000000.000
1042,2023,-12.207031,25000000.000
1043,2024,-11.718750,25000000.000
1044,2032,-7.812500,25000000.000
1045,2036,-5.859375,25000000.000
1046,2041,-3.417969,25000000.000
1047,2041,-3.417969,25000000.000
1048,2050,0.976562,25000000.000
1049,2055,3.417969,25000000.000
1050,2060,5.859375,25000000.000
1051,2059,5.371094,25000000.000
1052,2069,10.253906,25000000.000
1053,2074,12.695312,25000000.000
1054,2077,14.160156,25000000.000
1055,2077,14.160156,25000000.000
1056,2079,15.136719,25000000.000
1057,2078,14.648438,25000000.000
1058,2075,13.183594,25000000.000
1059,2075,13.183594,25000000.000
1060,2070,10.742188,25000000.000
1061,2067,9.277344,25000000.000
1062,2066,8.789062,25000000.000
1063,2065,8.300781,25000000.000
1064,2060,5.859375,25000000.000
1065,2064,7.812500,25000000.000
1066,2058,4.882812,25000000.000
1067,2057,4.394531,25000000.000
1068,2048,0.000000,25000000.000
1069,2042,-2.929688,25000000.000
1070,2035,-6.347656,25000000.000
1071,2035,-6.347656,25000000.000
1072,2021,-13.183594,25000000.000
1073,2014,-16.601562,25000000.000
1074,2011,-18.066406,25000000.000
1075,2010,-18.554688,25000000.000
1076,2004,-21.484375,25000000.000
1077,2003,-21.972656,25000000.000
1078,2005,-20.996094,25000000.000
1079,2006,-20.507812,25000000.000
1080,2011,-18.066406,25000000.000
1081,2016,-15.625000,25000000.000
1082,2022,-12.695312,25000000.000
1083,2022,-12.695312,25000000.000
1084,2030,-8.789062,25000000.000
1085,2034,-6.835938,25000000.000
1086,2036,-5.859375,25000000.000
1087,2038,-4.882812,25000000.000
1088,2044,-1.953125,25000000.000
1089,2049,0.488281,25000000.000
1090,2053,2.441406,25000000.000
1091,2054,2.929688,25000000.000
1092,2064,7.812500,25000000.000
1093,2068,9.765625,25000000.000
1094,2072,11.718750,25000000.000
1095,2074,12.695312,25000000.000
1096,2080,15.625000,25000000.000
1097,2081,16.113281,25000000.000
1098,2080,15.625000,25000000.000
1099,2080,15.625000,25000000.000
1100,2077,14.160156,25000000.000
1101,2074,12.695312,25000000.000
1102,2071,11.230469,25000000.000
1103,2071,11.230469,25000000.000
1104,2066,8.789062,25000000.000
1105,2064,7.812500,25000000.000
1106,2059,5.371094,25000000.000
1107,2060,5.859375,25000000.000
1108,2053,2.441406,25000000.000
1109,2048,0.000000,25000000.000
1110,2040,-3.906250,25000000.000
1111,2039,-4.394531,25000000.000
1112,2030,-8.789062,25000000.000
1113,2023,-12.207031,25000000.000
1114,2017,-15.136719,25000000.000
1115,2016,-15.625000,25000000.000
1116,2010,-18.554688,25000000.000
1117,2008,-19.531250,25000000.000
1118,2008,-19.531250,25000000.000
1119,2008,-19.531250,25000000.000
1120,2010,-18.554688,25000000.000
1121,2013,-17.089844,25000000.000
1122,2018,-14.648438,25000000.000
1123,2018,-14.648438,25000000.000
1124,2028,-9.765625,25000000.000
1125,2032,-7.812500,25000000.000
1126,2034,-6.835938,25000000.000
1127,2035,-6.347656,25000000.000
1128,2043,-2.441406,25000000.000
1129,2048,0.000000,25000000.000
1130,2052,1.953125,25000000.000
1131,2053,2.441406,25000000.000
1132,2063,7.324219,25000000.000
1133,2070,10.742188,25000000.000
1134,2074,12.695312,25000000.000
1135,2074,12.695312,25000000.000
1136,2079,15.136719,25000000.000
1137,2083,17.089844,25000000.000
1138,2081,16.113281,25000000.000
1139,2080,15.625000,25000000.000
1140,2078,14.648438,25000000.000
1141,2075,13.183594,25000000.000
1142,2072,11.718750,25000000.000
1143,2072,11.718750,25000000.000
1144,2066,8.789062,25000000.000
1145,2065,8.300781,25000000.000
1146,2064,7.812500,25000000.000
1147,2063,7.324219,25000000.000
1148,2058,4.882812,25000000.000
1149,2053,2.441406,25000000.000
1150,2049,0.488281,25000000.000
1151,2048,0.000000,25000000.000
1152,2036,-5.859375,25000000.000
1153,2029,-9.277344,25000000.000
1154,2021,-13.183594,25000000.000
1155,2020,-13.671875,25000000.000
1156,2012,-17.578125,25000000.000
1157,2007,-20.019531,25000000.000
1158,2005,-20.996094,25000000.000
1159,2005,-20.996094,25000000.000
1160,2007,-20.019531,25000000.000
1161,2013,-17.089844,25000000.000
1162,2015,-16.113281,25000000.000
1163,2017,-15.136719,25000000.000
1164,2027,-10.253906,25000000.000
1165,2032,-7.812500,25000000.000
1166,2036,-5.859375,25000000.000
1167,2036,-5.859375,25000000.000
1168,2041,-3.417969,25000000.000
1169,2044,-1.953125,25000000.000
1170,2047,-0.488281,25000000.000
1171,2048,0.000000,25000000.000
1172,2053,2.441406,25000000.000
1173,2059,5.371094,25000000.000
1174,2064,7.812500,25000000.000
1175,2065,8.300781,25000000.000
1176,2075,13.183594,25000000.000
1177,2080,15.625000,25000000.000
1178,2083,17.089844,25000000.000
1179,2082,16.601562,25000000.000
1180,2083,17.089844,25000000.000
1181,2081,16.113281,25000000.000
1182,2079,15.136719,25000000.000
1183,2078,14.648438,25000000.000
1184,2070,10.742188,25000000.000
1185,2069,10.253906,25000000.000
1186,2064,7.812500,25000000.000
1187,2065,8.300781,25000000.000
1188,2057,4.394531,25000000.000
1189,2053,2.441406,25000000.000
1190,2048,0.000000,25000000.000
1191,2047,-0.488281,25000000.000
1192,2037,-5.371094,25000000.000
1193,2031,-8.300781,25000000.000
1194,2026,-10.742188,25000000.000
1195,2026,-10.742188,25000000.000
1196,2015,-16.113281,25000000.000
1197,2011,-18.066406,25000000.000
1198,2007,-20.019531,25000000.000
1199,2007,-20.019531,25000000.000
1200,2005,-20.996094,25000000.000
1201,2008,-19.531250,25000000.000
1202,2013,-17.089844,25000000.000
1203,2013,-17.089844,25000000.000
1204,2023,-12.207031,25000000.000
1205,2029,-9.277344,25000000.000
1206,2034,-6.835938,25000000.000
1207,2033,-7.324219,25000000.000
1208,2040,-3.906250,25000000.000
1209,2041,-3.417969,25000000.000
1210,2044,-1.953125,25000000.000
1211,2044,-1.953125,25000000.000
1212,2049,0.488281,25000000.000
1213,2052,1.953125,25000000.000
1214,2058,4.882812,25000000.000
1215,2059,5.371094,25000000.000
1216,2069,10.253906,25000000.000
1217,2074,12.695312,25000000.000
1218,2078,14.648438,25000000.000
1219,2079,15.136719,25000000.000
1220,2082,16.601562,25000000.000
1221,2081,16.113281,25000000.000
1222,2079,15.136719,25000000.000
1223,2079,15.136719,25000000.000
1224,2071,11.230469,25000000.000
1225,2069,10.253906,25000000.000
1226,2065,8.300781,25000000.000
1227,2065,8.300781,25000000.000
1228,2059,5.371094,25000000.000
1229,2055,3.417969,25000000.000
1230,2051,1.464844,25000000.000
1231,2050,0.976562,25000000.000
1232,2042,-2.929688,25000000.000
1233,2035,-6.347656,25000000.000
1234,2029,-9.277344,25000000.000
1235,2028,-9.765625,25000000.000
1236,2018,-14.648438,25000000.000
1237,2013,-17.089844,25000000.000
1238,2009,-19.042969,25000000.000
1239,2008,-19.531250,25000000.000
1240,2005,-20.996094,25000000.000
1241,2006,-20.507812,25000000.000
1242,2009,-19.042969,25000000.000
1243,2009,-19.042969,25000000.000
1244,2020,-13.671875,25000000.000
1245,2026,-10.742188,25000000.000
1246,2030,-8.789062,25000000.000
1247,2030,-8.789062,25000000.000
1248,2037,-5.371094,25000000.000
1249,2038,-4.882812,25000000.000
1250,2041,-3.417969,25000000.000
1251,2041,-3.417969,25000000.000
1252,2045,-1.464844,25000000.000
1253,2049,0.488281,25000000.000
1254,2053,2.441406,25000000.000
1255,2054,2.929688,25000000.000
1256,2065,8.300781,25000000.000
1257,2071,11.230469,25000000.000
1258,2076,13.671875,25000000.000
1259,2077,14.160156,25000000.000
1260,2083,17.089844,25000000.000
1261,2083,17.089844,25000000.000
1262,2082,16.601562,25000000.000
1263,2082,16.601562,25000000.000
1264,2076,13.671875,25000000.000
1265,2073,12.207031,25000000.000
1266,2069,10.253906,25000000.000
1267,2069,10.253906,25000000.000
1268,2062,6.835938,25000000.000
1269,2059,5.371094,25000000.000
1270,2054,2.929688,25000000.000
1271,2054,2.929688,25000000.000
1272,2044,-1.953125,25000000.000
1273,2038,-4.882812,25000000.000
1274,2032,-7.812500,25000000.000
1275,2032,-7.812500,25000000.000
1276,2021,-13.183594,25000000.000
1277,2015,-16.113281,25000000.000
1278,2012,-17.578125,25000000.000
1279,2011,-18.066406,25000000.000
1280,2007,-20.019531,25000000.000
1281,2007,-20.019531,25000000.000
1282,2009,-19.042969,25000000.000
1283,2010,-18.554688,25000000.000
1284,2018,-14.648438,25000000.000
1285,2022,-12.695312,25000000.000
1286,2026,-10.742188,25000000.000
1287,2028,-9.765625,25000000.000
1288,2034,-6.835938,25000000.000
1289,2037,-5.371094,25000000.000
1290,2039,-4.394531,25000000.000
1291,2040,-3.906250,25000000.000
1292,2043,-2.441406,25000000.000
1293,2047,-0.488281,25000000.000
1294,2051,1.464844,25000000.000
1295,2051,1.464844,25000000.000
1296,2061,6.347656,25000000.000
1297,2069,10.253906,25000000.000
1298,2073,12.207031,25000000.000
1299,2075,13.183594,25000000.000
1300,2082,16.601562,25000000.000
1301,2083,17.089844,25000000.000
1302,2083,17.089844,25000000.000
1303,2082,16.601562,25000000.000
1304,2079,15.136719,25000000.000
1305,2074,12.695312,25000000.000
1306,2071,11.230469,25000000.000
1307,2071,11.230469,25000000.000
1308,2066,8.789062,25000000.000
1309,2062,6.835938,25000000.000
1310,2059,5.371094,25000000.000
1311,2059,5.371094,25000000.000
1312,2051,1.464844,25000000.000
1313,2046,-0.976562,25000000.000
1314,2040,-3.906250,25000000.000
1315,2040,-3.906250,25000000.000
1316,2027,-10.253906,25000000.000
1317,2021,-13.183594,25000000.000
1318,2015,-16.113281,25000000.000
1319,2014,-16.601562,25000000.000
1320,2008,-19.531250,25000000.000
1321,2006,-20.507812,25000000.000
1322,2006,-20.507812,25000000.000
1323,2007,-20.019531,25000000.000
1324,2012,-17.578125,25000000.000
1325,2017,-15.136719,25000000.000
1326,2021,-13.183594,25000000.000
1327,2022,-12.695312,25000000.000
1328,2031,-8.300781,25000000.000
1329,2035,-6.347656,25000000.000
1330,2037,-5.371094,25000000.000
1331,2037,-5.371094,25000000.000
1332,2041,-3.417969,25000000.000
1333,2043,-2.441406,25000000.000
1334,2047,-0.488281,25000000.000
1335,2048,0.000000,25000000.000
1336,2054,2.929688,25000000.000
1337,2061,6.347656,25000000.000
1338,2066,8.789062,25000000.000
1339,2067,9.277344,25000000.000
1340,2078,14.648438,25000000.000
1341,2081,16.113281,25000000.000
1342,2082,16.601562,25000000.000
1343,2082,16.601562,25000000.000
1344,2080,15.625000,25000000.000
1345,2078,14.648438,25000000.000
1346,2074,12.695312,25000000.000
1347,2072,11.718750,25000000.000
1348,2066,8.789062,25000000.000
1349,2062,6.835938,25000000.000
1350,2060,5.859375,25000000.000
1351,2059,5.371094,25000000.000
1352,2052,1.953125,25000000.000
1353,2046,-0.976562,25000000.000
1354,2041,-3.417969,25000000.000
1355,2041,-3.417969,25000000.000
1356,2030,-8.789062,25000000.000
1357,2023,-12.207031,25000000.000
1358,2018,-14.648438,25000000.000
1359,2018,-14.648438,25000000.000
1360,2009,-19.042969,25000000.000
1361,2008,-19.531250,25000000.000
1362,2006,-20.507812,25000000.000
1363,2006,-20.507812,25000000.000
1364,2010,-18.554688,25000000.000
1365,2014,-16.601562,25000000.000
1366,2019,-14.160156,25000000.000
1367,2019,-14.160156,25000000.000
1368,2028,-9.765625,25000000.000
1369,2033,-7.324219,25000000.000
1370,2036,-5.859375,25000000.000
1371,2037,-5.371094,25000000.000
1372,2042,-2.929688,25000000.000
1373,2043,-2.441406,25000000.000
1374,2046,-0.976562,25000000.000
1375,2046,-0.976562,25000000.000
1376,2053,2.441406,25000000.000
1377,2058,4.882812,25000000.000
1378,2064,7.812500,25000000.000
1379,2064,7.812500,25000000.000
1380,2075,13.183594,25000000.000
1381,2081,16.113281,25000000.000
1382,2082,16.601562,25000000.000
1383,2083,17.089844,25000000.000
1384,2084,17.578125,25000000.000
1385,2080,15.625000,25000000.000
1386,2076,13.671875,25000000.000
1387,2076,13.671875,25000000.000
1388,2070,10.742188,25000000.000
1389,2065,8.300781,25000000.000
1390,2063,7.324219,25000000.000
1391,2063,7.324219,25000000.000
1392,2057,4.394531,25000000.000
1393,2053,2.441406,25000000.000
1394,2049,0.488281,25000000.000
1395,2050,0.976562,25000000.000
1396,2039,-4.394531,25000000.000
1397,2034,-6.835938,25000000.000
1398,2026,-10.742188,25000000.000
1399,2026,-10.742188,25000000.000
1400,2015,-16.113281,25000000.000
1401,2010,-18.554688,25000000.000
1402,2006,-20.507812,25000000.000
1403,2006,-20.507812,25000000.000
1404,2006,-20.507812,25000000.000
1405,2008,-19.531250,25000000.000
1406,2013,-17.089844,25000000.000
1407,2013,-17.089844,25000000.000
1408,2023,-12.207031,25000000.000
1409,2028,-9.765625,25000000.000
1410,2034,-6.835938,25000000.000
1411,2035,-6.347656,25000000.000
1412,2045,-1.464844,25000000.000
1413,2045,-1.464844,25000000.000
1414,2043,-2.441406,25000000.000
1415,2046,-0.976562,25000000.000
1416,2050,0.976562,25000000.000
1417,2052,1.953125,25000000.000
1418,2056,3.906250,25000000.000
1419,2058,4.882812,25000000.000
1420,2068,9.765625,25000000.000
1421,2072,11.718750,25000000.000
1422,2077,14.160156,25000000.000
1423,2077,14.160156,25000000.000
1424,2082,16.601562,25000000.000
1425,2081,16.113281,25000000.000
1426,2080,15.625000,25000000.000
1427,2078,14.648438,25000000.000
1428,2074,12.695312,25000000.000
1429,2070,10.742188,25000000.000
1430,2067,9.277344,25000000.000
1431,2067,9.277344,25000000.000
1432,2061,6.347656,25000000.000
1433,2056,3.906250,25000000.000
1434,2052,1.953125,25000000.000
1435,2051,1.464844,25000000.000
1436,2040,-3.906250,25000000.000
1437,2036,-5.859375,25000000.000
1438,2030,-8.789062,25000000.000
1439,2029,-9.277344,25000000.000
1440,2019,-14.160156,25000000.000
1441,2014,-16.601562,25000000.000
1442,2011,-18.066406,25000000.000
1443,2010,-18.554688,25000000.000
1444,2007,-20.019531,25000000.000
1445,2008,-19.531250,25000000.000
1446,2012,-17.578125,25000000.000
1447,2011,-18.066406,25000000.000
1448,2019,-14.160156,25000000.000
1449,2024,-11.718750,25000000.000
1450,2029,-9.277344,25000000.000
1451,2030,-8.789062,25000000.000
1452,2038,-4.882812,25000000.000
1453,2039,-4.394531,25000000.000
1454,2042,-2.929688,25000000.000
1455,2042,-2.929688,25000000.000
1456,2045,-1.464844,25000000.000
1457,2049,0.488281,25000000.000
1458,2054,2.929688,25000000.000
1459,2053,2.441406,25000000.000
1460,2064,7.812500,25000000.000
1461,2070,10.742188,25000000.000
1462,2075,13.183594,25000000.000
1463,2074,12.695312,25000000.000
1464,2082,16.601562,25000000.000
1465,2081,16.113281,25000000.000
1466,2082,16.601562,25000000.000
1467,2082,16.601562,25000000.000
1468,2077,14.160156,25000000.000
1469,2071,11.230469,25000000.000
1470,2068,9.765625,25000000.000
1471,2067,9.277344,25000000.000
1472,2062,6.835938,25000000.000
1473,2059,5.371094,25000000.000
1474,2056,3.906250,25000000.000
1475,2055,3.417969,25000000.000
1476,2046,-0.976562,25000000.000
1477,2042,-2.929688,25000000.000
1478,2038,-4.882812,25000000.000
1479,2037,-5.371094,25000000.000
1480,2026,-10.742188,25000000.000
1481,2021,-13.183594,25000000.000
1482,2015,-16.113281,25000000.000
1483,2015,-16.113281,25000000.000
1484,2006,-20.507812,25000000.000
1485,2006,-20.507812,25000000.000
1486,2006,-20.507812,25000000.000
1487,2007,-20.019531,25000000.000
1488,2013,-17.089844,25000000.000
1489,2019,-14.160156,25000000.000
1490,2025,-11.230469,25000000.000
1491,2024,-11.718750,25000000.000
1492,2035,-6.347656,25000000.000
1493,2038,-4.882812,25000000.000
1494,2041,-3.417969,25000000.000
1495,2041,-3.417969,25000000.000
1496,2045,-1.464844,25000000.000
1497,2048,0.000000,25000000.000
1498,2051,1.464844,25000000.000
1499,2051,1.464844,25000000.000
1500,2059,5.371094,25000000.000
1501,2063,7.324219,25000000.000
1502,2070,10.742188,25000000.000
1503,2070,10.742188,25000000.000
1504,2079,15.136719,25000000.000
1505,2080,15.625000,25000000.000
1506,2081,16.113281,25000000.000
1507,2081,16.113281,25000000.000
1508,2081,16.113281,25000000.000
1509,2077,14.160156,25000000.000
1510,2073,12.207031,25000000.000
1511,2074,12.695312,25000000.000
1512,2067,9.277344,25000000.000
1513,2064,7.812500,25000000.000
1514,2059,5.371094,25000000.000
1515,2059,5.371094,25000000.000
1516,2051,1.464844,25000000.000
1517,2045,-1.464844,25000000.000
1518,2040,-3.906250,25000000.000
1519,2040,-3.906250,25000000.000
1520,2028,-9.765625,25000000.000
1521,2023,-12.207031,25000000.000
1522,2017,-15.136719,25000000.000
1523,2017,-15.136719,25000000.000
1524,2011,-18.066406,25000000.000
1525,2009,-19.042969,25000000.000
1526,2007,-20.019531,25000000.000
1527,2008,-19.531250,25000000.000
1528,2012,-17.578125,25000000.000
1529,2016,-15.625000,25000000.000
1530,2022,-12.695312,25000000.000
1531,2023,-12.207031,25000000.000
1532,2033,-7.324219,25000000.000
1533,2037,-5.371094,25000000.000
1534,2041,-3.417969,25000000.000
1535,2042,-2.929688,25000000.000
1536,2046,-0.976562,25000000.000
1537,2046,-0.976562,25000000.000
1538,2049,0.488281,25000000.000
1539,2049,0.488281,25000000.000
1540,2056,3.906250,25000000.000
1541,2061,6.347656,25000000.000
1542,2066,8.789062,25000000.000
1543,2066,8.789062,25000000.000
1544,2077,14.160156,25000000.000
1545,2080,15.625000,25000000.000
1546,2082,16.601562,25000000.000
1547,2083,17.089844,25000000.000
1548,2082,16.601562,25000000.000
1549,2080,15.625000,25000000.000
1550,2076,13.671875,25000000.000
1551,2076,13.671875,25000000.000
1552,2068,9.765625,25000000.000
1553,2064,7.812500,25000000.000
1554,2061,6.347656,25000000.000
1555,2061,6.347656,25000000.000
1556,2053,2.441406,25000000.000
1557,2050,0.976562,25000000.000
1558,2047,-0.488281,25000000.000
1559,2046,-0.976562,25000000.000
1560,2037,-5.371094,25000000.000
1561,2030,-8.789062,25000000.000
1562,2025,-11.230469,25000000.000
1563,2024,-11.718750,25000000.000
1564,2013,-17.089844,25000000.000
1565,2009,-19.042969,25000000.000
1566,2006,-20.507812,25000000.000
1567,2006,-20.507812,25000000.000
1568,2006,-20.507812,25000000.000
1569,2009,-19.042969,25000000.000
1570,2013,-17.089844,25000000.000
1571,2014,-16.601562,25000000.000
1572,2025,-11.230469,25000000.000
1573,2030,-8.789062,25000000.000
1574,2037,-5.371094,25000000.000
1575,2038,-4.882812,25000000.000
1576,2044,-1.953125,25000000.000
1577,2044,-1.953125,25000000.000
1578,2046,-0.976562,25000000.000
1579,2046,-0.976562,25000000.000
1580,2050,0.976562,25000000.000
1581,2053,2.441406,25000000.000
1582,2057,4.394531,25000000.000
1583,2058,4.882812,25000000.000
1584,2068,9.765625,25000000.000
1585,2074,12.695312,25000000.000
1586,2076,13.671875,25000000.000
1587,2078,14.648438,25000000.000
1588,2081,16.113281,25000000.000
1589,2081,16.113281,25000000.000
1590,2079,15.136719,25000000.000
1591,2079,15.136719,25000000.000
1592,2073,12.207031,25000000.000
1593,2069,10.253906,25000000.000
1594,2066,8.789062,25000000.000
1595,2065,8.300781,25000000.000
1596,2058,4.882812,25000000.000
1597,2054,2.929688,25000000.000
1598,2048,0.000000,25000000.000
1599,2049,0.488281,25000000.000
1600,2039,-4.394531,25000000.000
1601,2033,-7.324219,25000000.000
1602,2028,-9.765625,25000000.000
1603,2028,-9.765625,25000000.000
1604,2019,-14.160156,25000000.000
1605,2016,-15.625000,25000000.000
1606,2013,-17.089844,25000000.000
1607,2013,-17.089844,25000000.000
1608,2011,-18.066406,25000000.000
1609,2012,-17.578125,25000000.000
1610,2014,-16.601562,25000000.000
1611,2014,-16.601562,25000000.000
1612,2023,-12.207031,25000000.000
1613,2029,-9.277344,25000000.000
1614,2033,-7.324219,25000000.000
1615,2033,-7.324219,25000000.000
1616,2040,-3.906250,25000000.000
1617,2041,-3.417969,25000000.000
1618,2042,-2.929688,25000000.000
1619,2043,-2.441406,25000000.000
1620,2046,-0.976562,25000000.000
1621,2049,0.488281,25000000.000
1622,2052,1.953125,25000000.000
1623,2052,1.953125,25000000.000
1624,2063,7.324219,25000000.000
1625,2068,9.765625,25000000.000
1626,2072,11.718750,25000000.000
1627,2073,12.207031,25000000.000
1628,2078,14.648438,25000000.000
1629,2078,14.648438,25000000.000
1630,2077,14.160156,25000000.000
1631,2076,13.671875,25000000.000
1632,2070,10.742188,25000000.000
1633,2066,8.789062,25000000.000
1634,2063,7.324219,25000000.000
1635,2062,6.835938,25000000.000
1636,2055,3.417969,25000000.000
1637,2052,1.953125,25000000.000
1638,2049,0.488281,25000000.000
1639,2049,0.488281,25000000.000
1640,2041,-3.417969,25000000.000
1641,2036,-5.859375,25000000.000
1642,2031,-8.300781,25000000.000
1643,2032,-7.812500,25000000.000
1644,2021,-13.183594,25000000.000
1645,2016,-15.625000,25000000.000
1646,2012,-17.578125,25000000.000
1647,2010,-18.554688,25000000.000
1648,2003,-21.972656,25000000.000
1649,2003,-21.972656,25000000.000
1650,2003,-21.972656,25000000.000
1651,2004,-21.484375,25000000.000
1652,2011,-18.066406,25000000.000
1653,2016,-15.625000,25000000.000
1654,2022,-12.695312,25000000.000
1655,2023,-12.207031,25000000.000
1656,2032,-7.812500,25000000.000
1657,2037,-5.371094,25000000.000
1658,2039,-4.394531,25000000.000
1659,2038,-4.882812,25000000.000
1660,2043,-2.441406,25000000.000
1661,2046,-0.976562,25000000.000
1662,2051,1.464844,25000000.000
1663,2051,1.464844,25000000.000
1664,2062,6.835938,25000000.000
1665,2068,9.765625,25000000.000
1666,2077,14.160156,25000000.000
1667,2077,14.160156,25000000.000
1668,2087,19.042969,25000000.000
1669,2091,20.996094,25000000.000
1670,2093,21.972656,25000000.000
1671,2094,22.460938,25000000.000
1672,2093,21.972656,25000000.000
1673,2090,20.507812,25000000.000
1674,2088,19.531250,25000000.000
1675,2087,19.042969,25000000.000
1676,2080,15.625000,25000000.000
1677,2077,14.160156,25000000.000
1678,2071,11.230469,25000000.000
1679,2070,10.742188,25000000.000
1680,2059,5.371094,25000000.000
1681,2051,1.464844,25000000.000
1682,2044,-1.953125,25000000.000
1683,2042,-2.929688,25000000.000
1684,2027,-10.253906,25000000.000
1685,2018,-14.648438,25000000.000
1686,2011,-18.066406,25000000.000
1687,2010,-18.554688,25000000.000
1688,1998,-24.414062,25000000.000
1689,1995,-25.878906,25000000.000
1690,1991,-27.832031,25000000.000
1691,1991,-27.832031,25000000.000
1692,1992,-27.343750,25000000.000
1693,1995,-25.878906,25000000.000
1694,2000,-23.437500,25000000.000
1695,1999,-23.925781,25000000.000
1696,2009,-19.042969,25000000.000
1697,2012,-17.578125,25000000.000
1698,2015,-16.113281,25000000.000
1699,2015,-16.113281,25000000.000
1700,2022,-12.695312,25000000.000
1701,2027,-10.253906,25000000.000
1702,2032,-7.812500,25000000.000
1703,2034,-6.835938,25000000.000
1704,2049,0.488281,25000000.000
1705,2057,4.394531,25000000.000
1706,2068,9.765625,25000000.000
1707,2069,10.253906,25000000.000
1708,2087,19.042969,25000000.000
1709,2093,21.972656,25000000.000
1710,2098,24.414062,25000000.000
1711,2099,24.902344,25000000.000
1712,2102,26.367188,25000000.000
1713,2102,26.367188,25000000.000
1714,2101,25.878906,25000000.000
1715,2101,25.878906,25000000.000
1716,2096,23.437500,25000000.000
1717,2093,21.972656,25000000.000
1718,2090,20.507812,25000000.000
1719,2090,20.507812,25000000.000
1720,2083,17.089844,25000000.000
1721,2078,14.648438,25000000.000
1722,2072,11.718750,25000000.000
1723,2072,11.718750,25000000.000
1724,2058,4.882812,25000000.000
1725,2049,0.488281,25000000.000
1726,2041,-3.417969,25000000.000
1727,2040,-3.906250,25000000.000
1728,2024,-11.718750,25000000.000
1729,2018,-14.648438,25000000.000
1730,2010,-18.554688,25000000.000
1731,2011,-18.066406,25000000.000
1732,2005,-20.996094,25000000.000
1733,2006,-20.507812,25000000.000
1734,2007,-20.019531,25000000.000
1735,2009,-19.042969,25000000.000
1736,2013,-17.089844,25000000.000
1737,2019,-14.160156,25000000.000
1738,2022,-12.695312,25000000.000
1739,2023,-12.207031,25000000.000
1740,2026,-10.742188,25000000.000
1741,2027,-10.253906,25000000.000
1742,2027,-10.253906,25000000.000
1743,2028,-9.765625,25000000.000
1744,2032,-7.812500,25000000.000
1745,2036,-5.859375,25000000.000
1746,2042,-2.929688,25000000.000
1747,2041,-3.417969,25000000.000
1748,2053,2.441406,25000000.000
1749,2057,4.394531,25000000.000
1750,2060,5.859375,25000000.000
1751,2062,6.835938,25000000.000
1752,2065,8.300781,25000000.000
1753,2064,7.812500,25000000.000
1754,2062,6.835938,25000000.000
1755,2062,6.835938,25000000.000
1756,2056,3.906250,25000000.000
1757,2053,2.441406,25000000.000
1758,2052,1.953125,25000000.000
1759,2051,1.464844,25000000.000
1760,2046,-0.976562,25000000.000
1761,2048,0.000000,25000000.000
1762,2044,-1.953125,25000000.000
1763,2042,-2.929688,25000000.000
1764,2038,-4.882812,25000000.000
1765,2036,-5.859375,25000000.000
1766,2034,-6.835938,25000000.000
1767,2033,-7.324219,25000000.000
1768,2032,-7.812500,25000000.000
1769,2032,-7.812500,25000000.000
1770,2033,-7.324219,25000000.000
1771,2033,-7.324219,25000000.000
1772,2037,-5.371094,25000000.000
1773,2041,-3.417969,25000000.000
1774,2046,-0.976562,25000000.000
1775,2048,0.000000,25000000.000
1776,2057,4.394531,25000000.000
1777,2062,6.835938,25000000.000
1778,2066,8.789062,25000000.000
1779,2066,8.789062,25000000.000
1780,2067,9.277344,25000000.000
1781,2065,8.300781,25000000.000
1782,2063,7.324219,25000000.000
1783,2063,7.324219,25000000.000
1784,2058,4.882812,25000000.000
1785,2056,3.906250,25000000.000
1786,2056,3.906250,25000000.000
1787,2056,3.906250,25000000.000
1788,2056,3.906250,25000000.000
1789,2058,4.882812,25000000.000
1790,2057,4.394531,25000000.000
1791,2057,4.394531,25000000.000
1792,2054,2.929688,25000000.000
1793,2051,1.464844,25000000.000
1794,2046,-0.976562,25000000.000
1795,2046,-0.976562,25000000.000
1796,2035,-6.347656,25000000.000
1797,2031,-8.300781,25000000.000
1798,2027,-10.253906,25000000.000
1799,2026,-10.742188,25000000.000
1800,2022,-12.695312,25000000.000
1801,2022,-12.695312,25000000.000
1802,2022,-12.695312,25000000.000
1803,2022,-12.695312,25000000.000
1804,2023,-12.207031,25000000.000
1805,2023,-12.207031,25000000.000
1806,2024,-11.718750,25000000.000
1807,2024,-11.718750,25000000.000
1808,2025,-11.230469,25000000.000
1809,2027,-10.253906,25000000.000
1810,2028,-9.765625,25000000.000
1811,2029,-9.277344,25000000.000
1812,2035,-6.347656,25000000.000
1813,2039,-4.394531,25000000.000
1814,2046,-0.976562,25000000.000
1815,2046,-0.976562,25000000.000
1816,2061,6.347656,25000000.000
1817,2069,10.253906,25000000.000
1818,2075,13.183594,25000000.000
1819,2077,14.160156,25000000.000
1820,2083,17.089844,25000000.000
1821,2082,16.601562,25000000.000
1822,2081,16.113281,25000000.000
1823,2080,15.625000,25000000.000
1824,2074,12.695312,25000000.000
1825,2071,11.230469,25000000.000
1826,2069,10.253906,25000000.000
1827,2069,10.253906,25000000.000
1828,2065,8.300781,25000000.000
1829,2062,6.835938,25000000.000
1830,2062,6.835938,25000000.000
1831,2061,6.347656,25000000.000
1832,2056,3.906250,25000000.000
1833,2052,1.953125,25000000.000
1834,2047,-0.488281,25000000.000
1835,2046,-0.976562,25000000.000
1836,2034,-6.835938,25000000.000
1837,2028,-9.765625,25000000.000
1838,2022,-12.695312,25000000.000
1839,2022,-12.695312,25000000.000
1840,2014,-16.601562,25000000.000
1841,2011,-18.066406,25000000.000
1842,2010,-18.554688,25000000.000
1843,2009,-19.042969,25000000.000
1844,2006,-20.507812,25000000.000
1845,2007,-20.019531,25000000.000
1846,2007,-20.019531,25000000.000
1847,2009,-19.042969,25000000.000
1848,2012,-17.578125,25000000.000
1849,2016,-15.625000,25000000.000
1850,2019,-14.160156,25000000.000
1851,2019,-14.160156,25000000.000
1852,2029,-9.277344,25000000.000
1853,2036,-5.859375,25000000.000
1854,2041,-3.417969,25000000.000
1855,2041,-3.417969,25000000.000
1856,2053,2.441406,25000000.000
1857,2062,6.835938,25000000.000
1858,2069,10.253906,25000000.000
1859,2071,11.230469,25000000.000
1860,2081,16.113281,25000000.000
1861,2082,16.601562,25000000.000
1862,2085,18.066406,25000000.000
1863,2083,17.089844,25000000.000
1864,2081,16.113281,25000000.000
1865,2078,14.648438,25000000.000
1866,2075,13.183594,25000000.000
1867,2075,13.183594,25000000.000
1868,2069,10.253906,25000000.000
1869,2067,9.277344,25000000.000
1870,2064,7.812500,25000000.000
1871,2063,7.324219,25000000.000
1872,2057,4.394531,25000000.000
1873,2052,1.953125,25000000.000
1874,2047,-0.488281,25000000.000
1875,2046,-0.976562,25000000.000
1876,2035,-6.347656,25000000.000
1877,2028,-9.765625,25000000.000
1878,2022,-12.695312,25000000.000
1879,2022,-12.695312,25000000.000
1880,2013,-17.089844,25000000.000
1881,2010,-18.554688,25000000.000
1882,2009,-19.042969,25000000.000
1883,2008,-19.531250,25000000.000
1884,2007,-20.019531,25000000.000
1885,2009,-19.042969,25000000.000
1886,2010,-18.554688,25000000.000
1887,2010,-18.554688,25000000.000
1888,2015,-16.113281,25000000.000
1889,2018,-14.648438,25000000.000
1890,2021,-13.183594,25000000.000
1891,2022,-12.695312,25000000.000
1892,2030,-8.789062,25000000.000
1893,2035,-6.347656,25000000.000
1894,2042,-2.929688,25000000.000
1895,2042,-2.929688,25000000.000
1896,2056,3.906250,25000000.000
1897,2064,7.812500,25000000.000
1898,2071,11.230469,25000000.000
1899,2071,11.230469,25000000.000
1900,2084,17.578125,25000000.000
1901,2089,20.019531,25000000.000
1902,2090,20.507812,25000000.000
1903,2090,20.507812,25000000.000
1904,2091,20.996094,25000000.000
1905,2088,19.531250,25000000.000
1906,2085,18.066406,25000000.000
1907,2085,18.066406,25000000.000
1908,2077,14.160156,25000000.000
1909,2073,12.207031,25000000.000
1910,2069,10.253906,25000000.000
1911,2068,9.765625,25000000.000
1912,2061,6.347656,25000000.000
1913,2055,3.417969,25000000.000
1914,2051,1.464844,25000000.000
1915,2050,0.976562,25000000.000
1916,2039,-4.394531,25000000.000
1917,2033,-7.324219,25000000.000
1918,2026,-10.742188,25000000.000
1919,2025,-11.230469,25000000.000
1920,2014,-16.601562,25000000.000
1921,2010,-18.554688,25000000.000
1922,2006,-20.507812,25000000.000
1923,2005,-20.996094,25000000.000
1924,2000,-23.437500,25000000.000
1925,2000,-23.437500,25000000.000
1926,2001,-22.949219,25000000.000
1927,2001,-22.949219,25000000.000
1928,2003,-21.972656,25000000.000
1929,2008,-19.531250,25000000.000
1930,2012,-17.578125,25000000.000
1931,2013,-17.089844,25000000.000
1932,2023,-12.207031,25000000.000
1933,2030,-8.789062,25000000.000
1934,2038,-4.882812,25000000.000
1935,2039,-4.394531,25000000.000
1936,2053,2.441406,25000000.000
1937,2062,6.835938,25000000.000
1938,2070,10.742188,25000000.000
1939,2070,10.742188,25000000.000
1940,2085,18.066406,25000000.000
1941,2090,20.507812,25000000.000
1942,2094,22.460938,25000000.000
1943,2095,22.949219,25000000.000
1944,2095,22.949219,25000000.000
1945,2094,22.460938,25000000.000
1946,2090,20.507812,25000000.000
1947,2091,20.996094,25000000.000
1948,2082,16.601562,25000000.000
1949,2079,15.136719,25000000.000
1950,2072,11.718750,25000000.000
1951,2073,12.207031,25000000.000
1952,2063,7.324219,25000000.000
1953,2058,4.882812,25000000.000
1954,2051,1.464844,25000000.000
1955,2051,1.464844,25000000.000
1956,2039,-4.394531,25000000.000
1957,2032,-7.812500,25000000.000
1958,2024,-11.718750,25000000.000
1959,2024,-11.718750,25000000.000
1960,2012,-17.578125,25000000.000
1961,2006,-20.507812,25000000.000
1962,2002,-22.460938,25000000.000
1963,2002,-22.460938,25000000.000
1964,1997,-24.902344,25000000.000
1965,1997,-24.902344,25000000.000
1966,1997,-24.902344,25000000.000
1967,1998,-24.414062,25000000.000
1968,2002,-22.460938,25000000.000
1969,2007,-20.019531,25000000.000
1970,2012,-17.578125,25000000.000
1971,2013,-17.089844,25000000.000
1972,2024,-11.718750,25000000.000
1973,2030,-8.789062,25000000.000
1974,2036,-5.859375,25000000.000
1975,2036,-5.859375,25000000.000
1976,2051,1.464844,25000000.000
1977,2059,5.371094,25000000.000
1978,2069,10.253906,25000000.000
1979,2069,10.253906,25000000.000
1980,2086,18.554688,25000000.000
1981,2093,21.972656,25000000.000
1982,2100,25.390625,25000000.000
1983,2100,25.390625,25000000.000
1984,2106,28.320312,25000000.000
1985,2107,28.808594,25000000.000
1986,2105,27.832031,25000000.000
1987,2106,28.320312,25000000.000
1988,2097,23.925781,25000000.000
1989,2091,20.996094,25000000.000
1990,2086,18.554688,25000000.000
1991,2085,18.066406,25000000.000
1992,2071,11.230469,25000000.000
1993,2064,7.812500,25000000.000
1994,2057,4.394531,25000000.000
1995,2056,3.906250,25000000.000
1996,2042,-2.929688,25000000.000
1997,2035,-6.347656,25000000.000
1998,2028,-9.765625,25000000.000
1999,2027,-10.253906,25000000.000
2000,2013,-17.089844,25000000.000
2001,2008,-19.531250,25000000.000
2002,2001,-22.949219,25000000.000
2003,2000,-23.437500,25000000.000
2004,1990,-28.320312,25000000.000
2005,1989,-28.808594,25000000.000
2006,1986,-30.273438,25000000.000
2007,1984,-31.250000,25000000.000
2008,1985,-30.761719,25000000.000
2009,1988,-29.296875,25000000.000
2010,1991,-27.832031,25000000.000
2011,1992,-27.343750,25000000.000
2012,2004,-21.484375,25000000.000
2013,2014,-16.601562,25000000.000
2014,2017,-15.136719,25000000.000
2015,2018,-14.648438,25000000.000
2016,2037,-5.371094,25000000.000
2017,2048,0.000000,25000000.000
2018,2057,4.394531,25000000.000
2019,2059,5.371094,25000000.000
2020,2078,14.648438,25000000.000
2021,2086,18.554688,25000000.000
2022,2092,21.484375,25000000.000
2023,2094,22.460938,25000000.000
2024,2105,27.832031,25000000.000
2025,2107,28.808594,25000000.000
2026,2106,28.320312,25000000.000
2027,2106,28.320312,25000000.000
2028,2103,26.855469,25000000.000
2029,2098,24.414062,25000000.000
2030,2092,21.484375,25000000.000
2031,2092,21.484375,25000000.000
2032,2082,16.601562,25000000.000
2033,2074,12.695312,25000000.000
2034,2067,9.277344,25000000.000
2035,2066,8.789062,25000000.000
2036,2051,1.464844,25000000.000
2037,2042,-2.929688,25000000.000
2038,2034,-6.835938,25000000.000
2039,2034,-6.835938,25000000.000
2040,2017,-15.136719,25000000.000
2041,2010,-18.554688,25000000.000
2042,2004,-21.484375,25000000.000
2043,2003,-21.972656,25000000.000
2044,1993,-26.855469,25000000.000
2045,1988,-29.296875,25000000.000
2046,1986,-30.273438,25000000.000
2047,1986,-30.273438,25000000.000
2048,1986,-30.273438,25000000.000
2049,1989,-28.808594,25000000.000
2050,1993,-26.855469,25000000.000
2051,1994,-26.367188,25000000.000
2052,2003,-21.972656,25000000.000
2053,2008,-19.531250,25000000.000
2054,2016,-15.625000,25000000.000
2055,2017,-15.136719,25000000.000
2056,2032,-7.812500,25000000.000
2057,2041,-3.417969,25000000.000
2058,2050,0.976562,25000000.000
2059,2052,1.953125,25000000.000
2060,2071,11.230469,25000000.000
2061,2080,15.625000,25000000.000
2062,2091,20.996094,25000000.000
2063,2091,20.996094,25000000.000
2064,2106,28.320312,25000000.000
2065,2111,30.761719,25000000.000
2066,2113,31.738281,25000000.000
2067,2113,31.738281,25000000.000
2068,2109,29.785156,25000000.000
2069,2106,28.320312,25000000.000
2070,2100,25.390625,25000000.000
2071,2100,25.390625,25000000.000
2072,2086,18.554688,25000000.000
2073,2079,15.136719,25000000.000
2074,2072,11.718750,25000000.000
2075,2071,11.230469,25000000.000
2076,2056,3.906250,25000000.000
2077,2050,0.976562,25000000.000
2078,2041,-3.417969,25000000.000
2079,2041,-3.417969,25000000.000
2080,2027,-10.253906,25000000.000
2081,2020,-13.671875,25000000.000
2082,2012,-17.578125,25000000.000
2083,2011,-18.066406,25000000.000
2084,1998,-24.414062,25000000.000
2085,1993,-26.855469,25000000.000
2086,1987,-29.785156,25000000.000
2087,1987,-29.785156,25000000.000
2088,1983,-31.738281,25000000.000
2089,1982,-32.226562,25000000.000
2090,1985,-30.761719,25000000.000
2091,1984,-31.250000,25000000.000
2092,1993,-26.855469,25000000.000
2093,2000,-23.437500,25000000.000
2094,2006,-20.507812,25000000.000
2095,2007,-20.019531,25000000.000
2096,2024,-11.718750,25000000.000
2097,2034,-6.835938,25000000.000
2098,2042,-2.929688,25000000.000
2099,2045,-1.464844,25000000.000
2100,2063,7.324219,25000000.000
2101,2074,12.695312,25000000.000
2102,2084,17.578125,25000000.000
2103,2085,18.066406,25000000.000
2104,2101,25.878906,25000000.000
2105,2109,29.785156,25000000.000
2106,2113,31.738281,25000000.000
2107,2113,31.738281,25000000.000
2108,2117,33.691406,25000000.000
2109,2107,28.808594,25000000.000
2110,2107,28.808594,25000000.000
2111,2107,28.808594,25000000.000
2112,2094,22.460938,25000000.000
2113,2088,19.531250,25000000.000
2114,2081,16.113281,25000000.000
2115,2079,15.136719,25000000.000
2116,2064,7.812500,25000000.000
2117,2056,3.906250,25000000.000
2118,2048,0.000000,25000000.000
2119,2048,0.000000,25000000.000
2120,2032,-7.812500,25000000.000
2121,2025,-11.230469,25000000.000
2122,2017,-15.136719,25000000.000
2123,2016,-15.625000,25000000.000
2124,2002,-22.460938,25000000.000
2125,1995,-25.878906,25000000.000
2126,1990,-28.320312,25000000.000
2127,1990,-28.320312,25000000.000
2128,1983,-31.738281,25000000.000
2129,1983,-31.738281,25000000.000
2130,1985,-30.761719,25000000.000
2131,1985,-30.761719,25000000.000
2132,1991,-27.832031,25000000.000
2133,1997,-24.902344,25000000.000
2134,2002,-22.460938,25000000.000
2135,2003,-21.972656,25000000.000
2136,2017,-15.136719,25000000.000
2137,2024,-11.718750,25000000.000
2138,2033,-7.324219,25000000.000
2139,2034,-6.835938,25000000.000
2140,2051,1.464844,25000000.000
2141,2062,6.835938,25000000.000
2142,2072,11.718750,25000000.000
2143,2072,11.718750,25000000.000
2144,2093,21.972656,25000000.000
2145,2101,25.878906,25000000.000
2146,2109,29.785156,25000000.000
2147,2109,29.785156,25000000.000
2148,2116,33.203125,25000000.000
2149,2117,33.691406,25000000.000
2150,2115,32.714844,25000000.000
2151,2113,31.738281,25000000.000
2152,2103,26.855469,25000000.000
2153,2097,23.925781,25000000.000
2154,2089,20.019531,25000000.000
2155,2088,19.531250,25000000.000
2156,2073,12.207031,25000000.000
2157,2065,8.300781,25000000.000
2158,2056,3.906250,25000000.000
2159,2056,3.906250,25000000.000
2160,2043,-2.441406,25000000.000
2161,2034,-6.835938,25000000.000
2162,2027,-10.253906,25000000.000
2163,2025,-11.230469,25000000.000
2164,2012,-17.578125,25000000.000
2165,2004,-21.484375,25000000.000
2166,1998,-24.414062,25000000.000
2167,1997,-24.902344,25000000.000
2168,1988,-29.296875,25000000.000
2169,1983,-31.738281,25000000.000
2170,1981,-32.714844,25000000.000
2171,1982,-32.226562,25000000.000
2172,1982,-32.226562,25000000.000
2173,1985,-30.761719,25000000.000
2174,1991,-27.832031,25000000.000
2175,1992,-27.343750,25000000.000
2176,2005,-20.996094,25000000.000
2177,2013,-17.089844,25000000.000
2178,2022,-12.695312,25000000.000
2179,2024,-11.718750,25000000.000
2180,2041,-3.417969,25000000.000
2181,2051,1.464844,25000000.000
2182,2062,6.835938,25000000.000
2183,2062,6.835938,25000000.000
2184,2082,16.601562,25000000.000
2185,2090,20.507812,25000000.000
2186,2098,24.414062,25000000.000
2187,2100,25.390625,25000000.000
2188,2107,28.808594,25000000.000
2189,2110,30.273438,25000000.000
2190,2109,29.785156,25000000.000
2191,2108,29.296875,25000000.000
2192,2101,25.878906,25000000.000
2193,2096,23.437500,25000000.000
2194,2089,20.019531,25000000.000
2195,2089,20.019531,25000000.000
2196,2076,13.671875,25000000.000
2197,2068,9.765625,25000000.000
2198,2061,6.347656,25000000.000
2199,2060,5.859375,25000000.000
2200,2046,-0.976562,25000000.000
2201,2038,-4.882812,25000000.000
2202,2030,-8.789062,25000000.000
2203,2029,-9.277344,25000000.000
2204,2014,-16.601562,25000000.000
2205,2007,-20.019531,25000000.000
2206,2001,-22.949219,25000000.000
2207,2001,-22.949219,25000000.000
2208,1991,-27.832031,25000000.000
2209,1987,-29.785156,25000000.000
2210,1985,-30.761719,25000000.000
2211,1985,-30.761719,25000000.000
2212,1986,-30.273438,25000000.000
2213,1990,-28.320312,25000000.000
2214,1994,-26.367188,25000000.000
2215,1995,-25.878906,25000000.000
2216,2007,-20.019531,25000000.000
2217,2014,-16.601562,25000000.000
2218,2022,-12.695312,25000000.000
2219,2022,-12.695312,25000000.000
2220,2037,-5.371094,25000000.000
2221,2046,-0.976562,25000000.000
2222,2055,3.417969,25000000.000
2223,2057,4.394531,25000000.000
2224,2075,13.183594,25000000.000
2225,2085,18.066406,25000000.000
2226,2095,22.949219,25000000.000
2227,2095,22.949219,25000000.000
2228,2109,29.785156,25000000.000
2229,2114,32.226562,25000000.000
2230,2115,32.714844,25000000.000
2231,2115,32.714844,25000000.000
2232,2112,31.250000,25000000.000
2233,2107,28.808594,25000000.000
2234,2100,25.390625,25000000.000
2235,2098,24.414062,25000000.000
2236,2083,17.089844,25000000.000
2237,2075,13.183594,25000000.000
2238,2067,9.277344,25000000.000
2239,2066,8.789062,25000000.000
2240,2051,1.464844,25000000.000
2241,2043,-2.441406,25000000.000
2242,2035,-6.347656,25000000.000
2243,2035,-6.347656,25000000.000
2244,2020,-13.671875,25000000.000
2245,2012,-17.578125,25000000.000
2246,2006,-20.507812,25000000.000
2247,2006,-20.507812,25000000.000
2248,1994,-26.367188,25000000.000
2249,1990,-28.320312,25000000.000
2250,1986,-30.273438,25000000.000
2251,1986,-30.273438,25000000.000
2252,1983,-31.738281,25000000.000
2253,1984,-31.250000,25000000.000
2254,1987,-29.785156,25000000.000
2255,1988,-29.296875,25000000.000
2256,1997,-24.902344,25000000.000
2257,2003,-21.972656,25000000.000
2258,2012,-17.578125,25000000.000
2259,2013,-17.089844,25000000.000
2260,2030,-8.789062,25000000.000
2261,2039,-4.394531,25000000.000
2262,2050,0.976562,25000000.000
2263,2050,0.976562,25000000.000
2264,2071,11.230469,25000000.000
2265,2081,16.113281,25000000.000
2266,2090,20.507812,25000000.000
2267,2091,20.996094,25000000.000
2268,2107,28.808594,25000000.000
2269,2113,31.738281,25000000.000
2270,2116,33.203125,25000000.000
2271,2116,33.203125,25000000.000
2272,2114,32.226562,25000000.000
2273,2110,30.273438,25000000.000
2274,2105,27.832031,25000000.000
2275,2104,27.343750,25000000.000
2276,2090,20.507812,25000000.000
2277,2083,17.089844,25000000.000
2278,2075,13.183594,25000000.000
2279,2074,12.695312,25000000.000
2280,2058,4.882812,25000000.000
2281,2049,0.488281,25000000.000
2282,2041,-3.417969,25000000.000
2283,2040,-3.906250,25000000.000
2284,2025,-11.230469,25000000.000
2285,2017,-15.136719,25000000.000
2286,2009,-19.042969,25000000.000
2287,2008,-19.531250,25000000.000
2288,1995,-25.878906,25000000.000
2289,1989,-28.808594,25000000.000
2290,1986,-30.273438,25000000.000
2291,1985,-30.761719,25000000.000
2292,1982,-32.226562,25000000.000
2293,1980,-33.203125,25000000.000
2294,1984,-31.250000,25000000.000
2295,1984,-31.250000,25000000.000
2296,1991,-27.832031,25000000.000
2297,1997,-24.902344,25000000.000
2298,2005,-20.996094,25000000.000
2299,2005,-20.996094,25000000.000
2300,2020,-13.671875,25000000.000
2301,2029,-9.277344,25000000.000
2302,2038,-4.882812,25000000.000
2303,2038,-4.882812,25000000.000
2304,2057,4.394531,25000000.000
2305,2067,9.277344,25000000.000
2306,2078,14.648438,25000000.000
2307,2078,14.648438,25000000.000
2308,2097,23.925781,25000000.000
2309,2105,27.832031,25000000.000
2310,2110,30.273438,25000000.000
2311,2111,30.761719,25000000.000
2312,2115,32.714844,25000000.000
2313,2114,32.226562,25000000.000
2314,2110,30.273438,25000000.000
2315,2110,30.273438,25000000.000
2316,2098,24.414062,25000000.000
2317,2091,20.996094,25000000.000
2318,2082,16.601562,25000000.000
2319,2083,17.089844,25000000.000
2320,2068,9.765625,25000000.000
2321,2059,5.371094,25000000.000
2322,2051,1.464844,25000000.000
2323,2050,0.976562,25000000.000
2324,2035,-6.347656,25000000.000
2325,2028,-9.765625,25000000.000
2326,2021,-13.183594,25000000.000
2327,2020,-13.671875,25000000.000
2328,2006,-20.507812,25000000.000
2329,2000,-23.437500,25000000.000
2330,1994,-26.367188,25000000.000
2331,1993,-26.855469,25000000.000
2332,1986,-30.273438,25000000.000
2333,1984,-31.250000,25000000.000
2334,1983,-31.738281,25000000.000
2335,1984,-31.250000,25000000.000
2336,1987,-29.785156,25000000.000
2337,1992,-27.343750,25000000.000
2338,1998,-24.414062,25000000.000
2339,1999,-23.925781,25000000.000
2340,2015,-16.113281,25000000.000
2341,2023,-12.207031,25000000.000
2342,2033,-7.324219,25000000.000
2343,2033,-7.324219,25000000.000
2344,2054,2.929688,25000000.000
2345,2062,6.835938,25000000.000
2346,2072,11.718750,25000000.000
2347,2072,11.718750,25000000.000
2348,2091,20.996094,25000000.000
2349,2100,25.390625,25000000.000
2350,2107,28.808594,25000000.000
2351,2109,29.785156,25000000.000
2352,2114,32.226562,25000000.000
2353,2115,32.714844,25000000.000
2354,2113,31.738281,25000000.000
2355,2113,31.738281,25000000.000
2356,2104,27.343750,25000000.000
2357,2095,22.949219,25000000.000
2358,2089,20.019531,25000000.000
2359,2087,19.042969,25000000.000
2360,2072,11.718750,25000000.000
2361,2064,7.812500,25000000.000
2362,2054,2.929688,25000000.000
2363,2053,2.441406,25000000.000
2364,2039,-4.394531,25000000.000
2365,2031,-8.300781,25000000.000
2366,2021,-13.183594,25000000.000
2367,2020,-13.671875,25000000.000
2368,2006,-20.507812,25000000.000
2369,2000,-23.437500,25000000.000
2370,1993,-26.855469,25000000.000
2371,1991,-27.832031,25000000.000
2372,1984,-31.250000,25000000.000
2373,1981,-32.714844,25000000.000
2374,1982,-32.226562,25000000.000
2375,1981,-32.714844,25000000.000
2376,1984,-31.250000,25000000.000
2377,1988,-29.296875,25000000.000
2378,1994,-26.367188,25000000.000
2379,1994,-26.367188,25000000.000
2380,2008,-19.531250,25000000.000
2381,2016,-15.625000,25000000.000
2382,2024,-11.718750,25000000.000
2383,2024,-11.718750,25000000.000
2384,2043,-2.441406,25000000.000
2385,2052,1.953125,25000000.000
2386,2062,6.835938,25000000.000
2387,2064,7.812500,25000000.000
2388,2083,17.089844,25000000.000
2389,2093,21.972656,25000000.000
2390,2102,26.367188,25000000.000
2391,2104,27.343750,25000000.000
2392,2115,32.714844,25000000.000
2393,2117,33.691406,25000000.000
2394,2117,33.691406,25000000.000
2395,2117,33.691406,25000000.000
2396,2111,30.761719,25000000.000
2397,2105,27.832031,25000000.000
2398,2097,23.925781,25000000.000
2399,2095,22.949219,25000000.000
2400,2081,16.113281,25000000.000
2401,2072,11.718750,25000000.000
2402,2063,7.324219,25000000.000
2403,2062,6.835938,25000000.000
2404,2047,-0.488281,25000000.000
2405,2039,-4.394531,25000000.000
2406,2032,-7.812500,25000000.000
2407,2031,-8.300781,25000000.000
2408,2016,-15.625000,25000000.000
2409,2007,-20.019531,25000000.000
2410,2001,-22.949219,25000000.000
2411,2000,-23.437500,25000000.000
2412,1988,-29.296875,25000000.000
2413,1984,-31.250000,25000000.000
2414,1981,-32.714844,25000000.000
2415,1980,-33.203125,25000000.000
2416,1979,-33.691406,25000000.000
2417,1981,-32.714844,25000000.000
2418,1985,-30.761719,25000000.000
2419,1985,-30.761719,25000000.000
2420,1997,-24.902344,25000000.000
2421,2006,-20.507812,25000000.000
2422,2013,-17.089844,25000000.000
2423,2015,-16.113281,25000000.000
2424,2034,-6.835938,25000000.000
2425,2044,-1.953125,25000000.000
2426,2054,2.929688,25000000.000
2427,2055,3.417969,25000000.000
2428,2075,13.183594,25000000.000
2429,2086,18.554688,25000000.000
2430,2095,22.949219,25000000.000
2431,2096,23.437500,25000000.000
2432,2111,30.761719,25000000.000
2433,2115,32.714844,25000000.000
2434,2117,33.691406,25000000.000
2435,2118,34.179688,25000000.000
2436,2113,31.738281,25000000.000
2437,2110,30.273438,25000000.000
2438,2104,27.343750,25000000.000
2439,2102,26.367188,25000000.000
2440,2088,19.531250,25000000.000
2441,2080,15.625000,25000000.000
2442,2072,11.718750,25000000.000
2443,2071,11.230469,25000000.000
2444,2053,2.441406,25000000.000
2445,2044,-1.953125,25000000.000
2446,2036,-5.859375,25000000.000
2447,2036,-5.859375,25000000.000
2448,2018,-14.648438,25000000.000
2449,2011,-18.066406,25000000.000
2450,2002,-22.460938,25000000.000
2451,2002,-22.460938,25000000.000
2452,1989,-28.808594,25000000.000
2453,1985,-30.761719,25000000.000
2454,1982,-32.226562,25000000.000
2455,1982,-32.226562,25000000.000
2456,1985,-30.761719,25000000.000
2457,1981,-32.714844,25000000.000
2458,1984,-31.250000,25000000.000
2459,1987,-29.785156,25000000.000
2460,1996,-25.390625,25000000.000
2461,2003,-21.972656,25000000.000
2462,2011,-18.066406,25000000.000
2463,2012,-17.578125,25000000.000
2464,2027,-10.253906,25000000.000
2465,2036,-5.859375,25000000.000
2466,2047,-0.488281,25000000.000
2467,2048,0.000000,25000000.000
2468,2067,9.277344,25000000.000
2469,2078,14.648438,25000000.000
2470,2088,19.531250,25000000.000
2471,2089,20.019531,25000000.000
2472,2108,29.296875,25000000.000
2473,2113,31.738281,25000000.000
2474,2118,34.179688,25000000.000
2475,2117,33.691406,25000000.000
2476,2119,34.667969,25000000.000
2477,2117,33.691406,25000000.000
2478,2111,30.761719,25000000.000
2479,2111,30.761719,25000000.000
2480,2096,23.437500,25000000.000
2481,2087,19.042969,25000000.000
2482,2079,15.136719,25000000.000
2483,2079,15.136719,25000000.000
2484,2062,6.835938,25000000.000
2485,2053,2.441406,25000000.000
2486,2044,-1.953125,25000000.000
2487,2043,-2.441406,25000000.000
2488,2028,-9.765625,25000000.000
2489,2020,-13.671875,25000000.000
2490,2011,-18.066406,25000000.000
2491,2010,-18.554688,25000000.000
2492,1996,-25.390625,25000000.000
2493,1989,-28.808594,25000000.000
2494,1985,-30.761719,25000000.000
2495,1984,-31.250000,25000000.000
2496,1978,-34.179688,25000000.000
2497,1977,-34.667969,25000000.000
2498,1978,-34.179688,25000000.000
2499,1979,-33.691406,25000000.000
2500,1985,-30.761719,25000000.000
2501,1992,-27.343750,25000000.000
2502,2000,-23.437500,25000000.000
2503,2000,-23.437500,25000000.000
2504,2018,-14.648438,25000000.000
2505,2030,-8.789062,25000000.000
2506,2041,-3.417969,25000000.000
2507,2040,-3.906250,25000000.000
2508,2062,6.835938,25000000.000
2509,2073,12.207031,25000000.000
2510,2084,17.578125,25000000.000
2511,2085,18.066406,25000000.000
2512,2103,26.855469,25000000.000
2513,2108,29.296875,25000000.000
2514,2115,32.714844,25000000.000
2515,2116,33.203125,25000000.000
2516,2118,34.179688,25000000.000
2517,2118,34.179688,25000000.000
2518,2114,32.226562,25000000.000
2519,2115,32.714844,25000000.000
2520,2103,26.855469,25000000.000
2521,2095,22.949219,25000000.000
2522,2088,19.531250,25000000.000
2523,2087,19.042969,25000000.000
2524,2070,10.742188,25000000.000
2525,2061,6.347656,25000000.000
2526,2051,1.464844,25000000.000
2527,2050,0.976562,25000000.000
2528,2032,-7.812500,25000000.000
2529,2023,-12.207031,25000000.000
2530,2013,-17.089844,25000000.000
2531,2013,-17.089844,25000000.000
2532,1997,-24.902344,25000000.000
2533,1990,-28.320312,25000000.000
2534,1984,-31.250000,25000000.000
2535,1983,-31.738281,25000000.000
2536,1978,-34.179688,25000000.000
2537,1974,-36.132812,25000000.000
2538,1975,-35.644531,25000000.000
2539,1976,-35.156250,25000000.000
2540,1982,-32.226562,25000000.000
2541,1987,-29.785156,25000000.000
2542,1995,-25.878906,25000000.000
2543,1995,-25.878906,25000000.000
2544,2009,-19.042969,25000000.000
2545,2019,-14.160156,25000000.000
2546,2031,-8.300781,25000000.000
2547,2030,-8.789062,25000000.000
2548,2050,0.976562,25000000.000
2549,2062,6.835938,25000000.000
2550,2073,12.207031,25000000.000
2551,2074,12.695312,25000000.000
2552,2093,21.972656,25000000.000
2553,2103,26.855469,25000000.000
2554,2112,31.250000,25000000.000
2555,2113,31.738281,25000000.000
2556,2121,35.644531,25000000.000
2557,2123,36.621094,25000000.000
2558,2121,35.644531,25000000.000
2559,2121,35.644531,25000000.000
2560,2111,30.761719,25000000.000
2561,2104,27.343750,25000000.000
2562,2095,22.949219,25000000.000
2563,2094,22.460938,25000000.000
2564,2077,14.160156,25000000.000
2565,2068,9.765625,25000000.000
2566,2060,5.859375,25000000.000
2567,2058,4.882812,25000000.000
2568,2039,-4.394531,25000000.000
2569,2032,-7.812500,25000000.000
2570,2025,-11.230469,25000000.000
2571,2022,-12.695312,25000000.000
2572,2008,-19.531250,25000000.000
2573,2001,-22.949219,25000000.000
2574,1993,-26.855469,25000000.000
2575,1994,-26.367188,25000000.000
2576,1981,-32.714844,25000000.000
2577,1977,-34.667969,25000000.000
2578,1975,-35.644531,25000000.000
2579,1974,-36.132812,25000000.000
2580,1975,-35.644531,25000000.000
2581,1978,-34.179688,25000000.000
2582,1983,-31.738281,25000000.000
2583,1983,-31.738281,25000000.000
2584,1998,-24.414062,25000000.000
2585,2008,-19.531250,25000000.000
2586,2019,-14.160156,25000000.000
2587,2019,-14.160156,25000000.000
2588,2041,-3.417969,25000000.000
2589,2052,1.953125,25000000.000
2590,2064,7.812500,25000000.000
2591,2066,8.789062,25000000.000
2592,2088,19.531250,25000000.000
2593,2097,23.925781,25000000.000
2594,2106,28.320312,25000000.000
2595,2107,28.808594,25000000.000
2596,2118,34.179688,25000000.000
2597,2122,36.132812,25000000.000
2598,2122,36.132812,25000000.000
2599,2121,35.644531,25000000.000
2600,2115,32.714844,25000000.000
2601,2110,30.273438,25000000.000
2602,2101,25.878906,25000000.000
2603,2101,25.878906,25000000.000
2604,2085,18.066406,25000000.000
2605,2076,13.671875,25000000.000
2606,2066,8.789062,25000000.000
2607,2065,8.300781,25000000.000
2608,2049,0.488281,25000000.000
2609,2040,-3.906250,25000000.000
2610,2031,-8.300781,25000000.000
2611,2030,-8.789062,25000000.000
2612,2012,-17.578125,25000000.000
2613,2004,-21.484375,25000000.000
2614,1996,-25.390625,25000000.000
2615,1996,-25.390625,25000000.000
2616,1984,-31.250000,25000000.000
2617,1979,-33.691406,25000000.000
2618,1976,-35.156250,25000000.000
2619,1977,-34.667969,25000000.000
2620,1977,-34.667969,25000000.000
2621,1979,-33.691406,25000000.000
2622,1984,-31.250000,25000000.000
2623,1984,-31.250000,25000000.000
2624,1998,-24.414062,25000000.000
2625,2006,-20.507812,25000000.000
2626,2014,-16.601562,25000000.000
2627,2015,-16.113281,25000000.000
2628,2033,-7.324219,25000000.000
2629,2043,-2.441406,25000000.000
2630,2054,2.929688,25000000.000
2631,2055,3.417969,25000000.000
2632,2073,12.207031,25000000.000
2633,2084,17.578125,25000000.000
2634,2094,22.460938,25000000.000
2635,2095,22.949219,25000000.000
2636,2111,30.761719,25000000.000
2637,2116,33.203125,25000000.000
2638,2120,35.156250,25000000.000
2639,2120,35.156250,25000000.000
2640,2120,35.156250,25000000.000
2641,2116,33.203125,25000000.000
2642,2109,29.785156,25000000.000
2643,2108,29.296875,25000000.000
2644,2093,21.972656,25000000.000
2645,2085,18.066406,25000000.000
2646,2075,13.183594,25000000.000
2647,2075,13.183594,25000000.000
2648,2056,3.906250,25000000.000
2649,2048,0.000000,25000000.000
2650,2039,-4.394531,25000000.000
2651,2036,-5.859375,25000000.000
2652,2022,-12.695312,25000000.000
2653,2015,-16.113281,25000000.000
2654,2006,-20.507812,25000000.000
2655,2006,-20.507812,25000000.000
2656,1993,-26.855469,25000000.000
2657,1987,-29.785156,25000000.000
2658,1982,-32.226562,25000000.000
2659,1983,-31.738281,25000000.000
2660,1978,-34.179688,25000000.000
2661,1976,-35.156250,25000000.000
2662,1978,-34.179688,25000000.000
2663,1978,-34.179688,25000000.000
2664,1987,-29.785156,25000000.000
2665,1993,-26.855469,25000000.000
2666,2003,-21.972656,25000000.000
2667,2003,-21.972656,25000000.000
2668,2022,-12.695312,25000000.000
2669,2033,-7.324219,25000000.000
2670,2044,-1.953125,25000000.000
2671,2046,-0.976562,25000000.000
2672,2067,9.277344,25000000.000
2673,2079,15.136719,25000000.000
2674,2089,20.019531,25000000.000
2675,2091,20.996094,25000000.000
2676,2108,29.296875,25000000.000
2677,2113,31.738281,25000000.000
2678,2117,33.691406,25000000.000
2679,2117,33.691406,25000000.000
2680,2120,35.156250,25000000.000
2681,2118,34.179688,25000000.000
2682,2113,31.738281,25000000.000
2683,2113,31.738281,25000000.000
2684,2101,25.878906,25000000.000
2685,2092,21.484375,25000000.000
2686,2083,17.089844,25000000.000
2687,2082,16.601562,25000000.000
2688,2064,7.812500,25000000.000
2689,2056,3.906250,25000000.000
2690,2047,-0.488281,25000000.000
2691,2046,-0.976562,25000000.000
2692,2028,-9.765625,25000000.000
2693,2019,-14.160156,25000000.000
2694,2012,-17.578125,25000000.000
2695,2010,-18.554688,25000000.000
2696,1995,-25.878906,25000000.000
2697,1989,-28.808594,25000000.000
2698,1983,-31.738281,25000000.000
2699,1983,-31.738281,25000000.000
2700,1976,-35.156250,25000000.000
2701,1976,-35.156250,25000000.000
2702,1976,-35.156250,25000000.000
2703,1977,-34.667969,25000000.000
2704,1984,-31.250000,25000000.000
2705,1990,-28.320312,25000000.000
2706,1998,-24.414062,25000000.000
2707,1998,-24.414062,25000000.000
2708,2015,-16.113281,25000000.000
2709,2025,-11.230469,25000000.000
2710,2035,-6.347656,25000000.000
2711,2036,-5.859375,25000000.000
2712,2056,3.906250,25000000.000
2713,2067,9.277344,25000000.000
2714,2078,14.648438,25000000.000
2715,2079,15.136719,25000000.000
2716,2097,23.925781,25000000.000
2717,2106,28.320312,25000000.000
2718,2114,32.226562,25000000.000
2719,2114,32.226562,25000000.000
2720,2121,35.644531,25000000.000
2721,2121,35.644531,25000000.000
2722,2119,34.667969,25000000.000
2723,2118,34.179688,25000000.000
2724,2108,29.296875,25000000.000
2725,2100,25.390625,25000000.000
2726,2092,21.484375,25000000.000
2727,2092,21.484375,25000000.000
2728,2073,12.207031,25000000.000
2729,2064,7.812500,25000000.000
2730,2055,3.417969,25000000.000
2731,2053,2.441406,25000000.000
2732,2036,-5.859375,25000000.000
2733,2028,-9.765625,25000000.000
2734,2021,-13.183594,25000000.000
2735,2018,-14.648438,25000000.000
2736,2001,-22.949219,25000000.000
2737,1996,-25.390625,25000000.000
2738,1990,-28.320312,25000000.000
2739,1989,-28.808594,25000000.000
2740,1978,-34.179688,25000000.000
2741,1974,-36.132812,25000000.000
2742,1973,-36.621094,25000000.000
2743,1973,-36.621094,25000000.000
2744,1974,-36.132812,25000000.000
2745,1979,-33.691406,25000000.000
2746,1986,-30.273438,25000000.000
2747,1987,-29.785156,25000000.000
2748,2003,-21.972656,25000000.000
2749,2013,-17.089844,25000000.000
2750,2025,-11.230469,25000000.000
2751,2027,-10.253906,25000000.000
2752,2049,0.488281,25000000.000
2753,2059,5.371094,25000000.000
2754,2070,10.742188,25000000.000
2755,2072,11.718750,25000000.000
2756,2091,20.996094,25000000.000
2757,2101,25.878906,25000000.000
2758,2108,29.296875,25000000.000
2759,2110,30.273438,25000000.000
2760,2119,34.667969,25000000.000
2761,2121,35.644531,25000000.000
2762,2120,35.156250,25000000.000
2763,2119,34.667969,25000000.000
2764,2113,31.738281,25000000.000
2765,2107,28.808594,25000000.000
2766,2099,24.902344,25000000.000
2767,2099,24.902344,25000000.000
2768,2083,17.089844,25000000.000
2769,2074,12.695312,25000000.000
2770,2064,7.812500,25000000.000
2771,2063,7.324219,25000000.000
2772,2046,-0.976562,25000000.000
2773,2037,-5.371094,25000000.000
2774,2028,-9.765625,25000000.000
2775,2027,-10.253906,25000000.000
2776,2009,-19.042969,25000000.000
2777,2001,-22.949219,25000000.000
2778,1993,-26.855469,25000000.000
2779,1993,-26.855469,25000000.000
2780,1981,-32.714844,25000000.000
2781,1977,-34.667969,25000000.000
2782,1975,-35.644531,25000000.000
2783,1974,-36.132812,25000000.000
2784,1976,-35.156250,25000000.000
2785,1978,-34.179688,25000000.000
2786,1983,-31.738281,25000000.000
2787,1984,-31.250000,25000000.000
2788,1998,-24.414062,25000000.000
2789,2008,-19.531250,25000000.000
2790,2018,-14.648438,25000000.000
2791,2018,-14.648438,25000000.000
2792,2036,-5.859375,25000000.000
2793,2047,-0.488281,25000000.000
2794,2058,4.882812,25000000.000
2795,2060,5.859375,25000000.000
2796,2079,15.136719,25000000.000
2797,2088,19.531250,25000000.000
2798,2099,24.902344,25000000.000
2799,2099,24.902344,25000000.000
2800,2113,31.738281,25000000.000
2801,2117,33.691406,25000000.000
2802,2119,34.667969,25000000.000
2803,2119,34.667969,25000000.000
2804,2111,30.761719,25000000.000
2805,2111,30.761719,25000000.000
2806,2104,27.343750,25000000.000
2807,2101,25.878906,25000000.000
2808,2086,18.554688,25000000.000
2809,2079,15.136719,25000000.000
2810,2069,10.253906,25000000.000
2811,2068,9.765625,25000000.000
2812,2051,1.464844,25000000.000
2813,2043,-2.441406,25000000.000
2814,2034,-6.835938,25000000.000
2815,2034,-6.835938,25000000.000
2816,2020,-13.671875,25000000.000
2817,2011,-18.066406,25000000.000
2818,2004,-21.484375,25000000.000
2819,2004,-21.484375,25000000.000
2820,1992,-27.343750,25000000.000
2821,1986,-30.273438,25000000.000
2822,1982,-32.226562,25000000.000
2823,1980,-33.203125,25000000.000
2824,1977,-34.667969,25000000.000
2825,1978,-34.179688,25000000.000
2826,1979,-33.691406,25000000.000
2827,1980,-33.203125,25000000.000
2828,1992,-27.343750,25000000.000
2829,2000,-23.437500,25000000.000
2830,2009,-19.042969,25000000.000
2831,2010,-18.554688,25000000.000
2832,2031,-8.300781,25000000.000
2833,2043,-2.441406,25000000.000
2834,2055,3.417969,25000000.000
2835,2056,3.906250,25000000.000
2836,2077,14.160156,25000000.000
2837,2086,18.554688,25000000.000
2838,2095,22.949219,25000000.000
2839,2096,23.437500,25000000.000
2840,2111,30.761719,25000000.000
2841,2116,33.203125,25000000.000
2842,2119,34.667969,25000000.000
2843,2119,34.667969,25000000.000
2844,2119,34.667969,25000000.000
2845,2115,32.714844,25000000.000
2846,2110,30.273438,25000000.000
2847,2109,29.785156,25000000.000
2848,2095,22.949219,25000000.000
2849,2086,18.554688,25000000.000
2850,2077,14.160156,25000000.000
2851,2076,13.671875,25000000.000
2852,2059,5.371094,25000000.000
2853,2050,0.976562,25000000.000
2854,2042,-2.929688,25000000.000
2855,2040,-3.906250,25000000.000
2856,2023,-12.207031,25000000.000
2857,2015,-16.113281,25000000.000
2858,2007,-20.019531,25000000.000
2859,2006,-20.507812,25000000.000
2860,1993,-26.855469,25000000.000
2861,1988,-29.296875,25000000.000
2862,1982,-32.226562,25000000.000
2863,1981,-32.714844,25000000.000
2864,1977,-34.667969,25000000.000
2865,1977,-34.667969,25000000.000
2866,1980,-33.203125,25000000.000
2867,1979,-33.691406,25000000.000
2868,1988,-29.296875,25000000.000
2869,1996,-25.390625,25000000.000
2870,2004,-21.484375,25000000.000
2871,2005,-20.996094,25000000.000
2872,2023,-12.207031,25000000.000
2873,2031,-8.300781,25000000.000
2874,2042,-2.929688,25000000.000
2875,2043,-2.441406,25000000.000
2876,2063,7.324219,25000000.000
2877,2073,12.207031,25000000.000
2878,2084,17.578125,25000000.000
2879,2084,17.578125,25000000.000
2880,2103,26.855469,25000000.000
2881,2110,30.273438,25000000.000
2882,2117,33.691406,25000000.000
2883,2117,33.691406,25000000.000
2884,2120,35.156250,25000000.000
2885,2120,35.156250,25000000.000
2886,2114,32.226562,25000000.000
2887,2114,32.226562,25000000.000
2888,2102,26.367188,25000000.000
2889,2093,21.972656,25000000.000
2890,2084,17.578125,25000000.000
2891,2082,16.601562,25000000.000
2892,2065,8.300781,25000000.000
2893,2055,3.417969,25000000.000
2894,2047,-0.488281,25000000.000
2895,2046,-0.976562,25000000.000
2896,2029,-9.277344,25000000.000
2897,2022,-12.695312,25000000.000
2898,2014,-16.601562,25000000.000
2899,2015,-16.113281,25000000.000
2900,2000,-23.437500,25000000.000
2901,1994,-26.367188,25000000.000
2902,1989,-28.808594,25000000.000
2903,1988,-29.296875,25000000.000
2904,1979,-33.691406,25000000.000
2905,1976,-35.156250,25000000.000
2906,1975,-35.644531,25000000.000
2907,1976,-35.156250,25000000.000
2908,1980,-33.203125,25000000.000
2909,1985,-30.761719,25000000.000
2910,1993,-26.855469,25000000.000
2911,1994,-26.367188,25000000.000
2912,2012,-17.578125,25000000.000
2913,2023,-12.207031,25000000.000
2914,2036,-5.859375,25000000.000
2915,2036,-5.859375,25000000.000
2916,2057,4.394531,25000000.000
2917,2069,10.253906,25000000.000
2918,2078,14.648438,25000000.000
2919,2080,15.625000,25000000.000
2920,2098,24.414062,25000000.000
2921,2106,28.320312,25000000.000
2922,2114,32.226562,25000000.000
2923,2115,32.714844,25000000.000
2924,2122,36.132812,25000000.000
2925,2121,35.644531,25000000.000
2926,2118,34.179688,25000000.000
2927,2120,35.156250,25000000.000
2928,2107,28.808594,25000000.000
2929,2100,25.390625,25000000.000
2930,2092,21.484375,25000000.000
2931,2090,20.507812,25000000.000
2932,2072,11.718750,25000000.000
2933,2064,7.812500,25000000.000
2934,2054,2.929688,25000000.000
2935,2054,2.929688,25000000.000
2936,2036,-5.859375,25000000.000
2937,2029,-9.277344,25000000.000
2938,2020,-13.671875,25000000.000
2939,2019,-14.160156,25000000.000
2940,2005,-20.996094,25000000.000
2941,1997,-24.902344,25000000.000
2942,1990,-28.320312,25000000.000
2943,1989,-28.808594,25000000.000
2944,1979,-33.691406,25000000.000
2945,1975,-35.644531,25000000.000
2946,1974,-36.132812,25000000.000
2947,1974,-36.132812,25000000.000
2948,1977,-34.667969,25000000.000
2949,1983,-31.738281,25000000.000
2950,1988,-29.296875,25000000.000
2951,1990,-28.320312,25000000.000
2952,2005,-20.996094,25000000.000
2953,2015,-16.113281,25000000.000
2954,2025,-11.230469,25000000.000
2955,2025,-11.230469,25000000.000
2956,2046,-0.976562,25000000.000
2957,2055,3.417969,25000000.000
2958,2066,8.789062,25000000.000
2959,2067,9.277344,25000000.000
2960,2087,19.042969,25000000.000
2961,2098,24.414062,25000000.000
2962,2105,27.832031,25000000.000
2963,2106,28.320312,25000000.000
2964,2118,34.179688,25000000.000
2965,2120,35.156250,25000000.000
2966,2121,35.644531,25000000.000
2967,2121,35.644531,25000000.000
2968,2113,31.738281,25000000.000
2969,2107,28.808594,25000000.000
2970,2099,24.902344,25000000.000
2971,2097,23.925781,25000000.000
2972,2080,15.625000,25000000.000
2973,2070,10.742188,25000000.000
2974,2062,6.835938,25000000.000
2975,2061,6.347656,25000000.000
2976,2043,-2.441406,25000000.000
2977,2036,-5.859375,25000000.000
2978,2028,-9.765625,25000000.000
2979,2027,-10.253906,25000000.000
2980,2013,-17.089844,25000000.000
2981,2006,-20.507812,25000000.000
2982,1998,-24.414062,25000000.000
2983,1998,-24.414062,25000000.000
2984,1986,-30.273438,25000000.000
2985,1982,-32.226562,25000000.000
2986,1976,-35.156250,25000000.000
2987,1977,-34.667969,25000000.000
2988,1975,-35.644531,25000000.000
2989,1976,-35.156250,25000000.000
2990,1979,-33.691406,25000000.000
2991,1980,-33.203125,25000000.000
2992,1995,-25.878906,25000000.000
2993,2004,-21.484375,25000000.000
2994,2015,-16.113281,25000000.000
2995,2017,-15.136719,25000000.000
2996,2037,-5.371094,25000000.000
2997,2049,0.488281,25000000.000
2998,2060,5.859375,25000000.000
2999,2062,6.835938,25000000.000
3000,2082,16.601562,25000000.000
3001,2090,20.507812,25000000.000
3002,2100,25.390625,25000000.000
3003,2099,24.902344,25000000.000
3004,2113,31.738281,25000000.000
3005,2117,33.691406,25000000.000
3006,2118,34.179688,25000000.000
3007,2120,35.156250,25000000.000
3008,2116,33.203125,25000000.000
3009,2111,30.761719,25000000.000
3010,2106,28.320312,25000000.000
3011,2105,27.832031,25000000.000
3012,2089,20.019531,25000000.000
3013,2080,15.625000,25000000.000
3014,2071,11.230469,25000000.000
3015,2070,10.742188,25000000.000
3016,2053,2.441406,25000000.000
3017,2043,-2.441406,25000000.000
3018,2035,-6.347656,25000000.000
3019,2034,-6.835938,25000000.000
3020,2018,-14.648438,25000000.000
3021,2010,-18.554688,25000000.000
3022,2002,-22.460938,25000000.000
3023,2002,-22.460938,25000000.000
3024,1989,-28.808594,25000000.000
3025,1984,-31.250000,25000000.000
3026,1979,-33.691406,25000000.000
3027,1979,-33.691406,25000000.000
3028,1975,-35.644531,25000000.000
3029,1977,-34.667969,25000000.000
3030,1979,-33.691406,25000000.000
3031,1980,-33.203125,25000000.000
3032,1991,-27.832031,25000000.000
3033,2000,-23.437500,25000000.000
3034,2009,-19.042969,25000000.000
3035,2009,-19.042969,25000000.000
3036,2029,-9.277344,25000000.000
3037,2040,-3.906250,25000000.000
3038,2051,1.464844,25000000.000
3039,2051,1.464844,25000000.000
3040,2072,11.718750,25000000.000
3041,2082,16.601562,25000000.000
3042,2093,21.972656,25000000.000
3043,2093,21.972656,25000000.000
3044,2110,30.273438,25000000.000
3045,2116,33.203125,25000000.000
3046,2121,35.644531,25000000.000
3047,2120,35.156250,25000000.000
3048,2121,35.644531,25000000.000
3049,2119,34.667969,25000000.000
3050,2114,32.226562,25000000.000
3051,2113,31.738281,25000000.000
3052,2098,24.414062,25000000.000
3053,2089,20.019531,25000000.000
3054,2080,15.625000,25000000.000
3055,2079,15.136719,25000000.000
3056,2060,5.859375,25000000.000
3057,2050,0.976562,25000000.000
3058,2041,-3.417969,25000000.000
3059,2040,-3.906250,25000000.000
3060,2025,-11.230469,25000000.000
3061,2017,-15.136719,25000000.000
3062,2010,-18.554688,25000000.000
3063,2009,-19.042969,25000000.000
3064,1995,-25.878906,25000000.000
3065,1990,-28.320312,25000000.000
3066,1983,-31.738281,25000000.000
3067,1983,-31.738281,25000000.000
3068,1976,-35.156250,25000000.000
3069,1973,-36.621094,25000000.000
3070,1973,-36.621094,25000000.000
3071,1973,-36.621094,25000000.000
3072,1980,-33.203125,25000000.000
3073,1987,-29.785156,25000000.000
3074,1996,-25.390625,25000000.000
3075,1998,-24.414062,25000000.000
3076,2018,-14.648438,25000000.000
3077,2029,-9.277344,25000000.000
3078,2041,-3.417969,25000000.000
3079,2043,-2.441406,25000000.000
3080,2067,9.277344,25000000.000
3081,2075,13.183594,25000000.000
3082,2084,17.578125,25000000.000
3083,2087,19.042969,25000000.000
3084,2104,27.343750,25000000.000
3085,2111,30.761719,25000000.000
3086,2116,33.203125,25000000.000
3087,2116,33.203125,25000000.000
3088,2121,35.644531,25000000.000
3089,2120,35.156250,25000000.000
3090,2117,33.691406,25000000.000
3091,2118,34.179688,25000000.000
3092,2105,27.832031,25000000.000
3093,2097,23.925781,25000000.000
3094,2088,19.531250,25000000.000
3095,2087,19.042969,25000000.000
3096,2068,9.765625,25000000.000
3097,2059,5.371094,25000000.000
3098,2050,0.976562,25000000.000
3099,2049,0.488281,25000000.000
3100,2032,-7.812500,25000000.000
3101,2024,-11.718750,25000000.000
3102,2016,-15.625000,25000000.000
3103,2014,-16.601562,25000000.000
3104,1999,-23.925781,25000000.000
3105,1993,-26.855469,25000000.000
3106,1986,-30.273438,25000000.000
3107,1987,-29.785156,25000000.000
3108,1976,-35.156250,25000000.000
3109,1975,-35.644531,25000000.000
3110,1974,-36.132812,25000000.000
3111,1975,-35.644531,25000000.000
3112,1980,-33.203125,25000000.000
3113,1985,-30.761719,25000000.000
3114,1992,-27.343750,25000000.000
3115,1993,-26.855469,25000000.000
3116,2010,-18.554688,25000000.000
3117,2021,-13.183594,25000000.000
3118,2031,-8.300781,25000000.000
3119,2032,-7.812500,25000000.000
3120,2052,1.953125,25000000.000
3121,2062,6.835938,25000000.000
3122,2072,11.718750,25000000.000
3123,2074,12.695312,25000000.000
3124,2094,22.460938,25000000.000
3125,2101,25.878906,25000000.000
3126,2110,30.273438,25000000.000
3127,2110,30.273438,25000000.000
3128,2120,35.156250,25000000.000
3129,2122,36.132812,25000000.000
3130,2120,35.156250,25000000.000
3131,2120,35.156250,25000000.000
3132,2111,30.761719,25000000.000
3133,2104,27.343750,25000000.000
3134,2095,22.949219,25000000.000
3135,2095,22.949219,25000000.000
3136,2075,13.183594,25000000.000
3137,2065,8.300781,25000000.000
3138,2056,3.906250,25000000.000
3139,2056,3.906250,25000000.000
3140,2037,-5.371094,25000000.000
3141,2030,-8.789062,25000000.000
3142,2023,-12.207031,25000000.000
3143,2022,-12.695312,25000000.000
3144,2010,-18.554688,25000000.000
3145,2002,-22.460938,25000000.000
3146,1996,-25.390625,25000000.000
3147,1995,-25.878906,25000000.000
3148,1984,-31.250000,25000000.000
3149,1980,-33.203125,25000000.000
3150,1976,-35.156250,25000000.000
3151,1975,-35.644531,25000000.000
3152,1971,-37.597656,25000000.000
3153,1977,-34.667969,25000000.000
3154,1984,-31.250000,25000000.000
3155,1982,-32.226562,25000000.000
3156,1998,-24.414062,25000000.000
3157,2009,-19.042969,25000000.000
3158,2019,-14.160156,25000000.000
3159,2019,-14.160156,25000000.000
3160,2041,-3.417969,25000000.000
3161,2053,2.441406,25000000.000
3162,2062,6.835938,25000000.000
3163,2063,7.324219,25000000.000
3164,2084,17.578125,25000000.000
3165,2093,21.972656,25000000.000
3166,2101,25.878906,25000000.000
3167,2102,26.367188,25000000.000
3168,2116,33.203125,25000000.000
3169,2119,34.667969,25000000.000
3170,2120,35.156250,25000000.000
3171,2120,35.156250,25000000.000
3172,2114,32.226562,25000000.000
3173,2109,29.785156,25000000.000
3174,2102,26.367188,25000000.000
3175,2101,25.878906,25000000.000
3176,2084,17.578125,25000000.000
3177,2076,13.671875,25000000.000
3178,2067,9.277344,25000000.000
3179,2066,8.789062,25000000.000
3180,2048,0.000000,25000000.000
3181,2041,-3.417969,25000000.000
3182,2032,-7.812500,25000000.000
3183,2032,-7.812500,25000000.000
3184,2017,-15.136719,25000000.000
3185,2010,-18.554688,25000000.000
3186,2003,-21.972656,25000000.000
3187,2001,-22.949219,25000000.000
3188,1989,-28.808594,25000000.000
3189,1985,-30.761719,25000000.000
3190,1982,-32.226562,25000000.000
3191,1980,-33.203125,25000000.000
3192,1979,-33.691406,25000000.000
3193,1980,-33.203125,25000000.000
3194,1984,-31.250000,25000000.000
3195,1985,-30.761719,25000000.000
3196,1997,-24.902344,25000000.000
3197,2004,-21.484375,25000000.000
3198,2012,-17.578125,25000000.000
3199,2014,-16.601562,25000000.000
3200,2034,-6.835938,25000000.000
3201,2044,-1.953125,25000000.000
3202,2052,1.953125,25000000.000
3203,2054,2.929688,25000000.000
3204,2074,12.695312,25000000.000
3205,2083,17.089844,25000000.000
3206,2091,20.996094,25000000.000
3207,2092,21.484375,25000000.000
3208,2108,29.296875,25000000.000
3209,2111,30.761719,25000000.000
3210,2116,33.203125,25000000.000
3211,2116,33.203125,25000000.000
3212,2117,33.691406,25000000.000
3213,2113,31.738281,25000000.000
3214,2108,29.296875,25000000.000
3215,2107,28.808594,25000000.000
3216,2092,21.484375,25000000.000
3217,2083,17.089844,25000000.000
3218,2072,11.718750,25000000.000
3219,2072,11.718750,25000000.000
3220,2054,2.929688,25000000.000
3221,2045,-1.464844,25000000.000
3222,2037,-5.371094,25000000.000
3223,2036,-5.859375,25000000.000
3224,2022,-12.695312,25000000.000
3225,2018,-14.648438,25000000.000
3226,2012,-17.578125,25000000.000
3227,2009,-19.042969,25000000.000
3228,1997,-24.902344,25000000.000
3229,1990,-28.320312,25000000.000
3230,1985,-30.761719,25000000.000
3231,1984,-31.250000,25000000.000
3232,1978,-34.179688,25000000.000
3233,1980,-33.203125,25000000.000
3234,1979,-33.691406,25000000.000
3235,1979,-33.691406,25000000.000
3236,1990,-28.320312,25000000.000
3237,1997,-24.902344,25000000.000
3238,2005,-20.996094,25000000.000
3239,2007,-20.019531,25000000.000
3240,2028,-9.765625,25000000.000
3241,2038,-4.882812,25000000.000
3242,2050,0.976562,25000000.000
3243,2051,1.464844,25000000.000
3244,2072,11.718750,25000000.000
3245,2082,16.601562,25000000.000
3246,2090,20.507812,25000000.000
3247,2091,20.996094,25000000.000
3248,2105,27.832031,25000000.000
3249,2111,30.761719,25000000.000
3250,2115,32.714844,25000000.000
3251,2115,32.714844,25000000.000
3252,2117,33.691406,25000000.000
3253,2116,33.203125,25000000.000
3254,2111,30.761719,25000000.000
3255,2112,31.250000,25000000.000
3256,2098,24.414062,25000000.000
3257,2091,20.996094,25000000.000
3258,2081,16.113281,25000000.000
3259,2079,15.136719,25000000.000
3260,2062,6.835938,25000000.000
3261,2052,1.953125,25000000.000
3262,2043,-2.441406,25000000.000
3263,2042,-2.929688,25000000.000
3264,2025,-11.230469,25000000.000
3265,2017,-15.136719,25000000.000
3266,2009,-19.042969,25000000.000
3267,2008,-19.531250,25000000.000
3268,1994,-26.367188,25000000.000
3269,1988,-29.296875,25000000.000
3270,1984,-31.250000,25000000.000
3271,1984,-31.250000,25000000.000
3272,1977,-34.667969,25000000.000
3273,1975,-35.644531,25000000.000
3274,1976,-35.156250,25000000.000
3275,1977,-34.667969,25000000.000
3276,1984,-31.250000,25000000.000
3277,1992,-27.343750,25000000.000
3278,2000,-23.437500,25000000.000
3279,2001,-22.949219,25000000.000
3280,2020,-13.671875,25000000.000
3281,2030,-8.789062,25000000.000
3282,2041,-3.417969,25000000.000
3283,2042,-2.929688,25000000.000
3284,2062,6.835938,25000000.000
3285,2071,11.230469,25000000.000
3286,2082,16.601562,25000000.000
3287,2083,17.089844,25000000.000
3288,2100,25.390625,25000000.000
3289,2108,29.296875,25000000.000
3290,2114,32.226562,25000000.000
3291,2115,32.714844,25000000.000
3292,2122,36.132812,25000000.000
3293,2122,36.132812,25000000.000
3294,2118,34.179688,25000000.000
3295,2119,34.667969,25000000.000
3296,2106,28.320312,25000000.000
3297,2097,23.925781,25000000.000
3298,2089,20.019531,25000000.000
3299,2087,19.042969,25000000.000
3300,2067,9.277344,25000000.000
3301,2058,4.882812,25000000.000
3302,2048,0.000000,25000000.000
3303,2047,-0.488281,25000000.000
3304,2030,-8.789062,25000000.000
3305,2023,-12.207031,25000000.000
3306,2015,-16.113281,25000000.000
3307,2014,-16.601562,25000000.000
3308,2003,-21.972656,25000000.000
3309,1995,-25.878906,25000000.000
3310,1989,-28.808594,25000000.000
3311,1988,-29.296875,25000000.000
3312,1979,-33.691406,25000000.000
3313,1977,-34.667969,25000000.000
3314,1975,-35.644531,25000000.000
3315,1975,-35.644531,25000000.000
3316,1977,-34.667969,25000000.000
3317,1981,-32.714844,25000000.000
3318,1987,-29.785156,25000000.000
3319,1988,-29.296875,25000000.000
3320,2006,-20.507812,25000000.000
3321,2018,-14.648438,25000000.000
3322,2030,-8.789062,25000000.000
3323,2031,-8.300781,25000000.000
3324,2055,3.417969,25000000.000
3325,2066,8.789062,25000000.000
3326,2077,14.160156,25000000.000
3327,2078,14.648438,25000000.000
3328,2094,22.460938,25000000.000
3329,2102,26.367188,25000000.000
3330,2109,29.785156,25000000.000
3331,2109,29.785156,25000000.000
3332,2117,33.691406,25000000.000
3333,2119,34.667969,25000000.000
3334,2117,33.691406,25000000.000
3335,2117,33.691406,25000000.000
3336,2111,30.761719,25000000.000
3337,2105,27.832031,25000000.000
3338,2096,23.437500,25000000.000
3339,2096,23.437500,25000000.000
3340,2078,14.648438,25000000.000
3341,2068,9.765625,25000000.000
3342,2058,4.882812,25000000.000
3343,2057,4.394531,25000000.000
3344,2038,-4.882812,25000000.000
3345,2029,-9.277344,25000000.000
3346,2020,-13.671875,25000000.000
3347,2019,-14.160156,25000000.000
3348,2004,-21.484375,25000000.000
3349,1997,-24.902344,25000000.000
3350,1992,-27.343750,25000000.000
3351,1990,-28.320312,25000000.000
3352,1981,-32.714844,25000000.000
3353,1977,-34.667969,25000000.000
3354,1976,-35.156250,25000000.000
3355,1975,-35.644531,25000000.000
3356,1977,-34.667969,25000000.000
3357,1980,-33.203125,25000000.000
3358,1984,-31.250000,25000000.000
3359,1986,-30.273438,25000000.000
3360,2000,-23.437500,25000000.000
3361,2010,-18.554688,25000000.000
3362,2021,-13.183594,25000000.000
3363,2022,-12.695312,25000000.000
3364,2044,-1.953125,25000000.000
3365,2055,3.417969,25000000.000
3366,2066,8.789062,25000000.000
3367,2068,9.765625,25000000.000
3368,2087,19.042969,25000000.000
3369,2095,22.949219,25000000.000
3370,2104,27.343750,25000000.000
3371,2104,27.343750,25000000.000
3372,2115,32.714844,25000000.000
3373,2118,34.179688,25000000.000
3374,2120,35.156250,25000000.000
3375,2120,35.156250,25000000.000
3376,2117,33.691406,25000000.000
3377,2111,30.761719,25000000.000
3378,2104,27.343750,25000000.000
3379,2104,27.343750,25000000.000
3380,2088,19.531250,25000000.000
3381,2077,14.160156,25000000.000
3382,2067,9.277344,25000000.000
3383,2067,9.277344,25000000.000
3384,2047,-0.488281,25000000.000
3385,2039,-4.394531,25000000.000
3386,2029,-9.277344,25000000.000
3387,2029,-9.277344,25000000.000
3388,2013,-17.089844,25000000.000
3389,2007,-20.019531,25000000.000
3390,2001,-22.949219,25000000.000
3391,2000,-23.437500,25000000.000
3392,1989,-28.808594,25000000.000
3393,1984,-31.250000,25000000.000
3394,1980,-33.203125,25000000.000
3395,1980,-33.203125,25000000.000
3396,1975,-35.644531,25000000.000
3397,1976,-35.156250,25000000.000
3398,1978,-34.179688,25000000.000
3399,1978,-34.179688,25000000.000
3400,1989,-28.808594,25000000.000
3401,1999,-23.925781,25000000.000
3402,2009,-19.042969,25000000.000
3403,2010,-18.554688,25000000.000
3404,2032,-7.812500,25000000.000
3405,2046,-0.976562,25000000.000
3406,2057,4.394531,25000000.000
3407,2058,4.882812,25000000.000
3408,2080,15.625000,25000000.000
3409,2090,20.507812,25000000.000
3410,2099,24.902344,25000000.000
3411,2100,25.390625,25000000.000
3412,2113,31.738281,25000000.000
3413,2117,33.691406,25000000.000
3414,2120,35.156250,25000000.000
3415,2120,35.156250,25000000.000
3416,2120,35.156250,25000000.000
3417,2116,33.203125,25000000.000
3418,2110,30.273438,25000000.000
3419,2109,29.785156,25000000.000
3420,2094,22.460938,25000000.000
3421,2086,18.554688,25000000.000
3422,2076,13.671875,25000000.000
3423,2075,13.183594,25000000.000
3424,2058,4.882812,25000000.000
3425,2046,-0.976562,25000000.000
3426,2037,-5.371094,25000000.000
3427,2036,-5.859375,25000000.000
3428,2019,-14.160156,25000000.000
3429,2010,-18.554688,25000000.000
3430,2003,-21.972656,25000000.000
3431,2003,-21.972656,25000000.000
3432,1990,-28.320312,25000000.000
3433,1985,-30.761719,25000000.000
3434,1981,-32.714844,25000000.000
3435,1981,-32.714844,25000000.000
3436,1976,-35.156250,25000000.000
3437,1977,-34.667969,25000000.000
3438,1978,-34.179688,25000000.000
3439,1979,-33.691406,25000000.000
3440,1988,-29.296875,25000000.000
3441,1995,-25.878906,25000000.000
3442,2004,-21.484375,25000000.000
3443,2005,-20.996094,25000000.000
3444,2024,-11.718750,25000000.000
3445,2036,-5.859375,25000000.000
3446,2047,-0.488281,25000000.000
3447,2048,0.000000,25000000.000
3448,2068,9.765625,25000000.000
3449,2079,15.136719,25000000.000
3450,2088,19.531250,25000000.000
3451,2090,20.507812,25000000.000
3452,2105,27.832031,25000000.000
3453,2111,30.761719,25000000.000
3454,2116,33.203125,25000000.000
3455,2117,33.691406,25000000.000
3456,2120,35.156250,25000000.000
3457,2118,34.179688,25000000.000
3458,2115,32.714844,25000000.000
3459,2115,32.714844,25000000.000
3460,2103,26.855469,25000000.000
3461,2093,21.972656,25000000.000
3462,2084,17.578125,25000000.000
3463,2084,17.578125,25000000.000
3464,2065,8.300781,25000000.000
3465,2054,2.929688,25000000.000
3466,2044,-1.953125,25000000.000
3467,2043,-2.441406,25000000.000
3468,2026,-10.742188,25000000.000
3469,2017,-15.136719,25000000.000
3470,2010,-18.554688,25000000.000
3471,2010,-18.554688,25000000.000
3472,1997,-24.902344,25000000.000
3473,1990,-28.320312,25000000.000
3474,1985,-30.761719,25000000.000
3475,1986,-30.273438,25000000.000
3476,1979,-33.691406,25000000.000
3477,1976,-35.156250,25000000.000
3478,1975,-35.644531,25000000.000
3479,1975,-35.644531,25000000.000
3480,1979,-33.691406,25000000.000
3481,1986,-30.273438,25000000.000
3482,1992,-27.343750,25000000.000
3483,1994,-26.367188,25000000.000
3484,2014,-16.601562,25000000.000
3485,2027,-10.253906,25000000.000
3486,2038,-4.882812,25000000.000
3487,2041,-3.417969,25000000.000
3488,2064,7.812500,25000000.000
3489,2072,11.718750,25000000.000
3490,2083,17.089844,25000000.000
3491,2085,18.066406,25000000.000
3492,2102,26.367188,25000000.000
3493,2110,30.273438,25000000.000
3494,2115,32.714844,25000000.000
3495,2116,33.203125,25000000.000
3496,2121,35.644531,25000000.000
3497,2121,35.644531,25000000.000
3498,2120,35.156250,25000000.000
3499,2119,34.667969,25000000.000
3500,2112,31.250000,25000000.000
3501,2104,27.343750,25000000.000
3502,2093,21.972656,25000000.000
3503,2093,21.972656,25000000.000
3504,2073,12.207031,25000000.000
3505,2063,7.324219,25000000.000
3506,2053,2.441406,25000000.000
3507,2052,1.953125,25000000.000
3508,2032,-7.812500,25000000.000
3509,2023,-12.207031,25000000.000
3510,2014,-16.601562,25000000.000
3511,2015,-16.113281,25000000.000
3512,1997,-24.902344,25000000.000
3513,1989,-28.808594,25000000.000
3514,1984,-31.250000,25000000.000
3515,1983,-31.738281,25000000.000
3516,1975,-35.644531,25000000.000
3517,1972,-37.109375,25000000.000
3518,1970,-38.085938,25000000.000
3519,1970,-38.085938,25000000.000
3520,1975,-35.644531,25000000.000
3521,1980,-33.203125,25000000.000
3522,1987,-29.785156,25000000.000
3523,1987,-29.785156,25000000.000
3524,2005,-20.996094,25000000.000
3525,2016,-15.625000,25000000.000
3526,2027,-10.253906,25000000.000
3527,2028,-9.765625,25000000.000
3528,2051,1.464844,25000000.000
3529,2062,6.835938,25000000.000
3530,2072,11.718750,25000000.000
3531,2074,12.695312,25000000.000
3532,2093,21.972656,25000000.000
3533,2103,26.855469,25000000.000
3534,2110,30.273438,25000000.000
3535,2111,30.761719,25000000.000
3536,2120,35.156250,25000000.000
3537,2122,36.132812,25000000.000
3538,2123,36.621094,25000000.000
3539,2123,36.621094,25000000.000
3540,2117,33.691406,25000000.000
3541,2110,30.273438,25000000.000
3542,2103,26.855469,25000000.000
3543,2101,25.878906,25000000.000
3544,2084,17.578125,25000000.000
3545,2072,11.718750,25000000.000
3546,2062,6.835938,25000000.000
3547,2061,6.347656,25000000.000
3548,2041,-3.417969,25000000.000
3549,2031,-8.300781,25000000.000
3550,2022,-12.695312,25000000.000
3551,2022,-12.695312,25000000.000
3552,2006,-20.507812,25000000.000
3553,1999,-23.925781,25000000.000
3554,1993,-26.855469,25000000.000
3555,1991,-27.832031,25000000.000
3556,1981,-32.714844,25000000.000
3557,1976,-35.156250,25000000.000
3558,1974,-36.132812,25000000.000
3559,1974,-36.132812,25000000.000
3560,1974,-36.132812,25000000.000
3561,1976,-35.156250,25000000.000
3562,1978,-34.179688,25000000.000
3563,1978,-34.179688,25000000.000
3564,1993,-26.855469,25000000.000
3565,2004,-21.484375,25000000.000
3566,2016,-15.625000,25000000.000
3567,2017,-15.136719,25000000.000
3568,2041,-3.417969,25000000.000
3569,2054,2.929688,25000000.000
3570,2066,8.789062,25000000.000
3571,2068,9.765625,25000000.000
3572,2089,20.019531,25000000.000
3573,2098,24.414062,25000000.000
3574,2107,28.808594,25000000.000
3575,2108,29.296875,25000000.000
3576,2118,34.179688,25000000.000
3577,2122,36.132812,25000000.000
3578,2122,36.132812,25000000.000
3579,2124,37.109375,25000000.000
3580,2119,34.667969,25000000.000
3581,2115,32.714844,25000000.000
3582,2109,29.785156,25000000.000
3583,2108,29.296875,25000000.000
3584,2091,20.996094,25000000.000
3585,2082,16.601562,25000000.000
3586,2071,11.230469,25000000.000
3587,2069,10.253906,25000000.000
3588,2049,0.488281,25000000.000
3589,2039,-4.394531,25000000.000
3590,2028,-9.765625,25000000.000
3591,2028,-9.765625,25000000.000
3592,2010,-18.554688,25000000.000
3593,2001,-22.949219,25000000.000
3594,1994,-26.367188,25000000.000
3595,1993,-26.855469,25000000.000
3596,1982,-32.226562,25000000.000
3597,1977,-34.667969,25000000.000
3598,1973,-36.621094,25000000.000
3599,1973,-36.621094,25000000.000
3600,1972,-37.109375,25000000.000
3601,1974,-36.132812,25000000.000
3602,1977,-34.667969,25000000.000
3603,1976,-35.156250,25000000.000
3604,1989,-28.808594,25000000.000
3605,1998,-24.414062,25000000.000
3606,2008,-19.531250,25000000.000
3607,2010,-18.554688,25000000.000
3608,2029,-9.277344,25000000.000
3609,2042,-2.929688,25000000.000
3610,2054,2.929688,25000000.000
3611,2055,3.417969,25000000.000
3612,2077,14.160156,25000000.000
3613,2088,19.531250,25000000.000
3614,2099,24.902344,25000000.000
3615,2100,25.390625,25000000.000
3616,2115,32.714844,25000000.000
3617,2121,35.644531,25000000.000
3618,2125,37.597656,25000000.000
3619,2125,37.597656,25000000.000
3620,2126,38.085938,25000000.000
3621,2123,36.621094,25000000.000
3622,2117,33.691406,25000000.000
3623,2117,33.691406,25000000.000
3624,2101,25.878906,25000000.000
3625,2090,20.507812,25000000.000
3626,2079,15.136719,25000000.000
3627,2078,14.648438,25000000.000
3628,2056,3.906250,25000000.000
3629,2046,-0.976562,25000000.000
3630,2037,-5.371094,25000000.000
3631,2035,-6.347656,25000000.000
3632,2019,-14.160156,25000000.000
3633,2011,-18.066406,25000000.000
3634,2003,-21.972656,25000000.000
3635,2003,-21.972656,25000000.000
3636,1991,-27.832031,25000000.000
3637,1985,-30.761719,25000000.000
3638,1980,-33.203125,25000000.000
3639,1980,-33.203125,25000000.000
3640,1974,-36.132812,25000000.000
3641,1973,-36.621094,25000000.000
3642,1973,-36.621094,25000000.000
3643,1974,-36.132812,25000000.000
3644,1979,-33.691406,25000000.000
3645,1989,-28.808594,25000000.000
3646,1996,-25.390625,25000000.000
3647,1997,-24.902344,25000000.000
3648,2019,-14.160156,25000000.000
3649,2032,-7.812500,25000000.000
3650,2045,-1.464844,25000000.000
3651,2046,-0.976562,25000000.000
3652,2070,10.742188,25000000.000
3653,2082,16.601562,25000000.000
3654,2093,21.972656,25000000.000
3655,2093,21.972656,25000000.000
3656,2109,29.785156,25000000.000
3657,2116,33.203125,25000000.000
3658,2120,35.156250,25000000.000
3659,2120,35.156250,25000000.000
3660,2126,38.085938,25000000.000
3661,2125,37.597656,25000000.000
3662,2122,36.132812,25000000.000
3663,2121,35.644531,25000000.000
3664,2110,30.273438,25000000.000
3665,2102,26.367188,25000000.000
3666,2092,21.484375,25000000.000
3667,2090,20.507812,25000000.000
3668,2070,10.742188,25000000.000
3669,2059,5.371094,25000000.000
3670,2048,0.000000,25000000.000
3671,2046,-0.976562,25000000.000
3672,2026,-10.742188,25000000.000
3673,2018,-14.648438,25000000.000
3674,2009,-19.042969,25000000.000
3675,2007,-20.019531,25000000.000
3676,1993,-26.855469,25000000.000
3677,1988,-29.296875,25000000.000
3678,1982,-32.226562,25000000.000
3679,1982,-32.226562,25000000.000
3680,1975,-35.644531,25000000.000
3681,1973,-36.621094,25000000.000
3682,1974,-36.132812,25000000.000
3683,1973,-36.621094,25000000.000
3684,1979,-33.691406,25000000.000
3685,1984,-31.250000,25000000.000
3686,1989,-28.808594,25000000.000
3687,1991,-27.832031,25000000.000
3688,2008,-19.531250,25000000.000
3689,2019,-14.160156,25000000.000
3690,2030,-8.789062,25000000.000
3691,2031,-8.300781,25000000.000
3692,2055,3.417969,25000000.000
3693,2066,8.789062,25000000.000
3694,2079,15.136719,25000000.000
3695,2080,15.625000,25000000.000
3696,2099,24.902344,25000000.000
3697,2109,29.785156,25000000.000
3698,2116,33.203125,25000000.000
3699,2116,33.203125,25000000.000
3700,2124,37.109375,25000000.000
3701,2125,37.597656,25000000.000
3702,2124,37.109375,25000000.000
3703,2124,37.109375,25000000.000
3704,2115,32.714844,25000000.000
3705,2107,28.808594,25000000.000
3706,2096,23.437500,25000000.000
3707,2096,23.437500,25000000.000
3708,2075,13.183594,25000000.000
3709,2063,7.324219,25000000.000
3710,2054,2.929688,25000000.000
3711,2052,1.953125,25000000.000
3712,2032,-7.812500,25000000.000
3713,2024,-11.718750,25000000.000
3714,2016,-15.625000,25000000.000
3715,2016,-15.625000,25000000.000
3716,2002,-22.460938,25000000.000
3717,1996,-25.390625,25000000.000
3718,1990,-28.320312,25000000.000
3719,1990,-28.320312,25000000.000
3720,1980,-33.203125,25000000.000
3721,1976,-35.156250,25000000.000
3722,1974,-36.132812,25000000.000
3723,1973,-36.621094,25000000.000
3724,1973,-36.621094,25000000.000
3725,1976,-35.156250,25000000.000
3726,1981,-32.714844,25000000.000
3727,1982,-32.226562,25000000.000
3728,1999,-23.925781,25000000.000
3729,2010,-18.554688,25000000.000
3730,2022,-12.695312,25000000.000
3731,2023,-12.207031,25000000.000
3732,2048,0.000000,25000000.000
3733,2060,5.859375,25000000.000
3734,2072,11.718750,25000000.000
3735,2073,12.207031,25000000.000
3736,2094,22.460938,25000000.000
3737,2102,26.367188,25000000.000
3738,2110,30.273438,25000000.000
3739,2111,30.761719,25000000.000
3740,2120,35.156250,25000000.000
3741,2123,36.621094,25000000.000
3742,2124,37.109375,25000000.000
3743,2123,36.621094,25000000.000
3744,2118,34.179688,25000000.000
3745,2112,31.250000,25000000.000
3746,2104,27.343750,25000000.000
3747,2103,26.855469,25000000.000
3748,2085,18.066406,25000000.000
3749,2074,12.695312,25000000.000
3750,2063,7.324219,25000000.000
3751,2062,6.835938,25000000.000
3752,2042,-2.929688,25000000.000
3753,2030,-8.789062,25000000.000
3754,2021,-13.183594,25000000.000
3755,2022,-12.695312,25000000.000
3756,2002,-22.460938,25000000.000
3757,1996,-25.390625,25000000.000
3758,1990,-28.320312,25000000.000
3759,1989,-28.808594,25000000.000
3760,1980,-33.203125,25000000.000
3761,1976,-35.156250,25000000.000
3762,1973,-36.621094,25000000.000
3763,1972,-37.109375,25000000.000
3764,1973,-36.621094,25000000.000
3765,1975,-35.644531,25000000.000
3766,1980,-33.203125,25000000.000
3767,1981,-32.714844,25000000.000
3768,1994,-26.367188,25000000.000
3769,2004,-21.484375,25000000.000
3770,2015,-16.113281,25000000.000
3771,2015,-16.113281,25000000.000
3772,2038,-4.882812,25000000.000
3773,2050,0.976562,25000000.000
3774,2063,7.324219,25000000.000
3775,2064,7.812500,25000000.000
3776,2085,18.066406,25000000.000
3777,2094,22.460938,25000000.000
3778,2103,26.855469,25000000.000
3779,2103,26.855469,25000000.000
3780,2115,32.714844,25000000.000
3781,2120,35.156250,25000000.000
3782,2122,36.132812,25000000.000
3783,2123,36.621094,25000000.000
3784,2121,35.644531,25000000.000
3785,2117,33.691406,25000000.000
3786,2111,30.761719,25000000.000
3787,2110,30.273438,25000000.000
3788,2095,22.949219,25000000.000
3789,2084,17.578125,25000000.000
3790,2073,12.207031,25000000.000
3791,2072,11.718750,25000000.000
3792,2051,1.464844,25000000.000
3793,2039,-4.394531,25000000.000
3794,2029,-9.277344,25000000.000
3795,2029,-9.277344,25000000.000
3796,2011,-18.066406,25000000.000
3797,2003,-21.972656,25000000.000
3798,1997,-24.902344,25000000.000
3799,1996,-25.390625,25000000.000
3800,1985,-30.761719,25000000.000
3801,1982,-32.226562,25000000.000
3802,1977,-34.667969,25000000.000
3803,1978,-34.179688,25000000.000
3804,1975,-35.644531,25000000.000
3805,1974,-36.132812,25000000.000
3806,1975,-35.644531,25000000.000
3807,1976,-35.156250,25000000.000
3808,1986,-30.273438,25000000.000
3809,1994,-26.367188,25000000.000
3810,2004,-21.484375,25000000.000
3811,2004,-21.484375,25000000.000
3812,2028,-9.765625,25000000.000
3813,2041,-3.417969,25000000.000
3814,2054,2.929688,25000000.000
3815,2055,3.417969,25000000.000
3816,2079,15.136719,25000000.000
3817,2090,20.507812,25000000.000
3818,2100,25.390625,25000000.000
3819,2102,26.367188,25000000.000
3820,2115,32.714844,25000000.000
3821,2119,34.667969,25000000.000
3822,2123,36.621094,25000000.000
3823,2124,37.109375,25000000.000
3824,2124,37.109375,25000000.000
3825,2121,35.644531,25000000.000
3826,2115,32.714844,25000000.000
3827,2116,33.203125,25000000.000
3828,2102,26.367188,25000000.000
3829,2093,21.972656,25000000.000
3830,2084,17.578125,25000000.000
3831,2082,16.601562,25000000.000
3832,2060,5.859375,25000000.000
3833,2049,0.488281,25000000.000
3834,2037,-5.371094,25000000.000
3835,2037,-5.371094,25000000.000
3836,2017,-15.136719,25000000.000
3837,2006,-20.507812,25000000.000
3838,2000,-23.437500,25000000.000
3839,1998,-24.414062,25000000.000
3840,1986,-30.273438,25000000.000
3841,1983,-31.738281,25000000.000
3842,1979,-33.691406,25000000.000
3843,1979,-33.691406,25000000.000
3844,1974,-36.132812,25000000.000
3845,1974,-36.132812,25000000.000
3846,1976,-35.156250,25000000.000
3847,1976,-35.156250,25000000.000
3848,1982,-32.226562,25000000.000
3849,1985,-30.761719,25000000.000
3850,2000,-23.437500,25000000.000
3851,1999,-23.925781,25000000.000
3852,2019,-14.160156,25000000.000
3853,2032,-7.812500,25000000.000
3854,2044,-1.953125,25000000.000
3855,2046,-0.976562,25000000.000
3856,2069,10.253906,25000000.000
3857,2081,16.113281,25000000.000
3858,2091,20.996094,25000000.000
3859,2092,21.484375,25000000.000
3860,2108,29.296875,25000000.000
3861,2115,32.714844,25000000.000
3862,2119,34.667969,25000000.000
3863,2120,35.156250,25000000.000
3864,2122,36.132812,25000000.000
3865,2122,36.132812,25000000.000
3866,2120,35.156250,25000000.000
3867,2119,34.667969,25000000.000
3868,2109,29.785156,25000000.000
3869,2101,25.878906,25000000.000
3870,2092,21.484375,25000000.000
3871,2091,20.996094,25000000.000
3872,2070,10.742188,25000000.000
3873,2058,4.882812,25000000.000
3874,2046,-0.976562,25000000.000
3875,2046,-0.976562,25000000.000
3876,2025,-11.230469,25000000.000
3877,2015,-16.113281,25000000.000
3878,2006,-20.507812,25000000.000
3879,2006,-20.507812,25000000.000
3880,1994,-26.367188,25000000.000
3881,1988,-29.296875,25000000.000
3882,1984,-31.250000,25000000.000
3883,1983,-31.738281,25000000.000
3884,1977,-34.667969,25000000.000
3885,1976,-35.156250,25000000.000
3886,1975,-35.644531,25000000.000
3887,1974,-36.132812,25000000.000
3888,1976,-35.156250,25000000.000
3889,1981,-32.714844,25000000.000
3890,1985,-30.761719,25000000.000
3891,1986,-30.273438,25000000.000
3892,2006,-20.507812,25000000.000
3893,2019,-14.160156,25000000.000
3894,2030,-8.789062,25000000.000
3895,2032,-7.812500,25000000.000
3896,2057,4.394531,25000000.000
3897,2072,11.718750,25000000.000
3898,2083,17.089844,25000000.000
3899,2083,17.089844,25000000.000
3900,2102,26.367188,25000000.000
3901,2110,30.273438,25000000.000
3902,2116,33.203125,25000000.000
3903,2117,33.691406,25000000.000
3904,2123,36.621094,25000000.000
3905,2123,36.621094,25000000.000
3906,2121,35.644531,25000000.000
3907,2121,35.644531,25000000.000
3908,2113,31.738281,25000000.000
3909,2106,28.320312,25000000.000
3910,2097,23.925781,25000000.000
3911,2097,23.925781,25000000.000
3912,2078,14.648438,25000000.000
3913,2067,9.277344,25000000.000
3914,2056,3.906250,25000000.000
3915,2054,2.929688,25000000.000
3916,2033,-7.324219,25000000.000
3917,2024,-11.718750,25000000.000
3918,2014,-16.601562,25000000.000
3919,2013,-17.089844,25000000.000
3920,1998,-24.414062,25000000.000
3921,1991,-27.832031,25000000.000
3922,1986,-30.273438,25000000.000
3923,1985,-30.761719,25000000.000
3924,1978,-34.179688,25000000.000
3925,1976,-35.156250,25000000.000
3926,1976,-35.156250,25000000.000
3927,1975,-35.644531,25000000.000
3928,1977,-34.667969,25000000.000
3929,1979,-33.691406,25000000.000
3930,1985,-30.761719,25000000.000
3931,1985,-30.761719,25000000.000
3932,2000,-23.437500,25000000.000
3933,2010,-18.554688,25000000.000
3934,2023,-12.207031,25000000.000
3935,2023,-12.207031,25000000.000
3936,2048,0.000000,25000000.000
3937,2061,6.347656,25000000.000
3938,2072,11.718750,25000000.000
3939,2074,12.695312,25000000.000
3940,2094,22.460938,25000000.000
3941,2102,26.367188,25000000.000
3942,2109,29.785156,25000000.000
3943,2110,30.273438,25000000.000
3944,2118,34.179688,25000000.000
3945,2120,35.156250,25000000.000
3946,2121,35.644531,25000000.000
3947,2121,35.644531,25000000.000
3948,2116,33.203125,25000000.000
3949,2113,31.738281,25000000.000
3950,2106,28.320312,25000000.000
3951,2106,28.320312,25000000.000
3952,2089,20.019531,25000000.000
3953,2078,14.648438,25000000.000
3954,2067,9.277344,25000000.000
3955,2066,8.789062,25000000.000
3956,2043,-2.441406,25000000.000
3957,2031,-8.300781,25000000.000
3958,2020,-13.671875,25000000.000
3959,2019,-14.160156,25000000.000
3960,2003,-21.972656,25000000.000
3961,1995,-25.878906,25000000.000
3962,1989,-28.808594,25000000.000
3963,1989,-28.808594,25000000.000
3964,1980,-33.203125,25000000.000
3965,1977,-34.667969,25000000.000
3966,1974,-36.132812,25000000.000
3967,1974,-36.132812,25000000.000
3968,1973,-36.621094,25000000.000
3969,1973,-36.621094,25000000.000
3970,1976,-35.156250,25000000.000
3971,1977,-34.667969,25000000.000
3972,1987,-29.785156,25000000.000
3973,1999,-23.925781,25000000.000
3974,2008,-19.531250,25000000.000
3975,2010,-18.554688,25000000.000
3976,2035,-6.347656,25000000.000
3977,2049,0.488281,25000000.000
3978,2064,7.812500,25000000.000
3979,2066,8.789062,25000000.000
3980,2087,19.042969,25000000.000
3981,2098,24.414062,25000000.000
3982,2106,28.320312,25000000.000
3983,2108,29.296875,25000000.000
3984,2119,34.667969,25000000.000
3985,2121,35.644531,25000000.000
3986,2122,36.132812,25000000.000
3987,2122,36.132812,25000000.000
3988,2120,35.156250,25000000.000
3989,2117,33.691406,25000000.000
3990,2113,31.738281,25000000.000
3991,2111,30.761719,25000000.000
3992,2098,24.414062,25000000.000
3993,2089,20.019531,25000000.000
3994,2078,14.648438,25000000.000
3995,2077,14.160156,25000000.000
3996,2054,2.929688,25000000.000
3997,2044,-1.953125,25000000.000
3998,2034,-6.835938,25000000.000
3999,2031,-8.300781,25000000.000
4000,2012,-17.578125,25000000.000
4001,2003,-21.972656,25000000.000
4002,1995,-25.878906,25000000.000
4003,1995,-25.878906,25000000.000
4004,1984,-31.250000,25000000.000
4005,1979,-33.691406,25000000.000
4006,1977,-34.667969,25000000.000
4007,1977,-34.667969,25000000.000
4008,1974,-36.132812,25000000.000
4009,1973,-36.621094,25000000.000
4010,1977,-34.667969,25000000.000
4011,1977,-34.667969,25000000.000
4012,1986,-30.273438,25000000.000
4013,1994,-26.367188,25000000.000
4014,2003,-21.972656,25000000.000
4015,2004,-21.484375,25000000.000
4016,2025,-11.230469,25000000.000
4017,2038,-4.882812,25000000.000
4018,2051,1.464844,25000000.000
4019,2053,2.441406,25000000.000
4020,2077,14.160156,25000000.000
4021,2087,19.042969,25000000.000
4022,2098,24.414062,25000000.000
4023,2099,24.902344,25000000.000
4024,2115,32.714844,25000000.000
4025,2119,34.667969,25000000.000
4026,2123,36.621094,25000000.000
4027,2123,36.621094,25000000.000
4028,2124,37.109375,25000000.000
4029,2121,35.644531,25000000.000
4030,2117,33.691406,25000000.000
4031,2117,33.691406,25000000.000
4032,2104,27.343750,25000000.000
4033,2096,23.437500,25000000.000
4034,2086,18.554688,25000000.000
4035,2085,18.066406,25000000.000
4036,2063,7.324219,25000000.000
4037,2051,1.464844,25000000.000
4038,2040,-3.906250,25000000.000
4039,2039,-4.394531,25000000.000
4040,2019,-14.160156,25000000.000
4041,2010,-18.554688,25000000.000
4042,2002,-22.460938,25000000.000
4043,2002,-22.460938,25000000.000
4044,1990,-28.320312,25000000.000
4045,1985,-30.761719,25000000.000
4046,1981,-32.714844,25000000.000
4047,1982,-32.226562,25000000.000
4048,1975,-35.644531,25000000.000
4049,1975,-35.644531,25000000.000
4050,1975,-35.644531,25000000.000
4051,1975,-35.644531,25000000.000
4052,1979,-33.691406,25000000.000
4053,1985,-30.761719,25000000.000
4054,1992,-27.343750,25000000.000
4055,1993,-26.855469,25000000.000
4056,2013,-17.089844,25000000.000
4057,2026,-10.742188,25000000.000
4058,2040,-3.906250,25000000.000
4059,2040,-3.906250,25000000.000
4060,2067,9.277344,25000000.000
4061,2079,15.136719,25000000.000
4062,2090,20.507812,25000000.000
4063,2091,20.996094,25000000.000
4064,2107,28.808594,25000000.000
4065,2114,32.226562,25000000.000
4066,2119,34.667969,25000000.000
4067,2118,34.179688,25000000.000
4068,2121,35.644531,25000000.000
4069,2121,35.644531,25000000.000
4070,2119,34.667969,25000000.000
4071,2119,34.667969,25000000.000
4072,2109,29.785156,25000000.000
4073,2102,26.367188,25000000.000
4074,2094,22.460938,25000000.000
4075,2094,22.460938,25000000.000
4076,2075,13.183594,25000000.000
4077,2062,6.835938,25000000.000
4078,2050,0.976562,25000000.000
4079,2049,0.488281,25000000.000
4080,2027,-10.253906,25000000.000
4081,2017,-15.136719,25000000.000
4082,2007,-20.019531,25000000.000
4083,2006,-20.507812,25000000.000
4084,1992,-27.343750,25000000.000
4085,1985,-30.761719,25000000.000
4086,1979,-33.691406,25000000.000
4087,1979,-33.691406,25000000.000
4088,1973,-36.621094,25000000.000
4089,1972,-37.109375,25000000.000
4090,1973,-36.621094,25000000.000
4091,1972,-37.109375,25000000.000
4092,1976,-35.156250,25000000.000
4093,1981,-32.714844,25000000.000
4094,1987,-29.785156,25000000.000
4095,1988,-29.296875,25000000.000
4096,2005,-20.996094,25000000.000
4097,2015,-16.113281,25000000.000
4098,2027,-10.253906,25000000.000
4099,2029,-9.277344,25000000.000
4100,2053,2.441406,25000000.000
4101,2065,8.300781,25000000.000
4102,2077,14.160156,25000000.000
4103,2078,14.648438,25000000.000
4104,2098,24.414062,25000000.000
4105,2107,28.808594,25000000.000
4106,2113,31.738281,25000000.000
4107,2115,32.714844,25000000.000
4108,2122,36.132812,25000000.000
4109,2124,37.109375,25000000.000
4110,2123,36.621094,25000000.000
4111,2122,36.132812,25000000.000
4112,2116,33.203125,25000000.000
4113,2110,30.273438,25000000.000
4114,2102,26.367188,25000000.000
4115,2101,25.878906,25000000.000
4116,2082,16.601562,25000000.000
4117,2071,11.230469,25000000.000
4118,2059,5.371094,25000000.000
4119,2058,4.882812,25000000.000
4120,2037,-5.371094,25000000.000
4121,2025,-11.230469,25000000.000
4122,2016,-15.625000,25000000.000
4123,2015,-16.113281,25000000.000
4124,2001,-22.949219,25000000.000
4125,1994,-26.367188,25000000.000
4126,1988,-29.296875,25000000.000
4127,1988,-29.296875,25000000.000
4128,1981,-32.714844,25000000.000
4129,1977,-34.667969,25000000.000
4130,1976,-35.156250,25000000.000
4131,1975,-35.644531,25000000.000
4132,1976,-35.156250,25000000.000
4133,1978,-34.179688,25000000.000
4134,1981,-32.714844,25000000.000
4135,1982,-32.226562,25000000.000
4136,1996,-25.390625,25000000.000
4137,2006,-20.507812,25000000.000
4138,2017,-15.136719,25000000.000
4139,2019,-14.160156,25000000.000
4140,2044,-1.953125,25000000.000
4141,2058,4.882812,25000000.000
4142,2070,10.742188,25000000.000
4143,2071,11.230469,25000000.000
4144,2092,21.484375,25000000.000
4145,2101,25.878906,25000000.000
4146,2109,29.785156,25000000.000
4147,2110,30.273438,25000000.000
4148,2119,34.667969,25000000.000
4149,2122,36.132812,25000000.000
4150,2123,36.621094,25000000.000
4151,2123,36.621094,25000000.000
4152,2118,34.179688,25000000.000
4153,2115,32.714844,25000000.000
4154,2108,29.296875,25000000.000
4155,2109,29.785156,25000000.000
4156,2091,20.996094,25000000.000
4157,2081,16.113281,25000000.000
4158,2070,10.742188,25000000.000
4159,2070,10.742188,25000000.000
4160,2047,-0.488281,25000000.000
4161,2036,-5.859375,25000000.000
4162,2025,-11.230469,25000000.000
4163,2024,-11.718750,25000000.000
4164,2005,-20.996094,25000000.000
4165,1997,-24.902344,25000000.000
4166,1991,-27.832031,25000000.000
4167,1990,-28.320312,25000000.000
4168,1980,-33.203125,25000000.000
4169,1976,-35.156250,25000000.000
4170,1974,-36.132812,25000000.000
4171,1974,-36.132812,25000000.000
4172,1975,-35.644531,25000000.000
4173,1977,-34.667969,25000000.000
4174,1980,-33.203125,25000000.000
4175,1981,-32.714844,25000000.000
4176,1992,-27.343750,25000000.000
4177,2002,-22.460938,25000000.000
4178,2012,-17.578125,25000000.000
4179,2013,-17.089844,25000000.000
4180,2036,-5.859375,25000000.000
4181,2048,0.000000,25000000.000
4182,2060,5.859375,25000000.000
4183,2061,6.347656,25000000.000
4184,2083,17.089844,25000000.000
4185,2093,21.972656,25000000.000
4186,2100,25.390625,25000000.000
4187,2102,26.367188,25000000.000
4188,2114,32.226562,25000000.000
4189,2120,35.156250,25000000.000
4190,2121,35.644531,25000000.000
4191,2121,35.644531,25000000.000
4192,2122,36.132812,25000000.000
4193,2118,34.179688,25000000.000
4194,2114,32.226562,25000000.000
4195,2113,31.738281,25000000.000
4196,2094,22.460938,25000000.000
4197,2090,20.507812,25000000.000
4198,2080,15.625000,25000000.000
4199,2077,14.160156,25000000.000
4200,2056,3.906250,25000000.000
4201,2044,-1.953125,25000000.000
4202,2033,-7.324219,25000000.000
4203,2032,-7.812500,25000000.000
4204,2012,-17.578125,25000000.000
4205,2005,-20.996094,25000000.000
4206,1998,-24.414062,25000000.000
4207,1997,-24.902344,25000000.000
4208,1986,-30.273438,25000000.000
4209,1982,-32.226562,25000000.000
4210,1978,-34.179688,25000000.000
4211,1978,-34.179688,25000000.000
4212,1973,-36.621094,25000000.000
4213,1975,-35.644531,25000000.000
4214,1976,-35.156250,25000000.000
4215,1976,-35.156250,25000000.000
4216,1983,-31.738281,25000000.000
4217,1989,-28.808594,25000000.000
4218,2000,-23.437500,25000000.000
4219,2000,-23.437500,25000000.000
4220,2022,-12.695312,25000000.000
4221,2034,-6.835938,25000000.000
4222,2049,0.488281,25000000.000
4223,2050,0.976562,25000000.000
4224,2075,13.183594,25000000.000
4225,2086,18.554688,25000000.000
4226,2098,24.414062,25000000.000
4227,2099,24.902344,25000000.000
4228,2113,31.738281,25000000.000
4229,2119,34.667969,25000000.000
4230,2121,35.644531,25000000.000
4231,2121,35.644531,25000000.000
4232,2122,36.132812,25000000.000
4233,2121,35.644531,25000000.000
4234,2117,33.691406,25000000.000
4235,2117,33.691406,25000000.000
4236,2105,27.832031,25000000.000
4237,2097,23.925781,25000000.000
4238,2088,19.531250,25000000.000
4239,2088,19.531250,25000000.000
4240,2066,8.789062,25000000.000
4241,2056,3.906250,25000000.000
4242,2043,-2.441406,25000000.000
4243,2041,-3.417969,25000000.000
4244,2020,-13.671875,25000000.000
4245,2011,-18.066406,25000000.000
4246,2002,-22.460938,25000000.000
4247,2002,-22.460938,25000000.000
4248,1987,-29.785156,25000000.000
4249,1982,-32.226562,25000000.000
4250,1977,-34.667969,25000000.000
4251,1978,-34.179688,25000000.000
4252,1973,-36.621094,25000000.000
4253,1972,-37.109375,25000000.000
4254,1973,-36.621094,25000000.000
4255,1975,-35.644531,25000000.000
4256,1982,-32.226562,25000000.000
4257,1989,-28.808594,25000000.000
4258,1996,-25.390625,25000000.000
4259,1998,-24.414062,25000000.000
4260,2015,-16.113281,25000000.000
4261,2026,-10.742188,25000000.000
4262,2039,-4.394531,25000000.000
4263,2040,-3.906250,25000000.000
4264,2065,8.300781,25000000.000
4265,2076,13.671875,25000000.000
4266,2086,18.554688,25000000.000
4267,2088,19.531250,25000000.000
4268,2106,28.320312,25000000.000
4269,2115,32.714844,25000000.000
4270,2119,34.667969,25000000.000
4271,2119,34.667969,25000000.000
4272,2124,37.109375,25000000.000
4273,2125,37.597656,25000000.000
4274,2122,36.132812,25000000.000
4275,2122,36.132812,25000000.000
4276,2112,31.250000,25000000.000
4277,2104,27.343750,25000000.000
4278,2095,22.949219,25000000.000
4279,2094,22.460938,25000000.000
4280,2075,13.183594,25000000.000
4281,2062,6.835938,25000000.000
4282,2050,0.976562,25000000.000
4283,2050,0.976562,25000000.000
4284,2028,-9.765625,25000000.000
4285,2018,-14.648438,25000000.000
4286,2008,-19.531250,25000000.000
4287,2008,-19.531250,25000000.000
4288,1993,-26.855469,25000000.000
4289,1987,-29.785156,25000000.000
4290,1982,-32.226562,25000000.000
4291,1982,-32.226562,25000000.000
4292,1976,-35.156250,25000000.000
4293,1973,-36.621094,25000000.000
4294,1972,-37.109375,25000000.000
4295,1973,-36.621094,25000000.000
4296,1976,-35.156250,25000000.000
4297,1980,-33.203125,25000000.000
4298,1984,-31.250000,25000000.000
4299,1986,-30.273438,25000000.000
4300,2003,-21.972656,25000000.000
4301,2013,-17.089844,25000000.000
4302,2025,-11.230469,25000000.000
4303,2026,-10.742188,25000000.000
4304,2053,2.441406,25000000.000
4305,2067,9.277344,25000000.000
4306,2079,15.136719,25000000.000
4307,2081,16.113281,25000000.000
4308,2100,25.390625,25000000.000
4309,2108,29.296875,25000000.000
4310,2113,31.738281,25000000.000
4311,2114,32.226562,25000000.000
4312,2120,35.156250,25000000.000
4313,2120,35.156250,25000000.000
4314,2120,35.156250,25000000.000
4315,2120,35.156250,25000000.000
4316,2113,31.738281,25000000.000
4317,2108,29.296875,25000000.000
4318,2103,26.855469,25000000.000
4319,2102,26.367188,25000000.000
4320,2085,18.066406,25000000.000
4321,2075,13.183594,25000000.000
4322,2064,7.812500,25000000.000
4323,2063,7.324219,25000000.000
4324,2041,-3.417969,25000000.000
4325,2030,-8.789062,25000000.000
4326,2018,-14.648438,25000000.000
4327,2018,-14.648438,25000000.000
4328,1998,-24.414062,25000000.000
4329,1991,-27.832031,25000000.000
4330,1985,-30.761719,25000000.000
4331,1984,-31.250000,25000000.000
4332,1977,-34.667969,25000000.000
4333,1973,-36.621094,25000000.000
4334,1973,-36.621094,25000000.000
4335,1973,-36.621094,25000000.000
4336,1974,-36.132812,25000000.000
4337,1978,-34.179688,25000000.000
4338,1983,-31.738281,25000000.000
4339,1984,-31.250000,25000000.000
4340,1998,-24.414062,25000000.000
4341,2007,-20.019531,25000000.000
4342,2017,-15.136719,25000000.000
4343,2018,-14.648438,25000000.000
4344,2041,-3.417969,25000000.000
4345,2055,3.417969,25000000.000
4346,2066,8.789062,25000000.000
4347,2068,9.765625,25000000.000
4348,2088,19.531250,25000000.000
4349,2099,24.902344,25000000.000
4350,2106,28.320312,25000000.000
4351,2107,28.808594,25000000.000
4352,2117,33.691406,25000000.000
4353,2121,35.644531,25000000.000
4354,2121,35.644531,25000000.000
4355,2122,36.132812,25000000.000
4356,2119,34.667969,25000000.000
4357,2115,32.714844,25000000.000
4358,2109,29.785156,25000000.000
4359,2109,29.785156,25000000.000
4360,2093,21.972656,25000000.000
4361,2084,17.578125,25000000.000
4362,2074,12.695312,25000000.000
4363,2072,11.718750,25000000.000
4364,2049,0.488281,25000000.000
4365,2037,-5.371094,25000000.000
4366,2027,-10.253906,25000000.000
4367,2026,-10.742188,25000000.000
4368,2007,-20.019531,25000000.000
4369,2000,-23.437500,25000000.000
4370,1993,-26.855469,25000000.000
4371,1992,-27.343750,25000000.000
4372,1982,-32.226562,25000000.000
4373,1978,-34.179688,25000000.000
4374,1977,-34.667969,25000000.000
4375,1976,-35.156250,25000000.000
4376,1973,-36.621094,25000000.000
4377,1975,-35.644531,25000000.000
4378,1978,-34.179688,25000000.000
4379,1978,-34.179688,25000000.000
4380,1989,-28.808594,25000000.000
4381,1997,-24.902344,25000000.000
4382,2007,-20.019531,25000000.000
4383,2007,-20.019531,25000000.000
4384,2030,-8.789062,25000000.000
4385,2043,-2.441406,25000000.000
4386,2058,4.882812,25000000.000
4387,2059,5.371094,25000000.000
4388,2083,17.089844,25000000.000
4389,2094,22.460938,25000000.000
4390,2103,26.855469,25000000.000
4391,2104,27.343750,25000000.000
4392,2115,32.714844,25000000.000
4393,2119,34.667969,25000000.000
4394,2121,35.644531,25000000.000
4395,2122,36.132812,25000000.000
4396,2120,35.156250,25000000.000
4397,2118,34.179688,25000000.000
4398,2113,31.738281,25000000.000
4399,2113,31.738281,25000000.000
4400,2100,25.390625,25000000.000
4401,2091,20.996094,25000000.000
4402,2081,16.113281,25000000.000
4403,2080,15.625000,25000000.000
4404,2061,6.347656,25000000.000
4405,2048,0.000000,25000000.000
4406,2036,-5.859375,25000000.000
4407,2035,-6.347656,25000000.000
4408,2015,-16.113281,25000000.000
4409,2005,-20.996094,25000000.000
4410,1996,-25.390625,25000000.000
4411,1995,-25.878906,25000000.000
4412,1983,-31.738281,25000000.000
4413,1978,-34.179688,25000000.000
4414,1975,-35.644531,25000000.000
4415,1975,-35.644531,25000000.000
4416,1974,-36.132812,25000000.000
4417,1975,-35.644531,25000000.000
4418,1979,-33.691406,25000000.000
4419,1978,-34.179688,25000000.000
4420,1988,-29.296875,25000000.000
4421,1995,-25.878906,25000000.000
4422,2003,-21.972656,25000000.000
4423,2004,-21.484375,25000000.000
4424,2024,-11.718750,25000000.000
4425,2035,-6.347656,25000000.000
4426,2047,-0.488281,25000000.000
4427,2049,0.488281,25000000.000
4428,2070,10.742188,25000000.000
4429,2082,16.601562,25000000.000
4430,2093,21.972656,25000000.000
4431,2094,22.460938,25000000.000
4432,2110,30.273438,25000000.000
4433,2116,33.203125,25000000.000
4434,2121,35.644531,25000000.000
4435,2121,35.644531,25000000.000
4436,2124,37.109375,25000000.000
4437,2123,36.621094,25000000.000
4438,2121,35.644531,25000000.000
4439,2121,35.644531,25000000.000
4440,2108,29.296875,25000000.000
4441,2103,26.855469,25000000.000
4442,2090,20.507812,25000000.000
4443,2091,20.996094,25000000.000
4444,2067,9.277344,25000000.000
4445,2057,4.394531,25000000.000
4446,2045,-1.464844,25000000.000
4447,2044,-1.953125,25000000.000
4448,2022,-12.695312,25000000.000
4449,2014,-16.601562,25000000.000
4450,2004,-21.484375,25000000.000
4451,2004,-21.484375,25000000.000
4452,1991,-27.832031,25000000.000
4453,1986,-30.273438,25000000.000
4454,1982,-32.226562,25000000.000
4455,1981,-32.714844,25000000.000
4456,1976,-35.156250,25000000.000
4457,1977,-34.667969,25000000.000
4458,1974,-36.132812,25000000.000
4459,1975,-35.644531,25000000.000
4460,1980,-33.203125,25000000.000
4461,1984,-31.250000,25000000.000
4462,1991,-27.832031,25000000.000
4463,1992,-27.343750,25000000.000
4464,2010,-18.554688,25000000.000
4465,2021,-13.183594,25000000.000
4466,2035,-6.347656,25000000.000
4467,2035,-6.347656,25000000.000
4468,2062,6.835938,25000000.000
4469,2076,13.671875,25000000.000
4470,2086,18.554688,25000000.000
4471,2087,19.042969,25000000.000
4472,2106,28.320312,25000000.000
4473,2114,32.226562,25000000.000
4474,2116,33.203125,25000000.000
4475,2117,33.691406,25000000.000
4476,2120,35.156250,25000000.000
4477,2121,35.644531,25000000.000
4478,2118,34.179688,25000000.000
4479,2117,33.691406,25000000.000
4480,2109,29.785156,25000000.000
4481,2103,26.855469,25000000.000
4482,2096,23.437500,25000000.000
4483,2095,22.949219,25000000.000
4484,2079,15.136719,25000000.000
4485,2067,9.277344,25000000.000
4486,2056,3.906250,25000000.000
4487,2055,3.417969,25000000.000
4488,2033,-7.324219,25000000.000
4489,2022,-12.695312,25000000.000
4490,2011,-18.066406,25000000.000
4491,2010,-18.554688,25000000.000
4492,1992,-27.343750,25000000.000
4493,1986,-30.273438,25000000.000
4494,1980,-33.203125,25000000.000
4495,1980,-33.203125,25000000.000
4496,1974,-36.132812,25000000.000
4497,1973,-36.621094,25000000.000
4498,1974,-36.132812,25000000.000
4499,1972,-37.109375,25000000.000
4500,1977,-34.667969,25000000.000
4501,1981,-32.714844,25000000.000
4502,1987,-29.785156,25000000.000
4503,1989,-28.808594,25000000.000
4504,2004,-21.484375,25000000.000
4505,2013,-17.089844,25000000.000
4506,2024,-11.718750,25000000.000
4507,2025,-11.230469,25000000.000
4508,2048,0.000000,25000000.000
4509,2062,6.835938,25000000.000
4510,2074,12.695312,25000000.000
4511,2075,13.183594,25000000.000
4512,2095,22.949219,25000000.000
4513,2104,27.343750,25000000.000
4514,2112,31.250000,25000000.000
4515,2113,31.738281,25000000.000
4516,2120,35.156250,25000000.000
4517,2123,36.621094,25000000.000
4518,2122,36.132812,25000000.000
4519,2122,36.132812,25000000.000
4520,2116,33.203125,25000000.000
4521,2109,29.785156,25000000.000
4522,2103,26.855469,25000000.000
4523,2101,25.878906,25000000.000
4524,2085,18.066406,25000000.000
4525,2075,13.183594,25000000.000
4526,2063,7.324219,25000000.000
4527,2062,6.835938,25000000.000
4528,2040,-3.906250,25000000.000
4529,2031,-8.300781,25000000.000
4530,2019,-14.160156,25000000.000
4531,2018,-14.648438,25000000.000
4532,2001,-22.949219,25000000.000
4533,1994,-26.367188,25000000.000
4534,1988,-29.296875,25000000.000
4535,1988,-29.296875,25000000.000
4536,1979,-33.691406,25000000.000
4537,1977,-34.667969,25000000.000
4538,1974,-36.132812,25000000.000
4539,1975,-35.644531,25000000.000
4540,1976,-35.156250,25000000.000
4541,1978,-34.179688,25000000.000
4542,1983,-31.738281,25000000.000
4543,1979,-33.691406,25000000.000
4544,1994,-26.367188,25000000.000
4545,2000,-23.437500,25000000.000
4546,2012,-17.578125,25000000.000
4547,2014,-16.601562,25000000.000
4548,2037,-5.371094,25000000.000
4549,2050,0.976562,25000000.000
4550,2065,8.300781,25000000.000
4551,2067,9.277344,25000000.000
4552,2088,19.531250,25000000.000
4553,2100,25.390625,25000000.000
4554,2109,29.785156,25000000.000
4555,2109,29.785156,25000000.000
4556,2120,35.156250,25000000.000
4557,2123,36.621094,25000000.000
4558,2124,37.109375,25000000.000
4559,2125,37.597656,25000000.000
4560,2120,35.156250,25000000.000
4561,2116,33.203125,25000000.000
4562,2110,30.273438,25000000.000
4563,2109,29.785156,25000000.000
4564,2095,22.949219,25000000.000
4565,2084,17.578125,25000000.000
4566,2074,12.695312,25000000.000
4567,2074,12.695312,25000000.000
4568,2053,2.441406,25000000.000
4569,2041,-3.417969,25000000.000
4570,2030,-8.789062,25000000.000
4571,2028,-9.765625,25000000.000
4572,2008,-19.531250,25000000.000
4573,1999,-23.925781,25000000.000
4574,1992,-27.343750,25000000.000
4575,1991,-27.832031,25000000.000
4576,1980,-33.203125,25000000.000
4577,1976,-35.156250,25000000.000
4578,1973,-36.621094,25000000.000
4579,1973,-36.621094,25000000.000
4580,1974,-36.132812,25000000.000
4581,1976,-35.156250,25000000.000
4582,1979,-33.691406,25000000.000
4583,1980,-33.203125,25000000.000
4584,1991,-27.832031,25000000.000
4585,1997,-24.902344,25000000.000
4586,2007,-20.019531,25000000.000
4587,2008,-19.531250,25000000.000
4588,2028,-9.765625,25000000.000
4589,2040,-3.906250,25000000.000
4590,2053,2.441406,25000000.000
4591,2054,2.929688,25000000.000
4592,2077,14.160156,25000000.000
4593,2088,19.531250,25000000.000
4594,2098,24.414062,25000000.000
4595,2100,25.390625,25000000.000
4596,2114,32.226562,25000000.000
4597,2120,35.156250,25000000.000
4598,2123,36.621094,25000000.000
4599,2123,36.621094,25000000.000
4600,2123,36.621094,25000000.000
4601,2121,35.644531,25000000.000
4602,2116,33.203125,25000000.000
4603,2116,33.203125,25000000.000
4604,2103,26.855469,25000000.000
4605,2094,22.460938,25000000.000
4606,2085,18.066406,25000000.000
4607,2084,17.578125,25000000.000
4608,2062,6.835938,25000000.000
4609,2051,1.464844,25000000.000
4610,2040,-3.906250,25000000.000
4611,2039,-4.394531,25000000.000
4612,2017,-15.136719,25000000.000
4613,2007,-20.019531,25000000.000
4614,2000,-23.437500,25000000.000
4615,2000,-23.437500,25000000.000
4616,1987,-29.785156,25000000.000
4617,1983,-31.738281,25000000.000
4618,1980,-33.203125,25000000.000
4619,1978,-34.179688,25000000.000
4620,1977,-34.667969,25000000.000
4621,1978,-34.179688,25000000.000
4622,1978,-34.179688,25000000.000
4623,1978,-34.179688,25000000.000
4624,1983,-31.738281,25000000.000
4625,1989,-28.808594,25000000.000
4626,1996,-25.390625,25000000.000
4627,1997,-24.902344,25000000.000
4628,2016,-15.625000,25000000.000
4629,2027,-10.253906,25000000.000
4630,2041,-3.417969,25000000.000
4631,2042,-2.929688,25000000.000
4632,2068,9.765625,25000000.000
4633,2082,16.601562,25000000.000
4634,2092,21.484375,25000000.000
4635,2092,21.484375,25000000.000
4636,2109,29.785156,25000000.000
4637,2116,33.203125,25000000.000
4638,2119,34.667969,25000000.000
4639,2119,34.667969,25000000.000
4640,2122,36.132812,25000000.000
4641,2120,35.156250,25000000.000
4642,2117,33.691406,25000000.000
4643,2117,33.691406,25000000.000
4644,2106,28.320312,25000000.000
4645,2099,24.902344,25000000.000
4646,2090,20.507812,25000000.000
4647,2090,20.507812,25000000.000
4648,2071,11.230469,25000000.000
4649,2060,5.859375,25000000.000
4650,2049,0.488281,25000000.000
4651,2048,0.000000,25000000.000
4652,2026,-10.742188,25000000.000
4653,2014,-16.601562,25000000.000
4654,2006,-20.507812,25000000.000
4655,2004,-21.484375,25000000.000
4656,1989,-28.808594,25000000.000
4657,1983,-31.738281,25000000.000
4658,1980,-33.203125,25000000.000
4659,1979,-33.691406,25000000.000
4660,1975,-35.644531,25000000.000
4661,1974,-36.132812,25000000.000
4662,1976,-35.156250,25000000.000
4663,1976,-35.156250,25000000.000
4664,1982,-32.226562,25000000.000
4665,1987,-29.785156,25000000.000
4666,1993,-26.855469,25000000.000
4667,1993,-26.855469,25000000.000
4668,2009,-19.042969,25000000.000
4669,2019,-14.160156,25000000.000
4670,2030,-8.789062,25000000.000
4671,2032,-7.812500,25000000.000
4672,2055,3.417969,25000000.000
4673,2067,9.277344,25000000.000
4674,2079,15.136719,25000000.000
4675,2080,15.625000,25000000.000
4676,2099,24.902344,25000000.000
4677,2106,28.320312,25000000.000
4678,2113,31.738281,25000000.000
4679,2113,31.738281,25000000.000
4680,2119,34.667969,25000000.000
4681,2121,35.644531,25000000.000
4682,2119,34.667969,25000000.000
4683,2119,34.667969,25000000.000
4684,2112,31.250000,25000000.000
4685,2106,28.320312,25000000.000
4686,2099,24.902344,25000000.000
4687,2098,24.414062,25000000.000
4688,2080,15.625000,25000000.000
4689,2070,10.742188,25000000.000
4690,2058,4.882812,25000000.000
4691,2058,4.882812,25000000.000
4692,2036,-5.859375,25000000.000
4693,2025,-11.230469,25000000.000
4694,2015,-16.113281,25000000.000
4695,2014,-16.601562,25000000.000
4696,1997,-24.902344,25000000.000
4697,1992,-27.343750,25000000.000
4698,1986,-30.273438,25000000.000
4699,1986,-30.273438,25000000.000
4700,1979,-33.691406,25000000.000
4701,1977,-34.667969,25000000.000
4702,1977,-34.667969,25000000.000
4703,1976,-35.156250,25000000.000
4704,1978,-34.179688,25000000.000
4705,1981,-32.714844,25000000.000
4706,1985,-30.761719,25000000.000
4707,1984,-31.250000,25000000.000
4708,1998,-24.414062,25000000.000
4709,2008,-19.531250,25000000.000
4710,2019,-14.160156,25000000.000
4711,2020,-13.671875,25000000.000
4712,2045,-1.464844,25000000.000
4713,2058,4.882812,25000000.000
4714,2071,11.230469,25000000.000
4715,2073,12.207031,25000000.000
4716,2094,22.460938,25000000.000
4717,2103,26.855469,25000000.000
4718,2110,30.273438,25000000.000
4719,2112,31.250000,25000000.000
4720,2119,34.667969,25000000.000
4721,2121,35.644531,25000000.000
4722,2120,35.156250,25000000.000
4723,2121,35.644531,25000000.000
4724,2116,33.203125,25000000.000
4725,2112,31.250000,25000000.000
4726,2105,27.832031,25000000.000
4727,2105,27.832031,25000000.000
4728,2089,20.019531,25000000.000
4729,2081,16.113281,25000000.000
4730,2070,10.742188,25000000.000
4731,2070,10.742188,25000000.000
4732,2048,0.000000,25000000.000
4733,2036,-5.859375,25000000.000
4734,2026,-10.742188,25000000.000
4735,2024,-11.718750,25000000.000
4736,2004,-21.484375,25000000.000
4737,1997,-24.902344,25000000.000
4738,1989,-28.808594,25000000.000
4739,1988,-29.296875,25000000.000
4740,1979,-33.691406,25000000.000
4741,1977,-34.667969,25000000.000
4742,1973,-36.621094,25000000.000
4743,1975,-35.644531,25000000.000
4744,1976,-35.156250,25000000.000
4745,1979,-33.691406,25000000.000
4746,1984,-31.250000,25000000.000
4747,1983,-31.738281,25000000.000
4748,1994,-26.367188,25000000.000
4749,2002,-22.460938,25000000.000
4750,2011,-18.066406,25000000.000
4751,2012,-17.578125,25000000.000
4752,2033,-7.324219,25000000.000
4753,2044,-1.953125,25000000.000
4754,2057,4.394531,25000000.000
4755,2059,5.371094,25000000.000
4756,2080,15.625000,25000000.000
4757,2090,20.507812,25000000.000
4758,2101,25.878906,25000000.000
4759,2102,26.367188,25000000.000
4760,2114,32.226562,25000000.000
4761,2120,35.156250,25000000.000
4762,2122,36.132812,25000000.000
4763,2121,35.644531,25000000.000
4764,2121,35.644531,25000000.000
4765,2118,34.179688,25000000.000
4766,2112,31.250000,25000000.000
4767,2112,31.250000,25000000.000
4768,2097,23.925781,25000000.000
4769,2087,19.042969,25000000.000
4770,2076,13.671875,25000000.000
4771,2077,14.160156,25000000.000
4772,2054,2.929688,25000000.000
4773,2043,-2.441406,25000000.000
4774,2032,-7.812500,25000000.000
4775,2031,-8.300781,25000000.000
4776,2013,-17.089844,25000000.000
4777,2003,-21.972656,25000000.000
4778,1997,-24.902344,25000000.000
4779,1997,-24.902344,25000000.000
4780,1988,-29.296875,25000000.000
4781,1982,-32.226562,25000000.000
4782,1980,-33.203125,25000000.000
4783,1980,-33.203125,25000000.000
4784,1977,-34.667969,25000000.000
4785,1979,-33.691406,25000000.000
4786,1982,-32.226562,25000000.000
4787,1981,-32.714844,25000000.000
4788,1988,-29.296875,25000000.000
4789,1995,-25.878906,25000000.000
4790,2003,-21.972656,25000000.000
4791,2004,-21.484375,25000000.000
4792,2023,-12.207031,25000000.000
4793,2036,-5.859375,25000000.000
4794,2049,0.488281,25000000.000
4795,2050,0.976562,25000000.000
4796,2074,12.695312,25000000.000
4797,2086,18.554688,25000000.000
4798,2096,23.437500,25000000.000
4799,2097,23.925781,25000000.000
4800,2111,30.761719,25000000.000
4801,2117,33.691406,25000000.000
4802,2120,35.156250,25000000.000
4803,2119,34.667969,25000000.000
4804,2120,35.156250,25000000.000
4805,2119,34.667969,25000000.000
4806,2115,32.714844,25000000.000
4807,2114,32.226562,25000000.000
4808,2103,26.855469,25000000.000
4809,2095,22.949219,25000000.000
4810,2086,18.554688,25000000.000
4811,2086,18.554688,25000000.000
4812,2067,9.277344,25000000.000
4813,2055,3.417969,25000000.000
4814,2044,-1.953125,25000000.000
4815,2042,-2.929688,25000000.000
4816,2021,-13.183594,25000000.000
4817,2011,-18.066406,25000000.000
4818,2002,-22.460938,25000000.000
4819,2002,-22.460938,25000000.000
4820,1987,-29.785156,25000000.000
4821,1983,-31.738281,25000000.000
4822,1979,-33.691406,25000000.000
4823,1979,-33.691406,25000000.000
4824,1977,-34.667969,25000000.000
4825,1976,-35.156250,25000000.000
4826,1979,-33.691406,25000000.000
4827,1979,-33.691406,25000000.000
4828,1986,-30.273438,25000000.000
4829,1992,-27.343750,25000000.000
4830,1999,-23.925781,25000000.000
4831,2000,-23.437500,25000000.000
4832,2016,-15.625000,25000000.000
4833,2027,-10.253906,25000000.000
4834,2040,-3.906250,25000000.000
4835,2041,-3.417969,25000000.000
4836,2064,7.812500,25000000.000
4837,2076,13.671875,25000000.000
4838,2086,18.554688,25000000.000
4839,2086,18.554688,25000000.000
4840,2104,27.343750,25000000.000
4841,2109,29.785156,25000000.000
4842,2115,32.714844,25000000.000
4843,2114,32.226562,25000000.000
4844,2119,34.667969,25000000.000
4845,2117,33.691406,25000000.000
4846,2115,32.714844,25000000.000
4847,2115,32.714844,25000000.000
4848,2108,29.296875,25000000.000
4849,2101,25.878906,25000000.000
4850,2093,21.972656,25000000.000
4851,2092,21.484375,25000000.000
4852,2074,12.695312,25000000.000
4853,2063,7.324219,25000000.000
4854,2052,1.953125,25000000.000
4855,2052,1.953125,25000000.000
4856,2028,-9.765625,25000000.000
4857,2017,-15.136719,25000000.000
4858,2007,-20.019531,25000000.000
4859,2007,-20.019531,25000000.000
4860,1993,-26.855469,25000000.000
4861,1987,-29.785156,25000000.000
4862,1982,-32.226562,25000000.000
4863,1982,-32.226562,25000000.000
4864,1977,-34.667969,25000000.000
4865,1976,-35.156250,25000000.000
4866,1978,-34.179688,25000000.000
4867,1977,-34.667969,25000000.000
4868,1980,-33.203125,25000000.000
4869,1984,-31.250000,25000000.000
4870,1989,-28.808594,25000000.000
4871,1988,-29.296875,25000000.000
4872,2005,-20.996094,25000000.000
4873,2014,-16.601562,25000000.000
4874,2026,-10.742188,25000000.000
4875,2027,-10.253906,25000000.000
4876,2052,1.953125,25000000.000
4877,2066,8.789062,25000000.000
4878,2078,14.648438,25000000.000
4879,2079,15.136719,25000000.000
4880,2099,24.902344,25000000.000
4881,2108,29.296875,25000000.000
4882,2113,31.738281,25000000.000
4883,2113,31.738281,25000000.000
4884,2119,34.667969,25000000.000
4885,2119,34.667969,25000000.000
4886,2119,34.667969,25000000.000
4887,2119,34.667969,25000000.000
4888,2111,30.761719,25000000.000
4889,2107,28.808594,25000000.000
4890,2099,24.902344,25000000.000
4891,2099,24.902344,25000000.000
4892,2087,19.042969,25000000.000
4893,2074,12.695312,25000000.000
4894,2063,7.324219,25000000.000
4895,2063,7.324219,25000000.000
4896,2041,-3.417969,25000000.000
4897,2028,-9.765625,25000000.000
4898,2017,-15.136719,25000000.000
4899,2017,-15.136719,25000000.000
4900,1997,-24.902344,25000000.000
4901,1990,-28.320312,25000000.000
4902,1983,-31.738281,25000000.000
4903,1983,-31.738281,25000000.000
4904,1974,-36.132812,25000000.000
4905,1973,-36.621094,25000000.000
4906,1974,-36.132812,25000000.000
4907,1973,-36.621094,25000000.000
4908,1976,-35.156250,25000000.000
4909,1982,-32.226562,25000000.000
4910,1986,-30.273438,25000000.000
4911,1987,-29.785156,25000000.000
4912,2001,-22.949219,25000000.000
4913,2009,-19.042969,25000000.000
4914,2018,-14.648438,25000000.000
4915,2020,-13.671875,25000000.000
4916,2042,-2.929688,25000000.000
4917,2054,2.929688,25000000.000
4918,2065,8.300781,25000000.000
4919,2067,9.277344,25000000.000
4920,2089,20.019531,25000000.000
4921,2099,24.902344,25000000.000
4922,2108,29.296875,25000000.000
4923,2108,29.296875,25000000.000
4924,2118,34.179688,25000000.000
4925,2121,35.644531,25000000.000
4926,2122,36.132812,25000000.000
4927,2123,36.621094,25000000.000
4928,2118,34.179688,25000000.000
4929,2113,31.738281,25000000.000
4930,2106,28.320312,25000000.000
4931,2107,28.808594,25000000.000
4932,2091,20.996094,25000000.000
4933,2083,17.089844,25000000.000
4934,2072,11.718750,25000000.000
4935,2070,10.742188,25000000.000
4936,2050,0.976562,25000000.000
4937,2038,-4.882812,25000000.000
4938,2028,-9.765625,25000000.000
4939,2028,-9.765625,25000000.000
4940,2009,-19.042969,25000000.000
4941,1999,-23.925781,25000000.000
4942,1992,-27.343750,25000000.000
4943,1991,-27.832031,25000000.000
4944,1982,-32.226562,25000000.000
4945,1979,-33.691406,25000000.000
4946,1978,-34.179688,25000000.000
4947,1978,-34.179688,25000000.000
4948,1978,-34.179688,25000000.000
4949,1980,-33.203125,25000000.000
4950,1983,-31.738281,25000000.000
4951,1984,-31.250000,25000000.000
4952,1992,-27.343750,25000000.000
4953,1999,-23.925781,25000000.000
4954,2008,-19.531250,25000000.000
4955,2009,-19.042969,25000000.000
4956,2030,-8.789062,25000000.000
4957,2042,-2.929688,25000000.000
4958,2055,3.417969,25000000.000
4959,2056,3.906250,25000000.000
4960,2081,16.113281,25000000.000
4961,2091,20.996094,25000000.000
4962,2101,25.878906,25000000.000
4963,2102,26.367188,25000000.000
4964,2116,33.203125,25000000.000
4965,2120,35.156250,25000000.000
4966,2121,35.644531,25000000.000
4967,2122,36.132812,25000000.000
4968,2120,35.156250,25000000.000
4969,2117,33.691406,25000000.000
4970,2111,30.761719,25000000.000
4971,2112,31.250000,25000000.000
4972,2098,24.414062,25000000.000
4973,2088,19.531250,25000000.000
4974,2080,15.625000,25000000.000
4975,2079,15.136719,25000000.000
4976,2060,5.859375,25000000.000
4977,2049,0.488281,25000000.000
4978,2037,-5.371094,25000000.000
4979,2037,-5.371094,25000000.000
4980,2015,-16.113281,25000000.000
4981,2006,-20.507812,25000000.000
4982,1997,-24.902344,25000000.000
4983,1997,-24.902344,25000000.000
4984,1983,-31.738281,25000000.000
4985,1979,-33.691406,25000000.000
4986,1975,-35.644531,25000000.000
4987,1975,-35.644531,25000000.000
4988,1976,-35.156250,25000000.000
4989,1977,-34.667969,25000000.000
4990,1980,-33.203125,25000000.000
4991,1982,-32.226562,25000000.000
4992,1990,-28.320312,25000000.000
4993,1997,-24.902344,25000000.000
4994,2003,-21.972656,25000000.000
4995,2004,-21.484375,25000000.000
4996,2022,-12.695312,25000000.000
4997,2032,-7.812500,25000000.000
4998,2044,-1.953125,25000000.000
4999,2045,-1.464844,25000000.000
5000,2068,9.765625,25000000.000
5001,2080,15.625000,25000000.000
5002,2091,20.996094,25000000.000
5003,2092,21.484375,25000000.000
5004,2108,29.296875,25000000.000
5005,2114,32.226562,25000000.000
5006,2119,34.667969,25000000.000
5007,2119,34.667969,25000000.000
5008,2121,35.644531,25000000.000
5009,2119,34.667969,25000000.000
5010,2117,33.691406,25000000.000
5011,2116,33.203125,25000000.000
5012,2105,27.832031,25000000.000
5013,2097,23.925781,25000000.000
5014,2089,20.019531,25000000.000
5015,2087,19.042969,25000000.000
5016,2068,9.765625,25000000.000
5017,2058,4.882812,25000000.000
5018,2047,-0.488281,25000000.000
5019,2046,-0.976562,25000000.000
5020,2025,-11.230469,25000000.000
5021,2016,-15.625000,25000000.000
5022,2005,-20.996094,25000000.000
5023,2005,-20.996094,25000000.000
5024,1991,-27.832031,25000000.000
5025,1986,-30.273438,25000000.000
5026,1981,-32.714844,25000000.000
5027,1981,-32.714844,25000000.000
5028,1978,-34.179688,25000000.000
5029,1976,-35.156250,25000000.000
5030,1978,-34.179688,25000000.000
5031,1978,-34.179688,25000000.000
5032,1983,-31.738281,25000000.000
5033,1989,-28.808594,25000000.000
5034,1995,-25.878906,25000000.000
5035,1994,-26.367188,25000000.000
5036,2012,-17.578125,25000000.000
5037,2021,-13.183594,25000000.000
5038,2034,-6.835938,25000000.000
5039,2033,-7.324219,25000000.000
5040,2057,4.394531,25000000.000
5041,2071,11.230469,25000000.000
5042,2083,17.089844,25000000.000
5043,2085,18.066406,25000000.000
5044,2103,26.855469,25000000.000
5045,2111,30.761719,25000000.000
5046,2115,32.714844,25000000.000
5047,2116,33.203125,25000000.000
5048,2120,35.156250,25000000.000
5049,2120,35.156250,25000000.000
5050,2118,34.179688,25000000.000
5051,2118,34.179688,25000000.000
5052,2109,29.785156,25000000.000
5053,2103,26.855469,25000000.000
5054,2095,22.949219,25000000.000
5055,2094,22.460938,25000000.000
5056,2076,13.671875,25000000.000
5057,2066,8.789062,25000000.000
5058,2055,3.417969,25000000.000
5059,2055,3.417969,25000000.000
5060,2034,-6.835938,25000000.000
5061,2023,-12.207031,25000000.000
5062,2013,-17.089844,25000000.000
5063,2012,-17.578125,25000000.000
5064,1995,-25.878906,25000000.000
5065,1987,-29.785156,25000000.000
5066,1982,-32.226562,25000000.000
5067,1981,-32.714844,25000000.000
5068,1974,-36.132812,25000000.000
5069,1976,-35.156250,25000000.000
5070,1975,-35.644531,25000000.000
5071,1976,-35.156250,25000000.000
5072,1981,-32.714844,25000000.000
5073,1986,-30.273438,25000000.000
5074,1992,-27.343750,25000000.000
5075,1993,-26.855469,25000000.000
5076,2007,-20.019531,25000000.000
5077,2016,-15.625000,25000000.000
5078,2026,-10.742188,25000000.000
5079,2028,-9.765625,25000000.000
5080,2050,0.976562,25000000.000
5081,2061,6.347656,25000000.000
5082,2074,12.695312,25000000.000
5083,2074,12.695312,25000000.000
5084,2094,22.460938,25000000.000
5085,2103,26.855469,25000000.000
5086,2110,30.273438,25000000.000
5087,2111,30.761719,25000000.000
5088,2119,34.667969,25000000.000
5089,2119,34.667969,25000000.000
5090,2119,34.667969,25000000.000
5091,2119,34.667969,25000000.000
5092,2113,31.738281,25000000.000
5093,2108,29.296875,25000000.000
5094,2101,25.878906,25000000.000
5095,2101,25.878906,25000000.000
5096,2086,18.554688,25000000.000
5097,2075,13.183594,25000000.000
5098,2064,7.812500,25000000.000
5099,2063,7.324219,25000000.000
5100,2042,-2.929688,25000000.000
5101,2030,-8.789062,25000000.000
5102,2019,-14.160156,25000000.000
5103,2019,-14.160156,25000000.000
5104,2003,-21.972656,25000000.000
5105,1994,-26.367188,25000000.000
5106,1986,-30.273438,25000000.000
5107,1986,-30.273438,25000000.000
5108,1978,-34.179688,25000000.000
5109,1976,-35.156250,25000000.000
5110,1974,-36.132812,25000000.000
5111,1974,-36.132812,25000000.000
5112,1976,-35.156250,25000000.000
5113,1979,-33.691406,25000000.000
5114,1983,-31.738281,25000000.000
5115,1985,-30.761719,25000000.000
5116,1995,-25.878906,25000000.000
5117,2004,-21.484375,25000000.000
5118,2014,-16.601562,25000000.000
5119,2015,-16.113281,25000000.000
5120,2038,-4.882812,25000000.000
5121,2050,0.976562,25000000.000
5122,2064,7.812500,25000000.000
5123,2065,8.300781,25000000.000
5124,2088,19.531250,25000000.000
5125,2098,24.414062,25000000.000
5126,2107,28.808594,25000000.000
5127,2108,29.296875,25000000.000
5128,2119,34.667969,25000000.000
5129,2122,36.132812,25000000.000
5130,2122,36.132812,25000000.000
5131,2122,36.132812,25000000.000
5132,2118,34.179688,25000000.000
5133,2114,32.226562,25000000.000
5134,2109,29.785156,25000000.000
5135,2108,29.296875,25000000.000
5136,2094,22.460938,25000000.000
5137,2084,17.578125,25000000.000
5138,2074,12.695312,25000000.000
5139,2074,12.695312,25000000.000
5140,2053,2.441406,25000000.000
5141,2042,-2.929688,25000000.000
5142,2031,-8.300781,25000000.000
5143,2032,-7.812500,25000000.000
5144,2011,-18.066406,25000000.000
5145,2002,-22.460938,25000000.000
5146,1994,-26.367188,25000000.000
5147,1993,-26.855469,25000000.000
5148,1982,-32.226562,25000000.000
5149,1978,-34.179688,25000000.000
5150,1975,-35.644531,25000000.000
5151,1975,-35.644531,25000000.000
5152,1976,-35.156250,25000000.000
5153,1978,-34.179688,25000000.000
5154,1982,-32.226562,25000000.000
5155,1982,-32.226562,25000000.000
5156,1992,-27.343750,25000000.000
5157,2000,-23.437500,25000000.000
5158,2009,-19.042969,25000000.000
5159,2009,-19.042969,25000000.000
5160,2027,-10.253906,25000000.000
5161,2038,-4.882812,25000000.000
5162,2052,1.953125,25000000.000
5163,2053,2.441406,25000000.000
5164,2075,13.183594,25000000.000
5165,2087,19.042969,25000000.000
5166,2096,23.437500,25000000.000
5167,2096,23.437500,25000000.000
5168,2113,31.738281,25000000.000
5169,2118,34.179688,25000000.000
5170,2122,36.132812,25000000.000
5171,2122,36.132812,25000000.000
5172,2123,36.621094,25000000.000
5173,2120,35.156250,25000000.000
5174,2116,33.203125,25000000.000
5175,2114,32.226562,25000000.000
5176,2100,25.390625,25000000.000
5177,2092,21.484375,25000000.000
5178,2083,17.089844,25000000.000
5179,2082,16.601562,25000000.000
5180,2061,6.347656,25000000.000
5181,2050,0.976562,25000000.000
5182,2039,-4.394531,25000000.000
5183,2037,-5.371094,25000000.000
5184,2019,-14.160156,25000000.000
5185,2009,-19.042969,25000000.000
5186,2002,-22.460938,25000000.000
5187,2000,-23.437500,25000000.000
5188,1988,-29.296875,25000000.000
5189,1982,-32.226562,25000000.000
5190,1978,-34.179688,25000000.000
5191,1978,-34.179688,25000000.000
5192,1974,-36.132812,25000000.000
5193,1975,-35.644531,25000000.000
5194,1976,-35.156250,25000000.000
5195,1976,-35.156250,25000000.000
5196,1986,-30.273438,25000000.000
5197,1990,-28.320312,25000000.000
5198,1998,-24.414062,25000000.000
5199,2000,-23.437500,25000000.000
5200,2019,-14.160156,25000000.000
5201,2029,-9.277344,25000000.000
5202,2042,-2.929688,25000000.000
5203,2043,-2.441406,25000000.000
5204,2066,8.789062,25000000.000
5205,2078,14.648438,25000000.000
5206,2088,19.531250,25000000.000
5207,2090,20.507812,25000000.000
5208,2107,28.808594,25000000.000
5209,2115,32.714844,25000000.000
5210,2120,35.156250,25000000.000
5211,2120,35.156250,25000000.000
5212,2124,37.109375,25000000.000
5213,2123,36.621094,25000000.000
5214,2121,35.644531,25000000.000
5215,2120,35.156250,25000000.000
5216,2108,29.296875,25000000.000
5217,2101,25.878906,25000000.000
5218,2092,21.484375,25000000.000
5219,2091,20.996094,25000000.000
5220,2072,11.718750,25000000.000
5221,2060,5.859375,25000000.000
5222,2050,0.976562,25000000.000
5223,2048,0.000000,25000000.000
5224,2027,-10.253906,25000000.000
5225,2017,-15.136719,25000000.000
5226,2008,-19.531250,25000000.000
5227,2006,-20.507812,25000000.000
5228,1990,-28.320312,25000000.000
5229,1984,-31.250000,25000000.000
5230,1979,-33.691406,25000000.000
5231,1978,-34.179688,25000000.000
5232,1972,-37.109375,25000000.000
5233,1971,-37.597656,25000000.000
5234,1973,-36.621094,25000000.000
5235,1973,-36.621094,25000000.000
5236,1981,-32.714844,25000000.000
5237,1986,-30.273438,25000000.000
5238,1995,-25.878906,25000000.000
5239,1993,-26.855469,25000000.000
5240,2010,-18.554688,25000000.000
5241,2020,-13.671875,25000000.000
5242,2033,-7.324219,25000000.000
5243,2034,-6.835938,25000000.000
5244,2056,3.906250,25000000.000
5245,2066,8.789062,25000000.000
5246,2078,14.648438,25000000.000
5247,2080,15.625000,25000000.000
5248,2098,24.414062,25000000.000
5249,2105,27.832031,25000000.000
5250,2112,31.250000,25000000.000
5251,2113,31.738281,25000000.000
5252,2121,35.644531,25000000.000
5253,2122,36.132812,25000000.000
5254,2122,36.132812,25000000.000
5255,2122,36.132812,25000000.000
5256,2115,32.714844,25000000.000
5257,2108,29.296875,25000000.000
5258,2100,25.390625,25000000.000
5259,2099,24.902344,25000000.000
5260,2081,16.113281,25000000.000
5261,2069,10.253906,25000000.000
5262,2057,4.394531,25000000.000
5263,2057,4.394531,25000000.000
5264,2035,-6.347656,25000000.000
5265,2026,-10.742188,25000000.000
5266,2016,-15.625000,25000000.000
5267,2015,-16.113281,25000000.000
5268,1999,-23.925781,25000000.000
5269,1993,-26.855469,25000000.000
5270,1986,-30.273438,25000000.000
5271,1986,-30.273438,25000000.000
5272,1977,-34.667969,25000000.000
5273,1975,-35.644531,25000000.000
5274,1975,-35.644531,25000000.000
5275,1974,-36.132812,25000000.000
5276,1978,-34.179688,25000000.000
5277,1979,-33.691406,25000000.000
5278,1985,-30.761719,25000000.000
5279,1986,-30.273438,25000000.000
5280,2000,-23.437500,25000000.000
5281,2009,-19.042969,25000000.000
5282,2020,-13.671875,25000000.000
5283,2022,-12.695312,25000000.000
5284,2046,-0.976562,25000000.000
5285,2058,4.882812,25000000.000
5286,2070,10.742188,25000000.000
5287,2071,11.230469,25000000.000
5288,2091,20.996094,25000000.000
5289,2101,25.878906,25000000.000
5290,2109,29.785156,25000000.000
5291,2109,29.785156,25000000.000
5292,2118,34.179688,25000000.000
5293,2120,35.156250,25000000.000
5294,2121,35.644531,25000000.000
5295,2120,35.156250,25000000.000
5296,2116,33.203125,25000000.000
5297,2112,31.250000,25000000.000
5298,2104,27.343750,25000000.000
5299,2104,27.343750,25000000.000
5300,2088,19.531250,25000000.000
5301,2078,14.648438,25000000.000
5302,2067,9.277344,25000000.000
5303,2066,8.789062,25000000.000
5304,2045,-1.464844,25000000.000
5305,2034,-6.835938,25000000.000
5306,2024,-11.718750,25000000.000
5307,2023,-12.207031,25000000.000
5308,2004,-21.484375,25000000.000
5309,1996,-25.390625,25000000.000
5310,1988,-29.296875,25000000.000
5311,1987,-29.785156,25000000.000
5312,1978,-34.179688,25000000.000
5313,1975,-35.644531,25000000.000
5314,1974,-36.132812,25000000.000
5315,1973,-36.621094,25000000.000
5316,1976,-35.156250,25000000.000
5317,1978,-34.179688,25000000.000
5318,1983,-31.738281,25000000.000
5319,1983,-31.738281,25000000.000
5320,1997,-24.902344,25000000.000
5321,2005,-20.996094,25000000.000
5322,2015,-16.113281,25000000.000
5323,2016,-15.625000,25000000.000
5324,2037,-5.371094,25000000.000
5325,2049,0.488281,25000000.000
5326,2060,5.859375,25000000.000
5327,2061,6.347656,25000000.000
5328,2084,17.578125,25000000.000
5329,2092,21.484375,25000000.000
5330,2101,25.878906,25000000.000
5331,2103,26.855469,25000000.000
5332,2115,32.714844,25000000.000
5333,2121,35.644531,25000000.000
5334,2123,36.621094,25000000.000
5335,2123,36.621094,25000000.000
5336,2122,36.132812,25000000.000
5337,2119,34.667969,25000000.000
5338,2114,32.226562,25000000.000
5339,2113,31.738281,25000000.000
5340,2097,23.925781,25000000.000
5341,2088,19.531250,25000000.000
5342,2078,14.648438,25000000.000
5343,2077,14.160156,25000000.000
5344,2056,3.906250,25000000.000
5345,2043,-2.441406,25000000.000
5346,2033,-7.324219,25000000.000
5347,2033,-7.324219,25000000.000
5348,2015,-16.113281,25000000.000
5349,2006,-20.507812,25000000.000
5350,1998,-24.414062,25000000.000
5351,1997,-24.902344,25000000.000
5352,1986,-30.273438,25000000.000
5353,1980,-33.203125,25000000.000
5354,1978,-34.179688,25000000.000
5355,1978,-34.179688,25000000.000
5356,1975,-35.644531,25000000.000
5357,1976,-35.156250,25000000.000
5358,1978,-34.179688,25000000.000
5359,1979,-33.691406,25000000.000
5360,1986,-30.273438,25000000.000
5361,1993,-26.855469,25000000.000
5362,2002,-22.460938,25000000.000
5363,2004,-21.484375,25000000.000
5364,2023,-12.207031,25000000.000
5365,2035,-6.347656,25000000.000
5366,2048,0.000000,25000000.000
5367,2048,0.000000,25000000.000
5368,2072,11.718750,25000000.000
5369,2084,17.578125,25000000.000
5370,2095,22.949219,25000000.000
5371,2095,22.949219,25000000.000
5372,2111,30.761719,25000000.000
5373,2119,34.667969,25000000.000
5374,2122,36.132812,25000000.000
5375,2122,36.132812,25000000.000
5376,2124,37.109375,25000000.000
5377,2122,36.132812,25000000.000
5378,2117,33.691406,25000000.000
5379,2117,33.691406,25000000.000
5380,2102,26.367188,25000000.000
5381,2095,22.949219,25000000.000
5382,2086,18.554688,25000000.000
5383,2083,17.089844,25000000.000
5384,2065,8.300781,25000000.000
5385,2054,2.929688,25000000.000
5386,2044,-1.953125,25000000.000
5387,2042,-2.929688,25000000.000
5388,2023,-12.207031,25000000.000
5389,2014,-16.601562,25000000.000
5390,2005,-20.996094,25000000.000
5391,2004,-21.484375,25000000.000
5392,1989,-28.808594,25000000.000
5393,1984,-31.250000,25000000.000
5394,1980,-33.203125,25000000.000
5395,1979,-33.691406,25000000.000
5396,1974,-36.132812,25000000.000
5397,1973,-36.621094,25000000.000
5398,1976,-35.156250,25000000.000
5399,1976,-35.156250,25000000.000
5400,1985,-30.761719,25000000.000
5401,1991,-27.832031,25000000.000
5402,1998,-24.414062,25000000.000
5403,1999,-23.925781,25000000.000
5404,2016,-15.625000,25000000.000
5405,2027,-10.253906,25000000.000
5406,2038,-4.882812,25000000.000
5407,2039,-4.394531,25000000.000
5408,2061,6.347656,25000000.000
5409,2073,12.207031,25000000.000
5410,2083,17.089844,25000000.000
5411,2085,18.066406,25000000.000
5412,2102,26.367188,25000000.000
5413,2109,29.785156,25000000.000
5414,2115,32.714844,25000000.000
5415,2116,33.203125,25000000.000
5416,2122,36.132812,25000000.000
5417,2122,36.132812,25000000.000
5418,2120,35.156250,25000000.000
5419,2120,35.156250,25000000.000
5420,2108,29.296875,25000000.000
5421,2102,26.367188,25000000.000
5422,2094,22.460938,25000000.000
5423,2092,21.484375,25000000.000
5424,2073,12.207031,25000000.000
5425,2062,6.835938,25000000.000
5426,2051,1.464844,25000000.000
5427,2049,0.488281,25000000.000
5428,2028,-9.765625,25000000.000
5429,2020,-13.671875,25000000.000
5430,2010,-18.554688,25000000.000
5431,2010,-18.554688,25000000.000
5432,1997,-24.902344,25000000.000
5433,1990,-28.320312,25000000.000
5434,1985,-30.761719,25000000.000
5435,1985,-30.761719,25000000.000
5436,1977,-34.667969,25000000.000
5437,1977,-34.667969,25000000.000
5438,1976,-35.156250,25000000.000
5439,1977,-34.667969,25000000.000
5440,1981,-32.714844,25000000.000
5441,1984,-31.250000,25000000.000
5442,1990,-28.320312,25000000.000
5443,1991,-27.832031,25000000.000
5444,2005,-20.996094,25000000.000
5445,2015,-16.113281,25000000.000
5446,2026,-10.742188,25000000.000
5447,2029,-9.277344,25000000.000
5448,2053,2.441406,25000000.000
5449,2064,7.812500,25000000.000
5450,2076,13.671875,25000000.000
5451,2080,15.625000,25000000.000
5452,2099,24.902344,25000000.000
5453,2105,27.832031,25000000.000
5454,2113,31.738281,25000000.000
5455,2113,31.738281,25000000.000
5456,2119,34.667969,25000000.000
5457,2118,34.179688,25000000.000
5458,2117,33.691406,25000000.000
5459,2118,34.179688,25000000.000
5460,2111,30.761719,25000000.000
5461,2105,27.832031,25000000.000
5462,2099,24.902344,25000000.000
5463,2098,24.414062,25000000.000
5464,2082,16.601562,25000000.000
5465,2070,10.742188,25000000.000
5466,2060,5.859375,25000000.000
5467,2060,5.859375,25000000.000
5468,2038,-4.882812,25000000.000
5469,2029,-9.277344,25000000.000
5470,2017,-15.136719,25000000.000
5471,2016,-15.625000,25000000.000
5472,1999,-23.925781,25000000.000
5473,1991,-27.832031,25000000.000
5474,1986,-30.273438,25000000.000
5475,1986,-30.273438,25000000.000
5476,1977,-34.667969,25000000.000
5477,1975,-35.644531,25000000.000
5478,1976,-35.156250,25000000.000
5479,1976,-35.156250,25000000.000
5480,1979,-33.691406,25000000.000
5481,1984,-31.250000,25000000.000
5482,1988,-29.296875,25000000.000
5483,1989,-28.808594,25000000.000
5484,2003,-21.972656,25000000.000
5485,2010,-18.554688,25000000.000
5486,2020,-13.671875,25000000.000
5487,2021,-13.183594,25000000.000
5488,2042,-2.929688,25000000.000
5489,2055,3.417969,25000000.000
5490,2066,8.789062,25000000.000
5491,2067,9.277344,25000000.000
5492,2087,19.042969,25000000.000
5493,2098,24.414062,25000000.000
5494,2107,28.808594,25000000.000
5495,2107,28.808594,25000000.000
5496,2118,34.179688,25000000.000
5497,2119,34.667969,25000000.000
5498,2120,35.156250,25000000.000
5499,2121,35.644531,25000000.000
5500,2117,33.691406,25000000.000
5501,2112,31.250000,25000000.000
5502,2106,28.320312,25000000.000
5503,2106,28.320312,25000000.000
5504,2090,20.507812,25000000.000
5505,2081,16.113281,25000000.000
5506,2069,10.253906,25000000.000
5507,2069,10.253906,25000000.000
5508,2046,-0.976562,25000000.000
5509,2035,-6.347656,25000000.000
5510,2025,-11.230469,25000000.000
5511,2025,-11.230469,25000000.000
5512,2007,-20.019531,25000000.000
5513,1999,-23.925781,25000000.000
5514,1993,-26.855469,25000000.000
5515,1992,-27.343750,25000000.000
5516,1984,-31.250000,25000000.000
5517,1980,-33.203125,25000000.000
5518,1978,-34.179688,25000000.000
5519,1978,-34.179688,25000000.000
5520,1977,-34.667969,25000000.000
5521,1979,-33.691406,25000000.000
5522,1982,-32.226562,25000000.000
5523,1983,-31.738281,25000000.000
5524,1994,-26.367188,25000000.000
5525,2001,-22.949219,25000000.000
5526,2010,-18.554688,25000000.000
5527,2010,-18.554688,25000000.000
5528,2031,-8.300781,25000000.000
5529,2045,-1.464844,25000000.000
5530,2056,3.906250,25000000.000
5531,2059,5.371094,25000000.000
5532,2082,16.601562,25000000.000
5533,2093,21.972656,25000000.000
5534,2102,26.367188,25000000.000
5535,2104,27.343750,25000000.000
5536,2116,33.203125,25000000.000
5537,2120,35.156250,25000000.000
5538,2120,35.156250,25000000.000
5539,2121,35.644531,25000000.000
5540,2119,34.667969,25000000.000
5541,2115,32.714844,25000000.000
5542,2112,31.250000,25000000.000
5543,2110,30.273438,25000000.000
5544,2098,24.414062,25000000.000
5545,2089,20.019531,25000000.000
5546,2081,16.113281,25000000.000
5547,2079,15.136719,25000000.000
5548,2058,4.882812,25000000.000
5549,2048,0.000000,25000000.000
5550,2036,-5.859375,25000000.000
5551,2034,-6.835938,25000000.000
5552,2015,-16.113281,25000000.000
5553,2005,-20.996094,25000000.000
5554,1997,-24.902344,25000000.000
5555,1995,-25.878906,25000000.000
5556,1985,-30.761719,25000000.000
5557,1980,-33.203125,25000000.000
5558,1976,-35.156250,25000000.000
5559,1977,-34.667969,25000000.000
5560,1976,-35.156250,25000000.000
5561,1979,-33.691406,25000000.000
5562,1981,-32.714844,25000000.000
5563,1981,-32.714844,25000000.000
5564,1992,-27.343750,25000000.000
5565,1997,-24.902344,25000000.000
5566,2005,-20.996094,25000000.000
5567,2006,-20.507812,25000000.000
5568,2023,-12.207031,25000000.000
5569,2036,-5.859375,25000000.000
5570,2046,-0.976562,25000000.000
5571,2047,-0.488281,25000000.000
5572,2071,11.230469,25000000.000
5573,2083,17.089844,25000000.000
5574,2093,21.972656,25000000.000
5575,2094,22.460938,25000000.000
5576,2109,29.785156,25000000.000
5577,2114,32.226562,25000000.000
5578,2118,34.179688,25000000.000
5579,2118,34.179688,25000000.000
5580,2121,35.644531,25000000.000
5581,2119,34.667969,25000000.000
5582,2116,33.203125,25000000.000
5583,2116,33.203125,25000000.000
5584,2104,27.343750,25000000.000
5585,2097,23.925781,25000000.000
5586,2090,20.507812,25000000.000
5587,2086,18.554688,25000000.000
5588,2064,7.812500,25000000.000
5589,2055,3.417969,25000000.000
5590,2044,-1.953125,25000000.000
5591,2043,-2.441406,25000000.000
5592,2023,-12.207031,25000000.000
5593,2012,-17.578125,25000000.000
5594,2004,-21.484375,25000000.000
5595,2003,-21.972656,25000000.000
5596,1991,-27.832031,25000000.000
5597,1985,-30.761719,25000000.000
5598,1980,-33.203125,25000000.000
5599,1980,-33.203125,25000000.000
5600,1977,-34.667969,25000000.000
5601,1977,-34.667969,25000000.000
5602,1979,-33.691406,25000000.000
5603,1978,-34.179688,25000000.000
5604,1984,-31.250000,25000000.000
5605,1989,-28.808594,25000000.000
5606,1994,-26.367188,25000000.000
5607,1996,-25.390625,25000000.000
5608,2011,-18.066406,25000000.000
5609,2021,-13.183594,25000000.000
5610,2034,-6.835938,25000000.000
5611,2036,-5.859375,25000000.000
5612,2061,6.347656,25000000.000
5613,2073,12.207031,25000000.000
5614,2085,18.066406,25000000.000
5615,2086,18.554688,25000000.000
5616,2103,26.855469,25000000.000
5617,2111,30.761719,25000000.000
5618,2115,32.714844,25000000.000
5619,2115,32.714844,25000000.000
5620,2118,34.179688,25000000.000
5621,2117,33.691406,25000000.000
5622,2115,32.714844,25000000.000
5623,2115,32.714844,25000000.000
5624,2107,28.808594,25000000.000
5625,2100,25.390625,25000000.000
5626,2094,22.460938,25000000.000
5627,2092,21.484375,25000000.000
5628,2075,13.183594,25000000.000
5629,2065,8.300781,25000000.000
5630,2054,2.929688,25000000.000
5631,2052,1.953125,25000000.000
5632,2031,-8.300781,25000000.000
5633,2020,-13.671875,25000000.000
5634,2010,-18.554688,25000000.000
5635,2008,-19.531250,25000000.000
5636,1991,-27.832031,25000000.000
5637,1984,-31.250000,25000000.000
5638,1980,-33.203125,25000000.000
5639,1979,-33.691406,25000000.000
5640,1973,-36.621094,25000000.000
5641,1973,-36.621094,25000000.000
5642,1975,-35.644531,25000000.000
5643,1976,-35.156250,25000000.000
5644,1981,-32.714844,25000000.000
5645,1987,-29.785156,25000000.000
5646,1993,-26.855469,25000000.000
5647,1994,-26.367188,25000000.000
5648,2009,-19.042969,25000000.000
5649,2018,-14.648438,25000000.000
5650,2029,-9.277344,25000000.000
5651,2029,-9.277344,25000000.000
5652,2049,0.488281,25000000.000
5653,2064,7.812500,25000000.000
5654,2078,14.648438,25000000.000
5655,2081,16.113281,25000000.000
5656,2098,24.414062,25000000.000
5657,2105,27.832031,25000000.000
5658,2113,31.738281,25000000.000
5659,2113,31.738281,25000000.000
5660,2119,34.667969,25000000.000
5661,2120,35.156250,25000000.000
5662,2119,34.667969,25000000.000
5663,2119,34.667969,25000000.000
5664,2111,30.761719,25000000.000
5665,2107,28.808594,25000000.000
5666,2101,25.878906,25000000.000
5667,2100,25.390625,25000000.000
5668,2083,17.089844,25000000.000
5669,2074,12.695312,25000000.000
5670,2063,7.324219,25000000.000
5671,2061,6.347656,25000000.000
5672,2040,-3.906250,25000000.000
5673,2028,-9.765625,25000000.000
5674,2017,-15.136719,25000000.000
5675,2017,-15.136719,25000000.000
5676,1999,-23.925781,25000000.000
5677,1991,-27.832031,25000000.000
5678,1985,-30.761719,25000000.000
5679,1985,-30.761719,25000000.000
5680,1978,-34.179688,25000000.000
5681,1975,-35.644531,25000000.000
5682,1974,-36.132812,25000000.000
5683,1974,-36.132812,25000000.000
5684,1977,-34.667969,25000000.000
5685,1980,-33.203125,25000000.000
5686,1985,-30.761719,25000000.000
5687,1985,-30.761719,25000000.000
5688,1999,-23.925781,25000000.000
5689,2008,-19.531250,25000000.000
5690,2017,-15.136719,25000000.000
5691,2019,-14.160156,25000000.000
5692,2041,-3.417969,25000000.000
5693,2054,2.929688,25000000.000
5694,2067,9.277344,25000000.000
5695,2068,9.765625,25000000.000
5696,2088,19.531250,25000000.000
5697,2098,24.414062,25000000.000
5698,2107,28.808594,25000000.000
5699,2107,28.808594,25000000.000
5700,2118,34.179688,25000000.000
5701,2121,35.644531,25000000.000
5702,2121,35.644531,25000000.000
5703,2122,36.132812,25000000.000
5704,2118,34.179688,25000000.000
5705,2114,32.226562,25000000.000
5706,2108,29.296875,25000000.000
5707,2107,28.808594,25000000.000
5708,2093,21.972656,25000000.000
5709,2084,17.578125,25000000.000
5710,2073,12.207031,25000000.000
5711,2071,11.230469,25000000.000
5712,2052,1.953125,25000000.000
5713,2042,-2.929688,25000000.000
5714,2030,-8.789062,25000000.000
5715,2029,-9.277344,25000000.000
5716,2009,-19.042969,25000000.000
5717,2000,-23.437500,25000000.000
5718,1993,-26.855469,25000000.000
5719,1992,-27.343750,25000000.000
5720,1983,-31.738281,25000000.000
5721,1977,-34.667969,25000000.000
5722,1975,-35.644531,25000000.000
5723,1975,-35.644531,25000000.000
5724,1975,-35.644531,25000000.000
5725,1979,-33.691406,25000000.000
5726,1982,-32.226562,25000000.000
5727,1982,-32.226562,25000000.000
5728,1995,-25.878906,25000000.000
5729,2003,-21.972656,25000000.000
5730,2012,-17.578125,25000000.000
5731,2014,-16.601562,25000000.000
5732,2033,-7.324219,25000000.000
5733,2044,-1.953125,25000000.000
5734,2057,4.394531,25000000.000
5735,2058,4.882812,25000000.000
5736,2078,14.648438,25000000.000
5737,2087,19.042969,25000000.000
5738,2097,23.925781,25000000.000
5739,2098,24.414062,25000000.000
5740,2112,31.250000,25000000.000
5741,2115,32.714844,25000000.000
5742,2118,34.179688,25000000.000
5743,2119,34.667969,25000000.000
5744,2119,34.667969,25000000.000
5745,2116,33.203125,25000000.000
5746,2112,31.250000,25000000.000
5747,2113,31.738281,25000000.000
5748,2100,25.390625,25000000.000
5749,2092,21.484375,25000000.000
5750,2082,16.601562,25000000.000
5751,2081,16.113281,25000000.000
5752,2060,5.859375,25000000.000
5753,2049,0.488281,25000000.000
5754,2038,-4.882812,25000000.000
5755,2037,-5.371094,25000000.000
5756,2016,-15.625000,25000000.000
5757,2007,-20.019531,25000000.000
5758,1999,-23.925781,25000000.000
5759,1998,-24.414062,25000000.000
5760,1987,-29.785156,25000000.000
5761,1982,-32.226562,25000000.000
5762,1978,-34.179688,25000000.000
5763,1977,-34.667969,25000000.000
5764,1975,-35.644531,25000000.000
5765,1975,-35.644531,25000000.000
5766,1976,-35.156250,25000000.000
5767,1977,-34.667969,25000000.000
5768,1986,-30.273438,25000000.000
5769,1993,-26.855469,25000000.000
5770,2002,-22.460938,25000000.000
5771,2003,-21.972656,25000000.000
5772,2022,-12.695312,25000000.000
5773,2034,-6.835938,25000000.000
5774,2046,-0.976562,25000000.000
5775,2048,0.000000,25000000.000
5776,2070,10.742188,25000000.000
5777,2081,16.113281,25000000.000
5778,2091,20.996094,25000000.000
5779,2092,21.484375,25000000.000
5780,2107,28.808594,25000000.000
5781,2112,31.250000,25000000.000
5782,2115,32.714844,25000000.000
5783,2115,32.714844,25000000.000
5784,2117,33.691406,25000000.000
5785,2115,32.714844,25000000.000
5786,2113,31.738281,25000000.000
5787,2113,31.738281,25000000.000
5788,2105,27.832031,25000000.000
5789,2098,24.414062,25000000.000
5790,2091,20.996094,25000000.000
5791,2090,20.507812,25000000.000
5792,2071,11.230469,25000000.000
5793,2060,5.859375,25000000.000
5794,2050,0.976562,25000000.000
5795,2048,0.000000,25000000.000
5796,2027,-10.253906,25000000.000
5797,2016,-15.625000,25000000.000
5798,2006,-20.507812,25000000.000
5799,2006,-20.507812,25000000.000
5800,1991,-27.832031,25000000.000
5801,1985,-30.761719,25000000.000
5802,1979,-33.691406,25000000.000
5803,1979,-33.691406,25000000.000
5804,1976,-35.156250,25000000.000
5805,1976,-35.156250,25000000.000
5806,1978,-34.179688,25000000.000
5807,1977,-34.667969,25000000.000
5808,1984,-31.250000,25000000.000
5809,1993,-26.855469,25000000.000
5810,1998,-24.414062,25000000.000
5811,2000,-23.437500,25000000.000
5812,2016,-15.625000,25000000.000
5813,2027,-10.253906,25000000.000
5814,2038,-4.882812,25000000.000
5815,2039,-4.394531,25000000.000
5816,2062,6.835938,25000000.000
5817,2071,11.230469,25000000.000
5818,2081,16.113281,25000000.000
5819,2082,16.601562,25000000.000
5820,2099,24.902344,25000000.000
5821,2105,27.832031,25000000.000
5822,2111,30.761719,25000000.000
5823,2111,30.761719,25000000.000
5824,2115,32.714844,25000000.000
5825,2115,32.714844,25000000.000
5826,2114,32.226562,25000000.000
5827,2114,32.226562,25000000.000
5828,2107,28.808594,25000000.000
5829,2100,25.390625,25000000.000
5830,2095,22.949219,25000000.000
5831,2094,22.460938,25000000.000
5832,2077,14.160156,25000000.000
5833,2068,9.765625,25000000.000
5834,2057,4.394531,25000000.000
5835,2056,3.906250,25000000.000
5836,2033,-7.324219,25000000.000
5837,2022,-12.695312,25000000.000
5838,2012,-17.578125,25000000.000
5839,2011,-18.066406,25000000.000
5840,1994,-26.367188,25000000.000
5841,1987,-29.785156,25000000.000
5842,1982,-32.226562,25000000.000
5843,1982,-32.226562,25000000.000
5844,1975,-35.644531,25000000.000
5845,1974,-36.132812,25000000.000
5846,1974,-36.132812,25000000.000
5847,1974,-36.132812,25000000.000
5848,1979,-33.691406,25000000.000
5849,1983,-31.738281,25000000.000
5850,1990,-28.320312,25000000.000
5851,1989,-28.808594,25000000.000
5852,2007,-20.019531,25000000.000
5853,2015,-16.113281,25000000.000
5854,2026,-10.742188,25000000.000
5855,2028,-9.765625,25000000.000
5856,2051,1.464844,25000000.000
5857,2063,7.324219,25000000.000
5858,2075,13.183594,25000000.000
5859,2076,13.671875,25000000.000
5860,2095,22.949219,25000000.000
5861,2103,26.855469,25000000.000
5862,2108,29.296875,25000000.000
5863,2110,30.273438,25000000.000
5864,2116,33.203125,25000000.000
5865,2117,33.691406,25000000.000
5866,2117,33.691406,25000000.000
5867,2116,33.203125,25000000.000
5868,2111,30.761719,25000000.000
5869,2107,28.808594,25000000.000
5870,2101,25.878906,25000000.000
5871,2101,25.878906,25000000.000
5872,2087,19.042969,25000000.000
5873,2077,14.160156,25000000.000
5874,2067,9.277344,25000000.000
5875,2066,8.789062,25000000.000
5876,2045,-1.464844,25000000.000
5877,2033,-7.324219,25000000.000
5878,2023,-12.207031,25000000.000
5879,2021,-13.183594,25000000.000
5880,2001,-22.949219,25000000.000
5881,1993,-26.855469,25000000.000
5882,1987,-29.785156,25000000.000
5883,1986,-30.273438,25000000.000
5884,1977,-34.667969,25000000.000
5885,1973,-36.621094,25000000.000
5886,1973,-36.621094,25000000.000
5887,1972,-37.109375,25000000.000
5888,1977,-34.667969,25000000.000
5889,1981,-32.714844,25000000.000
5890,1986,-30.273438,25000000.000
5891,1986,-30.273438,25000000.000
5892,2002,-22.460938,25000000.000
5893,2010,-18.554688,25000000.000
5894,2019,-14.160156,25000000.000
5895,2021,-13.183594,25000000.000
5896,2041,-3.417969,25000000.000
5897,2052,1.953125,25000000.000
5898,2062,6.835938,25000000.000
5899,2062,6.835938,25000000.000
5900,2081,16.113281,25000000.000
5901,2092,21.484375,25000000.000
5902,2101,25.878906,25000000.000
5903,2101,25.878906,25000000.000
5904,2114,32.226562,25000000.000
5905,2117,33.691406,25000000.000
5906,2118,34.179688,25000000.000
5907,2119,34.667969,25000000.000
5908,2116,33.203125,25000000.000
5909,2114,32.226562,25000000.000
5910,2109,29.785156,25000000.000
5911,2108,29.296875,25000000.000
5912,2093,21.972656,25000000.000
5913,2085,18.066406,25000000.000
5914,2074,12.695312,25000000.000
5915,2074,12.695312,25000000.000
5916,2051,1.464844,25000000.000
5917,2041,-3.417969,25000000.000
5918,2030,-8.789062,25000000.000
5919,2030,-8.789062,25000000.000
5920,2010,-18.554688,25000000.000
5921,2003,-21.972656,25000000.000
5922,1995,-25.878906,25000000.000
5923,1994,-26.367188,25000000.000
5924,1984,-31.250000,25000000.000
5925,1980,-33.203125,25000000.000
5926,1978,-34.179688,25000000.000
5927,1977,-34.667969,25000000.000
5928,1977,-34.667969,25000000.000
5929,1979,-33.691406,25000000.000
5930,1982,-32.226562,25000000.000
5931,1982,-32.226562,25000000.000
5932,1993,-26.855469,25000000.000
5933,2003,-21.972656,25000000.000
5934,2007,-20.019531,25000000.000
5935,2013,-17.089844,25000000.000
5936,2034,-6.835938,25000000.000
5937,2043,-2.441406,25000000.000
5938,2054,2.929688,25000000.000
5939,2056,3.906250,25000000.000
5940,2077,14.160156,25000000.000
5941,2087,19.042969,25000000.000
5942,2096,23.437500,25000000.000
5943,2097,23.925781,25000000.000
5944,2110,30.273438,25000000.000
5945,2114,32.226562,25000000.000
5946,2116,33.203125,25000000.000
5947,2116,33.203125,25000000.000
5948,2116,33.203125,25000000.000
5949,2115,32.714844,25000000.000
5950,2111,30.761719,25000000.000
5951,2110,30.273438,25000000.000
5952,2100,25.390625,25000000.000
5953,2092,21.484375,25000000.000
5954,2085,18.066406,25000000.000
5955,2083,17.089844,25000000.000
5956,2064,7.812500,25000000.000
5957,2053,2.441406,25000000.000
5958,2043,-2.441406,25000000.000
5959,2041,-3.417969,25000000.000
5960,2021,-13.183594,25000000.000
5961,2010,-18.554688,25000000.000
5962,2002,-22.460938,25000000.000
5963,2000,-23.437500,25000000.000
5964,1987,-29.785156,25000000.000
5965,1982,-32.226562,25000000.000
5966,1978,-34.179688,25000000.000
5967,1977,-34.667969,25000000.000
5968,1976,-35.156250,25000000.000
5969,1978,-34.179688,25000000.000
5970,1981,-32.714844,25000000.000
5971,1981,-32.714844,25000000.000
5972,1989,-28.808594,25000000.000
5973,1998,-24.414062,25000000.000
5974,2007,-20.019531,25000000.000
5975,2008,-19.531250,25000000.000
5976,2024,-11.718750,25000000.000
5977,2034,-6.835938,25000000.000
5978,2045,-1.464844,25000000.000
5979,2046,-0.976562,25000000.000
5980,2066,8.789062,25000000.000
5981,2077,14.160156,25000000.000
5982,2087,19.042969,25000000.000
5983,2087,19.042969,25000000.000
5984,2101,25.878906,25000000.000
5985,2107,28.808594,25000000.000
5986,2112,31.250000,25000000.000
5987,2112,31.250000,25000000.000
5988,2116,33.203125,25000000.000
5989,2116,33.203125,25000000.000
5990,2115,32.714844,25000000.000
5991,2114,32.226562,25000000.000
5992,2105,27.832031,25000000.000
5993,2099,24.902344,25000000.000
5994,2090,20.507812,25000000.000
5995,2089,20.019531,25000000.000
5996,2072,11.718750,25000000.000
5997,2060,5.859375,25000000.000
5998,2048,0.000000,25000000.000
5999,2046,-0.976562,25000000.000
6000,2025,-11.230469,25000000.000
6001,2016,-15.625000,25000000.000
6002,2006,-20.507812,25000000.000
6003,2005,-20.996094,25000000.000
6004,1993,-26.855469,25000000.000
6005,1986,-30.273438,25000000.000
6006,1983,-31.738281,25000000.000
6007,1982,-32.226562,25000000.000
6008,1978,-34.179688,25000000.000
6009,1976,-35.156250,25000000.000
6010,1978,-34.179688,25000000.000
6011,1978,-34.179688,25000000.000
6012,1983,-31.738281,25000000.000
6013,1988,-29.296875,25000000.000
6014,1994,-26.367188,25000000.000
6015,1996,-25.390625,25000000.000
6016,2012,-17.578125,25000000.000
6017,2021,-13.183594,25000000.000
6018,2033,-7.324219,25000000.000
6019,2034,-6.835938,25000000.000
6020,2057,4.394531,25000000.000
6021,2069,10.253906,25000000.000
6022,2080,15.625000,25000000.000
6023,2081,16.113281,25000000.000
6024,2099,24.902344,25000000.000
6025,2106,28.320312,25000000.000
6026,2112,31.250000,25000000.000
6027,2113,31.738281,25000000.000
6028,2118,34.179688,25000000.000
6029,2118,34.179688,25000000.000
6030,2117,33.691406,25000000.000
6031,2116,33.203125,25000000.000
6032,2108,29.296875,25000000.000
6033,2103,26.855469,25000000.000
6034,2097,23.925781,25000000.000
6035,2096,23.437500,25000000.000
6036,2080,15.625000,25000000.000
6037,2070,10.742188,25000000.000
6038,2059,5.371094,25000000.000
6039,2058,4.882812,25000000.000
6040,2038,-4.882812,25000000.000
6041,2027,-10.253906,25000000.000
6042,2016,-15.625000,25000000.000
6043,2015,-16.113281,25000000.000
6044,1997,-24.902344,25000000.000
6045,1992,-27.343750,25000000.000
6046,1984,-31.250000,25000000.000
6047,1983,-31.738281,25000000.000
6048,1976,-35.156250,25000000.000
6049,1974,-36.132812,25000000.000
6050,1975,-35.644531,25000000.000
6051,1975,-35.644531,25000000.000
6052,1980,-33.203125,25000000.000
6053,1984,-31.250000,25000000.000
6054,1990,-28.320312,25000000.000
6055,1991,-27.832031,25000000.000
6056,2007,-20.019531,25000000.000
6057,2015,-16.113281,25000000.000
6058,2026,-10.742188,25000000.000
6059,2027,-10.253906,25000000.000
6060,2047,-0.488281,25000000.000
6061,2058,4.882812,25000000.000
6062,2069,10.253906,25000000.000
6063,2069,10.253906,25000000.000
6064,2088,19.531250,25000000.000
6065,2096,23.437500,25000000.000
6066,2104,27.343750,25000000.000
6067,2104,27.343750,25000000.000
6068,2114,32.226562,25000000.000
6069,2116,33.203125,25000000.000
6070,2117,33.691406,25000000.000
6071,2118,34.179688,25000000.000
6072,2114,32.226562,25000000.000
6073,2109,29.785156,25000000.000
6074,2103,26.855469,25000000.000
6075,2103,26.855469,25000000.000
6076,2088,19.531250,25000000.000
6077,2079,15.136719,25000000.000
6078,2068,9.765625,25000000.000
6079,2066,8.789062,25000000.000
6080,2045,-1.464844,25000000.000
6081,2034,-6.835938,25000000.000
6082,2022,-12.695312,25000000.000
6083,2022,-12.695312,25000000.000
6084,2004,-21.484375,25000000.000
6085,1997,-24.902344,25000000.000
6086,1991,-27.832031,25000000.000
6087,1990,-28.320312,25000000.000
6088,1981,-32.714844,25000000.000
6089,1979,-33.691406,25000000.000
6090,1977,-34.667969,25000000.000
6091,1977,-34.667969,25000000.000
6092,1979,-33.691406,25000000.000
6093,1982,-32.226562,25000000.000
6094,1986,-30.273438,25000000.000
6095,1986,-30.273438,25000000.000
6096,1999,-23.925781,25000000.000
6097,2007,-20.019531,25000000.000
6098,2016,-15.625000,25000000.000
6099,2017,-15.136719,25000000.000
6100,2038,-4.882812,25000000.000
6101,2050,0.976562,25000000.000
6102,2061,6.347656,25000000.000
6103,2063,7.324219,25000000.000
6104,2082,16.601562,25000000.000
6105,2092,21.484375,25000000.000
6106,2099,24.902344,25000000.000
6107,2101,25.878906,25000000.000
6108,2111,30.761719,25000000.000
6109,2115,32.714844,25000000.000
6110,2115,32.714844,25000000.000
6111,2116,33.203125,25000000.000
6112,2114,32.226562,25000000.000
6113,2111,30.761719,25000000.000
6114,2107,28.808594,25000000.000
6115,2106,28.320312,25000000.000
6116,2094,22.460938,25000000.000
6117,2088,19.531250,25000000.000
6118,2079,15.136719,25000000.000
6119,2078,14.648438,25000000.000
6120,2058,4.882812,25000000.000
6121,2046,-0.976562,25000000.000
6122,2034,-6.835938,25000000.000
6123,2034,-6.835938,25000000.000
6124,2014,-16.601562,25000000.000
6125,2004,-21.484375,25000000.000
6126,1995,-25.878906,25000000.000
6127,1995,-25.878906,25000000.000
6128,1983,-31.738281,25000000.000
6129,1979,-33.691406,25000000.000
6130,1977,-34.667969,25000000.000
6131,1977,-34.667969,25000000.000
6132,1978,-34.179688,25000000.000
6133,1979,-33.691406,25000000.000
6134,1983,-31.738281,25000000.000
6135,1982,-32.226562,25000000.000
6136,1995,-25.878906,25000000.000
6137,2003,-21.972656,25000000.000
6138,2011,-18.066406,25000000.000
6139,2012,-17.578125,25000000.000
6140,2030,-8.789062,25000000.000
6141,2040,-3.906250,25000000.000
6142,2052,1.953125,25000000.000
6143,2053,2.441406,25000000.000
6144,2073,12.207031,25000000.000
6145,2081,16.113281,25000000.000
6146,2090,20.507812,25000000.000
6147,2092,21.484375,25000000.000
6148,2105,27.832031,25000000.000
6149,2110,30.273438,25000000.000
6150,2114,32.226562,25000000.000
6151,2114,32.226562,25000000.000
6152,2116,33.203125,25000000.000
6153,2115,32.714844,25000000.000
6154,2111,30.761719,25000000.000
6155,2112,31.250000,25000000.000
6156,2101,25.878906,25000000.000
6157,2094,22.460938,25000000.000
6158,2084,17.578125,25000000.000
6159,2083,17.089844,25000000.000
6160,2065,8.300781,25000000.000
6161,2053,2.441406,25000000.000
6162,2042,-2.929688,25000000.000
6163,2041,-3.417969,25000000.000
6164,2021,-13.183594,25000000.000
6165,2012,-17.578125,25000000.000
6166,2003,-21.972656,25000000.000
6167,2003,-21.972656,25000000.000
6168,1991,-27.832031,25000000.000
6169,1986,-30.273438,25000000.000
6170,1983,-31.738281,25000000.000
6171,1981,-32.714844,25000000.000
6172,1979,-33.691406,25000000.000
6173,1979,-33.691406,25000000.000
6174,1980,-33.203125,25000000.000
6175,1980,-33.203125,25000000.000
6176,1987,-29.785156,25000000.000
6177,1994,-26.367188,25000000.000
6178,2001,-22.949219,25000000.000
6179,2000,-23.437500,25000000.000
6180,2018,-14.648438,25000000.000
6181,2029,-9.277344,25000000.000
6182,2040,-3.906250,25000000.000
6183,2041,-3.417969,25000000.000
6184,2064,7.812500,25000000.000
6185,2074,12.695312,25000000.000
6186,2086,18.554688,25000000.000
6187,2087,19.042969,25000000.000
6188,2102,26.367188,25000000.000
6189,2109,29.785156,25000000.000
6190,2113,31.738281,25000000.000
6191,2113,31.738281,25000000.000
6192,2116,33.203125,25000000.000
6193,2115,32.714844,25000000.000
6194,2113,31.738281,25000000.000
6195,2112,31.250000,25000000.000
6196,2103,26.855469,25000000.000
6197,2098,24.414062,25000000.000
6198,2091,20.996094,25000000.000
6199,2090,20.507812,25000000.000
6200,2075,13.183594,25000000.000
6201,2064,7.812500,25000000.000
6202,2053,2.441406,25000000.000
6203,2053,2.441406,25000000.000
6204,2033,-7.324219,25000000.000
6205,2021,-13.183594,25000000.000
6206,2010,-18.554688,25000000.000
6207,2008,-19.531250,25000000.000
6208,1993,-26.855469,25000000.000
6209,1986,-30.273438,25000000.000
6210,1980,-33.203125,25000000.000
6211,1980,-33.203125,25000000.000
6212,1975,-35.644531,25000000.000
6213,1975,-35.644531,25000000.000
6214,1977,-34.667969,25000000.000
6215,1977,-34.667969,25000000.000
6216,1985,-30.761719,25000000.000
6217,1989,-28.808594,25000000.000
6218,1996,-25.390625,25000000.000
6219,1997,-24.902344,25000000.000
6220,2013,-17.089844,25000000.000
6221,2021,-13.183594,25000000.000
6222,2031,-8.300781,25000000.000
6223,2032,-7.812500,25000000.000
6224,2053,2.441406,25000000.000
6225,2064,7.812500,25000000.000
6226,2075,13.183594,25000000.000
6227,2076,13.671875,25000000.000
6228,2094,22.460938,25000000.000
6229,2101,25.878906,25000000.000
6230,2107,28.808594,25000000.000
6231,2108,29.296875,25000000.000
6232,2115,32.714844,25000000.000
6233,2116,33.203125,25000000.000
6234,2116,33.203125,25000000.000
6235,2115,32.714844,25000000.000
6236,2110,30.273438,25000000.000
6237,2105,27.832031,25000000.000
6238,2098,24.414062,25000000.000
6239,2098,24.414062,25000000.000
6240,2082,16.601562,25000000.000
6241,2073,12.207031,25000000.000
6242,2061,6.347656,25000000.000
6243,2061,6.347656,25000000.000
6244,2039,-4.394531,25000000.000
6245,2028,-9.765625,25000000.000
6246,2018,-14.648438,25000000.000
6247,2017,-15.136719,25000000.000
6248,2000,-23.437500,25000000.000
6249,1992,-27.343750,25000000.000
6250,1987,-29.785156,25000000.000
6251,1986,-30.273438,25000000.000
6252,1980,-33.203125,25000000.000
6253,1979,-33.691406,25000000.000
6254,1978,-34.179688,25000000.000
6255,1979,-33.691406,25000000.000
6256,1982,-32.226562,25000000.000
6257,1985,-30.761719,25000000.000
6258,1989,-28.808594,25000000.000
6259,1990,-28.320312,25000000.000
6260,2002,-22.460938,25000000.000
6261,2010,-18.554688,25000000.000
6262,2019,-14.160156,25000000.000
6263,2020,-13.671875,25000000.000
6264,2041,-3.417969,25000000.000
6265,2052,1.953125,25000000.000
6266,2064,7.812500,25000000.000
6267,2065,8.300781,25000000.000
6268,2086,18.554688,25000000.000
6269,2096,23.437500,25000000.000
6270,2105,27.832031,25000000.000
6271,2106,28.320312,25000000.000
6272,2115,32.714844,25000000.000
6273,2117,33.691406,25000000.000
6274,2119,34.667969,25000000.000
6275,2118,34.179688,25000000.000
6276,2114,32.226562,25000000.000
6277,2110,30.273438,25000000.000
6278,2104,27.343750,25000000.000
6279,2103,26.855469,25000000.000
6280,2089,20.019531,25000000.000
6281,2081,16.113281,25000000.000
6282,2070,10.742188,25000000.000
6283,2071,11.230469,25000000.000
6284,2053,2.441406,25000000.000
6285,2041,-3.417969,25000000.000
6286,2028,-9.765625,25000000.000
6287,2029,-9.277344,25000000.000
6288,2009,-19.042969,25000000.000
6289,1999,-23.925781,25000000.000
6290,1993,-26.855469,25000000.000
6291,1993,-26.855469,25000000.000
6292,1982,-32.226562,25000000.000
6293,1978,-34.179688,25000000.000
6294,1978,-34.179688,25000000.000
6295,1979,-33.691406,25000000.000
6296,1981,-32.714844,25000000.000
6297,1984,-31.250000,25000000.000
6298,1987,-29.785156,25000000.000
6299,1988,-29.296875,25000000.000
6300,2001,-22.949219,25000000.000
6301,2007,-20.019531,25000000.000
6302,2015,-16.113281,25000000.000
6303,2016,-15.625000,25000000.000
6304,2032,-7.812500,25000000.000
6305,2042,-2.929688,25000000.000
6306,2052,1.953125,25000000.000
6307,2054,2.929688,25000000.000
6308,2073,12.207031,25000000.000
6309,2084,17.578125,25000000.000
6310,2093,21.972656,25000000.000
6311,2094,22.460938,25000000.000
6312,2109,29.785156,25000000.000
6313,2114,32.226562,25000000.000
6314,2118,34.179688,25000000.000
6315,2119,34.667969,25000000.000
6316,2118,34.179688,25000000.000
6317,2117,33.691406,25000000.000
6318,2110,30.273438,25000000.000
6319,2110,30.273438,25000000.000
6320,2097,23.925781,25000000.000
6321,2090,20.507812,25000000.000
6322,2078,14.648438,25000000.000
6323,2078,14.648438,25000000.000
6324,2059,5.371094,25000000.000
6325,2047,-0.488281,25000000.000
6326,2037,-5.371094,25000000.000
6327,2035,-6.347656,25000000.000
6328,2017,-15.136719,25000000.000
6329,2007,-20.019531,25000000.000
6330,2000,-23.437500,25000000.000
6331,2001,-22.949219,25000000.000
6332,1992,-27.343750,25000000.000
6333,1986,-30.273438,25000000.000
6334,1982,-32.226562,25000000.000
6335,1982,-32.226562,25000000.000
6336,1981,-32.714844,25000000.000
6337,1982,-32.226562,25000000.000
6338,1984,-31.250000,25000000.000
6339,1984,-31.250000,25000000.000
6340,1993,-26.855469,25000000.000
6341,1998,-24.414062,25000000.000
6342,2006,-20.507812,25000000.000
6343,2007,-20.019531,25000000.000
6344,2023,-12.207031,25000000.000
6345,2031,-8.300781,25000000.000
6346,2043,-2.441406,25000000.000
6347,2044,-1.953125,25000000.000
6348,2063,7.324219,25000000.000
6349,2073,12.207031,25000000.000
6350,2083,17.089844,25000000.000
6351,2084,17.578125,25000000.000
6352,2102,26.367188,25000000.000
6353,2108,29.296875,25000000.000
6354,2114,32.226562,25000000.000
6355,2114,32.226562,25000000.000
6356,2118,34.179688,25000000.000
6357,2118,34.179688,25000000.000
6358,2116,33.203125,25000000.000
6359,2114,32.226562,25000000.000
6360,2104,27.343750,25000000.000
6361,2096,23.437500,25000000.000
6362,2088,19.531250,25000000.000
6363,2087,19.042969,25000000.000
6364,2067,9.277344,25000000.000
6365,2056,3.906250,25000000.000
6366,2046,-0.976562,25000000.000
6367,2045,-1.464844,25000000.000
6368,2025,-11.230469,25000000.000
6369,2015,-16.113281,25000000.000
6370,2006,-20.507812,25000000.000
6371,2005,-20.996094,25000000.000
6372,1992,-27.343750,25000000.000
6373,1986,-30.273438,25000000.000
6374,1982,-32.226562,25000000.000
6375,1982,-32.226562,25000000.000
6376,1978,-34.179688,25000000.000
6377,1978,-34.179688,25000000.000
6378,1982,-32.226562,25000000.000
6379,1982,-32.226562,25000000.000
6380,1992,-27.343750,25000000.000
6381,1997,-24.902344,25000000.000
6382,2005,-20.996094,25000000.000
6383,2005,-20.996094,25000000.000
6384,2021,-13.183594,25000000.000
6385,2028,-9.765625,25000000.000
6386,2036,-5.859375,25000000.000
6387,2038,-4.882812,25000000.000
6388,2056,3.906250,25000000.000
6389,2065,8.300781,25000000.000
6390,2073,12.207031,25000000.000
6391,2075,13.183594,25000000.000
6392,2091,20.996094,25000000.000
6393,2100,25.390625,25000000.000
6394,2106,28.320312,25000000.000
6395,2107,28.808594,25000000.000
6396,2114,32.226562,25000000.000
6397,2117,33.691406,25000000.000
6398,2117,33.691406,25000000.000
6399,2116,33.203125,25000000.000
6400,2109,29.785156,25000000.000
6401,2104,27.343750,25000000.000
6402,2096,23.437500,25000000.000
6403,2094,22.460938,25000000.000
6404,2076,13.671875,25000000.000
6405,2066,8.789062,25000000.000
6406,2051,1.464844,25000000.000
6407,2054,2.929688,25000000.000
6408,2032,-7.812500,25000000.000
6409,2021,-13.183594,25000000.000
6410,2013,-17.089844,25000000.000
6411,2012,-17.578125,25000000.000
6412,1998,-24.414062,25000000.000
6413,1992,-27.343750,25000000.000
6414,1988,-29.296875,25000000.000
6415,1988,-29.296875,25000000.000
6416,1982,-32.226562,25000000.000
6417,1981,-32.714844,25000000.000
6418,1982,-32.226562,25000000.000
6419,1982,-32.226562,25000000.000
6420,1986,-30.273438,25000000.000
6421,1991,-27.832031,25000000.000
6422,1996,-25.390625,25000000.000
6423,1996,-25.390625,25000000.000
6424,2011,-18.066406,25000000.000
6425,2018,-14.648438,25000000.000
6426,2027,-10.253906,25000000.000
6427,2029,-9.277344,25000000.000
6428,2047,-0.488281,25000000.000
6429,2058,4.882812,25000000.000
6430,2067,9.277344,25000000.000
6431,2068,9.765625,25000000.000
6432,2085,18.066406,25000000.000
6433,2094,22.460938,25000000.000
6434,2102,26.367188,25000000.000
6435,2102,26.367188,25000000.000
6436,2112,31.250000,25000000.000
6437,2115,32.714844,25000000.000
6438,2115,32.714844,25000000.000
6439,2116,33.203125,25000000.000
6440,2112,31.250000,25000000.000
6441,2107,28.808594,25000000.000
6442,2102,26.367188,25000000.000
6443,2100,25.390625,25000000.000
6444,2084,17.578125,25000000.000
6445,2074,12.695312,25000000.000
6446,2064,7.812500,25000000.000
6447,2062,6.835938,25000000.000
6448,2042,-2.929688,25000000.000
6449,2030,-8.789062,25000000.000
6450,2020,-13.671875,25000000.000
6451,2019,-14.160156,25000000.000
6452,2002,-22.460938,25000000.000
6453,1996,-25.390625,25000000.000
6454,1989,-28.808594,25000000.000
6455,1989,-28.808594,25000000.000
6456,1980,-33.203125,25000000.000
6457,1979,-33.691406,25000000.000
6458,1979,-33.691406,25000000.000
6459,1979,-33.691406,25000000.000
6460,1983,-31.738281,25000000.000
6461,1988,-29.296875,25000000.000
6462,1993,-26.855469,25000000.000
6463,1994,-26.367188,25000000.000
6464,2009,-19.042969,25000000.000
6465,2016,-15.625000,25000000.000
6466,2025,-11.230469,25000000.000
6467,2026,-10.742188,25000000.000
6468,2044,-1.953125,25000000.000
6469,2052,1.953125,25000000.000
6470,2061,6.347656,25000000.000
6471,2062,6.835938,25000000.000
6472,2078,14.648438,25000000.000
6473,2086,18.554688,25000000.000
6474,2094,22.460938,25000000.000
6475,2096,23.437500,25000000.000
6476,2108,29.296875,25000000.000
6477,2113,31.738281,25000000.000
6478,2116,33.203125,25000000.000
6479,2115,32.714844,25000000.000
6480,2116,33.203125,25000000.000
6481,2113,31.738281,25000000.000
6482,2109,29.785156,25000000.000
6483,2108,29.296875,25000000.000
6484,2095,22.949219,25000000.000
6485,2084,17.578125,25000000.000
6486,2072,11.718750,25000000.000
6487,2072,11.718750,25000000.000
6488,2049,0.488281,25000000.000
6489,2038,-4.882812,25000000.000
6490,2027,-10.253906,25000000.000
6491,2026,-10.742188,25000000.000
6492,2009,-19.042969,25000000.000
6493,2001,-22.949219,25000000.000
6494,1996,-25.390625,25000000.000
6495,1995,-25.878906,25000000.000
6496,1986,-30.273438,25000000.000
6497,1983,-31.738281,25000000.000
6498,1983,-31.738281,25000000.000
6499,1982,-32.226562,25000000.000
6500,1983,-31.738281,25000000.000
6501,1984,-31.250000,25000000.000
6502,1988,-29.296875,25000000.000
6503,1988,-29.296875,25000000.000
6504,1999,-23.925781,25000000.000
6505,2005,-20.996094,25000000.000
6506,2013,-17.089844,25000000.000
6507,2014,-16.601562,25000000.000
6508,2031,-8.300781,25000000.000
6509,2042,-2.929688,25000000.000
6510,2051,1.464844,25000000.000
6511,2053,2.441406,25000000.000
6512,2071,11.230469,25000000.000
6513,2079,15.136719,25000000.000
6514,2089,20.019531,25000000.000
6515,2090,20.507812,25000000.000
6516,2105,27.832031,25000000.000
6517,2110,30.273438,25000000.000
6518,2115,32.714844,25000000.000
6519,2115,32.714844,25000000.000
6520,2118,34.179688,25000000.000
6521,2117,33.691406,25000000.000
6522,2114,32.226562,25000000.000
6523,2112,31.250000,25000000.000
6524,2101,25.878906,25000000.000
6525,2091,20.996094,25000000.000
6526,2083,17.089844,25000000.000
6527,2082,16.601562,25000000.000
6528,2060,5.859375,25000000.000
6529,2049,0.488281,25000000.000
6530,2039,-4.394531,25000000.000
6531,2037,-5.371094,25000000.000
6532,2018,-14.648438,25000000.000
6533,2010,-18.554688,25000000.000
6534,2001,-22.949219,25000000.000
6535,2001,-22.949219,25000000.000
6536,1989,-28.808594,25000000.000
6537,1984,-31.250000,25000000.000
6538,1982,-32.226562,25000000.000
6539,1981,-32.714844,25000000.000
6540,1980,-33.203125,25000000.000
6541,1983,-31.738281,25000000.000
6542,1986,-30.273438,25000000.000
6543,1987,-29.785156,25000000.000
6544,1996,-25.390625,25000000.000
6545,2004,-21.484375,25000000.000
6546,2010,-18.554688,25000000.000
6547,2012,-17.578125,25000000.000
6548,2028,-9.765625,25000000.000
6549,2037,-5.371094,25000000.000
6550,2046,-0.976562,25000000.000
6551,2046,-0.976562,25000000.000
6552,2063,7.324219,25000000.000
6553,2072,11.718750,25000000.000
6554,2079,15.136719,25000000.000
6555,2080,15.625000,25000000.000
6556,2094,22.460938,25000000.000
6557,2102,26.367188,25000000.000
6558,2107,28.808594,25000000.000
6559,2107,28.808594,25000000.000
6560,2113,31.738281,25000000.000
6561,2116,33.203125,25000000.000
6562,2115,32.714844,25000000.000
6563,2116,33.203125,25000000.000
6564,2107,28.808594,25000000.000
6565,2100,25.390625,25000000.000
6566,2092,21.484375,25000000.000
6567,2090,20.507812,25000000.000
6568,2070,10.742188,25000000.000
6569,2057,4.394531,25000000.000
6570,2047,-0.488281,25000000.000
6571,2045,-1.464844,25000000.000
6572,2024,-11.718750,25000000.000
6573,2015,-16.113281,25000000.000
6574,2006,-20.507812,25000000.000
6575,2005,-20.996094,25000000.000
6576,1993,-26.855469,25000000.000
6577,1989,-28.808594,25000000.000
6578,1986,-30.273438,25000000.000
6579,1985,-30.761719,25000000.000
6580,1982,-32.226562,25000000.000
6581,1982,-32.226562,25000000.000
6582,1984,-31.250000,25000000.000
6583,1983,-31.738281,25000000.000
6584,1990,-28.320312,25000000.000
6585,1995,-25.878906,25000000.000
6586,2001,-22.949219,25000000.000
6587,2001,-22.949219,25000000.000
6588,2017,-15.136719,25000000.000
6589,2026,-10.742188,25000000.000
6590,2036,-5.859375,25000000.000
6591,2037,-5.371094,25000000.000
6592,2056,3.906250,25000000.000
6593,2064,7.812500,25000000.000
6594,2073,12.207031,25000000.000
6595,2075,13.183594,25000000.000
6596,2089,20.019531,25000000.000
6597,2096,23.437500,25000000.000
6598,2104,27.343750,25000000.000
6599,2103,26.855469,25000000.000
6600,2112,31.250000,25000000.000
6601,2115,32.714844,25000000.000
6602,2116,33.203125,25000000.000
6603,2115,32.714844,25000000.000
6604,2110,30.273438,25000000.000
6605,2105,27.832031,25000000.000
6606,2097,23.925781,25000000.000
6607,2098,24.414062,25000000.000
6608,2080,15.625000,25000000.000
6609,2067,9.277344,25000000.000
6610,2056,3.906250,25000000.000
6611,2056,3.906250,25000000.000
6612,2033,-7.324219,25000000.000
6613,2022,-12.695312,25000000.000
6614,2012,-17.578125,25000000.000
6615,2011,-18.066406,25000000.000
6616,1996,-25.390625,25000000.000
6617,1990,-28.320312,25000000.000
6618,1986,-30.273438,25000000.000
6619,1985,-30.761719,25000000.000
6620,1979,-33.691406,25000000.000
6621,1980,-33.203125,25000000.000
6622,1981,-32.714844,25000000.000
6623,1981,-32.714844,25000000.000
6624,1987,-29.785156,25000000.000
6625,1992,-27.343750,25000000.000
6626,1999,-23.925781,25000000.000
6627,1999,-23.925781,25000000.000
6628,2014,-16.601562,25000000.000
6629,2022,-12.695312,25000000.000
6630,2033,-7.324219,25000000.000
6631,2029,-9.277344,25000000.000
6632,2048,0.000000,25000000.000
6633,2056,3.906250,25000000.000
6634,2067,9.277344,25000000.000
6635,2067,9.277344,25000000.000
6636,2082,16.601562,25000000.000
6637,2088,19.531250,25000000.000
6638,2096,23.437500,25000000.000
6639,2096,23.437500,25000000.000
6640,2109,29.785156,25000000.000
6641,2110,30.273438,25000000.000
6642,2112,31.250000,25000000.000
6643,2114,32.226562,25000000.000
6644,2115,32.714844,25000000.000
6645,2110,30.273438,25000000.000
6646,2105,27.832031,25000000.000
6647,2105,27.832031,25000000.000
6648,2088,19.531250,25000000.000
6649,2077,14.160156,25000000.000
6650,2066,8.789062,25000000.000
6651,2064,7.812500,25000000.000
6652,2041,-3.417969,25000000.000
6653,2029,-9.277344,25000000.000
6654,2019,-14.160156,25000000.000
6655,2019,-14.160156,25000000.000
6656,2000,-23.437500,25000000.000
6657,1995,-25.878906,25000000.000
6658,1990,-28.320312,25000000.000
6659,1988,-29.296875,25000000.000
6660,1983,-31.738281,25000000.000
6661,1982,-32.226562,25000000.000
6662,1981,-32.714844,25000000.000
6663,1982,-32.226562,25000000.000
6664,1985,-30.761719,25000000.000
6665,1989,-28.808594,25000000.000
6666,1993,-26.855469,25000000.000
6667,1994,-26.367188,25000000.000
6668,2005,-20.996094,25000000.000
6669,2013,-17.089844,25000000.000
6670,2022,-12.695312,25000000.000
6671,2023,-12.207031,25000000.000
6672,2041,-3.417969,25000000.000
6673,2052,1.953125,25000000.000
6674,2062,6.835938,25000000.000
6675,2063,7.324219,25000000.000
6676,2079,15.136719,25000000.000
6677,2086,18.554688,25000000.000
6678,2092,21.484375,25000000.000
6679,2094,22.460938,25000000.000
6680,2106,28.320312,25000000.000
6681,2110,30.273438,25000000.000
6682,2113,31.738281,25000000.000
6683,2114,32.226562,25000000.000
6684,2115,32.714844,25000000.000
6685,2114,32.226562,25000000.000
6686,2109,29.785156,25000000.000
6687,2109,29.785156,25000000.000
6688,2095,22.949219,25000000.000
6689,2087,19.042969,25000000.000
6690,2078,14.648438,25000000.000
6691,2076,13.671875,25000000.000
6692,2053,2.441406,25000000.000
6693,2040,-3.906250,25000000.000
6694,2029,-9.277344,25000000.000
6695,2028,-9.765625,25000000.000
6696,2009,-19.042969,25000000.000
6697,2000,-23.437500,25000000.000
6698,1993,-26.855469,25000000.000
6699,1992,-27.343750,25000000.000
6700,1982,-32.226562,25000000.000
6701,1980,-33.203125,25000000.000
6702,1979,-33.691406,25000000.000
6703,1978,-34.179688,25000000.000
6704,1981,-32.714844,25000000.000
6705,1984,-31.250000,25000000.000
6706,1989,-28.808594,25000000.000
6707,1990,-28.320312,25000000.000
6708,2002,-22.460938,25000000.000
6709,2011,-18.066406,25000000.000
6710,2019,-14.160156,25000000.000
6711,2020,-13.671875,25000000.000
6712,2038,-4.882812,25000000.000
6713,2047,-0.488281,25000000.000
6714,2056,3.906250,25000000.000
6715,2058,4.882812,25000000.000
6716,2073,12.207031,25000000.000
6717,2081,16.113281,25000000.000
6718,2087,19.042969,25000000.000
6719,2088,19.531250,25000000.000
6720,2098,24.414062,25000000.000
6721,2103,26.855469,25000000.000
6722,2107,28.808594,25000000.000
6723,2107,28.808594,25000000.000
6724,2113,31.738281,25000000.000
6725,2112,31.250000,25000000.000
6726,2112,31.250000,25000000.000
6727,2112,31.250000,25000000.000
6728,2104,27.343750,25000000.000
6729,2096,23.437500,25000000.000
6730,2086,18.554688,25000000.000
6731,2086,18.554688,25000000.000
6732,2065,8.300781,25000000.000
6733,2052,1.953125,25000000.000
6734,2039,-4.394531,25000000.000
6735,2038,-4.882812,25000000.000
6736,2015,-16.113281,25000000.000
6737,2006,-20.507812,25000000.000
6738,1996,-25.390625,25000000.000
6739,1996,-25.390625,25000000.000
6740,1985,-30.761719,25000000.000
6741,1981,-32.714844,25000000.000
6742,1980,-33.203125,25000000.000
6743,1979,-33.691406,25000000.000
6744,1980,-33.203125,25000000.000
6745,1983,-31.738281,25000000.000
6746,1985,-30.761719,25000000.000
6747,1986,-30.273438,25000000.000
6748,1995,-25.878906,25000000.000
6749,2001,-22.949219,25000000.000
6750,2009,-19.042969,25000000.000
6751,2010,-18.554688,25000000.000
6752,2025,-11.230469,25000000.000
6753,2037,-5.371094,25000000.000
6754,2048,0.000000,25000000.000
6755,2049,0.488281,25000000.000
6756,2067,9.277344,25000000.000
6757,2078,14.648438,25000000.000
6758,2084,17.578125,25000000.000
6759,2086,18.554688,25000000.000
6760,2097,23.925781,25000000.000
6761,2101,25.878906,25000000.000
6762,2105,27.832031,25000000.000
6763,2105,27.832031,25000000.000
6764,2110,30.273438,25000000.000
6765,2111,30.761719,25000000.000
6766,2110,30.273438,25000000.000
6767,2111,30.761719,25000000.000
6768,2107,28.808594,25000000.000
6769,2102,26.367188,25000000.000
6770,2095,22.949219,25000000.000
6771,2094,22.460938,25000000.000
6772,2075,13.183594,25000000.000
6773,2062,6.835938,25000000.000
6774,2050,0.976562,25000000.000
6775,2048,0.000000,25000000.000
6776,2024,-11.718750,25000000.000
6777,2013,-17.089844,25000000.000
6778,2002,-22.460938,25000000.000
6779,2001,-22.949219,25000000.000
6780,1986,-30.273438,25000000.000
6781,1981,-32.714844,25000000.000
6782,1978,-34.179688,25000000.000
6783,1977,-34.667969,25000000.000
6784,1976,-35.156250,25000000.000
6785,1978,-34.179688,25000000.000
6786,1980,-33.203125,25000000.000
6787,1981,-32.714844,25000000.000
6788,1989,-28.808594,25000000.000
6789,1996,-25.390625,25000000.000
6790,2003,-21.972656,25000000.000
6791,2004,-21.484375,25000000.000
6792,2021,-13.183594,25000000.000
6793,2030,-8.789062,25000000.000
6794,2042,-2.929688,25000000.000
6795,2042,-2.929688,25000000.000
6796,2061,6.347656,25000000.000
6797,2071,11.230469,25000000.000
6798,2080,15.625000,25000000.000
6799,2080,15.625000,25000000.000
6800,2093,21.972656,25000000.000
6801,2098,24.414062,25000000.000
6802,2103,26.855469,25000000.000
6803,2103,26.855469,25000000.000
6804,2107,28.808594,25000000.000
6805,2109,29.785156,25000000.000
6806,2110,30.273438,25000000.000
6807,2110,30.273438,25000000.000
6808,2108,29.296875,25000000.000
6809,2106,28.320312,25000000.000
6810,2100,25.390625,25000000.000
6811,2099,24.902344,25000000.000
6812,2085,18.066406,25000000.000
6813,2073,12.207031,25000000.000
6814,2061,6.347656,25000000.000
6815,2060,5.859375,25000000.000
6816,2036,-5.859375,25000000.000
6817,2022,-12.695312,25000000.000
6818,2010,-18.554688,25000000.000
6819,2009,-19.042969,25000000.000
6820,1993,-26.855469,25000000.000
6821,1986,-30.273438,25000000.000
6822,1982,-32.226562,25000000.000
6823,1983,-31.738281,25000000.000
6824,1978,-34.179688,25000000.000
6825,1977,-34.667969,25000000.000
6826,1979,-33.691406,25000000.000
6827,1979,-33.691406,25000000.000
6828,1986,-30.273438,25000000.000
6829,1990,-28.320312,25000000.000
6830,1996,-25.390625,25000000.000
6831,1997,-24.902344,25000000.000
6832,2011,-18.066406,25000000.000
6833,2020,-13.671875,25000000.000
6834,2029,-9.277344,25000000.000
6835,2030,-8.789062,25000000.000
6836,2051,1.464844,25000000.000
6837,2062,6.835938,25000000.000
6838,2073,12.207031,25000000.000
6839,2073,12.207031,25000000.000
6840,2090,20.507812,25000000.000
6841,2095,22.949219,25000000.000
6842,2101,25.878906,25000000.000
6843,2101,25.878906,25000000.000
6844,2107,28.808594,25000000.000
6845,2109,29.785156,25000000.000
6846,2109,29.785156,25000000.000
6847,2109,29.785156,25000000.000
6848,2107,28.808594,25000000.000
6849,2106,28.320312,25000000.000
6850,2102,26.367188,25000000.000
6851,2101,25.878906,25000000.000
6852,2090,20.507812,25000000.000
6853,2083,17.089844,25000000.000
6854,2072,11.718750,25000000.000
6855,2071,11.230469,25000000.000
6856,2047,-0.488281,25000000.000
6857,2034,-6.835938,25000000.000
6858,2021,-13.183594,25000000.000
6859,2021,-13.183594,25000000.000
6860,2000,-23.437500,25000000.000
6861,1991,-27.832031,25000000.000
6862,1984,-31.250000,25000000.000
6863,1984,-31.250000,25000000.000
6864,1976,-35.156250,25000000.000
6865,1972,-37.109375,25000000.000
6866,1979,-33.691406,25000000.000
6867,1977,-34.667969,25000000.000
6868,1980,-33.203125,25000000.000
6869,1987,-29.785156,25000000.000
6870,1994,-26.367188,25000000.000
6871,1994,-26.367188,25000000.000
6872,2006,-20.507812,25000000.000
6873,2017,-15.136719,25000000.000
6874,2027,-10.253906,25000000.000
6875,2028,-9.765625,25000000.000
6876,2045,-1.464844,25000000.000
6877,2056,3.906250,25000000.000
6878,2066,8.789062,25000000.000
6879,2066,8.789062,25000000.000
6880,2083,17.089844,25000000.000
6881,2090,20.507812,25000000.000
6882,2096,23.437500,25000000.000
6883,2097,23.925781,25000000.000
6884,2106,28.320312,25000000.000
6885,2107,28.808594,25000000.000
6886,2109,29.785156,25000000.000
6887,2109,29.785156,25000000.000
6888,2108,29.296875,25000000.000
6889,2106,28.320312,25000000.000
6890,2104,27.343750,25000000.000
6891,2104,27.343750,25000000.000
6892,2096,23.437500,25000000.000
6893,2088,19.531250,25000000.000
6894,2081,16.113281,25000000.000
6895,2080,15.625000,25000000.000
6896,2059,5.371094,25000000.000
6897,2046,-0.976562,25000000.000
6898,2034,-6.835938,25000000.000
6899,2033,-7.324219,25000000.000
6900,2011,-18.066406,25000000.000
6901,2000,-23.437500,25000000.000
6902,1994,-26.367188,25000000.000
6903,1991,-27.832031,25000000.000
6904,1981,-32.714844,25000000.000
6905,1978,-34.179688,25000000.000
6906,1976,-35.156250,25000000.000
6907,1976,-35.156250,25000000.000
6908,1979,-33.691406,25000000.000
6909,1983,-31.738281,25000000.000
6910,1987,-29.785156,25000000.000
6911,1987,-29.785156,25000000.000
6912,1999,-23.925781,25000000.000
6913,2006,-20.507812,25000000.000
6914,2014,-16.601562,25000000.000
6915,2015,-16.113281,25000000.000
6916,2034,-6.835938,25000000.000
6917,2046,-0.976562,25000000.000
6918,2056,3.906250,25000000.000
6919,2058,4.882812,25000000.000
6920,2077,14.160156,25000000.000
6921,2086,18.554688,25000000.000
6922,2094,22.460938,25000000.000
6923,2094,22.460938,25000000.000
6924,2105,27.832031,25000000.000
6925,2110,30.273438,25000000.000
6926,2111,30.761719,25000000.000
6927,2111,30.761719,25000000.000
6928,2109,29.785156,25000000.000
6929,2109,29.785156,25000000.000
6930,2106,28.320312,25000000.000
6931,2103,26.855469,25000000.000
6932,2096,23.437500,25000000.000
6933,2092,21.484375,25000000.000
6934,2086,18.554688,25000000.000
6935,2085,18.066406,25000000.000
6936,2068,9.765625,25000000.000
6937,2057,4.394531,25000000.000
6938,2046,-0.976562,25000000.000
6939,2044,-1.953125,25000000.000
6940,2022,-12.695312,25000000.000
6941,2010,-18.554688,25000000.000
6942,1998,-24.414062,25000000.000
6943,1998,-24.414062,25000000.000
6944,1982,-32.226562,25000000.000
6945,1977,-34.667969,25000000.000
6946,1974,-36.132812,25000000.000
6947,1974,-36.132812,25000000.000
6948,1974,-36.132812,25000000.000
6949,1976,-35.156250,25000000.000
6950,1982,-32.226562,25000000.000
6951,1983,-31.738281,25000000.000
6952,1995,-25.878906,25000000.000
6953,2003,-21.972656,25000000.000
6954,2011,-18.066406,25000000.000
6955,2012,-17.578125,25000000.000
6956,2030,-8.789062,25000000.000
6957,2040,-3.906250,25000000.000
6958,2048,0.000000,25000000.000
6959,2050,0.976562,25000000.000
6960,2069,10.253906,25000000.000
6961,2077,14.160156,25000000.000
6962,2087,19.042969,25000000.000
6963,2087,19.042969,25000000.000
6964,2099,24.902344,25000000.000
6965,2104,27.343750,25000000.000
6966,2108,29.296875,25000000.000
6967,2108,29.296875,25000000.000
6968,2109,29.785156,25000000.000
6969,2109,29.785156,25000000.000
6970,2107,28.808594,25000000.000
6971,2106,28.320312,25000000.000
6972,2099,24.902344,25000000.000
6973,2095,22.949219,25000000.000
6974,2088,19.531250,25000000.000
6975,2088,19.531250,25000000.000
6976,2074,12.695312,25000000.000
6977,2064,7.812500,25000000.000
6978,2057,4.394531,25000000.000
6979,2052,1.953125,25000000.000
6980,2029,-9.277344,25000000.000
6981,2018,-14.648438,25000000.000
6982,2007,-20.019531,25000000.000
6983,2006,-20.507812,25000000.000
6984,1988,-29.296875,25000000.000
6985,1983,-31.738281,25000000.000
6986,1978,-34.179688,25000000.000
6987,1979,-33.691406,25000000.000
6988,1974,-36.132812,25000000.000
6989,1976,-35.156250,25000000.000
6990,1980,-33.203125,25000000.000
6991,1979,-33.691406,25000000.000
6992,1989,-28.808594,25000000.000
6993,1994,-26.367188,25000000.000
6994,2001,-22.949219,25000000.000
6995,2002,-22.460938,25000000.000
6996,2018,-14.648438,25000000.000
6997,2028,-9.765625,25000000.000
6998,2037,-5.371094,25000000.000
6999,2038,-4.882812,25000000.000
7000,2059,5.371094,25000000.000
7001,2069,10.253906,25000000.000
7002,2080,15.625000,25000000.000
7003,2081,16.113281,25000000.000
7004,2096,23.437500,25000000.000
7005,2103,26.855469,25000000.000
7006,2107,28.808594,25000000.000
7007,2108,29.296875,25000000.000
7008,2111,30.761719,25000000.000
7009,2110,30.273438,25000000.000
7010,2108,29.296875,25000000.000
7011,2108,29.296875,25000000.000
7012,2101,25.878906,25000000.000
7013,2096,23.437500,25000000.000
7014,2091,20.996094,25000000.000
7015,2091,20.996094,25000000.000
7016,2078,14.648438,25000000.000
7017,2072,11.718750,25000000.000
7018,2062,6.835938,25000000.000
7019,2061,6.347656,25000000.000
7020,2041,-3.417969,25000000.000
7021,2029,-9.277344,25000000.000
7022,2019,-14.160156,25000000.000
7023,2017,-15.136719,25000000.000
7024,1996,-25.390625,25000000.000
7025,1988,-29.296875,25000000.000
7026,1981,-32.714844,25000000.000
7027,1980,-33.203125,25000000.000
7028,1972,-37.109375,25000000.000
7029,1972,-37.109375,25000000.000
7030,1975,-35.644531,25000000.000
7031,1974,-36.132812,25000000.000
7032,1983,-31.738281,25000000.000
7033,1990,-28.320312,25000000.000
7034,1998,-24.414062,25000000.000
7035,1997,-24.902344,25000000.000
7036,2014,-16.601562,25000000.000
7037,2023,-12.207031,25000000.000
7038,2032,-7.812500,25000000.000
7039,2035,-6.347656,25000000.000
7040,2052,1.953125,25000000.000
7041,2062,6.835938,25000000.000
7042,2071,11.230469,25000000.000
7043,2072,11.718750,25000000.000
7044,2088,19.531250,25000000.000
7045,2095,22.949219,25000000.000
7046,2102,26.367188,25000000.000
7047,2102,26.367188,25000000.000
7048,2110,30.273438,25000000.000
7049,2112,31.250000,25000000.000
7050,2113,31.738281,25000000.000
7051,2113,31.738281,25000000.000
7052,2108,29.296875,25000000.000
7053,2105,27.832031,25000000.000
7054,2099,24.902344,25000000.000
7055,2099,24.902344,25000000.000
7056,2087,19.042969,25000000.000
7057,2079,15.136719,25000000.000
7058,2069,10.253906,25000000.000
7059,2068,9.765625,25000000.000
7060,2049,0.488281,25000000.000
7061,2037,-5.371094,25000000.000
7062,2026,-10.742188,25000000.000
7063,2025,-11.230469,25000000.000
7064,2004,-21.484375,25000000.000
7065,1994,-26.367188,25000000.000
7066,1987,-29.785156,25000000.000
7067,1987,-29.785156,25000000.000
7068,1978,-34.179688,25000000.000
7069,1976,-35.156250,25000000.000
7070,1975,-35.644531,25000000.000
7071,1976,-35.156250,25000000.000
7072,1980,-33.203125,25000000.000
7073,1985,-30.761719,25000000.000
7074,1990,-28.320312,25000000.000
7075,1989,-28.808594,25000000.000
7076,2004,-21.484375,25000000.000
7077,2012,-17.578125,25000000.000
7078,2022,-12.695312,25000000.000
7079,2023,-12.207031,25000000.000
7080,2043,-2.441406,25000000.000
7081,2055,3.417969,25000000.000
7082,2067,9.277344,25000000.000
7083,2068,9.765625,25000000.000
7084,2086,18.554688,25000000.000
7085,2093,21.972656,25000000.000
7086,2100,25.390625,25000000.000
7087,2100,25.390625,25000000.000
7088,2109,29.785156,25000000.000
7089,2112,31.250000,25000000.000
7090,2111,30.761719,25000000.000
7091,2113,31.738281,25000000.000
7092,2109,29.785156,25000000.000
7093,2105,27.832031,25000000.000
7094,2101,25.878906,25000000.000
7095,2100,25.390625,25000000.000
7096,2091,20.996094,25000000.000
7097,2085,18.066406,25000000.000
7098,2078,14.648438,25000000.000
7099,2077,14.160156,25000000.000
7100,2060,5.859375,25000000.000
7101,2048,0.000000,25000000.000
7102,2036,-5.859375,25000000.000
7103,2037,-5.371094,25000000.000
7104,2014,-16.601562,25000000.000
7105,2002,-22.460938,25000000.000
7106,1992,-27.343750,25000000.000
7107,1992,-27.343750,25000000.000
7108,1979,-33.691406,25000000.000
7109,1975,-35.644531,25000000.000
7110,1973,-36.621094,25000000.000
7111,1972,-37.109375,25000000.000
7112,1975,-35.644531,25000000.000
7113,1980,-33.203125,25000000.000
7114,1984,-31.250000,25000000.000
7115,1986,-30.273438,25000000.000
7116,2000,-23.437500,25000000.000
7117,2008,-19.531250,25000000.000
7118,2017,-15.136719,25000000.000
7119,2019,-14.160156,25000000.000
7120,2037,-5.371094,25000000.000
7121,2047,-0.488281,25000000.000
7122,2058,4.882812,25000000.000
7123,2059,5.371094,25000000.000
7124,2077,14.160156,25000000.000
7125,2085,18.066406,25000000.000
7126,2093,21.972656,25000000.000
7127,2093,21.972656,25000000.000
7128,2105,27.832031,25000000.000
7129,2107,28.808594,25000000.000
7130,2110,30.273438,25000000.000
7131,2110,30.273438,25000000.000
7132,2108,29.296875,25000000.000
7133,2107,28.808594,25000000.000
7134,2106,28.320312,25000000.000
7135,2104,27.343750,25000000.000
7136,2095,22.949219,25000000.000
7137,2091,20.996094,25000000.000
7138,2083,17.089844,25000000.000
7139,2083,17.089844,25000000.000
7140,2068,9.765625,25000000.000
7141,2057,4.394531,25000000.000
7142,2046,-0.976562,25000000.000
7143,2046,-0.976562,25000000.000
7144,2023,-12.207031,25000000.000
7145,2012,-17.578125,25000000.000
7146,2001,-22.949219,25000000.000
7147,2001,-22.949219,25000000.000
7148,1986,-30.273438,25000000.000
7149,1980,-33.203125,25000000.000
7150,1977,-34.667969,25000000.000
7151,1976,-35.156250,25000000.000
7152,1975,-35.644531,25000000.000
7153,1977,-34.667969,25000000.000
7154,1980,-33.203125,25000000.000
7155,1981,-32.714844,25000000.000
7156,1990,-28.320312,25000000.000
7157,1997,-24.902344,25000000.000
7158,2004,-21.484375,25000000.000
7159,2005,-20.996094,25000000.000
7160,2023,-12.207031,25000000.000
7161,2033,-7.324219,25000000.000
7162,2045,-1.464844,25000000.000
7163,2045,-1.464844,25000000.000
7164,2066,8.789062,25000000.000
7165,2077,14.160156,25000000.000
7166,2086,18.554688,25000000.000
7167,2087,19.042969,25000000.000
7168,2101,25.878906,25000000.000
7169,2106,28.320312,25000000.000
7170,2110,30.273438,25000000.000
7171,2111,30.761719,25000000.000
7172,2112,31.250000,25000000.000
7173,2110,30.273438,25000000.000
7174,2108,29.296875,25000000.000
7175,2107,28.808594,25000000.000
7176,2100,25.390625,25000000.000
7177,2093,21.972656,25000000.000
7178,2088,19.531250,25000000.000
7179,2087,19.042969,25000000.000
7180,2072,11.718750,25000000.000
7181,2065,8.300781,25000000.000
7182,2055,3.417969,25000000.000
7183,2054,2.929688,25000000.000
7184,2034,-6.835938,25000000.000
7185,2022,-12.695312,25000000.000
7186,2010,-18.554688,25000000.000
7187,2010,-18.554688,25000000.000
7188,1991,-27.832031,25000000.000
7189,1983,-31.738281,25000000.000
7190,1978,-34.179688,25000000.000
7191,1978,-34.179688,25000000.000
7192,1972,-37.109375,25000000.000
7193,1972,-37.109375,25000000.000
7194,1975,-35.644531,25000000.000
7195,1976,-35.156250,25000000.000
7196,1985,-30.761719,25000000.000
7197,1993,-26.855469,25000000.000
7198,2001,-22.949219,25000000.000
7199,2001,-22.949219,25000000.000
7200,2020,-13.671875,25000000.000
7201,2028,-9.765625,25000000.000
7202,2038,-4.882812,25000000.000
7203,2041,-3.417969,25000000.000
7204,2060,5.859375,25000000.000
7205,2069,10.253906,25000000.000
7206,2078,14.648438,25000000.000
7207,2080,15.625000,25000000.000
7208,2094,22.460938,25000000.000
7209,2100,25.390625,25000000.000
7210,2105,27.832031,25000000.000
7211,2106,28.320312,25000000.000
7212,2111,30.761719,25000000.000
7213,2110,30.273438,25000000.000
7214,2110,30.273438,25000000.000
7215,2109,29.785156,25000000.000
7216,2105,27.832031,25000000.000
7217,2100,25.390625,25000000.000
7218,2094,22.460938,25000000.000
7219,2095,22.949219,25000000.000
7220,2081,16.113281,25000000.000
7221,2073,12.207031,25000000.000
7222,2064,7.812500,25000000.000
7223,2062,6.835938,25000000.000
7224,2042,-2.929688,25000000.000
7225,2031,-8.300781,25000000.000
7226,2019,-14.160156,25000000.000
7227,2018,-14.648438,25000000.000
7228,1998,-24.414062,25000000.000
7229,1991,-27.832031,25000000.000
7230,1984,-31.250000,25000000.000
7231,1984,-31.250000,25000000.000
7232,1976,-35.156250,25000000.000
7233,1975,-35.644531,25000000.000
7234,1976,-35.156250,25000000.000
7235,1975,-35.644531,25000000.000
7236,1982,-32.226562,25000000.000
7237,1987,-29.785156,25000000.000
7238,1992,-27.343750,25000000.000
7239,1993,-26.855469,25000000.000
7240,2009,-19.042969,25000000.000
7241,2017,-15.136719,25000000.000
7242,2027,-10.253906,25000000.000
7243,2029,-9.277344,25000000.000
7244,2049,0.488281,25000000.000
7245,2060,5.859375,25000000.000
7246,2072,11.718750,25000000.000
7247,2073,12.207031,25000000.000
7248,2090,20.507812,25000000.000
7249,2097,23.925781,25000000.000
7250,2102,26.367188,25000000.000
7251,2104,27.343750,25000000.000
7252,2110,30.273438,25000000.000
7253,2111,30.761719,25000000.000
7254,2110,30.273438,25000000.000
7255,2109,29.785156,25000000.000
7256,2106,28.320312,25000000.000
7257,2102,26.367188,25000000.000
7258,2097,23.925781,25000000.000
7259,2096,23.437500,25000000.000
7260,2087,19.042969,25000000.000
7261,2079,15.136719,25000000.000
7262,2073,12.207031,25000000.000
7263,2071,11.230469,25000000.000
7264,2053,2.441406,25000000.000
7265,2042,-2.929688,25000000.000
7266,2030,-8.789062,25000000.000
7267,2029,-9.277344,25000000.000
7268,2007,-20.019531,25000000.000
7269,1996,-25.390625,25000000.000
7270,1988,-29.296875,25000000.000
7271,1987,-29.785156,25000000.000
7272,1977,-34.667969,25000000.000
7273,1974,-36.132812,25000000.000
7274,1973,-36.621094,25000000.000
7275,1974,-36.132812,25000000.000
7276,1979,-33.691406,25000000.000
7277,1984,-31.250000,25000000.000
7278,1990,-28.320312,25000000.000
7279,1990,-28.320312,25000000.000
7280,2004,-21.484375,25000000.000
7281,2013,-17.089844,25000000.000
7282,2023,-12.207031,25000000.000
7283,2024,-11.718750,25000000.000
7284,2042,-2.929688,25000000.000
7285,2054,2.929688,25000000.000
7286,2064,7.812500,25000000.000
7287,2064,7.812500,25000000.000
7288,2081,16.113281,25000000.000
7289,2090,20.507812,25000000.000
7290,2096,23.437500,25000000.000
7291,2097,23.925781,25000000.000
7292,2108,29.296875,25000000.000
7293,2110,30.273438,25000000.000
7294,2111,30.761719,25000000.000
7295,2112,31.250000,25000000.000
7296,2110,30.273438,25000000.000
7297,2107,28.808594,25000000.000
7298,2103,26.855469,25000000.000
7299,2102,26.367188,25000000.000
7300,2092,21.484375,25000000.000
7301,2085,18.066406,25000000.000
7302,2078,14.648438,25000000.000
7303,2078,14.648438,25000000.000
7304,2060,5.859375,25000000.000
7305,2050,0.976562,25000000.000
7306,2038,-4.882812,25000000.000
7307,2037,-5.371094,25000000.000
7308,2014,-16.601562,25000000.000
7309,2006,-20.507812,25000000.000
7310,1995,-25.878906,25000000.000
7311,1994,-26.367188,25000000.000
7312,1982,-32.226562,25000000.000
7313,1978,-34.179688,25000000.000
7314,1977,-34.667969,25000000.000
7315,1976,-35.156250,25000000.000
7316,1978,-34.179688,25000000.000
7317,1981,-32.714844,25000000.000
7318,1985,-30.761719,25000000.000
7319,1986,-30.273438,25000000.000
7320,1996,-25.390625,25000000.000
7321,2004,-21.484375,25000000.000
7322,2012,-17.578125,25000000.000
7323,2014,-16.601562,25000000.000
7324,2031,-8.300781,25000000.000
7325,2041,-3.417969,25000000.000
7326,2050,0.976562,25000000.000
7327,2055,3.417969,25000000.000
7328,2077,14.160156,25000000.000
7329,2084,17.578125,25000000.000
7330,2092,21.484375,25000000.000
7331,2093,21.972656,25000000.000
7332,2105,27.832031,25000000.000
7333,2109,29.785156,25000000.000
7334,2112,31.250000,25000000.000
7335,2112,31.250000,25000000.000
7336,2111,30.761719,25000000.000
7337,2108,29.296875,25000000.000
7338,2105,27.832031,25000000.000
7339,2105,27.832031,25000000.000
7340,2095,22.949219,25000000.000
7341,2090,20.507812,25000000.000
7342,2083,17.089844,25000000.000
7343,2082,16.601562,25000000.000
7344,2068,9.765625,25000000.000
7345,2058,4.882812,25000000.000
7346,2049,0.488281,25000000.000
7347,2048,0.000000,25000000.000
7348,2027,-10.253906,25000000.000
7349,2016,-15.625000,25000000.000
7350,2005,-20.996094,25000000.000
7351,2004,-21.484375,25000000.000
7352,1986,-30.273438,25000000.000
7353,1981,-32.714844,25000000.000
7354,1976,-35.156250,25000000.000
7355,1976,-35.156250,25000000.000
7356,1973,-36.621094,25000000.000
7357,1974,-36.132812,25000000.000
7358,1980,-33.203125,25000000.000
7359,1980,-33.203125,25000000.000
7360,1991,-27.832031,25000000.000
7361,1999,-23.925781,25000000.000
7362,2007,-20.019531,25000000.000
7363,2008,-19.531250,25000000.000
7364,2026,-10.742188,25000000.000
7365,2036,-5.859375,25000000.000
7366,2046,-0.976562,25000000.000
7367,2046,-0.976562,25000000.000
7368,2066,8.789062,25000000.000
7369,2075,13.183594,25000000.000
7370,2084,17.578125,25000000.000
7371,2084,17.578125,25000000.000
7372,2099,24.902344,25000000.000
7373,2104,27.343750,25000000.000
7374,2110,30.273438,25000000.000
7375,2110,30.273438,25000000.000
7376,2112,31.250000,25000000.000
7377,2110,30.273438,25000000.000
7378,2109,29.785156,25000000.000
7379,2109,29.785156,25000000.000
7380,2102,26.367188,25000000.000
7381,2096,23.437500,25000000.000
7382,2090,20.507812,25000000.000
7383,2088,19.531250,25000000.000
7384,2075,13.183594,25000000.000
7385,2066,8.789062,25000000.000
7386,2055,3.417969,25000000.000
7387,2055,3.417969,25000000.000
7388,2034,-6.835938,25000000.000
7389,2023,-12.207031,25000000.000
7390,2011,-18.066406,25000000.000
7391,2011,-18.066406,25000000.000
7392,1992,-27.343750,25000000.000
7393,1985,-30.761719,25000000.000
7394,1980,-33.203125,25000000.000
7395,1980,-33.203125,25000000.000
7396,1974,-36.132812,25000000.000
7397,1974,-36.132812,25000000.000
7398,1976,-35.156250,25000000.000
7399,1977,-34.667969,25000000.000
7400,1985,-30.761719,25000000.000
7401,1989,-28.808594,25000000.000
7402,1997,-24.902344,25000000.000
7403,1997,-24.902344,25000000.000
7404,2014,-16.601562,25000000.000
7405,2024,-11.718750,25000000.000
7406,2033,-7.324219,25000000.000
7407,2035,-6.347656,25000000.000
7408,2055,3.417969,25000000.000
7409,2066,8.789062,25000000.000
7410,2077,14.160156,25000000.000
7411,2077,14.160156,25000000.000
7412,2095,22.949219,25000000.000
7413,2101,25.878906,25000000.000
7414,2107,28.808594,25000000.000
7415,2107,28.808594,25000000.000
7416,2112,31.250000,25000000.000
7417,2111,30.761719,25000000.000
7418,2110,30.273438,25000000.000
7419,2109,29.785156,25000000.000
7420,2104,27.343750,25000000.000
7421,2099,24.902344,25000000.000
7422,2093,21.972656,25000000.000
7423,2094,22.460938,25000000.000
7424,2082,16.601562,25000000.000
7425,2076,13.671875,25000000.000
7426,2066,8.789062,25000000.000
7427,2065,8.300781,25000000.000
7428,2047,-0.488281,25000000.000
7429,2036,-5.859375,25000000.000
7430,2024,-11.718750,25000000.000
7431,2022,-12.695312,25000000.000
7432,2002,-22.460938,25000000.000
7433,1991,-27.832031,25000000.000
7434,1984,-31.250000,25000000.000
7435,1984,-31.250000,25000000.000
7436,1975,-35.644531,25000000.000
7437,1973,-36.621094,25000000.000
7438,1973,-36.621094,25000000.000
7439,1974,-36.132812,25000000.000
7440,1980,-33.203125,25000000.000
7441,1986,-30.273438,25000000.000
7442,1993,-26.855469,25000000.000
7443,1993,-26.855469,25000000.000
7444,2009,-19.042969,25000000.000
7445,2019,-14.160156,25000000.000
7446,2030,-8.789062,25000000.000
7447,2031,-8.300781,25000000.000
7448,2050,0.976562,25000000.000
7449,2060,5.859375,25000000.000
7450,2070,10.742188,25000000.000
7451,2072,11.718750,25000000.000
7452,2087,19.042969,25000000.000
7453,2095,22.949219,25000000.000
7454,2103,26.855469,25000000.000
7455,2103,26.855469,25000000.000
7456,2111,30.761719,25000000.000
7457,2111,30.761719,25000000.000
7458,2113,31.738281,25000000.000
7459,2112,31.250000,25000000.000
7460,2108,29.296875,25000000.000
7461,2105,27.832031,25000000.000
7462,2100,25.390625,25000000.000
7463,2099,24.902344,25000000.000
7464,2087,19.042969,25000000.000
7465,2080,15.625000,25000000.000
7466,2072,11.718750,25000000.000
7467,2070,10.742188,25000000.000
7468,2053,2.441406,25000000.000
7469,2043,-2.441406,25000000.000
7470,2031,-8.300781,25000000.000
7471,2031,-8.300781,25000000.000
7472,2010,-18.554688,25000000.000
7473,2000,-23.437500,25000000.000
7474,1991,-27.832031,25000000.000
7475,1991,-27.832031,25000000.000
7476,1980,-33.203125,25000000.000
7477,1977,-34.667969,25000000.000
7478,1976,-35.156250,25000000.000
7479,1975,-35.644531,25000000.000
7480,1977,-34.667969,25000000.000
7481,1981,-32.714844,25000000.000
7482,1987,-29.785156,25000000.000
7483,1987,-29.785156,25000000.000
7484,2001,-22.949219,25000000.000
7485,2008,-19.531250,25000000.000
7486,2018,-14.648438,25000000.000
7487,2019,-14.160156,25000000.000
7488,2036,-5.859375,25000000.000
7489,2048,0.000000,25000000.000
7490,2059,5.371094,25000000.000
7491,2060,5.859375,25000000.000
7492,2081,16.113281,25000000.000
7493,2090,20.507812,25000000.000
7494,2098,24.414062,25000000.000
7495,2100,25.390625,25000000.000
7496,2111,30.761719,25000000.000
7497,2114,32.226562,25000000.000
7498,2113,31.738281,25000000.000
7499,2114,32.226562,25000000.000
7500,2111,30.761719,25000000.000
7501,2108,29.296875,25000000.000
7502,2103,26.855469,25000000.000
7503,2102,26.367188,25000000.000
7504,2094,22.460938,25000000.000
7505,2086,18.554688,25000000.000
7506,2080,15.625000,25000000.000
7507,2080,15.625000,25000000.000
7508,2064,7.812500,25000000.000
7509,2053,2.441406,25000000.000
7510,2043,-2.441406,25000000.000
7511,2042,-2.929688,25000000.000
7512,2021,-13.183594,25000000.000
7513,2009,-19.042969,25000000.000
7514,1997,-24.902344,25000000.000
7515,1997,-24.902344,25000000.000
7516,1982,-32.226562,25000000.000
7517,1976,-35.156250,25000000.000
7518,1973,-36.621094,25000000.000
7519,1973,-36.621094,25000000.000
7520,1973,-36.621094,25000000.000
7521,1977,-34.667969,25000000.000
7522,1981,-32.714844,25000000.000
7523,1980,-33.203125,25000000.000
7524,1995,-25.878906,25000000.000
7525,2003,-21.972656,25000000.000
7526,2012,-17.578125,25000000.000
7527,2013,-17.089844,25000000.000
7528,2031,-8.300781,25000000.000
7529,2042,-2.929688,25000000.000
7530,2052,1.953125,25000000.000
7531,2054,2.929688,25000000.000
7532,2072,11.718750,25000000.000
7533,2083,17.089844,25000000.000
7534,2090,20.507812,25000000.000
7535,2093,21.972656,25000000.000
7536,2104,27.343750,25000000.000
7537,2109,29.785156,25000000.000
7538,2112,31.250000,25000000.000
7539,2112,31.250000,25000000.000
7540,2114,32.226562,25000000.000
7541,2111,30.761719,25000000.000
7542,2107,28.808594,25000000.000
7543,2108,29.296875,25000000.000
7544,2099,24.902344,25000000.000
7545,2092,21.484375,25000000.000
7546,2084,17.578125,25000000.000
7547,2084,17.578125,25000000.000
7548,2068,9.765625,25000000.000
7549,2059,5.371094,25000000.000
7550,2050,0.976562,25000000.000
7551,2047,-0.488281,25000000.000
7552,2027,-10.253906,25000000.000
7553,2016,-15.625000,25000000.000
7554,2005,-20.996094,25000000.000
7555,2004,-21.484375,25000000.000
7556,1989,-28.808594,25000000.000
7557,1981,-32.714844,25000000.000
7558,1977,-34.667969,25000000.000
7559,1976,-35.156250,25000000.000
7560,1974,-36.132812,25000000.000
7561,1974,-36.132812,25000000.000
7562,1977,-34.667969,25000000.000
7563,1977,-34.667969,25000000.000
7564,1987,-29.785156,25000000.000
7565,1992,-27.343750,25000000.000
7566,2002,-22.460938,25000000.000
7567,2002,-22.460938,25000000.000
7568,2019,-14.160156,25000000.000
7569,2030,-8.789062,25000000.000
7570,2039,-4.394531,25000000.000
7571,2041,-3.417969,25000000.000
7572,2063,7.324219,25000000.000
7573,2075,13.183594,25000000.000
7574,2084,17.578125,25000000.000
7575,2085,18.066406,25000000.000
7576,2101,25.878906,25000000.000
7577,2106,28.320312,25000000.000
7578,2111,30.761719,25000000.000
7579,2112,31.250000,25000000.000
7580,2116,33.203125,25000000.000
7581,2114,32.226562,25000000.000
7582,2112,31.250000,25000000.000
7583,2111,30.761719,25000000.000
7584,2104,27.343750,25000000.000
7585,2098,24.414062,25000000.000
7586,2091,20.996094,25000000.000
7587,2090,20.507812,25000000.000
7588,2076,13.671875,25000000.000
7589,2068,9.765625,25000000.000
7590,2060,5.859375,25000000.000
7591,2058,4.882812,25000000.000
7592,2039,-4.394531,25000000.000
7593,2026,-10.742188,25000000.000
7594,2017,-15.136719,25000000.000
7595,2015,-16.113281,25000000.000
7596,1995,-25.878906,25000000.000
7597,1987,-29.785156,25000000.000
7598,1980,-33.203125,25000000.000
7599,1979,-33.691406,25000000.000
7600,1972,-37.109375,25000000.000
7601,1971,-37.597656,25000000.000
7602,1973,-36.621094,25000000.000
7603,1972,-37.109375,25000000.000
7604,1982,-32.226562,25000000.000
7605,1987,-29.785156,25000000.000
7606,1995,-25.878906,25000000.000
7607,1997,-24.902344,25000000.000
7608,2014,-16.601562,25000000.000
7609,2025,-11.230469,25000000.000
7610,2035,-6.347656,25000000.000
7611,2036,-5.859375,25000000.000
7612,2055,3.417969,25000000.000
7613,2064,7.812500,25000000.000
7614,2075,13.183594,25000000.000
7615,2077,14.160156,25000000.000
7616,2091,20.996094,25000000.000
7617,2098,24.414062,25000000.000
7618,2104,27.343750,25000000.000
7619,2105,27.832031,25000000.000
7620,2111,30.761719,25000000.000
7621,2114,32.226562,25000000.000
7622,2113,31.738281,25000000.000
7623,2113,31.738281,25000000.000
7624,2109,29.785156,25000000.000
7625,2105,27.832031,25000000.000
7626,2097,23.925781,25000000.000
7627,2098,24.414062,25000000.000
7628,2083,17.089844,25000000.000
7629,2075,13.183594,25000000.000
7630,2067,9.277344,25000000.000
7631,2065,8.300781,25000000.000
7632,2045,-1.464844,25000000.000
7633,2034,-6.835938,25000000.000
7634,2023,-12.207031,25000000.000
7635,2023,-12.207031,25000000.000
7636,2004,-21.484375,25000000.000
7637,1995,-25.878906,25000000.000
7638,1988,-29.296875,25000000.000
7639,1987,-29.785156,25000000.000
7640,1977,-34.667969,25000000.000
7641,1975,-35.644531,25000000.000
7642,1974,-36.132812,25000000.000
7643,1974,-36.132812,25000000.000
7644,1979,-33.691406,25000000.000
7645,1983,-31.738281,25000000.000
7646,1988,-29.296875,25000000.000
7647,1989,-28.808594,25000000.000
7648,2004,-21.484375,25000000.000
7649,2014,-16.601562,25000000.000
7650,2024,-11.718750,25000000.000
7651,2025,-11.230469,25000000.000
7652,2045,-1.464844,25000000.000
7653,2056,3.906250,25000000.000
7654,2069,10.253906,25000000.000
7655,2069,10.253906,25000000.000
7656,2087,19.042969,25000000.000
7657,2095,22.949219,25000000.000
7658,2103,26.855469,25000000.000
7659,2104,27.343750,25000000.000
7660,2111,30.761719,25000000.000
7661,2114,32.226562,25000000.000
7662,2113,31.738281,25000000.000
7663,2113,31.738281,25000000.000
7664,2110,30.273438,25000000.000
7665,2106,28.320312,25000000.000
7666,2101,25.878906,25000000.000
7667,2101,25.878906,25000000.000
7668,2088,19.531250,25000000.000
7669,2081,16.113281,25000000.000
7670,2075,13.183594,25000000.000
7671,2073,12.207031,25000000.000
7672,2057,4.394531,25000000.000
7673,2046,-0.976562,25000000.000
7674,2035,-6.347656,25000000.000
7675,2033,-7.324219,25000000.000
7676,2015,-16.113281,25000000.000
7677,2001,-22.949219,25000000.000
7678,1993,-26.855469,25000000.000
7679,1992,-27.343750,25000000.000
7680,1980,-33.203125,25000000.000
7681,1975,-35.644531,25000000.000
7682,1972,-37.109375,25000000.000
7683,1971,-37.597656,25000000.000
7684,1973,-36.621094,25000000.000
7685,1978,-34.179688,25000000.000
7686,1984,-31.250000,25000000.000
7687,1984,-31.250000,25000000.000
7688,1999,-23.925781,25000000.000
7689,2009,-19.042969,25000000.000
7690,2017,-15.136719,25000000.000
7691,2019,-14.160156,25000000.000
7692,2038,-4.882812,25000000.000
7693,2049,0.488281,25000000.000
7694,2060,5.859375,25000000.000
7695,2061,6.347656,25000000.000
7696,2078,14.648438,25000000.000
7697,2089,20.019531,25000000.000
7698,2095,22.949219,25000000.000
7699,2095,22.949219,25000000.000
7700,2107,28.808594,25000000.000
7701,2111,30.761719,25000000.000
7702,2112,31.250000,25000000.000
7703,2112,31.250000,25000000.000
7704,2111,30.761719,25000000.000
7705,2108,29.296875,25000000.000
7706,2105,27.832031,25000000.000
7707,2105,27.832031,25000000.000
7708,2095,22.949219,25000000.000
7709,2087,19.042969,25000000.000
7710,2080,15.625000,25000000.000
7711,2080,15.625000,25000000.000
7712,2063,7.324219,25000000.000
7713,2053,2.441406,25000000.000
7714,2044,-1.953125,25000000.000
7715,2042,-2.929688,25000000.000
7716,2021,-13.183594,25000000.000
7717,2011,-18.066406,25000000.000
7718,2001,-22.949219,25000000.000
7719,2001,-22.949219,25000000.000
7720,1985,-30.761719,25000000.000
7721,1981,-32.714844,25000000.000
7722,1977,-34.667969,25000000.000
7723,1977,-34.667969,25000000.000
7724,1975,-35.644531,25000000.000
7725,1976,-35.156250,25000000.000
7726,1980,-33.203125,25000000.000
7727,1980,-33.203125,25000000.000
7728,1991,-27.832031,25000000.000
7729,1999,-23.925781,25000000.000
7730,2007,-20.019531,25000000.000
7731,2010,-18.554688,25000000.000
7732,2026,-10.742188,25000000.000
7733,2035,-6.347656,25000000.000
7734,2047,-0.488281,25000000.000
7735,2048,0.000000,25000000.000
7736,2070,10.742188,25000000.000
7737,2079,15.136719,25000000.000
7738,2090,20.507812,25000000.000
7739,2092,21.484375,25000000.000
7740,2105,27.832031,25000000.000
7741,2110,30.273438,25000000.000
7742,2113,31.738281,25000000.000
7743,2114,32.226562,25000000.000
7744,2114,32.226562,25000000.000
7745,2111,30.761719,25000000.000
7746,2106,28.320312,25000000.000
7747,2106,28.320312,25000000.000
7748,2096,23.437500,25000000.000
7749,2090,20.507812,25000000.000
7750,2083,17.089844,25000000.000
7751,2084,17.578125,25000000.000
7752,2070,10.742188,25000000.000
7753,2061,6.347656,25000000.000
7754,2053,2.441406,25000000.000
7755,2052,1.953125,25000000.000
7756,2032,-7.812500,25000000.000
7757,2021,-13.183594,25000000.000
7758,2010,-18.554688,25000000.000
7759,2009,-19.042969,25000000.000
7760,1990,-28.320312,25000000.000
7761,1982,-32.226562,25000000.000
7762,1976,-35.156250,25000000.000
7763,1975,-35.644531,25000000.000
7764,1970,-38.085938,25000000.000
7765,1971,-37.597656,25000000.000
7766,1972,-37.109375,25000000.000
7767,1973,-36.621094,25000000.000
7768,1985,-30.761719,25000000.000
7769,1993,-26.855469,25000000.000
7770,2002,-22.460938,25000000.000
7771,2001,-22.949219,25000000.000
7772,2022,-12.695312,25000000.000
7773,2031,-8.300781,25000000.000
7774,2042,-2.929688,25000000.000
7775,2043,-2.441406,25000000.000
7776,2062,6.835938,25000000.000
7777,2072,11.718750,25000000.000
7778,2082,16.601562,25000000.000
7779,2083,17.089844,25000000.000
7780,2097,23.925781,25000000.000
7781,2104,27.343750,25000000.000
7782,2109,29.785156,25000000.000
7783,2110,30.273438,25000000.000
7784,2114,32.226562,25000000.000
7785,2114,32.226562,25000000.000
7786,2111,30.761719,25000000.000
7787,2112,31.250000,25000000.000
7788,2104,27.343750,25000000.000
7789,2098,24.414062,25000000.000
7790,2090,20.507812,25000000.000
7791,2091,20.996094,25000000.000
7792,2077,14.160156,25000000.000
7793,2068,9.765625,25000000.000
7794,2059,5.371094,25000000.000
7795,2059,5.371094,25000000.000
7796,2039,-4.394531,25000000.000
7797,2028,-9.765625,25000000.000
7798,2018,-14.648438,25000000.000
7799,2016,-15.625000,25000000.000
7800,1997,-24.902344,25000000.000
7801,1990,-28.320312,25000000.000
7802,1983,-31.738281,25000000.000
7803,1982,-32.226562,25000000.000
7804,1974,-36.132812,25000000.000
7805,1972,-37.109375,25000000.000
7806,1973,-36.621094,25000000.000
7807,1973,-36.621094,25000000.000
7808,1980,-33.203125,25000000.000
7809,1985,-30.761719,25000000.000
7810,1992,-27.343750,25000000.000
7811,1993,-26.855469,25000000.000
7812,2008,-19.531250,25000000.000
7813,2019,-14.160156,25000000.000
7814,2031,-8.300781,25000000.000
7815,2030,-8.789062,25000000.000
7816,2053,2.441406,25000000.000
7817,2064,7.812500,25000000.000
7818,2076,13.671875,25000000.000
7819,2077,14.160156,25000000.000
7820,2096,23.437500,25000000.000
7821,2103,26.855469,25000000.000
7822,2108,29.296875,25000000.000
7823,2109,29.785156,25000000.000
7824,2115,32.714844,25000000.000
7825,2114,32.226562,25000000.000
7826,2114,32.226562,25000000.000
7827,2113,31.738281,25000000.000
7828,2107,28.808594,25000000.000
7829,2102,26.367188,25000000.000
7830,2096,23.437500,25000000.000
7831,2096,23.437500,25000000.000
7832,2083,17.089844,25000000.000
7833,2075,13.183594,25000000.000
7834,2067,9.277344,25000000.000
7835,2066,8.789062,25000000.000
7836,2049,0.488281,25000000.000
7837,2037,-5.371094,25000000.000
7838,2028,-9.765625,25000000.000
7839,2027,-10.253906,25000000.000
7840,2006,-20.507812,25000000.000
7841,1996,-25.390625,25000000.000
7842,1986,-30.273438,25000000.000
7843,1986,-30.273438,25000000.000
7844,1975,-35.644531,25000000.000
7845,1971,-37.597656,25000000.000
7846,1969,-38.574219,25000000.000
7847,1970,-38.085938,25000000.000
7848,1973,-36.621094,25000000.000
7849,1980,-33.203125,25000000.000
7850,1987,-29.785156,25000000.000
7851,1988,-29.296875,25000000.000
7852,2005,-20.996094,25000000.000
7853,2013,-17.089844,25000000.000
7854,2024,-11.718750,25000000.000
7855,2025,-11.230469,25000000.000
7856,2046,-0.976562,25000000.000
7857,2058,4.882812,25000000.000
7858,2067,9.277344,25000000.000
7859,2068,9.765625,25000000.000
7860,2087,19.042969,25000000.000
7861,2097,23.925781,25000000.000
7862,2102,26.367188,25000000.000
7863,2104,27.343750,25000000.000
7864,2113,31.738281,25000000.000
7865,2116,33.203125,25000000.000
7866,2117,33.691406,25000000.000
7867,2116,33.203125,25000000.000
7868,2112,31.250000,25000000.000
7869,2108,29.296875,25000000.000
7870,2103,26.855469,25000000.000
7871,2103,26.855469,25000000.000
7872,2091,20.996094,25000000.000
7873,2083,17.089844,25000000.000
7874,2076,13.671875,25000000.000
7875,2075,13.183594,25000000.000
7876,2058,4.882812,25000000.000
7877,2048,0.000000,25000000.000
7878,2037,-5.371094,25000000.000
7879,2036,-5.859375,25000000.000
7880,2016,-15.625000,25000000.000
7881,2005,-20.996094,25000000.000
7882,1995,-25.878906,25000000.000
7883,1994,-26.367188,25000000.000
7884,1980,-33.203125,25000000.000
7885,1976,-35.156250,25000000.000
7886,1973,-36.621094,25000000.000
7887,1972,-37.109375,25000000.000
7888,1972,-37.109375,25000000.000
7889,1976,-35.156250,25000000.000
7890,1979,-33.691406,25000000.000
7891,1981,-32.714844,25000000.000
7892,1991,-27.832031,25000000.000
7893,2000,-23.437500,25000000.000
7894,2010,-18.554688,25000000.000
7895,2011,-18.066406,25000000.000
7896,2031,-8.300781,25000000.000
7897,2043,-2.441406,25000000.000
7898,2054,2.929688,25000000.000
7899,2055,3.417969,25000000.000
7900,2078,14.648438,25000000.000
7901,2089,20.019531,25000000.000
7902,2098,24.414062,25000000.000
7903,2099,24.902344,25000000.000
7904,2112,31.250000,25000000.000
7905,2117,33.691406,25000000.000
7906,2118,34.179688,25000000.000
7907,2118,34.179688,25000000.000
7908,2116,33.203125,25000000.000
7909,2112,31.250000,25000000.000
7910,2109,29.785156,25000000.000
7911,2108,29.296875,25000000.000
7912,2096,23.437500,25000000.000
7913,2090,20.507812,25000000.000
7914,2083,17.089844,25000000.000
7915,2082,16.601562,25000000.000
7916,2066,8.789062,25000000.000
7917,2057,4.394531,25000000.000
7918,2047,-0.488281,25000000.000
7919,2046,-0.976562,25000000.000
7920,2026,-10.742188,25000000.000
7921,2014,-16.601562,25000000.000
7922,2002,-22.460938,25000000.000
7923,2002,-22.460938,25000000.000
7924,1985,-30.761719,25000000.000
7925,1976,-35.156250,25000000.000
7926,1971,-37.597656,25000000.000
7927,1971,-37.597656,25000000.000
7928,1968,-39.062500,25000000.000
7929,1969,-38.574219,25000000.000
7930,1973,-36.621094,25000000.000
7931,1974,-36.132812,25000000.000
7932,1986,-30.273438,25000000.000
7933,1994,-26.367188,25000000.000
7934,2003,-21.972656,25000000.000
7935,2005,-20.996094,25000000.000
7936,2024,-11.718750,25000000.000
7937,2035,-6.347656,25000000.000
7938,2046,-0.976562,25000000.000
7939,2047,-0.488281,25000000.000
7940,2067,9.277344,25000000.000
7941,2076,13.671875,25000000.000
7942,2087,19.042969,25000000.000
7943,2088,19.531250,25000000.000
7944,2103,26.855469,25000000.000
7945,2108,29.296875,25000000.000
7946,2114,32.226562,25000000.000
7947,2113,31.738281,25000000.000
7948,2117,33.691406,25000000.000
7949,2115,32.714844,25000000.000
7950,2112,31.250000,25000000.000
7951,2112,31.250000,25000000.000
7952,2103,26.855469,25000000.000
7953,2096,23.437500,25000000.000
7954,2089,20.019531,25000000.000
7955,2088,19.531250,25000000.000
7956,2074,12.695312,25000000.000
7957,2065,8.300781,25000000.000
7958,2055,3.417969,25000000.000
7959,2054,2.929688,25000000.000
7960,2034,-6.835938,25000000.000
7961,2023,-12.207031,25000000.000
7962,2012,-17.578125,25000000.000
7963,2010,-18.554688,25000000.000
7964,1993,-26.855469,25000000.000
7965,1983,-31.738281,25000000.000
7966,1978,-34.179688,25000000.000
7967,1977,-34.667969,25000000.000
7968,1970,-38.085938,25000000.000
7969,1969,-38.574219,25000000.000
7970,1972,-37.109375,25000000.000
7971,1970,-38.085938,25000000.000
7972,1979,-33.691406,25000000.000
7973,1985,-30.761719,25000000.000
7974,1992,-27.343750,25000000.000
7975,1994,-26.367188,25000000.000
7976,2011,-18.066406,25000000.000
7977,2021,-13.183594,25000000.000
7978,2034,-6.835938,25000000.000
7979,2034,-6.835938,25000000.000
7980,2056,3.906250,25000000.000
7981,2068,9.765625,25000000.000
7982,2080,15.625000,25000000.000
7983,2081,16.113281,25000000.000
7984,2100,25.390625,25000000.000
7985,2107,28.808594,25000000.000
7986,2113,31.738281,25000000.000
7987,2113,31.738281,25000000.000
7988,2119,34.667969,25000000.000
7989,2116,33.203125,25000000.000
7990,2115,32.714844,25000000.000
7991,2115,32.714844,25000000.000
7992,2107,28.808594,25000000.000
7993,2100,25.390625,25000000.000
7994,2094,22.460938,25000000.000
7995,2094,22.460938,25000000.000
7996,2080,15.625000,25000000.000
7997,2072,11.718750,25000000.000
7998,2063,7.324219,25000000.000
7999,2063,7.324219,25000000.000
8000,2045,-1.464844,25000000.000
8001,2034,-6.835938,25000000.000
8002,2022,-12.695312,25000000.000
8003,2022,-12.695312,25000000.000
8004,2001,-22.949219,25000000.000
8005,1992,-27.343750,25000000.000
8006,1982,-32.226562,25000000.000
8007,1982,-32.226562,25000000.000
8008,1971,-37.597656,25000000.000
8009,1967,-39.550781,25000000.000
8010,1968,-39.062500,25000000.000
8011,1968,-39.062500,25000000.000
8012,1975,-35.644531,25000000.000
8013,1981,-32.714844,25000000.000
8014,1988,-29.296875,25000000.000
8015,1988,-29.296875,25000000.000
8016,2007,-20.019531,25000000.000
8017,2018,-14.648438,25000000.000
8018,2028,-9.765625,25000000.000
8019,2029,-9.277344,25000000.000
8020,2050,0.976562,25000000.000
8021,2062,6.835938,25000000.000
8022,2071,11.230469,25000000.000
8023,2076,13.671875,25000000.000
8024,2092,21.484375,25000000.000
8025,2101,25.878906,25000000.000
8026,2106,28.320312,25000000.000
8027,2106,28.320312,25000000.000
8028,2115,32.714844,25000000.000
8029,2116,33.203125,25000000.000
8030,2117,33.691406,25000000.000
8031,2115,32.714844,25000000.000
8032,2111,30.761719,25000000.000
8033,2106,28.320312,25000000.000
8034,2102,26.367188,25000000.000
8035,2102,26.367188,25000000.000
8036,2088,19.531250,25000000.000
8037,2081,16.113281,25000000.000
8038,2072,11.718750,25000000.000
8039,2072,11.718750,25000000.000
8040,2054,2.929688,25000000.000
8041,2043,-2.441406,25000000.000
8042,2032,-7.812500,25000000.000
8043,2031,-8.300781,25000000.000
8044,2011,-18.066406,25000000.000
8045,2001,-22.949219,25000000.000
8046,1992,-27.343750,25000000.000
8047,1990,-28.320312,25000000.000
8048,1978,-34.179688,25000000.000
8049,1974,-36.132812,25000000.000
8050,1973,-36.621094,25000000.000
8051,1972,-37.109375,25000000.000
8052,1973,-36.621094,25000000.000
8053,1976,-35.156250,25000000.000
8054,1981,-32.714844,25000000.000
8055,1982,-32.226562,25000000.000
8056,1995,-25.878906,25000000.000
8057,2004,-21.484375,25000000.000
8058,2014,-16.601562,25000000.000
8059,2014,-16.601562,25000000.000
8060,2037,-5.371094,25000000.000
8061,2049,0.488281,25000000.000
8062,2060,5.859375,25000000.000
8063,2062,6.835938,25000000.000
8064,2083,17.089844,25000000.000
8065,2094,22.460938,25000000.000
8066,2103,26.855469,25000000.000
8067,2103,26.855469,25000000.000
8068,2113,31.738281,25000000.000
8069,2117,33.691406,25000000.000
8070,2118,34.179688,25000000.000
8071,2116,33.203125,25000000.000
8072,2114,32.226562,25000000.000
8073,2109,29.785156,25000000.000
8074,2105,27.832031,25000000.000
8075,2105,27.832031,25000000.000
8076,2091,20.996094,25000000.000
8077,2086,18.554688,25000000.000
8078,2078,14.648438,25000000.000
8079,2075,13.183594,25000000.000
8080,2060,5.859375,25000000.000
8081,2051,1.464844,25000000.000
8082,2040,-3.906250,25000000.000
8083,2039,-4.394531,25000000.000
8084,2020,-13.671875,25000000.000
8085,2008,-19.531250,25000000.000
8086,1999,-23.925781,25000000.000
8087,1998,-24.414062,25000000.000
8088,1982,-32.226562,25000000.000
8089,1977,-34.667969,25000000.000
8090,1973,-36.621094,25000000.000
8091,1973,-36.621094,25000000.000
8092,1970,-38.085938,25000000.000
8093,1972,-37.109375,25000000.000
8094,1977,-34.667969,25000000.000
8095,1978,-34.179688,25000000.000
8096,1990,-28.320312,25000000.000
8097,2000,-23.437500,25000000.000
8098,2009,-19.042969,25000000.000
8099,2010,-18.554688,25000000.000
8100,2029,-9.277344,25000000.000
8101,2041,-3.417969,25000000.000
8102,2051,1.464844,25000000.000
8103,2053,2.441406,25000000.000
8104,2075,13.183594,25000000.000
8105,2084,17.578125,25000000.000
8106,2094,22.460938,25000000.000
8107,2095,22.949219,25000000.000
8108,2108,29.296875,25000000.000
8109,2112,31.250000,25000000.000
8110,2117,33.691406,25000000.000
8111,2117,33.691406,25000000.000
8112,2115,32.714844,25000000.000
8113,2113,31.738281,25000000.000
8114,2110,30.273438,25000000.000
8115,2111,30.761719,25000000.000
8116,2099,24.902344,25000000.000
8117,2093,21.972656,25000000.000
8118,2085,18.066406,25000000.000
8119,2085,18.066406,25000000.000
8120,2068,9.765625,25000000.000
8121,2059,5.371094,25000000.000
8122,2049,0.488281,25000000.000
8123,2047,-0.488281,25000000.000
8124,2027,-10.253906,25000000.000
8125,2016,-15.625000,25000000.000
8126,2005,-20.996094,25000000.000
8127,2005,-20.996094,25000000.000
8128,1988,-29.296875,25000000.000
8129,1982,-32.226562,25000000.000
8130,1976,-35.156250,25000000.000
8131,1977,-34.667969,25000000.000
8132,1971,-37.597656,25000000.000
8133,1972,-37.109375,25000000.000
8134,1974,-36.132812,25000000.000
8135,1974,-36.132812,25000000.000
8136,1982,-32.226562,25000000.000
8137,1989,-28.808594,25000000.000
8138,1997,-24.902344,25000000.000
8139,1998,-24.414062,25000000.000
8140,2016,-15.625000,25000000.000
8141,2027,-10.253906,25000000.000
8142,2040,-3.906250,25000000.000
8143,2041,-3.417969,25000000.000
8144,2064,7.812500,25000000.000
8145,2076,13.671875,25000000.000
8146,2087,19.042969,25000000.000
8147,2088,19.531250,25000000.000
8148,2105,27.832031,25000000.000
8149,2111,30.761719,25000000.000
8150,2115,32.714844,25000000.000
8151,2116,33.203125,25000000.000
8152,2119,34.667969,25000000.000
8153,2116,33.203125,25000000.000
8154,2114,32.226562,25000000.000
8155,2113,31.738281,25000000.000
8156,2103,26.855469,25000000.000
8157,2097,23.925781,25000000.000
8158,2090,20.507812,25000000.000
8159,2089,20.019531,25000000.000
8160,2074,12.695312,25000000.000
8161,2066,8.789062,25000000.000
8162,2057,4.394531,25000000.000
8163,2056,3.906250,25000000.000
8164,2037,-5.371094,25000000.000
8165,2026,-10.742188,25000000.000
8166,2016,-15.625000,25000000.000
8167,2015,-16.113281,25000000.000
8168,1994,-26.367188,25000000.000
8169,1987,-29.785156,25000000.000
8170,1980,-33.203125,25000000.000
8171,1979,-33.691406,25000000.000
8172,1969,-38.574219,25000000.000
8173,1968,-39.062500,25000000.000
8174,1968,-39.062500,25000000.000
8175,1969,-38.574219,25000000.000
8176,1976,-35.156250,25000000.000
8177,1983,-31.738281,25000000.000
8178,1991,-27.832031,25000000.000
8179,1992,-27.343750,25000000.000
8180,2009,-19.042969,25000000.000
8181,2022,-12.695312,25000000.000
8182,2032,-7.812500,25000000.000
8183,2033,-7.324219,25000000.000
8184,2055,3.417969,25000000.000
8185,2067,9.277344,25000000.000
8186,2078,14.648438,25000000.000
8187,2078,14.648438,25000000.000
8188,2095,22.949219,25000000.000
8189,2104,27.343750,25000000.000
8190,2110,30.273438,25000000.000
8191,2111,30.761719,25000000.000
8192,2117,33.691406,25000000.000
8193,2118,34.179688,25000000.000
8194,2117,33.691406,25000000.000
8195,2118,34.179688,25000000.000
8196,2111,30.761719,25000000.000
8197,2108,29.296875,25000000.000
8198,2099,24.902344,25000000.000
8199,2099,24.902344,25000000.000
8200,2083,17.089844,25000000.000
8201,2075,13.183594,25000000.000
8202,2066,8.789062,25000000.000
8203,2064,7.812500,25000000.000
8204,2045,-1.464844,25000000.000
8205,2034,-6.835938,25000000.000
8206,2022,-12.695312,25000000.000
8207,2021,-13.183594,25000000.000
8208,2004,-21.484375,25000000.000
8209,1995,-25.878906,25000000.000
8210,1988,-29.296875,25000000.000
8211,1986,-30.273438,25000000.000
8212,1977,-34.667969,25000000.000
8213,1974,-36.132812,25000000.000
8214,1972,-37.109375,25000000.000
8215,1973,-36.621094,25000000.000
8216,1974,-36.132812,25000000.000
8217,1980,-33.203125,25000000.000
8218,1984,-31.250000,25000000.000
8219,1985,-30.761719,25000000.000
8220,1999,-23.925781,25000000.000
8221,2008,-19.531250,25000000.000
8222,2019,-14.160156,25000000.000
8223,2020,-13.671875,25000000.000
8224,2043,-2.441406,25000000.000
8225,2055,3.417969,25000000.000
8226,2067,9.277344,25000000.000
8227,2069,10.253906,25000000.000
8228,2090,20.507812,25000000.000
8229,2100,25.390625,25000000.000
8230,2107,28.808594,25000000.000
8231,2108,29.296875,25000000.000
8232,2118,34.179688,25000000.000
8233,2120,35.156250,25000000.000
8234,2119,34.667969,25000000.000
8235,2120,35.156250,25000000.000
8236,2115,32.714844,25000000.000
8237,2110,30.273438,25000000.000
8238,2104,27.343750,25000000.000
8239,2103,26.855469,25000000.000
8240,2089,20.019531,25000000.000
8241,2082,16.601562,25000000.000
8242,2074,12.695312,25000000.000
8243,2073,12.207031,25000000.000
8244,2055,3.417969,25000000.000
8245,2045,-1.464844,25000000.000
8246,2034,-6.835938,25000000.000
8247,2033,-7.324219,25000000.000
8248,2013,-17.089844,25000000.000
8249,2002,-22.460938,25000000.000
8250,1992,-27.343750,25000000.000
8251,1992,-27.343750,25000000.000
8252,1977,-34.667969,25000000.000
8253,1972,-37.109375,25000000.000
8254,1970,-38.085938,25000000.000
8255,1968,-39.062500,25000000.000
8256,1970,-38.085938,25000000.000
8257,1972,-37.109375,25000000.000
8258,1978,-34.179688,25000000.000
8259,1979,-33.691406,25000000.000
8260,1993,-26.855469,25000000.000
8261,2003,-21.972656,25000000.000
8262,2013,-17.089844,25000000.000
8263,2015,-16.113281,25000000.000
8264,2035,-6.347656,25000000.000
8265,2047,-0.488281,25000000.000
8266,2058,4.882812,25000000.000
8267,2059,5.371094,25000000.000
8268,2080,15.625000,25000000.000
8269,2090,20.507812,25000000.000
8270,2099,24.902344,25000000.000
8271,2100,25.390625,25000000.000
8272,2113,31.738281,25000000.000
8273,2118,34.179688,25000000.000
8274,2121,35.644531,25000000.000
8275,2121,35.644531,25000000.000
8276,2118,34.179688,25000000.000
8277,2115,32.714844,25000000.000
8278,2110,30.273438,25000000.000
8279,2110,30.273438,25000000.000
8280,2096,23.437500,25000000.000
8281,2090,20.507812,25000000.000
8282,2080,15.625000,25000000.000
8283,2080,15.625000,25000000.000
8284,2062,6.835938,25000000.000
8285,2053,2.441406,25000000.000
8286,2042,-2.929688,25000000.000
8287,2040,-3.906250,25000000.000
8288,2020,-13.671875,25000000.000
8289,2011,-18.066406,25000000.000
8290,2001,-22.949219,25000000.000
8291,2000,-23.437500,25000000.000
8292,1986,-30.273438,25000000.000
8293,1979,-33.691406,25000000.000
8294,1976,-35.156250,25000000.000
8295,1975,-35.644531,25000000.000
8296,1972,-37.109375,25000000.000
8297,1973,-36.621094,25000000.000
8298,1977,-34.667969,25000000.000
8299,1976,-35.156250,25000000.000
8300,1987,-29.785156,25000000.000
8301,1993,-26.855469,25000000.000
8302,2001,-22.949219,25000000.000
8303,2003,-21.972656,25000000.000
8304,2022,-12.695312,25000000.000
8305,2034,-6.835938,25000000.000
8306,2046,-0.976562,25000000.000
8307,2048,0.000000,25000000.000
8308,2070,10.742188,25000000.000
8309,2082,16.601562,25000000.000
8310,2094,22.460938,25000000.000
8311,2095,22.949219,25000000.000
8312,2110,30.273438,25000000.000
8313,2114,32.226562,25000000.000
8314,2118,34.179688,25000000.000
8315,2119,34.667969,25000000.000
8316,2118,34.179688,25000000.000
8317,2117,33.691406,25000000.000
8318,2112,31.250000,25000000.000
8319,2111,30.761719,25000000.000
8320,2100,25.390625,25000000.000
8321,2092,21.484375,25000000.000
8322,2085,18.066406,25000000.000
8323,2084,17.578125,25000000.000
8324,2068,9.765625,25000000.000
8325,2059,5.371094,25000000.000
8326,2049,0.488281,25000000.000
8327,2048,0.000000,25000000.000
8328,2030,-8.789062,25000000.000
8329,2019,-14.160156,25000000.000
8330,2010,-18.554688,25000000.000
8331,2008,-19.531250,25000000.000
8332,1991,-27.832031,25000000.000
8333,1983,-31.738281,25000000.000
8334,1977,-34.667969,25000000.000
8335,1976,-35.156250,25000000.000
8336,1969,-38.574219,25000000.000
8337,1968,-39.062500,25000000.000
8338,1970,-38.085938,25000000.000
8339,1971,-37.597656,25000000.000
8340,1980,-33.203125,25000000.000
8341,1986,-30.273438,25000000.000
8342,1996,-25.390625,25000000.000
8343,1997,-24.902344,25000000.000
8344,2016,-15.625000,25000000.000
8345,2027,-10.253906,25000000.000
8346,2040,-3.906250,25000000.000
8347,2040,-3.906250,25000000.000
8348,2063,7.324219,25000000.000
8349,2074,12.695312,25000000.000
8350,2083,17.089844,25000000.000
8351,2086,18.554688,25000000.000
8352,2103,26.855469,25000000.000
8353,2108,29.296875,25000000.000
8354,2114,32.226562,25000000.000
8355,2114,32.226562,25000000.000
8356,2119,34.667969,25000000.000
8357,2118,34.179688,25000000.000
8358,2115,32.714844,25000000.000
8359,2116,33.203125,25000000.000
8360,2107,28.808594,25000000.000
8361,2100,25.390625,25000000.000
8362,2093,21.972656,25000000.000
8363,2091,20.996094,25000000.000
8364,2077,14.160156,25000000.000
8365,2067,9.277344,25000000.000
8366,2057,4.394531,25000000.000
8367,2057,4.394531,25000000.000
8368,2036,-5.859375,25000000.000
8369,2028,-9.765625,25000000.000
8370,2017,-15.136719,25000000.000
8371,2019,-14.160156,25000000.000
8372,1996,-25.390625,25000000.000
8373,1991,-27.832031,25000000.000
8374,1984,-31.250000,25000000.000
8375,1983,-31.738281,25000000.000
8376,1974,-36.132812,25000000.000
8377,1973,-36.621094,25000000.000
8378,1972,-37.109375,25000000.000
8379,1972,-37.109375,25000000.000
8380,1977,-34.667969,25000000.000
8381,1982,-32.226562,25000000.000
8382,1987,-29.785156,25000000.000
8383,1988,-29.296875,25000000.000
8384,2004,-21.484375,25000000.000
8385,2014,-16.601562,25000000.000
8386,2026,-10.742188,25000000.000
8387,2026,-10.742188,25000000.000
8388,2051,1.464844,25000000.000
8389,2063,7.324219,25000000.000
8390,2075,13.183594,25000000.000
8391,2075,13.183594,25000000.000
8392,2095,22.949219,25000000.000
8393,2104,27.343750,25000000.000
8394,2111,30.761719,25000000.000
8395,2112,31.250000,25000000.000
8396,2119,34.667969,25000000.000
8397,2119,34.667969,25000000.000
8398,2117,33.691406,25000000.000
8399,2117,33.691406,25000000.000
8400,2110,30.273438,25000000.000
8401,2105,27.832031,25000000.000
8402,2099,24.902344,25000000.000
8403,2098,24.414062,25000000.000
8404,2083,17.089844,25000000.000
8405,2076,13.671875,25000000.000
8406,2067,9.277344,25000000.000
8407,2067,9.277344,25000000.000
8408,2048,0.000000,25000000.000
8409,2037,-5.371094,25000000.000
8410,2028,-9.765625,25000000.000
8411,2025,-11.230469,25000000.000
8412,2008,-19.531250,25000000.000
8413,1997,-24.902344,25000000.000
8414,1991,-27.832031,25000000.000
8415,1989,-28.808594,25000000.000
8416,1975,-35.644531,25000000.000
8417,1974,-36.132812,25000000.000
8418,1971,-37.597656,25000000.000
8419,1971,-37.597656,25000000.000
8420,1973,-36.621094,25000000.000
8421,1977,-34.667969,25000000.000
8422,1983,-31.738281,25000000.000
8423,1983,-31.738281,25000000.000
8424,1998,-24.414062,25000000.000
8425,2008,-19.531250,25000000.000
8426,2019,-14.160156,25000000.000
8427,2020,-13.671875,25000000.000
8428,2042,-2.929688,25000000.000
8429,2053,2.441406,25000000.000
8430,2065,8.300781,25000000.000
8431,2066,8.789062,25000000.000
8432,2087,19.042969,25000000.000
8433,2096,23.437500,25000000.000
8434,2105,27.832031,25000000.000
8435,2104,27.343750,25000000.000
8436,2114,32.226562,25000000.000
8437,2118,34.179688,25000000.000
8438,2119,34.667969,25000000.000
8439,2119,34.667969,25000000.000
8440,2116,33.203125,25000000.000
8441,2112,31.250000,25000000.000
8442,2107,28.808594,25000000.000
8443,2106,28.320312,25000000.000
8444,2093,21.972656,25000000.000
8445,2084,17.578125,25000000.000
8446,2074,12.695312,25000000.000
8447,2073,12.207031,25000000.000
8448,2054,2.929688,25000000.000
8449,2044,-1.953125,25000000.000
8450,2034,-6.835938,25000000.000
8451,2032,-7.812500,25000000.000
8452,2013,-17.089844,25000000.000
8453,2005,-20.996094,25000000.000
8454,1996,-25.390625,25000000.000
8455,1996,-25.390625,25000000.000
8456,1983,-31.738281,25000000.000
8457,1978,-34.179688,25000000.000
8458,1976,-35.156250,25000000.000
8459,1976,-35.156250,25000000.000
8460,1974,-36.132812,25000000.000
8461,1975,-35.644531,25000000.000
8462,1978,-34.179688,25000000.000
8463,1979,-33.691406,25000000.000
8464,1989,-28.808594,25000000.000
8465,1998,-24.414062,25000000.000
8466,2007,-20.019531,25000000.000
8467,2008,-19.531250,25000000.000
8468,2029,-9.277344,25000000.000
8469,2041,-3.417969,25000000.000
8470,2053,2.441406,25000000.000
8471,2054,2.929688,25000000.000
8472,2078,14.648438,25000000.000
8473,2088,19.531250,25000000.000
8474,2097,23.925781,25000000.000
8475,2100,25.390625,25000000.000
8476,2113,31.738281,25000000.000
8477,2118,34.179688,25000000.000
8478,2121,35.644531,25000000.000
8479,2120,35.156250,25000000.000
8480,2119,34.667969,25000000.000
8481,2116,33.203125,25000000.000
8482,2112,31.250000,25000000.000
8483,2110,30.273438,25000000.000
8484,2097,23.925781,25000000.000
8485,2089,20.019531,25000000.000
8486,2081,16.113281,25000000.000
8487,2079,15.136719,25000000.000
8488,2063,7.324219,25000000.000
8489,2053,2.441406,25000000.000
8490,2045,-1.464844,25000000.000
8491,2043,-2.441406,25000000.000
8492,2024,-11.718750,25000000.000
8493,2015,-16.113281,25000000.000
8494,2004,-21.484375,25000000.000
8495,2005,-20.996094,25000000.000
8496,1989,-28.808594,25000000.000
8497,1983,-31.738281,25000000.000
8498,1978,-34.179688,25000000.000
8499,1975,-35.644531,25000000.000
8500,1971,-37.597656,25000000.000
8501,1969,-38.574219,25000000.000
8502,1973,-36.621094,25000000.000
8503,1973,-36.621094,25000000.000
8504,1984,-31.250000,25000000.000
8505,1991,-27.832031,25000000.000
8506,2001,-22.949219,25000000.000
8507,2002,-22.460938,25000000.000
8508,2022,-12.695312,25000000.000
8509,2034,-6.835938,25000000.000
8510,2046,-0.976562,25000000.000
8511,2047,-0.488281,25000000.000
8512,2069,10.253906,25000000.000
8513,2079,15.136719,25000000.000
8514,2088,19.531250,25000000.000
8515,2091,20.996094,25000000.000
8516,2105,27.832031,25000000.000
8517,2111,30.761719,25000000.000
8518,2116,33.203125,25000000.000
8519,2116,33.203125,25000000.000
8520,2119,34.667969,25000000.000
8521,2118,34.179688,25000000.000
8522,2115,32.714844,25000000.000
8523,2113,31.738281,25000000.000
8524,2105,27.832031,25000000.000
8525,2098,24.414062,25000000.000
8526,2089,20.019531,25000000.000
8527,2089,20.019531,25000000.000
8528,2070,10.742188,25000000.000
8529,2061,6.347656,25000000.000
8530,2051,1.464844,25000000.000
8531,2049,0.488281,25000000.000
8532,2029,-9.277344,25000000.000
8533,2019,-14.160156,25000000.000
8534,2010,-18.554688,25000000.000
8535,2009,-19.042969,25000000.000
8536,1993,-26.855469,25000000.000
8537,1985,-30.761719,25000000.000
8538,1980,-33.203125,25000000.000
8539,1979,-33.691406,25000000.000
8540,1973,-36.621094,25000000.000
8541,1973,-36.621094,25000000.000
8542,1973,-36.621094,25000000.000
8543,1973,-36.621094,25000000.000
8544,1979,-33.691406,25000000.000
8545,1984,-31.250000,25000000.000
8546,1991,-27.832031,25000000.000
8547,1992,-27.343750,25000000.000
8548,2011,-18.066406,25000000.000
8549,2022,-12.695312,25000000.000
8550,2033,-7.324219,25000000.000
8551,2034,-6.835938,25000000.000
8552,2058,4.882812,25000000.000
8553,2071,11.230469,25000000.000
8554,2082,16.601562,25000000.000
8555,2083,17.089844,25000000.000
8556,2102,26.367188,25000000.000
8557,2109,29.785156,25000000.000
8558,2114,32.226562,25000000.000
8559,2115,32.714844,25000000.000
8560,2119,34.667969,25000000.000
8561,2119,34.667969,25000000.000
8562,2116,33.203125,25000000.000
8563,2116,33.203125,25000000.000
8564,2108,29.296875,25000000.000
8565,2102,26.367188,25000000.000
8566,2094,22.460938,25000000.000
8567,2093,21.972656,25000000.000
8568,2078,14.648438,25000000.000
8569,2069,10.253906,25000000.000
8570,2060,5.859375,25000000.000
8571,2059,5.371094,25000000.000
8572,2040,-3.906250,25000000.000
8573,2031,-8.300781,25000000.000
8574,2020,-13.671875,25000000.000
8575,2020,-13.671875,25000000.000
8576,2002,-22.460938,25000000.000
8577,1993,-26.855469,25000000.000
8578,1985,-30.761719,25000000.000
8579,1985,-30.761719,25000000.000
8580,1975,-35.644531,25000000.000
8581,1972,-37.109375,25000000.000
8582,1970,-38.085938,25000000.000
8583,1971,-37.597656,25000000.000
8584,1974,-36.132812,25000000.000
8585,1979,-33.691406,25000000.000
8586,1987,-29.785156,25000000.000
8587,1988,-29.296875,25000000.000
8588,2006,-20.507812,25000000.000
8589,2016,-15.625000,25000000.000
8590,2026,-10.742188,25000000.000
8591,2028,-9.765625,25000000.000
8592,2050,0.976562,25000000.000
8593,2062,6.835938,25000000.000
8594,2073,12.207031,25000000.000
8595,2073,12.207031,25000000.000
8596,2092,21.484375,25000000.000
8597,2101,25.878906,25000000.000
8598,2107,28.808594,25000000.000
8599,2109,29.785156,25000000.000
8600,2117,33.691406,25000000.000
8601,2119,34.667969,25000000.000
8602,2118,34.179688,25000000.000
8603,2118,34.179688,25000000.000
8604,2112,31.250000,25000000.000
8605,2108,29.296875,25000000.000
8606,2102,26.367188,25000000.000
8607,2101,25.878906,25000000.000
8608,2087,19.042969,25000000.000
8609,2078,14.648438,25000000.000
8610,2068,9.765625,25000000.000
8611,2067,9.277344,25000000.000
8612,2048,0.000000,25000000.000
8613,2038,-4.882812,25000000.000
8614,2028,-9.765625,25000000.000
8615,2027,-10.253906,25000000.000
8616,2008,-19.531250,25000000.000
8617,1999,-23.925781,25000000.000
8618,1992,-27.343750,25000000.000
8619,1991,-27.832031,25000000.000
8620,1981,-32.714844,25000000.000
8621,1977,-34.667969,25000000.000
8622,1974,-36.132812,25000000.000
8623,1974,-36.132812,25000000.000
8624,1974,-36.132812,25000000.000
8625,1978,-34.179688,25000000.000
8626,1981,-32.714844,25000000.000
8627,1982,-32.226562,25000000.000
8628,1993,-26.855469,25000000.000
8629,2004,-21.484375,25000000.000
8630,2014,-16.601562,25000000.000
8631,2015,-16.113281,25000000.000
8632,2037,-5.371094,25000000.000
8633,2048,0.000000,25000000.000
8634,2062,6.835938,25000000.000
8635,2063,7.324219,25000000.000
8636,2085,18.066406,25000000.000
8637,2096,23.437500,25000000.000
8638,2104,27.343750,25000000.000
8639,2106,28.320312,25000000.000
8640,2117,33.691406,25000000.000
8641,2120,35.156250,25000000.000
8642,2120,35.156250,25000000.000
8643,2120,35.156250,25000000.000
8644,2116,33.203125,25000000.000
8645,2112,31.250000,25000000.000
8646,2106,28.320312,25000000.000
8647,2106,28.320312,25000000.000
8648,2094,22.460938,25000000.000
8649,2085,18.066406,25000000.000
8650,2077,14.160156,25000000.000
8651,2076,13.671875,25000000.000
8652,2058,4.882812,25000000.000
8653,2048,0.000000,25000000.000
8654,2038,-4.882812,25000000.000
8655,2038,-4.882812,25000000.000
8656,2018,-14.648438,25000000.000
8657,2010,-18.554688,25000000.000
8658,2000,-23.437500,25000000.000
8659,1999,-23.925781,25000000.000
8660,1984,-31.250000,25000000.000
8661,1978,-34.179688,25000000.000
8662,1973,-36.621094,25000000.000
8663,1973,-36.621094,25000000.000
8664,1970,-38.085938,25000000.000
8665,1972,-37.109375,25000000.000
8666,1975,-35.644531,25000000.000
8667,1975,-35.644531,25000000.000
8668,1988,-29.296875,25000000.000
8669,1997,-24.902344,25000000.000
8670,2008,-19.531250,25000000.000
8671,2008,-19.531250,25000000.000
8672,2029,-9.277344,25000000.000
8673,2040,-3.906250,25000000.000
8674,2053,2.441406,25000000.000
8675,2054,2.929688,25000000.000
8676,2076,13.671875,25000000.000
8677,2086,18.554688,25000000.000
8678,2096,23.437500,25000000.000
8679,2096,23.437500,25000000.000
8680,2111,30.761719,25000000.000
8681,2115,32.714844,25000000.000
8682,2119,34.667969,25000000.000
8683,2119,34.667969,25000000.000
8684,2119,34.667969,25000000.000
8685,2115,32.714844,25000000.000
8686,2110,30.273438,25000000.000
8687,2111,30.761719,25000000.000
8688,2099,24.902344,25000000.000
8689,2092,21.484375,25000000.000
8690,2083,17.089844,25000000.000
8691,2082,16.601562,25000000.000
8692,2065,8.300781,25000000.000
8693,2054,2.929688,25000000.000
8694,2044,-1.953125,25000000.000
8695,2044,-1.953125,25000000.000
8696,2023,-12.207031,25000000.000
8697,2014,-16.601562,25000000.000
8698,2005,-20.996094,25000000.000
8699,2003,-21.972656,25000000.000
8700,1987,-29.785156,25000000.000
8701,1982,-32.226562,25000000.000
8702,1977,-34.667969,25000000.000
8703,1976,-35.156250,25000000.000
8704,1972,-37.109375,25000000.000
8705,1972,-37.109375,25000000.000
8706,1974,-36.132812,25000000.000
8707,1974,-36.132812,25000000.000
8708,1982,-32.226562,25000000.000
8709,1989,-28.808594,25000000.000
8710,1997,-24.902344,25000000.000
8711,1998,-24.414062,25000000.000
8712,2017,-15.136719,25000000.000
8713,2027,-10.253906,25000000.000
8714,2038,-4.882812,25000000.000
8715,2041,-3.417969,25000000.000
8716,2064,7.812500,25000000.000
8717,2075,13.183594,25000000.000
8718,2089,20.019531,25000000.000
8719,2085,18.066406,25000000.000
8720,2103,26.855469,25000000.000
8721,2112,31.250000,25000000.000
8722,2117,33.691406,25000000.000
8723,2117,33.691406,25000000.000
8724,2121,35.644531,25000000.000
8725,2119,34.667969,25000000.000
8726,2115,32.714844,25000000.000
8727,2115,32.714844,25000000.000
8728,2104,27.343750,25000000.000
8729,2097,23.925781,25000000.000
8730,2089,20.019531,25000000.000
8731,2088,19.531250,25000000.000
8732,2071,11.230469,25000000.000
8733,2062,6.835938,25000000.000
8734,2053,2.441406,25000000.000
8735,2052,1.953125,25000000.000
8736,2034,-6.835938,25000000.000
8737,2023,-12.207031,25000000.000
8738,2014,-16.601562,25000000.000
8739,2013,-17.089844,25000000.000
8740,1997,-24.902344,25000000.000
8741,1988,-29.296875,25000000.000
8742,1982,-32.226562,25000000.000
8743,1981,-32.714844,25000000.000
8744,1973,-36.621094,25000000.000
8745,1971,-37.597656,25000000.000
8746,1971,-37.597656,25000000.000
8747,1972,-37.109375,25000000.000
8748,1976,-35.156250,25000000.000
8749,1983,-31.738281,25000000.000
8750,1992,-27.343750,25000000.000
8751,1991,-27.832031,25000000.000
8752,2010,-18.554688,25000000.000
8753,2021,-13.183594,25000000.000
8754,2031,-8.300781,25000000.000
8755,2033,-7.324219,25000000.000
8756,2055,3.417969,25000000.000
8757,2066,8.789062,25000000.000
8758,2077,14.160156,25000000.000
8759,2077,14.160156,25000000.000
8760,2095,22.949219,25000000.000
8761,2103,26.855469,25000000.000
8762,2110,30.273438,25000000.000
8763,2110,30.273438,25000000.000
8764,2119,34.667969,25000000.000
8765,2121,35.644531,25000000.000
8766,2119,34.667969,25000000.000
8767,2119,34.667969,25000000.000
8768,2113,31.738281,25000000.000
8769,2107,28.808594,25000000.000
8770,2100,25.390625,25000000.000
8771,2099,24.902344,25000000.000
8772,2082,16.601562,25000000.000
8773,2073,12.207031,25000000.000
8774,2061,6.347656,25000000.000
8775,2061,6.347656,25000000.000
8776,2042,-2.929688,25000000.000
8777,2031,-8.300781,25000000.000
8778,2022,-12.695312,25000000.000
8779,2021,-13.183594,25000000.000
8780,2005,-20.996094,25000000.000
8781,1997,-24.902344,25000000.000
8782,1990,-28.320312,25000000.000
8783,1989,-28.808594,25000000.000
8784,1981,-32.714844,25000000.000
8785,1976,-35.156250,25000000.000
8786,1974,-36.132812,25000000.000
8787,1974,-36.132812,25000000.000
8788,1975,-35.644531,25000000.000
8789,1980,-33.203125,25000000.000
8790,1984,-31.250000,25000000.000
8791,1984,-31.250000,25000000.000
8792,1999,-23.925781,25000000.000
8793,2008,-19.531250,25000000.000
8794,2020,-13.671875,25000000.000
8795,2020,-13.671875,25000000.000
8796,2043,-2.441406,25000000.000
8797,2057,4.394531,25000000.000
8798,2068,9.765625,25000000.000
8799,2069,10.253906,25000000.000
8800,2090,20.507812,25000000.000
8801,2099,24.902344,25000000.000
8802,2107,28.808594,25000000.000
8803,2109,29.785156,25000000.000
8804,2116,33.203125,25000000.000
8805,2119,34.667969,25000000.000
8806,2118,34.179688,25000000.000
8807,2119,34.667969,25000000.000
8808,2114,32.226562,25000000.000
8809,2110,30.273438,25000000.000
8810,2104,27.343750,25000000.000
8811,2104,27.343750,25000000.000
8812,2091,20.996094,25000000.000
8813,2081,16.113281,25000000.000
8814,2072,11.718750,25000000.000
8815,2071,11.230469,25000000.000
8816,2052,1.953125,25000000.000
8817,2042,-2.929688,25000000.000
8818,2033,-7.324219,25000000.000
8819,2030,-8.789062,25000000.000
8820,2013,-17.089844,25000000.000
8821,2004,-21.484375,25000000.000
8822,1995,-25.878906,25000000.000
8823,1993,-26.855469,25000000.000
8824,1981,-32.714844,25000000.000
8825,1976,-35.156250,25000000.000
8826,1973,-36.621094,25000000.000
8827,1972,-37.109375,25000000.000
8828,1972,-37.109375,25000000.000
8829,1974,-36.132812,25000000.000
8830,1979,-33.691406,25000000.000
8831,1979,-33.691406,25000000.000
8832,1994,-26.367188,25000000.000
8833,2003,-21.972656,25000000.000
8834,2014,-16.601562,25000000.000
8835,2014,-16.601562,25000000.000
8836,2036,-5.859375,25000000.000
8837,2048,0.000000,25000000.000
8838,2060,5.859375,25000000.000
8839,2061,6.347656,25000000.000
8840,2083,17.089844,25000000.000
8841,2092,21.484375,25000000.000
8842,2100,25.390625,25000000.000
8843,2101,25.878906,25000000.000
8844,2112,31.250000,25000000.000
8845,2116,33.203125,25000000.000
8846,2117,33.691406,25000000.000
8847,2117,33.691406,25000000.000
8848,2115,32.714844,25000000.000
8849,2111,30.761719,25000000.000
8850,2107,28.808594,25000000.000
8851,2107,28.808594,25000000.000
8852,2095,22.949219,25000000.000
8853,2087,19.042969,25000000.000
8854,2079,15.136719,25000000.000
8855,2078,14.648438,25000000.000
8856,2060,5.859375,25000000.000
8857,2049,0.488281,25000000.000
8858,2038,-4.882812,25000000.000
8859,2038,-4.882812,25000000.000
8860,2018,-14.648438,25000000.000
8861,2009,-19.042969,25000000.000
8862,1999,-23.925781,25000000.000
8863,1998,-24.414062,25000000.000
8864,1985,-30.761719,25000000.000
8865,1981,-32.714844,25000000.000
8866,1977,-34.667969,25000000.000
8867,1977,-34.667969,25000000.000
8868,1974,-36.132812,25000000.000
8869,1975,-35.644531,25000000.000
8870,1977,-34.667969,25000000.000
8871,1978,-34.179688,25000000.000
8872,1987,-29.785156,25000000.000
8873,1994,-26.367188,25000000.000
8874,2004,-21.484375,25000000.000
8875,2004,-21.484375,25000000.000
8876,2023,-12.207031,25000000.000
8877,2036,-5.859375,25000000.000
8878,2048,0.000000,25000000.000
8879,2049,0.488281,25000000.000
8880,2073,12.207031,25000000.000
8881,2085,18.066406,25000000.000
8882,2095,22.949219,25000000.000
8883,2097,23.925781,25000000.000
8884,2111,30.761719,25000000.000
8885,2116,33.203125,25000000.000
8886,2119,34.667969,25000000.000
8887,2119,34.667969,25000000.000
8888,2117,33.691406,25000000.000
8889,2115,32.714844,25000000.000
8890,2111,30.761719,25000000.000
8891,2110,30.273438,25000000.000
8892,2100,25.390625,25000000.000
8893,2092,21.484375,25000000.000
8894,2085,18.066406,25000000.000
8895,2084,17.578125,25000000.000
8896,2066,8.789062,25000000.000
8897,2057,4.394531,25000000.000
8898,2046,-0.976562,25000000.000
8899,2045,-1.464844,25000000.000
8900,2027,-10.253906,25000000.000
8901,2016,-15.625000,25000000.000
8902,2008,-19.531250,25000000.000
8903,2006,-20.507812,25000000.000
8904,1990,-28.320312,25000000.000
8905,1983,-31.738281,25000000.000
8906,1978,-34.179688,25000000.000
8907,1977,-34.667969,25000000.000
8908,1971,-37.597656,25000000.000
8909,1970,-38.085938,25000000.000
8910,1972,-37.109375,25000000.000
8911,1972,-37.109375,25000000.000
8912,1981,-32.714844,25000000.000
8913,1986,-30.273438,25000000.000
8914,1995,-25.878906,25000000.000
8915,1997,-24.902344,25000000.000
8916,2016,-15.625000,25000000.000
8917,2026,-10.742188,25000000.000
8918,2039,-4.394531,25000000.000
8919,2040,-3.906250,25000000.000
8920,2064,7.812500,25000000.000
8921,2075,13.183594,25000000.000
8922,2086,18.554688,25000000.000
8923,2087,19.042969,25000000.000
8924,2104,27.343750,25000000.000
8925,2111,30.761719,25000000.000
8926,2114,32.226562,25000000.000
8927,2114,32.226562,25000000.000
8928,2118,34.179688,25000000.000
8929,2118,34.179688,25000000.000
8930,2116,33.203125,25000000.000
8931,2115,32.714844,25000000.000
8932,2108,29.296875,25000000.000
8933,2101,25.878906,25000000.000
8934,2094,22.460938,25000000.000
8935,2093,21.972656,25000000.000
8936,2077,14.160156,25000000.000
8937,2067,9.277344,25000000.000
8938,2055,3.417969,25000000.000
8939,2055,3.417969,25000000.000
8940,2034,-6.835938,25000000.000
8941,2023,-12.207031,25000000.000
8942,2014,-16.601562,25000000.000
8943,2013,-17.089844,25000000.000
8944,1996,-25.390625,25000000.000
8945,1990,-28.320312,25000000.000
8946,1983,-31.738281,25000000.000
8947,1983,-31.738281,25000000.000
8948,1977,-34.667969,25000000.000
8949,1974,-36.132812,25000000.000
8950,1974,-36.132812,25000000.000
8951,1974,-36.132812,25000000.000
8952,1976,-35.156250,25000000.000
8953,1982,-32.226562,25000000.000
8954,1987,-29.785156,25000000.000
8955,1988,-29.296875,25000000.000
8956,2004,-21.484375,25000000.000
8957,2014,-16.601562,25000000.000
8958,2024,-11.718750,25000000.000
8959,2027,-10.253906,25000000.000
8960,2050,0.976562,25000000.000
8961,2064,7.812500,25000000.000
8962,2076,13.671875,25000000.000
8963,2077,14.160156,25000000.000
8964,2097,23.925781,25000000.000
8965,2105,27.832031,25000000.000
8966,2112,31.250000,25000000.000
8967,2113,31.738281,25000000.000
8968,2119,34.667969,25000000.000
8969,2120,35.156250,25000000.000
8970,2118,34.179688,25000000.000
8971,2117,33.691406,25000000.000
8972,2112,31.250000,25000000.000
8973,2106,28.320312,25000000.000
8974,2100,25.390625,25000000.000
8975,2099,24.902344,25000000.000
8976,2084,17.578125,25000000.000
8977,2075,13.183594,25000000.000
8978,2065,8.300781,25000000.000
8979,2064,7.812500,25000000.000
8980,2044,-1.953125,25000000.000
8981,2034,-6.835938,25000000.000
8982,2023,-12.207031,25000000.000
8983,2022,-12.695312,25000000.000
8984,2004,-21.484375,25000000.000
8985,1997,-24.902344,25000000.000
8986,1989,-28.808594,25000000.000
8987,1988,-29.296875,25000000.000
8988,1977,-34.667969,25000000.000
8989,1974,-36.132812,25000000.000
8990,1972,-37.109375,25000000.000
8991,1972,-37.109375,25000000.000
8992,1973,-36.621094,25000000.000
8993,1977,-34.667969,25000000.000
8994,1984,-31.250000,25000000.000
8995,1983,-31.738281,25000000.000
8996,1999,-23.925781,25000000.000
8997,2011,-18.066406,25000000.000
8998,2020,-13.671875,25000000.000
8999,2022,-12.695312,25000000.000
9000,2044,-1.953125,25000000.000
9001,2057,4.394531,25000000.000
9002,2069,10.253906,25000000.000
9003,2070,10.742188,25000000.000
9004,2090,20.507812,25000000.000
9005,2099,24.902344,25000000.000
9006,2107,28.808594,25000000.000
9007,2107,28.808594,25000000.000
9008,2115,32.714844,25000000.000
9009,2117,33.691406,25000000.000
9010,2118,34.179688,25000000.000
9011,2118,34.179688,25000000.000
9012,2114,32.226562,25000000.000
9013,2111,30.761719,25000000.000
9014,2107,28.808594,25000000.000
9015,2106,28.320312,25000000.000
9016,2093,21.972656,25000000.000
9017,2083,17.089844,25000000.000
9018,2073,12.207031,25000000.000
9019,2072,11.718750,25000000.000
9020,2050,0.976562,25000000.000
9021,2039,-4.394531,25000000.000
9022,2027,-10.253906,25000000.000
9023,2027,-10.253906,25000000.000
9024,2009,-19.042969,25000000.000
9025,2000,-23.437500,25000000.000
9026,1993,-26.855469,25000000.000
9027,1992,-27.343750,25000000.000
9028,1981,-32.714844,25000000.000
9029,1978,-34.179688,25000000.000
9030,1976,-35.156250,25000000.000
9031,1975,-35.644531,25000000.000
9032,1974,-36.132812,25000000.000
9033,1976,-35.156250,25000000.000
9034,1979,-33.691406,25000000.000
9035,1980,-33.203125,25000000.000
9036,1988,-29.296875,25000000.000
9037,1996,-25.390625,25000000.000
9038,2007,-20.019531,25000000.000
9039,2008,-19.531250,25000000.000
9040,2031,-8.300781,25000000.000
9041,2044,-1.953125,25000000.000
9042,2057,4.394531,25000000.000
9043,2058,4.882812,25000000.000
9044,2081,16.113281,25000000.000
9045,2093,21.972656,25000000.000
9046,2102,26.367188,25000000.000
9047,2103,26.855469,25000000.000
9048,2116,33.203125,25000000.000
9049,2119,34.667969,25000000.000
9050,2121,35.644531,25000000.000
9051,2121,35.644531,25000000.000
9052,2119,34.667969,25000000.000
9053,2116,33.203125,25000000.000
9054,2111,30.761719,25000000.000
9055,2112,31.250000,25000000.000
9056,2099,24.902344,25000000.000
9057,2091,20.996094,25000000.000
9058,2082,16.601562,25000000.000
9059,2080,15.625000,25000000.000
9060,2061,6.347656,25000000.000
9061,2051,1.464844,25000000.000
9062,2039,-4.394531,25000000.000
9063,2038,-4.882812,25000000.000
9064,2018,-14.648438,25000000.000
9065,2010,-18.554688,25000000.000
9066,1997,-24.902344,25000000.000
9067,2001,-22.949219,25000000.000
9068,1988,-29.296875,25000000.000
9069,1982,-32.226562,25000000.000
9070,1975,-35.644531,25000000.000
9071,1976,-35.156250,25000000.000
9072,1972,-37.109375,25000000.000
9073,1972,-37.109375,25000000.000
9074,1973,-36.621094,25000000.000
9075,1974,-36.132812,25000000.000
9076,1984,-31.250000,25000000.000
9077,1991,-27.832031,25000000.000
9078,2001,-22.949219,25000000.000
9079,2002,-22.460938,25000000.000
9080,2024,-11.718750,25000000.000
9081,2037,-5.371094,25000000.000
9082,2048,0.000000,25000000.000
9083,2049,0.488281,25000000.000
9084,2072,11.718750,25000000.000
9085,2083,17.089844,25000000.000
9086,2092,21.484375,25000000.000
9087,2094,22.460938,25000000.000
9088,2109,29.785156,25000000.000
9089,2115,32.714844,25000000.000
9090,2118,34.179688,25000000.000
9091,2118,34.179688,25000000.000
9092,2119,34.667969,25000000.000
9093,2117,33.691406,25000000.000
9094,2114,32.226562,25000000.000
9095,2114,32.226562,25000000.000
9096,2104,27.343750,25000000.000
9097,2097,23.925781,25000000.000
9098,2090,20.507812,25000000.000
9099,2088,19.531250,25000000.000
9100,2067,9.277344,25000000.000
9101,2057,4.394531,25000000.000
9102,2045,-1.464844,25000000.000
9103,2043,-2.441406,25000000.000
9104,2023,-12.207031,25000000.000
9105,2013,-17.089844,25000000.000
9106,2005,-20.996094,25000000.000
9107,2004,-21.484375,25000000.000
9108,1991,-27.832031,25000000.000
9109,1983,-31.738281,25000000.000
9110,1979,-33.691406,25000000.000
9111,1979,-33.691406,25000000.000
9112,1974,-36.132812,25000000.000
9113,1972,-37.109375,25000000.000
9114,1971,-37.597656,25000000.000
9115,1974,-36.132812,25000000.000
9116,1980,-33.203125,25000000.000
9117,1984,-31.250000,25000000.000
9118,1991,-27.832031,25000000.000
9119,1992,-27.343750,25000000.000
9120,2011,-18.066406,25000000.000
9121,2021,-13.183594,25000000.000
9122,2033,-7.324219,25000000.000
9123,2035,-6.347656,25000000.000
9124,2058,4.882812,25000000.000
9125,2072,11.718750,25000000.000
9126,2084,17.578125,25000000.000
9127,2085,18.066406,25000000.000
9128,2104,27.343750,25000000.000
9129,2111,30.761719,25000000.000
9130,2116,33.203125,25000000.000
9131,2117,33.691406,25000000.000
9132,2122,36.132812,25000000.000
9133,2121,35.644531,25000000.000
9134,2118,34.179688,25000000.000
9135,2119,34.667969,25000000.000
9136,2110,30.273438,25000000.000
9137,2103,26.855469,25000000.000
9138,2096,23.437500,25000000.000
9139,2095,22.949219,25000000.000
9140,2078,14.648438,25000000.000
9141,2067,9.277344,25000000.000
9142,2056,3.906250,25000000.000
9143,2055,3.417969,25000000.000
9144,2034,-6.835938,25000000.000
9145,2024,-11.718750,25000000.000
9146,2015,-16.113281,25000000.000
9147,2014,-16.601562,25000000.000
9148,1998,-24.414062,25000000.000
9149,1990,-28.320312,25000000.000
9150,1983,-31.738281,25000000.000
9151,1983,-31.738281,25000000.000
9152,1974,-36.132812,25000000.000
9153,1972,-37.109375,25000000.000
9154,1971,-37.597656,25000000.000
9155,1971,-37.597656,25000000.000
9156,1975,-35.644531,25000000.000
9157,1978,-34.179688,25000000.000
9158,1985,-30.761719,25000000.000
9159,1987,-29.785156,25000000.000
9160,2004,-21.484375,25000000.000
9161,2015,-16.113281,25000000.000
9162,2028,-9.765625,25000000.000
9163,2027,-10.253906,25000000.000
9164,2051,1.464844,25000000.000
9165,2063,7.324219,25000000.000
9166,2075,13.183594,25000000.000
9167,2076,13.671875,25000000.000
9168,2095,22.949219,25000000.000
9169,2103,26.855469,25000000.000
9170,2111,30.761719,25000000.000
9171,2111,30.761719,25000000.000
9172,2119,34.667969,25000000.000
9173,2119,34.667969,25000000.000
9174,2119,34.667969,25000000.000
9175,2119,34.667969,25000000.000
9176,2114,32.226562,25000000.000
9177,2110,30.273438,25000000.000
9178,2102,26.367188,25000000.000
9179,2103,26.855469,25000000.000
9180,2087,19.042969,25000000.000
9181,2077,14.160156,25000000.000
9182,2067,9.277344,25000000.000
9183,2066,8.789062,25000000.000
9184,2044,-1.953125,25000000.000
9185,2032,-7.812500,25000000.000
9186,2023,-12.207031,25000000.000
9187,2022,-12.695312,25000000.000
9188,2005,-20.996094,25000000.000
9189,1997,-24.902344,25000000.000
9190,1990,-28.320312,25000000.000
9191,1989,-28.808594,25000000.000
9192,1981,-32.714844,25000000.000
9193,1978,-34.179688,25000000.000
9194,1976,-35.156250,25000000.000
9195,1977,-34.667969,25000000.000
9196,1976,-35.156250,25000000.000
9197,1979,-33.691406,25000000.000
9198,1982,-32.226562,25000000.000
9199,1983,-31.738281,25000000.000
9200,1994,-26.367188,25000000.000
9201,2004,-21.484375,25000000.000
9202,2014,-16.601562,25000000.000
9203,2017,-15.136719,25000000.000
9204,2039,-4.394531,25000000.000
9205,2051,1.464844,25000000.000
9206,2064,7.812500,25000000.000
9207,2065,8.300781,25000000.000
9208,2088,19.531250,25000000.000
9209,2098,24.414062,25000000.000
9210,2106,28.320312,25000000.000
9211,2106,28.320312,25000000.000
9212,2119,34.667969,25000000.000
9213,2120,35.156250,25000000.000
9214,2121,35.644531,25000000.000
9215,2122,36.132812,25000000.000
9216,2118,34.179688,25000000.000
9217,2114,32.226562,25000000.000
9218,2107,28.808594,25000000.000
9219,2107,28.808594,25000000.000
9220,2091,20.996094,25000000.000
9221,2083,17.089844,25000000.000
9222,2073,12.207031,25000000.000
9223,2071,11.230469,25000000.000
9224,2052,1.953125,25000000.000
9225,2041,-3.417969,25000000.000
9226,2031,-8.300781,25000000.000
9227,2029,-9.277344,25000000.000
9228,2011,-18.066406,25000000.000
9229,2004,-21.484375,25000000.000
9230,1996,-25.390625,25000000.000
9231,1994,-26.367188,25000000.000
9232,1983,-31.738281,25000000.000
9233,1978,-34.179688,25000000.000
9234,1974,-36.132812,25000000.000
9235,1974,-36.132812,25000000.000
9236,1972,-37.109375,25000000.000
9237,1972,-37.109375,25000000.000
9238,1976,-35.156250,25000000.000
9239,1976,-35.156250,25000000.000
9240,1988,-29.296875,25000000.000
9241,1998,-24.414062,25000000.000
9242,2008,-19.531250,25000000.000
9243,2009,-19.042969,25000000.000
9244,2032,-7.812500,25000000.000
9245,2044,-1.953125,25000000.000
9246,2056,3.906250,25000000.000
9247,2058,4.882812,25000000.000
9248,2080,15.625000,25000000.000
9249,2090,20.507812,25000000.000
9250,2100,25.390625,25000000.000
9251,2101,25.878906,25000000.000
9252,2114,32.226562,25000000.000
9253,2118,34.179688,25000000.000
9254,2121,35.644531,25000000.000
9255,2120,35.156250,25000000.000
9256,2119,34.667969,25000000.000
9257,2117,33.691406,25000000.000
9258,2112,31.250000,25000000.000
9259,2112,31.250000,25000000.000
9260,2100,25.390625,25000000.000
9261,2092,21.484375,25000000.000
9262,2083,17.089844,25000000.000
9263,2082,16.601562,25000000.000
9264,2062,6.835938,25000000.000
9265,2051,1.464844,25000000.000
9266,2039,-4.394531,25000000.000
9267,2038,-4.882812,25000000.000
9268,2016,-15.625000,25000000.000
9269,2008,-19.531250,25000000.000
9270,1998,-24.414062,25000000.000
9271,1999,-23.925781,25000000.000
9272,1986,-30.273438,25000000.000
9273,1980,-33.203125,25000000.000
9274,1977,-34.667969,25000000.000
9275,1977,-34.667969,25000000.000
9276,1974,-36.132812,25000000.000
9277,1974,-36.132812,25000000.000
9278,1975,-35.644531,25000000.000
9279,1976,-35.156250,25000000.000
9280,1983,-31.738281,25000000.000
9281,1989,-28.808594,25000000.000
9282,1997,-24.902344,25000000.000
9283,1998,-24.414062,25000000.000
9284,2017,-15.136719,25000000.000
9285,2030,-8.789062,25000000.000
9286,2041,-3.417969,25000000.000
9287,2043,-2.441406,25000000.000
9288,2067,9.277344,25000000.000
9289,2082,16.601562,25000000.000
9290,2093,21.972656,25000000.000
9291,2093,21.972656,25000000.000
9292,2114,32.226562,25000000.000
9293,2114,32.226562,25000000.000
9294,2122,36.132812,25000000.000
9295,2122,36.132812,25000000.000
9296,2123,36.621094,25000000.000
9297,2119,34.667969,25000000.000
9298,2115,32.714844,25000000.000
9299,2114,32.226562,25000000.000
9300,2104,27.343750,25000000.000
9301,2097,23.925781,25000000.000
9302,2090,20.507812,25000000.000
9303,2088,19.531250,25000000.000
9304,2071,11.230469,25000000.000
9305,2061,6.347656,25000000.000
9306,2050,0.976562,25000000.000
9307,2049,0.488281,25000000.000
9308,2027,-10.253906,25000000.000
9309,2017,-15.136719,25000000.000
9310,2008,-19.531250,25000000.000
9311,2007,-20.019531,25000000.000
9312,1993,-26.855469,25000000.000
9313,1984,-31.250000,25000000.000
9314,1979,-33.691406,25000000.000
9315,1980,-33.203125,25000000.000
9316,1971,-37.597656,25000000.000
9317,1971,-37.597656,25000000.000
9318,1971,-37.597656,25000000.000
9319,1972,-37.109375,25000000.000
9320,1978,-34.179688,25000000.000
9321,1983,-31.738281,25000000.000
9322,1991,-27.832031,25000000.000
9323,1991,-27.832031,25000000.000
9324,2010,-18.554688,25000000.000
9325,2021,-13.183594,25000000.000
9326,2034,-6.835938,25000000.000
9327,2035,-6.347656,25000000.000
9328,2058,4.882812,25000000.000
9329,2071,11.230469,25000000.000
9330,2082,16.601562,25000000.000
9331,2083,17.089844,25000000.000
9332,2101,25.878906,25000000.000
9333,2108,29.296875,25000000.000
9334,2115,32.714844,25000000.000
9335,2116,33.203125,25000000.000
9336,2121,35.644531,25000000.000
9337,2122,36.132812,25000000.000
9338,2119,34.667969,25000000.000
9339,2119,34.667969,25000000.000
9340,2112,31.250000,25000000.000
9341,2105,27.832031,25000000.000
9342,2099,24.902344,25000000.000
9343,2098,24.414062,25000000.000
9344,2081,16.113281,25000000.000
9345,2070,10.742188,25000000.000
9346,2060,5.859375,25000000.000
9347,2059,5.371094,25000000.000
9348,2035,-6.347656,25000000.000
9349,2024,-11.718750,25000000.000
9350,2014,-16.601562,25000000.000
9351,2013,-17.089844,25000000.000
9352,1996,-25.390625,25000000.000
9353,1989,-28.808594,25000000.000
9354,1984,-31.250000,25000000.000
9355,1983,-31.738281,25000000.000
9356,1978,-34.179688,25000000.000
9357,1975,-35.644531,25000000.000
9358,1975,-35.644531,25000000.000
9359,1975,-35.644531,25000000.000
9360,1976,-35.156250,25000000.000
9361,1980,-33.203125,25000000.000
9362,1986,-30.273438,25000000.000
9363,1986,-30.273438,25000000.000
9364,2000,-23.437500,25000000.000
9365,2010,-18.554688,25000000.000
9366,2022,-12.695312,25000000.000
9367,2023,-12.207031,25000000.000
9368,2046,-0.976562,25000000.000
9369,2059,5.371094,25000000.000
9370,2073,12.207031,25000000.000
9371,2074,12.695312,25000000.000
9372,2096,23.437500,25000000.000
9373,2106,28.320312,25000000.000
9374,2113,31.738281,25000000.000
9375,2114,32.226562,25000000.000
9376,2120,35.156250,25000000.000
9377,2122,36.132812,25000000.000
9378,2122,36.132812,25000000.000
9379,2121,35.644531,25000000.000
9380,2115,32.714844,25000000.000
9381,2110,30.273438,25000000.000
9382,2103,26.855469,25000000.000
9383,2102,26.367188,25000000.000
9384,2086,18.554688,25000000.000
9385,2078,14.648438,25000000.000
9386,2068,9.765625,25000000.000
9387,2067,9.277344,25000000.000
9388,2046,-0.976562,25000000.000
9389,2035,-6.347656,25000000.000
9390,2025,-11.230469,25000000.000
9391,2023,-12.207031,25000000.000
9392,2005,-20.996094,25000000.000
9393,1997,-24.902344,25000000.000
9394,1989,-28.808594,25000000.000
9395,1989,-28.808594,25000000.000
9396,1979,-33.691406,25000000.000
9397,1974,-36.132812,25000000.000
9398,1973,-36.621094,25000000.000
9399,1972,-37.109375,25000000.000
9400,1973,-36.621094,25000000.000
9401,1976,-35.156250,25000000.000
9402,1980,-33.203125,25000000.000
9403,1981,-32.714844,25000000.000
9404,1996,-25.390625,25000000.000
9405,2005,-20.996094,25000000.000
9406,2016,-15.625000,25000000.000
9407,2017,-15.136719,25000000.000
9408,2038,-4.882812,25000000.000
9409,2051,1.464844,25000000.000
9410,2064,7.812500,25000000.000
9411,2064,7.812500,25000000.000
9412,2086,18.554688,25000000.000
9413,2097,23.925781,25000000.000
9414,2103,26.855469,25000000.000
9415,2108,29.296875,25000000.000
9416,2119,34.667969,25000000.000
9417,2120,35.156250,25000000.000
9418,2121,35.644531,25000000.000
9419,2122,36.132812,25000000.000
9420,2120,35.156250,25000000.000
9421,2115,32.714844,25000000.000
9422,2111,30.761719,25000000.000
9423,2111,30.761719,25000000.000
9424,2097,23.925781,25000000.000
9425,2088,19.531250,25000000.000
9426,2080,15.625000,25000000.000
9427,2078,14.648438,25000000.000
9428,2057,4.394531,25000000.000
9429,2045,-1.464844,25000000.000
9430,2033,-7.324219,25000000.000
9431,2031,-8.300781,25000000.000
9432,2012,-17.578125,25000000.000
9433,2002,-22.460938,25000000.000
9434,1994,-26.367188,25000000.000
9435,1993,-26.855469,25000000.000
9436,1982,-32.226562,25000000.000
9437,1979,-33.691406,25000000.000
9438,1977,-34.667969,25000000.000
9439,1976,-35.156250,25000000.000
9440,1975,-35.644531,25000000.000
9441,1975,-35.644531,25000000.000
9442,1977,-34.667969,25000000.000
9443,1978,-34.179688,25000000.000
9444,1986,-30.273438,25000000.000
9445,1993,-26.855469,25000000.000
9446,2002,-22.460938,25000000.000
9447,2002,-22.460938,25000000.000
9448,2024,-11.718750,25000000.000
9449,2036,-5.859375,25000000.000
9450,2049,0.488281,25000000.000
9451,2049,0.488281,25000000.000
9452,2075,13.183594,25000000.000
9453,2087,19.042969,25000000.000
9454,2099,24.902344,25000000.000
9455,2099,24.902344,25000000.000
9456,2115,32.714844,25000000.000
9457,2120,35.156250,25000000.000
9458,2121,35.644531,25000000.000
9459,2122,36.132812,25000000.000
9460,2120,35.156250,25000000.000
9461,2117,33.691406,25000000.000
9462,2113,31.738281,25000000.000
9463,2114,32.226562,25000000.000
9464,2101,25.878906,25000000.000
9465,2094,22.460938,25000000.000
9466,2085,18.066406,25000000.000
9467,2084,17.578125,25000000.000
9468,2065,8.300781,25000000.000
9469,2055,3.417969,25000000.000
9470,2043,-2.441406,25000000.000
9471,2042,-2.929688,25000000.000
9472,2020,-13.671875,25000000.000
9473,2010,-18.554688,25000000.000
9474,2001,-22.949219,25000000.000
9475,2000,-23.437500,25000000.000
9476,1986,-30.273438,25000000.000
9477,1980,-33.203125,25000000.000
9478,1976,-35.156250,25000000.000
9479,1976,-35.156250,25000000.000
9480,1972,-37.109375,25000000.000
9481,1971,-37.597656,25000000.000
9482,1973,-36.621094,25000000.000
9483,1972,-37.109375,25000000.000
9484,1980,-33.203125,25000000.000
9485,1988,-29.296875,25000000.000
9486,1995,-25.878906,25000000.000
9487,1996,-25.390625,25000000.000
9488,2017,-15.136719,25000000.000
9489,2027,-10.253906,25000000.000
9490,2040,-3.906250,25000000.000
9491,2042,-2.929688,25000000.000
9492,2065,8.300781,25000000.000
9493,2077,14.160156,25000000.000
9494,2089,20.019531,25000000.000
9495,2090,20.507812,25000000.000
9496,2106,28.320312,25000000.000
9497,2113,31.738281,25000000.000
9498,2117,33.691406,25000000.000
9499,2118,34.179688,25000000.000
9500,2121,35.644531,25000000.000
9501,2120,35.156250,25000000.000
9502,2119,34.667969,25000000.000
9503,2117,33.691406,25000000.000
9504,2109,29.785156,25000000.000
9505,2101,25.878906,25000000.000
9506,2094,22.460938,25000000.000
9507,2093,21.972656,25000000.000
9508,2075,13.183594,25000000.000
9509,2065,8.300781,25000000.000
9510,2052,1.953125,25000000.000
9511,2052,1.953125,25000000.000
9512,2029,-9.277344,25000000.000
9513,2018,-14.648438,25000000.000
9514,2007,-20.019531,25000000.000
9515,2006,-20.507812,25000000.000
9516,1990,-28.320312,25000000.000
9517,1984,-31.250000,25000000.000
9518,1980,-33.203125,25000000.000
9519,1979,-33.691406,25000000.000
9520,1974,-36.132812,25000000.000
9521,1973,-36.621094,25000000.000
9522,1974,-36.132812,25000000.000
9523,1975,-35.644531,25000000.000
9524,1978,-34.179688,25000000.000
9525,1983,-31.738281,25000000.000
9526,1989,-28.808594,25000000.000
9527,1989,-28.808594,25000000.000
9528,2005,-20.996094,25000000.000
9529,2016,-15.625000,25000000.000
9530,2027,-10.253906,25000000.000
9531,2028,-9.765625,25000000.000
9532,2053,2.441406,25000000.000
9533,2066,8.789062,25000000.000
9534,2080,15.625000,25000000.000
9535,2081,16.113281,25000000.000
9536,2101,25.878906,25000000.000
9537,2110,30.273438,25000000.000
9538,2116,33.203125,25000000.000
9539,2117,33.691406,25000000.000
9540,2122,36.132812,25000000.000
9541,2123,36.621094,25000000.000
9542,2121,35.644531,25000000.000
9543,2121,35.644531,25000000.000
9544,2113,31.738281,25000000.000
9545,2107,28.808594,25000000.000
9546,2100,25.390625,25000000.000
9547,2099,24.902344,25000000.000
9548,2083,17.089844,25000000.000
9549,2073,12.207031,25000000.000
9550,2062,6.835938,25000000.000
9551,2062,6.835938,25000000.000
9552,2041,-3.417969,25000000.000
9553,2028,-9.765625,25000000.000
9554,2018,-14.648438,25000000.000
9555,2017,-15.136719,25000000.000
9556,1999,-23.925781,25000000.000
9557,1991,-27.832031,25000000.000
9558,1984,-31.250000,25000000.000
9559,1984,-31.250000,25000000.000
9560,1976,-35.156250,25000000.000
9561,1973,-36.621094,25000000.000
9562,1973,-36.621094,25000000.000
9563,1971,-37.597656,25000000.000
9564,1975,-35.644531,25000000.000
9565,1978,-34.179688,25000000.000
9566,1983,-31.738281,25000000.000
9567,1984,-31.250000,25000000.000
9568,1999,-23.925781,25000000.000
9569,2009,-19.042969,25000000.000
9570,2022,-12.695312,25000000.000
9571,2023,-12.207031,25000000.000
9572,2045,-1.464844,25000000.000
9573,2059,5.371094,25000000.000
9574,2070,10.742188,25000000.000
9575,2072,11.718750,25000000.000
9576,2093,21.972656,25000000.000
9577,2102,26.367188,25000000.000
9578,2110,30.273438,25000000.000
9579,2109,29.785156,25000000.000
9580,2119,34.667969,25000000.000
9581,2122,36.132812,25000000.000
9582,2122,36.132812,25000000.000
9583,2121,35.644531,25000000.000
9584,2118,34.179688,25000000.000
9585,2114,32.226562,25000000.000
9586,2108,29.296875,25000000.000
9587,2108,29.296875,25000000.000
9588,2093,21.972656,25000000.000
9589,2083,17.089844,25000000.000
9590,2072,11.718750,25000000.000
9591,2071,11.230469,25000000.000
9592,2048,0.000000,25000000.000
9593,2037,-5.371094,25000000.000
9594,2025,-11.230469,25000000.000
9595,2024,-11.718750,25000000.000
9596,2004,-21.484375,25000000.000
9597,1997,-24.902344,25000000.000
9598,1990,-28.320312,25000000.000
9599,1990,-28.320312,25000000.000
9600,1982,-32.226562,25000000.000
9601,1978,-34.179688,25000000.000
9602,1975,-35.644531,25000000.000
9603,1975,-35.644531,25000000.000
9604,1974,-36.132812,25000000.000
9605,1975,-35.644531,25000000.000
9606,1978,-34.179688,25000000.000
9607,1979,-33.691406,25000000.000
9608,1989,-28.808594,25000000.000
9609,1997,-24.902344,25000000.000
9610,2007,-20.019531,25000000.000
9611,2009,-19.042969,25000000.000
9612,2031,-8.300781,25000000.000
9613,2045,-1.464844,25000000.000
9614,2058,4.882812,25000000.000
9615,2059,5.371094,25000000.000
9616,2084,17.578125,25000000.000
9617,2095,22.949219,25000000.000
9618,2105,27.832031,25000000.000
9619,2105,27.832031,25000000.000
9620,2118,34.179688,25000000.000
9621,2121,35.644531,25000000.000
9622,2123,36.621094,25000000.000
9623,2123,36.621094,25000000.000
9624,2120,35.156250,25000000.000
9625,2118,34.179688,25000000.000
9626,2113,31.738281,25000000.000
9627,2112,31.250000,25000000.000
9628,2099,24.902344,25000000.000
9629,2091,20.996094,25000000.000
9630,2082,16.601562,25000000.000
9631,2080,15.625000,25000000.000
9632,2060,5.859375,25000000.000
9633,2048,0.000000,25000000.000
9634,2036,-5.859375,25000000.000
9635,2037,-5.371094,25000000.000
9636,2016,-15.625000,25000000.000
9637,2006,-20.507812,25000000.000
9638,1997,-24.902344,25000000.000
9639,1996,-25.390625,25000000.000
9640,1984,-31.250000,25000000.000
9641,1979,-33.691406,25000000.000
9642,1976,-35.156250,25000000.000
9643,1975,-35.644531,25000000.000
9644,1971,-37.597656,25000000.000
9645,1973,-36.621094,25000000.000
9646,1974,-36.132812,25000000.000
9647,1973,-36.621094,25000000.000
9648,1984,-31.250000,25000000.000
9649,1991,-27.832031,25000000.000
9650,2001,-22.949219,25000000.000
9651,2002,-22.460938,25000000.000
9652,2023,-12.207031,25000000.000
9653,2034,-6.835938,25000000.000
9654,2049,0.488281,25000000.000
9655,2049,0.488281,25000000.000
9656,2073,12.207031,25000000.000
9657,2083,17.089844,25000000.000
9658,2094,22.460938,25000000.000
9659,2095,22.949219,25000000.000
9660,2110,30.273438,25000000.000
9661,2116,33.203125,25000000.000
9662,2120,35.156250,25000000.000
9663,2120,35.156250,25000000.000
9664,2120,35.156250,25000000.000
9665,2120,35.156250,25000000.000
9666,2116,33.203125,25000000.000
9667,2116,33.203125,25000000.000
9668,2105,27.832031,25000000.000
9669,2097,23.925781,25000000.000
9670,2089,20.019531,25000000.000
9671,2087,19.042969,25000000.000
9672,2068,9.765625,25000000.000
9673,2057,4.394531,25000000.000
9674,2045,-1.464844,25000000.000
9675,2042,-2.929688,25000000.000
9676,2022,-12.695312,25000000.000
9677,2011,-18.066406,25000000.000
9678,2002,-22.460938,25000000.000
9679,2001,-22.949219,25000000.000
9680,1987,-29.785156,25000000.000
9681,1981,-32.714844,25000000.000
9682,1978,-34.179688,25000000.000
9683,1978,-34.179688,25000000.000
9684,1974,-36.132812,25000000.000
9685,1973,-36.621094,25000000.000
9686,1974,-36.132812,25000000.000
9687,1975,-35.644531,25000000.000
9688,1980,-33.203125,25000000.000
9689,1984,-31.250000,25000000.000
9690,1991,-27.832031,25000000.000
9691,1992,-27.343750,25000000.000
9692,2011,-18.066406,25000000.000
9693,2022,-12.695312,25000000.000
9694,2035,-6.347656,25000000.000
9695,2036,-5.859375,25000000.000
9696,2062,6.835938,25000000.000
9697,2074,12.695312,25000000.000
9698,2087,19.042969,25000000.000
9699,2087,19.042969,25000000.000
9700,2106,28.320312,25000000.000
9701,2114,32.226562,25000000.000
9702,2119,34.667969,25000000.000
9703,2118,34.179688,25000000.000
9704,2122,36.132812,25000000.000
9705,2121,35.644531,25000000.000
9706,2118,34.179688,25000000.000
9707,2118,34.179688,25000000.000
9708,2109,29.785156,25000000.000
9709,2103,26.855469,25000000.000
9710,2095,22.949219,25000000.000
9711,2094,22.460938,25000000.000
9712,2078,14.648438,25000000.000
9713,2067,9.277344,25000000.000
9714,2056,3.906250,25000000.000
9715,2055,3.417969,25000000.000
9716,2033,-7.324219,25000000.000
9717,2023,-12.207031,25000000.000
9718,2011,-18.066406,25000000.000
9719,2010,-18.554688,25000000.000
9720,1994,-26.367188,25000000.000
9721,1986,-30.273438,25000000.000
9722,1981,-32.714844,25000000.000
9723,1980,-33.203125,25000000.000
9724,1973,-36.621094,25000000.000
9725,1972,-37.109375,25000000.000
9726,1972,-37.109375,25000000.000
9727,1972,-37.109375,25000000.000
9728,1976,-35.156250,25000000.000
9729,1980,-33.203125,25000000.000
9730,1987,-29.785156,25000000.000
9731,1989,-28.808594,25000000.000
9732,2005,-20.996094,25000000.000
9733,2015,-16.113281,25000000.000
9734,2027,-10.253906,25000000.000
9735,2029,-9.277344,25000000.000
9736,2052,1.953125,25000000.000
9737,2065,8.300781,25000000.000
9738,2077,14.160156,25000000.000
9739,2078,14.648438,25000000.000
9740,2097,23.925781,25000000.000
9741,2105,27.832031,25000000.000
9742,2113,31.738281,25000000.000
9743,2115,32.714844,25000000.000
9744,2121,35.644531,25000000.000
9745,2121,35.644531,25000000.000
9746,2120,35.156250,25000000.000
9747,2119,34.667969,25000000.000
9748,2113,31.738281,25000000.000
9749,2109,29.785156,25000000.000
9750,2102,26.367188,25000000.000
9751,2102,26.367188,25000000.000
9752,2086,18.554688,25000000.000
9753,2077,14.160156,25000000.000
9754,2067,9.277344,25000000.000
9755,2066,8.789062,25000000.000
9756,2041,-3.417969,25000000.000
9757,2030,-8.789062,25000000.000
9758,2019,-14.160156,25000000.000
9759,2018,-14.648438,25000000.000
9760,1999,-23.925781,25000000.000
9761,1989,-28.808594,25000000.000
9762,1982,-32.226562,25000000.000
9763,1986,-30.273438,25000000.000
9764,1979,-33.691406,25000000.000
9765,1976,-35.156250,25000000.000
9766,1975,-35.644531,25000000.000
9767,1975,-35.644531,25000000.000
9768,1977,-34.667969,25000000.000
9769,1980,-33.203125,25000000.000
9770,1983,-31.738281,25000000.000
9771,1984,-31.250000,25000000.000
9772,1995,-25.878906,25000000.000
9773,2004,-21.484375,25000000.000
9774,2015,-16.113281,25000000.000
9775,2016,-15.625000,25000000.000
9776,2039,-4.394531,25000000.000
9777,2053,2.441406,25000000.000
9778,2066,8.789062,25000000.000
9779,2068,9.765625,25000000.000
9780,2091,20.996094,25000000.000
9781,2102,26.367188,25000000.000
9782,2111,30.761719,25000000.000
9783,2111,30.761719,25000000.000
9784,2122,36.132812,25000000.000
9785,2124,37.109375,25000000.000
9786,2124,37.109375,25000000.000
9787,2123,36.621094,25000000.000
9788,2116,33.203125,25000000.000
9789,2114,32.226562,25000000.000
9790,2107,28.808594,25000000.000
9791,2106,28.320312,25000000.000
9792,2092,21.484375,25000000.000
9793,2083,17.089844,25000000.000
9794,2075,13.183594,25000000.000
9795,2074,12.695312,25000000.000
9796,2054,2.929688,25000000.000
9797,2042,-2.929688,25000000.000
9798,2030,-8.789062,25000000.000
9799,2029,-9.277344,25000000.000
9800,2008,-19.531250,25000000.000
9801,1998,-24.414062,25000000.000
9802,1989,-28.808594,25000000.000
9803,1989,-28.808594,25000000.000
9804,1978,-34.179688,25000000.000
9805,1973,-36.621094,25000000.000
9806,1971,-37.597656,25000000.000
9807,1974,-36.132812,25000000.000
9808,1973,-36.621094,25000000.000
9809,1975,-35.644531,25000000.000
9810,1979,-33.691406,25000000.000
9811,1980,-33.203125,25000000.000
9812,1992,-27.343750,25000000.000
9813,2001,-22.949219,25000000.000
9814,2009,-19.042969,25000000.000
9815,2010,-18.554688,25000000.000
9816,2030,-8.789062,25000000.000
9817,2044,-1.953125,25000000.000
9818,2056,3.906250,25000000.000
9819,2057,4.394531,25000000.000
9820,2081,16.113281,25000000.000
9821,2091,20.996094,25000000.000
9822,2101,25.878906,25000000.000
9823,2103,26.855469,25000000.000
9824,2116,33.203125,25000000.000
9825,2122,36.132812,25000000.000
9826,2123,36.621094,25000000.000
9827,2123,36.621094,25000000.000
9828,2122,36.132812,25000000.000
9829,2118,34.179688,25000000.000
9830,2113,31.738281,25000000.000
9831,2113,31.738281,25000000.000
9832,2100,25.390625,25000000.000
9833,2092,21.484375,25000000.000
9834,2083,17.089844,25000000.000
9835,2084,17.578125,25000000.000
9836,2064,7.812500,25000000.000
9837,2052,1.953125,25000000.000
9838,2040,-3.906250,25000000.000
9839,2039,-4.394531,25000000.000
9840,2017,-15.136719,25000000.000
9841,2004,-21.484375,25000000.000
9842,1997,-24.902344,25000000.000
9843,1994,-26.367188,25000000.000
9844,1982,-32.226562,25000000.000
9845,1977,-34.667969,25000000.000
9846,1975,-35.644531,25000000.000
9847,1975,-35.644531,25000000.000
9848,1973,-36.621094,25000000.000
9849,1976,-35.156250,25000000.000
9850,1976,-35.156250,25000000.000
9851,1978,-34.179688,25000000.000
9852,1986,-30.273438,25000000.000
9853,1991,-27.832031,25000000.000
9854,1998,-24.414062,25000000.000
9855,1999,-23.925781,25000000.000
9856,2017,-15.136719,25000000.000
9857,2028,-9.765625,25000000.000
9858,2042,-2.929688,25000000.000
9859,2043,-2.441406,25000000.000
9860,2068,9.765625,25000000.000
9861,2080,15.625000,25000000.000
9862,2092,21.484375,25000000.000
9863,2094,22.460938,25000000.000
9864,2112,31.250000,25000000.000
9865,2118,34.179688,25000000.000
9866,2121,35.644531,25000000.000
9867,2122,36.132812,25000000.000
9868,2122,36.132812,25000000.000
9869,2120,35.156250,25000000.000
9870,2116,33.203125,25000000.000
9871,2115,32.714844,25000000.000
9872,2104,27.343750,25000000.000
9873,2098,24.414062,25000000.000
9874,2089,20.019531,25000000.000
9875,2089,20.019531,25000000.000
9876,2072,11.718750,25000000.000
9877,2062,6.835938,25000000.000
9878,2049,0.488281,25000000.000
9879,2049,0.488281,25000000.000
9880,2028,-9.765625,25000000.000
9881,2015,-16.113281,25000000.000
9882,2004,-21.484375,25000000.000
9883,2004,-21.484375,25000000.000
9884,1987,-29.785156,25000000.000
9885,1981,-32.714844,25000000.000
9886,1978,-34.179688,25000000.000
9887,1976,-35.156250,25000000.000
9888,1972,-37.109375,25000000.000
9889,1972,-37.109375,25000000.000
9890,1973,-36.621094,25000000.000
9891,1974,-36.132812,25000000.000
9892,1981,-32.714844,25000000.000
9893,1986,-30.273438,25000000.000
9894,1993,-26.855469,25000000.000
9895,1994,-26.367188,25000000.000
9896,2011,-18.066406,25000000.000
9897,2022,-12.695312,25000000.000
9898,2033,-7.324219,25000000.000
9899,2034,-6.835938,25000000.000
9900,2058,4.882812,25000000.000
9901,2071,11.230469,25000000.000
9902,2083,17.089844,25000000.000
9903,2084,17.578125,25000000.000
9904,2103,26.855469,25000000.000
9905,2110,30.273438,25000000.000
9906,2116,33.203125,25000000.000
9907,2117,33.691406,25000000.000
9908,2122,36.132812,25000000.000
9909,2121,35.644531,25000000.000
9910,2118,34.179688,25000000.000
9911,2118,34.179688,25000000.000
9912,2110,30.273438,25000000.000
9913,2104,27.343750,25000000.000
9914,2097,23.925781,25000000.000
9915,2096,23.437500,25000000.000
9916,2080,15.625000,25000000.000
9917,2069,10.253906,25000000.000
9918,2059,5.371094,25000000.000
9919,2057,4.394531,25000000.000
9920,2035,-6.347656,25000000.000
9921,2023,-12.207031,25000000.000
9922,2012,-17.578125,25000000.000
9923,2011,-18.066406,25000000.000
9924,1993,-26.855469,25000000.000
9925,1986,-30.273438,25000000.000
9926,1979,-33.691406,25000000.000
9927,1979,-33.691406,25000000.000
9928,1975,-35.644531,25000000.000
9929,1974,-36.132812,25000000.000
9930,1974,-36.132812,25000000.000
9931,1975,-35.644531,25000000.000
9932,1978,-34.179688,25000000.000
9933,1982,-32.226562,25000000.000
9934,1987,-29.785156,25000000.000
9935,1987,-29.785156,25000000.000
9936,2001,-22.949219,25000000.000
9937,2010,-18.554688,25000000.000
9938,2021,-13.183594,25000000.000
9939,2022,-12.695312,25000000.000
9940,2046,-0.976562,25000000.000
9941,2059,5.371094,25000000.000
9942,2072,11.718750,25000000.000
9943,2075,13.183594,25000000.000
9944,2098,24.414062,25000000.000
9945,2107,28.808594,25000000.000
9946,2115,32.714844,25000000.000
9947,2114,32.226562,25000000.000
9948,2123,36.621094,25000000.000
9949,2123,36.621094,25000000.000
9950,2122,36.132812,25000000.000
9951,2122,36.132812,25000000.000
9952,2114,32.226562,25000000.000
9953,2108,29.296875,25000000.000
9954,2101,25.878906,25000000.000
9955,2101,25.878906,25000000.000
9956,2085,18.066406,25000000.000
9957,2078,14.648438,25000000.000
9958,2068,9.765625,25000000.000
9959,2068,9.765625,25000000.000
9960,2047,-0.488281,25000000.000
9961,2035,-6.347656,25000000.000
9962,2025,-11.230469,25000000.000
9963,2024,-11.718750,25000000.000
9964,2003,-21.972656,25000000.000
9965,1994,-26.367188,25000000.000
9966,1987,-29.785156,25000000.000
9967,1986,-30.273438,25000000.000
9968,1976,-35.156250,25000000.000
9969,1974,-36.132812,25000000.000
9970,1973,-36.621094,25000000.000
9971,1973,-36.621094,25000000.000
9972,1974,-36.132812,25000000.000
9973,1979,-33.691406,25000000.000
9974,1983,-31.738281,25000000.000
9975,1985,-30.761719,25000000.000
9976,1997,-24.902344,25000000.000
9977,2006,-20.507812,25000000.000
9978,2016,-15.625000,25000000.000
9979,2017,-15.136719,25000000.000
9980,2039,-4.394531,25000000.000
9981,2051,1.464844,25000000.000
9982,2064,7.812500,25000000.000
9983,2065,8.300781,25000000.000
9984,2087,19.042969,25000000.000
9985,2098,24.414062,25000000.000
9986,2106,28.320312,25000000.000
9987,2108,29.296875,25000000.000
9988,2119,34.667969,25000000.000
9989,2122,36.132812,25000000.000
9990,2122,36.132812,25000000.000
9991,2122,36.132812,25000000.000
9992,2118,34.179688,25000000.000
9993,2113,31.738281,25000000.000
9994,2108,29.296875,25000000.000
9995,2107,28.808594,25000000.000
9996,2094,22.460938,25000000.000
9997,2085,18.066406,25000000.000
9998,2076,13.671875,25000000.000
9999,2076,13.671875,25000000.000
10000,2055,3.417969,25000000.000
10001,2044,-1.953125,25000000.000
10002,2033,-7.324219,25000000.000
10003,2031,-8.300781,25000000.000
10004,2009,-19.042969,25000000.000
10005,1999,-23.925781,25000000.000
10006,1990,-28.320312,25000000.000
10007,1990,-28.320312,25000000.000
10008,1977,-34.667969,25000000.000
10009,1975,-35.644531,25000000.000
10010,1973,-36.621094,25000000.000
10011,1974,-36.132812,25000000.000
10012,1975,-35.644531,25000000.000
10013,1979,-33.691406,25000000.000
10014,1982,-32.226562,25000000.000
10015,1983,-31.738281,25000000.000
10016,1990,-28.320312,25000000.000
10017,1999,-23.925781,25000000.000
10018,2007,-20.019531,25000000.000
10019,2009,-19.042969,25000000.000
10020,2028,-9.765625,25000000.000
10021,2039,-4.394531,25000000.000
10022,2051,1.464844,25000000.000
10023,2053,2.441406,25000000.000
10024,2077,14.160156,25000000.000
10025,2088,19.531250,25000000.000
10026,2099,24.902344,25000000.000
10027,2101,25.878906,25000000.000
10028,2117,33.691406,25000000.000
10029,2121,35.644531,25000000.000
10030,2123,36.621094,25000000.000
10031,2123,36.621094,25000000.000
10032,2121,35.644531,25000000.000
10033,2117,33.691406,25000000.000
10034,2111,30.761719,25000000.000
10035,2112,31.250000,25000000.000
10036,2099,24.902344,25000000.000
10037,2090,20.507812,25000000.000
10038,2082,16.601562,25000000.000
10039,2082,16.601562,25000000.000
10040,2064,7.812500,25000000.000
10041,2053,2.441406,25000000.000
10042,2043,-2.441406,25000000.000
10043,2041,-3.417969,25000000.000
10044,2020,-13.671875,25000000.000
10045,2008,-19.531250,25000000.000
10046,1998,-24.414062,25000000.000
10047,1998,-24.414062,25000000.000
10048,1982,-32.226562,25000000.000
10049,1976,-35.156250,25000000.000
10050,1974,-36.132812,25000000.000
10051,1973,-36.621094,25000000.000
10052,1972,-37.109375,25000000.000
10053,1973,-36.621094,25000000.000
10054,1976,-35.156250,25000000.000
10055,1976,-35.156250,25000000.000
10056,1986,-30.273438,25000000.000
10057,1993,-26.855469,25000000.000
10058,2001,-22.949219,25000000.000
10059,2001,-22.949219,25000000.000
10060,2019,-14.160156,25000000.000
10061,2029,-9.277344,25000000.000
10062,2042,-2.929688,25000000.000
10063,2043,-2.441406,25000000.000
10064,2066,8.789062,25000000.000
10065,2079,15.136719,25000000.000
10066,2088,19.531250,25000000.000
10067,2090,20.507812,25000000.000
10068,2109,29.785156,25000000.000
10069,2116,33.203125,25000000.000
10070,2120,35.156250,25000000.000
10071,2120,35.156250,25000000.000
10072,2121,35.644531,25000000.000
10073,2119,34.667969,25000000.000
10074,2116,33.203125,25000000.000
10075,2115,32.714844,25000000.000
10076,2104,27.343750,25000000.000
10077,2098,24.414062,25000000.000
10078,2091,20.996094,25000000.000
10079,2089,20.019531,25000000.000
10080,2073,12.207031,25000000.000
10081,2063,7.324219,25000000.000
10082,2052,1.953125,25000000.000
10083,2050,0.976562,25000000.000
10084,2028,-9.765625,25000000.000
10085,2017,-15.136719,25000000.000
10086,2006,-20.507812,25000000.000
10087,2004,-21.484375,25000000.000
10088,1987,-29.785156,25000000.000
10089,1980,-33.203125,25000000.000
10090,1977,-34.667969,25000000.000
10091,1976,-35.156250,25000000.000
10092,1973,-36.621094,25000000.000
10093,1975,-35.644531,25000000.000
10094,1976,-35.156250,25000000.000
10095,1976,-35.156250,25000000.000
10096,1984,-31.250000,25000000.000
10097,1988,-29.296875,25000000.000
10098,1993,-26.855469,25000000.000
10099,1994,-26.367188,25000000.000
10100,2008,-19.531250,25000000.000
10101,2019,-14.160156,25000000.000
10102,2030,-8.789062,25000000.000
10103,2030,-8.789062,25000000.000
10104,2053,2.441406,25000000.000
10105,2067,9.277344,25000000.000
10106,2079,15.136719,25000000.000
10107,2081,16.113281,25000000.000
10108,2101,25.878906,25000000.000
10109,2112,31.250000,25000000.000
10110,2119,34.667969,25000000.000
10111,2121,35.644531,25000000.000
10112,2124,37.109375,25000000.000
10113,2125,37.597656,25000000.000
10114,2121,35.644531,25000000.000
10115,2121,35.644531,25000000.000
10116,2110,30.273438,25000000.000
10117,2103,26.855469,25000000.000
10118,2095,22.949219,25000000.000
10119,2093,21.972656,25000000.000
10120,2079,15.136719,25000000.000
10121,2070,10.742188,25000000.000
10122,2059,5.371094,25000000.000
10123,2059,5.371094,25000000.000
10124,2038,-4.882812,25000000.000
10125,2027,-10.253906,25000000.000
10126,2016,-15.625000,25000000.000
10127,2015,-16.113281,25000000.000
10128,1997,-24.902344,25000000.000
10129,1989,-28.808594,25000000.000
10130,1981,-32.714844,25000000.000
10131,1981,-32.714844,25000000.000
10132,1972,-37.109375,25000000.000
10133,1971,-37.597656,25000000.000
10134,1972,-37.109375,25000000.000
10135,1972,-37.109375,25000000.000
10136,1978,-34.179688,25000000.000
10137,1983,-31.738281,25000000.000
10138,1990,-28.320312,25000000.000
10139,1989,-28.808594,25000000.000
10140,2005,-20.996094,25000000.000
10141,2014,-16.601562,25000000.000
10142,2023,-12.207031,25000000.000
10143,2024,-11.718750,25000000.000
10144,2046,-0.976562,25000000.000
10145,2058,4.882812,25000000.000
10146,2070,10.742188,25000000.000
10147,2071,11.230469,25000000.000
10148,2092,21.484375,25000000.000
10149,2102,26.367188,25000000.000
10150,2110,30.273438,25000000.000
10151,2111,30.761719,25000000.000
10152,2120,35.156250,25000000.000
10153,2123,36.621094,25000000.000
10154,2122,36.132812,25000000.000
10155,2123,36.621094,25000000.000
10156,2118,34.179688,25000000.000
10157,2112,31.250000,25000000.000
10158,2105,27.832031,25000000.000
10159,2104,27.343750,25000000.000
10160,2089,20.019531,25000000.000
10161,2080,15.625000,25000000.000
10162,2070,10.742188,25000000.000
10163,2070,10.742188,25000000.000
10164,2048,0.000000,25000000.000
10165,2036,-5.859375,25000000.000
10166,2025,-11.230469,25000000.000
10167,2024,-11.718750,25000000.000
10168,2004,-21.484375,25000000.000
10169,1994,-26.367188,25000000.000
10170,1986,-30.273438,25000000.000
10171,1985,-30.761719,25000000.000
10172,1977,-34.667969,25000000.000
10173,1974,-36.132812,25000000.000
10174,1973,-36.621094,25000000.000
10175,1973,-36.621094,25000000.000
10176,1977,-34.667969,25000000.000
10177,1980,-33.203125,25000000.000
10178,1984,-31.250000,25000000.000
10179,1985,-30.761719,25000000.000
10180,1996,-25.390625,25000000.000
10181,2003,-21.972656,25000000.000
10182,2013,-17.089844,25000000.000
10183,2014,-16.601562,25000000.000
10184,2034,-6.835938,25000000.000
10185,2047,-0.488281,25000000.000
10186,2060,5.859375,25000000.000
10187,2062,6.835938,25000000.000
10188,2086,18.554688,25000000.000
10189,2097,23.925781,25000000.000
10190,2107,28.808594,25000000.000
10191,2108,29.296875,25000000.000
10192,2122,36.132812,25000000.000
10193,2124,37.109375,25000000.000
10194,2125,37.597656,25000000.000
10195,2124,37.109375,25000000.000
10196,2119,34.667969,25000000.000
10197,2114,32.226562,25000000.000
10198,2107,28.808594,25000000.000
10199,2107,28.808594,25000000.000
10200,2094,22.460938,25000000.000
10201,2085,18.066406,25000000.000
10202,2077,14.160156,25000000.000
10203,2076,13.671875,25000000.000
10204,2059,5.371094,25000000.000
10205,2047,-0.488281,25000000.000
10206,2037,-5.371094,25000000.000
10207,2035,-6.347656,25000000.000
10208,2014,-16.601562,25000000.000
10209,2003,-21.972656,25000000.000
10210,1991,-27.832031,25000000.000
10211,1993,-26.855469,25000000.000
10212,1979,-33.691406,25000000.000
10213,1973,-36.621094,25000000.000
10214,1971,-37.597656,25000000.000
10215,1970,-38.085938,25000000.000
10216,1971,-37.597656,25000000.000
10217,1973,-36.621094,25000000.000
10218,1977,-34.667969,25000000.000
10219,1978,-34.179688,25000000.000
10220,1990,-28.320312,25000000.000
10221,1997,-24.902344,25000000.000
10222,2007,-20.019531,25000000.000
10223,2008,-19.531250,25000000.000
10224,2027,-10.253906,25000000.000
10225,2038,-4.882812,25000000.000
10226,2049,0.488281,25000000.000
10227,2051,1.464844,25000000.000
10228,2074,12.695312,25000000.000
10229,2087,19.042969,25000000.000
10230,2097,23.925781,25000000.000
10231,2099,24.902344,25000000.000
10232,2114,32.226562,25000000.000
10233,2120,35.156250,25000000.000
10234,2123,36.621094,25000000.000
10235,2123,36.621094,25000000.000
10236,2122,36.132812,25000000.000
10237,2119,34.667969,25000000.000
10238,2114,32.226562,25000000.000
10239,2113,31.738281,25000000.000
10240,2101,25.878906,25000000.000
10241,2093,21.972656,25000000.000
10242,2085,18.066406,25000000.000
10243,2084,17.578125,25000000.000
10244,2067,9.277344,25000000.000
10245,2058,4.882812,25000000.000
10246,2047,-0.488281,25000000.000
10247,2047,-0.488281,25000000.000
10248,2022,-12.695312,25000000.000
10249,2011,-18.066406,25000000.000
10250,1999,-23.925781,25000000.000
10251,1998,-24.414062,25000000.000
10252,1981,-32.714844,25000000.000
10253,1976,-35.156250,25000000.000
10254,1972,-37.109375,25000000.000
10255,1973,-36.621094,25000000.000
10256,1971,-37.597656,25000000.000
10257,1973,-36.621094,25000000.000
10258,1976,-35.156250,25000000.000
10259,1976,-35.156250,25000000.000
10260,1985,-30.761719,25000000.000
10261,1990,-28.320312,25000000.000
10262,1997,-24.902344,25000000.000
10263,1998,-24.414062,25000000.000
10264,2014,-16.601562,25000000.000
10265,2025,-11.230469,25000000.000
10266,2037,-5.371094,25000000.000
10267,2037,-5.371094,25000000.000
10268,2062,6.835938,25000000.000
10269,2074,12.695312,25000000.000
10270,2088,19.531250,25000000.000
10271,2089,20.019531,25000000.000
10272,2108,29.296875,25000000.000
10273,2116,33.203125,25000000.000
10274,2121,35.644531,25000000.000
10275,2122,36.132812,25000000.000
10276,2124,37.109375,25000000.000
10277,2122,36.132812,25000000.000
10278,2118,34.179688,25000000.000
10279,2118,34.179688,25000000.000
10280,2106,28.320312,25000000.000
10281,2098,24.414062,25000000.000
10282,2090,20.507812,25000000.000
10283,2090,20.507812,25000000.000
10284,2074,12.695312,25000000.000
10285,2065,8.300781,25000000.000
10286,2055,3.417969,25000000.000
10287,2053,2.441406,25000000.000
10288,2031,-8.300781,25000000.000
10289,2020,-13.671875,25000000.000
10290,2011,-18.066406,25000000.000
10291,2009,-19.042969,25000000.000
10292,1991,-27.832031,25000000.000
10293,1982,-32.226562,25000000.000
10294,1977,-34.667969,25000000.000
10295,1976,-35.156250,25000000.000
10296,1973,-36.621094,25000000.000
10297,1971,-37.597656,25000000.000
10298,1971,-37.597656,25000000.000
10299,1972,-37.109375,25000000.000
10300,1980,-33.203125,25000000.000
10301,1985,-30.761719,25000000.000
10302,1992,-27.343750,25000000.000
10303,1991,-27.832031,25000000.000
10304,2009,-19.042969,25000000.000
10305,2018,-14.648438,25000000.000
10306,2029,-9.277344,25000000.000
10307,2030,-8.789062,25000000.000
10308,2052,1.953125,25000000.000
10309,2065,8.300781,25000000.000
10310,2077,14.160156,25000000.000
10311,2079,15.136719,25000000.000
10312,2099,24.902344,25000000.000
10313,2108,29.296875,25000000.000
10314,2116,33.203125,25000000.000
10315,2116,33.203125,25000000.000
10316,2123,36.621094,25000000.000
10317,2123,36.621094,25000000.000
10318,2122,36.132812,25000000.000
10319,2122,36.132812,25000000.000
10320,2113,31.738281,25000000.000
10321,2108,29.296875,25000000.000
10322,2100,25.390625,25000000.000
10323,2100,25.390625,25000000.000
10324,2084,17.578125,25000000.000
10325,2074,12.695312,25000000.000
10326,2065,8.300781,25000000.000
10327,2063,7.324219,25000000.000
10328,2042,-2.929688,25000000.000
10329,2031,-8.300781,25000000.000
10330,2018,-14.648438,25000000.000
10331,2018,-14.648438,25000000.000
10332,1997,-24.902344,25000000.000
10333,1990,-28.320312,25000000.000
10334,1982,-32.226562,25000000.000
10335,1981,-32.714844,25000000.000
10336,1974,-36.132812,25000000.000
10337,1974,-36.132812,25000000.000
10338,1974,-36.132812,25000000.000
10339,1974,-36.132812,25000000.000
10340,1978,-34.179688,25000000.000
10341,1983,-31.738281,25000000.000
10342,1987,-29.785156,25000000.000
10343,1988,-29.296875,25000000.000
10344,2000,-23.437500,25000000.000
10345,2008,-19.531250,25000000.000
10346,2018,-14.648438,25000000.000
10347,2019,-14.160156,25000000.000
10348,2041,-3.417969,25000000.000
10349,2052,1.953125,25000000.000
10350,2067,9.277344,25000000.000
10351,2068,9.765625,25000000.000
10352,2094,22.460938,25000000.000
10353,2105,27.832031,25000000.000
10354,2112,31.250000,25000000.000
10355,2114,32.226562,25000000.000
10356,2123,36.621094,25000000.000
10357,2125,37.597656,25000000.000
10358,2125,37.597656,25000000.000
10359,2123,36.621094,25000000.000
10360,2117,33.691406,25000000.000
10361,2111,30.761719,25000000.000
10362,2104,27.343750,25000000.000
10363,2104,27.343750,25000000.000
10364,2089,20.019531,25000000.000
10365,2082,16.601562,25000000.000
10366,2072,11.718750,25000000.000
10367,2071,11.230469,25000000.000
10368,2051,1.464844,25000000.000
10369,2041,-3.417969,25000000.000
10370,2030,-8.789062,25000000.000
10371,2028,-9.765625,25000000.000
10372,2006,-20.507812,25000000.000
10373,1996,-25.390625,25000000.000
10374,1987,-29.785156,25000000.000
10375,1987,-29.785156,25000000.000
10376,1975,-35.644531,25000000.000
10377,1972,-37.109375,25000000.000
10378,1970,-38.085938,25000000.000
10379,1971,-37.597656,25000000.000
10380,1974,-36.132812,25000000.000
10381,1976,-35.156250,25000000.000
10382,1981,-32.714844,25000000.000
10383,1982,-32.226562,25000000.000
10384,1994,-26.367188,25000000.000
10385,2003,-21.972656,25000000.000
10386,2012,-17.578125,25000000.000
10387,2013,-17.089844,25000000.000
10388,2034,-6.835938,25000000.000
10389,2045,-1.464844,25000000.000
10390,2056,3.906250,25000000.000
10391,2056,3.906250,25000000.000
10392,2081,16.113281,25000000.000
10393,2091,20.996094,25000000.000
10394,2101,25.878906,25000000.000
10395,2102,26.367188,25000000.000
10396,2117,33.691406,25000000.000
10397,2121,35.644531,25000000.000
10398,2124,37.109375,25000000.000
10399,2123,36.621094,25000000.000
10400,2121,35.644531,25000000.000
10401,2119,34.667969,25000000.000
10402,2112,31.250000,25000000.000
10403,2111,30.761719,25000000.000
10404,2098,24.414062,25000000.000
10405,2089,20.019531,25000000.000
10406,2080,15.625000,25000000.000
10407,2079,15.136719,25000000.000
10408,2060,5.859375,25000000.000
10409,2050,0.976562,25000000.000
10410,2039,-4.394531,25000000.000
10411,2037,-5.371094,25000000.000
10412,2015,-16.113281,25000000.000
10413,2005,-20.996094,25000000.000
10414,1994,-26.367188,25000000.000
10415,1994,-26.367188,25000000.000
10416,1979,-33.691406,25000000.000
10417,1976,-35.156250,25000000.000
10418,1974,-36.132812,25000000.000
10419,1973,-36.621094,25000000.000
10420,1973,-36.621094,25000000.000
10421,1976,-35.156250,25000000.000
10422,1979,-33.691406,25000000.000
10423,1979,-33.691406,25000000.000
10424,1989,-28.808594,25000000.000
10425,1996,-25.390625,25000000.000
10426,2003,-21.972656,25000000.000
10427,2004,-21.484375,25000000.000
10428,2022,-12.695312,25000000.000
10429,2032,-7.812500,25000000.000
10430,2043,-2.441406,25000000.000
10431,2045,-1.464844,25000000.000
10432,2070,10.742188,25000000.000
10433,2082,16.601562,25000000.000
10434,2094,22.460938,25000000.000
10435,2095,22.949219,25000000.000
10436,2111,30.761719,25000000.000
10437,2118,34.179688,25000000.000
10438,2122,36.132812,25000000.000
10439,2123,36.621094,25000000.000
10440,2124,37.109375,25000000.000
10441,2121,35.644531,25000000.000
10442,2116,33.203125,25000000.000
10443,2117,33.691406,25000000.000
10444,2102,26.367188,25000000.000
10445,2096,23.437500,25000000.000
10446,2087,19.042969,25000000.000
10447,2086,18.554688,25000000.000
10448,2070,10.742188,25000000.000
10449,2059,5.371094,25000000.000
10450,2049,0.488281,25000000.000
10451,2047,-0.488281,25000000.000
10452,2025,-11.230469,25000000.000
10453,2015,-16.113281,25000000.000
10454,2004,-21.484375,25000000.000
10455,2003,-21.972656,25000000.000
10456,1984,-31.250000,25000000.000
10457,1976,-35.156250,25000000.000
10458,1972,-37.109375,25000000.000
10459,1969,-38.574219,25000000.000
10460,1970,-38.085938,25000000.000
10461,1969,-38.574219,25000000.000
10462,1973,-36.621094,25000000.000
10463,1973,-36.621094,25000000.000
10464,1984,-31.250000,25000000.000
10465,1990,-28.320312,25000000.000
10466,1998,-24.414062,25000000.000
10467,1998,-24.414062,25000000.000
10468,2015,-16.113281,25000000.000
10469,2024,-11.718750,25000000.000
10470,2036,-5.859375,25000000.000
10471,2036,-5.859375,25000000.000
10472,2058,4.882812,25000000.000
10473,2069,10.253906,25000000.000
10474,2082,16.601562,25000000.000
10475,2083,17.089844,25000000.000
10476,2102,26.367188,25000000.000
10477,2110,30.273438,25000000.000
10478,2117,33.691406,25000000.000
10479,2117,33.691406,25000000.000
10480,2122,36.132812,25000000.000
10481,2121,35.644531,25000000.000
10482,2119,34.667969,25000000.000
10483,2118,34.179688,25000000.000
10484,2110,30.273438,25000000.000
10485,2103,26.855469,25000000.000
10486,2095,22.949219,25000000.000
10487,2095,22.949219,25000000.000
10488,2078,14.648438,25000000.000
10489,2068,9.765625,25000000.000
10490,2058,4.882812,25000000.000
10491,2056,3.906250,25000000.000
10492,2035,-6.347656,25000000.000
10493,2023,-12.207031,25000000.000
10494,2013,-17.089844,25000000.000
10495,2011,-18.066406,25000000.000
10496,1992,-27.343750,25000000.000
10497,1983,-31.738281,25000000.000
10498,1978,-34.179688,25000000.000
10499,1976,-35.156250,25000000.000
10500,1973,-36.621094,25000000.000
10501,1973,-36.621094,25000000.000
10502,1973,-36.621094,25000000.000
10503,1974,-36.132812,25000000.000
10504,1983,-31.738281,25000000.000
10505,1986,-30.273438,25000000.000
10506,1989,-28.808594,25000000.000
10507,1990,-28.320312,25000000.000
10508,2006,-20.507812,25000000.000
10509,2015,-16.113281,25000000.000
10510,2023,-12.207031,25000000.000
10511,2024,-11.718750,25000000.000
10512,2049,0.488281,25000000.000
10513,2060,5.859375,25000000.000
10514,2073,12.207031,25000000.000
10515,2076,13.671875,25000000.000
10516,2097,23.925781,25000000.000
10517,2108,29.296875,25000000.000
10518,2117,33.691406,25000000.000
10519,2117,33.691406,25000000.000
10520,2125,37.597656,25000000.000
10521,2125,37.597656,25000000.000
10522,2123,36.621094,25000000.000
10523,2123,36.621094,25000000.000
10524,2113,31.738281,25000000.000
10525,2106,28.320312,25000000.000
10526,2099,24.902344,25000000.000
10527,2098,24.414062,25000000.000
10528,2083,17.089844,25000000.000
10529,2075,13.183594,25000000.000
10530,2066,8.789062,25000000.000
10531,2066,8.789062,25000000.000
10532,2047,-0.488281,25000000.000
10533,2036,-5.859375,25000000.000
10534,2024,-11.718750,25000000.000
10535,2023,-12.207031,25000000.000
10536,2001,-22.949219,25000000.000
10537,1992,-27.343750,25000000.000
10538,1982,-32.226562,25000000.000
10539,1982,-32.226562,25000000.000
10540,1973,-36.621094,25000000.000
10541,1970,-38.085938,25000000.000
10542,1970,-38.085938,25000000.000
10543,1971,-37.597656,25000000.000
10544,1976,-35.156250,25000000.000
10545,1981,-32.714844,25000000.000
10546,1986,-30.273438,25000000.000
10547,1987,-29.785156,25000000.000
10548,2000,-23.437500,25000000.000
10549,2009,-19.042969,25000000.000
10550,2019,-14.160156,25000000.000
10551,2020,-13.671875,25000000.000
10552,2039,-4.394531,25000000.000
10553,2051,1.464844,25000000.000
10554,2063,7.324219,25000000.000
10555,2065,8.300781,25000000.000
10556,2087,19.042969,25000000.000
10557,2099,24.902344,25000000.000
10558,2106,28.320312,25000000.000
10559,2108,29.296875,25000000.000
10560,2120,35.156250,25000000.000
10561,2123,36.621094,25000000.000
10562,2124,37.109375,25000000.000
10563,2124,37.109375,25000000.000
10564,2118,34.179688,25000000.000
10565,2114,32.226562,25000000.000
10566,2107,28.808594,25000000.000
10567,2107,28.808594,25000000.000
10568,2092,21.484375,25000000.000
10569,2085,18.066406,25000000.000
10570,2075,13.183594,25000000.000
10571,2074,12.695312,25000000.000
10572,2055,3.417969,25000000.000
10573,2043,-2.441406,25000000.000
10574,2031,-8.300781,25000000.000
10575,2030,-8.789062,25000000.000
10576,2009,-19.042969,25000000.000
10577,1999,-23.925781,25000000.000
10578,1990,-28.320312,25000000.000
10579,1988,-29.296875,25000000.000
10580,1978,-34.179688,25000000.000
10581,1974,-36.132812,25000000.000
10582,1972,-37.109375,25000000.000
10583,1972,-37.109375,25000000.000
10584,1975,-35.644531,25000000.000
10585,1978,-34.179688,25000000.000
10586,1982,-32.226562,25000000.000
10587,1983,-31.738281,25000000.000
10588,1993,-26.855469,25000000.000
10589,2000,-23.437500,25000000.000
10590,2008,-19.531250,25000000.000
10591,2009,-19.042969,25000000.000
10592,2027,-10.253906,25000000.000
10593,2039,-4.394531,25000000.000
10594,2051,1.464844,25000000.000
10595,2053,2.441406,25000000.000
10596,2078,14.648438,25000000.000
10597,2090,20.507812,25000000.000
10598,2100,25.390625,25000000.000
10599,2102,26.367188,25000000.000
10600,2118,34.179688,25000000.000
10601,2121,35.644531,25000000.000
10602,2125,37.597656,25000000.000
10603,2125,37.597656,25000000.000
10604,2121,35.644531,25000000.000
10605,2118,34.179688,25000000.000
10606,2112,31.250000,25000000.000
10607,2112,31.250000,25000000.000
10608,2098,24.414062,25000000.000
10609,2091,20.996094,25000000.000
10610,2081,16.113281,25000000.000
10611,2082,16.601562,25000000.000
10612,2063,7.324219,25000000.000
10613,2053,2.441406,25000000.000
10614,2043,-2.441406,25000000.000
10615,2042,-2.929688,25000000.000
10616,2020,-13.671875,25000000.000
10617,2008,-19.531250,25000000.000
10618,1998,-24.414062,25000000.000
10619,1997,-24.902344,25000000.000
10620,1982,-32.226562,25000000.000
10621,1975,-35.644531,25000000.000
10622,1971,-37.597656,25000000.000
10623,1971,-37.597656,25000000.000
10624,1971,-37.597656,25000000.000
10625,1972,-37.109375,25000000.000
10626,1976,-35.156250,25000000.000
10627,1977,-34.667969,25000000.000
10628,1987,-29.785156,25000000.000
10629,1994,-26.367188,25000000.000
10630,2002,-22.460938,25000000.000
10631,2003,-21.972656,25000000.000
10632,2020,-13.671875,25000000.000
10633,2030,-8.789062,25000000.000
10634,2041,-3.417969,25000000.000
10635,2043,-2.441406,25000000.000
10636,2065,8.300781,25000000.000
10637,2077,14.160156,25000000.000
10638,2088,19.531250,25000000.000
10639,2090,20.507812,25000000.000
10640,2108,29.296875,25000000.000
10641,2115,32.714844,25000000.000
10642,2120,35.156250,25000000.000
10643,2120,35.156250,25000000.000
10644,2123,36.621094,25000000.000
10645,2120,35.156250,25000000.000
10646,2117,33.691406,25000000.000
10647,2116,33.203125,25000000.000
10648,2105,27.832031,25000000.000
10649,2097,23.925781,25000000.000
10650,2089,20.019531,25000000.000
10651,2089,20.019531,25000000.000
10652,2072,11.718750,25000000.000
10653,2061,6.347656,25000000.000
10654,2050,0.976562,25000000.000
10655,2049,0.488281,25000000.000
10656,2029,-9.277344,25000000.000
10657,2016,-15.625000,25000000.000
10658,2006,-20.507812,25000000.000
10659,2005,-20.996094,25000000.000
10660,1988,-29.296875,25000000.000
10661,1981,-32.714844,25000000.000
10662,1976,-35.156250,25000000.000
10663,1976,-35.156250,25000000.000
10664,1973,-36.621094,25000000.000
10665,1974,-36.132812,25000000.000
10666,1976,-35.156250,25000000.000
10667,1976,-35.156250,25000000.000
10668,1983,-31.738281,25000000.000
10669,1988,-29.296875,25000000.000
10670,1993,-26.855469,25000000.000
10671,1995,-25.878906,25000000.000
10672,2011,-18.066406,25000000.000
10673,2019,-14.160156,25000000.000
10674,2030,-8.789062,25000000.000
10675,2031,-8.300781,25000000.000
10676,2053,2.441406,25000000.000
10677,2068,9.765625,25000000.000
10678,2079,15.136719,25000000.000
10679,2081,16.113281,25000000.000
10680,2102,26.367188,25000000.000
10681,2112,31.250000,25000000.000
10682,2117,33.691406,25000000.000
10683,2119,34.667969,25000000.000
10684,2124,37.109375,25000000.000
10685,2124,37.109375,25000000.000
10686,2120,35.156250,25000000.000
10687,2120,35.156250,25000000.000
10688,2109,29.785156,25000000.000
10689,2103,26.855469,25000000.000
10690,2095,22.949219,25000000.000
10691,2095,22.949219,25000000.000
10692,2078,14.648438,25000000.000
10693,2068,9.765625,25000000.000
10694,2060,5.859375,25000000.000
10695,2060,5.859375,25000000.000
10696,2039,-4.394531,25000000.000
10697,2028,-9.765625,25000000.000
10698,2017,-15.136719,25000000.000
10699,2015,-16.113281,25000000.000
10700,1996,-25.390625,25000000.000
10701,1986,-30.273438,25000000.000
10702,1980,-33.203125,25000000.000
10703,1979,-33.691406,25000000.000
10704,1970,-38.085938,25000000.000
10705,1970,-38.085938,25000000.000
10706,1971,-37.597656,25000000.000
10707,1970,-38.085938,25000000.000
10708,1977,-34.667969,25000000.000
10709,1982,-32.226562,25000000.000
10710,1988,-29.296875,25000000.000
10711,1989,-28.808594,25000000.000
10712,2005,-20.996094,25000000.000
10713,2014,-16.601562,25000000.000
10714,2024,-11.718750,25000000.000
10715,2025,-11.230469,25000000.000
10716,2045,-1.464844,25000000.000
10717,2057,4.394531,25000000.000
10718,2069,10.253906,25000000.000
10719,2071,11.230469,25000000.000
10720,2092,21.484375,25000000.000
10721,2103,26.855469,25000000.000
10722,2110,30.273438,25000000.000
10723,2112,31.250000,25000000.000
10724,2121,35.644531,25000000.000
10725,2125,37.597656,25000000.000
10726,2124,37.109375,25000000.000
10727,2123,36.621094,25000000.000
10728,2117,33.691406,25000000.000
10729,2112,31.250000,25000000.000
10730,2105,27.832031,25000000.000
10731,2105,27.832031,25000000.000
10732,2089,20.019531,25000000.000
10733,2079,15.136719,25000000.000
10734,2070,10.742188,25000000.000
10735,2068,9.765625,25000000.000
10736,2050,0.976562,25000000.000
10737,2037,-5.371094,25000000.000
10738,2025,-11.230469,25000000.000
10739,2024,-11.718750,25000000.000
10740,2004,-21.484375,25000000.000
10741,1993,-26.855469,25000000.000
10742,1987,-29.785156,25000000.000
10743,1985,-30.761719,25000000.000
10744,1975,-35.644531,25000000.000
10745,1973,-36.621094,25000000.000
10746,1973,-36.621094,25000000.000
10747,1972,-37.109375,25000000.000
10748,1976,-35.156250,25000000.000
10749,1981,-32.714844,25000000.000
10750,1985,-30.761719,25000000.000
10751,1986,-30.273438,25000000.000
10752,1998,-24.414062,25000000.000
10753,2005,-20.996094,25000000.000
10754,2014,-16.601562,25000000.000
10755,2015,-16.113281,25000000.000
10756,2035,-6.347656,25000000.000
10757,2046,-0.976562,25000000.000
10758,2060,5.859375,25000000.000
10759,2060,5.859375,25000000.000
10760,2085,18.066406,25000000.000
10761,2096,23.437500,25000000.000
10762,2105,27.832031,25000000.000
10763,2106,28.320312,25000000.000
10764,2119,34.667969,25000000.000
10765,2122,36.132812,25000000.000
10766,2123,36.621094,25000000.000
10767,2122,36.132812,25000000.000
10768,2119,34.667969,25000000.000
10769,2113,31.738281,25000000.000
10770,2108,29.296875,25000000.000
10771,2107,28.808594,25000000.000
10772,2093,21.972656,25000000.000
10773,2085,18.066406,25000000.000
10774,2075,13.183594,25000000.000
10775,2074,12.695312,25000000.000
10776,2057,4.394531,25000000.000
10777,2046,-0.976562,25000000.000
10778,2035,-6.347656,25000000.000
10779,2034,-6.835938,25000000.000
10780,2013,-17.089844,25000000.000
10781,2003,-21.972656,25000000.000
10782,1993,-26.855469,25000000.000
10783,1992,-27.343750,25000000.000
10784,1979,-33.691406,25000000.000
10785,1974,-36.132812,25000000.000
10786,1971,-37.597656,25000000.000
10787,1970,-38.085938,25000000.000
10788,1971,-37.597656,25000000.000
10789,1974,-36.132812,25000000.000
10790,1978,-34.179688,25000000.000
10791,1979,-33.691406,25000000.000
10792,1991,-27.832031,25000000.000
10793,2000,-23.437500,25000000.000
10794,2008,-19.531250,25000000.000
10795,2010,-18.554688,25000000.000
10796,2028,-9.765625,25000000.000
10797,2040,-3.906250,25000000.000
10798,2050,0.976562,25000000.000
10799,2052,1.953125,25000000.000
10800,2074,12.695312,25000000.000
10801,2086,18.554688,25000000.000
10802,2096,23.437500,25000000.000
10803,2097,23.925781,25000000.000
10804,2114,32.226562,25000000.000
10805,2117,33.691406,25000000.000
10806,2122,36.132812,25000000.000
10807,2119,34.667969,25000000.000
10808,2122,36.132812,25000000.000
10809,2118,34.179688,25000000.000
10810,2114,32.226562,25000000.000
10811,2114,32.226562,25000000.000
10812,2101,25.878906,25000000.000
10813,2093,21.972656,25000000.000
10814,2086,18.554688,25000000.000
10815,2084,17.578125,25000000.000
10816,2066,8.789062,25000000.000
10817,2056,3.906250,25000000.000
10818,2044,-1.953125,25000000.000
10819,2042,-2.929688,25000000.000
10820,2021,-13.183594,25000000.000
10821,2010,-18.554688,25000000.000
10822,1999,-23.925781,25000000.000
10823,1997,-24.902344,25000000.000
10824,1982,-32.226562,25000000.000
10825,1977,-34.667969,25000000.000
10826,1974,-36.132812,25000000.000
10827,1973,-36.621094,25000000.000
10828,1972,-37.109375,25000000.000
10829,1974,-36.132812,25000000.000
10830,1977,-34.667969,25000000.000
10831,1977,-34.667969,25000000.000
10832,1987,-29.785156,25000000.000
10833,1993,-26.855469,25000000.000
10834,2000,-23.437500,25000000.000
10835,2001,-22.949219,25000000.000
10836,2017,-15.136719,25000000.000
10837,2026,-10.742188,25000000.000
10838,2037,-5.371094,25000000.000
10839,2039,-4.394531,25000000.000
10840,2062,6.835938,25000000.000
10841,2076,13.671875,25000000.000
10842,2089,20.019531,25000000.000
10843,2089,20.019531,25000000.000
10844,2108,29.296875,25000000.000
10845,2117,33.691406,25000000.000
10846,2123,36.621094,25000000.000
10847,2122,36.132812,25000000.000
10848,2124,37.109375,25000000.000
10849,2122,36.132812,25000000.000
10850,2118,34.179688,25000000.000
10851,2117,33.691406,25000000.000
10852,2104,27.343750,25000000.000
10853,2097,23.925781,25000000.000
10854,2089,20.019531,25000000.000
10855,2088,19.531250,25000000.000
10856,2072,11.718750,25000000.000
10857,2062,6.835938,25000000.000
10858,2052,1.953125,25000000.000
10859,2052,1.953125,25000000.000
10860,2032,-7.812500,25000000.000
10861,2020,-13.671875,25000000.000
10862,2008,-19.531250,25000000.000
10863,2007,-20.019531,25000000.000
10864,1988,-29.296875,25000000.000
10865,1980,-33.203125,25000000.000
10866,1974,-36.132812,25000000.000
10867,1973,-36.621094,25000000.000
10868,1968,-39.062500,25000000.000
10869,1968,-39.062500,25000000.000
10870,1971,-37.597656,25000000.000
10871,1971,-37.597656,25000000.000
10872,1980,-33.203125,25000000.000
10873,1987,-29.785156,25000000.000
10874,1995,-25.878906,25000000.000
10875,1994,-26.367188,25000000.000
10876,2012,-17.578125,25000000.000
10877,2023,-12.207031,25000000.000
10878,2032,-7.812500,25000000.000
10879,2034,-6.835938,25000000.000
10880,2054,2.929688,25000000.000
10881,2067,9.277344,25000000.000
10882,2079,15.136719,25000000.000
10883,2080,15.625000,25000000.000
10884,2100,25.390625,25000000.000
10885,2109,29.785156,25000000.000
10886,2116,33.203125,25000000.000
10887,2117,33.691406,25000000.000
10888,2124,37.109375,25000000.000
10889,2124,37.109375,25000000.000
10890,2122,36.132812,25000000.000
10891,2122,36.132812,25000000.000
10892,2114,32.226562,25000000.000
10893,2106,28.320312,25000000.000
10894,2099,24.902344,25000000.000
10895,2098,24.414062,25000000.000
10896,2081,16.113281,25000000.000
10897,2072,11.718750,25000000.000
10898,2063,7.324219,25000000.000
10899,2061,6.347656,25000000.000
10900,2040,-3.906250,25000000.000
10901,2028,-9.765625,25000000.000
10902,2018,-14.648438,25000000.000
10903,2016,-15.625000,25000000.000
10904,1996,-25.390625,25000000.000
10905,1986,-30.273438,25000000.000
10906,1979,-33.691406,25000000.000
10907,1979,-33.691406,25000000.000
10908,1971,-37.597656,25000000.000
10909,1970,-38.085938,25000000.000
10910,1971,-37.597656,25000000.000
10911,1971,-37.597656,25000000.000
10912,1977,-34.667969,25000000.000
10913,1983,-31.738281,25000000.000
10914,1989,-28.808594,25000000.000
10915,1990,-28.320312,25000000.000
10916,2003,-21.972656,25000000.000
10917,2013,-17.089844,25000000.000
10918,2022,-12.695312,25000000.000
10919,2022,-12.695312,25000000.000
10920,2042,-2.929688,25000000.000
10921,2055,3.417969,25000000.000
10922,2067,9.277344,25000000.000
10923,2069,10.253906,25000000.000
10924,2092,21.484375,25000000.000
10925,2102,26.367188,25000000.000
10926,2112,31.250000,25000000.000
10927,2111,30.761719,25000000.000
10928,2122,36.132812,25000000.000
10929,2126,38.085938,25000000.000
10930,2126,38.085938,25000000.000
10931,2125,37.597656,25000000.000
10932,2119,34.667969,25000000.000
10933,2112,31.250000,25000000.000
10934,2106,28.320312,25000000.000
10935,2105,27.832031,25000000.000
10936,2089,20.019531,25000000.000
10937,2080,15.625000,25000000.000
10938,2071,11.230469,25000000.000
10939,2071,11.230469,25000000.000
10940,2051,1.464844,25000000.000
10941,2039,-4.394531,25000000.000
10942,2027,-10.253906,25000000.000
10943,2026,-10.742188,25000000.000
10944,2006,-20.507812,25000000.000
10945,1995,-25.878906,25000000.000
10946,1986,-30.273438,25000000.000
10947,1986,-30.273438,25000000.000
10948,1974,-36.132812,25000000.000
10949,1970,-38.085938,25000000.000
10950,1968,-39.062500,25000000.000
10951,1968,-39.062500,25000000.000
10952,1972,-37.109375,25000000.000
10953,1976,-35.156250,25000000.000
10954,1982,-32.226562,25000000.000
10955,1983,-31.738281,25000000.000
10956,1998,-24.414062,25000000.000
10957,2006,-20.507812,25000000.000
10958,2016,-15.625000,25000000.000
10959,2017,-15.136719,25000000.000
10960,2036,-5.859375,25000000.000
10961,2048,0.000000,25000000.000
10962,2059,5.371094,25000000.000
10963,2061,6.347656,25000000.000
10964,2083,17.089844,25000000.000
10965,2093,21.972656,25000000.000
10966,2103,26.855469,25000000.000
10967,2104,27.343750,25000000.000
10968,2117,33.691406,25000000.000
10969,2122,36.132812,25000000.000
10970,2124,37.109375,25000000.000
10971,2124,37.109375,25000000.000
10972,2123,36.621094,25000000.000
10973,2118,34.179688,25000000.000
10974,2112,31.250000,25000000.000
10975,2112,31.250000,25000000.000
10976,2098,24.414062,25000000.000
10977,2089,20.019531,25000000.000
10978,2079,15.136719,25000000.000
10979,2079,15.136719,25000000.000
10980,2059,5.371094,25000000.000
10981,2049,0.488281,25000000.000
10982,2035,-6.347656,25000000.000
10983,2034,-6.835938,25000000.000
10984,2013,-17.089844,25000000.000
10985,2002,-22.460938,25000000.000
10986,1993,-26.855469,25000000.000
10987,1991,-27.832031,25000000.000
10988,1978,-34.179688,25000000.000
10989,1972,-37.109375,25000000.000
10990,1969,-38.574219,25000000.000
10991,1970,-38.085938,25000000.000
10992,1971,-37.597656,25000000.000
10993,1972,-37.109375,25000000.000
10994,1976,-35.156250,25000000.000
10995,1977,-34.667969,25000000.000
10996,1988,-29.296875,25000000.000
10997,1996,-25.390625,25000000.000
10998,2005,-20.996094,25000000.000
10999,2006,-20.507812,25000000.000
11000,2024,-11.718750,25000000.000
11001,2035,-6.347656,25000000.000
11002,2048,0.000000,25000000.000
11003,2048,0.000000,25000000.000
11004,2073,12.207031,25000000.000
11005,2084,17.578125,25000000.000
11006,2095,22.949219,25000000.000
11007,2096,23.437500,25000000.000
11008,2112,31.250000,25000000.000
11009,2120,35.156250,25000000.000
11010,2123,36.621094,25000000.000
11011,2123,36.621094,25000000.000
11012,2124,37.109375,25000000.000
11013,2120,35.156250,25000000.000
11014,2118,34.179688,25000000.000
11015,2116,33.203125,25000000.000
11016,2104,27.343750,25000000.000
11017,2094,22.460938,25000000.000
11018,2085,18.066406,25000000.000
11019,2084,17.578125,25000000.000
11020,2066,8.789062,25000000.000
11021,2057,4.394531,25000000.000
11022,2046,-0.976562,25000000.000
11023,2045,-1.464844,25000000.000
11024,2024,-11.718750,25000000.000
11025,2014,-16.601562,25000000.000
11026,2002,-22.460938,25000000.000
11027,2002,-22.460938,25000000.000
11028,1984,-31.250000,25000000.000
11029,1976,-35.156250,25000000.000
11030,1971,-37.597656,25000000.000
11031,1970,-38.085938,25000000.000
11032,1967,-39.550781,25000000.000
11033,1967,-39.550781,25000000.000
11034,1971,-37.597656,25000000.000
11035,1971,-37.597656,25000000.000
11036,1982,-32.226562,25000000.000
11037,1990,-28.320312,25000000.000
11038,1997,-24.902344,25000000.000
11039,1999,-23.925781,25000000.000
11040,2018,-14.648438,25000000.000
11041,2029,-9.277344,25000000.000
11042,2039,-4.394531,25000000.000
11043,2041,-3.417969,25000000.000
11044,2063,7.324219,25000000.000
11045,2075,13.183594,25000000.000
11046,2087,19.042969,25000000.000
11047,2087,19.042969,25000000.000
11048,2105,27.832031,25000000.000
11049,2113,31.738281,25000000.000
11050,2117,33.691406,25000000.000
11051,2120,35.156250,25000000.000
11052,2123,36.621094,25000000.000
11053,2123,36.621094,25000000.000
11054,2121,35.644531,25000000.000
11055,2121,35.644531,25000000.000
11056,2110,30.273438,25000000.000
11057,2102,26.367188,25000000.000
11058,2094,22.460938,25000000.000
11059,2093,21.972656,25000000.000
11060,2077,14.160156,25000000.000
11061,2065,8.300781,25000000.000
11062,2054,2.929688,25000000.000
11063,2053,2.441406,25000000.000
11064,2032,-7.812500,25000000.000
11065,2021,-13.183594,25000000.000
11066,2010,-18.554688,25000000.000
11067,2008,-19.531250,25000000.000
11068,1990,-28.320312,25000000.000
11069,1982,-32.226562,25000000.000
11070,1975,-35.644531,25000000.000
11071,1975,-35.644531,25000000.000
11072,1969,-38.574219,25000000.000
11073,1969,-38.574219,25000000.000
11074,1971,-37.597656,25000000.000
11075,1971,-37.597656,25000000.000
11076,1978,-34.179688,25000000.000
11077,1984,-31.250000,25000000.000
11078,1991,-27.832031,25000000.000
11079,1992,-27.343750,25000000.000
11080,2008,-19.531250,25000000.000
11081,2020,-13.671875,25000000.000
11082,2030,-8.789062,25000000.000
11083,2031,-8.300781,25000000.000
11084,2054,2.929688,25000000.000
11085,2067,9.277344,25000000.000
11086,2078,14.648438,25000000.000
11087,2079,15.136719,25000000.000
11088,2101,25.878906,25000000.000
11089,2110,30.273438,25000000.000
11090,2116,33.203125,25000000.000
11091,2118,34.179688,25000000.000
11092,2123,36.621094,25000000.000
11093,2123,36.621094,25000000.000
11094,2122,36.132812,25000000.000
11095,2123,36.621094,25000000.000
11096,2114,32.226562,25000000.000
11097,2107,28.808594,25000000.000
11098,2099,24.902344,25000000.000
11099,2099,24.902344,25000000.000
11100,2082,16.601562,25000000.000
11101,2074,12.695312,25000000.000
11102,2064,7.812500,25000000.000
11103,2063,7.324219,25000000.000
11104,2043,-2.441406,25000000.000
11105,2033,-7.324219,25000000.000
11106,2021,-13.183594,25000000.000
11107,2020,-13.671875,25000000.000
11108,2000,-23.437500,25000000.000
11109,1991,-27.832031,25000000.000
11110,1983,-31.738281,25000000.000
11111,1982,-32.226562,25000000.000
11112,1971,-37.597656,25000000.000
11113,1969,-38.574219,25000000.000
11114,1967,-39.550781,25000000.000
11115,1967,-39.550781,25000000.000
11116,1972,-37.109375,25000000.000
11117,1977,-34.667969,25000000.000
11118,1983,-31.738281,25000000.000
11119,1984,-31.250000,25000000.000
11120,2000,-23.437500,25000000.000
11121,2011,-18.066406,25000000.000
11122,2021,-13.183594,25000000.000
11123,2023,-12.207031,25000000.000
11124,2044,-1.953125,25000000.000
11125,2056,3.906250,25000000.000
11126,2068,9.765625,25000000.000
11127,2069,10.253906,25000000.000
11128,2091,20.996094,25000000.000
11129,2100,25.390625,25000000.000
11130,2109,29.785156,25000000.000
11131,2110,30.273438,25000000.000
11132,2121,35.644531,25000000.000
11133,2123,36.621094,25000000.000
11134,2125,37.597656,25000000.000
11135,2124,37.109375,25000000.000
11136,2120,35.156250,25000000.000
11137,2116,33.203125,25000000.000
11138,2110,30.273438,25000000.000
11139,2110,30.273438,25000000.000
11140,2094,22.460938,25000000.000
11141,2083,17.089844,25000000.000
11142,2074,12.695312,25000000.000
11143,2073,12.207031,25000000.000
11144,2052,1.953125,25000000.000
11145,2041,-3.417969,25000000.000
11146,2030,-8.789062,25000000.000
11147,2029,-9.277344,25000000.000
11148,2008,-19.531250,25000000.000
11149,1999,-23.925781,25000000.000
11150,1989,-28.808594,25000000.000
11151,1989,-28.808594,25000000.000
11152,1976,-35.156250,25000000.000
11153,1975,-35.644531,25000000.000
11154,1972,-37.109375,25000000.000
11155,1972,-37.109375,25000000.000
11156,1969,-38.574219,25000000.000
11157,1974,-36.132812,25000000.000
11158,1979,-33.691406,25000000.000
11159,1980,-33.203125,25000000.000
11160,1992,-27.343750,25000000.000
11161,1999,-23.925781,25000000.000
11162,2010,-18.554688,25000000.000
11163,2011,-18.066406,25000000.000
11164,2033,-7.324219,25000000.000
11165,2044,-1.953125,25000000.000
11166,2057,4.394531,25000000.000
11167,2058,4.882812,25000000.000
11168,2082,16.601562,25000000.000
11169,2093,21.972656,25000000.000
11170,2104,27.343750,25000000.000
11171,2104,27.343750,25000000.000
11172,2117,33.691406,25000000.000
11173,2120,35.156250,25000000.000
11174,2124,37.109375,25000000.000
11175,2124,37.109375,25000000.000
11176,2121,35.644531,25000000.000
11177,2119,34.667969,25000000.000
11178,2114,32.226562,25000000.000
11179,2114,32.226562,25000000.000
11180,2099,24.902344,25000000.000
11181,2089,20.019531,25000000.000
11182,2082,16.601562,25000000.000
11183,2079,15.136719,25000000.000
11184,2061,6.347656,25000000.000
11185,2050,0.976562,25000000.000
11186,2040,-3.906250,25000000.000
11187,2038,-4.882812,25000000.000
11188,2018,-14.648438,25000000.000
11189,2007,-20.019531,25000000.000
11190,1998,-24.414062,25000000.000
11191,1997,-24.902344,25000000.000
11192,1982,-32.226562,25000000.000
11193,1975,-35.644531,25000000.000
11194,1972,-37.109375,25000000.000
11195,1972,-37.109375,25000000.000
11196,1967,-39.550781,25000000.000
11197,1969,-38.574219,25000000.000
11198,1972,-37.109375,25000000.000
11199,1972,-37.109375,25000000.000
11200,1984,-31.250000,25000000.000
11201,1992,-27.343750,25000000.000
11202,2002,-22.460938,25000000.000
11203,2003,-21.972656,25000000.000
11204,2023,-12.207031,25000000.000
11205,2035,-6.347656,25000000.000
11206,2048,0.000000,25000000.000
11207,2048,0.000000,25000000.000
11208,2071,11.230469,25000000.000
11209,2082,16.601562,25000000.000
11210,2092,21.484375,25000000.000
11211,2094,22.460938,25000000.000
11212,2109,29.785156,25000000.000
11213,2115,32.714844,25000000.000
11214,2120,35.156250,25000000.000
11215,2121,35.644531,25000000.000
11216,2122,36.132812,25000000.000
11217,2122,36.132812,25000000.000
11218,2119,34.667969,25000000.000
11219,2119,34.667969,25000000.000
11220,2108,29.296875,25000000.000
11221,2100,25.390625,25000000.000
11222,2092,21.484375,25000000.000
11223,2090,20.507812,25000000.000
11224,2071,11.230469,25000000.000
11225,2060,5.859375,25000000.000
11226,2049,0.488281,25000000.000
11227,2047,-0.488281,25000000.000
11228,2026,-10.742188,25000000.000
11229,2015,-16.113281,25000000.000
11230,2005,-20.996094,25000000.000
11231,2002,-22.460938,25000000.000
11232,1985,-30.761719,25000000.000
11233,1979,-33.691406,25000000.000
11234,1973,-36.621094,25000000.000
11235,1973,-36.621094,25000000.000
11236,1968,-39.062500,25000000.000
11237,1967,-39.550781,25000000.000
11238,1970,-38.085938,25000000.000
11239,1971,-37.597656,25000000.000
11240,1978,-34.179688,25000000.000
11241,1985,-30.761719,25000000.000
11242,1994,-26.367188,25000000.000
11243,1993,-26.855469,25000000.000
11244,2013,-17.089844,25000000.000
11245,2024,-11.718750,25000000.000
11246,2035,-6.347656,25000000.000
11247,2036,-5.859375,25000000.000
11248,2060,5.859375,25000000.000
11249,2073,12.207031,25000000.000
11250,2085,18.066406,25000000.000
11251,2085,18.066406,25000000.000
11252,2105,27.832031,25000000.000
11253,2114,32.226562,25000000.000
11254,2121,35.644531,25000000.000
11255,2120,35.156250,25000000.000
11256,2124,37.109375,25000000.000
11257,2124,37.109375,25000000.000
11258,2121,35.644531,25000000.000
11259,2121,35.644531,25000000.000
11260,2110,30.273438,25000000.000
11261,2105,27.832031,25000000.000
11262,2096,23.437500,25000000.000
11263,2094,22.460938,25000000.000
11264,2077,14.160156,25000000.000
11265,2069,10.253906,25000000.000
11266,2059,5.371094,25000000.000
11267,2058,4.882812,25000000.000
11268,2037,-5.371094,25000000.000
11269,2026,-10.742188,25000000.000
11270,2016,-15.625000,25000000.000
11271,2014,-16.601562,25000000.000
11272,1996,-25.390625,25000000.000
11273,1985,-30.761719,25000000.000
11274,1978,-34.179688,25000000.000
11275,1978,-34.179688,25000000.000
11276,1968,-39.062500,25000000.000
11277,1966,-40.039062,25000000.000
11278,1965,-40.527344,25000000.000
11279,1966,-40.039062,25000000.000
11280,1971,-37.597656,25000000.000
11281,1979,-33.691406,25000000.000
11282,1985,-30.761719,25000000.000
11283,1986,-30.273438,25000000.000
11284,2006,-20.507812,25000000.000
11285,2016,-15.625000,25000000.000
11286,2027,-10.253906,25000000.000
11287,2028,-9.765625,25000000.000
11288,2050,0.976562,25000000.000
11289,2062,6.835938,25000000.000
11290,2074,12.695312,25000000.000
11291,2075,13.183594,25000000.000
11292,2095,22.949219,25000000.000
11293,2104,27.343750,25000000.000
11294,2112,31.250000,25000000.000
11295,2113,31.738281,25000000.000
11296,2122,36.132812,25000000.000
11297,2126,38.085938,25000000.000
11298,2124,37.109375,25000000.000
11299,2123,36.621094,25000000.000
11300,2118,34.179688,25000000.000
11301,2112,31.250000,25000000.000
11302,2105,27.832031,25000000.000
11303,2104,27.343750,25000000.000
11304,2088,19.531250,25000000.000
11305,2078,14.648438,25000000.000
11306,2068,9.765625,25000000.000
11307,2067,9.277344,25000000.000
11308,2046,-0.976562,25000000.000
11309,2035,-6.347656,25000000.000
11310,2026,-10.742188,25000000.000
11311,2023,-12.207031,25000000.000
11312,2004,-21.484375,25000000.000
11313,1995,-25.878906,25000000.000
11314,1986,-30.273438,25000000.000
11315,1986,-30.273438,25000000.000
11316,1975,-35.644531,25000000.000
11317,1970,-38.085938,25000000.000
11318,1968,-39.062500,25000000.000
11319,1969,-38.574219,25000000.000
11320,1970,-38.085938,25000000.000
11321,1973,-36.621094,25000000.000
11322,1979,-33.691406,25000000.000
11323,1979,-33.691406,25000000.000
11324,1994,-26.367188,25000000.000
11325,2003,-21.972656,25000000.000
11326,2014,-16.601562,25000000.000
11327,2014,-16.601562,25000000.000
11328,2037,-5.371094,25000000.000
11329,2051,1.464844,25000000.000
11330,2062,6.835938,25000000.000
11331,2064,7.812500,25000000.000
11332,2088,19.531250,25000000.000
11333,2099,24.902344,25000000.000
11334,2109,29.785156,25000000.000
11335,2109,29.785156,25000000.000
11336,2122,36.132812,25000000.000
11337,2126,38.085938,25000000.000
11338,2126,38.085938,25000000.000
11339,2127,38.574219,25000000.000
11340,2122,36.132812,25000000.000
11341,2118,34.179688,25000000.000
11342,2112,31.250000,25000000.000
11343,2112,31.250000,25000000.000
11344,2096,23.437500,25000000.000
11345,2086,18.554688,25000000.000
11346,2078,14.648438,25000000.000
11347,2076,13.671875,25000000.000
11348,2056,3.906250,25000000.000
11349,2047,-0.488281,25000000.000
11350,2035,-6.347656,25000000.000
11351,2033,-7.324219,25000000.000
11352,2012,-17.578125,25000000.000
11353,2003,-21.972656,25000000.000
11354,1994,-26.367188,25000000.000
11355,1992,-27.343750,25000000.000
11356,1979,-33.691406,25000000.000
11357,1973,-36.621094,25000000.000
11358,1969,-38.574219,25000000.000
11359,1969,-38.574219,25000000.000
11360,1967,-39.550781,25000000.000
11361,1970,-38.085938,25000000.000
11362,1974,-36.132812,25000000.000
11363,1975,-35.644531,25000000.000
11364,1989,-28.808594,25000000.000
11365,1997,-24.902344,25000000.000
11366,2009,-19.042969,25000000.000
11367,2009,-19.042969,25000000.000
11368,2031,-8.300781,25000000.000
11369,2043,-2.441406,25000000.000
11370,2054,2.929688,25000000.000
11371,2055,3.417969,25000000.000
11372,2078,14.648438,25000000.000
11373,2088,19.531250,25000000.000
11374,2098,24.414062,25000000.000
11375,2100,25.390625,25000000.000
11376,2114,32.226562,25000000.000
11377,2119,34.667969,25000000.000
11378,2122,36.132812,25000000.000
11379,2123,36.621094,25000000.000
11380,2123,36.621094,25000000.000
11381,2121,35.644531,25000000.000
11382,2117,33.691406,25000000.000
11383,2115,32.714844,25000000.000
11384,2103,26.855469,25000000.000
11385,2094,22.460938,25000000.000
11386,2085,18.066406,25000000.000
11387,2084,17.578125,25000000.000
11388,2063,7.324219,25000000.000
11389,2053,2.441406,25000000.000
11390,2040,-3.906250,25000000.000
11391,2040,-3.906250,25000000.000
11392,2019,-14.160156,25000000.000
11393,2009,-19.042969,25000000.000
11394,2000,-23.437500,25000000.000
11395,1998,-24.414062,25000000.000
11396,1984,-31.250000,25000000.000
11397,1977,-34.667969,25000000.000
11398,1973,-36.621094,25000000.000
11399,1972,-37.109375,25000000.000
11400,1968,-39.062500,25000000.000
11401,1968,-39.062500,25000000.000
11402,1970,-38.085938,25000000.000
11403,1971,-37.597656,25000000.000
11404,1981,-32.714844,25000000.000
11405,1988,-29.296875,25000000.000
11406,1997,-24.902344,25000000.000
11407,1998,-24.414062,25000000.000
11408,2018,-14.648438,25000000.000
11409,2030,-8.789062,25000000.000
11410,2042,-2.929688,25000000.000
11411,2043,-2.441406,25000000.000
11412,2067,9.277344,25000000.000
11413,2081,16.113281,25000000.000
11414,2091,20.996094,25000000.000
11415,2093,21.972656,25000000.000
11416,2110,30.273438,25000000.000
11417,2117,33.691406,25000000.000
11418,2121,35.644531,25000000.000
11419,2122,36.132812,25000000.000
11420,2124,37.109375,25000000.000
11421,2123,36.621094,25000000.000
11422,2120,35.156250,25000000.000
11423,2119,34.667969,25000000.000
11424,2109,29.785156,25000000.000
11425,2101,25.878906,25000000.000
11426,2091,20.996094,25000000.000
11427,2091,20.996094,25000000.000
11428,2074,12.695312,25000000.000
11429,2064,7.812500,25000000.000
11430,2052,1.953125,25000000.000
11431,2051,1.464844,25000000.000
11432,2030,-8.789062,25000000.000
11433,2018,-14.648438,25000000.000
11434,2009,-19.042969,25000000.000
11435,2008,-19.531250,25000000.000
11436,1990,-28.320312,25000000.000
11437,1983,-31.738281,25000000.000
11438,1976,-35.156250,25000000.000
11439,1976,-35.156250,25000000.000
11440,1967,-39.550781,25000000.000
11441,1967,-39.550781,25000000.000
11442,1967,-39.550781,25000000.000
11443,1967,-39.550781,25000000.000
11444,1975,-35.644531,25000000.000
11445,1982,-32.226562,25000000.000
11446,1991,-27.832031,25000000.000
11447,1992,-27.343750,25000000.000
11448,2010,-18.554688,25000000.000
11449,2021,-13.183594,25000000.000
11450,2033,-7.324219,25000000.000
11451,2034,-6.835938,25000000.000
11452,2057,4.394531,25000000.000
11453,2069,10.253906,25000000.000
11454,2081,16.113281,25000000.000
11455,2081,16.113281,25000000.000
11456,2100,25.390625,25000000.000
11457,2109,29.785156,25000000.000
11458,2116,33.203125,25000000.000
11459,2116,33.203125,25000000.000
11460,2122,36.132812,25000000.000
11461,2123,36.621094,25000000.000
11462,2122,36.132812,25000000.000
11463,2122,36.132812,25000000.000
11464,2114,32.226562,25000000.000
11465,2108,29.296875,25000000.000
11466,2100,25.390625,25000000.000
11467,2099,24.902344,25000000.000
11468,2081,16.113281,25000000.000
11469,2073,12.207031,25000000.000
11470,2062,6.835938,25000000.000
11471,2061,6.347656,25000000.000
11472,2040,-3.906250,25000000.000
11473,2028,-9.765625,25000000.000
11474,2017,-15.136719,25000000.000
11475,2017,-15.136719,25000000.000
11476,1997,-24.902344,25000000.000
11477,1989,-28.808594,25000000.000
11478,1982,-32.226562,25000000.000
11479,1981,-32.714844,25000000.000
11480,1972,-37.109375,25000000.000
11481,1969,-38.574219,25000000.000
11482,1968,-39.062500,25000000.000
11483,1969,-38.574219,25000000.000
11484,1974,-36.132812,25000000.000
11485,1978,-34.179688,25000000.000
11486,1984,-31.250000,25000000.000
11487,1985,-30.761719,25000000.000
11488,1999,-23.925781,25000000.000
11489,2010,-18.554688,25000000.000
11490,2022,-12.695312,25000000.000
11491,2024,-11.718750,25000000.000
11492,2046,-0.976562,25000000.000
11493,2059,5.371094,25000000.000
11494,2071,11.230469,25000000.000
11495,2073,12.207031,25000000.000
11496,2095,22.949219,25000000.000
11497,2105,27.832031,25000000.000
11498,2112,31.250000,25000000.000
11499,2113,31.738281,25000000.000
11500,2123,36.621094,25000000.000
11501,2124,37.109375,25000000.000
11502,2121,35.644531,25000000.000
11503,2126,38.085938,25000000.000
11504,2120,35.156250,25000000.000
11505,2114,32.226562,25000000.000
11506,2106,28.320312,25000000.000
11507,2105,27.832031,25000000.000
11508,2089,20.019531,25000000.000
11509,2080,15.625000,25000000.000
11510,2071,11.230469,25000000.000
11511,2069,10.253906,25000000.000
11512,2049,0.488281,25000000.000
11513,2038,-4.882812,25000000.000
11514,2028,-9.765625,25000000.000
11515,2026,-10.742188,25000000.000
11516,2006,-20.507812,25000000.000
11517,1996,-25.390625,25000000.000
11518,1987,-29.785156,25000000.000
11519,1988,-29.296875,25000000.000
11520,1975,-35.644531,25000000.000
11521,1971,-37.597656,25000000.000
11522,1968,-39.062500,25000000.000
11523,1968,-39.062500,25000000.000
11524,1970,-38.085938,25000000.000
11525,1973,-36.621094,25000000.000
11526,1979,-33.691406,25000000.000
11527,1979,-33.691406,25000000.000
11528,1994,-26.367188,25000000.000
11529,2004,-21.484375,25000000.000
11530,2015,-16.113281,25000000.000
11531,2016,-15.625000,25000000.000
11532,2037,-5.371094,25000000.000
11533,2049,0.488281,25000000.000
11534,2061,6.347656,25000000.000
11535,2062,6.835938,25000000.000
11536,2084,17.578125,25000000.000
11537,2095,22.949219,25000000.000
11538,2104,27.343750,25000000.000
11539,2105,27.832031,25000000.000
11540,2117,33.691406,25000000.000
11541,2121,35.644531,25000000.000
11542,2124,37.109375,25000000.000
11543,2123,36.621094,25000000.000
11544,2120,35.156250,25000000.000
11545,2117,33.691406,25000000.000
11546,2112,31.250000,25000000.000
11547,2113,31.738281,25000000.000
11548,2099,24.902344,25000000.000
11549,2090,20.507812,25000000.000
11550,2080,15.625000,25000000.000
11551,2080,15.625000,25000000.000
11552,2059,5.371094,25000000.000
11553,2049,0.488281,25000000.000
11554,2037,-5.371094,25000000.000
11555,2034,-6.835938,25000000.000
11556,2013,-17.089844,25000000.000
11557,2005,-20.996094,25000000.000
11558,1994,-26.367188,25000000.000
11559,1994,-26.367188,25000000.000
11560,1981,-32.714844,25000000.000
11561,1977,-34.667969,25000000.000
11562,1972,-37.109375,25000000.000
11563,1972,-37.109375,25000000.000
11564,1970,-38.085938,25000000.000
11565,1971,-37.597656,25000000.000
11566,1975,-35.644531,25000000.000
11567,1976,-35.156250,25000000.000
11568,1986,-30.273438,25000000.000
11569,1993,-26.855469,25000000.000
11570,2003,-21.972656,25000000.000
11571,2004,-21.484375,25000000.000
11572,2024,-11.718750,25000000.000
11573,2037,-5.371094,25000000.000
11574,2049,0.488281,25000000.000
11575,2050,0.976562,25000000.000
11576,2074,12.695312,25000000.000
11577,2085,18.066406,25000000.000
11578,2096,23.437500,25000000.000
11579,2097,23.925781,25000000.000
11580,2113,31.738281,25000000.000
11581,2118,34.179688,25000000.000
11582,2122,36.132812,25000000.000
11583,2122,36.132812,25000000.000
11584,2123,36.621094,25000000.000
11585,2120,35.156250,25000000.000
11586,2116,33.203125,25000000.000
11587,2115,32.714844,25000000.000
11588,2103,26.855469,25000000.000
11589,2095,22.949219,25000000.000
11590,2085,18.066406,25000000.000
11591,2085,18.066406,25000000.000
11592,2067,9.277344,25000000.000
11593,2056,3.906250,25000000.000
11594,2045,-1.464844,25000000.000
11595,2044,-1.953125,25000000.000
11596,2024,-11.718750,25000000.000
11597,2013,-17.089844,25000000.000
11598,2004,-21.484375,25000000.000
11599,2002,-22.460938,25000000.000
11600,1988,-29.296875,25000000.000
11601,1980,-33.203125,25000000.000
11602,1974,-36.132812,25000000.000
11603,1973,-36.621094,25000000.000
11604,1968,-39.062500,25000000.000
11605,1967,-39.550781,25000000.000
11606,1969,-38.574219,25000000.000
11607,1969,-38.574219,25000000.000
11608,1980,-33.203125,25000000.000
11609,1988,-29.296875,25000000.000
11610,1996,-25.390625,25000000.000
11611,1997,-24.902344,25000000.000
11612,2018,-14.648438,25000000.000
11613,2029,-9.277344,25000000.000
11614,2042,-2.929688,25000000.000
11615,2044,-1.953125,25000000.000
11616,2064,7.812500,25000000.000
11617,2076,13.671875,25000000.000
11618,2087,19.042969,25000000.000
11619,2087,19.042969,25000000.000
11620,2105,27.832031,25000000.000
11621,2112,31.250000,25000000.000
11622,2117,33.691406,25000000.000
11623,2117,33.691406,25000000.000
11624,2121,35.644531,25000000.000
11625,2122,36.132812,25000000.000
11626,2120,35.156250,25000000.000
11627,2119,34.667969,25000000.000
11628,2110,30.273438,25000000.000
11629,2104,27.343750,25000000.000
11630,2095,22.949219,25000000.000
11631,2094,22.460938,25000000.000
11632,2076,13.671875,25000000.000
11633,2065,8.300781,25000000.000
11634,2055,3.417969,25000000.000
11635,2055,3.417969,25000000.000
11636,2032,-7.812500,25000000.000
11637,2022,-12.695312,25000000.000
11638,2011,-18.066406,25000000.000
11639,2010,-18.554688,25000000.000
11640,1993,-26.855469,25000000.000
11641,1986,-30.273438,25000000.000
11642,1980,-33.203125,25000000.000
11643,1980,-33.203125,25000000.000
11644,1972,-37.109375,25000000.000
11645,1970,-38.085938,25000000.000
11646,1970,-38.085938,25000000.000
11647,1969,-38.574219,25000000.000
11648,1974,-36.132812,25000000.000
11649,1980,-33.203125,25000000.000
11650,1987,-29.785156,25000000.000
11651,1987,-29.785156,25000000.000
11652,2004,-21.484375,25000000.000
11653,2017,-15.136719,25000000.000
11654,2029,-9.277344,25000000.000
11655,2030,-8.789062,25000000.000
11656,2053,2.441406,25000000.000
11657,2067,9.277344,25000000.000
11658,2078,14.648438,25000000.000
11659,2080,15.625000,25000000.000
11660,2100,25.390625,25000000.000
11661,2109,29.785156,25000000.000
11662,2115,32.714844,25000000.000
11663,2116,33.203125,25000000.000
11664,2123,36.621094,25000000.000
11665,2123,36.621094,25000000.000
11666,2121,35.644531,25000000.000
11667,2121,35.644531,25000000.000
11668,2115,32.714844,25000000.000
11669,2109,29.785156,25000000.000
11670,2101,25.878906,25000000.000
11671,2101,25.878906,25000000.000
11672,2084,17.578125,25000000.000
11673,2075,13.183594,25000000.000
11674,2064,7.812500,25000000.000
11675,2064,7.812500,25000000.000
11676,2043,-2.441406,25000000.000
11677,2032,-7.812500,25000000.000
11678,2021,-13.183594,25000000.000
11679,2019,-14.160156,25000000.000
11680,2001,-22.949219,25000000.000
11681,1993,-26.855469,25000000.000
11682,1985,-30.761719,25000000.000
11683,1986,-30.273438,25000000.000
11684,1974,-36.132812,25000000.000
11685,1972,-37.109375,25000000.000
11686,1968,-39.062500,25000000.000
11687,1969,-38.574219,25000000.000
11688,1970,-38.085938,25000000.000
11689,1975,-35.644531,25000000.000
11690,1981,-32.714844,25000000.000
11691,1982,-32.226562,25000000.000
11692,2000,-23.437500,25000000.000
11693,2010,-18.554688,25000000.000
11694,2021,-13.183594,25000000.000
11695,2022,-12.695312,25000000.000
11696,2045,-1.464844,25000000.000
11697,2058,4.882812,25000000.000
11698,2070,10.742188,25000000.000
11699,2070,10.742188,25000000.000
11700,2091,20.996094,25000000.000
11701,2100,25.390625,25000000.000
11702,2108,29.296875,25000000.000
11703,2108,29.296875,25000000.000
11704,2120,35.156250,25000000.000
11705,2122,36.132812,25000000.000
11706,2123,36.621094,25000000.000
11707,2123,36.621094,25000000.000
11708,2119,34.667969,25000000.000
11709,2115,32.714844,25000000.000
11710,2109,29.785156,25000000.000
11711,2109,29.785156,25000000.000
11712,2093,21.972656,25000000.000
11713,2084,17.578125,25000000.000
11714,2073,12.207031,25000000.000
11715,2073,12.207031,25000000.000
11716,2052,1.953125,25000000.000
11717,2042,-2.929688,25000000.000
11718,2025,-11.230469,25000000.000
11719,2026,-10.742188,25000000.000
11720,2013,-17.089844,25000000.000
11721,2001,-22.949219,25000000.000
11722,1992,-27.343750,25000000.000
11723,1992,-27.343750,25000000.000
11724,1981,-32.714844,25000000.000
11725,1976,-35.156250,25000000.000
11726,1971,-37.597656,25000000.000
11727,1971,-37.597656,25000000.000
11728,1970,-38.085938,25000000.000
11729,1972,-37.109375,25000000.000
11730,1976,-35.156250,25000000.000
11731,1977,-34.667969,25000000.000
11732,1990,-28.320312,25000000.000
11733,1998,-24.414062,25000000.000
11734,2009,-19.042969,25000000.000
11735,2010,-18.554688,25000000.000
11736,2034,-6.835938,25000000.000
11737,2046,-0.976562,25000000.000
11738,2059,5.371094,25000000.000
11739,2059,5.371094,25000000.000
11740,2083,17.089844,25000000.000
11741,2093,21.972656,25000000.000
11742,2102,26.367188,25000000.000
11743,2103,26.855469,25000000.000
11744,2116,33.203125,25000000.000
11745,2119,34.667969,25000000.000
11746,2121,35.644531,25000000.000
11747,2121,35.644531,25000000.000
11748,2121,35.644531,25000000.000
11749,2117,33.691406,25000000.000
11750,2113,31.738281,25000000.000
11751,2112,31.250000,25000000.000
11752,2099,24.902344,25000000.000
11753,2091,20.996094,25000000.000
11754,2083,17.089844,25000000.000
11755,2080,15.625000,25000000.000
11756,2061,6.347656,25000000.000
11757,2051,1.464844,25000000.000
11758,2039,-4.394531,25000000.000
11759,2038,-4.882812,25000000.000
11760,2018,-14.648438,25000000.000
11761,2007,-20.019531,25000000.000
11762,1998,-24.414062,25000000.000
11763,1997,-24.902344,25000000.000
11764,1983,-31.738281,25000000.000
11765,1977,-34.667969,25000000.000
11766,1972,-37.109375,25000000.000
11767,1972,-37.109375,25000000.000
11768,1967,-39.550781,25000000.000
11769,1968,-39.062500,25000000.000
11770,1971,-37.597656,25000000.000
11771,1970,-38.085938,25000000.000
11772,1983,-31.738281,25000000.000
11773,1991,-27.832031,25000000.000
11774,2001,-22.949219,25000000.000
11775,2002,-22.460938,25000000.000
11776,2024,-11.718750,25000000.000
11777,2037,-5.371094,25000000.000
11778,2047,-0.488281,25000000.000
11779,2049,0.488281,25000000.000
11780,2071,11.230469,25000000.000
11781,2084,17.578125,25000000.000
11782,2092,21.484375,25000000.000
11783,2094,22.460938,25000000.000
11784,2109,29.785156,25000000.000
11785,2115,32.714844,25000000.000
11786,2119,34.667969,25000000.000
11787,2119,34.667969,25000000.000
11788,2121,35.644531,25000000.000
11789,2120,35.156250,25000000.000
11790,2117,33.691406,25000000.000
11791,2116,33.203125,25000000.000
11792,2106,28.320312,25000000.000
11793,2099,24.902344,25000000.000
11794,2090,20.507812,25000000.000
11795,2090,20.507812,25000000.000
11796,2071,11.230469,25000000.000
11797,2060,5.859375,25000000.000
11798,2049,0.488281,25000000.000
11799,2048,0.000000,25000000.000
11800,2026,-10.742188,25000000.000
11801,2015,-16.113281,25000000.000
11802,2006,-20.507812,25000000.000
11803,2004,-21.484375,25000000.000
11804,1987,-29.785156,25000000.000
11805,1983,-31.738281,25000000.000
11806,1977,-34.667969,25000000.000
11807,1977,-34.667969,25000000.000
11808,1968,-39.062500,25000000.000
11809,1971,-37.597656,25000000.000
11810,1970,-38.085938,25000000.000
11811,1971,-37.597656,25000000.000
11812,1978,-34.179688,25000000.000
11813,1983,-31.738281,25000000.000
11814,1991,-27.832031,25000000.000
11815,1992,-27.343750,25000000.000
11816,2012,-17.578125,25000000.000
11817,2023,-12.207031,25000000.000
11818,2035,-6.347656,25000000.000
11819,2036,-5.859375,25000000.000
11820,2061,6.347656,25000000.000
11821,2072,11.718750,25000000.000
11822,2085,18.066406,25000000.000
11823,2086,18.554688,25000000.000
11824,2104,27.343750,25000000.000
11825,2111,30.761719,25000000.000
11826,2117,33.691406,25000000.000
11827,2118,34.179688,25000000.000
11828,2122,36.132812,25000000.000
11829,2122,36.132812,25000000.000
11830,2120,35.156250,25000000.000
11831,2120,35.156250,25000000.000
11832,2112,31.250000,25000000.000
11833,2104,27.343750,25000000.000
11834,2097,23.925781,25000000.000
11835,2095,22.949219,25000000.000
11836,2080,15.625000,25000000.000
11837,2069,10.253906,25000000.000
11838,2058,4.882812,25000000.000
11839,2056,3.906250,25000000.000
11840,2036,-5.859375,25000000.000
11841,2025,-11.230469,25000000.000
11842,2014,-16.601562,25000000.000
11843,2014,-16.601562,25000000.000
11844,1996,-25.390625,25000000.000
11845,1988,-29.296875,25000000.000
11846,1982,-32.226562,25000000.000
11847,1981,-32.714844,25000000.000
11848,1972,-37.109375,25000000.000
11849,1970,-38.085938,25000000.000
11850,1965,-40.527344,25000000.000
11851,1971,-37.597656,25000000.000
11852,1973,-36.621094,25000000.000
11853,1977,-34.667969,25000000.000
11854,1985,-30.761719,25000000.000
11855,1986,-30.273438,25000000.000
11856,2004,-21.484375,25000000.000
11857,2016,-15.625000,25000000.000
11858,2027,-10.253906,25000000.000
11859,2028,-9.765625,25000000.000
11860,2052,1.953125,25000000.000
11861,2064,7.812500,25000000.000
11862,2076,13.671875,25000000.000
11863,2076,13.671875,25000000.000
11864,2095,22.949219,25000000.000
11865,2104,27.343750,25000000.000
11866,2110,30.273438,25000000.000
11867,2111,30.761719,25000000.000
11868,2119,34.667969,25000000.000
11869,2120,35.156250,25000000.000
11870,2122,36.132812,25000000.000
11871,2121,35.644531,25000000.000
11872,2117,33.691406,25000000.000
11873,2112,31.250000,25000000.000
11874,2106,28.320312,25000000.000
11875,2105,27.832031,25000000.000
11876,2090,20.507812,25000000.000
11877,2080,15.625000,25000000.000
11878,2070,10.742188,25000000.000
11879,2068,9.765625,25000000.000
11880,2047,-0.488281,25000000.000
11881,2035,-6.347656,25000000.000
11882,2024,-11.718750,25000000.000
11883,2023,-12.207031,25000000.000
11884,2004,-21.484375,25000000.000
11885,1995,-25.878906,25000000.000
11886,1987,-29.785156,25000000.000
11887,1988,-29.296875,25000000.000
11888,1977,-34.667969,25000000.000
11889,1973,-36.621094,25000000.000
11890,1972,-37.109375,25000000.000
11891,1971,-37.597656,25000000.000
11892,1972,-37.109375,25000000.000
11893,1974,-36.132812,25000000.000
11894,1979,-33.691406,25000000.000
11895,1980,-33.203125,25000000.000
11896,1994,-26.367188,25000000.000
11897,2004,-21.484375,25000000.000
11898,2016,-15.625000,25000000.000
11899,2017,-15.136719,25000000.000
11900,2038,-4.882812,25000000.000
11901,2052,1.953125,25000000.000
11902,2064,7.812500,25000000.000
11903,2065,8.300781,25000000.000
11904,2088,19.531250,25000000.000
11905,2097,23.925781,25000000.000
11906,2106,28.320312,25000000.000
11907,2107,28.808594,25000000.000
11908,2117,33.691406,25000000.000
11909,2122,36.132812,25000000.000
11910,2121,35.644531,25000000.000
11911,2121,35.644531,25000000.000
11912,2117,33.691406,25000000.000
11913,2115,32.714844,25000000.000
11914,2109,29.785156,25000000.000
11915,2109,29.785156,25000000.000
11916,2095,22.949219,25000000.000
11917,2087,19.042969,25000000.000
11918,2078,14.648438,25000000.000
11919,2076,13.671875,25000000.000
11920,2057,4.394531,25000000.000
11921,2046,-0.976562,25000000.000
11922,2034,-6.835938,25000000.000
11923,2033,-7.324219,25000000.000
11924,2013,-17.089844,25000000.000
11925,2004,-21.484375,25000000.000
11926,1995,-25.878906,25000000.000
11927,1994,-26.367188,25000000.000
11928,1981,-32.714844,25000000.000
11929,1975,-35.644531,25000000.000
11930,1971,-37.597656,25000000.000
11931,1971,-37.597656,25000000.000
11932,1969,-38.574219,25000000.000
11933,1973,-36.621094,25000000.000
11934,1974,-36.132812,25000000.000
11935,1974,-36.132812,25000000.000
11936,1988,-29.296875,25000000.000
11937,1998,-24.414062,25000000.000
11938,2008,-19.531250,25000000.000
11939,2008,-19.531250,25000000.000
11940,2031,-8.300781,25000000.000
11941,2043,-2.441406,25000000.000
11942,2055,3.417969,25000000.000
11943,2057,4.394531,25000000.000
11944,2079,15.136719,25000000.000
11945,2089,20.019531,25000000.000
11946,2098,24.414062,25000000.000
11947,2099,24.902344,25000000.000
11948,2112,31.250000,25000000.000
11949,2117,33.691406,25000000.000
11950,2120,35.156250,25000000.000
11951,2120,35.156250,25000000.000
11952,2121,35.644531,25000000.000
11953,2118,34.179688,25000000.000
11954,2114,32.226562,25000000.000
11955,2114,32.226562,25000000.000
11956,2102,26.367188,25000000.000
11957,2093,21.972656,25000000.000
11958,2084,17.578125,25000000.000
11959,2083,17.089844,25000000.000
11960,2064,7.812500,25000000.000
11961,2053,2.441406,25000000.000
11962,2043,-2.441406,25000000.000
11963,2042,-2.929688,25000000.000
11964,2021,-13.183594,25000000.000
11965,2010,-18.554688,25000000.000
11966,2002,-22.460938,25000000.000
11967,2001,-22.949219,25000000.000
11968,1987,-29.785156,25000000.000
11969,1980,-33.203125,25000000.000
11970,1976,-35.156250,25000000.000
11971,1975,-35.644531,25000000.000
11972,1970,-38.085938,25000000.000
11973,1970,-38.085938,25000000.000
11974,1972,-37.109375,25000000.000
11975,1971,-37.597656,25000000.000
11976,1979,-33.691406,25000000.000
11977,1987,-29.785156,25000000.000
11978,1996,-25.390625,25000000.000
11979,1996,-25.390625,25000000.000
11980,2017,-15.136719,25000000.000
11981,2029,-9.277344,25000000.000
11982,2043,-2.441406,25000000.000
11983,2044,-1.953125,25000000.000
11984,2068,9.765625,25000000.000
11985,2079,15.136719,25000000.000
11986,2090,20.507812,25000000.000
11987,2091,20.996094,25000000.000
11988,2107,28.808594,25000000.000
11989,2114,32.226562,25000000.000
11990,2118,34.179688,25000000.000
11991,2119,34.667969,25000000.000
11992,2121,35.644531,25000000.000
11993,2120,35.156250,25000000.000
11994,2117,33.691406,25000000.000
11995,2118,34.179688,25000000.000
11996,2108,29.296875,25000000.000
11997,2100,25.390625,25000000.000
11998,2093,21.972656,25000000.000
11999,2091,20.996094,25000000.000
12000,2074,12.695312,25000000.000
12001,2064,7.812500,25000000.000
12002,2052,1.953125,25000000.000
12003,2051,1.464844,25000000.000
12004,2030,-8.789062,25000000.000
12005,2020,-13.671875,25000000.000
12006,2010,-18.554688,25000000.000
12007,2008,-19.531250,25000000.000
12008,1991,-27.832031,25000000.000
12009,1984,-31.250000,25000000.000
12010,1979,-33.691406,25000000.000
12011,1977,-34.667969,25000000.000
12012,1970,-38.085938,25000000.000
12013,1968,-39.062500,25000000.000
12014,1969,-38.574219,25000000.000
12015,1969,-38.574219,25000000.000
12016,1974,-36.132812,25000000.000
12017,1981,-32.714844,25000000.000
12018,1989,-28.808594,25000000.000
12019,1988,-29.296875,25000000.000
12020,2010,-18.554688,25000000.000
12021,2021,-13.183594,25000000.000
12022,2034,-6.835938,25000000.000
12023,2035,-6.347656,25000000.000
12024,2058,4.882812,25000000.000
12025,2071,11.230469,25000000.000
12026,2082,16.601562,25000000.000
12027,2084,17.578125,25000000.000
12028,2101,25.878906,25000000.000
12029,2108,29.296875,25000000.000
12030,2113,31.738281,25000000.000
12031,2113,31.738281,25000000.000
12032,2118,34.179688,25000000.000
12033,2119,34.667969,25000000.000
12034,2119,34.667969,25000000.000
12035,2119,34.667969,25000000.000
12036,2112,31.250000,25000000.000
12037,2107,28.808594,25000000.000
12038,2101,25.878906,25000000.000
12039,2100,25.390625,25000000.000
12040,2084,17.578125,25000000.000
12041,2074,12.695312,25000000.000
12042,2064,7.812500,25000000.000
12043,2062,6.835938,25000000.000
12044,2040,-3.906250,25000000.000
12045,2028,-9.765625,25000000.000
12046,2017,-15.136719,25000000.000
12047,2016,-15.625000,25000000.000
12048,1997,-24.902344,25000000.000
12049,1990,-28.320312,25000000.000
12050,1983,-31.738281,25000000.000
12051,1983,-31.738281,25000000.000
12052,1974,-36.132812,25000000.000
12053,1973,-36.621094,25000000.000
12054,1971,-37.597656,25000000.000
12055,1972,-37.109375,25000000.000
12056,1974,-36.132812,25000000.000
12057,1978,-34.179688,25000000.000
12058,1983,-31.738281,25000000.000
12059,1984,-31.250000,25000000.000
12060,2001,-22.949219,25000000.000
12061,2011,-18.066406,25000000.000
12062,2023,-12.207031,25000000.000
12063,2024,-11.718750,25000000.000
12064,2047,-0.488281,25000000.000
12065,2059,5.371094,25000000.000
12066,2072,11.718750,25000000.000
12067,2073,12.207031,25000000.000
12068,2095,22.949219,25000000.000
12069,2102,26.367188,25000000.000
12070,2110,30.273438,25000000.000
12071,2110,30.273438,25000000.000
12072,2118,34.179688,25000000.000
12073,2120,35.156250,25000000.000
12074,2121,35.644531,25000000.000
12075,2122,36.132812,25000000.000
12076,2117,33.691406,25000000.000
12077,2114,32.226562,25000000.000
12078,2107,28.808594,25000000.000
12079,2106,28.320312,25000000.000
12080,2090,20.507812,25000000.000
12081,2081,16.113281,25000000.000
12082,2071,11.230469,25000000.000
12083,2070,10.742188,25000000.000
12084,2049,0.488281,25000000.000
12085,2037,-5.371094,25000000.000
12086,2027,-10.253906,25000000.000
12087,2025,-11.230469,25000000.000
12088,2005,-20.996094,25000000.000
12089,1998,-24.414062,25000000.000
12090,1990,-28.320312,25000000.000
12091,1990,-28.320312,25000000.000
12092,1978,-34.179688,25000000.000
12093,1974,-36.132812,25000000.000
12094,1970,-38.085938,25000000.000
12095,1971,-37.597656,25000000.000
12096,1969,-38.574219,25000000.000
12097,1972,-37.109375,25000000.000
12098,1977,-34.667969,25000000.000
12099,1977,-34.667969,25000000.000
12100,1991,-27.832031,25000000.000
12101,2002,-22.460938,25000000.000
12102,2013,-17.089844,25000000.000
12103,2014,-16.601562,25000000.000
12104,2037,-5.371094,25000000.000
12105,2052,1.953125,25000000.000
12106,2064,7.812500,25000000.000
12107,2065,8.300781,25000000.000
12108,2087,19.042969,25000000.000
12109,2097,23.925781,25000000.000
12110,2104,27.343750,25000000.000
12111,2105,27.832031,25000000.000
12112,2116,33.203125,25000000.000
12113,2119,34.667969,25000000.000
12114,2121,35.644531,25000000.000
12115,2121,35.644531,25000000.000
12116,2119,34.667969,25000000.000
12117,2116,33.203125,25000000.000
12118,2111,30.761719,25000000.000
12119,2111,30.761719,25000000.000
12120,2099,24.902344,25000000.000
12121,2091,20.996094,25000000.000
12122,2081,16.113281,25000000.000
12123,2081,16.113281,25000000.000
12124,2061,6.347656,25000000.000
12125,2048,0.000000,25000000.000
12126,2037,-5.371094,25000000.000
12127,2037,-5.371094,25000000.000
12128,2014,-16.601562,25000000.000
12129,2004,-21.484375,25000000.000
12130,1995,-25.878906,25000000.000
12131,1994,-26.367188,25000000.000
12132,1982,-32.226562,25000000.000
12133,1978,-34.179688,25000000.000
12134,1974,-36.132812,25000000.000
12135,1974,-36.132812,25000000.000
12136,1971,-37.597656,25000000.000
12137,1973,-36.621094,25000000.000
12138,1974,-36.132812,25000000.000
12139,1976,-35.156250,25000000.000
12140,1985,-30.761719,25000000.000
12141,1993,-26.855469,25000000.000
12142,2003,-21.972656,25000000.000
12143,2003,-21.972656,25000000.000
12144,2026,-10.742188,25000000.000
12145,2038,-4.882812,25000000.000
12146,2051,1.464844,25000000.000
12147,2052,1.953125,25000000.000
12148,2076,13.671875,25000000.000
12149,2087,19.042969,25000000.000
12150,2097,23.925781,25000000.000
12151,2098,24.414062,25000000.000
12152,2111,30.761719,25000000.000
12153,2116,33.203125,25000000.000
12154,2119,34.667969,25000000.000
12155,2120,35.156250,25000000.000
12156,2120,35.156250,25000000.000
12157,2118,34.179688,25000000.000
12158,2114,32.226562,25000000.000
12159,2115,32.714844,25000000.000
12160,2104,27.343750,25000000.000
12161,2096,23.437500,25000000.000
12162,2087,19.042969,25000000.000
12163,2087,19.042969,25000000.000
12164,2069,10.253906,25000000.000
12165,2058,4.882812,25000000.000
12166,2046,-0.976562,25000000.000
12167,2045,-1.464844,25000000.000
12168,2023,-12.207031,25000000.000
12169,2013,-17.089844,25000000.000
12170,2003,-21.972656,25000000.000
12171,2002,-22.460938,25000000.000
12172,1987,-29.785156,25000000.000
12173,1981,-32.714844,25000000.000
12174,1975,-35.644531,25000000.000
12175,1975,-35.644531,25000000.000
12176,1970,-38.085938,25000000.000
12177,1970,-38.085938,25000000.000
12178,1973,-36.621094,25000000.000
12179,1971,-37.597656,25000000.000
12180,1980,-33.203125,25000000.000
12181,1986,-30.273438,25000000.000
12182,1994,-26.367188,25000000.000
12183,1996,-25.390625,25000000.000
12184,2016,-15.625000,25000000.000
12185,2029,-9.277344,25000000.000
12186,2041,-3.417969,25000000.000
12187,2042,-2.929688,25000000.000
12188,2066,8.789062,25000000.000
12189,2077,14.160156,25000000.000
12190,2088,19.531250,25000000.000
12191,2090,20.507812,25000000.000
12192,2105,27.832031,25000000.000
12193,2111,30.761719,25000000.000
12194,2116,33.203125,25000000.000
12195,2116,33.203125,25000000.000
12196,2118,34.179688,25000000.000
12197,2120,35.156250,25000000.000
12198,2113,31.738281,25000000.000
12199,2119,34.667969,25000000.000
12200,2109,29.785156,25000000.000
12201,2102,26.367188,25000000.000
12202,2095,22.949219,25000000.000
12203,2094,22.460938,25000000.000
12204,2079,15.136719,25000000.000
12205,2068,9.765625,25000000.000
12206,2056,3.906250,25000000.000
12207,2056,3.906250,25000000.000
12208,2033,-7.324219,25000000.000
12209,2022,-12.695312,25000000.000
12210,2011,-18.066406,25000000.000
12211,2009,-19.042969,25000000.000
12212,1992,-27.343750,25000000.000
12213,1987,-29.785156,25000000.000
12214,1981,-32.714844,25000000.000
12215,1981,-32.714844,25000000.000
12216,1973,-36.621094,25000000.000
12217,1972,-37.109375,25000000.000
12218,1971,-37.597656,25000000.000
12219,1971,-37.597656,25000000.000
12220,1976,-35.156250,25000000.000
12221,1980,-33.203125,25000000.000
12222,1987,-29.785156,25000000.000
12223,1988,-29.296875,25000000.000
12224,2005,-20.996094,25000000.000
12225,2016,-15.625000,25000000.000
12226,2027,-10.253906,25000000.000
12227,2028,-9.765625,25000000.000
12228,2054,2.929688,25000000.000
12229,2067,9.277344,25000000.000
12230,2079,15.136719,25000000.000
12231,2081,16.113281,25000000.000
12232,2100,25.390625,25000000.000
12233,2108,29.296875,25000000.000
12234,2114,32.226562,25000000.000
12235,2115,32.714844,25000000.000
12236,2121,35.644531,25000000.000
12237,2120,35.156250,25000000.000
12238,2119,34.667969,25000000.000
12239,2119,34.667969,25000000.000
12240,2112,31.250000,25000000.000
12241,2107,28.808594,25000000.000
12242,2099,24.902344,25000000.000
12243,2099,24.902344,25000000.000
12244,2085,18.066406,25000000.000
12245,2075,13.183594,25000000.000
12246,2065,8.300781,25000000.000
12247,2064,7.812500,25000000.000
12248,2043,-2.441406,25000000.000
12249,2033,-7.324219,25000000.000
12250,2021,-13.183594,25000000.000
12251,2020,-13.671875,25000000.000
12252,2000,-23.437500,25000000.000
12253,1992,-27.343750,25000000.000
12254,1987,-29.785156,25000000.000
12255,1984,-31.250000,25000000.000
12256,1975,-35.644531,25000000.000
12257,1973,-36.621094,25000000.000
12258,1972,-37.109375,25000000.000
12259,1971,-37.597656,25000000.000
12260,1974,-36.132812,25000000.000
12261,1978,-34.179688,25000000.000
12262,1983,-31.738281,25000000.000
12263,1983,-31.738281,25000000.000
12264,1998,-24.414062,25000000.000
12265,2009,-19.042969,25000000.000
12266,2020,-13.671875,25000000.000
12267,2022,-12.695312,25000000.000
12268,2045,-1.464844,25000000.000
12269,2058,4.882812,25000000.000
12270,2069,10.253906,25000000.000
12271,2072,11.718750,25000000.000
12272,2092,21.484375,25000000.000
12273,2101,25.878906,25000000.000
12274,2108,29.296875,25000000.000
12275,2108,29.296875,25000000.000
12276,2116,33.203125,25000000.000
12277,2119,34.667969,25000000.000
12278,2119,34.667969,25000000.000
12279,2119,34.667969,25000000.000
12280,2115,32.714844,25000000.000
12281,2112,31.250000,25000000.000
12282,2107,28.808594,25000000.000
12283,2106,28.320312,25000000.000
12284,2094,22.460938,25000000.000
12285,2084,17.578125,25000000.000
12286,2075,13.183594,25000000.000
12287,2074,12.695312,25000000.000
12288,2053,2.441406,25000000.000
12289,2042,-2.929688,25000000.000
12290,2031,-8.300781,25000000.000
12291,2030,-8.789062,25000000.000
12292,2009,-19.042969,25000000.000
12293,2000,-23.437500,25000000.000
12294,1993,-26.855469,25000000.000
12295,1992,-27.343750,25000000.000
12296,1981,-32.714844,25000000.000
12297,1977,-34.667969,25000000.000
12298,1973,-36.621094,25000000.000
12299,1974,-36.132812,25000000.000
12300,1974,-36.132812,25000000.000
12301,1975,-35.644531,25000000.000
12302,1979,-33.691406,25000000.000
12303,1979,-33.691406,25000000.000
12304,1990,-28.320312,25000000.000
12305,1998,-24.414062,25000000.000
12306,2008,-19.531250,25000000.000
12307,2009,-19.042969,25000000.000
12308,2032,-7.812500,25000000.000
12309,2045,-1.464844,25000000.000
12310,2057,4.394531,25000000.000
12311,2059,5.371094,25000000.000
12312,2083,17.089844,25000000.000
12313,2093,21.972656,25000000.000
12314,2102,26.367188,25000000.000
12315,2104,27.343750,25000000.000
12316,2115,32.714844,25000000.000
12317,2118,34.179688,25000000.000
12318,2119,34.667969,25000000.000
12319,2120,35.156250,25000000.000
12320,2117,33.691406,25000000.000
12321,2114,32.226562,25000000.000
12322,2109,29.785156,25000000.000
12323,2110,30.273438,25000000.000
12324,2098,24.414062,25000000.000
12325,2090,20.507812,25000000.000
12326,2082,16.601562,25000000.000
12327,2082,16.601562,25000000.000
12328,2062,6.835938,25000000.000
12329,2052,1.953125,25000000.000
12330,2040,-3.906250,25000000.000
12331,2040,-3.906250,25000000.000
12332,2018,-14.648438,25000000.000
12333,2007,-20.019531,25000000.000
12334,1999,-23.925781,25000000.000
12335,1998,-24.414062,25000000.000
12336,1984,-31.250000,25000000.000
12337,1979,-33.691406,25000000.000
12338,1975,-35.644531,25000000.000
12339,1974,-36.132812,25000000.000
12340,1972,-37.109375,25000000.000
12341,1971,-37.597656,25000000.000
12342,1974,-36.132812,25000000.000
12343,1974,-36.132812,25000000.000
12344,1984,-31.250000,25000000.000
12345,1991,-27.832031,25000000.000
12346,2000,-23.437500,25000000.000
12347,2001,-22.949219,25000000.000
12348,2023,-12.207031,25000000.000
12349,2035,-6.347656,25000000.000
12350,2047,-0.488281,25000000.000
12351,2049,0.488281,25000000.000
12352,2073,12.207031,25000000.000
12353,2082,16.601562,25000000.000
12354,2093,21.972656,25000000.000
12355,2095,22.949219,25000000.000
12356,2109,29.785156,25000000.000
12357,2114,32.226562,25000000.000
12358,2118,34.179688,25000000.000
12359,2117,33.691406,25000000.000
12360,2118,34.179688,25000000.000
12361,2116,33.203125,25000000.000
12362,2113,31.738281,25000000.000
12363,2113,31.738281,25000000.000
12364,2104,27.343750,25000000.000
12365,2099,24.902344,25000000.000
12366,2090,20.507812,25000000.000
12367,2089,20.019531,25000000.000
12368,2073,12.207031,25000000.000
12369,2062,6.835938,25000000.000
12370,2050,0.976562,25000000.000
12371,2048,0.000000,25000000.000
12372,2026,-10.742188,25000000.000
12373,2015,-16.113281,25000000.000
12374,2006,-20.507812,25000000.000
12375,2004,-21.484375,25000000.000
12376,1988,-29.296875,25000000.000
12377,1982,-32.226562,25000000.000
12378,1977,-34.667969,25000000.000
12379,1977,-34.667969,25000000.000
12380,1974,-36.132812,25000000.000
12381,1973,-36.621094,25000000.000
12382,1974,-36.132812,25000000.000
12383,1974,-36.132812,25000000.000
12384,1981,-32.714844,25000000.000
12385,1984,-31.250000,25000000.000
12386,1991,-27.832031,25000000.000
12387,1992,-27.343750,25000000.000
12388,2011,-18.066406,25000000.000
12389,2021,-13.183594,25000000.000
12390,2034,-6.835938,25000000.000
12391,2035,-6.347656,25000000.000
12392,2060,5.859375,25000000.000
12393,2072,11.718750,25000000.000
12394,2084,17.578125,25000000.000
12395,2085,18.066406,25000000.000
12396,2103,26.855469,25000000.000
12397,2109,29.785156,25000000.000
12398,2115,32.714844,25000000.000
12399,2116,33.203125,25000000.000
12400,2118,34.179688,25000000.000
12401,2119,34.667969,25000000.000
12402,2117,33.691406,25000000.000
12403,2117,33.691406,25000000.000
12404,2108,29.296875,25000000.000
12405,2102,26.367188,25000000.000
12406,2094,22.460938,25000000.000
12407,2094,22.460938,25000000.000
12408,2078,14.648438,25000000.000
12409,2068,9.765625,25000000.000
12410,2057,4.394531,25000000.000
12411,2056,3.906250,25000000.000
12412,2036,-5.859375,25000000.000
12413,2025,-11.230469,25000000.000
12414,2015,-16.113281,25000000.000
12415,2014,-16.601562,25000000.000
12416,1997,-24.902344,25000000.000
12417,1990,-28.320312,25000000.000
12418,1983,-31.738281,25000000.000
12419,1983,-31.738281,25000000.000
12420,1975,-35.644531,25000000.000
12421,1972,-37.109375,25000000.000
12422,1972,-37.109375,25000000.000
12423,1972,-37.109375,25000000.000
12424,1976,-35.156250,25000000.000
12425,1980,-33.203125,25000000.000
12426,1986,-30.273438,25000000.000
12427,1987,-29.785156,25000000.000
12428,2004,-21.484375,25000000.000
12429,2015,-16.113281,25000000.000
12430,2027,-10.253906,25000000.000
12431,2028,-9.765625,25000000.000
12432,2053,2.441406,25000000.000
12433,2065,8.300781,25000000.000
12434,2078,14.648438,25000000.000
12435,2079,15.136719,25000000.000
12436,2098,24.414062,25000000.000
12437,2105,27.832031,25000000.000
12438,2111,30.761719,25000000.000
12439,2111,30.761719,25000000.000
12440,2117,33.691406,25000000.000
12441,2118,34.179688,25000000.000
12442,2117,33.691406,25000000.000
12443,2117,33.691406,25000000.000
12444,2113,31.738281,25000000.000
12445,2108,29.296875,25000000.000
12446,2101,25.878906,25000000.000
12447,2101,25.878906,25000000.000
12448,2088,19.531250,25000000.000
12449,2079,15.136719,25000000.000
12450,2069,10.253906,25000000.000
12451,2069,10.253906,25000000.000
12452,2047,-0.488281,25000000.000
12453,2034,-6.835938,25000000.000
12454,2023,-12.207031,25000000.000
12455,2021,-13.183594,25000000.000
12456,2002,-22.460938,25000000.000
12457,1995,-25.878906,25000000.000
12458,1986,-30.273438,25000000.000
12459,1987,-29.785156,25000000.000
12460,1977,-34.667969,25000000.000
12461,1976,-35.156250,25000000.000
12462,1974,-36.132812,25000000.000
12463,1975,-35.644531,25000000.000
12464,1977,-34.667969,25000000.000
12465,1978,-34.179688,25000000.000
12466,1982,-32.226562,25000000.000
12467,1983,-31.738281,25000000.000
12468,1996,-25.390625,25000000.000
12469,2004,-21.484375,25000000.000
12470,2015,-16.113281,25000000.000
12471,2017,-15.136719,25000000.000
12472,2039,-4.394531,25000000.000
12473,2053,2.441406,25000000.000
12474,2065,8.300781,25000000.000
12475,2066,8.789062,25000000.000
12476,2090,20.507812,25000000.000
12477,2100,25.390625,25000000.000
12478,2107,28.808594,25000000.000
12479,2108,29.296875,25000000.000
12480,2119,34.667969,25000000.000
12481,2120,35.156250,25000000.000
12482,2120,35.156250,25000000.000
12483,2119,34.667969,25000000.000
12484,2115,32.714844,25000000.000
12485,2110,30.273438,25000000.000
12486,2106,28.320312,25000000.000
12487,2106,28.320312,25000000.000
12488,2093,21.972656,25000000.000
12489,2085,18.066406,25000000.000
12490,2077,14.160156,25000000.000
12491,2076,13.671875,25000000.000
12492,2057,4.394531,25000000.000
12493,2045,-1.464844,25000000.000
12494,2034,-6.835938,25000000.000
12495,2032,-7.812500,25000000.000
12496,2012,-17.578125,25000000.000
12497,2004,-21.484375,25000000.000
12498,1994,-26.367188,25000000.000
12499,1993,-26.855469,25000000.000
12500,1981,-32.714844,25000000.000
12501,1978,-34.179688,25000000.000
12502,1975,-35.644531,25000000.000
12503,1974,-36.132812,25000000.000
12504,1973,-36.621094,25000000.000
12505,1975,-35.644531,25000000.000
12506,1978,-34.179688,25000000.000
12507,1979,-33.691406,25000000.000
12508,1989,-28.808594,25000000.000
12509,1998,-24.414062,25000000.000
12510,2007,-20.019531,25000000.000
12511,2009,-19.042969,25000000.000
12512,2030,-8.789062,25000000.000
12513,2042,-2.929688,25000000.000
12514,2055,3.417969,25000000.000
12515,2057,4.394531,25000000.000
12516,2080,15.625000,25000000.000
12517,2091,20.996094,25000000.000
12518,2100,25.390625,25000000.000
12519,2101,25.878906,25000000.000
12520,2114,32.226562,25000000.000
12521,2118,34.179688,25000000.000
12522,2120,35.156250,25000000.000
12523,2120,35.156250,25000000.000
12524,2118,34.179688,25000000.000
12525,2115,32.714844,25000000.000
12526,2111,30.761719,25000000.000
12527,2110,30.273438,25000000.000
12528,2098,24.414062,25000000.000
12529,2092,21.484375,25000000.000
12530,2084,17.578125,25000000.000
12531,2083,17.089844,25000000.000
12532,2065,8.300781,25000000.000
12533,2054,2.929688,25000000.000
12534,2042,-2.929688,25000000.000
12535,2041,-3.417969,25000000.000
12536,2020,-13.671875,25000000.000
12537,2009,-19.042969,25000000.000
12538,2000,-23.437500,25000000.000
12539,1998,-24.414062,25000000.000
12540,1984,-31.250000,25000000.000
12541,1980,-33.203125,25000000.000
12542,1977,-34.667969,25000000.000
12543,1976,-35.156250,25000000.000
12544,1972,-37.109375,25000000.000
12545,1976,-35.156250,25000000.000
12546,1979,-33.691406,25000000.000
12547,1975,-35.644531,25000000.000
12548,1984,-31.250000,25000000.000
12549,1989,-28.808594,25000000.000
12550,1997,-24.902344,25000000.000
12551,1998,-24.414062,25000000.000
12552,2017,-15.136719,25000000.000
12553,2029,-9.277344,25000000.000
12554,2042,-2.929688,25000000.000
12555,2043,-2.441406,25000000.000
12556,2069,10.253906,25000000.000
12557,2081,16.113281,25000000.000
12558,2092,21.484375,25000000.000
12559,2092,21.484375,25000000.000
12560,2109,29.785156,25000000.000
12561,2115,32.714844,25000000.000
12562,2118,34.179688,25000000.000
12563,2118,34.179688,25000000.000
12564,2119,34.667969,25000000.000
12565,2117,33.691406,25000000.000
12566,2114,32.226562,25000000.000
12567,2113,31.738281,25000000.000
12568,2104,27.343750,25000000.000
12569,2097,23.925781,25000000.000
12570,2090,20.507812,25000000.000
12571,2089,20.019531,25000000.000
12572,2072,11.718750,25000000.000
12573,2063,7.324219,25000000.000
12574,2052,1.953125,25000000.000
12575,2050,0.976562,25000000.000
12576,2030,-8.789062,25000000.000
12577,2018,-14.648438,25000000.000
12578,2008,-19.531250,25000000.000
12579,2007,-20.019531,25000000.000
12580,1990,-28.320312,25000000.000
12581,1983,-31.738281,25000000.000
12582,1979,-33.691406,25000000.000
12583,1979,-33.691406,25000000.000
12584,1973,-36.621094,25000000.000
12585,1972,-37.109375,25000000.000
12586,1972,-37.109375,25000000.000
12587,1972,-37.109375,25000000.000
12588,1978,-34.179688,25000000.000
12589,1984,-31.250000,25000000.000
12590,1991,-27.832031,25000000.000
12591,1992,-27.343750,25000000.000
12592,2009,-19.042969,25000000.000
12593,2021,-13.183594,25000000.000
12594,2033,-7.324219,25000000.000
12595,2034,-6.835938,25000000.000
12596,2058,4.882812,25000000.000
12597,2071,11.230469,25000000.000
12598,2083,17.089844,25000000.000
12599,2084,17.578125,25000000.000
12600,2102,26.367188,25000000.000
12601,2109,29.785156,25000000.000
12602,2114,32.226562,25000000.000
12603,2114,32.226562,25000000.000
12604,2118,34.179688,25000000.000
12605,2118,34.179688,25000000.000
12606,2115,32.714844,25000000.000
12607,2116,33.203125,25000000.000
12608,2109,29.785156,25000000.000
12609,2104,27.343750,25000000.000
12610,2098,24.414062,25000000.000
12611,2097,23.925781,25000000.000
12612,2082,16.601562,25000000.000
12613,2074,12.695312,25000000.000
12614,2063,7.324219,25000000.000
12615,2062,6.835938,25000000.000
12616,2040,-3.906250,25000000.000
12617,2028,-9.765625,25000000.000
12618,2016,-15.625000,25000000.000
12619,2015,-16.113281,25000000.000
12620,1996,-25.390625,25000000.000
12621,1989,-28.808594,25000000.000
12622,1984,-31.250000,25000000.000
12623,1983,-31.738281,25000000.000
12624,1978,-34.179688,25000000.000
12625,1975,-35.644531,25000000.000
12626,1975,-35.644531,25000000.000
12627,1975,-35.644531,25000000.000
12628,1978,-34.179688,25000000.000
12629,1981,-32.714844,25000000.000
12630,1986,-30.273438,25000000.000
12631,1986,-30.273438,25000000.000
12632,1999,-23.925781,25000000.000
12633,2010,-18.554688,25000000.000
12634,2020,-13.671875,25000000.000
12635,2022,-12.695312,25000000.000
12636,2046,-0.976562,25000000.000
12637,2059,5.371094,25000000.000
12638,2072,11.718750,25000000.000
12639,2073,12.207031,25000000.000
12640,2095,22.949219,25000000.000
12641,2104,27.343750,25000000.000
12642,2110,30.273438,25000000.000
12643,2110,30.273438,25000000.000
12644,2118,34.179688,25000000.000
12645,2119,34.667969,25000000.000
12646,2119,34.667969,25000000.000
12647,2118,34.179688,25000000.000
12648,2113,31.738281,25000000.000
12649,2109,29.785156,25000000.000
12650,2103,26.855469,25000000.000
12651,2102,26.367188,25000000.000
12652,2089,20.019531,25000000.000
12653,2082,16.601562,25000000.000
12654,2072,11.718750,25000000.000
12655,2071,11.230469,25000000.000
12656,2051,1.464844,25000000.000
12657,2040,-3.906250,25000000.000
12658,2028,-9.765625,25000000.000
12659,2026,-10.742188,25000000.000
12660,2007,-20.019531,25000000.000
12661,1998,-24.414062,25000000.000
12662,1989,-28.808594,25000000.000
12663,1990,-28.320312,25000000.000
12664,1980,-33.203125,25000000.000
12665,1976,-35.156250,25000000.000
12666,1974,-36.132812,25000000.000
12667,1973,-36.621094,25000000.000
12668,1976,-35.156250,25000000.000
12669,1978,-34.179688,25000000.000
12670,1981,-32.714844,25000000.000
12671,1982,-32.226562,25000000.000
12672,1994,-26.367188,25000000.000
12673,2002,-22.460938,25000000.000
12674,2013,-17.089844,25000000.000
12675,2014,-16.601562,25000000.000
12676,2038,-4.882812,25000000.000
12677,2050,0.976562,25000000.000
12678,2062,6.835938,25000000.000
12679,2064,7.812500,25000000.000
12680,2086,18.554688,25000000.000
12681,2095,22.949219,25000000.000
12682,2103,26.855469,25000000.000
12683,2104,27.343750,25000000.000
12684,2115,32.714844,25000000.000
12685,2117,33.691406,25000000.000
12686,2118,34.179688,25000000.000
12687,2118,34.179688,25000000.000
12688,2115,32.714844,25000000.000
12689,2113,31.738281,25000000.000
12690,2109,29.785156,25000000.000
12691,2108,29.296875,25000000.000
12692,2096,23.437500,25000000.000
12693,2088,19.531250,25000000.000
12694,2079,15.136719,25000000.000
12695,2078,14.648438,25000000.000
12696,2058,4.882812,25000000.000
12697,2046,-0.976562,25000000.000
12698,2035,-6.347656,25000000.000
12699,2033,-7.324219,25000000.000
12700,2012,-17.578125,25000000.000
12701,2002,-22.460938,25000000.000
12702,1995,-25.878906,25000000.000
12703,1995,-25.878906,25000000.000
12704,1983,-31.738281,25000000.000
12705,1979,-33.691406,25000000.000
12706,1977,-34.667969,25000000.000
12707,1977,-34.667969,25000000.000
12708,1976,-35.156250,25000000.000
12709,1976,-35.156250,25000000.000
12710,1979,-33.691406,25000000.000
12711,1979,-33.691406,25000000.000
12712,1988,-29.296875,25000000.000
12713,1995,-25.878906,25000000.000
12714,2004,-21.484375,25000000.000
12715,2005,-20.996094,25000000.000
12716,2026,-10.742188,25000000.000
12717,2037,-5.371094,25000000.000
12718,2051,1.464844,25000000.000
12719,2052,1.953125,25000000.000
12720,2075,13.183594,25000000.000
12721,2087,19.042969,25000000.000
12722,2098,24.414062,25000000.000
12723,2099,24.902344,25000000.000
12724,2112,31.250000,25000000.000
12725,2116,33.203125,25000000.000
12726,2116,33.203125,25000000.000
12727,2117,33.691406,25000000.000
12728,2118,34.179688,25000000.000
12729,2115,32.714844,25000000.000
12730,2111,30.761719,25000000.000
12731,2111,30.761719,25000000.000
12732,2102,26.367188,25000000.000
12733,2094,22.460938,25000000.000
12734,2086,18.554688,25000000.000
12735,2085,18.066406,25000000.000
12736,2067,9.277344,25000000.000
12737,2058,4.882812,25000000.000
12738,2045,-1.464844,25000000.000
12739,2044,-1.953125,25000000.000
12740,2023,-12.207031,25000000.000
12741,2011,-18.066406,25000000.000
12742,2003,-21.972656,25000000.000
12743,2002,-22.460938,25000000.000
12744,1986,-30.273438,25000000.000
12745,1982,-32.226562,25000000.000
12746,1978,-34.179688,25000000.000
12747,1977,-34.667969,25000000.000
12748,1974,-36.132812,25000000.000
12749,1974,-36.132812,25000000.000
12750,1975,-35.644531,25000000.000
12751,1975,-35.644531,25000000.000
12752,1982,-32.226562,25000000.000
12753,1989,-28.808594,25000000.000
12754,1996,-25.390625,25000000.000
12755,1997,-24.902344,25000000.000
12756,2016,-15.625000,25000000.000
12757,2029,-9.277344,25000000.000
12758,2040,-3.906250,25000000.000
12759,2042,-2.929688,25000000.000
12760,2066,8.789062,25000000.000
12761,2078,14.648438,25000000.000
12762,2090,20.507812,25000000.000
12763,2090,20.507812,25000000.000
12764,2106,28.320312,25000000.000
12765,2112,31.250000,25000000.000
12766,2115,32.714844,25000000.000
12767,2115,32.714844,25000000.000
12768,2116,33.203125,25000000.000
12769,2114,32.226562,25000000.000
12770,2111,30.761719,25000000.000
12771,2111,30.761719,25000000.000
12772,2104,27.343750,25000000.000
12773,2098,24.414062,25000000.000
12774,2091,20.996094,25000000.000
12775,2091,20.996094,25000000.000
12776,2077,14.160156,25000000.000
12777,2066,8.789062,25000000.000
12778,2056,3.906250,25000000.000
12779,2054,2.929688,25000000.000
12780,2032,-7.812500,25000000.000
12781,2020,-13.671875,25000000.000
12782,2010,-18.554688,25000000.000
12783,2009,-19.042969,25000000.000
12784,1991,-27.832031,25000000.000
12785,1984,-31.250000,25000000.000
12786,1980,-33.203125,25000000.000
12787,1979,-33.691406,25000000.000
12788,1975,-35.644531,25000000.000
12789,1974,-36.132812,25000000.000
12790,1976,-35.156250,25000000.000
12791,1976,-35.156250,25000000.000
12792,1981,-32.714844,25000000.000
12793,1985,-30.761719,25000000.000
12794,1992,-27.343750,25000000.000
12795,1992,-27.343750,25000000.000
12796,2007,-20.019531,25000000.000
12797,2017,-15.136719,25000000.000
12798,2028,-9.765625,25000000.000
12799,2030,-8.789062,25000000.000
12800,2054,2.929688,25000000.000
12801,2067,9.277344,25000000.000
12802,2080,15.625000,25000000.000
12803,2081,16.113281,25000000.000
12804,2102,26.367188,25000000.000
12805,2108,29.296875,25000000.000
12806,2114,32.226562,25000000.000
12807,2114,32.226562,25000000.000
12808,2119,34.667969,25000000.000
12809,2119,34.667969,25000000.000
12810,2116,33.203125,25000000.000
12811,2116,33.203125,25000000.000
12812,2110,30.273438,25000000.000
12813,2101,25.878906,25000000.000
12814,2097,23.925781,25000000.000
12815,2097,23.925781,25000000.000
12816,2081,16.113281,25000000.000
12817,2074,12.695312,25000000.000
12818,2064,7.812500,25000000.000
12819,2062,6.835938,25000000.000
12820,2043,-2.441406,25000000.000
12821,2030,-8.789062,25000000.000
12822,2020,-13.671875,25000000.000
12823,2019,-14.160156,25000000.000
12824,2000,-23.437500,25000000.000
12825,1992,-27.343750,25000000.000
12826,1986,-30.273438,25000000.000
12827,1984,-31.250000,25000000.000
12828,1977,-34.667969,25000000.000
12829,1974,-36.132812,25000000.000
12830,1974,-36.132812,25000000.000
12831,1974,-36.132812,25000000.000
12832,1978,-34.179688,25000000.000
12833,1981,-32.714844,25000000.000
12834,1986,-30.273438,25000000.000
12835,1987,-29.785156,25000000.000
12836,2000,-23.437500,25000000.000
12837,2010,-18.554688,25000000.000
12838,2020,-13.671875,25000000.000
12839,2022,-12.695312,25000000.000
12840,2045,-1.464844,25000000.000
12841,2058,4.882812,25000000.000
12842,2070,10.742188,25000000.000
12843,2072,11.718750,25000000.000
12844,2092,21.484375,25000000.000
12845,2100,25.390625,25000000.000
12846,2108,29.296875,25000000.000
12847,2109,29.785156,25000000.000
12848,2116,33.203125,25000000.000
12849,2119,34.667969,25000000.000
12850,2118,34.179688,25000000.000
12851,2118,34.179688,25000000.000
12852,2114,32.226562,25000000.000
12853,2110,30.273438,25000000.000
12854,2105,27.832031,25000000.000
12855,2104,27.343750,25000000.000
12856,2090,20.507812,25000000.000
12857,2082,16.601562,25000000.000
12858,2074,12.695312,25000000.000
12859,2071,11.230469,25000000.000
12860,2051,1.464844,25000000.000
12861,2040,-3.906250,25000000.000
12862,2027,-10.253906,25000000.000
12863,2026,-10.742188,25000000.000
12864,2007,-20.019531,25000000.000
12865,1997,-24.902344,25000000.000
12866,1991,-27.832031,25000000.000
12867,1989,-28.808594,25000000.000
12868,1979,-33.691406,25000000.000
12869,1978,-34.179688,25000000.000
12870,1976,-35.156250,25000000.000
12871,1975,-35.644531,25000000.000
12872,1976,-35.156250,25000000.000
12873,1977,-34.667969,25000000.000
12874,1982,-32.226562,25000000.000
12875,1982,-32.226562,25000000.000
12876,1994,-26.367188,25000000.000
12877,2001,-22.949219,25000000.000
12878,2012,-17.578125,25000000.000
12879,2013,-17.089844,25000000.000
12880,2035,-6.347656,25000000.000
12881,2048,0.000000,25000000.000
12882,2059,5.371094,25000000.000
12883,2061,6.347656,25000000.000
12884,2084,17.578125,25000000.000
12885,2094,22.460938,25000000.000
12886,2103,26.855469,25000000.000
12887,2104,27.343750,25000000.000
12888,2115,32.714844,25000000.000
12889,2118,34.179688,25000000.000
12890,2119,34.667969,25000000.000
12891,2119,34.667969,25000000.000
12892,2115,32.714844,25000000.000
12893,2116,33.203125,25000000.000
12894,2113,31.738281,25000000.000
12895,2107,28.808594,25000000.000
12896,2096,23.437500,25000000.000
12897,2090,20.507812,25000000.000
12898,2081,16.113281,25000000.000
12899,2079,15.136719,25000000.000
12900,2061,6.347656,25000000.000
12901,2049,0.488281,25000000.000
12902,2036,-5.859375,25000000.000
12903,2036,-5.859375,25000000.000
12904,2016,-15.625000,25000000.000
12905,2006,-20.507812,25000000.000
12906,1998,-24.414062,25000000.000
12907,1996,-25.390625,25000000.000
12908,1984,-31.250000,25000000.000
12909,1980,-33.203125,25000000.000
12910,1977,-34.667969,25000000.000
12911,1977,-34.667969,25000000.000
12912,1975,-35.644531,25000000.000
12913,1976,-35.156250,25000000.000
12914,1978,-34.179688,25000000.000
12915,1979,-33.691406,25000000.000
12916,1988,-29.296875,25000000.000
12917,1996,-25.390625,25000000.000
12918,2004,-21.484375,25000000.000
12919,2005,-20.996094,25000000.000
12920,2025,-11.230469,25000000.000
12921,2038,-4.882812,25000000.000
12922,2049,0.488281,25000000.000
12923,2052,1.953125,25000000.000
12924,2075,13.183594,25000000.000
12925,2086,18.554688,25000000.000
12926,2095,22.949219,25000000.000
12927,2097,23.925781,25000000.000
12928,2109,29.785156,25000000.000
12929,2113,31.738281,25000000.000
12930,2117,33.691406,25000000.000
12931,2118,34.179688,25000000.000
12932,2116,33.203125,25000000.000
12933,2114,32.226562,25000000.000
12934,2112,31.250000,25000000.000
12935,2111,30.761719,25000000.000
12936,2103,26.855469,25000000.000
12937,2097,23.925781,25000000.000
12938,2087,19.042969,25000000.000
12939,2088,19.531250,25000000.000
12940,2072,11.718750,25000000.000
12941,2059,5.371094,25000000.000
12942,2047,-0.488281,25000000.000
12943,2046,-0.976562,25000000.000
12944,2025,-11.230469,25000000.000
12945,2012,-17.578125,25000000.000
12946,2002,-22.460938,25000000.000
12947,2002,-22.460938,25000000.000
12948,1988,-29.296875,25000000.000
12949,1983,-31.738281,25000000.000
12950,1979,-33.691406,25000000.000
12951,1978,-34.179688,25000000.000
12952,1975,-35.644531,25000000.000
12953,1974,-36.132812,25000000.000
12954,1976,-35.156250,25000000.000
12955,1976,-35.156250,25000000.000
12956,1982,-32.226562,25000000.000
12957,1988,-29.296875,25000000.000
12958,1994,-26.367188,25000000.000
12959,1995,-25.878906,25000000.000
12960,2014,-16.601562,25000000.000
12961,2025,-11.230469,25000000.000
12962,2037,-5.371094,25000000.000
12963,2039,-4.394531,25000000.000
12964,2063,7.324219,25000000.000
12965,2076,13.671875,25000000.000
12966,2087,19.042969,25000000.000
12967,2089,20.019531,25000000.000
12968,2107,28.808594,25000000.000
12969,2113,31.738281,25000000.000
12970,2116,33.203125,25000000.000
12971,2117,33.691406,25000000.000
12972,2119,34.667969,25000000.000
12973,2116,33.203125,25000000.000
12974,2115,32.714844,25000000.000
12975,2115,32.714844,25000000.000
12976,2105,27.832031,25000000.000
12977,2100,25.390625,25000000.000
12978,2093,21.972656,25000000.000
12979,2093,21.972656,25000000.000
12980,2076,13.671875,25000000.000
12981,2066,8.789062,25000000.000
12982,2055,3.417969,25000000.000
12983,2054,2.929688,25000000.000
12984,2033,-7.324219,25000000.000
12985,2022,-12.695312,25000000.000
12986,2012,-17.578125,25000000.000
12987,2011,-18.066406,25000000.000
12988,1993,-26.855469,25000000.000
12989,1987,-29.785156,25000000.000
12990,1981,-32.714844,25000000.000
12991,1981,-32.714844,25000000.000
12992,1975,-35.644531,25000000.000
12993,1973,-36.621094,25000000.000
12994,1973,-36.621094,25000000.000
12995,1973,-36.621094,25000000.000
12996,1978,-34.179688,25000000.000
12997,1983,-31.738281,25000000.000
12998,1989,-28.808594,25000000.000
12999,1990,-28.320312,25000000.000
13000,2008,-19.531250,25000000.000
13001,2016,-15.625000,25000000.000
13002,2029,-9.277344,25000000.000
13003,2030,-8.789062,25000000.000
13004,2053,2.441406,25000000.000
13005,2068,9.765625,25000000.000
13006,2079,15.136719,25000000.000
13007,2079,15.136719,25000000.000
13008,2098,24.414062,25000000.000
13009,2106,28.320312,25000000.000
13010,2112,31.250000,25000000.000
13011,2112,31.250000,25000000.000
13012,2117,33.691406,25000000.000
13013,2118,34.179688,25000000.000
13014,2117,33.691406,25000000.000
13015,2116,33.203125,25000000.000
13016,2110,30.273438,25000000.000
13017,2105,27.832031,25000000.000
13018,2100,25.390625,25000000.000
13019,2098,24.414062,25000000.000
13020,2083,17.089844,25000000.000
13021,2075,13.183594,25000000.000
13022,2066,8.789062,25000000.000
13023,2064,7.812500,25000000.000
13024,2043,-2.441406,25000000.000
13025,2031,-8.300781,25000000.000
13026,2020,-13.671875,25000000.000
13027,2019,-14.160156,25000000.000
13028,2001,-22.949219,25000000.000
13029,1992,-27.343750,25000000.000
13030,1986,-30.273438,25000000.000
13031,1986,-30.273438,25000000.000
13032,1978,-34.179688,25000000.000
13033,1976,-35.156250,25000000.000
13034,1977,-34.667969,25000000.000
13035,1976,-35.156250,25000000.000
13036,1978,-34.179688,25000000.000
13037,1981,-32.714844,25000000.000
13038,1985,-30.761719,25000000.000
13039,1986,-30.273438,25000000.000
13040,1998,-24.414062,25000000.000
13041,2008,-19.531250,25000000.000
13042,2020,-13.671875,25000000.000
13043,2020,-13.671875,25000000.000
13044,2042,-2.929688,25000000.000
13045,2055,3.417969,25000000.000
13046,2067,9.277344,25000000.000
13047,2068,9.765625,25000000.000
13048,2090,20.507812,25000000.000
13049,2100,25.390625,25000000.000
13050,2108,29.296875,25000000.000
13051,2107,28.808594,25000000.000
13052,2117,33.691406,25000000.000
13053,2120,35.156250,25000000.000
13054,2120,35.156250,25000000.000
13055,2120,35.156250,25000000.000
13056,2117,33.691406,25000000.000
13057,2112,31.250000,25000000.000
13058,2107,28.808594,25000000.000
13059,2106,28.320312,25000000.000
13060,2092,21.484375,25000000.000
13061,2081,16.113281,25000000.000
13062,2074,12.695312,25000000.000
13063,2072,11.718750,25000000.000
13064,2052,1.953125,25000000.000
13065,2041,-3.417969,25000000.000
13066,2030,-8.789062,25000000.000
13067,2028,-9.765625,25000000.000
13068,2009,-19.042969,25000000.000
13069,2001,-22.949219,25000000.000
13070,1993,-26.855469,25000000.000
13071,1992,-27.343750,25000000.000
13072,1981,-32.714844,25000000.000
13073,1978,-34.179688,25000000.000
13074,1975,-35.644531,25000000.000
13075,1976,-35.156250,25000000.000
13076,1974,-36.132812,25000000.000
13077,1978,-34.179688,25000000.000
13078,1981,-32.714844,25000000.000
13079,1981,-32.714844,25000000.000
13080,1991,-27.832031,25000000.000
13081,2001,-22.949219,25000000.000
13082,2010,-18.554688,25000000.000
13083,2012,-17.578125,25000000.000
13084,2033,-7.324219,25000000.000
13085,2046,-0.976562,25000000.000
13086,2058,4.882812,25000000.000
13087,2059,5.371094,25000000.000
13088,2083,17.089844,25000000.000
13089,2093,21.972656,25000000.000
13090,2101,25.878906,25000000.000
13091,2103,26.855469,25000000.000
13092,2116,33.203125,25000000.000
13093,2118,34.179688,25000000.000
13094,2118,34.179688,25000000.000
13095,2118,34.179688,25000000.000
13096,2117,33.691406,25000000.000
13097,2111,30.761719,25000000.000
13098,2108,29.296875,25000000.000
13099,2108,29.296875,25000000.000
13100,2097,23.925781,25000000.000
13101,2089,20.019531,25000000.000
13102,2081,16.113281,25000000.000
13103,2080,15.625000,25000000.000
13104,2062,6.835938,25000000.000
13105,2050,0.976562,25000000.000
13106,2039,-4.394531,25000000.000
13107,2038,-4.882812,25000000.000
13108,2017,-15.136719,25000000.000
13109,2007,-20.019531,25000000.000
13110,1998,-24.414062,25000000.000
13111,1996,-25.390625,25000000.000
13112,1984,-31.250000,25000000.000
13113,1980,-33.203125,25000000.000
13114,1977,-34.667969,25000000.000
13115,1977,-34.667969,25000000.000
13116,1975,-35.644531,25000000.000
13117,1976,-35.156250,25000000.000
13118,1979,-33.691406,25000000.000
13119,1979,-33.691406,25000000.000
13120,1988,-29.296875,25000000.000
13121,1994,-26.367188,25000000.000
13122,2002,-22.460938,25000000.000
13123,2003,-21.972656,25000000.000
13124,2023,-12.207031,25000000.000
13125,2035,-6.347656,25000000.000
13126,2046,-0.976562,25000000.000
13127,2048,0.000000,25000000.000
13128,2072,11.718750,25000000.000
13129,2084,17.578125,25000000.000
13130,2094,22.460938,25000000.000
13131,2096,23.437500,25000000.000
13132,2111,30.761719,25000000.000
13133,2116,33.203125,25000000.000
13134,2119,34.667969,25000000.000
13135,2119,34.667969,25000000.000
13136,2119,34.667969,25000000.000
13137,2116,33.203125,25000000.000
13138,2112,31.250000,25000000.000
13139,2111,30.761719,25000000.000
13140,2100,25.390625,25000000.000
13141,2093,21.972656,25000000.000
13142,2086,18.554688,25000000.000
13143,2085,18.066406,25000000.000
13144,2069,10.253906,25000000.000
13145,2059,5.371094,25000000.000
13146,2048,0.000000,25000000.000
13147,2048,0.000000,25000000.000
13148,2027,-10.253906,25000000.000
13149,2016,-15.625000,25000000.000
13150,2008,-19.531250,25000000.000
13151,2005,-20.996094,25000000.000
13152,1990,-28.320312,25000000.000
13153,1983,-31.738281,25000000.000
13154,1978,-34.179688,25000000.000
13155,1978,-34.179688,25000000.000
13156,1973,-36.621094,25000000.000
13157,1972,-37.109375,25000000.000
13158,1974,-36.132812,25000000.000
13159,1974,-36.132812,25000000.000
13160,1981,-32.714844,25000000.000
13161,1988,-29.296875,25000000.000
13162,1994,-26.367188,25000000.000
13163,1995,-25.878906,25000000.000
13164,2013,-17.089844,25000000.000
13165,2024,-11.718750,25000000.000
13166,2036,-5.859375,25000000.000
13167,2036,-5.859375,25000000.000
13168,2060,5.859375,25000000.000
13169,2074,12.695312,25000000.000
13170,2085,18.066406,25000000.000
13171,2086,18.554688,25000000.000
13172,2104,27.343750,25000000.000
13173,2111,30.761719,25000000.000
13174,2116,33.203125,25000000.000
13175,2116,33.203125,25000000.000
13176,2120,35.156250,25000000.000
13177,2117,33.691406,25000000.000
13178,2115,32.714844,25000000.000
13179,2114,32.226562,25000000.000
13180,2107,28.808594,25000000.000
13181,2101,25.878906,25000000.000
13182,2094,22.460938,25000000.000
13183,2093,21.972656,25000000.000
13184,2079,15.136719,25000000.000
13185,2069,10.253906,25000000.000
13186,2059,5.371094,25000000.000
13187,2058,4.882812,25000000.000
13188,2036,-5.859375,25000000.000
13189,2025,-11.230469,25000000.000
13190,2014,-16.601562,25000000.000
13191,2014,-16.601562,25000000.000
13192,1995,-25.878906,25000000.000
13193,1988,-29.296875,25000000.000
13194,1982,-32.226562,25000000.000
13195,1982,-32.226562,25000000.000
13196,1977,-34.667969,25000000.000
13197,1974,-36.132812,25000000.000
13198,1975,-35.644531,25000000.000
13199,1975,-35.644531,25000000.000
13200,1979,-33.691406,25000000.000
13201,1984,-31.250000,25000000.000
13202,1988,-29.296875,25000000.000
13203,1989,-28.808594,25000000.000
13204,2004,-21.484375,25000000.000
13205,2013,-17.089844,25000000.000
13206,2024,-11.718750,25000000.000
13207,2025,-11.230469,25000000.000
13208,2048,0.000000,25000000.000
13209,2062,6.835938,25000000.000
13210,2074,12.695312,25000000.000
13211,2075,13.183594,25000000.000
13212,2097,23.925781,25000000.000
13213,2106,28.320312,25000000.000
13214,2112,31.250000,25000000.000
13215,2112,31.250000,25000000.000
13216,2119,34.667969,25000000.000
13217,2121,35.644531,25000000.000
13218,2120,35.156250,25000000.000
13219,2119,34.667969,25000000.000
13220,2113,31.738281,25000000.000
13221,2107,28.808594,25000000.000
13222,2100,25.390625,25000000.000
13223,2100,25.390625,25000000.000
13224,2087,19.042969,25000000.000
13225,2078,14.648438,25000000.000
13226,2066,8.789062,25000000.000
13227,2066,8.789062,25000000.000
13228,2046,-0.976562,25000000.000
13229,2035,-6.347656,25000000.000
13230,2023,-12.207031,25000000.000
13231,2023,-12.207031,25000000.000
13232,2005,-20.996094,25000000.000
13233,1995,-25.878906,25000000.000
13234,1988,-29.296875,25000000.000
13235,1989,-28.808594,25000000.000
13236,1978,-34.179688,25000000.000
13237,1975,-35.644531,25000000.000
13238,1974,-36.132812,25000000.000
13239,1974,-36.132812,25000000.000
13240,1974,-36.132812,25000000.000
13241,1979,-33.691406,25000000.000
13242,1986,-30.273438,25000000.000
13243,1980,-33.203125,25000000.000
13244,1996,-25.390625,25000000.000
13245,2006,-20.507812,25000000.000
13246,2016,-15.625000,25000000.000
13247,2016,-15.625000,25000000.000
13248,2039,-4.394531,25000000.000
13249,2052,1.953125,25000000.000
13250,2065,8.300781,25000000.000
13251,2066,8.789062,25000000.000
13252,2089,20.019531,25000000.000
13253,2099,24.902344,25000000.000
13254,2107,28.808594,25000000.000
13255,2108,29.296875,25000000.000
13256,2116,33.203125,25000000.000
13257,2119,34.667969,25000000.000
13258,2120,35.156250,25000000.000
13259,2119,34.667969,25000000.000
13260,2115,32.714844,25000000.000
13261,2111,30.761719,25000000.000
13262,2106,28.320312,25000000.000
13263,2106,28.320312,25000000.000
13264,2093,21.972656,25000000.000
13265,2084,17.578125,25000000.000
13266,2075,13.183594,25000000.000
13267,2075,13.183594,25000000.000
13268,2055,3.417969,25000000.000
13269,2044,-1.953125,25000000.000
13270,2033,-7.324219,25000000.000
13271,2030,-8.789062,25000000.000
13272,2011,-18.066406,25000000.000
13273,2000,-23.437500,25000000.000
13274,1994,-26.367188,25000000.000
13275,1993,-26.855469,25000000.000
13276,1982,-32.226562,25000000.000
13277,1978,-34.179688,25000000.000
13278,1976,-35.156250,25000000.000
13279,1977,-34.667969,25000000.000
13280,1974,-36.132812,25000000.000
13281,1978,-34.179688,25000000.000
13282,1980,-33.203125,25000000.000
13283,1980,-33.203125,25000000.000
13284,1990,-28.320312,25000000.000
13285,1998,-24.414062,25000000.000
13286,2007,-20.019531,25000000.000
13287,2009,-19.042969,25000000.000
13288,2029,-9.277344,25000000.000
13289,2040,-3.906250,25000000.000
13290,2053,2.441406,25000000.000
13291,2056,3.906250,25000000.000
13292,2079,15.136719,25000000.000
13293,2090,20.507812,25000000.000
13294,2101,25.878906,25000000.000
13295,2102,26.367188,25000000.000
13296,2116,33.203125,25000000.000
13297,2120,35.156250,25000000.000
13298,2121,35.644531,25000000.000
13299,2121,35.644531,25000000.000
13300,2119,34.667969,25000000.000
13301,2116,33.203125,25000000.000
13302,2110,30.273438,25000000.000
13303,2110,30.273438,25000000.000
13304,2099,24.902344,25000000.000
13305,2090,20.507812,25000000.000
13306,2082,16.601562,25000000.000
13307,2082,16.601562,25000000.000
13308,2063,7.324219,25000000.000
13309,2053,2.441406,25000000.000
13310,2042,-2.929688,25000000.000
13311,2041,-3.417969,25000000.000
13312,2020,-13.671875,25000000.000
13313,2010,-18.554688,25000000.000
13314,2000,-23.437500,25000000.000
13315,2000,-23.437500,25000000.000
13316,1986,-30.273438,25000000.000
13317,1981,-32.714844,25000000.000
13318,1976,-35.156250,25000000.000
13319,1976,-35.156250,25000000.000
13320,1974,-36.132812,25000000.000
13321,1973,-36.621094,25000000.000
13322,1976,-35.156250,25000000.000
13323,1976,-35.156250,25000000.000
13324,1983,-31.738281,25000000.000
13325,1989,-28.808594,25000000.000
13326,1997,-24.902344,25000000.000
13327,1999,-23.925781,25000000.000
13328,2019,-14.160156,25000000.000
13329,2031,-8.300781,25000000.000
13330,2043,-2.441406,25000000.000
13331,2044,-1.953125,25000000.000
13332,2069,10.253906,25000000.000
13333,2081,16.113281,25000000.000
13334,2092,21.484375,25000000.000
13335,2092,21.484375,25000000.000
13336,2109,29.785156,25000000.000
13337,2115,32.714844,25000000.000
13338,2117,33.691406,25000000.000
13339,2118,34.179688,25000000.000
13340,2119,34.667969,25000000.000
13341,2117,33.691406,25000000.000
13342,2114,32.226562,25000000.000
13343,2113,31.738281,25000000.000
13344,2104,27.343750,25000000.000
13345,2098,24.414062,25000000.000
13346,2090,20.507812,25000000.000
13347,2089,20.019531,25000000.000
13348,2073,12.207031,25000000.000
13349,2063,7.324219,25000000.000
13350,2052,1.953125,25000000.000
13351,2050,0.976562,25000000.000
13352,2029,-9.277344,25000000.000
13353,2017,-15.136719,25000000.000
13354,2007,-20.019531,25000000.000
13355,2007,-20.019531,25000000.000
13356,1990,-28.320312,25000000.000
13357,1983,-31.738281,25000000.000
13358,1979,-33.691406,25000000.000
13359,1979,-33.691406,25000000.000
13360,1974,-36.132812,25000000.000
13361,1973,-36.621094,25000000.000
13362,1975,-35.644531,25000000.000
13363,1975,-35.644531,25000000.000
13364,1980,-33.203125,25000000.000
13365,1986,-30.273438,25000000.000
13366,1991,-27.832031,25000000.000
13367,1992,-27.343750,25000000.000
13368,2008,-19.531250,25000000.000
13369,2019,-14.160156,25000000.000
13370,2032,-7.812500,25000000.000
13371,2032,-7.812500,25000000.000
13372,2056,3.906250,25000000.000
13373,2068,9.765625,25000000.000
13374,2081,16.113281,25000000.000
13375,2082,16.601562,25000000.000
13376,2101,25.878906,25000000.000
13377,2109,29.785156,25000000.000
13378,2113,31.738281,25000000.000
13379,2115,32.714844,25000000.000
13380,2120,35.156250,25000000.000
13381,2119,34.667969,25000000.000
13382,2119,34.667969,25000000.000
13383,2117,33.691406,25000000.000
13384,2110,30.273438,25000000.000
13385,2104,27.343750,25000000.000
13386,2097,23.925781,25000000.000
13387,2096,23.437500,25000000.000
13388,2079,15.136719,25000000.000
13389,2069,10.253906,25000000.000
13390,2059,5.371094,25000000.000
13391,2058,4.882812,25000000.000
13392,2038,-4.882812,25000000.000
13393,2026,-10.742188,25000000.000
13394,2017,-15.136719,25000000.000
13395,2015,-16.113281,25000000.000
13396,1999,-23.925781,25000000.000
13397,1992,-27.343750,25000000.000
13398,1985,-30.761719,25000000.000
13399,1985,-30.761719,25000000.000
13400,1976,-35.156250,25000000.000
13401,1975,-35.644531,25000000.000
13402,1973,-36.621094,25000000.000
13403,1974,-36.132812,25000000.000
13404,1977,-34.667969,25000000.000
13405,1980,-33.203125,25000000.000
13406,1986,-30.273438,25000000.000
13407,1987,-29.785156,25000000.000
13408,2003,-21.972656,25000000.000
13409,2012,-17.578125,25000000.000
13410,2024,-11.718750,25000000.000
13411,2025,-11.230469,25000000.000
13412,2049,0.488281,25000000.000
13413,2061,6.347656,25000000.000
13414,2073,12.207031,25000000.000
13415,2075,13.183594,25000000.000
13416,2095,22.949219,25000000.000
13417,2104,27.343750,25000000.000
13418,2110,30.273438,25000000.000
13419,2111,30.761719,25000000.000
13420,2117,33.691406,25000000.000
13421,2118,34.179688,25000000.000
13422,2119,34.667969,25000000.000
13423,2118,34.179688,25000000.000
13424,2114,32.226562,25000000.000
13425,2109,29.785156,25000000.000
13426,2103,26.855469,25000000.000
13427,2102,26.367188,25000000.000
13428,2088,19.531250,25000000.000
13429,2080,15.625000,25000000.000
13430,2070,10.742188,25000000.000
13431,2069,10.253906,25000000.000
13432,2048,0.000000,25000000.000
13433,2037,-5.371094,25000000.000
13434,2025,-11.230469,25000000.000
13435,2024,-11.718750,25000000.000
13436,2004,-21.484375,25000000.000
13437,1996,-25.390625,25000000.000
13438,1990,-28.320312,25000000.000
13439,1989,-28.808594,25000000.000
13440,1979,-33.691406,25000000.000
13441,1975,-35.644531,25000000.000
13442,1975,-35.644531,25000000.000
13443,1975,-35.644531,25000000.000
13444,1976,-35.156250,25000000.000
13445,1978,-34.179688,25000000.000
13446,1982,-32.226562,25000000.000
13447,1983,-31.738281,25000000.000
13448,1995,-25.878906,25000000.000
13449,2003,-21.972656,25000000.000
13450,2014,-16.601562,25000000.000
13451,2015,-16.113281,25000000.000
13452,2036,-5.859375,25000000.000
13453,2049,0.488281,25000000.000
13454,2062,6.835938,25000000.000
13455,2064,7.812500,25000000.000
13456,2087,19.042969,25000000.000
13457,2097,23.925781,25000000.000
13458,2106,28.320312,25000000.000
13459,2106,28.320312,25000000.000
13460,2118,34.179688,25000000.000
13461,2119,34.667969,25000000.000
13462,2121,35.644531,25000000.000
13463,2119,34.667969,25000000.000
13464,2117,33.691406,25000000.000
13465,2112,31.250000,25000000.000
13466,2107,28.808594,25000000.000
13467,2107,28.808594,25000000.000
13468,2093,21.972656,25000000.000
13469,2087,19.042969,25000000.000
13470,2077,14.160156,25000000.000
13471,2076,13.671875,25000000.000
13472,2056,3.906250,25000000.000
13473,2045,-1.464844,25000000.000
13474,2036,-5.859375,25000000.000
13475,2034,-6.835938,25000000.000
13476,2013,-17.089844,25000000.000
13477,2003,-21.972656,25000000.000
13478,1995,-25.878906,25000000.000
13479,1994,-26.367188,25000000.000
13480,1981,-32.714844,25000000.000
13481,1978,-34.179688,25000000.000
13482,1974,-36.132812,25000000.000
13483,1974,-36.132812,25000000.000
13484,1973,-36.621094,25000000.000
13485,1974,-36.132812,25000000.000
13486,1978,-34.179688,25000000.000
13487,1979,-33.691406,25000000.000
13488,1988,-29.296875,25000000.000
13489,1996,-25.390625,25000000.000
13490,2005,-20.996094,25000000.000
13491,2006,-20.507812,25000000.000
13492,2028,-9.765625,25000000.000
13493,2039,-4.394531,25000000.000
13494,2053,2.441406,25000000.000
13495,2054,2.929688,25000000.000
13496,2076,13.671875,25000000.000
13497,2089,20.019531,25000000.000
13498,2099,24.902344,25000000.000
13499,2100,25.390625,25000000.000
13500,2113,31.738281,25000000.000
13501,2117,33.691406,25000000.000
13502,2120,35.156250,25000000.000
13503,2119,34.667969,25000000.000
13504,2118,34.179688,25000000.000
13505,2115,32.714844,25000000.000
13506,2111,30.761719,25000000.000
13507,2111,30.761719,25000000.000
13508,2099,24.902344,25000000.000
13509,2092,21.484375,25000000.000
13510,2085,18.066406,25000000.000
13511,2084,17.578125,25000000.000
13512,2066,8.789062,25000000.000
13513,2056,3.906250,25000000.000
13514,2045,-1.464844,25000000.000
13515,2042,-2.929688,25000000.000
13516,2021,-13.183594,25000000.000
13517,2010,-18.554688,25000000.000
13518,2002,-22.460938,25000000.000
13519,2000,-23.437500,25000000.000
13520,1985,-30.761719,25000000.000
13521,1980,-33.203125,25000000.000
13522,1977,-34.667969,25000000.000
13523,1976,-35.156250,25000000.000
13524,1974,-36.132812,25000000.000
13525,1974,-36.132812,25000000.000
13526,1976,-35.156250,25000000.000
13527,1976,-35.156250,25000000.000
13528,1984,-31.250000,25000000.000
13529,1988,-29.296875,25000000.000
13530,1996,-25.390625,25000000.000
13531,1997,-24.902344,25000000.000
13532,2016,-15.625000,25000000.000
13533,2026,-10.742188,25000000.000
13534,2040,-3.906250,25000000.000
13535,2040,-3.906250,25000000.000
13536,2064,7.812500,25000000.000
13537,2078,14.648438,25000000.000
13538,2090,20.507812,25000000.000
13539,2090,20.507812,25000000.000
13540,2107,28.808594,25000000.000
13541,2115,32.714844,25000000.000
13542,2118,34.179688,25000000.000
13543,2119,34.667969,25000000.000
13544,2119,34.667969,25000000.000
13545,2118,34.179688,25000000.000
13546,2115,32.714844,25000000.000
13547,2115,32.714844,25000000.000
13548,2105,27.832031,25000000.000
13549,2099,24.902344,25000000.000
13550,2090,20.507812,25000000.000
13551,2090,20.507812,25000000.000
13552,2073,12.207031,25000000.000
13553,2062,6.835938,25000000.000
13554,2053,2.441406,25000000.000
13555,2051,1.464844,25000000.000
13556,2031,-8.300781,25000000.000
13557,2021,-13.183594,25000000.000
13558,2010,-18.554688,25000000.000
13559,2010,-18.554688,25000000.000
13560,1993,-26.855469,25000000.000
13561,1985,-30.761719,25000000.000
13562,1981,-32.714844,25000000.000
13563,1979,-33.691406,25000000.000
13564,1974,-36.132812,25000000.000
13565,1974,-36.132812,25000000.000
13566,1972,-37.109375,25000000.000
13567,1974,-36.132812,25000000.000
13568,1979,-33.691406,25000000.000
13569,1984,-31.250000,25000000.000
13570,1990,-28.320312,25000000.000
13571,1991,-27.832031,25000000.000
13572,2009,-19.042969,25000000.000
13573,2018,-14.648438,25000000.000
13574,2030,-8.789062,25000000.000
13575,2031,-8.300781,25000000.000
13576,2057,4.394531,25000000.000
13577,2069,10.253906,25000000.000
13578,2080,15.625000,25000000.000
13579,2081,16.113281,25000000.000
13580,2100,25.390625,25000000.000
13581,2109,29.785156,25000000.000
13582,2115,32.714844,25000000.000
13583,2115,32.714844,25000000.000
13584,2119,34.667969,25000000.000
13585,2118,34.179688,25000000.000
13586,2116,33.203125,25000000.000
13587,2117,33.691406,25000000.000
13588,2109,29.785156,25000000.000
13589,2104,27.343750,25000000.000
13590,2101,25.878906,25000000.000
13591,2095,22.949219,25000000.000
13592,2082,16.601562,25000000.000
13593,2073,12.207031,25000000.000
13594,2064,7.812500,25000000.000
13595,2061,6.347656,25000000.000
13596,2041,-3.417969,25000000.000
13597,2029,-9.277344,25000000.000
13598,2017,-15.136719,25000000.000
13599,2016,-15.625000,25000000.000
13600,1999,-23.925781,25000000.000
13601,1991,-27.832031,25000000.000
13602,1983,-31.738281,25000000.000
13603,1983,-31.738281,25000000.000
13604,1976,-35.156250,25000000.000
13605,1973,-36.621094,25000000.000
13606,1973,-36.621094,25000000.000
13607,1972,-37.109375,25000000.000
13608,1975,-35.644531,25000000.000
13609,1979,-33.691406,25000000.000
13610,1984,-31.250000,25000000.000
13611,1985,-30.761719,25000000.000
13612,1998,-24.414062,25000000.000
13613,2008,-19.531250,25000000.000
13614,2020,-13.671875,25000000.000
13615,2020,-13.671875,25000000.000
13616,2044,-1.953125,25000000.000
13617,2057,4.394531,25000000.000
13618,2070,10.742188,25000000.000
13619,2072,11.718750,25000000.000
13620,2092,21.484375,25000000.000
13621,2102,26.367188,25000000.000
13622,2111,30.761719,25000000.000
13623,2112,31.250000,25000000.000
13624,2120,35.156250,25000000.000
13625,2122,36.132812,25000000.000
13626,2121,35.644531,25000000.000
13627,2120,35.156250,25000000.000
13628,2115,32.714844,25000000.000
13629,2111,30.761719,25000000.000
13630,2104,27.343750,25000000.000
13631,2104,27.343750,25000000.000
13632,2090,20.507812,25000000.000
13633,2082,16.601562,25000000.000
13634,2074,12.695312,25000000.000
13635,2073,12.207031,25000000.000
13636,2052,1.953125,25000000.000
13637,2041,-3.417969,25000000.000
13638,2030,-8.789062,25000000.000
13639,2029,-9.277344,25000000.000
13640,2007,-20.019531,25000000.000
13641,1999,-23.925781,25000000.000
13642,1990,-28.320312,25000000.000
13643,1990,-28.320312,25000000.000
13644,1978,-34.179688,25000000.000
13645,1975,-35.644531,25000000.000
13646,1974,-36.132812,25000000.000
13647,1974,-36.132812,25000000.000
13648,1975,-35.644531,25000000.000
13649,1977,-34.667969,25000000.000
13650,1980,-33.203125,25000000.000
13651,1982,-32.226562,25000000.000
13652,1991,-27.832031,25000000.000
13653,2000,-23.437500,25000000.000
13654,2011,-18.066406,25000000.000
13655,2012,-17.578125,25000000.000
13656,2034,-6.835938,25000000.000
13657,2047,-0.488281,25000000.000
13658,2059,5.371094,25000000.000
13659,2060,5.859375,25000000.000
13660,2085,18.066406,25000000.000
13661,2095,22.949219,25000000.000
13662,2104,27.343750,25000000.000
13663,2104,27.343750,25000000.000
13664,2117,33.691406,25000000.000
13665,2120,35.156250,25000000.000
13666,2121,35.644531,25000000.000
13667,2121,35.644531,25000000.000
13668,2118,34.179688,25000000.000
13669,2113,31.738281,25000000.000
13670,2109,29.785156,25000000.000
13671,2108,29.296875,25000000.000
13672,2097,23.925781,25000000.000
13673,2089,20.019531,25000000.000
13674,2081,16.113281,25000000.000
13675,2081,16.113281,25000000.000
13676,2061,6.347656,25000000.000
13677,2050,0.976562,25000000.000
13678,2038,-4.882812,25000000.000
13679,2038,-4.882812,25000000.000
13680,2015,-16.113281,25000000.000
13681,2006,-20.507812,25000000.000
13682,1996,-25.390625,25000000.000
13683,1996,-25.390625,25000000.000
13684,1983,-31.738281,25000000.000
13685,1978,-34.179688,25000000.000
13686,1975,-35.644531,25000000.000
13687,1975,-35.644531,25000000.000
13688,1974,-36.132812,25000000.000
13689,1975,-35.644531,25000000.000
13690,1978,-34.179688,25000000.000
13691,1977,-34.667969,25000000.000
13692,1986,-30.273438,25000000.000
13693,1993,-26.855469,25000000.000
13694,2001,-22.949219,25000000.000
13695,2002,-22.460938,25000000.000
13696,2022,-12.695312,25000000.000
13697,2034,-6.835938,25000000.000
13698,2047,-0.488281,25000000.000
13699,2048,0.000000,25000000.000
13700,2072,11.718750,25000000.000
13701,2084,17.578125,25000000.000
13702,2095,22.949219,25000000.000
13703,2096,23.437500,25000000.000
13704,2112,31.250000,25000000.000
13705,2117,33.691406,25000000.000
13706,2120,35.156250,25000000.000
13707,2121,35.644531,25000000.000
13708,2121,35.644531,25000000.000
13709,2118,34.179688,25000000.000
13710,2114,32.226562,25000000.000
13711,2114,32.226562,25000000.000
13712,2103,26.855469,25000000.000
13713,2095,22.949219,25000000.000
13714,2088,19.531250,25000000.000
13715,2087,19.042969,25000000.000
13716,2069,10.253906,25000000.000
13717,2059,5.371094,25000000.000
13718,2048,0.000000,25000000.000
13719,2047,-0.488281,25000000.000
13720,2025,-11.230469,25000000.000
13721,2014,-16.601562,25000000.000
13722,2005,-20.996094,25000000.000
13723,2004,-21.484375,25000000.000
13724,1988,-29.296875,25000000.000
13725,1982,-32.226562,25000000.000
13726,1977,-34.667969,25000000.000
13727,1977,-34.667969,25000000.000
13728,1973,-36.621094,25000000.000
13729,1972,-37.109375,25000000.000
13730,1973,-36.621094,25000000.000
13731,1973,-36.621094,25000000.000
13732,1981,-32.714844,25000000.000
13733,1986,-30.273438,25000000.000
13734,1993,-26.855469,25000000.000
13735,1994,-26.367188,25000000.000
13736,2012,-17.578125,25000000.000
13737,2025,-11.230469,25000000.000
13738,2036,-5.859375,25000000.000
13739,2037,-5.371094,25000000.000
13740,2061,6.347656,25000000.000
13741,2074,12.695312,25000000.000
13742,2086,18.554688,25000000.000
13743,2087,19.042969,25000000.000
13744,2104,27.343750,25000000.000
13745,2112,31.250000,25000000.000
13746,2117,33.691406,25000000.000
13747,2117,33.691406,25000000.000
13748,2120,35.156250,25000000.000
13749,2118,34.179688,25000000.000
13750,2116,33.203125,25000000.000
13751,2116,33.203125,25000000.000
13752,2108,29.296875,25000000.000
13753,2100,25.390625,25000000.000
13754,2094,22.460938,25000000.000
13755,2093,21.972656,25000000.000
13756,2078,14.648438,25000000.000
13757,2068,9.765625,25000000.000
13758,2057,4.394531,25000000.000
13759,2056,3.906250,25000000.000
13760,2034,-6.835938,25000000.000
13761,2022,-12.695312,25000000.000
13762,2013,-17.089844,25000000.000
13763,2012,-17.578125,25000000.000
13764,1993,-26.855469,25000000.000
13765,1986,-30.273438,25000000.000
13766,1982,-32.226562,25000000.000
13767,1981,-32.714844,25000000.000
13768,1975,-35.644531,25000000.000
13769,1974,-36.132812,25000000.000
13770,1973,-36.621094,25000000.000
13771,1974,-36.132812,25000000.000
13772,1978,-34.179688,25000000.000
13773,1983,-31.738281,25000000.000
13774,1988,-29.296875,25000000.000
13775,1988,-29.296875,25000000.000
13776,2004,-21.484375,25000000.000
13777,2013,-17.089844,25000000.000
13778,2025,-11.230469,25000000.000
13779,2025,-11.230469,25000000.000
13780,2049,0.488281,25000000.000
13781,2061,6.347656,25000000.000
13782,2075,13.183594,25000000.000
13783,2076,13.671875,25000000.000
13784,2096,23.437500,25000000.000
13785,2105,27.832031,25000000.000
13786,2112,31.250000,25000000.000
13787,2113,31.738281,25000000.000
13788,2120,35.156250,25000000.000
13789,2121,35.644531,25000000.000
13790,2120,35.156250,25000000.000
13791,2120,35.156250,25000000.000
13792,2114,32.226562,25000000.000
13793,2108,29.296875,25000000.000
13794,2102,26.367188,25000000.000
13795,2102,26.367188,25000000.000
13796,2085,18.066406,25000000.000
13797,2076,13.671875,25000000.000
13798,2065,8.300781,25000000.000
13799,2064,7.812500,25000000.000
13800,2044,-1.953125,25000000.000
13801,2033,-7.324219,25000000.000
13802,2022,-12.695312,25000000.000
13803,2021,-13.183594,25000000.000
13804,2002,-22.460938,25000000.000
13805,1996,-25.390625,25000000.000
13806,1989,-28.808594,25000000.000
13807,1987,-29.785156,25000000.000
13808,1979,-33.691406,25000000.000
13809,1977,-34.667969,25000000.000
13810,1974,-36.132812,25000000.000
13811,1974,-36.132812,25000000.000
13812,1975,-35.644531,25000000.000
13813,1977,-34.667969,25000000.000
13814,1983,-31.738281,25000000.000
13815,1983,-31.738281,25000000.000
13816,1997,-24.902344,25000000.000
13817,2006,-20.507812,25000000.000
13818,2018,-14.648438,25000000.000
13819,2018,-14.648438,25000000.000
13820,2042,-2.929688,25000000.000
13821,2053,2.441406,25000000.000
13822,2066,8.789062,25000000.000
13823,2068,9.765625,25000000.000
13824,2089,20.019531,25000000.000
13825,2100,25.390625,25000000.000
13826,2106,28.320312,25000000.000
13827,2107,28.808594,25000000.000
13828,2116,33.203125,25000000.000
13829,2119,34.667969,25000000.000
13830,2120,35.156250,25000000.000
13831,2119,34.667969,25000000.000
13832,2116,33.203125,25000000.000
13833,2113,31.738281,25000000.000
13834,2108,29.296875,25000000.000
13835,2108,29.296875,25000000.000
13836,2094,22.460938,25000000.000
13837,2085,18.066406,25000000.000
13838,2075,13.183594,25000000.000
13839,2075,13.183594,25000000.000
13840,2053,2.441406,25000000.000
13841,2043,-2.441406,25000000.000
13842,2031,-8.300781,25000000.000
13843,2030,-8.789062,25000000.000
13844,2010,-18.554688,25000000.000
13845,2001,-22.949219,25000000.000
13846,1993,-26.855469,25000000.000
13847,1992,-27.343750,25000000.000
13848,1981,-32.714844,25000000.000
13849,1978,-34.179688,25000000.000
13850,1975,-35.644531,25000000.000
13851,1974,-36.132812,25000000.000
13852,1974,-36.132812,25000000.000
13853,1975,-35.644531,25000000.000
13854,1980,-33.203125,25000000.000
13855,1980,-33.203125,25000000.000
13856,1989,-28.808594,25000000.000
13857,1997,-24.902344,25000000.000
13858,2007,-20.019531,25000000.000
13859,2009,-19.042969,25000000.000
13860,2030,-8.789062,25000000.000
13861,2043,-2.441406,25000000.000
13862,2056,3.906250,25000000.000
13863,2057,4.394531,25000000.000
13864,2082,16.601562,25000000.000
13865,2092,21.484375,25000000.000
13866,2102,26.367188,25000000.000
13867,2103,26.855469,25000000.000
13868,2116,33.203125,25000000.000
13869,2121,35.644531,25000000.000
13870,2121,35.644531,25000000.000
13871,2120,35.156250,25000000.000
13872,2118,34.179688,25000000.000
13873,2115,32.714844,25000000.000
13874,2110,30.273438,25000000.000
13875,2110,30.273438,25000000.000
13876,2097,23.925781,25000000.000
13877,2090,20.507812,25000000.000
13878,2082,16.601562,25000000.000
13879,2081,16.113281,25000000.000
13880,2063,7.324219,25000000.000
13881,2053,2.441406,25000000.000
13882,2041,-3.417969,25000000.000
13883,2041,-3.417969,25000000.000
13884,2018,-14.648438,25000000.000
13885,2009,-19.042969,25000000.000
13886,1998,-24.414062,25000000.000
13887,1997,-24.902344,25000000.000
13888,1984,-31.250000,25000000.000
13889,1979,-33.691406,25000000.000
13890,1975,-35.644531,25000000.000
13891,1975,-35.644531,25000000.000
13892,1972,-37.109375,25000000.000
13893,1972,-37.109375,25000000.000
13894,1974,-36.132812,25000000.000
13895,1975,-35.644531,25000000.000
13896,1984,-31.250000,25000000.000
13897,1992,-27.343750,25000000.000
13898,2001,-22.949219,25000000.000
13899,2002,-22.460938,25000000.000
13900,2021,-13.183594,25000000.000
13901,2034,-6.835938,25000000.000
13902,2045,-1.464844,25000000.000
13903,2047,-0.488281,25000000.000
13904,2072,11.718750,25000000.000
13905,2085,18.066406,25000000.000
13906,2094,22.460938,25000000.000
13907,2096,23.437500,25000000.000
13908,2112,31.250000,25000000.000
13909,2117,33.691406,25000000.000
13910,2120,35.156250,25000000.000
13911,2121,35.644531,25000000.000
13912,2120,35.156250,25000000.000
13913,2118,34.179688,25000000.000
13914,2114,32.226562,25000000.000
13915,2114,32.226562,25000000.000
13916,2104,27.343750,25000000.000
13917,2097,23.925781,25000000.000
13918,2088,19.531250,25000000.000
13919,2088,19.531250,25000000.000
13920,2072,11.718750,25000000.000
13921,2061,6.347656,25000000.000
13922,2051,1.464844,25000000.000
13923,2049,0.488281,25000000.000
13924,2027,-10.253906,25000000.000
13925,2016,-15.625000,25000000.000
13926,2005,-20.996094,25000000.000
13927,2003,-21.972656,25000000.000
13928,1987,-29.785156,25000000.000
13929,1981,-32.714844,25000000.000
13930,1977,-34.667969,25000000.000
13931,1976,-35.156250,25000000.000
13932,1971,-37.597656,25000000.000
13933,1972,-37.109375,25000000.000
13934,1973,-36.621094,25000000.000
13935,1973,-36.621094,25000000.000
13936,1980,-33.203125,25000000.000
13937,1984,-31.250000,25000000.000
13938,1987,-29.785156,25000000.000
13939,1992,-27.343750,25000000.000
13940,2010,-18.554688,25000000.000
13941,2020,-13.671875,25000000.000
13942,2032,-7.812500,25000000.000
13943,2034,-6.835938,25000000.000
13944,2058,4.882812,25000000.000
13945,2071,11.230469,25000000.000
13946,2083,17.089844,25000000.000
13947,2084,17.578125,25000000.000
13948,2105,27.832031,25000000.000
13949,2112,31.250000,25000000.000
13950,2118,34.179688,25000000.000
13951,2119,34.667969,25000000.000
13952,2122,36.132812,25000000.000
13953,2121,35.644531,25000000.000
13954,2119,34.667969,25000000.000
13955,2119,34.667969,25000000.000
13956,2110,30.273438,25000000.000
13957,2104,27.343750,25000000.000
13958,2096,23.437500,25000000.000
13959,2096,23.437500,25000000.000
13960,2081,16.113281,25000000.000
13961,2070,10.742188,25000000.000
13962,2060,5.859375,25000000.000
13963,2060,5.859375,25000000.000
13964,2038,-4.882812,25000000.000
13965,2026,-10.742188,25000000.000
13966,2017,-15.136719,25000000.000
13967,2014,-16.601562,25000000.000
13968,1996,-25.390625,25000000.000
13969,1988,-29.296875,25000000.000
13970,1982,-32.226562,25000000.000
13971,1981,-32.714844,25000000.000
13972,1973,-36.621094,25000000.000
13973,1971,-37.597656,25000000.000
13974,1970,-38.085938,25000000.000
13975,1970,-38.085938,25000000.000
13976,1974,-36.132812,25000000.000
13977,1979,-33.691406,25000000.000
13978,1985,-30.761719,25000000.000
13979,1985,-30.761719,25000000.000
13980,2001,-22.949219,25000000.000
13981,2011,-18.066406,25000000.000
13982,2023,-12.207031,25000000.000
13983,2024,-11.718750,25000000.000
13984,2049,0.488281,25000000.000
13985,2061,6.347656,25000000.000
13986,2073,12.207031,25000000.000
13987,2074,12.695312,25000000.000
13988,2095,22.949219,25000000.000
13989,2105,27.832031,25000000.000
13990,2112,31.250000,25000000.000
13991,2113,31.738281,25000000.000
13992,2121,35.644531,25000000.000
13993,2121,35.644531,25000000.000
13994,2120,35.156250,25000000.000
13995,2120,35.156250,25000000.000
13996,2115,32.714844,25000000.000
13997,2111,30.761719,25000000.000
13998,2104,27.343750,25000000.000
13999,2103,26.855469,25000000.000
14000,2089,20.019531,25000000.000
14001,2080,15.625000,25000000.000
14002,2071,11.230469,25000000.000
14003,2069,10.253906,25000000.000
14004,2048,0.000000,25000000.000
14005,2037,-5.371094,25000000.000
14006,2024,-11.718750,25000000.000
14007,2024,-11.718750,25000000.000
14008,2004,-21.484375,25000000.000
14009,1994,-26.367188,25000000.000
14010,1988,-29.296875,25000000.000
14011,1987,-29.785156,25000000.000
14012,1976,-35.156250,25000000.000
14013,1974,-36.132812,25000000.000
14014,1972,-37.109375,25000000.000
14015,1974,-36.132812,25000000.000
14016,1973,-36.621094,25000000.000
14017,1978,-34.179688,25000000.000
14018,1980,-33.203125,25000000.000
14019,1980,-33.203125,25000000.000
14020,1992,-27.343750,25000000.000
14021,2002,-22.460938,25000000.000
14022,2012,-17.578125,25000000.000
14023,2014,-16.601562,25000000.000
14024,2036,-5.859375,25000000.000
14025,2050,0.976562,25000000.000
14026,2063,7.324219,25000000.000
14027,2065,8.300781,25000000.000
14028,2088,19.531250,25000000.000
14029,2099,24.902344,25000000.000
14030,2108,29.296875,25000000.000
14031,2108,29.296875,25000000.000
14032,2120,35.156250,25000000.000
14033,2121,35.644531,25000000.000
14034,2122,36.132812,25000000.000
14035,2122,36.132812,25000000.000
14036,2118,34.179688,25000000.000
14037,2114,32.226562,25000000.000
14038,2109,29.785156,25000000.000
14039,2108,29.296875,25000000.000
14040,2094,22.460938,25000000.000
14041,2087,19.042969,25000000.000
14042,2077,14.160156,25000000.000
14043,2076,13.671875,25000000.000
14044,2057,4.394531,25000000.000
14045,2047,-0.488281,25000000.000
14046,2036,-5.859375,25000000.000
14047,2035,-6.347656,25000000.000
14048,2014,-16.601562,25000000.000
14049,2004,-21.484375,25000000.000
14050,1995,-25.878906,25000000.000
14051,1994,-26.367188,25000000.000
14052,1981,-32.714844,25000000.000
14053,1977,-34.667969,25000000.000
14054,1974,-36.132812,25000000.000
14055,1974,-36.132812,25000000.000
14056,1971,-37.597656,25000000.000
14057,1974,-36.132812,25000000.000
14058,1977,-34.667969,25000000.000
14059,1977,-34.667969,25000000.000
14060,1988,-29.296875,25000000.000
14061,1995,-25.878906,25000000.000
14062,2005,-20.996094,25000000.000
14063,2006,-20.507812,25000000.000
14064,2028,-9.765625,25000000.000
14065,2040,-3.906250,25000000.000
14066,2052,1.953125,25000000.000
14067,2056,3.906250,25000000.000
14068,2078,14.648438,25000000.000
14069,2090,20.507812,25000000.000
14070,2100,25.390625,25000000.000
14071,2101,25.878906,25000000.000
14072,2114,32.226562,25000000.000
14073,2119,34.667969,25000000.000
14074,2121,35.644531,25000000.000
14075,2121,35.644531,25000000.000
14076,2120,35.156250,25000000.000
14077,2117,33.691406,25000000.000
14078,2112,31.250000,25000000.000
14079,2112,31.250000,25000000.000
14080,2101,25.878906,25000000.000
14081,2095,22.949219,25000000.000
14082,2086,18.554688,25000000.000
14083,2084,17.578125,25000000.000
14084,2068,9.765625,25000000.000
14085,2057,4.394531,25000000.000
14086,2045,-1.464844,25000000.000
14087,2044,-1.953125,25000000.000
14088,2022,-12.695312,25000000.000
14089,2011,-18.066406,25000000.000
14090,2001,-22.949219,25000000.000
14091,2001,-22.949219,25000000.000
14092,1986,-30.273438,25000000.000
14093,1979,-33.691406,25000000.000
14094,1976,-35.156250,25000000.000
14095,1975,-35.644531,25000000.000
14096,1971,-37.597656,25000000.000
14097,1972,-37.109375,25000000.000
14098,1975,-35.644531,25000000.000
14099,1973,-36.621094,25000000.000
14100,1981,-32.714844,25000000.000
14101,1988,-29.296875,25000000.000
14102,1996,-25.390625,25000000.000
14103,1996,-25.390625,25000000.000
14104,2016,-15.625000,25000000.000
14105,2027,-10.253906,25000000.000
14106,2039,-4.394531,25000000.000
14107,2040,-3.906250,25000000.000
14108,2066,8.789062,25000000.000
14109,2079,15.136719,25000000.000
14110,2091,20.996094,25000000.000
14111,2092,21.484375,25000000.000
14112,2109,29.785156,25000000.000
14113,2116,33.203125,25000000.000
14114,2120,35.156250,25000000.000
14115,2120,35.156250,25000000.000
14116,2121,35.644531,25000000.000
14117,2119,34.667969,25000000.000
14118,2115,32.714844,25000000.000
14119,2116,33.203125,25000000.000
14120,2105,27.832031,25000000.000
14121,2100,25.390625,25000000.000
14122,2092,21.484375,25000000.000
14123,2091,20.996094,25000000.000
14124,2074,12.695312,25000000.000
14125,2065,8.300781,25000000.000
14126,2055,3.417969,25000000.000
14127,2054,2.929688,25000000.000
14128,2032,-7.812500,25000000.000
14129,2021,-13.183594,25000000.000
14130,2011,-18.066406,25000000.000
14131,2010,-18.554688,25000000.000
14132,1992,-27.343750,25000000.000
14133,1984,-31.250000,25000000.000
14134,1978,-34.179688,25000000.000
14135,1978,-34.179688,25000000.000
14136,1971,-37.597656,25000000.000
14137,1970,-38.085938,25000000.000
14138,1971,-37.597656,25000000.000
14139,1970,-38.085938,25000000.000
14140,1978,-34.179688,25000000.000
14141,1982,-32.226562,25000000.000
14142,1989,-28.808594,25000000.000
14143,1990,-28.320312,25000000.000
14144,2005,-20.996094,25000000.000
14145,2021,-13.183594,25000000.000
14146,2028,-9.765625,25000000.000
14147,2031,-8.300781,25000000.000
14148,2055,3.417969,25000000.000
14149,2069,10.253906,25000000.000
14150,2080,15.625000,25000000.000
14151,2081,16.113281,25000000.000
14152,2101,25.878906,25000000.000
14153,2110,30.273438,25000000.000
14154,2115,32.714844,25000000.000
14155,2115,32.714844,25000000.000
14156,2120,35.156250,25000000.000
14157,2119,34.667969,25000000.000
14158,2117,33.691406,25000000.000
14159,2117,33.691406,25000000.000
14160,2109,29.785156,25000000.000
14161,2104,27.343750,25000000.000
14162,2098,24.414062,25000000.000
14163,2097,23.925781,25000000.000
14164,2083,17.089844,25000000.000
14165,2074,12.695312,25000000.000
14166,2064,7.812500,25000000.000
14167,2062,6.835938,25000000.000
14168,2043,-2.441406,25000000.000
14169,2031,-8.300781,25000000.000
14170,2019,-14.160156,25000000.000
14171,2019,-14.160156,25000000.000
14172,1998,-24.414062,25000000.000
14173,1990,-28.320312,25000000.000
14174,1983,-31.738281,25000000.000
14175,1983,-31.738281,25000000.000
14176,1975,-35.644531,25000000.000
14177,1974,-36.132812,25000000.000
14178,1972,-37.109375,25000000.000
14179,1973,-36.621094,25000000.000
14180,1976,-35.156250,25000000.000
14181,1979,-33.691406,25000000.000
14182,1985,-30.761719,25000000.000
14183,1985,-30.761719,25000000.000
14184,2000,-23.437500,25000000.000
14185,2008,-19.531250,25000000.000
14186,2018,-14.648438,25000000.000
14187,2019,-14.160156,25000000.000
14188,2041,-3.417969,25000000.000
14189,2057,4.394531,25000000.000
14190,2069,10.253906,25000000.000
14191,2071,11.230469,25000000.000
14192,2090,20.507812,25000000.000
14193,2102,26.367188,25000000.000
14194,2111,30.761719,25000000.000
14195,2112,31.250000,25000000.000
14196,2120,35.156250,25000000.000
14197,2122,36.132812,25000000.000
14198,2120,35.156250,25000000.000
14199,2120,35.156250,25000000.000
14200,2114,32.226562,25000000.000
14201,2109,29.785156,25000000.000
14202,2103,26.855469,25000000.000
14203,2102,26.367188,25000000.000
14204,2088,19.531250,25000000.000
14205,2080,15.625000,25000000.000
14206,2071,11.230469,25000000.000
14207,2071,11.230469,25000000.000
14208,2051,1.464844,25000000.000
14209,2041,-3.417969,25000000.000
14210,2030,-8.789062,25000000.000
14211,2029,-9.277344,25000000.000
14212,2009,-19.042969,25000000.000
14213,1999,-23.925781,25000000.000
14214,1990,-28.320312,25000000.000
14215,1991,-27.832031,25000000.000
14216,1979,-33.691406,25000000.000
14217,1975,-35.644531,25000000.000
14218,1973,-36.621094,25000000.000
14219,1974,-36.132812,25000000.000
14220,1974,-36.132812,25000000.000
14221,1976,-35.156250,25000000.000
14222,1981,-32.714844,25000000.000
14223,1982,-32.226562,25000000.000
14224,1994,-26.367188,25000000.000
14225,2002,-22.460938,25000000.000
14226,2013,-17.089844,25000000.000
14227,2014,-16.601562,25000000.000
14228,2036,-5.859375,25000000.000
14229,2047,-0.488281,25000000.000
14230,2060,5.859375,25000000.000
14231,2061,6.347656,25000000.000
14232,2085,18.066406,25000000.000
14233,2094,22.460938,25000000.000
14234,2103,26.855469,25000000.000
14235,2104,27.343750,25000000.000
14236,2115,32.714844,25000000.000
14237,2119,34.667969,25000000.000
14238,2119,34.667969,25000000.000
14239,2119,34.667969,25000000.000
14240,2116,33.203125,25000000.000
14241,2113,31.738281,25000000.000
14242,2108,29.296875,25000000.000
14243,2108,29.296875,25000000.000
14244,2097,23.925781,25000000.000
14245,2088,19.531250,25000000.000
14246,2079,15.136719,25000000.000
14247,2078,14.648438,25000000.000
14248,2060,5.859375,25000000.000
14249,2050,0.976562,25000000.000
14250,2038,-4.882812,25000000.000
14251,2037,-5.371094,25000000.000
14252,2017,-15.136719,25000000.000
14253,2006,-20.507812,25000000.000
14254,1996,-25.390625,25000000.000
14255,1995,-25.878906,25000000.000
14256,1983,-31.738281,25000000.000
14257,1978,-34.179688,25000000.000
14258,1976,-35.156250,25000000.000
14259,1977,-34.667969,25000000.000
14260,1975,-35.644531,25000000.000
14261,1977,-34.667969,25000000.000
14262,1980,-33.203125,25000000.000
14263,1980,-33.203125,25000000.000
14264,1989,-28.808594,25000000.000
14265,1995,-25.878906,25000000.000
14266,2003,-21.972656,25000000.000
14267,2004,-21.484375,25000000.000
14268,2023,-12.207031,25000000.000
14269,2034,-6.835938,25000000.000
14270,2047,-0.488281,25000000.000
14271,2047,-0.488281,25000000.000
14272,2072,11.718750,25000000.000
14273,2083,17.089844,25000000.000
14274,2094,22.460938,25000000.000
14275,2094,22.460938,25000000.000
14276,2111,30.761719,25000000.000
14277,2116,33.203125,25000000.000
14278,2119,34.667969,25000000.000
14279,2118,34.179688,25000000.000
14280,2119,34.667969,25000000.000
14281,2117,33.691406,25000000.000
14282,2114,32.226562,25000000.000
14283,2113,31.738281,25000000.000
14284,2100,25.390625,25000000.000
14285,2095,22.949219,25000000.000
14286,2089,20.019531,25000000.000
14287,2085,18.066406,25000000.000
14288,2068,9.765625,25000000.000
14289,2057,4.394531,25000000.000
14290,2047,-0.488281,25000000.000
14291,2046,-0.976562,25000000.000
14292,2024,-11.718750,25000000.000
14293,2014,-16.601562,25000000.000
14294,2003,-21.972656,25000000.000
14295,2003,-21.972656,25000000.000
14296,1989,-28.808594,25000000.000
14297,1982,-32.226562,25000000.000
14298,1978,-34.179688,25000000.000
14299,1978,-34.179688,25000000.000
14300,1973,-36.621094,25000000.000
14301,1974,-36.132812,25000000.000
14302,1974,-36.132812,25000000.000
14303,1974,-36.132812,25000000.000
14304,1983,-31.738281,25000000.000
14305,1988,-29.296875,25000000.000
14306,1995,-25.878906,25000000.000
14307,1997,-24.902344,25000000.000
14308,2015,-16.113281,25000000.000
14309,2025,-11.230469,25000000.000
14310,2039,-4.394531,25000000.000
14311,2040,-3.906250,25000000.000
14312,2062,6.835938,25000000.000
14313,2076,13.671875,25000000.000
14314,2087,19.042969,25000000.000
14315,2088,19.531250,25000000.000
14316,2104,27.343750,25000000.000
14317,2110,30.273438,25000000.000
14318,2114,32.226562,25000000.000
14319,2115,32.714844,25000000.000
14320,2119,34.667969,25000000.000
14321,2118,34.179688,25000000.000
14322,2116,33.203125,25000000.000
14323,2116,33.203125,25000000.000
14324,2108,29.296875,25000000.000
14325,2101,25.878906,25000000.000
14326,2095,22.949219,25000000.000
14327,2093,21.972656,25000000.000
14328,2077,14.160156,25000000.000
14329,2067,9.277344,25000000.000
14330,2057,4.394531,25000000.000
14331,2056,3.906250,25000000.000
14332,2033,-7.324219,25000000.000
14333,2022,-12.695312,25000000.000
14334,2012,-17.578125,25000000.000
14335,2010,-18.554688,25000000.000
14336,1993,-26.855469,25000000.000
14337,1986,-30.273438,25000000.000
14338,1980,-33.203125,25000000.000
14339,1980,-33.203125,25000000.000
14340,1976,-35.156250,25000000.000
14341,1973,-36.621094,25000000.000
14342,1974,-36.132812,25000000.000
14343,1975,-35.644531,25000000.000
14344,1980,-33.203125,25000000.000
14345,1984,-31.250000,25000000.000
14346,1988,-29.296875,25000000.000
14347,1990,-28.320312,25000000.000
14348,2005,-20.996094,25000000.000
14349,2015,-16.113281,25000000.000
14350,2026,-10.742188,25000000.000
14351,2026,-10.742188,25000000.000
14352,2050,0.976562,25000000.000
14353,2063,7.324219,25000000.000
14354,2077,14.160156,25000000.000
14355,2078,14.648438,25000000.000
14356,2099,24.902344,25000000.000
14357,2107,28.808594,25000000.000
14358,2114,32.226562,25000000.000
14359,2113,31.738281,25000000.000
14360,2119,34.667969,25000000.000
14361,2119,34.667969,25000000.000
14362,2117,33.691406,25000000.000
14363,2117,33.691406,25000000.000
14364,2110,30.273438,25000000.000
14365,2105,27.832031,25000000.000
14366,2098,24.414062,25000000.000
14367,2098,24.414062,25000000.000
14368,2083,17.089844,25000000.000
14369,2075,13.183594,25000000.000
14370,2066,8.789062,25000000.000
14371,2065,8.300781,25000000.000
14372,2045,-1.464844,25000000.000
14373,2033,-7.324219,25000000.000
14374,2023,-12.207031,25000000.000
14375,2020,-13.671875,25000000.000
14376,2002,-22.460938,25000000.000
14377,1992,-27.343750,25000000.000
14378,1986,-30.273438,25000000.000
14379,1985,-30.761719,25000000.000
14380,1977,-34.667969,25000000.000
14381,1973,-36.621094,25000000.000
14382,1972,-37.109375,25000000.000
14383,1973,-36.621094,25000000.000
14384,1976,-35.156250,25000000.000
14385,1980,-33.203125,25000000.000
14386,1984,-31.250000,25000000.000
14387,1985,-30.761719,25000000.000
14388,1999,-23.925781,25000000.000
14389,2009,-19.042969,25000000.000
14390,2019,-14.160156,25000000.000
14391,2020,-13.671875,25000000.000
14392,2042,-2.929688,25000000.000
14393,2054,2.929688,25000000.000
14394,2067,9.277344,25000000.000
14395,2069,10.253906,25000000.000
14396,2091,20.996094,25000000.000
14397,2101,25.878906,25000000.000
14398,2110,30.273438,25000000.000
14399,2111,30.761719,25000000.000
14400,2119,34.667969,25000000.000
14401,2121,35.644531,25000000.000
14402,2119,34.667969,25000000.000
14403,2120,35.156250,25000000.000
14404,2114,32.226562,25000000.000
14405,2109,29.785156,25000000.000
14406,2104,27.343750,25000000.000
14407,2103,26.855469,25000000.000
14408,2091,20.996094,25000000.000
14409,2082,16.601562,25000000.000
14410,2073,12.207031,25000000.000
14411,2073,12.207031,25000000.000
14412,2056,3.906250,25000000.000
14413,2045,-1.464844,25000000.000
14414,2033,-7.324219,25000000.000
14415,2032,-7.812500,25000000.000
14416,2010,-18.554688,25000000.000
14417,2001,-22.949219,25000000.000
14418,1992,-27.343750,25000000.000
14419,1992,-27.343750,25000000.000
14420,1979,-33.691406,25000000.000
14421,1976,-35.156250,25000000.000
14422,1974,-36.132812,25000000.000
14423,1976,-35.156250,25000000.000
14424,1976,-35.156250,25000000.000
14425,1978,-34.179688,25000000.000
14426,1982,-32.226562,25000000.000
14427,1983,-31.738281,25000000.000
14428,1993,-26.855469,25000000.000
14429,2000,-23.437500,25000000.000
14430,2009,-19.042969,25000000.000
14431,2010,-18.554688,25000000.000
14432,2029,-9.277344,25000000.000
14433,2040,-3.906250,25000000.000
14434,2053,2.441406,25000000.000
14435,2056,3.906250,25000000.000
14436,2080,15.625000,25000000.000
14437,2092,21.484375,25000000.000
14438,2103,26.855469,25000000.000
14439,2105,27.832031,25000000.000
14440,2118,34.179688,25000000.000
14441,2121,35.644531,25000000.000
14442,2122,36.132812,25000000.000
14443,2122,36.132812,25000000.000
14444,2119,34.667969,25000000.000
14445,2114,32.226562,25000000.000
14446,2108,29.296875,25000000.000
14447,2108,29.296875,25000000.000
14448,2095,22.949219,25000000.000
14449,2089,20.019531,25000000.000
14450,2080,15.625000,25000000.000
14451,2080,15.625000,25000000.000
14452,2064,7.812500,25000000.000
14453,2053,2.441406,25000000.000
14454,2043,-2.441406,25000000.000
14455,2042,-2.929688,25000000.000
14456,2022,-12.695312,25000000.000
14457,2011,-18.066406,25000000.000
14458,1999,-23.925781,25000000.000
14459,1999,-23.925781,25000000.000
14460,1985,-30.761719,25000000.000
14461,1979,-33.691406,25000000.000
14462,1976,-35.156250,25000000.000
14463,1975,-35.644531,25000000.000
14464,1973,-36.621094,25000000.000
14465,1973,-36.621094,25000000.000
14466,1976,-35.156250,25000000.000
14467,1977,-34.667969,25000000.000
14468,1986,-30.273438,25000000.000
14469,1993,-26.855469,25000000.000
14470,2001,-22.949219,25000000.000
14471,2002,-22.460938,25000000.000
14472,2021,-13.183594,25000000.000
14473,2032,-7.812500,25000000.000
14474,2044,-1.953125,25000000.000
14475,2046,-0.976562,25000000.000
14476,2069,10.253906,25000000.000
14477,2081,16.113281,25000000.000
14478,2092,21.484375,25000000.000
14479,2093,21.972656,25000000.000
14480,2109,29.785156,25000000.000
14481,2114,32.226562,25000000.000
14482,2120,35.156250,25000000.000
14483,2119,34.667969,25000000.000
14484,2118,34.179688,25000000.000
14485,2116,33.203125,25000000.000
14486,2114,32.226562,25000000.000
14487,2113,31.738281,25000000.000
14488,2101,25.878906,25000000.000
14489,2095,22.949219,25000000.000
14490,2088,19.531250,25000000.000
14491,2087,19.042969,25000000.000
14492,2071,11.230469,25000000.000
14493,2060,5.859375,25000000.000
14494,2050,0.976562,25000000.000
14495,2049,0.488281,25000000.000
14496,2027,-10.253906,25000000.000
14497,2015,-16.113281,25000000.000
14498,2006,-20.507812,25000000.000
14499,2005,-20.996094,25000000.000
14500,1989,-28.808594,25000000.000
14501,1982,-32.226562,25000000.000
14502,1978,-34.179688,25000000.000
14503,1978,-34.179688,25000000.000
14504,1973,-36.621094,25000000.000
14505,1974,-36.132812,25000000.000
14506,1976,-35.156250,25000000.000
14507,1975,-35.644531,25000000.000
14508,1983,-31.738281,25000000.000
14509,1990,-28.320312,25000000.000
14510,1994,-26.367188,25000000.000
14511,1995,-25.878906,25000000.000
14512,2011,-18.066406,25000000.000
14513,2021,-13.183594,25000000.000
14514,2032,-7.812500,25000000.000
14515,2033,-7.324219,25000000.000
14516,2057,4.394531,25000000.000
14517,2069,10.253906,25000000.000
14518,2081,16.113281,25000000.000
14519,2082,16.601562,25000000.000
14520,2103,26.855469,25000000.000
14521,2111,30.761719,25000000.000
14522,2117,33.691406,25000000.000
14523,2116,33.203125,25000000.000
14524,2121,35.644531,25000000.000
14525,2119,34.667969,25000000.000
14526,2116,33.203125,25000000.000
14527,2116,33.203125,25000000.000
14528,2108,29.296875,25000000.000
14529,2101,25.878906,25000000.000
14530,2094,22.460938,25000000.000
14531,2094,22.460938,25000000.000
14532,2079,15.136719,25000000.000
14533,2069,10.253906,25000000.000
14534,2059,5.371094,25000000.000
14535,2061,6.347656,25000000.000
14536,2039,-4.394531,25000000.000
14537,2028,-9.765625,25000000.000
14538,2016,-15.625000,25000000.000
14539,2017,-15.136719,25000000.000
14540,1997,-24.902344,25000000.000
14541,1989,-28.808594,25000000.000
14542,1982,-32.226562,25000000.000
14543,1983,-31.738281,25000000.000
14544,1975,-35.644531,25000000.000
14545,1973,-36.621094,25000000.000
14546,1972,-37.109375,25000000.000
14547,1973,-36.621094,25000000.000
14548,1978,-34.179688,25000000.000
14549,1982,-32.226562,25000000.000
14550,1988,-29.296875,25000000.000
14551,1988,-29.296875,25000000.000
14552,2003,-21.972656,25000000.000
14553,2012,-17.578125,25000000.000
14554,2023,-12.207031,25000000.000
14555,2025,-11.230469,25000000.000
14556,2047,-0.488281,25000000.000
14557,2062,6.835938,25000000.000
14558,2072,11.718750,25000000.000
14559,2075,13.183594,25000000.000
14560,2095,22.949219,25000000.000
14561,2105,27.832031,25000000.000
14562,2112,31.250000,25000000.000
14563,2112,31.250000,25000000.000
14564,2119,34.667969,25000000.000
14565,2120,35.156250,25000000.000
14566,2118,34.179688,25000000.000
14567,2118,34.179688,25000000.000
14568,2113,31.738281,25000000.000
14569,2107,28.808594,25000000.000
14570,2102,26.367188,25000000.000
14571,2099,24.902344,25000000.000
14572,2087,19.042969,25000000.000
14573,2078,14.648438,25000000.000
14574,2070,10.742188,25000000.000
14575,2068,9.765625,25000000.000
14576,2049,0.488281,25000000.000
14577,2037,-5.371094,25000000.000
14578,2025,-11.230469,25000000.000
14579,2024,-11.718750,25000000.000
14580,2005,-20.996094,25000000.000
14581,1996,-25.390625,25000000.000
14582,1989,-28.808594,25000000.000
14583,1988,-29.296875,25000000.000
14584,1979,-33.691406,25000000.000
14585,1976,-35.156250,25000000.000
14586,1974,-36.132812,25000000.000
14587,1974,-36.132812,25000000.000
14588,1976,-35.156250,25000000.000
14589,1980,-33.203125,25000000.000
14590,1983,-31.738281,25000000.000
14591,1984,-31.250000,25000000.000
14592,1996,-25.390625,25000000.000
14593,2005,-20.996094,25000000.000
14594,2014,-16.601562,25000000.000
14595,2015,-16.113281,25000000.000
14596,2036,-5.859375,25000000.000
14597,2049,0.488281,25000000.000
14598,2062,6.835938,25000000.000
14599,2063,7.324219,25000000.000
14600,2087,19.042969,25000000.000
14601,2098,24.414062,25000000.000
14602,2107,28.808594,25000000.000
14603,2108,29.296875,25000000.000
14604,2119,34.667969,25000000.000
14605,2122,36.132812,25000000.000
14606,2122,36.132812,25000000.000
14607,2121,35.644531,25000000.000
14608,2115,32.714844,25000000.000
14609,2111,30.761719,25000000.000
14610,2106,28.320312,25000000.000
14611,2105,27.832031,25000000.000
14612,2092,21.484375,25000000.000
14613,2083,17.089844,25000000.000
14614,2077,14.160156,25000000.000
14615,2076,13.671875,25000000.000
14616,2058,4.882812,25000000.000
14617,2048,0.000000,25000000.000
14618,2038,-4.882812,25000000.000
14619,2036,-5.859375,25000000.000
14620,2015,-16.113281,25000000.000
14621,2006,-20.507812,25000000.000
14622,1996,-25.390625,25000000.000
14623,1996,-25.390625,25000000.000
14624,1983,-31.738281,25000000.000
14625,1979,-33.691406,25000000.000
14626,1975,-35.644531,25000000.000
14627,1976,-35.156250,25000000.000
14628,1974,-36.132812,25000000.000
14629,1975,-35.644531,25000000.000
14630,1979,-33.691406,25000000.000
14631,1980,-33.203125,25000000.000
14632,1987,-29.785156,25000000.000
14633,1999,-23.925781,25000000.000
14634,2007,-20.019531,25000000.000
14635,2005,-20.996094,25000000.000
14636,2026,-10.742188,25000000.000
14637,2038,-4.882812,25000000.000
14638,2051,1.464844,25000000.000
14639,2051,1.464844,25000000.000
14640,2076,13.671875,25000000.000
14641,2088,19.531250,25000000.000
14642,2099,24.902344,25000000.000
14643,2100,25.390625,25000000.000
14644,2114,32.226562,25000000.000
14645,2118,34.179688,25000000.000
14646,2120,35.156250,25000000.000
14647,2120,35.156250,25000000.000
14648,2119,34.667969,25000000.000
14649,2115,32.714844,25000000.000
14650,2111,30.761719,25000000.000
14651,2111,30.761719,25000000.000
14652,2099,24.902344,25000000.000
14653,2091,20.996094,25000000.000
14654,2084,17.578125,25000000.000
14655,2083,17.089844,25000000.000
14656,2064,7.812500,25000000.000
14657,2056,3.906250,25000000.000
14658,2044,-1.953125,25000000.000
14659,2043,-2.441406,25000000.000
14660,2023,-12.207031,25000000.000
14661,2012,-17.578125,25000000.000
14662,2003,-21.972656,25000000.000
14663,2002,-22.460938,25000000.000
14664,1988,-29.296875,25000000.000
14665,1983,-31.738281,25000000.000
14666,1979,-33.691406,25000000.000
14667,1978,-34.179688,25000000.000
14668,1975,-35.644531,25000000.000
14669,1974,-36.132812,25000000.000
14670,1977,-34.667969,25000000.000
14671,1976,-35.156250,25000000.000
14672,1984,-31.250000,25000000.000
14673,1990,-28.320312,25000000.000
14674,1996,-25.390625,25000000.000
14675,1997,-24.902344,25000000.000
14676,2014,-16.601562,25000000.000
14677,2026,-10.742188,25000000.000
14678,2038,-4.882812,25000000.000
14679,2041,-3.417969,25000000.000
14680,2065,8.300781,25000000.000
14681,2079,15.136719,25000000.000
14682,2090,20.507812,25000000.000
14683,2092,21.484375,25000000.000
14684,2110,30.273438,25000000.000
14685,2116,33.203125,25000000.000
14686,2119,34.667969,25000000.000
14687,2120,35.156250,25000000.000
14688,2120,35.156250,25000000.000
14689,2118,34.179688,25000000.000
14690,2115,32.714844,25000000.000
14691,2114,32.226562,25000000.000
14692,2104,27.343750,25000000.000
14693,2097,23.925781,25000000.000
14694,2090,20.507812,25000000.000
14695,2089,20.019531,25000000.000
14696,2073,12.207031,25000000.000
14697,2064,7.812500,25000000.000
14698,2054,2.929688,25000000.000
14699,2052,1.953125,25000000.000
14700,2032,-7.812500,25000000.000
14701,2021,-13.183594,25000000.000
14702,2011,-18.066406,25000000.000
14703,2010,-18.554688,25000000.000
14704,1993,-26.855469,25000000.000
14705,1987,-29.785156,25000000.000
14706,1982,-32.226562,25000000.000
14707,1982,-32.226562,25000000.000
14708,1977,-34.667969,25000000.000
14709,1976,-35.156250,25000000.000
14710,1975,-35.644531,25000000.000
14711,1976,-35.156250,25000000.000
14712,1980,-33.203125,25000000.000
14713,1983,-31.738281,25000000.000
14714,1988,-29.296875,25000000.000
14715,1990,-28.320312,25000000.000
14716,2003,-21.972656,25000000.000
14717,2015,-16.113281,25000000.000
14718,2026,-10.742188,25000000.000
14719,2028,-9.765625,25000000.000
14720,2052,1.953125,25000000.000
14721,2067,9.277344,25000000.000
14722,2080,15.625000,25000000.000
14723,2081,16.113281,25000000.000
14724,2103,26.855469,25000000.000
14725,2110,30.273438,25000000.000
14726,2117,33.691406,25000000.000
14727,2116,33.203125,25000000.000
14728,2120,35.156250,25000000.000
14729,2119,34.667969,25000000.000
14730,2116,33.203125,25000000.000
14731,2115,32.714844,25000000.000
14732,2107,28.808594,25000000.000
14733,2102,26.367188,25000000.000
14734,2094,22.460938,25000000.000
14735,2095,22.949219,25000000.000
14736,2080,15.625000,25000000.000
14737,2073,12.207031,25000000.000
14738,2062,6.835938,25000000.000
14739,2062,6.835938,25000000.000
14740,2043,-2.441406,25000000.000
14741,2032,-7.812500,25000000.000
14742,2021,-13.183594,25000000.000
14743,2020,-13.671875,25000000.000
14744,2001,-22.949219,25000000.000
14745,1993,-26.855469,25000000.000
14746,1987,-29.785156,25000000.000
14747,1986,-30.273438,25000000.000
14748,1979,-33.691406,25000000.000
14749,1978,-34.179688,25000000.000
14750,1978,-34.179688,25000000.000
14751,1977,-34.667969,25000000.000
14752,1980,-33.203125,25000000.000
14753,1983,-31.738281,25000000.000
14754,1987,-29.785156,25000000.000
14755,1987,-29.785156,25000000.000
14756,1998,-24.414062,25000000.000
14757,2005,-20.996094,25000000.000
14758,2014,-16.601562,25000000.000
14759,2015,-16.113281,25000000.000
14760,2038,-4.882812,25000000.000
14761,2051,1.464844,25000000.000
14762,2065,8.300781,25000000.000
14763,2066,8.789062,25000000.000
14764,2092,21.484375,25000000.000
14765,2103,26.855469,25000000.000
14766,2112,31.250000,25000000.000
14767,2114,32.226562,25000000.000
14768,2123,36.621094,25000000.000
14769,2123,36.621094,25000000.000
14770,2121,35.644531,25000000.000
14771,2121,35.644531,25000000.000
14772,2113,31.738281,25000000.000
14773,2106,28.320312,25000000.000
14774,2101,25.878906,25000000.000
14775,2100,25.390625,25000000.000
14776,2086,18.554688,25000000.000
14777,2077,14.160156,25000000.000
14778,2069,10.253906,25000000.000
14779,2069,10.253906,25000000.000
14780,2050,0.976562,25000000.000
14781,2041,-3.417969,25000000.000
14782,2030,-8.789062,25000000.000
14783,2028,-9.765625,25000000.000
14784,2010,-18.554688,25000000.000
14785,2000,-23.437500,25000000.000
14786,1994,-26.367188,25000000.000
14787,1993,-26.855469,25000000.000
14788,1982,-32.226562,25000000.000
14789,1981,-32.714844,25000000.000
14790,1979,-33.691406,25000000.000
14791,1979,-33.691406,25000000.000
14792,1979,-33.691406,25000000.000
14793,1982,-32.226562,25000000.000
14794,1985,-30.761719,25000000.000
14795,1986,-30.273438,25000000.000
14796,1996,-25.390625,25000000.000
14797,2002,-22.460938,25000000.000
14798,2010,-18.554688,25000000.000
14799,2010,-18.554688,25000000.000
14800,2029,-9.277344,25000000.000
14801,2039,-4.394531,25000000.000
14802,2054,2.929688,25000000.000
14803,2055,3.417969,25000000.000
14804,2080,15.625000,25000000.000
14805,2092,21.484375,25000000.000
14806,2104,27.343750,25000000.000
14807,2105,27.832031,25000000.000
14808,2119,34.667969,25000000.000
14809,2122,36.132812,25000000.000
14810,2122,36.132812,25000000.000
14811,2122,36.132812,25000000.000
14812,2118,34.179688,25000000.000
14813,2113,31.738281,25000000.000
14814,2106,28.320312,25000000.000
14815,2105,27.832031,25000000.000
14816,2092,21.484375,25000000.000
14817,2083,17.089844,25000000.000
14818,2074,12.695312,25000000.000
14819,2074,12.695312,25000000.000
14820,2058,4.882812,25000000.000
14821,2047,-0.488281,25000000.000
14822,2036,-5.859375,25000000.000
14823,2035,-6.347656,25000000.000
14824,2016,-15.625000,25000000.000
14825,2005,-20.996094,25000000.000
14826,1998,-24.414062,25000000.000
14827,1996,-25.390625,25000000.000
14828,1985,-30.761719,25000000.000
14829,1981,-32.714844,25000000.000
14830,1980,-33.203125,25000000.000
14831,1979,-33.691406,25000000.000
14832,1980,-33.203125,25000000.000
14833,1982,-32.226562,25000000.000
14834,1986,-30.273438,25000000.000
14835,1986,-30.273438,25000000.000
14836,1994,-26.367188,25000000.000
14837,1999,-23.925781,25000000.000
14838,2006,-20.507812,25000000.000
14839,2007,-20.019531,25000000.000
14840,2021,-13.183594,25000000.000
14841,2032,-7.812500,25000000.000
14842,2042,-2.929688,25000000.000
14843,2043,-2.441406,25000000.000
14844,2066,8.789062,25000000.000
14845,2079,15.136719,25000000.000
14846,2091,20.996094,25000000.000
14847,2092,21.484375,25000000.000
14848,2111,30.761719,25000000.000
14849,2117,33.691406,25000000.000
14850,2121,35.644531,25000000.000
14851,2122,36.132812,25000000.000
14852,2121,35.644531,25000000.000
14853,2119,34.667969,25000000.000
14854,2114,32.226562,25000000.000
14855,2113,31.738281,25000000.000
14856,2100,25.390625,25000000.000
14857,2092,21.484375,25000000.000
14858,2085,18.066406,25000000.000
14859,2083,17.089844,25000000.000
14860,2065,8.300781,25000000.000
14861,2055,3.417969,25000000.000
14862,2046,-0.976562,25000000.000
14863,2044,-1.953125,25000000.000
14864,2024,-11.718750,25000000.000
14865,2015,-16.113281,25000000.000
14866,2006,-20.507812,25000000.000
14867,2005,-20.996094,25000000.000
14868,1990,-28.320312,25000000.000
14869,1986,-30.273438,25000000.000
14870,1981,-32.714844,25000000.000
14871,1981,-32.714844,25000000.000
14872,1979,-33.691406,25000000.000
14873,1980,-33.203125,25000000.000
14874,1981,-32.714844,25000000.000
14875,1982,-32.226562,25000000.000
14876,1989,-28.808594,25000000.000
14877,1994,-26.367188,25000000.000
14878,2001,-22.949219,25000000.000
14879,2001,-22.949219,25000000.000
14880,2016,-15.625000,25000000.000
14881,2025,-11.230469,25000000.000
14882,2033,-7.324219,25000000.000
14883,2035,-6.347656,25000000.000
14884,2055,3.417969,25000000.000
14885,2067,9.277344,25000000.000
14886,2078,14.648438,25000000.000
14887,2080,15.625000,25000000.000
14888,2100,25.390625,25000000.000
14889,2109,29.785156,25000000.000
14890,2115,32.714844,25000000.000
14891,2115,32.714844,25000000.000
14892,2121,35.644531,25000000.000
14893,2118,34.179688,25000000.000
14894,2116,33.203125,25000000.000
14895,2116,33.203125,25000000.000
14896,2107,28.808594,25000000.000
14897,2100,25.390625,25000000.000
14898,2090,20.507812,25000000.000
14899,2090,20.507812,25000000.000
14900,2072,11.718750,25000000.000
14901,2064,7.812500,25000000.000
14902,2053,2.441406,25000000.000
14903,2053,2.441406,25000000.000
14904,2033,-7.324219,25000000.000
14905,2022,-12.695312,25000000.000
14906,2012,-17.578125,25000000.000
14907,2011,-18.066406,25000000.000
14908,1995,-25.878906,25000000.000
14909,1989,-28.808594,25000000.000
14910,1984,-31.250000,25000000.000
14911,1983,-31.738281,25000000.000
14912,1979,-33.691406,25000000.000
14913,1977,-34.667969,25000000.000
14914,1980,-33.203125,25000000.000
14915,1980,-33.203125,25000000.000
14916,1985,-30.761719,25000000.000
14917,1990,-28.320312,25000000.000
14918,1996,-25.390625,25000000.000
14919,1995,-25.878906,25000000.000
14920,2009,-19.042969,25000000.000
14921,2017,-15.136719,25000000.000
14922,2027,-10.253906,25000000.000
14923,2027,-10.253906,25000000.000
14924,2046,-0.976562,25000000.000
14925,2057,4.394531,25000000.000
14926,2067,9.277344,25000000.000
14927,2068,9.765625,25000000.000
14928,2088,19.531250,25000000.000
14929,2098,24.414062,25000000.000
14930,2108,29.296875,25000000.000
14931,2108,29.296875,25000000.000
14932,2118,34.179688,25000000.000
14933,2120,35.156250,25000000.000
14934,2120,35.156250,25000000.000
14935,2120,35.156250,25000000.000
14936,2113,31.738281,25000000.000
14937,2107,28.808594,25000000.000
14938,2100,25.390625,25000000.000
14939,2099,24.902344,25000000.000
14940,2081,16.113281,25000000.000
14941,2070,10.742188,25000000.000
14942,2062,6.835938,25000000.000
14943,2061,6.347656,25000000.000
14944,2041,-3.417969,25000000.000
14945,2031,-8.300781,25000000.000
14946,2021,-13.183594,25000000.000
14947,2018,-14.648438,25000000.000
14948,2000,-23.437500,25000000.000
14949,1993,-26.855469,25000000.000
14950,1987,-29.785156,25000000.000
14951,1987,-29.785156,25000000.000
14952,1979,-33.691406,25000000.000
14953,1979,-33.691406,25000000.000
14954,1978,-34.179688,25000000.000
14955,1978,-34.179688,25000000.000
14956,1981,-32.714844,25000000.000
14957,1985,-30.761719,25000000.000
14958,1991,-27.832031,25000000.000
14959,1991,-27.832031,25000000.000
14960,2004,-21.484375,25000000.000
14961,2013,-17.089844,25000000.000
14962,2022,-12.695312,25000000.000
14963,2021,-13.183594,25000000.000
14964,2041,-3.417969,25000000.000
14965,2051,1.464844,25000000.000
14966,2063,7.324219,25000000.000
14967,2062,6.835938,25000000.000
14968,2083,17.089844,25000000.000
14969,2092,21.484375,25000000.000
14970,2100,25.390625,25000000.000
14971,2102,26.367188,25000000.000
14972,2112,31.250000,25000000.000
14973,2116,33.203125,25000000.000
14974,2119,34.667969,25000000.000
14975,2119,34.667969,25000000.000
14976,2116,33.203125,25000000.000
14977,2113,31.738281,25000000.000
14978,2108,29.296875,25000000.000
14979,2107,28.808594,25000000.000
14980,2089,20.019531,25000000.000
14981,2082,16.601562,25000000.000
14982,2076,13.671875,25000000.000
14983,2070,10.742188,25000000.000
14984,2051,1.464844,25000000.000
14985,2040,-3.906250,25000000.000
14986,2029,-9.277344,25000000.000
14987,2028,-9.765625,25000000.000
14988,2008,-19.531250,25000000.000
14989,1998,-24.414062,25000000.000
14990,1992,-27.343750,25000000.000
14991,1991,-27.832031,25000000.000
14992,1982,-32.226562,25000000.000
14993,1980,-33.203125,25000000.000
14994,1978,-34.179688,25000000.000
14995,1980,-33.203125,25000000.000
14996,1980,-33.203125,25000000.000
14997,1984,-31.250000,25000000.000
14998,1988,-29.296875,25000000.000
14999,1988,-29.296875,25000000.000
15000,1999,-23.925781,25000000.000
15001,2006,-20.507812,25000000.000
15002,2014,-16.601562,25000000.000
15003,2016,-15.625000,25000000.000
15004,2032,-7.812500,25000000.000
15005,2043,-2.441406,25000000.000
15006,2054,2.929688,25000000.000
15007,2054,2.929688,25000000.000
15008,2075,13.183594,25000000.000
15009,2084,17.578125,25000000.000
15010,2094,22.460938,25000000.000
15011,2094,22.460938,25000000.000
15012,2109,29.785156,25000000.000
15013,2113,31.738281,25000000.000
15014,2116,33.203125,25000000.000
15015,2116,33.203125,25000000.000
15016,2116,33.203125,25000000.000
15017,2114,32.226562,25000000.000
15018,2110,30.273438,25000000.000
15019,2109,29.785156,25000000.000
15020,2099,24.902344,25000000.000
15021,2091,20.996094,25000000.000
15022,2082,16.601562,25000000.000
15023,2081,16.113281,25000000.000
15024,2062,6.835938,25000000.000
15025,2052,1.953125,25000000.000
15026,2038,-4.882812,25000000.000
15027,2036,-5.859375,25000000.000
15028,2016,-15.625000,25000000.000
15029,2007,-20.019531,25000000.000
15030,1996,-25.390625,25000000.000
15031,1996,-25.390625,25000000.000
15032,1985,-30.761719,25000000.000
15033,1981,-32.714844,25000000.000
15034,1978,-34.179688,25000000.000
15035,1978,-34.179688,25000000.000
15036,1979,-33.691406,25000000.000
15037,1981,-32.714844,25000000.000
15038,1984,-31.250000,25000000.000
15039,1985,-30.761719,25000000.000
15040,1994,-26.367188,25000000.000
15041,2000,-23.437500,25000000.000
15042,2008,-19.531250,25000000.000
15043,2008,-19.531250,25000000.000
15044,2024,-11.718750,25000000.000
15045,2033,-7.324219,25000000.000
15046,2044,-1.953125,25000000.000
15047,2044,-1.953125,25000000.000
15048,2065,8.300781,25000000.000
15049,2075,13.183594,25000000.000
15050,2085,18.066406,25000000.000
15051,2086,18.554688,25000000.000
15052,2102,26.367188,25000000.000
15053,2108,29.296875,25000000.000
15054,2113,31.738281,25000000.000
15055,2114,32.226562,25000000.000
15056,2118,34.179688,25000000.000
15057,2117,33.691406,25000000.000
15058,2114,32.226562,25000000.000
15059,2114,32.226562,25000000.000
15060,2106,28.320312,25000000.000
15061,2098,24.414062,25000000.000
15062,2088,19.531250,25000000.000
15063,2087,19.042969,25000000.000
15064,2070,10.742188,25000000.000
15065,2059,5.371094,25000000.000
15066,2048,0.000000,25000000.000
15067,2046,-0.976562,25000000.000
15068,2024,-11.718750,25000000.000
15069,2015,-16.113281,25000000.000
15070,2005,-20.996094,25000000.000
15071,2004,-21.484375,25000000.000
15072,1991,-27.832031,25000000.000
15073,1985,-30.761719,25000000.000
15074,1981,-32.714844,25000000.000
15075,1980,-33.203125,25000000.000
15076,1978,-34.179688,25000000.000
15077,1980,-33.203125,25000000.000
15078,1981,-32.714844,25000000.000
15079,1982,-32.226562,25000000.000
15080,1990,-28.320312,25000000.000
15081,1994,-26.367188,25000000.000
15082,2001,-22.949219,25000000.000
15083,2002,-22.460938,25000000.000
15084,2016,-15.625000,25000000.000
15085,2025,-11.230469,25000000.000
15086,2034,-6.835938,25000000.000
15087,2034,-6.835938,25000000.000
15088,2055,3.417969,25000000.000
15089,2065,8.300781,25000000.000
15090,2076,13.671875,25000000.000
15091,2075,13.183594,25000000.000
15092,2094,22.460938,25000000.000
15093,2101,25.878906,25000000.000
15094,2108,29.296875,25000000.000
15095,2108,29.296875,25000000.000
15096,2115,32.714844,25000000.000
15097,2117,33.691406,25000000.000
15098,2118,34.179688,25000000.000
15099,2117,33.691406,25000000.000
15100,2111,30.761719,25000000.000
15101,2105,27.832031,25000000.000
15102,2097,23.925781,25000000.000
15103,2097,23.925781,25000000.000
15104,2079,15.136719,25000000.000
15105,2068,9.765625,25000000.000
15106,2058,4.882812,25000000.000
15107,2056,3.906250,25000000.000
15108,2035,-6.347656,25000000.000
15109,2023,-12.207031,25000000.000
15110,2014,-16.601562,25000000.000
15111,2012,-17.578125,25000000.000
15112,1995,-25.878906,25000000.000
15113,1990,-28.320312,25000000.000
15114,1985,-30.761719,25000000.000
15115,1985,-30.761719,25000000.000
15116,1979,-33.691406,25000000.000
15117,1979,-33.691406,25000000.000
15118,1979,-33.691406,25000000.000
15119,1980,-33.203125,25000000.000
15120,1985,-30.761719,25000000.000
15121,1989,-28.808594,25000000.000
15122,1995,-25.878906,25000000.000
15123,1995,-25.878906,25000000.000
15124,2009,-19.042969,25000000.000
15125,2019,-14.160156,25000000.000
15126,2028,-9.765625,25000000.000
15127,2028,-9.765625,25000000.000
15128,2050,0.976562,25000000.000
15129,2059,5.371094,25000000.000
15130,2070,10.742188,25000000.000
15131,2071,11.230469,25000000.000
15132,2089,20.019531,25000000.000
15133,2097,23.925781,25000000.000
15134,2104,27.343750,25000000.000
15135,2104,27.343750,25000000.000
15136,2111,30.761719,25000000.000
15137,2113,31.738281,25000000.000
15138,2113,31.738281,25000000.000
15139,2113,31.738281,25000000.000
15140,2109,29.785156,25000000.000
15141,2106,28.320312,25000000.000
15142,2101,25.878906,25000000.000
15143,2100,25.390625,25000000.000
15144,2087,19.042969,25000000.000
15145,2079,15.136719,25000000.000
15146,2070,10.742188,25000000.000
15147,2068,9.765625,25000000.000
15148,2046,-0.976562,25000000.000
15149,2033,-7.324219,25000000.000
15150,2023,-12.207031,25000000.000
15151,2021,-13.183594,25000000.000
15152,2002,-22.460938,25000000.000
15153,1993,-26.855469,25000000.000
15154,1988,-29.296875,25000000.000
15155,1988,-29.296875,25000000.000
15156,1980,-33.203125,25000000.000
15157,1978,-34.179688,25000000.000
15158,1980,-33.203125,25000000.000
15159,1979,-33.691406,25000000.000
15160,1983,-31.738281,25000000.000
15161,1986,-30.273438,25000000.000
15162,1991,-27.832031,25000000.000
15163,1992,-27.343750,25000000.000
15164,2004,-21.484375,25000000.000
15165,2011,-18.066406,25000000.000
15166,2019,-14.160156,25000000.000
15167,2020,-13.671875,25000000.000
15168,2038,-4.882812,25000000.000
15169,2048,0.000000,25000000.000
15170,2060,5.859375,25000000.000
15171,2060,5.859375,25000000.000
15172,2081,16.113281,25000000.000
15173,2091,20.996094,25000000.000
15174,2099,24.902344,25000000.000
15175,2100,25.390625,25000000.000
15176,2112,31.250000,25000000.000
15177,2115,32.714844,25000000.000
15178,2117,33.691406,25000000.000
15179,2116,33.203125,25000000.000
15180,2114,32.226562,25000000.000
15181,2111,30.761719,25000000.000
15182,2105,27.832031,25000000.000
15183,2105,27.832031,25000000.000
15184,2093,21.972656,25000000.000
15185,2086,18.554688,25000000.000
15186,2076,13.671875,25000000.000
15187,2074,12.695312,25000000.000
15188,2055,3.417969,25000000.000
15189,2045,-1.464844,25000000.000
15190,2033,-7.324219,25000000.000
15191,2032,-7.812500,25000000.000
15192,2012,-17.578125,25000000.000
15193,2002,-22.460938,25000000.000
15194,1993,-26.855469,25000000.000
15195,1994,-26.367188,25000000.000
15196,1983,-31.738281,25000000.000
15197,1980,-33.203125,25000000.000
15198,1978,-34.179688,25000000.000
15199,1978,-34.179688,25000000.000
15200,1979,-33.691406,25000000.000
15201,1982,-32.226562,25000000.000
15202,1986,-30.273438,25000000.000
15203,1986,-30.273438,25000000.000
15204,1998,-24.414062,25000000.000
15205,2005,-20.996094,25000000.000
15206,2013,-17.089844,25000000.000
15207,2013,-17.089844,25000000.000
15208,2031,-8.300781,25000000.000
15209,2041,-3.417969,25000000.000
15210,2052,1.953125,25000000.000
15211,2053,2.441406,25000000.000
15212,2075,13.183594,25000000.000
15213,2084,17.578125,25000000.000
15214,2094,22.460938,25000000.000
15215,2095,22.949219,25000000.000
15216,2109,29.785156,25000000.000
15217,2113,31.738281,25000000.000
15218,2115,32.714844,25000000.000
15219,2116,33.203125,25000000.000
15220,2116,33.203125,25000000.000
15221,2113,31.738281,25000000.000
15222,2109,29.785156,25000000.000
15223,2109,29.785156,25000000.000
15224,2098,24.414062,25000000.000
15225,2092,21.484375,25000000.000
15226,2084,17.578125,25000000.000
15227,2083,17.089844,25000000.000
15228,2064,7.812500,25000000.000
15229,2054,2.929688,25000000.000
15230,2041,-3.417969,25000000.000
15231,2041,-3.417969,25000000.000
15232,2020,-13.671875,25000000.000
15233,2008,-19.531250,25000000.000
15234,1999,-23.925781,25000000.000
15235,1998,-24.414062,25000000.000
15236,1985,-30.761719,25000000.000
15237,1980,-33.203125,25000000.000
15238,1977,-34.667969,25000000.000
15239,1978,-34.179688,25000000.000
15240,1978,-34.179688,25000000.000
15241,1981,-32.714844,25000000.000
15242,1984,-31.250000,25000000.000
15243,1983,-31.738281,25000000.000
15244,1993,-26.855469,25000000.000
15245,1998,-24.414062,25000000.000
15246,2006,-20.507812,25000000.000
15247,2006,-20.507812,25000000.000
15248,2021,-13.183594,25000000.000
15249,2030,-8.789062,25000000.000
15250,2041,-3.417969,25000000.000
15251,2041,-3.417969,25000000.000
15252,2062,6.835938,25000000.000
15253,2073,12.207031,25000000.000
15254,2083,17.089844,25000000.000
15255,2084,17.578125,25000000.000
15256,2101,25.878906,25000000.000
15257,2107,28.808594,25000000.000
15258,2113,31.738281,25000000.000
15259,2112,31.250000,25000000.000
15260,2116,33.203125,25000000.000
15261,2115,32.714844,25000000.000
15262,2113,31.738281,25000000.000
15263,2113,31.738281,25000000.000
15264,2105,27.832031,25000000.000
15265,2098,24.414062,25000000.000
15266,2092,21.484375,25000000.000
15267,2091,20.996094,25000000.000
15268,2073,12.207031,25000000.000
15269,2062,6.835938,25000000.000
15270,2051,1.464844,25000000.000
15271,2049,0.488281,25000000.000
15272,2028,-9.765625,25000000.000
15273,2017,-15.136719,25000000.000
15274,2006,-20.507812,25000000.000
15275,2006,-20.507812,25000000.000
15276,1990,-28.320312,25000000.000
15277,1985,-30.761719,25000000.000
15278,1980,-33.203125,25000000.000
15279,1979,-33.691406,25000000.000
15280,1978,-34.179688,25000000.000
15281,1977,-34.667969,25000000.000
15282,1979,-33.691406,25000000.000
15283,1979,-33.691406,25000000.000
15284,1987,-29.785156,25000000.000
15285,1991,-27.832031,25000000.000
15286,2000,-23.437500,25000000.000
15287,1999,-23.925781,25000000.000
15288,2015,-16.113281,25000000.000
15289,2023,-12.207031,25000000.000
15290,2034,-6.835938,25000000.000
15291,2035,-6.347656,25000000.000
15292,2055,3.417969,25000000.000
15293,2066,8.789062,25000000.000
15294,2077,14.160156,25000000.000
15295,2077,14.160156,25000000.000
15296,2096,23.437500,25000000.000
15297,2103,26.855469,25000000.000
15298,2108,29.296875,25000000.000
15299,2109,29.785156,25000000.000
15300,2115,32.714844,25000000.000
15301,2115,32.714844,25000000.000
15302,2115,32.714844,25000000.000
15303,2113,31.738281,25000000.000
15304,2108,29.296875,25000000.000
15305,2103,26.855469,25000000.000
15306,2097,23.925781,25000000.000
15307,2096,23.437500,25000000.000
15308,2083,17.089844,25000000.000
15309,2073,12.207031,25000000.000
15310,2062,6.835938,25000000.000
15311,2060,5.859375,25000000.000
15312,2038,-4.882812,25000000.000
15313,2026,-10.742188,25000000.000
15314,2016,-15.625000,25000000.000
15315,2014,-16.601562,25000000.000
15316,1996,-25.390625,25000000.000
15317,1988,-29.296875,25000000.000
15318,1983,-31.738281,25000000.000
15319,1982,-32.226562,25000000.000
15320,1977,-34.667969,25000000.000
15321,1978,-34.179688,25000000.000
15322,1979,-33.691406,25000000.000
15323,1977,-34.667969,25000000.000
15324,1985,-30.761719,25000000.000
15325,1989,-28.808594,25000000.000
15326,1994,-26.367188,25000000.000
15327,1996,-25.390625,25000000.000
15328,2007,-20.019531,25000000.000
15329,2012,-17.578125,25000000.000
15330,2024,-11.718750,25000000.000
15331,2023,-12.207031,25000000.000
15332,2043,-2.441406,25000000.000
15333,2055,3.417969,25000000.000
15334,2065,8.300781,25000000.000
15335,2067,9.277344,25000000.000
15336,2086,18.554688,25000000.000
15337,2096,23.437500,25000000.000
15338,2103,26.855469,25000000.000
15339,2104,27.343750,25000000.000
15340,2113,31.738281,25000000.000
15341,2116,33.203125,25000000.000
15342,2116,33.203125,25000000.000
15343,2115,32.714844,25000000.000
15344,2113,31.738281,25000000.000
15345,2109,29.785156,25000000.000
15346,2103,26.855469,25000000.000
15347,2102,26.367188,25000000.000
15348,2089,20.019531,25000000.000
15349,2080,15.625000,25000000.000
15350,2071,11.230469,25000000.000
15351,2070,10.742188,25000000.000
15352,2049,0.488281,25000000.000
15353,2038,-4.882812,25000000.000
15354,2026,-10.742188,25000000.000
15355,2025,-11.230469,25000000.000
15356,2005,-20.996094,25000000.000
15357,1996,-25.390625,25000000.000
15358,1992,-27.343750,25000000.000
15359,1993,-26.855469,25000000.000
15360,1980,-33.203125,25000000.000
15361,1977,-34.667969,25000000.000
15362,1978,-34.179688,25000000.000
15363,1978,-34.179688,25000000.000
15364,1981,-32.714844,25000000.000
15365,1985,-30.761719,25000000.000
15366,1990,-28.320312,25000000.000
15367,1990,-28.320312,25000000.000
15368,2002,-22.460938,25000000.000
15369,2010,-18.554688,25000000.000
15370,2018,-14.648438,25000000.000
15371,2020,-13.671875,25000000.000
15372,2038,-4.882812,25000000.000
15373,2048,0.000000,25000000.000
15374,2059,5.371094,25000000.000
15375,2060,5.859375,25000000.000
15376,2080,15.625000,25000000.000
15377,2090,20.507812,25000000.000
15378,2098,24.414062,25000000.000
15379,2099,24.902344,25000000.000
15380,2111,30.761719,25000000.000
15381,2113,31.738281,25000000.000
15382,2115,32.714844,25000000.000
15383,2115,32.714844,25000000.000
15384,2113,31.738281,25000000.000
15385,2111,30.761719,25000000.000
15386,2108,29.296875,25000000.000
15387,2106,28.320312,25000000.000
15388,2096,23.437500,25000000.000
15389,2089,20.019531,25000000.000
15390,2080,15.625000,25000000.000
15391,2079,15.136719,25000000.000
15392,2060,5.859375,25000000.000
15393,2049,0.488281,25000000.000
15394,2037,-5.371094,25000000.000
15395,2036,-5.859375,25000000.000
15396,2011,-18.066406,25000000.000
15397,2002,-22.460938,25000000.000
15398,1993,-26.855469,25000000.000
15399,1993,-26.855469,25000000.000
15400,1981,-32.714844,25000000.000
15401,1978,-34.179688,25000000.000
15402,1977,-34.667969,25000000.000
15403,1975,-35.644531,25000000.000
15404,1980,-33.203125,25000000.000
15405,1981,-32.714844,25000000.000
15406,1986,-30.273438,25000000.000
15407,1986,-30.273438,25000000.000
15408,1995,-25.878906,25000000.000
15409,2003,-21.972656,25000000.000
15410,2010,-18.554688,25000000.000
15411,2011,-18.066406,25000000.000
15412,2027,-10.253906,25000000.000
15413,2037,-5.371094,25000000.000
15414,2048,0.000000,25000000.000
15415,2049,0.488281,25000000.000
15416,2071,11.230469,25000000.000
15417,2081,16.113281,25000000.000
15418,2090,20.507812,25000000.000
15419,2091,20.996094,25000000.000
15420,2106,28.320312,25000000.000
15421,2112,31.250000,25000000.000
15422,2115,32.714844,25000000.000
15423,2114,32.226562,25000000.000
15424,2117,33.691406,25000000.000
15425,2115,32.714844,25000000.000
15426,2111,30.761719,25000000.000
15427,2110,30.273438,25000000.000
15428,2102,26.367188,25000000.000
15429,2095,22.949219,25000000.000
15430,2087,19.042969,25000000.000
15431,2086,18.554688,25000000.000
15432,2069,10.253906,25000000.000
15433,2057,4.394531,25000000.000
15434,2046,-0.976562,25000000.000
15435,2045,-1.464844,25000000.000
15436,2022,-12.695312,25000000.000
15437,2012,-17.578125,25000000.000
15438,2001,-22.949219,25000000.000
15439,2002,-22.460938,25000000.000
15440,1986,-30.273438,25000000.000
15441,1982,-32.226562,25000000.000
15442,1979,-33.691406,25000000.000
15443,1979,-33.691406,25000000.000
15444,1978,-34.179688,25000000.000
15445,1979,-33.691406,25000000.000
15446,1982,-32.226562,25000000.000
15447,1982,-32.226562,25000000.000
15448,1991,-27.832031,25000000.000
15449,1997,-24.902344,25000000.000
15450,2004,-21.484375,25000000.000
15451,2005,-20.996094,25000000.000
15452,2020,-13.671875,25000000.000
15453,2031,-8.300781,25000000.000
15454,2041,-3.417969,25000000.000
15455,2041,-3.417969,25000000.000
15456,2063,7.324219,25000000.000
15457,2073,12.207031,25000000.000
15458,2083,17.089844,25000000.000
15459,2084,17.578125,25000000.000
15460,2100,25.390625,25000000.000
15461,2105,27.832031,25000000.000
15462,2111,30.761719,25000000.000
15463,2109,29.785156,25000000.000
15464,2113,31.738281,25000000.000
15465,2112,31.250000,25000000.000
15466,2110,30.273438,25000000.000
15467,2111,30.761719,25000000.000
15468,2104,27.343750,25000000.000
15469,2100,25.390625,25000000.000
15470,2093,21.972656,25000000.000
15471,2094,22.460938,25000000.000
15472,2076,13.671875,25000000.000
15473,2066,8.789062,25000000.000
15474,2056,3.906250,25000000.000
15475,2054,2.929688,25000000.000
15476,2031,-8.300781,25000000.000
15477,2020,-13.671875,25000000.000
15478,2008,-19.531250,25000000.000
15479,2008,-19.531250,25000000.000
15480,1990,-28.320312,25000000.000
15481,1984,-31.250000,25000000.000
15482,1981,-32.714844,25000000.000
15483,1982,-32.226562,25000000.000
15484,1977,-34.667969,25000000.000
15485,1978,-34.179688,25000000.000
15486,1979,-33.691406,25000000.000
15487,1979,-33.691406,25000000.000
15488,1987,-29.785156,25000000.000
15489,1993,-26.855469,25000000.000
15490,1999,-23.925781,25000000.000
15491,1999,-23.925781,25000000.000
15492,2013,-17.089844,25000000.000
15493,2021,-13.183594,25000000.000
15494,2030,-8.789062,25000000.000
15495,2032,-7.812500,25000000.000
15496,2051,1.464844,25000000.000
15497,2062,6.835938,25000000.000
15498,2074,12.695312,25000000.000
15499,2075,13.183594,25000000.000
15500,2093,21.972656,25000000.000
15501,2100,25.390625,25000000.000
15502,2106,28.320312,25000000.000
15503,2107,28.808594,25000000.000
15504,2112,31.250000,25000000.000
15505,2113,31.738281,25000000.000
15506,2112,31.250000,25000000.000
15507,2112,31.250000,25000000.000
15508,2108,29.296875,25000000.000
15509,2103,26.855469,25000000.000
15510,2099,24.902344,25000000.000
15511,2097,23.925781,25000000.000
15512,2084,17.578125,25000000.000
15513,2075,13.183594,25000000.000
15514,2063,7.324219,25000000.000
15515,2062,6.835938,25000000.000
15516,2041,-3.417969,25000000.000
15517,2029,-9.277344,25000000.000
15518,2018,-14.648438,25000000.000
15519,2016,-15.625000,25000000.000
15520,1998,-24.414062,25000000.000
15521,1990,-28.320312,25000000.000
15522,1984,-31.250000,25000000.000
15523,1984,-31.250000,25000000.000
15524,1979,-33.691406,25000000.000
15525,1977,-34.667969,25000000.000
15526,1977,-34.667969,25000000.000
15527,1978,-34.179688,25000000.000
15528,1983,-31.738281,25000000.000
15529,1987,-29.785156,25000000.000
15530,1992,-27.343750,25000000.000
15531,1993,-26.855469,25000000.000
15532,2007,-20.019531,25000000.000
15533,2016,-15.625000,25000000.000
15534,2026,-10.742188,25000000.000
15535,2025,-11.230469,25000000.000
15536,2046,-0.976562,25000000.000
15537,2056,3.906250,25000000.000
15538,2068,9.765625,25000000.000
15539,2068,9.765625,25000000.000
15540,2086,18.554688,25000000.000
15541,2095,22.949219,25000000.000
15542,2103,26.855469,25000000.000
15543,2104,27.343750,25000000.000
15544,2112,31.250000,25000000.000
15545,2113,31.738281,25000000.000
15546,2113,31.738281,25000000.000
15547,2113,31.738281,25000000.000
15548,2109,29.785156,25000000.000
15549,2107,28.808594,25000000.000
15550,2102,26.367188,25000000.000
15551,2102,26.367188,25000000.000
15552,2091,20.996094,25000000.000
15553,2083,17.089844,25000000.000
15554,2074,12.695312,25000000.000
15555,2073,12.207031,25000000.000
15556,2053,2.441406,25000000.000
15557,2041,-3.417969,25000000.000
15558,2029,-9.277344,25000000.000
15559,2028,-9.765625,25000000.000
15560,2006,-20.507812,25000000.000
15561,1997,-24.902344,25000000.000
15562,1990,-28.320312,25000000.000
15563,1988,-29.296875,25000000.000
15564,1979,-33.691406,25000000.000
15565,1978,-34.179688,25000000.000
15566,1976,-35.156250,25000000.000
15567,1977,-34.667969,25000000.000
15568,1980,-33.203125,25000000.000
15569,1983,-31.738281,25000000.000
15570,1988,-29.296875,25000000.000
15571,1989,-28.808594,25000000.000
15572,2000,-23.437500,25000000.000
15573,2008,-19.531250,25000000.000
15574,2017,-15.136719,25000000.000
15575,2017,-15.136719,25000000.000
15576,2036,-5.859375,25000000.000
15577,2045,-1.464844,25000000.000
15578,2056,3.906250,25000000.000
15579,2057,4.394531,25000000.000
15580,2078,14.648438,25000000.000
15581,2088,19.531250,25000000.000
15582,2095,22.949219,25000000.000
15583,2098,24.414062,25000000.000
15584,2108,29.296875,25000000.000
15585,2112,31.250000,25000000.000
15586,2113,31.738281,25000000.000
15587,2112,31.250000,25000000.000
15588,2112,31.250000,25000000.000
15589,2110,30.273438,25000000.000
15590,2107,28.808594,25000000.000
15591,2107,28.808594,25000000.000
15592,2096,23.437500,25000000.000
15593,2090,20.507812,25000000.000
15594,2082,16.601562,25000000.000
15595,2083,17.089844,25000000.000
15596,2063,7.324219,25000000.000
15597,2051,1.464844,25000000.000
15598,2039,-4.394531,25000000.000
15599,2039,-4.394531,25000000.000
15600,2017,-15.136719,25000000.000
15601,2006,-20.507812,25000000.000
15602,1996,-25.390625,25000000.000
15603,1996,-25.390625,25000000.000
15604,1983,-31.738281,25000000.000
15605,1980,-33.203125,25000000.000
15606,1979,-33.691406,25000000.000
15607,1978,-34.179688,25000000.000
15608,1978,-34.179688,25000000.000
15609,1980,-33.203125,25000000.000
15610,1984,-31.250000,25000000.000
15611,1984,-31.250000,25000000.000
15612,1993,-26.855469,25000000.000
15613,2002,-22.460938,25000000.000
15614,2009,-19.042969,25000000.000
15615,2010,-18.554688,25000000.000
15616,2028,-9.765625,25000000.000
15617,2038,-4.882812,25000000.000
15618,2049,0.488281,25000000.000
15619,2050,0.976562,25000000.000
15620,2071,11.230469,25000000.000
15621,2081,16.113281,25000000.000
15622,2091,20.996094,25000000.000
15623,2092,21.484375,25000000.000
15624,2105,27.832031,25000000.000
15625,2109,29.785156,25000000.000
15626,2112,31.250000,25000000.000
15627,2112,31.250000,25000000.000
15628,2113,31.738281,25000000.000
15629,2112,31.250000,25000000.000
15630,2109,29.785156,25000000.000
15631,2109,29.785156,25000000.000
15632,2101,25.878906,25000000.000
15633,2096,23.437500,25000000.000
15634,2088,19.531250,25000000.000
15635,2087,19.042969,25000000.000
15636,2072,11.718750,25000000.000
15637,2060,5.859375,25000000.000
15638,2049,0.488281,25000000.000
15639,2048,0.000000,25000000.000
15640,2025,-11.230469,25000000.000
15641,2013,-17.089844,25000000.000
15642,2003,-21.972656,25000000.000
15643,2001,-22.949219,25000000.000
15644,1987,-29.785156,25000000.000
15645,1982,-32.226562,25000000.000
15646,1978,-34.179688,25000000.000
15647,1978,-34.179688,25000000.000
15648,1977,-34.667969,25000000.000
15649,1977,-34.667969,25000000.000
15650,1980,-33.203125,25000000.000
15651,1980,-33.203125,25000000.000
15652,1988,-29.296875,25000000.000
15653,1994,-26.367188,25000000.000
15654,2001,-22.949219,25000000.000
15655,2002,-22.460938,25000000.000
15656,2018,-14.648438,25000000.000
15657,2027,-10.253906,25000000.000
15658,2037,-5.371094,25000000.000
15659,2038,-4.882812,25000000.000
15660,2059,5.371094,25000000.000
15661,2071,11.230469,25000000.000
15662,2080,15.625000,25000000.000
15663,2081,16.113281,25000000.000
15664,2098,24.414062,25000000.000
15665,2104,27.343750,25000000.000
15666,2109,29.785156,25000000.000
15667,2110,30.273438,25000000.000
15668,2112,31.250000,25000000.000
15669,2113,31.738281,25000000.000
15670,2111,30.761719,25000000.000
15671,2112,31.250000,25000000.000
15672,2105,27.832031,25000000.000
15673,2100,25.390625,25000000.000
15674,2095,22.949219,25000000.000
15675,2094,22.460938,25000000.000
15676,2082,16.601562,25000000.000
15677,2068,9.765625,25000000.000
15678,2058,4.882812,25000000.000
15679,2058,4.882812,25000000.000
15680,2036,-5.859375,25000000.000
15681,2024,-11.718750,25000000.000
15682,2012,-17.578125,25000000.000
15683,2011,-18.066406,25000000.000
15684,1993,-26.855469,25000000.000
15685,1985,-30.761719,25000000.000
15686,1981,-32.714844,25000000.000
15687,1981,-32.714844,25000000.000
15688,1976,-35.156250,25000000.000
15689,1976,-35.156250,25000000.000
15690,1977,-34.667969,25000000.000
15691,1979,-33.691406,25000000.000
15692,1984,-31.250000,25000000.000
15693,1989,-28.808594,25000000.000
15694,1995,-25.878906,25000000.000
15695,1997,-24.902344,25000000.000
15696,2010,-18.554688,25000000.000
15697,2019,-14.160156,25000000.000
15698,2030,-8.789062,25000000.000
15699,2030,-8.789062,25000000.000
15700,2052,1.953125,25000000.000
15701,2063,7.324219,25000000.000
15702,2074,12.695312,25000000.000
15703,2075,13.183594,25000000.000
15704,2094,22.460938,25000000.000
15705,2101,25.878906,25000000.000
15706,2106,28.320312,25000000.000
15707,2107,28.808594,25000000.000
15708,2111,30.761719,25000000.000
15709,2113,31.738281,25000000.000
15710,2112,31.250000,25000000.000
15711,2112,31.250000,25000000.000
15712,2107,28.808594,25000000.000
15713,2103,26.855469,25000000.000
15714,2098,24.414062,25000000.000
15715,2098,24.414062,25000000.000
15716,2087,19.042969,25000000.000
15717,2077,14.160156,25000000.000
15718,2068,9.765625,25000000.000
15719,2067,9.277344,25000000.000
15720,2045,-1.464844,25000000.000
15721,2033,-7.324219,25000000.000
15722,2021,-13.183594,25000000.000
15723,2019,-14.160156,25000000.000
15724,2000,-23.437500,25000000.000
15725,1991,-27.832031,25000000.000
15726,1984,-31.250000,25000000.000
15727,1983,-31.738281,25000000.000
15728,1977,-34.667969,25000000.000
15729,1975,-35.644531,25000000.000
15730,1976,-35.156250,25000000.000
15731,1976,-35.156250,25000000.000
15732,1982,-32.226562,25000000.000
15733,1986,-30.273438,25000000.000
15734,1991,-27.832031,25000000.000
15735,1992,-27.343750,25000000.000
15736,2005,-20.996094,25000000.000
15737,2012,-17.578125,25000000.000
15738,2021,-13.183594,25000000.000
15739,2024,-11.718750,25000000.000
15740,2042,-2.929688,25000000.000
15741,2051,1.464844,25000000.000
15742,2063,7.324219,25000000.000
15743,2065,8.300781,25000000.000
15744,2086,18.554688,25000000.000
15745,2094,22.460938,25000000.000
15746,2102,26.367188,25000000.000
15747,2103,26.855469,25000000.000
15748,2111,30.761719,25000000.000
15749,2114,32.226562,25000000.000
15750,2114,32.226562,25000000.000
15751,2115,32.714844,25000000.000
15752,2112,31.250000,25000000.000
15753,2108,29.296875,25000000.000
15754,2104,27.343750,25000000.000
15755,2103,26.855469,25000000.000
15756,2092,21.484375,25000000.000
15757,2084,17.578125,25000000.000
15758,2076,13.671875,25000000.000
15759,2076,13.671875,25000000.000
15760,2056,3.906250,25000000.000
15761,2044,-1.953125,25000000.000
15762,2033,-7.324219,25000000.000
15763,2032,-7.812500,25000000.000
15764,2011,-18.066406,25000000.000
15765,2000,-23.437500,25000000.000
15766,1992,-27.343750,25000000.000
15767,1991,-27.832031,25000000.000
15768,1981,-32.714844,25000000.000
15769,1978,-34.179688,25000000.000
15770,1978,-34.179688,25000000.000
15771,1977,-34.667969,25000000.000
15772,1979,-33.691406,25000000.000
15773,1981,-32.714844,25000000.000
15774,1986,-30.273438,25000000.000
15775,1987,-29.785156,25000000.000
15776,1997,-24.902344,25000000.000
15777,2005,-20.996094,25000000.000
15778,2014,-16.601562,25000000.000
15779,2015,-16.113281,25000000.000
15780,2033,-7.324219,25000000.000
15781,2043,-2.441406,25000000.000
15782,2056,3.906250,25000000.000
15783,2056,3.906250,25000000.000
15784,2078,14.648438,25000000.000
15785,2088,19.531250,25000000.000
15786,2097,23.925781,25000000.000
15787,2097,23.925781,25000000.000
15788,2109,29.785156,25000000.000
15789,2113,31.738281,25000000.000
15790,2114,32.226562,25000000.000
15791,2114,32.226562,25000000.000
15792,2113,31.738281,25000000.000
15793,2111,30.761719,25000000.000
15794,2107,28.808594,25000000.000
15795,2107,28.808594,25000000.000
15796,2098,24.414062,25000000.000
15797,2093,21.972656,25000000.000
15798,2084,17.578125,25000000.000
15799,2083,17.089844,25000000.000
15800,2066,8.789062,25000000.000
15801,2055,3.417969,25000000.000
15802,2043,-2.441406,25000000.000
15803,2041,-3.417969,25000000.000
15804,2019,-14.160156,25000000.000
15805,2007,-20.019531,25000000.000
15806,1997,-24.902344,25000000.000
15807,1997,-24.902344,25000000.000
15808,1983,-31.738281,25000000.000
15809,1979,-33.691406,25000000.000
15810,1976,-35.156250,25000000.000
15811,1976,-35.156250,25000000.000
15812,1977,-34.667969,25000000.000
15813,1980,-33.203125,25000000.000
15814,1982,-32.226562,25000000.000
15815,1983,-31.738281,25000000.000
15816,1993,-26.855469,25000000.000
15817,2000,-23.437500,25000000.000
15818,2007,-20.019531,25000000.000
15819,2008,-19.531250,25000000.000
15820,2025,-11.230469,25000000.000
15821,2034,-6.835938,25000000.000
15822,2045,-1.464844,25000000.000
15823,2046,-0.976562,25000000.000
15824,2067,9.277344,25000000.000
15825,2078,14.648438,25000000.000
15826,2088,19.531250,25000000.000
15827,2088,19.531250,25000000.000
15828,2105,27.832031,25000000.000
15829,2110,30.273438,25000000.000
15830,2113,31.738281,25000000.000
15831,2113,31.738281,25000000.000
15832,2114,32.226562,25000000.000
15833,2111,30.761719,25000000.000
15834,2110,30.273438,25000000.000
15835,2109,29.785156,25000000.000
15836,2102,26.367188,25000000.000
15837,2095,22.949219,25000000.000
15838,2088,19.531250,25000000.000
15839,2088,19.531250,25000000.000
15840,2072,11.718750,25000000.000
15841,2063,7.324219,25000000.000
15842,2051,1.464844,25000000.000
15843,2050,0.976562,25000000.000
15844,2029,-9.277344,25000000.000
15845,2018,-14.648438,25000000.000
15846,2006,-20.507812,25000000.000
15847,2005,-20.996094,25000000.000
15848,1989,-28.808594,25000000.000
15849,1983,-31.738281,25000000.000
15850,1979,-33.691406,25000000.000
15851,1979,-33.691406,25000000.000
15852,1976,-35.156250,25000000.000
15853,1977,-34.667969,25000000.000
15854,1979,-33.691406,25000000.000
15855,1981,-32.714844,25000000.000
15856,1987,-29.785156,25000000.000
15857,1993,-26.855469,25000000.000
15858,2000,-23.437500,25000000.000
15859,2001,-22.949219,25000000.000
15860,2017,-15.136719,25000000.000
15861,2026,-10.742188,25000000.000
15862,2037,-5.371094,25000000.000
15863,2039,-4.394531,25000000.000
15864,2060,5.859375,25000000.000
15865,2071,11.230469,25000000.000
15866,2082,16.601562,25000000.000
15867,2083,17.089844,25000000.000
15868,2098,24.414062,25000000.000
15869,2105,27.832031,25000000.000
15870,2111,30.761719,25000000.000
15871,2110,30.273438,25000000.000
15872,2113,31.738281,25000000.000
15873,2112,31.250000,25000000.000
15874,2111,30.761719,25000000.000
15875,2111,30.761719,25000000.000
15876,2104,27.343750,25000000.000
15877,2100,25.390625,25000000.000
15878,2095,22.949219,25000000.000
15879,2094,22.460938,25000000.000
15880,2081,16.113281,25000000.000
15881,2072,11.718750,25000000.000
15882,2062,6.835938,25000000.000
15883,2060,5.859375,25000000.000
15884,2039,-4.394531,25000000.000
15885,2026,-10.742188,25000000.000
15886,2016,-15.625000,25000000.000
15887,2014,-16.601562,25000000.000
15888,1993,-26.855469,25000000.000
15889,1987,-29.785156,25000000.000
15890,1980,-33.203125,25000000.000
15891,1980,-33.203125,25000000.000
15892,1977,-34.667969,25000000.000
15893,1976,-35.156250,25000000.000
15894,1978,-34.179688,25000000.000
15895,1978,-34.179688,25000000.000
15896,1984,-31.250000,25000000.000
15897,1989,-28.808594,25000000.000
15898,1995,-25.878906,25000000.000
15899,1995,-25.878906,25000000.000
15900,2009,-19.042969,25000000.000
15901,2019,-14.160156,25000000.000
15902,2028,-9.765625,25000000.000
15903,2030,-8.789062,25000000.000
15904,2050,0.976562,25000000.000
15905,2061,6.347656,25000000.000
15906,2071,11.230469,25000000.000
15907,2072,11.718750,25000000.000
15908,2092,21.484375,25000000.000
15909,2099,24.902344,25000000.000
15910,2107,28.808594,25000000.000
15911,2106,28.320312,25000000.000
15912,2113,31.738281,25000000.000
15913,2112,31.250000,25000000.000
15914,2112,31.250000,25000000.000
15915,2113,31.738281,25000000.000
15916,2108,29.296875,25000000.000
15917,2104,27.343750,25000000.000
15918,2100,25.390625,25000000.000
15919,2099,24.902344,25000000.000
15920,2087,19.042969,25000000.000
15921,2079,15.136719,25000000.000
15922,2071,11.230469,25000000.000
15923,2070,10.742188,25000000.000
15924,2051,1.464844,25000000.000
15925,2038,-4.882812,25000000.000
15926,2025,-11.230469,25000000.000
15927,2024,-11.718750,25000000.000
15928,2003,-21.972656,25000000.000
15929,1993,-26.855469,25000000.000
15930,1987,-29.785156,25000000.000
15931,1986,-30.273438,25000000.000
15932,1977,-34.667969,25000000.000
15933,1976,-35.156250,25000000.000
15934,1977,-34.667969,25000000.000
15935,1976,-35.156250,25000000.000
15936,1980,-33.203125,25000000.000
15937,1985,-30.761719,25000000.000
15938,1989,-28.808594,25000000.000
15939,1989,-28.808594,25000000.000
15940,2003,-21.972656,25000000.000
15941,2011,-18.066406,25000000.000
15942,2020,-13.671875,25000000.000
15943,2022,-12.695312,25000000.000
15944,2042,-2.929688,25000000.000
15945,2053,2.441406,25000000.000
15946,2063,7.324219,25000000.000
15947,2065,8.300781,25000000.000
15948,2085,18.066406,25000000.000
15949,2094,22.460938,25000000.000
15950,2101,25.878906,25000000.000
15951,2103,26.855469,25000000.000
15952,2112,31.250000,25000000.000
15953,2113,31.738281,25000000.000
15954,2114,32.226562,25000000.000
15955,2113,31.738281,25000000.000
15956,2110,30.273438,25000000.000
15957,2107,28.808594,25000000.000
15958,2103,26.855469,25000000.000
15959,2103,26.855469,25000000.000
15960,2093,21.972656,25000000.000
15961,2086,18.554688,25000000.000
15962,2078,14.648438,25000000.000
15963,2077,14.160156,25000000.000
15964,2059,5.371094,25000000.000
15965,2046,-0.976562,25000000.000
15966,2034,-6.835938,25000000.000
15967,2034,-6.835938,25000000.000
15968,2011,-18.066406,25000000.000
15969,2001,-22.949219,25000000.000
15970,1992,-27.343750,25000000.000
15971,1991,-27.832031,25000000.000
15972,1980,-33.203125,25000000.000
15973,1976,-35.156250,25000000.000
15974,1975,-35.644531,25000000.000
15975,1976,-35.156250,25000000.000
15976,1978,-34.179688,25000000.000
15977,1981,-32.714844,25000000.000
15978,1985,-30.761719,25000000.000
15979,1986,-30.273438,25000000.000
15980,1997,-24.902344,25000000.000
15981,2004,-21.484375,25000000.000
15982,2013,-17.089844,25000000.000
15983,2014,-16.601562,25000000.000
15984,2032,-7.812500,25000000.000
15985,2043,-2.441406,25000000.000
15986,2053,2.441406,25000000.000
15987,2055,3.417969,25000000.000
15988,2077,14.160156,25000000.000
15989,2087,19.042969,25000000.000
15990,2096,23.437500,25000000.000
15991,2097,23.925781,25000000.000
15992,2109,29.785156,25000000.000
15993,2113,31.738281,25000000.000
15994,2114,32.226562,25000000.000
15995,2114,32.226562,25000000.000
15996,2112,31.250000,25000000.000
15997,2110,30.273438,25000000.000
15998,2107,28.808594,25000000.000
15999,2107,28.808594,25000000.000
16000,2098,24.414062,25000000.000
16001,2091,20.996094,25000000.000
16002,2086,18.554688,25000000.000
16003,2084,17.578125,25000000.000
16004,2067,9.277344,25000000.000
16005,2057,4.394531,25000000.000
16006,2046,-0.976562,25000000.000
16007,2044,-1.953125,25000000.000
16008,2021,-13.183594,25000000.000
16009,2011,-18.066406,25000000.000
16010,1998,-24.414062,25000000.000
16011,1998,-24.414062,25000000.000
16012,1983,-31.738281,25000000.000
16013,1978,-34.179688,25000000.000
16014,1976,-35.156250,25000000.000
16015,1977,-34.667969,25000000.000
16016,1976,-35.156250,25000000.000
16017,1977,-34.667969,25000000.000
16018,1979,-33.691406,25000000.000
16019,1981,-32.714844,25000000.000
16020,1990,-28.320312,25000000.000
16021,1996,-25.390625,25000000.000
16022,2003,-21.972656,25000000.000
16023,2004,-21.484375,25000000.000
16024,2026,-10.742188,25000000.000
16025,2032,-7.812500,25000000.000
16026,2041,-3.417969,25000000.000
16027,2047,-0.488281,25000000.000
16028,2067,9.277344,25000000.000
16029,2078,14.648438,25000000.000
16030,2088,19.531250,25000000.000
16031,2089,20.019531,25000000.000
16032,2103,26.855469,25000000.000
16033,2108,29.296875,25000000.000
16034,2110,30.273438,25000000.000
16035,2111,30.761719,25000000.000
16036,2112,31.250000,25000000.000
16037,2110,30.273438,25000000.000
16038,2108,29.296875,25000000.000
16039,2108,29.296875,25000000.000
16040,2100,25.390625,25000000.000
16041,2096,23.437500,25000000.000
16042,2090,20.507812,25000000.000
16043,2089,20.019531,25000000.000
16044,2075,13.183594,25000000.000
16045,2065,8.300781,25000000.000
16046,2054,2.929688,25000000.000
16047,2052,1.953125,25000000.000
16048,2031,-8.300781,25000000.000
16049,2018,-14.648438,25000000.000
16050,2008,-19.531250,25000000.000
16051,2005,-20.996094,25000000.000
16052,1987,-29.785156,25000000.000
16053,1981,-32.714844,25000000.000
16054,1978,-34.179688,25000000.000
16055,1978,-34.179688,25000000.000
16056,1976,-35.156250,25000000.000
16057,1977,-34.667969,25000000.000
16058,1978,-34.179688,25000000.000
16059,1978,-34.179688,25000000.000
16060,1985,-30.761719,25000000.000
16061,1992,-27.343750,25000000.000
16062,1997,-24.902344,25000000.000
16063,1999,-23.925781,25000000.000
16064,2013,-17.089844,25000000.000
16065,2023,-12.207031,25000000.000
16066,2034,-6.835938,25000000.000
16067,2035,-6.347656,25000000.000
16068,2057,4.394531,25000000.000
16069,2067,9.277344,25000000.000
16070,2079,15.136719,25000000.000
16071,2081,16.113281,25000000.000
16072,2098,24.414062,25000000.000
16073,2105,27.832031,25000000.000
16074,2110,30.273438,25000000.000
16075,2111,30.761719,25000000.000
16076,2113,31.738281,25000000.000
16077,2112,31.250000,25000000.000
16078,2111,30.761719,25000000.000
16079,2110,30.273438,25000000.000
16080,2105,27.832031,25000000.000
16081,2101,25.878906,25000000.000
16082,2095,22.949219,25000000.000
16083,2095,22.949219,25000000.000
16084,2082,16.601562,25000000.000
16085,2074,12.695312,25000000.000
16086,2065,8.300781,25000000.000
16087,2063,7.324219,25000000.000
16088,2042,-2.929688,25000000.000
16089,2031,-8.300781,25000000.000
16090,2019,-14.160156,25000000.000
16091,2017,-15.136719,25000000.000
16092,1997,-24.902344,25000000.000
16093,1988,-29.296875,25000000.000
16094,1983,-31.738281,25000000.000
16095,1982,-32.226562,25000000.000
16096,1976,-35.156250,25000000.000
16097,1975,-35.644531,25000000.000
16098,1976,-35.156250,25000000.000
16099,1976,-35.156250,25000000.000
16100,1983,-31.738281,25000000.000
16101,1988,-29.296875,25000000.000
16102,1990,-28.320312,25000000.000
16103,1994,-26.367188,25000000.000
16104,2007,-20.019531,25000000.000
16105,2016,-15.625000,25000000.000
16106,2026,-10.742188,25000000.000
16107,2027,-10.253906,25000000.000
16108,2048,0.000000,25000000.000
16109,2060,5.859375,25000000.000
16110,2072,11.718750,25000000.000
16111,2072,11.718750,25000000.000
16112,2093,21.972656,25000000.000
16113,2100,25.390625,25000000.000
16114,2108,29.296875,25000000.000
16115,2107,28.808594,25000000.000
16116,2113,31.738281,25000000.000
16117,2114,32.226562,25000000.000
16118,2111,30.761719,25000000.000
16119,2112,31.250000,25000000.000
16120,2108,29.296875,25000000.000
16121,2104,27.343750,25000000.000
16122,2100,25.390625,25000000.000
16123,2100,25.390625,25000000.000
16124,2089,20.019531,25000000.000
16125,2081,16.113281,25000000.000
16126,2073,12.207031,25000000.000
16127,2072,11.718750,25000000.000
16128,2051,1.464844,25000000.000
16129,2041,-3.417969,25000000.000
16130,2028,-9.765625,25000000.000
16131,2027,-10.253906,25000000.000
16132,2004,-21.484375,25000000.000
16133,1995,-25.878906,25000000.000
16134,1987,-29.785156,25000000.000
16135,1986,-30.273438,25000000.000
16136,1977,-34.667969,25000000.000
16137,1977,-34.667969,25000000.000
16138,1975,-35.644531,25000000.000
16139,1976,-35.156250,25000000.000
16140,1979,-33.691406,25000000.000
16141,1983,-31.738281,25000000.000
16142,1989,-28.808594,25000000.000
16143,1989,-28.808594,25000000.000
16144,2001,-22.949219,25000000.000
16145,2008,-19.531250,25000000.000
16146,2017,-15.136719,25000000.000
16147,2016,-15.625000,25000000.000
16148,2037,-5.371094,25000000.000
16149,2050,0.976562,25000000.000
16150,2060,5.859375,25000000.000
16151,2062,6.835938,25000000.000
16152,2084,17.578125,25000000.000
16153,2093,21.972656,25000000.000
16154,2101,25.878906,25000000.000
16155,2102,26.367188,25000000.000
16156,2112,31.250000,25000000.000
16157,2114,32.226562,25000000.000
16158,2113,31.738281,25000000.000
16159,2113,31.738281,25000000.000
16160,2109,29.785156,25000000.000
16161,2106,28.320312,25000000.000
16162,2103,26.855469,25000000.000
16163,2102,26.367188,25000000.000
16164,2093,21.972656,25000000.000
16165,2087,19.042969,25000000.000
16166,2081,16.113281,25000000.000
16167,2079,15.136719,25000000.000
16168,2062,6.835938,25000000.000
16169,2051,1.464844,25000000.000
16170,2040,-3.906250,25000000.000
16171,2038,-4.882812,25000000.000
16172,2015,-16.113281,25000000.000
16173,2004,-21.484375,25000000.000
16174,1994,-26.367188,25000000.000
16175,1994,-26.367188,25000000.000
16176,1981,-32.714844,25000000.000
16177,1978,-34.179688,25000000.000
16178,1976,-35.156250,25000000.000
16179,1976,-35.156250,25000000.000
16180,1978,-34.179688,25000000.000
16181,1981,-32.714844,25000000.000
16182,1984,-31.250000,25000000.000
16183,1984,-31.250000,25000000.000
16184,1996,-25.390625,25000000.000
16185,2002,-22.460938,25000000.000
16186,2009,-19.042969,25000000.000
16187,2011,-18.066406,25000000.000
16188,2029,-9.277344,25000000.000
16189,2039,-4.394531,25000000.000
16190,2051,1.464844,25000000.000
16191,2052,1.953125,25000000.000
16192,2076,13.671875,25000000.000
16193,2087,19.042969,25000000.000
16194,2096,23.437500,25000000.000
16195,2098,24.414062,25000000.000
16196,2110,30.273438,25000000.000
16197,2112,31.250000,25000000.000
16198,2114,32.226562,25000000.000
16199,2113,31.738281,25000000.000
16200,2110,30.273438,25000000.000
16201,2108,29.296875,25000000.000
16202,2104,27.343750,25000000.000
16203,2105,27.832031,25000000.000
16204,2098,24.414062,25000000.000
16205,2092,21.484375,25000000.000
16206,2086,18.554688,25000000.000
16207,2085,18.066406,25000000.000
16208,2071,11.230469,25000000.000
16209,2060,5.859375,25000000.000
16210,2049,0.488281,25000000.000
16211,2048,0.000000,25000000.000
16212,2025,-11.230469,25000000.000
16213,2013,-17.089844,25000000.000
16214,2002,-22.460938,25000000.000
16215,2001,-22.949219,25000000.000
16216,1984,-31.250000,25000000.000
16217,1978,-34.179688,25000000.000
16218,1977,-34.667969,25000000.000
16219,1976,-35.156250,25000000.000
16220,1975,-35.644531,25000000.000
16221,1978,-34.179688,25000000.000
16222,1980,-33.203125,25000000.000
16223,1981,-32.714844,25000000.000
16224,1989,-28.808594,25000000.000
16225,1995,-25.878906,25000000.000
16226,2001,-22.949219,25000000.000
16227,2001,-22.949219,25000000.000
16228,2018,-14.648438,25000000.000
16229,2028,-9.765625,25000000.000
16230,2040,-3.906250,25000000.000
16231,2039,-4.394531,25000000.000
16232,2065,8.300781,25000000.000
16233,2075,13.183594,25000000.000
16234,2087,19.042969,25000000.000
16235,2088,19.531250,25000000.000
16236,2103,26.855469,25000000.000
16237,2109,29.785156,25000000.000
16238,2112,31.250000,25000000.000
16239,2113,31.738281,25000000.000
16240,2113,31.738281,25000000.000
16241,2110,30.273438,25000000.000
16242,2108,29.296875,25000000.000
16243,2107,28.808594,25000000.000
16244,2100,25.390625,25000000.000
16245,2095,22.949219,25000000.000
16246,2090,20.507812,25000000.000
16247,2089,20.019531,25000000.000
16248,2076,13.671875,25000000.000
16249,2068,9.765625,25000000.000
16250,2058,4.882812,25000000.000
16251,2057,4.394531,25000000.000
16252,2034,-6.835938,25000000.000
16253,2023,-12.207031,25000000.000
16254,2012,-17.578125,25000000.000
16255,2009,-19.042969,25000000.000
16256,1991,-27.832031,25000000.000
16257,1984,-31.250000,25000000.000
16258,1978,-34.179688,25000000.000
16259,1978,-34.179688,25000000.000
16260,1975,-35.644531,25000000.000
16261,1976,-35.156250,25000000.000
16262,1978,-34.179688,25000000.000
16263,1978,-34.179688,25000000.000
16264,1986,-30.273438,25000000.000
16265,1991,-27.832031,25000000.000
16266,1996,-25.390625,25000000.000
16267,1996,-25.390625,25000000.000
16268,2011,-18.066406,25000000.000
16269,2019,-14.160156,25000000.000
16270,2030,-8.789062,25000000.000
16271,2031,-8.300781,25000000.000
16272,2054,2.929688,25000000.000
16273,2066,8.789062,25000000.000
16274,2079,15.136719,25000000.000
16275,2081,16.113281,25000000.000
16276,2100,25.390625,25000000.000
16277,2107,28.808594,25000000.000
16278,2112,31.250000,25000000.000
16279,2111,30.761719,25000000.000
16280,2114,32.226562,25000000.000
16281,2112,31.250000,25000000.000
16282,2110,30.273438,25000000.000
16283,2110,30.273438,25000000.000
16284,2103,26.855469,25000000.000
16285,2099,24.902344,25000000.000
16286,2095,22.949219,25000000.000
16287,2094,22.460938,25000000.000
16288,2083,17.089844,25000000.000
16289,2076,13.671875,25000000.000
16290,2067,9.277344,25000000.000
16291,2066,8.789062,25000000.000
16292,2046,-0.976562,25000000.000
16293,2035,-6.347656,25000000.000
16294,2022,-12.695312,25000000.000
16295,2020,-13.671875,25000000.000
16296,1999,-23.925781,25000000.000
16297,1990,-28.320312,25000000.000
16298,1983,-31.738281,25000000.000
16299,1982,-32.226562,25000000.000
16300,1976,-35.156250,25000000.000
16301,1976,-35.156250,25000000.000
16302,1976,-35.156250,25000000.000
16303,1978,-34.179688,25000000.000
16304,1984,-31.250000,25000000.000
16305,1987,-29.785156,25000000.000
16306,1992,-27.343750,25000000.000
16307,1993,-26.855469,25000000.000
16308,2005,-20.996094,25000000.000
16309,2013,-17.089844,25000000.000
16310,2021,-13.183594,25000000.000
16311,2022,-12.695312,25000000.000
16312,2043,-2.441406,25000000.000
16313,2055,3.417969,25000000.000
16314,2067,9.277344,25000000.000
16315,2069,10.253906,25000000.000
16316,2092,21.484375,25000000.000
16317,2101,25.878906,25000000.000
16318,2109,29.785156,25000000.000
16319,2109,29.785156,25000000.000
16320,2115,32.714844,25000000.000
16321,2116,33.203125,25000000.000
16322,2114,32.226562,25000000.000
16323,2114,32.226562,25000000.000
16324,2106,28.320312,25000000.000
16325,2101,25.878906,25000000.000
16326,2098,24.414062,25000000.000
16327,2099,24.902344,25000000.000
16328,2088,19.531250,25000000.000
16329,2082,16.601562,25000000.000
16330,2075,13.183594,25000000.000
16331,2074,12.695312,25000000.000
16332,2056,3.906250,25000000.000
16333,2045,-1.464844,25000000.000
16334,2033,-7.324219,25000000.000
16335,2032,-7.812500,25000000.000
16336,2009,-19.042969,25000000.000
16337,1998,-24.414062,25000000.000
16338,1989,-28.808594,25000000.000
16339,1988,-29.296875,25000000.000
16340,1977,-34.667969,25000000.000
16341,1975,-35.644531,25000000.000
16342,1974,-36.132812,25000000.000
16343,1974,-36.132812,25000000.000
16344,1978,-34.179688,25000000.000
16345,1983,-31.738281,25000000.000
16346,1987,-29.785156,25000000.000
16347,1988,-29.296875,25000000.000
16348,1999,-23.925781,25000000.000
16349,2006,-20.507812,25000000.000
16350,2013,-17.089844,25000000.000
16351,2014,-16.601562,25000000.000
16352,2032,-7.812500,25000000.000
16353,2044,-1.953125,25000000.000
16354,2057,4.394531,25000000.000
16355,2057,4.394531,25000000.000
16356,2082,16.601562,25000000.000
16357,2094,22.460938,25000000.000
16358,2104,27.343750,25000000.000
16359,2105,27.832031,25000000.000
16360,2115,32.714844,25000000.000
16361,2117,33.691406,25000000.000
16362,2117,33.691406,25000000.000
16363,2117,33.691406,25000000.000
16364,2110,30.273438,25000000.000
16365,2106,28.320312,25000000.000
16366,2101,25.878906,25000000.000
16367,2101,25.878906,25000000.000
16368,2090,20.507812,25000000.000
16369,2085,18.066406,25000000.000
16370,2079,15.136719,25000000.000
16371,2078,14.648438,25000000.000
16372,2065,8.300781,25000000.000
16373,2053,2.441406,25000000.000
16374,2043,-2.441406,25000000.000
16375,2043,-2.441406,25000000.000
16376,2019,-14.160156,25000000.000
16377,2007,-20.019531,25000000.000
16378,1997,-24.902344,25000000.000
16379,1996,-25.390625,25000000.000
16380,1981,-32.714844,25000000.000
16381,1977,-34.667969,25000000.000
16382,1975,-35.644531,25000000.000
16383,1974,-36.132812,25000000.000
16384,1978,-34.179688,25000000.000
16385,1980,-33.203125,25000000.000
16386,1985,-30.761719,25000000.000
16387,1984,-31.250000,25000000.000
16388,1996,-25.390625,25000000.000
16389,2001,-22.949219,25000000.000
16390,2008,-19.531250,25000000.000
16391,2009,-19.042969,25000000.000
16392,2023,-12.207031,25000000.000
16393,2033,-7.324219,25000000.000
16394,2043,-2.441406,25000000.000
16395,2045,-1.464844,25000000.000
16396,2068,9.765625,25000000.000
16397,2081,16.113281,25000000.000
16398,2093,21.972656,25000000.000
16399,2094,22.460938,25000000.000
16400,2111,30.761719,25000000.000
16401,2115,32.714844,25000000.000
16402,2117,33.691406,25000000.000
16403,2118,34.179688,25000000.000
16404,2114,32.226562,25000000.000
16405,2109,29.785156,25000000.000
16406,2104,27.343750,25000000.000
16407,2104,27.343750,25000000.000
16408,2095,22.949219,25000000.000
16409,2088,19.531250,25000000.000
16410,2083,17.089844,25000000.000
16411,2082,16.601562,25000000.000
16412,2070,10.742188,25000000.000
16413,2062,6.835938,25000000.000
16414,2053,2.441406,25000000.000
16415,2052,1.953125,25000000.000
16416,2030,-8.789062,25000000.000
16417,2018,-14.648438,25000000.000
16418,2007,-20.019531,25000000.000
16419,2006,-20.507812,25000000.000
16420,1986,-30.273438,25000000.000
16421,1980,-33.203125,25000000.000
16422,1976,-35.156250,25000000.000
16423,1976,-35.156250,25000000.000
16424,1975,-35.644531,25000000.000
16425,1976,-35.156250,25000000.000
16426,1979,-33.691406,25000000.000
16427,1979,-33.691406,25000000.000
16428,1989,-28.808594,25000000.000
16429,1995,-25.878906,25000000.000
16430,2002,-22.460938,25000000.000
16431,2003,-21.972656,25000000.000
16432,2017,-15.136719,25000000.000
16433,2025,-11.230469,25000000.000
16434,2035,-6.347656,25000000.000
16435,2036,-5.859375,25000000.000
16436,2059,5.371094,25000000.000
16437,2071,11.230469,25000000.000
16438,2084,17.578125,25000000.000
16439,2084,17.578125,25000000.000
16440,2104,27.343750,25000000.000
16441,2112,31.250000,25000000.000
16442,2116,33.203125,25000000.000
16443,2116,33.203125,25000000.000
16444,2117,33.691406,25000000.000
16445,2114,32.226562,25000000.000
16446,2109,29.785156,25000000.000
16447,2108,29.296875,25000000.000
16448,2098,24.414062,25000000.000
16449,2094,22.460938,25000000.000
16450,2087,19.042969,25000000.000
16451,2087,19.042969,25000000.000
16452,2074,12.695312,25000000.000
16453,2066,8.789062,25000000.000
16454,2058,4.882812,25000000.000
16455,2059,5.371094,25000000.000
16456,2039,-4.394531,25000000.000
16457,2027,-10.253906,25000000.000
16458,2015,-16.113281,25000000.000
16459,2014,-16.601562,25000000.000
16460,1994,-26.367188,25000000.000
16461,1986,-30.273438,25000000.000
16462,1980,-33.203125,25000000.000
16463,1979,-33.691406,25000000.000
16464,1973,-36.621094,25000000.000
16465,1974,-36.132812,25000000.000
16466,1975,-35.644531,25000000.000
16467,1978,-34.179688,25000000.000
16468,1985,-30.761719,25000000.000
16469,1990,-28.320312,25000000.000
16470,1997,-24.902344,25000000.000
16471,1998,-24.414062,25000000.000
16472,2011,-18.066406,25000000.000
16473,2018,-14.648438,25000000.000
16474,2027,-10.253906,25000000.000
16475,2028,-9.765625,25000000.000
16476,2048,0.000000,25000000.000
16477,2061,6.347656,25000000.000
16478,2073,12.207031,25000000.000
16479,2075,13.183594,25000000.000
16480,2096,23.437500,25000000.000
16481,2106,28.320312,25000000.000
16482,2112,31.250000,25000000.000
16483,2113,31.738281,25000000.000
16484,2118,34.179688,25000000.000
16485,2117,33.691406,25000000.000
16486,2113,31.738281,25000000.000
16487,2113,31.738281,25000000.000
16488,2105,27.832031,25000000.000
16489,2099,24.902344,25000000.000
16490,2094,22.460938,25000000.000
16491,2093,21.972656,25000000.000
16492,2081,16.113281,25000000.000
16493,2074,12.695312,25000000.000
16494,2066,8.789062,25000000.000
16495,2065,8.300781,25000000.000
16496,2048,0.000000,25000000.000
16497,2036,-5.859375,25000000.000
16498,2026,-10.742188,25000000.000
16499,2024,-11.718750,25000000.000
16500,2004,-21.484375,25000000.000
16501,1995,-25.878906,25000000.000
16502,1986,-30.273438,25000000.000
16503,1984,-31.250000,25000000.000
16504,1977,-34.667969,25000000.000
16505,1974,-36.132812,25000000.000
16506,1975,-35.644531,25000000.000
16507,1975,-35.644531,25000000.000
16508,1981,-32.714844,25000000.000
16509,1986,-30.273438,25000000.000
16510,1990,-28.320312,25000000.000
16511,1990,-28.320312,25000000.000
16512,2004,-21.484375,25000000.000
16513,2012,-17.578125,25000000.000
16514,2021,-13.183594,25000000.000
16515,2021,-13.183594,25000000.000
16516,2039,-4.394531,25000000.000
16517,2052,1.953125,25000000.000
16518,2064,7.812500,25000000.000
16519,2065,8.300781,25000000.000
16520,2087,19.042969,25000000.000
16521,2098,24.414062,25000000.000
16522,2105,27.832031,25000000.000
16523,2106,28.320312,25000000.000
16524,2115,32.714844,25000000.000
16525,2117,33.691406,25000000.000
16526,2116,33.203125,25000000.000
16527,2116,33.203125,25000000.000
16528,2109,29.785156,25000000.000
16529,2104,27.343750,25000000.000
16530,2099,24.902344,25000000.000
16531,2099,24.902344,25000000.000
16532,2088,19.531250,25000000.000
16533,2081,16.113281,25000000.000
16534,2075,13.183594,25000000.000
16535,2074,12.695312,25000000.000
16536,2058,4.882812,25000000.000
16537,2048,0.000000,25000000.000
16538,2035,-6.347656,25000000.000
16539,2034,-6.835938,25000000.000
16540,2014,-16.601562,25000000.000
16541,2003,-21.972656,25000000.000
16542,1993,-26.855469,25000000.000
16543,1991,-27.832031,25000000.000
16544,1980,-33.203125,25000000.000
16545,1976,-35.156250,25000000.000
16546,1975,-35.644531,25000000.000
16547,1976,-35.156250,25000000.000
16548,1978,-34.179688,25000000.000
16549,1982,-32.226562,25000000.000
16550,1987,-29.785156,25000000.000
16551,1987,-29.785156,25000000.000
16552,2000,-23.437500,25000000.000
16553,2007,-20.019531,25000000.000
16554,2014,-16.601562,25000000.000
16555,2015,-16.113281,25000000.000
16556,2031,-8.300781,25000000.000
16557,2042,-2.929688,25000000.000
16558,2051,1.464844,25000000.000
16559,2053,2.441406,25000000.000
16560,2076,13.671875,25000000.000
16561,2089,20.019531,25000000.000
16562,2099,24.902344,25000000.000
16563,2100,25.390625,25000000.000
16564,2114,32.226562,25000000.000
16565,2117,33.691406,25000000.000
16566,2118,34.179688,25000000.000
16567,2117,33.691406,25000000.000
16568,2112,31.250000,25000000.000
16569,2108,29.296875,25000000.000
16570,2105,27.832031,25000000.000
16571,2105,27.832031,25000000.000
16572,2089,20.019531,25000000.000
16573,2087,19.042969,25000000.000
16574,2078,14.648438,25000000.000
16575,2077,14.160156,25000000.000
16576,2064,7.812500,25000000.000
16577,2055,3.417969,25000000.000
16578,2044,-1.953125,25000000.000
16579,2043,-2.441406,25000000.000
16580,2022,-12.695312,25000000.000
16581,2010,-18.554688,25000000.000
16582,2000,-23.437500,25000000.000
16583,1999,-23.925781,25000000.000
16584,1983,-31.738281,25000000.000
16585,1978,-34.179688,25000000.000
16586,1975,-35.644531,25000000.000
16587,1975,-35.644531,25000000.000
16588,1975,-35.644531,25000000.000
16589,1977,-34.667969,25000000.000
16590,1981,-32.714844,25000000.000
16591,1982,-32.226562,25000000.000
16592,1992,-27.343750,25000000.000
16593,1999,-23.925781,25000000.000
16594,2007,-20.019531,25000000.000
16595,2008,-19.531250,25000000.000
16596,2024,-11.718750,25000000.000
16597,2033,-7.324219,25000000.000
16598,2042,-2.929688,25000000.000
16599,2044,-1.953125,25000000.000
16600,2067,9.277344,25000000.000
16601,2078,14.648438,25000000.000
16602,2091,20.996094,25000000.000
16603,2091,20.996094,25000000.000
16604,2109,29.785156,25000000.000
16605,2115,32.714844,25000000.000
16606,2118,34.179688,25000000.000
16607,2118,34.179688,25000000.000
16608,2117,33.691406,25000000.000
16609,2112,31.250000,25000000.000
16610,2107,28.808594,25000000.000
16611,2106,28.320312,25000000.000
16612,2095,22.949219,25000000.000
16613,2089,20.019531,25000000.000
16614,2083,17.089844,25000000.000
16615,2082,16.601562,25000000.000
16616,2069,10.253906,25000000.000
16617,2062,6.835938,25000000.000
16618,2053,2.441406,25000000.000
16619,2051,1.464844,25000000.000
16620,2032,-7.812500,25000000.000
16621,2019,-14.160156,25000000.000
16622,2008,-19.531250,25000000.000
16623,2006,-20.507812,25000000.000
16624,1989,-28.808594,25000000.000
16625,1982,-32.226562,25000000.000
16626,1977,-34.667969,25000000.000
16627,1977,-34.667969,25000000.000
16628,1974,-36.132812,25000000.000
16629,1974,-36.132812,25000000.000
16630,1978,-34.179688,25000000.000
16631,1978,-34.179688,25000000.000
16632,1988,-29.296875,25000000.000
16633,1994,-26.367188,25000000.000
16634,2001,-22.949219,25000000.000
16635,2002,-22.460938,25000000.000
16636,2016,-15.625000,25000000.000
16637,2025,-11.230469,25000000.000
16638,2033,-7.324219,25000000.000
16639,2035,-6.347656,25000000.000
16640,2055,3.417969,25000000.000
16641,2068,9.765625,25000000.000
16642,2080,15.625000,25000000.000
16643,2081,16.113281,25000000.000
16644,2103,26.855469,25000000.000
16645,2110,30.273438,25000000.000
16646,2115,32.714844,25000000.000
16647,2116,33.203125,25000000.000
16648,2118,34.179688,25000000.000
16649,2115,32.714844,25000000.000
16650,2111,30.761719,25000000.000
16651,2112,31.250000,25000000.000
16652,2100,25.390625,25000000.000
16653,2096,23.437500,25000000.000
16654,2090,20.507812,25000000.000
16655,2087,19.042969,25000000.000
16656,2076,13.671875,25000000.000
16657,2069,10.253906,25000000.000
16658,2061,6.347656,25000000.000
16659,2059,5.371094,25000000.000
16660,2042,-2.929688,25000000.000
16661,2030,-8.789062,25000000.000
16662,2018,-14.648438,25000000.000
16663,2018,-14.648438,25000000.000
16664,1998,-24.414062,25000000.000
16665,1988,-29.296875,25000000.000
16666,1981,-32.714844,25000000.000
16667,1981,-32.714844,25000000.000
16668,1973,-36.621094,25000000.000
16669,1974,-36.132812,25000000.000
16670,1975,-35.644531,25000000.000
16671,1974,-36.132812,25000000.000
16672,1981,-32.714844,25000000.000
16673,1987,-29.785156,25000000.000
16674,1995,-25.878906,25000000.000
16675,1996,-25.390625,25000000.000
16676,2009,-19.042969,25000000.000
16677,2018,-14.648438,25000000.000
16678,2027,-10.253906,25000000.000
16679,2028,-9.765625,25000000.000
16680,2048,0.000000,25000000.000
16681,2060,5.859375,25000000.000
16682,2072,11.718750,25000000.000
16683,2073,12.207031,25000000.000
16684,2096,23.437500,25000000.000
16685,2106,28.320312,25000000.000
16686,2113,31.738281,25000000.000
16687,2113,31.738281,25000000.000
16688,2120,35.156250,25000000.000
16689,2121,35.644531,25000000.000
16690,2117,33.691406,25000000.000
16691,2117,33.691406,25000000.000
16692,2107,28.808594,25000000.000
16693,2101,25.878906,25000000.000
16694,2095,22.949219,25000000.000
16695,2094,22.460938,25000000.000
16696,2081,16.113281,25000000.000
16697,2075,13.183594,25000000.000
16698,2068,9.765625,25000000.000
16699,2066,8.789062,25000000.000
16700,2051,1.464844,25000000.000
16701,2040,-3.906250,25000000.000
16702,2030,-8.789062,25000000.000
16703,2029,-9.277344,25000000.000
16704,2006,-20.507812,25000000.000
16705,1997,-24.902344,25000000.000
16706,1987,-29.785156,25000000.000
16707,1987,-29.785156,25000000.000
16708,1975,-35.644531,25000000.000
16709,1973,-36.621094,25000000.000
16710,1974,-36.132812,25000000.000
16711,1973,-36.621094,25000000.000
16712,1978,-34.179688,25000000.000
16713,1984,-31.250000,25000000.000
16714,1990,-28.320312,25000000.000
16715,1991,-27.832031,25000000.000
16716,2004,-21.484375,25000000.000
16717,2012,-17.578125,25000000.000
16718,2019,-14.160156,25000000.000
16719,2020,-13.671875,25000000.000
16720,2039,-4.394531,25000000.000
16721,2044,-1.953125,25000000.000
16722,2058,4.882812,25000000.000
16723,2060,5.859375,25000000.000
16724,2084,17.578125,25000000.000
16725,2095,22.949219,25000000.000
16726,2106,28.320312,25000000.000
16727,2106,28.320312,25000000.000
16728,2117,33.691406,25000000.000
16729,2120,35.156250,25000000.000
16730,2120,35.156250,25000000.000
16731,2119,34.667969,25000000.000
16732,2111,30.761719,25000000.000
16733,2106,28.320312,25000000.000
16734,2099,24.902344,25000000.000
16735,2098,24.414062,25000000.000
16736,2086,18.554688,25000000.000
16737,2079,15.136719,25000000.000
16738,2072,11.718750,25000000.000
16739,2072,11.718750,25000000.000
16740,2058,4.882812,25000000.000
16741,2048,0.000000,25000000.000
16742,2038,-4.882812,25000000.000
16743,2036,-5.859375,25000000.000
16744,2016,-15.625000,25000000.000
16745,2005,-20.996094,25000000.000
16746,1995,-25.878906,25000000.000
16747,1994,-26.367188,25000000.000
16748,1980,-33.203125,25000000.000
16749,1975,-35.644531,25000000.000
16750,1973,-36.621094,25000000.000
16751,1973,-36.621094,25000000.000
16752,1975,-35.644531,25000000.000
16753,1980,-33.203125,25000000.000
16754,1984,-31.250000,25000000.000
16755,1985,-30.761719,25000000.000
16756,1999,-23.925781,25000000.000
16757,2005,-20.996094,25000000.000
16758,2013,-17.089844,25000000.000
16759,2014,-16.601562,25000000.000
16760,2030,-8.789062,25000000.000
16761,2040,-3.906250,25000000.000
16762,2050,0.976562,25000000.000
16763,2052,1.953125,25000000.000
16764,2075,13.183594,25000000.000
16765,2087,19.042969,25000000.000
16766,2097,23.925781,25000000.000
16767,2100,25.390625,25000000.000
16768,2115,32.714844,25000000.000
16769,2119,34.667969,25000000.000
16770,2121,35.644531,25000000.000
16771,2122,36.132812,25000000.000
16772,2116,33.203125,25000000.000
16773,2111,30.761719,25000000.000
16774,2106,28.320312,25000000.000
16775,2104,27.343750,25000000.000
16776,2092,21.484375,25000000.000
16777,2086,18.554688,25000000.000
16778,2079,15.136719,25000000.000
16779,2079,15.136719,25000000.000
16780,2065,8.300781,25000000.000
16781,2057,4.394531,25000000.000
16782,2047,-0.488281,25000000.000
16783,2047,-0.488281,25000000.000
16784,2027,-10.253906,25000000.000
16785,2015,-16.113281,25000000.000
16786,2003,-21.972656,25000000.000
16787,2002,-22.460938,25000000.000
16788,1984,-31.250000,25000000.000
16789,1978,-34.179688,25000000.000
16790,1973,-36.621094,25000000.000
16791,1974,-36.132812,25000000.000
16792,1973,-36.621094,25000000.000
16793,1975,-35.644531,25000000.000
16794,1979,-33.691406,25000000.000
16795,1980,-33.203125,25000000.000
16796,1991,-27.832031,25000000.000
16797,1998,-24.414062,25000000.000
16798,2005,-20.996094,25000000.000
16799,2005,-20.996094,25000000.000
16800,2021,-13.183594,25000000.000
16801,2030,-8.789062,25000000.000
16802,2041,-3.417969,25000000.000
16803,2040,-3.906250,25000000.000
16804,2063,7.324219,25000000.000
16805,2077,14.160156,25000000.000
16806,2087,19.042969,25000000.000
16807,2089,20.019531,25000000.000
16808,2107,28.808594,25000000.000
16809,2114,32.226562,25000000.000
16810,2118,34.179688,25000000.000
16811,2118,34.179688,25000000.000
16812,2119,34.667969,25000000.000
16813,2115,32.714844,25000000.000
16814,2110,30.273438,25000000.000
16815,2109,29.785156,25000000.000
16816,2096,23.437500,25000000.000
16817,2090,20.507812,25000000.000
16818,2084,17.578125,25000000.000
16819,2082,16.601562,25000000.000
16820,2070,10.742188,25000000.000
16821,2064,7.812500,25000000.000
16822,2056,3.906250,25000000.000
16823,2055,3.417969,25000000.000
16824,2035,-6.347656,25000000.000
16825,2025,-11.230469,25000000.000
16826,2014,-16.601562,25000000.000
16827,2012,-17.578125,25000000.000
16828,1992,-27.343750,25000000.000
16829,1984,-31.250000,25000000.000
16830,1978,-34.179688,25000000.000
16831,1977,-34.667969,25000000.000
16832,1972,-37.109375,25000000.000
16833,1972,-37.109375,25000000.000
16834,1975,-35.644531,25000000.000
16835,1975,-35.644531,25000000.000
16836,1984,-31.250000,25000000.000
16837,1990,-28.320312,25000000.000
16838,1997,-24.902344,25000000.000
16839,1998,-24.414062,25000000.000
16840,2014,-16.601562,25000000.000
16841,2022,-12.695312,25000000.000
16842,2031,-8.300781,25000000.000
16843,2032,-7.812500,25000000.000
16844,2054,2.929688,25000000.000
16845,2065,8.300781,25000000.000
16846,2077,14.160156,25000000.000
16847,2078,14.648438,25000000.000
16848,2100,25.390625,25000000.000
16849,2110,30.273438,25000000.000
16850,2117,33.691406,25000000.000
16851,2117,33.691406,25000000.000
16852,2120,35.156250,25000000.000
16853,2118,34.179688,25000000.000
16854,2114,32.226562,25000000.000
16855,2114,32.226562,25000000.000
16856,2103,26.855469,25000000.000
16857,2097,23.925781,25000000.000
16858,2090,20.507812,25000000.000
16859,2090,20.507812,25000000.000
16860,2077,14.160156,25000000.000
16861,2070,10.742188,25000000.000
16862,2062,6.835938,25000000.000
16863,2062,6.835938,25000000.000
16864,2045,-1.464844,25000000.000
16865,2034,-6.835938,25000000.000
16866,2023,-12.207031,25000000.000
16867,2020,-13.671875,25000000.000
16868,2000,-23.437500,25000000.000
16869,1991,-27.832031,25000000.000
16870,1983,-31.738281,25000000.000
16871,1983,-31.738281,25000000.000
16872,1973,-36.621094,25000000.000
16873,1972,-37.109375,25000000.000
16874,1974,-36.132812,25000000.000
16875,1974,-36.132812,25000000.000
16876,1981,-32.714844,25000000.000
16877,1987,-29.785156,25000000.000
16878,1994,-26.367188,25000000.000
16879,1994,-26.367188,25000000.000
16880,2008,-19.531250,25000000.000
16881,2016,-15.625000,25000000.000
16882,2023,-12.207031,25000000.000
16883,2025,-11.230469,25000000.000
16884,2044,-1.953125,25000000.000
16885,2053,2.441406,25000000.000
16886,2065,8.300781,25000000.000
16887,2066,8.789062,25000000.000
16888,2089,20.019531,25000000.000
16889,2100,25.390625,25000000.000
16890,2109,29.785156,25000000.000
16891,2110,30.273438,25000000.000
16892,2119,34.667969,25000000.000
16893,2120,35.156250,25000000.000
16894,2120,35.156250,25000000.000
16895,2119,34.667969,25000000.000
16896,2111,30.761719,25000000.000
16897,2105,27.832031,25000000.000
16898,2098,24.414062,25000000.000
16899,2097,23.925781,25000000.000
16900,2082,16.601562,25000000.000
16901,2076,13.671875,25000000.000
16902,2068,9.765625,25000000.000
16903,2066,8.789062,25000000.000
16904,2052,1.953125,25000000.000
16905,2041,-3.417969,25000000.000
16906,2032,-7.812500,25000000.000
16907,2031,-8.300781,25000000.000
16908,2010,-18.554688,25000000.000
16909,2001,-22.949219,25000000.000
16910,1991,-27.832031,25000000.000
16911,1991,-27.832031,25000000.000
16912,1979,-33.691406,25000000.000
16913,1976,-35.156250,25000000.000
16914,1974,-36.132812,25000000.000
16915,1973,-36.621094,25000000.000
16916,1976,-35.156250,25000000.000
16917,1980,-33.203125,25000000.000
16918,1986,-30.273438,25000000.000
16919,1986,-30.273438,25000000.000
16920,2000,-23.437500,25000000.000
16921,2008,-19.531250,25000000.000
16922,2018,-14.648438,25000000.000
16923,2018,-14.648438,25000000.000
16924,2037,-5.371094,25000000.000
16925,2046,-0.976562,25000000.000
16926,2056,3.906250,25000000.000
16927,2059,5.371094,25000000.000
16928,2080,15.625000,25000000.000
16929,2092,21.484375,25000000.000
16930,2102,26.367188,25000000.000
16931,2104,27.343750,25000000.000
16932,2116,33.203125,25000000.000
16933,2119,34.667969,25000000.000
16934,2121,35.644531,25000000.000
16935,2120,35.156250,25000000.000
16936,2115,32.714844,25000000.000
16937,2109,29.785156,25000000.000
16938,2103,26.855469,25000000.000
16939,2102,26.367188,25000000.000
16940,2089,20.019531,25000000.000
16941,2082,16.601562,25000000.000
16942,2075,13.183594,25000000.000
16943,2074,12.695312,25000000.000
16944,2059,5.371094,25000000.000
16945,2051,1.464844,25000000.000
16946,2041,-3.417969,25000000.000
16947,2040,-3.906250,25000000.000
16948,2020,-13.671875,25000000.000
16949,2009,-19.042969,25000000.000
16950,2000,-23.437500,25000000.000
16951,1998,-24.414062,25000000.000
16952,1983,-31.738281,25000000.000
16953,1978,-34.179688,25000000.000
16954,1975,-35.644531,25000000.000
16955,1975,-35.644531,25000000.000
16956,1974,-36.132812,25000000.000
16957,1977,-34.667969,25000000.000
16958,1982,-32.226562,25000000.000
16959,1983,-31.738281,25000000.000
16960,1995,-25.878906,25000000.000
16961,2002,-22.460938,25000000.000
16962,2011,-18.066406,25000000.000
16963,2010,-18.554688,25000000.000
16964,2028,-9.765625,25000000.000
16965,2036,-5.859375,25000000.000
16966,2048,0.000000,25000000.000
16967,2048,0.000000,25000000.000
16968,2070,10.742188,25000000.000
16969,2082,16.601562,25000000.000
16970,2093,21.972656,25000000.000
16971,2094,22.460938,25000000.000
16972,2112,31.250000,25000000.000
16973,2118,34.179688,25000000.000
16974,2120,35.156250,25000000.000
16975,2121,35.644531,25000000.000
16976,2118,34.179688,25000000.000
16977,2113,31.738281,25000000.000
16978,2107,28.808594,25000000.000
16979,2107,28.808594,25000000.000
16980,2093,21.972656,25000000.000
16981,2087,19.042969,25000000.000
16982,2079,15.136719,25000000.000
16983,2078,14.648438,25000000.000
16984,2065,8.300781,25000000.000
16985,2057,4.394531,25000000.000
16986,2047,-0.488281,25000000.000
16987,2047,-0.488281,25000000.000
16988,2029,-9.277344,25000000.000
16989,2018,-14.648438,25000000.000
16990,2007,-20.019531,25000000.000
16991,2006,-20.507812,25000000.000
16992,1989,-28.808594,25000000.000
16993,1981,-32.714844,25000000.000
16994,1976,-35.156250,25000000.000
16995,1976,-35.156250,25000000.000
16996,1972,-37.109375,25000000.000
16997,1973,-36.621094,25000000.000
16998,1977,-34.667969,25000000.000
16999,1976,-35.156250,25000000.000
17000,1987,-29.785156,25000000.000
17001,1995,-25.878906,25000000.000
17002,2002,-22.460938,25000000.000
17003,2003,-21.972656,25000000.000
17004,2020,-13.671875,25000000.000
17005,2029,-9.277344,25000000.000
17006,2039,-4.394531,25000000.000
17007,2039,-4.394531,25000000.000
17008,2061,6.347656,25000000.000
17009,2072,11.718750,25000000.000
17010,2084,17.578125,25000000.000
17011,2085,18.066406,25000000.000
17012,2107,28.808594,25000000.000
17013,2114,32.226562,25000000.000
17014,2119,34.667969,25000000.000
17015,2119,34.667969,25000000.000
17016,2120,35.156250,25000000.000
17017,2116,33.203125,25000000.000
17018,2112,31.250000,25000000.000
17019,2110,30.273438,25000000.000
17020,2098,24.414062,25000000.000
17021,2092,21.484375,25000000.000
17022,2085,18.066406,25000000.000
17023,2084,17.578125,25000000.000
17024,2070,10.742188,25000000.000
17025,2063,7.324219,25000000.000
17026,2055,3.417969,25000000.000
17027,2053,2.441406,25000000.000
17028,2035,-6.347656,25000000.000
17029,2025,-11.230469,25000000.000
17030,2015,-16.113281,25000000.000
17031,2013,-17.089844,25000000.000
17032,1995,-25.878906,25000000.000
17033,1985,-30.761719,25000000.000
17034,1979,-33.691406,25000000.000
17035,1978,-34.179688,25000000.000
17036,1972,-37.109375,25000000.000
17037,1973,-36.621094,25000000.000
17038,1974,-36.132812,25000000.000
17039,1976,-35.156250,25000000.000
17040,1984,-31.250000,25000000.000
17041,1989,-28.808594,25000000.000
17042,1995,-25.878906,25000000.000
17043,1996,-25.390625,25000000.000
17044,2011,-18.066406,25000000.000
17045,2019,-14.160156,25000000.000
17046,2029,-9.277344,25000000.000
17047,2030,-8.789062,25000000.000
17048,2049,0.488281,25000000.000
17049,2063,7.324219,25000000.000
17050,2075,13.183594,25000000.000
17051,2076,13.671875,25000000.000
17052,2099,24.902344,25000000.000
17053,2108,29.296875,25000000.000
17054,2117,33.691406,25000000.000
17055,2116,33.203125,25000000.000
17056,2122,36.132812,25000000.000
17057,2120,35.156250,25000000.000
17058,2116,33.203125,25000000.000
17059,2116,33.203125,25000000.000
17060,2104,27.343750,25000000.000
17061,2098,24.414062,25000000.000
17062,2091,20.996094,25000000.000
17063,2091,20.996094,25000000.000
17064,2078,14.648438,25000000.000
17065,2071,11.230469,25000000.000
17066,2063,7.324219,25000000.000
17067,2063,7.324219,25000000.000
17068,2043,-2.441406,25000000.000
17069,2037,-5.371094,25000000.000
17070,2026,-10.742188,25000000.000
17071,2022,-12.695312,25000000.000
17072,2004,-21.484375,25000000.000
17073,1995,-25.878906,25000000.000
17074,1985,-30.761719,25000000.000
17075,1984,-31.250000,25000000.000
17076,1975,-35.644531,25000000.000
17077,1973,-36.621094,25000000.000
17078,1973,-36.621094,25000000.000
17079,1971,-37.597656,25000000.000
17080,1977,-34.667969,25000000.000
17081,1984,-31.250000,25000000.000
17082,1989,-28.808594,25000000.000
17083,1990,-28.320312,25000000.000
17084,2004,-21.484375,25000000.000
17085,2012,-17.578125,25000000.000
17086,2022,-12.695312,25000000.000
17087,2022,-12.695312,25000000.000
17088,2041,-3.417969,25000000.000
17089,2053,2.441406,25000000.000
17090,2066,8.789062,25000000.000
17091,2068,9.765625,25000000.000
17092,2092,21.484375,25000000.000
17093,2102,26.367188,25000000.000
17094,2112,31.250000,25000000.000
17095,2113,31.738281,25000000.000
17096,2123,36.621094,25000000.000
17097,2122,36.132812,25000000.000
17098,2121,35.644531,25000000.000
17099,2121,35.644531,25000000.000
17100,2111,30.761719,25000000.000
17101,2105,27.832031,25000000.000
17102,2098,24.414062,25000000.000
17103,2096,23.437500,25000000.000
17104,2084,17.578125,25000000.000
17105,2076,13.671875,25000000.000
17106,2070,10.742188,25000000.000
17107,2069,10.253906,25000000.000
17108,2054,2.929688,25000000.000
17109,2045,-1.464844,25000000.000
17110,2035,-6.347656,25000000.000
17111,2033,-7.324219,25000000.000
17112,2012,-17.578125,25000000.000
17113,2002,-22.460938,25000000.000
17114,1992,-27.343750,25000000.000
17115,1990,-28.320312,25000000.000
17116,1976,-35.156250,25000000.000
17117,1974,-36.132812,25000000.000
17118,1972,-37.109375,25000000.000
17119,1972,-37.109375,25000000.000
17120,1975,-35.644531,25000000.000
17121,1979,-33.691406,25000000.000
17122,1986,-30.273438,25000000.000
17123,1986,-30.273438,25000000.000
17124,1998,-24.414062,25000000.000
17125,2006,-20.507812,25000000.000
17126,2014,-16.601562,25000000.000
17127,2015,-16.113281,25000000.000
17128,2031,-8.300781,25000000.000
17129,2042,-2.929688,25000000.000
17130,2052,1.953125,25000000.000
17131,2054,2.929688,25000000.000
17132,2078,14.648438,25000000.000
17133,2090,20.507812,25000000.000
17134,2101,25.878906,25000000.000
17135,2102,26.367188,25000000.000
17136,2119,34.667969,25000000.000
17137,2123,36.621094,25000000.000
17138,2124,37.109375,25000000.000
17139,2122,36.132812,25000000.000
17140,2118,34.179688,25000000.000
17141,2111,30.761719,25000000.000
17142,2104,27.343750,25000000.000
17143,2103,26.855469,25000000.000
17144,2089,20.019531,25000000.000
17145,2082,16.601562,25000000.000
17146,2074,12.695312,25000000.000
17147,2074,12.695312,25000000.000
17148,2059,5.371094,25000000.000
17149,2052,1.953125,25000000.000
17150,2044,-1.953125,25000000.000
17151,2042,-2.929688,25000000.000
17152,2023,-12.207031,25000000.000
17153,2013,-17.089844,25000000.000
17154,2002,-22.460938,25000000.000
17155,2002,-22.460938,25000000.000
17156,1984,-31.250000,25000000.000
17157,1978,-34.179688,25000000.000
17158,1973,-36.621094,25000000.000
17159,1974,-36.132812,25000000.000
17160,1972,-37.109375,25000000.000
17161,1976,-35.156250,25000000.000
17162,1979,-33.691406,25000000.000
17163,1980,-33.203125,25000000.000
17164,1992,-27.343750,25000000.000
17165,1999,-23.925781,25000000.000
17166,2007,-20.019531,25000000.000
17167,2008,-19.531250,25000000.000
17168,2024,-11.718750,25000000.000
17169,2035,-6.347656,25000000.000
17170,2045,-1.464844,25000000.000
17171,2045,-1.464844,25000000.000
17172,2068,9.765625,25000000.000
17173,2080,15.625000,25000000.000
17174,2091,20.996094,25000000.000
17175,2093,21.972656,25000000.000
17176,2111,30.761719,25000000.000
17177,2118,34.179688,25000000.000
17178,2123,36.621094,25000000.000
17179,2123,36.621094,25000000.000
17180,2122,36.132812,25000000.000
17181,2117,33.691406,25000000.000
17182,2111,30.761719,25000000.000
17183,2110,30.273438,25000000.000
17184,2096,23.437500,25000000.000
17185,2088,19.531250,25000000.000
17186,2080,15.625000,25000000.000
17187,2078,14.648438,25000000.000
17188,2066,8.789062,25000000.000
17189,2058,4.882812,25000000.000
17190,2049,0.488281,25000000.000
17191,2048,0.000000,25000000.000
17192,2030,-8.789062,25000000.000
17193,2020,-13.671875,25000000.000
17194,2010,-18.554688,25000000.000
17195,2009,-19.042969,25000000.000
17196,1989,-28.808594,25000000.000
17197,1982,-32.226562,25000000.000
17198,1976,-35.156250,25000000.000
17199,1976,-35.156250,25000000.000
17200,1971,-37.597656,25000000.000
17201,1973,-36.621094,25000000.000
17202,1976,-35.156250,25000000.000
17203,1976,-35.156250,25000000.000
17204,1986,-30.273438,25000000.000
17205,1992,-27.343750,25000000.000
17206,2001,-22.949219,25000000.000
17207,2001,-22.949219,25000000.000
17208,2016,-15.625000,25000000.000
17209,2026,-10.742188,25000000.000
17210,2036,-5.859375,25000000.000
17211,2037,-5.371094,25000000.000
17212,2057,4.394531,25000000.000
17213,2068,9.765625,25000000.000
17214,2080,15.625000,25000000.000
17215,2082,16.601562,25000000.000
17216,2103,26.855469,25000000.000
17217,2110,30.273438,25000000.000
17218,2116,33.203125,25000000.000
17219,2118,34.179688,25000000.000
17220,2122,36.132812,25000000.000
17221,2121,35.644531,25000000.000
17222,2116,33.203125,25000000.000
17223,2115,32.714844,25000000.000
17224,2102,26.367188,25000000.000
17225,2093,21.972656,25000000.000
17226,2086,18.554688,25000000.000
17227,2083,17.089844,25000000.000
17228,2069,10.253906,25000000.000
17229,2062,6.835938,25000000.000
17230,2054,2.929688,25000000.000
17231,2054,2.929688,25000000.000
17232,2038,-4.882812,25000000.000
17233,2028,-9.765625,25000000.000
17234,2019,-14.160156,25000000.000
17235,2018,-14.648438,25000000.000
17236,1999,-23.925781,25000000.000
17237,1991,-27.832031,25000000.000
17238,1982,-32.226562,25000000.000
17239,1981,-32.714844,25000000.000
17240,1972,-37.109375,25000000.000
17241,1972,-37.109375,25000000.000
17242,1972,-37.109375,25000000.000
17243,1973,-36.621094,25000000.000
17244,1980,-33.203125,25000000.000
17245,1986,-30.273438,25000000.000
17246,1992,-27.343750,25000000.000
17247,1993,-26.855469,25000000.000
17248,2009,-19.042969,25000000.000
17249,2019,-14.160156,25000000.000
17250,2028,-9.765625,25000000.000
17251,2029,-9.277344,25000000.000
17252,2049,0.488281,25000000.000
17253,2060,5.859375,25000000.000
17254,2072,11.718750,25000000.000
17255,2073,12.207031,25000000.000
17256,2095,22.949219,25000000.000
17257,2104,27.343750,25000000.000
17258,2113,31.738281,25000000.000
17259,2114,32.226562,25000000.000
17260,2124,37.109375,25000000.000
17261,2123,36.621094,25000000.000
17262,2121,35.644531,25000000.000
17263,2120,35.156250,25000000.000
17264,2109,29.785156,25000000.000
17265,2102,26.367188,25000000.000
17266,2094,22.460938,25000000.000
17267,2094,22.460938,25000000.000
17268,2080,15.625000,25000000.000
17269,2072,11.718750,25000000.000
17270,2064,7.812500,25000000.000
17271,2064,7.812500,25000000.000
17272,2050,0.976562,25000000.000
17273,2039,-4.394531,25000000.000
17274,2030,-8.789062,25000000.000
17275,2029,-9.277344,25000000.000
17276,2009,-19.042969,25000000.000
17277,1998,-24.414062,25000000.000
17278,1988,-29.296875,25000000.000
17279,1988,-29.296875,25000000.000
17280,1974,-36.132812,25000000.000
17281,1973,-36.621094,25000000.000
17282,1970,-38.085938,25000000.000
17283,1971,-37.597656,25000000.000
17284,1975,-35.644531,25000000.000
17285,1981,-32.714844,25000000.000
17286,1988,-29.296875,25000000.000
17287,1988,-29.296875,25000000.000
17288,2003,-21.972656,25000000.000
17289,2011,-18.066406,25000000.000
17290,2021,-13.183594,25000000.000
17291,2022,-12.695312,25000000.000
17292,2040,-3.906250,25000000.000
17293,2050,0.976562,25000000.000
17294,2062,6.835938,25000000.000
17295,2062,6.835938,25000000.000
17296,2084,17.578125,25000000.000
17297,2096,23.437500,25000000.000
17298,2105,27.832031,25000000.000
17299,2106,28.320312,25000000.000
17300,2120,35.156250,25000000.000
17301,2123,36.621094,25000000.000
17302,2124,37.109375,25000000.000
17303,2122,36.132812,25000000.000
17304,2115,32.714844,25000000.000
17305,2109,29.785156,25000000.000
17306,2102,26.367188,25000000.000
17307,2101,25.878906,25000000.000
17308,2085,18.066406,25000000.000
17309,2078,14.648438,25000000.000
17310,2070,10.742188,25000000.000
17311,2069,10.253906,25000000.000
17312,2054,2.929688,25000000.000
17313,2046,-0.976562,25000000.000
17314,2037,-5.371094,25000000.000
17315,2036,-5.859375,25000000.000
17316,2017,-15.136719,25000000.000
17317,2006,-20.507812,25000000.000
17318,1995,-25.878906,25000000.000
17319,1995,-25.878906,25000000.000
17320,1980,-33.203125,25000000.000
17321,1974,-36.132812,25000000.000
17322,1972,-37.109375,25000000.000
17323,1972,-37.109375,25000000.000
17324,1973,-36.621094,25000000.000
17325,1976,-35.156250,25000000.000
17326,1981,-32.714844,25000000.000
17327,1982,-32.226562,25000000.000
17328,1995,-25.878906,25000000.000
17329,2004,-21.484375,25000000.000
17330,2012,-17.578125,25000000.000
17331,2014,-16.601562,25000000.000
17332,2032,-7.812500,25000000.000
17333,2042,-2.929688,25000000.000
17334,2053,2.441406,25000000.000
17335,2055,3.417969,25000000.000
17336,2077,14.160156,25000000.000
17337,2087,19.042969,25000000.000
17338,2098,24.414062,25000000.000
17339,2100,25.390625,25000000.000
17340,2117,33.691406,25000000.000
17341,2121,35.644531,25000000.000
17342,2125,37.597656,25000000.000
17343,2123,36.621094,25000000.000
17344,2120,35.156250,25000000.000
17345,2116,33.203125,25000000.000
17346,2107,28.808594,25000000.000
17347,2108,29.296875,25000000.000
17348,2093,21.972656,25000000.000
17349,2084,17.578125,25000000.000
17350,2076,13.671875,25000000.000
17351,2075,13.183594,25000000.000
17352,2060,5.859375,25000000.000
17353,2052,1.953125,25000000.000
17354,2043,-2.441406,25000000.000
17355,2042,-2.929688,25000000.000
17356,2025,-11.230469,25000000.000
17357,2014,-16.601562,25000000.000
17358,2004,-21.484375,25000000.000
17359,2002,-22.460938,25000000.000
17360,1986,-30.273438,25000000.000
17361,1980,-33.203125,25000000.000
17362,1975,-35.644531,25000000.000
17363,1975,-35.644531,25000000.000
17364,1973,-36.621094,25000000.000
17365,1974,-36.132812,25000000.000
17366,1978,-34.179688,25000000.000
17367,1979,-33.691406,25000000.000
17368,1990,-28.320312,25000000.000
17369,1996,-25.390625,25000000.000
17370,2004,-21.484375,25000000.000
17371,2004,-21.484375,25000000.000
17372,2022,-12.695312,25000000.000
17373,2031,-8.300781,25000000.000
17374,2042,-2.929688,25000000.000
17375,2043,-2.441406,25000000.000
17376,2065,8.300781,25000000.000
17377,2076,13.671875,25000000.000
17378,2088,19.531250,25000000.000
17379,2089,20.019531,25000000.000
17380,2108,29.296875,25000000.000
17381,2115,32.714844,25000000.000
17382,2120,35.156250,25000000.000
17383,2122,36.132812,25000000.000
17384,2123,36.621094,25000000.000
17385,2119,34.667969,25000000.000
17386,2116,33.203125,25000000.000
17387,2115,32.714844,25000000.000
17388,2101,25.878906,25000000.000
17389,2093,21.972656,25000000.000
17390,2083,17.089844,25000000.000
17391,2084,17.578125,25000000.000
17392,2068,9.765625,25000000.000
17393,2058,4.882812,25000000.000
17394,2050,0.976562,25000000.000
17395,2050,0.976562,25000000.000
17396,2031,-8.300781,25000000.000
17397,2020,-13.671875,25000000.000
17398,2011,-18.066406,25000000.000
17399,2010,-18.554688,25000000.000
17400,1993,-26.855469,25000000.000
17401,1985,-30.761719,25000000.000
17402,1979,-33.691406,25000000.000
17403,1979,-33.691406,25000000.000
17404,1973,-36.621094,25000000.000
17405,1972,-37.109375,25000000.000
17406,1973,-36.621094,25000000.000
17407,1974,-36.132812,25000000.000
17408,1981,-32.714844,25000000.000
17409,1988,-29.296875,25000000.000
17410,1996,-25.390625,25000000.000
17411,1996,-25.390625,25000000.000
17412,2013,-17.089844,25000000.000
17413,2022,-12.695312,25000000.000
17414,2033,-7.324219,25000000.000
17415,2034,-6.835938,25000000.000
17416,2055,3.417969,25000000.000
17417,2068,9.765625,25000000.000
17418,2080,15.625000,25000000.000
17419,2080,15.625000,25000000.000
17420,2102,26.367188,25000000.000
17421,2109,29.785156,25000000.000
17422,2116,33.203125,25000000.000
17423,2117,33.691406,25000000.000
17424,2121,35.644531,25000000.000
17425,2123,36.621094,25000000.000
17426,2119,34.667969,25000000.000
17427,2119,34.667969,25000000.000
17428,2108,29.296875,25000000.000
17429,2100,25.390625,25000000.000
17430,2092,21.484375,25000000.000
17431,2091,20.996094,25000000.000
17432,2074,12.695312,25000000.000
17433,2067,9.277344,25000000.000
17434,2057,4.394531,25000000.000
17435,2056,3.906250,25000000.000
17436,2039,-4.394531,25000000.000
17437,2029,-9.277344,25000000.000
17438,2019,-14.160156,25000000.000
17439,2018,-14.648438,25000000.000
17440,1999,-23.925781,25000000.000
17441,1991,-27.832031,25000000.000
17442,1983,-31.738281,25000000.000
17443,1982,-32.226562,25000000.000
17444,1974,-36.132812,25000000.000
17445,1972,-37.109375,25000000.000
17446,1972,-37.109375,25000000.000
17447,1972,-37.109375,25000000.000
17448,1978,-34.179688,25000000.000
17449,1983,-31.738281,25000000.000
17450,1991,-27.832031,25000000.000
17451,1991,-27.832031,25000000.000
17452,2006,-20.507812,25000000.000
17453,2015,-16.113281,25000000.000
17454,2026,-10.742188,25000000.000
17455,2025,-11.230469,25000000.000
17456,2045,-1.464844,25000000.000
17457,2056,3.906250,25000000.000
17458,2069,10.253906,25000000.000
17459,2070,10.742188,25000000.000
17460,2091,20.996094,25000000.000
17461,2101,25.878906,25000000.000
17462,2110,30.273438,25000000.000
17463,2111,30.761719,25000000.000
17464,2123,36.621094,25000000.000
17465,2124,37.109375,25000000.000
17466,2124,37.109375,25000000.000
17467,2122,36.132812,25000000.000
17468,2114,32.226562,25000000.000
17469,2108,29.296875,25000000.000
17470,2098,24.414062,25000000.000
17471,2098,24.414062,25000000.000
17472,2081,16.113281,25000000.000
17473,2073,12.207031,25000000.000
17474,2065,8.300781,25000000.000
17475,2064,7.812500,25000000.000
17476,2047,-0.488281,25000000.000
17477,2039,-4.394531,25000000.000
17478,2029,-9.277344,25000000.000
17479,2027,-10.253906,25000000.000
17480,2011,-18.066406,25000000.000
17481,2000,-23.437500,25000000.000
17482,1992,-27.343750,25000000.000
17483,1991,-27.832031,25000000.000
17484,1979,-33.691406,25000000.000
17485,1975,-35.644531,25000000.000
17486,1972,-37.109375,25000000.000
17487,1973,-36.621094,25000000.000
17488,1975,-35.644531,25000000.000
17489,1978,-34.179688,25000000.000
17490,1985,-30.761719,25000000.000
17491,1984,-31.250000,25000000.000
17492,1999,-23.925781,25000000.000
17493,2008,-19.531250,25000000.000
17494,2017,-15.136719,25000000.000
17495,2019,-14.160156,25000000.000
17496,2038,-4.882812,25000000.000
17497,2049,0.488281,25000000.000
17498,2059,5.371094,25000000.000
17499,2061,6.347656,25000000.000
17500,2083,17.089844,25000000.000
17501,2094,22.460938,25000000.000
17502,2103,26.855469,25000000.000
17503,2105,27.832031,25000000.000
17504,2119,34.667969,25000000.000
17505,2122,36.132812,25000000.000
17506,2124,37.109375,25000000.000
17507,2123,36.621094,25000000.000
17508,2118,34.179688,25000000.000
17509,2111,30.761719,25000000.000
17510,2105,27.832031,25000000.000
17511,2105,27.832031,25000000.000
17512,2088,19.531250,25000000.000
17513,2079,15.136719,25000000.000
17514,2071,11.230469,25000000.000
17515,2070,10.742188,25000000.000
17516,2054,2.929688,25000000.000
17517,2046,-0.976562,25000000.000
17518,2036,-5.859375,25000000.000
17519,2035,-6.347656,25000000.000
17520,2017,-15.136719,25000000.000
17521,2007,-20.019531,25000000.000
17522,1999,-23.925781,25000000.000
17523,1998,-24.414062,25000000.000
17524,1982,-32.226562,25000000.000
17525,1977,-34.667969,25000000.000
17526,1974,-36.132812,25000000.000
17527,1974,-36.132812,25000000.000
17528,1972,-37.109375,25000000.000
17529,1976,-35.156250,25000000.000
17530,1981,-32.714844,25000000.000
17531,1982,-32.226562,25000000.000
17532,1994,-26.367188,25000000.000
17533,2001,-22.949219,25000000.000
17534,2010,-18.554688,25000000.000
17535,2012,-17.578125,25000000.000
17536,2029,-9.277344,25000000.000
17537,2039,-4.394531,25000000.000
17538,2050,0.976562,25000000.000
17539,2052,1.953125,25000000.000
17540,2074,12.695312,25000000.000
17541,2085,18.066406,25000000.000
17542,2096,23.437500,25000000.000
17543,2097,23.925781,25000000.000
17544,2114,32.226562,25000000.000
17545,2121,35.644531,25000000.000
17546,2124,37.109375,25000000.000
17547,2124,37.109375,25000000.000
17548,2123,36.621094,25000000.000
17549,2118,34.179688,25000000.000
17550,2112,31.250000,25000000.000
17551,2112,31.250000,25000000.000
17552,2097,23.925781,25000000.000
17553,2086,18.554688,25000000.000
17554,2079,15.136719,25000000.000
17555,2078,14.648438,25000000.000
17556,2061,6.347656,25000000.000
17557,2052,1.953125,25000000.000
17558,2043,-2.441406,25000000.000
17559,2042,-2.929688,25000000.000
17560,2024,-11.718750,25000000.000
17561,2015,-16.113281,25000000.000
17562,2004,-21.484375,25000000.000
17563,2004,-21.484375,25000000.000
17564,1988,-29.296875,25000000.000
17565,1981,-32.714844,25000000.000
17566,1976,-35.156250,25000000.000
17567,1976,-35.156250,25000000.000
17568,1971,-37.597656,25000000.000
17569,1972,-37.109375,25000000.000
17570,1974,-36.132812,25000000.000
17571,1975,-35.644531,25000000.000
17572,1985,-30.761719,25000000.000
17573,1992,-27.343750,25000000.000
17574,1999,-23.925781,25000000.000
17575,2001,-22.949219,25000000.000
17576,2019,-14.160156,25000000.000
17577,2030,-8.789062,25000000.000
17578,2040,-3.906250,25000000.000
17579,2042,-2.929688,25000000.000
17580,2064,7.812500,25000000.000
17581,2076,13.671875,25000000.000
17582,2088,19.531250,25000000.000
17583,2088,19.531250,25000000.000
17584,2108,29.296875,25000000.000
17585,2115,32.714844,25000000.000
17586,2120,35.156250,25000000.000
17587,2121,35.644531,25000000.000
17588,2123,36.621094,25000000.000
17589,2121,35.644531,25000000.000
17590,2115,32.714844,25000000.000
17591,2115,32.714844,25000000.000
17592,2101,25.878906,25000000.000
17593,2094,22.460938,25000000.000
17594,2084,17.578125,25000000.000
17595,2085,18.066406,25000000.000
17596,2068,9.765625,25000000.000
17597,2060,5.859375,25000000.000
17598,2053,2.441406,25000000.000
17599,2051,1.464844,25000000.000
17600,2033,-7.324219,25000000.000
17601,2023,-12.207031,25000000.000
17602,2013,-17.089844,25000000.000
17603,2012,-17.578125,25000000.000
17604,1994,-26.367188,25000000.000
17605,1986,-30.273438,25000000.000
17606,1980,-33.203125,25000000.000
17607,1979,-33.691406,25000000.000
17608,1972,-37.109375,25000000.000
17609,1971,-37.597656,25000000.000
17610,1972,-37.109375,25000000.000
17611,1972,-37.109375,25000000.000
17612,1980,-33.203125,25000000.000
17613,1986,-30.273438,25000000.000
17614,1994,-26.367188,25000000.000
17615,1994,-26.367188,25000000.000
17616,2011,-18.066406,25000000.000
17617,2019,-14.160156,25000000.000
17618,2030,-8.789062,25000000.000
17619,2031,-8.300781,25000000.000
17620,2053,2.441406,25000000.000
17621,2066,8.789062,25000000.000
17622,2075,13.183594,25000000.000
17623,2078,14.648438,25000000.000
17624,2099,24.902344,25000000.000
17625,2109,29.785156,25000000.000
17626,2116,33.203125,25000000.000
17627,2117,33.691406,25000000.000
17628,2125,37.597656,25000000.000
17629,2124,37.109375,25000000.000
17630,2122,36.132812,25000000.000
17631,2122,36.132812,25000000.000
17632,2110,30.273438,25000000.000
17633,2100,25.390625,25000000.000
17634,2092,21.484375,25000000.000
17635,2092,21.484375,25000000.000
17636,2074,12.695312,25000000.000
17637,2066,8.789062,25000000.000
17638,2058,4.882812,25000000.000
17639,2057,4.394531,25000000.000
17640,2040,-3.906250,25000000.000
17641,2032,-7.812500,25000000.000
17642,2021,-13.183594,25000000.000
17643,2020,-13.671875,25000000.000
17644,2004,-21.484375,25000000.000
17645,1995,-25.878906,25000000.000
17646,1987,-29.785156,25000000.000
17647,1985,-30.761719,25000000.000
17648,1975,-35.644531,25000000.000
17649,1972,-37.109375,25000000.000
17650,1972,-37.109375,25000000.000
17651,1971,-37.597656,25000000.000
17652,1977,-34.667969,25000000.000
17653,1980,-33.203125,25000000.000
17654,1987,-29.785156,25000000.000
17655,1988,-29.296875,25000000.000
17656,2004,-21.484375,25000000.000
17657,2013,-17.089844,25000000.000
17658,2024,-11.718750,25000000.000
17659,2025,-11.230469,25000000.000
17660,2046,-0.976562,25000000.000
17661,2056,3.906250,25000000.000
17662,2068,9.765625,25000000.000
17663,2070,10.742188,25000000.000
17664,2090,20.507812,25000000.000
17665,2102,26.367188,25000000.000
17666,2110,30.273438,25000000.000
17667,2111,30.761719,25000000.000
17668,2122,36.132812,25000000.000
17669,2124,37.109375,25000000.000
17670,2124,37.109375,25000000.000
17671,2124,37.109375,25000000.000
17672,2116,33.203125,25000000.000
17673,2110,30.273438,25000000.000
17674,2102,26.367188,25000000.000
17675,2102,26.367188,25000000.000
17676,2085,18.066406,25000000.000
17677,2076,13.671875,25000000.000
17678,2067,9.277344,25000000.000
17679,2066,8.789062,25000000.000
17680,2049,0.488281,25000000.000
17681,2040,-3.906250,25000000.000
17682,2029,-9.277344,25000000.000
17683,2029,-9.277344,25000000.000
17684,2011,-18.066406,25000000.000
17685,2001,-22.949219,25000000.000
17686,1993,-26.855469,25000000.000
17687,1992,-27.343750,25000000.000
17688,1978,-34.179688,25000000.000
17689,1975,-35.644531,25000000.000
17690,1972,-37.109375,25000000.000
17691,1973,-36.621094,25000000.000
17692,1974,-36.132812,25000000.000
17693,1977,-34.667969,25000000.000
17694,1982,-32.226562,25000000.000
17695,1982,-32.226562,25000000.000
17696,1996,-25.390625,25000000.000
17697,2004,-21.484375,25000000.000
17698,2013,-17.089844,25000000.000
17699,2014,-16.601562,25000000.000
17700,2034,-6.835938,25000000.000
17701,2045,-1.464844,25000000.000
17702,2056,3.906250,25000000.000
17703,2057,4.394531,25000000.000
17704,2080,15.625000,25000000.000
17705,2091,20.996094,25000000.000
17706,2101,25.878906,25000000.000
17707,2102,26.367188,25000000.000
17708,2118,34.179688,25000000.000
17709,2121,35.644531,25000000.000
17710,2124,37.109375,25000000.000
17711,2124,37.109375,25000000.000
17712,2121,35.644531,25000000.000
17713,2114,32.226562,25000000.000
17714,2109,29.785156,25000000.000
17715,2107,28.808594,25000000.000
17716,2093,21.972656,25000000.000
17717,2083,17.089844,25000000.000
17718,2074,12.695312,25000000.000
17719,2073,12.207031,25000000.000
17720,2057,4.394531,25000000.000
17721,2047,-0.488281,25000000.000
17722,2038,-4.882812,25000000.000
17723,2036,-5.859375,25000000.000
17724,2020,-13.671875,25000000.000
17725,2010,-18.554688,25000000.000
17726,2000,-23.437500,25000000.000
17727,2000,-23.437500,25000000.000
17728,1986,-30.273438,25000000.000
17729,1980,-33.203125,25000000.000
17730,1976,-35.156250,25000000.000
17731,1975,-35.644531,25000000.000
17732,1973,-36.621094,25000000.000
17733,1974,-36.132812,25000000.000
17734,1977,-34.667969,25000000.000
17735,1978,-34.179688,25000000.000
17736,1989,-28.808594,25000000.000
17737,1996,-25.390625,25000000.000
17738,2006,-20.507812,25000000.000
17739,2006,-20.507812,25000000.000
17740,2025,-11.230469,25000000.000
17741,2036,-5.859375,25000000.000
17742,2047,-0.488281,25000000.000
17743,2050,0.976562,25000000.000
17744,2070,10.742188,25000000.000
17745,2081,16.113281,25000000.000
17746,2091,20.996094,25000000.000
17747,2096,23.437500,25000000.000
17748,2112,31.250000,25000000.000
17749,2119,34.667969,25000000.000
17750,2122,36.132812,25000000.000
17751,2121,35.644531,25000000.000
17752,2123,36.621094,25000000.000
17753,2119,34.667969,25000000.000
17754,2115,32.714844,25000000.000
17755,2115,32.714844,25000000.000
17756,2101,25.878906,25000000.000
17757,2091,20.996094,25000000.000
17758,2082,16.601562,25000000.000
17759,2081,16.113281,25000000.000
17760,2064,7.812500,25000000.000
17761,2054,2.929688,25000000.000
17762,2045,-1.464844,25000000.000
17763,2041,-3.417969,25000000.000
17764,2023,-12.207031,25000000.000
17765,2015,-16.113281,25000000.000
17766,2008,-19.531250,25000000.000
17767,2006,-20.507812,25000000.000
17768,1989,-28.808594,25000000.000
17769,1984,-31.250000,25000000.000
17770,1980,-33.203125,25000000.000
17771,1979,-33.691406,25000000.000
17772,1974,-36.132812,25000000.000
17773,1973,-36.621094,25000000.000
17774,1975,-35.644531,25000000.000
17775,1975,-35.644531,25000000.000
17776,1983,-31.738281,25000000.000
17777,1990,-28.320312,25000000.000
17778,1998,-24.414062,25000000.000
17779,1998,-24.414062,25000000.000
17780,2016,-15.625000,25000000.000
17781,2026,-10.742188,25000000.000
17782,2036,-5.859375,25000000.000
17783,2037,-5.371094,25000000.000
17784,2057,4.394531,25000000.000
17785,2071,11.230469,25000000.000
17786,2085,18.066406,25000000.000
17787,2086,18.554688,25000000.000
17788,2104,27.343750,25000000.000
17789,2111,30.761719,25000000.000
17790,2118,34.179688,25000000.000
17791,2119,34.667969,25000000.000
17792,2123,36.621094,25000000.000
17793,2121,35.644531,25000000.000
17794,2118,34.179688,25000000.000
17795,2117,33.691406,25000000.000
17796,2105,27.832031,25000000.000
17797,2097,23.925781,25000000.000
17798,2088,19.531250,25000000.000
17799,2088,19.531250,25000000.000
17800,2070,10.742188,25000000.000
17801,2061,6.347656,25000000.000
17802,2052,1.953125,25000000.000
17803,2052,1.953125,25000000.000
17804,2034,-6.835938,25000000.000
17805,2024,-11.718750,25000000.000
17806,2015,-16.113281,25000000.000
17807,2014,-16.601562,25000000.000
17808,1997,-24.902344,25000000.000
17809,1989,-28.808594,25000000.000
17810,1983,-31.738281,25000000.000
17811,1983,-31.738281,25000000.000
17812,1974,-36.132812,25000000.000
17813,1973,-36.621094,25000000.000
17814,1973,-36.621094,25000000.000
17815,1973,-36.621094,25000000.000
17816,1979,-33.691406,25000000.000
17817,1983,-31.738281,25000000.000
17818,1990,-28.320312,25000000.000
17819,1991,-27.832031,25000000.000
17820,2008,-19.531250,25000000.000
17821,2017,-15.136719,25000000.000
17822,2027,-10.253906,25000000.000
17823,2028,-9.765625,25000000.000
17824,2049,0.488281,25000000.000
17825,2062,6.835938,25000000.000
17826,2074,12.695312,25000000.000
17827,2076,13.671875,25000000.000
17828,2096,23.437500,25000000.000
17829,2107,28.808594,25000000.000
17830,2115,32.714844,25000000.000
17831,2115,32.714844,25000000.000
17832,2122,36.132812,25000000.000
17833,2124,37.109375,25000000.000
17834,2122,36.132812,25000000.000
17835,2122,36.132812,25000000.000
17836,2111,30.761719,25000000.000
17837,2104,27.343750,25000000.000
17838,2095,22.949219,25000000.000
17839,2095,22.949219,25000000.000
17840,2078,14.648438,25000000.000
17841,2070,10.742188,25000000.000
17842,2061,6.347656,25000000.000
17843,2060,5.859375,25000000.000
17844,2044,-1.953125,25000000.000
17845,2034,-6.835938,25000000.000
17846,2025,-11.230469,25000000.000
17847,2022,-12.695312,25000000.000
17848,2005,-20.996094,25000000.000
17849,1996,-25.390625,25000000.000
17850,1988,-29.296875,25000000.000
17851,1986,-30.273438,25000000.000
17852,1977,-34.667969,25000000.000
17853,1974,-36.132812,25000000.000
17854,1973,-36.621094,25000000.000
17855,1972,-37.109375,25000000.000
17856,1975,-35.644531,25000000.000
17857,1981,-32.714844,25000000.000
17858,1986,-30.273438,25000000.000
17859,1988,-29.296875,25000000.000
17860,2001,-22.949219,25000000.000
17861,2010,-18.554688,25000000.000
17862,2019,-14.160156,25000000.000
17863,2019,-14.160156,25000000.000
17864,2040,-3.906250,25000000.000
17865,2052,1.953125,25000000.000
17866,2063,7.324219,25000000.000
17867,2064,7.812500,25000000.000
17868,2088,19.531250,25000000.000
17869,2098,24.414062,25000000.000
17870,2108,29.296875,25000000.000
17871,2109,29.785156,25000000.000
17872,2122,36.132812,25000000.000
17873,2126,38.085938,25000000.000
17874,2126,38.085938,25000000.000
17875,2126,38.085938,25000000.000
17876,2118,34.179688,25000000.000
17877,2111,30.761719,25000000.000
17878,2103,26.855469,25000000.000
17879,2102,26.367188,25000000.000
17880,2086,18.554688,25000000.000
17881,2077,14.160156,25000000.000
17882,2069,10.253906,25000000.000
17883,2068,9.765625,25000000.000
17884,2051,1.464844,25000000.000
17885,2042,-2.929688,25000000.000
17886,2034,-6.835938,25000000.000
17887,2032,-7.812500,25000000.000
17888,2014,-16.601562,25000000.000
17889,2006,-20.507812,25000000.000
17890,1995,-25.878906,25000000.000
17891,1996,-25.390625,25000000.000
17892,1981,-32.714844,25000000.000
17893,1977,-34.667969,25000000.000
17894,1974,-36.132812,25000000.000
17895,1973,-36.621094,25000000.000
17896,1974,-36.132812,25000000.000
17897,1976,-35.156250,25000000.000
17898,1980,-33.203125,25000000.000
17899,1981,-32.714844,25000000.000
17900,1993,-26.855469,25000000.000
17901,2002,-22.460938,25000000.000
17902,2012,-17.578125,25000000.000
17903,2012,-17.578125,25000000.000
17904,2032,-7.812500,25000000.000
17905,2043,-2.441406,25000000.000
17906,2055,3.417969,25000000.000
17907,2054,2.929688,25000000.000
17908,2077,14.160156,25000000.000
17909,2089,20.019531,25000000.000
17910,2100,25.390625,25000000.000
17911,2101,25.878906,25000000.000
17912,2117,33.691406,25000000.000
17913,2123,36.621094,25000000.000
17914,2126,38.085938,25000000.000
17915,2124,37.109375,25000000.000
17916,2122,36.132812,25000000.000
17917,2117,33.691406,25000000.000
17918,2110,30.273438,25000000.000
17919,2109,29.785156,25000000.000
17920,2093,21.972656,25000000.000
17921,2085,18.066406,25000000.000
17922,2074,12.695312,25000000.000
17923,2074,12.695312,25000000.000
17924,2057,4.394531,25000000.000
17925,2047,-0.488281,25000000.000
17926,2040,-3.906250,25000000.000
17927,2039,-4.394531,25000000.000
17928,2020,-13.671875,25000000.000
17929,2010,-18.554688,25000000.000
17930,2002,-22.460938,25000000.000
17931,2001,-22.949219,25000000.000
17932,1987,-29.785156,25000000.000
17933,1980,-33.203125,25000000.000
17934,1976,-35.156250,25000000.000
17935,1975,-35.644531,25000000.000
17936,1973,-36.621094,25000000.000
17937,1974,-36.132812,25000000.000
17938,1978,-34.179688,25000000.000
17939,1978,-34.179688,25000000.000
17940,1988,-29.296875,25000000.000
17941,1995,-25.878906,25000000.000
17942,2003,-21.972656,25000000.000
17943,2004,-21.484375,25000000.000
17944,2020,-13.671875,25000000.000
17945,2032,-7.812500,25000000.000
17946,2044,-1.953125,25000000.000
17947,2044,-1.953125,25000000.000
17948,2067,9.277344,25000000.000
17949,2079,15.136719,25000000.000
17950,2090,20.507812,25000000.000
17951,2091,20.996094,25000000.000
17952,2110,30.273438,25000000.000
17953,2117,33.691406,25000000.000
17954,2122,36.132812,25000000.000
17955,2123,36.621094,25000000.000
17956,2124,37.109375,25000000.000
17957,2122,36.132812,25000000.000
17958,2116,33.203125,25000000.000
17959,2115,32.714844,25000000.000
17960,2101,25.878906,25000000.000
17961,2092,21.484375,25000000.000
17962,2083,17.089844,25000000.000
17963,2082,16.601562,25000000.000
17964,2065,8.300781,25000000.000
17965,2055,3.417969,25000000.000
17966,2046,-0.976562,25000000.000
17967,2047,-0.488281,25000000.000
17968,2027,-10.253906,25000000.000
17969,2017,-15.136719,25000000.000
17970,2009,-19.042969,25000000.000
17971,2007,-20.019531,25000000.000
17972,1992,-27.343750,25000000.000
17973,1985,-30.761719,25000000.000
17974,1979,-33.691406,25000000.000
17975,1979,-33.691406,25000000.000
17976,1973,-36.621094,25000000.000
17977,1973,-36.621094,25000000.000
17978,1973,-36.621094,25000000.000
17979,1974,-36.132812,25000000.000
17980,1981,-32.714844,25000000.000
17981,1986,-30.273438,25000000.000
17982,1995,-25.878906,25000000.000
17983,1995,-25.878906,25000000.000
17984,2012,-17.578125,25000000.000
17985,2022,-12.695312,25000000.000
17986,2033,-7.324219,25000000.000
17987,2034,-6.835938,25000000.000
17988,2057,4.394531,25000000.000
17989,2070,10.742188,25000000.000
17990,2082,16.601562,25000000.000
17991,2082,16.601562,25000000.000
17992,2102,26.367188,25000000.000
17993,2111,30.761719,25000000.000
17994,2118,34.179688,25000000.000
17995,2118,34.179688,25000000.000
17996,2126,38.085938,25000000.000
17997,2124,37.109375,25000000.000
17998,2120,35.156250,25000000.000
17999,2121,35.644531,25000000.000
18000,2109,29.785156,25000000.000
18001,2101,25.878906,25000000.000
18002,2093,21.972656,25000000.000
18003,2091,20.996094,25000000.000
18004,2074,12.695312,25000000.000
18005,2065,8.300781,25000000.000
18006,2055,3.417969,25000000.000
18007,2055,3.417969,25000000.000
18008,2035,-6.347656,25000000.000
18009,2026,-10.742188,25000000.000
18010,2016,-15.625000,25000000.000
18011,2016,-15.625000,25000000.000
18012,1998,-24.414062,25000000.000
18013,1989,-28.808594,25000000.000
18014,1983,-31.738281,25000000.000
18015,1983,-31.738281,25000000.000
18016,1975,-35.644531,25000000.000
18017,1973,-36.621094,25000000.000
18018,1972,-37.109375,25000000.000
18019,1973,-36.621094,25000000.000
18020,1976,-35.156250,25000000.000
18021,1982,-32.226562,25000000.000
18022,1988,-29.296875,25000000.000
18023,1988,-29.296875,25000000.000
18024,2002,-22.460938,25000000.000
18025,2013,-17.089844,25000000.000
18026,2023,-12.207031,25000000.000
18027,2024,-11.718750,25000000.000
18028,2045,-1.464844,25000000.000
18029,2058,4.882812,25000000.000
18030,2070,10.742188,25000000.000
18031,2072,11.718750,25000000.000
18032,2094,22.460938,25000000.000
18033,2102,26.367188,25000000.000
18034,2112,31.250000,25000000.000
18035,2113,31.738281,25000000.000
18036,2122,36.132812,25000000.000
18037,2124,37.109375,25000000.000
18038,2124,37.109375,25000000.000
18039,2123,36.621094,25000000.000
18040,2114,32.226562,25000000.000
18041,2108,29.296875,25000000.000
18042,2101,25.878906,25000000.000
18043,2100,25.390625,25000000.000
18044,2082,16.601562,25000000.000
18045,2072,11.718750,25000000.000
18046,2063,7.324219,25000000.000
18047,2063,7.324219,25000000.000
18048,2044,-1.953125,25000000.000
18049,2034,-6.835938,25000000.000
18050,2025,-11.230469,25000000.000
18051,2024,-11.718750,25000000.000
18052,2007,-20.019531,25000000.000
18053,1998,-24.414062,25000000.000
18054,1991,-27.832031,25000000.000
18055,1990,-28.320312,25000000.000
18056,1979,-33.691406,25000000.000
18057,1976,-35.156250,25000000.000
18058,1975,-35.644531,25000000.000
18059,1973,-36.621094,25000000.000
18060,1976,-35.156250,25000000.000
18061,1979,-33.691406,25000000.000
18062,1983,-31.738281,25000000.000
18063,1983,-31.738281,25000000.000
18064,1997,-24.902344,25000000.000
18065,2006,-20.507812,25000000.000
18066,2015,-16.113281,25000000.000
18067,2017,-15.136719,25000000.000
18068,2037,-5.371094,25000000.000
18069,2050,0.976562,25000000.000
18070,2062,6.835938,25000000.000
18071,2064,7.812500,25000000.000
18072,2085,18.066406,25000000.000
18073,2096,23.437500,25000000.000
18074,2105,27.832031,25000000.000
18075,2106,28.320312,25000000.000
18076,2119,34.667969,25000000.000
18077,2122,36.132812,25000000.000
18078,2123,36.621094,25000000.000
18079,2124,37.109375,25000000.000
18080,2120,35.156250,25000000.000
18081,2114,32.226562,25000000.000
18082,2108,29.296875,25000000.000
18083,2108,29.296875,25000000.000
18084,2092,21.484375,25000000.000
18085,2081,16.113281,25000000.000
18086,2072,11.718750,25000000.000
18087,2071,11.230469,25000000.000
18088,2053,2.441406,25000000.000
18089,2043,-2.441406,25000000.000
18090,2033,-7.324219,25000000.000
18091,2032,-7.812500,25000000.000
18092,2013,-17.089844,25000000.000
18093,2004,-21.484375,25000000.000
18094,1995,-25.878906,25000000.000
18095,1995,-25.878906,25000000.000
18096,1982,-32.226562,25000000.000
18097,1978,-34.179688,25000000.000
18098,1975,-35.644531,25000000.000
18099,1975,-35.644531,25000000.000
18100,1974,-36.132812,25000000.000
18101,1976,-35.156250,25000000.000
18102,1979,-33.691406,25000000.000
18103,1979,-33.691406,25000000.000
18104,1990,-28.320312,25000000.000
18105,1998,-24.414062,25000000.000
18106,2006,-20.507812,25000000.000
18107,2007,-20.019531,25000000.000
18108,2028,-9.765625,25000000.000
18109,2039,-4.394531,25000000.000
18110,2051,1.464844,25000000.000
18111,2051,1.464844,25000000.000
18112,2072,11.718750,25000000.000
18113,2085,18.066406,25000000.000
18114,2099,24.902344,25000000.000
18115,2099,24.902344,25000000.000
18116,2114,32.226562,25000000.000
18117,2120,35.156250,25000000.000
18118,2125,37.597656,25000000.000
18119,2125,37.597656,25000000.000
18120,2123,36.621094,25000000.000
18121,2120,35.156250,25000000.000
18122,2115,32.714844,25000000.000
18123,2114,32.226562,25000000.000
18124,2099,24.902344,25000000.000
18125,2091,20.996094,25000000.000
18126,2080,15.625000,25000000.000
18127,2080,15.625000,25000000.000
18128,2062,6.835938,25000000.000
18129,2052,1.953125,25000000.000
18130,2042,-2.929688,25000000.000
18131,2040,-3.906250,25000000.000
18132,2023,-12.207031,25000000.000
18133,2014,-16.601562,25000000.000
18134,2003,-21.972656,25000000.000
18135,2002,-22.460938,25000000.000
18136,1988,-29.296875,25000000.000
18137,1983,-31.738281,25000000.000
18138,1978,-34.179688,25000000.000
18139,1978,-34.179688,25000000.000
18140,1973,-36.621094,25000000.000
18141,1973,-36.621094,25000000.000
18142,1976,-35.156250,25000000.000
18143,1976,-35.156250,25000000.000
18144,1985,-30.761719,25000000.000
18145,1991,-27.832031,25000000.000
18146,1999,-23.925781,25000000.000
18147,1999,-23.925781,25000000.000
18148,2018,-14.648438,25000000.000
18149,2030,-8.789062,25000000.000
18150,2040,-3.906250,25000000.000
18151,2040,-3.906250,25000000.000
18152,2064,7.812500,25000000.000
18153,2077,14.160156,25000000.000
18154,2087,19.042969,25000000.000
18155,2090,20.507812,25000000.000
18156,2108,29.296875,25000000.000
18157,2116,33.203125,25000000.000
18158,2120,35.156250,25000000.000
18159,2121,35.644531,25000000.000
18160,2125,37.597656,25000000.000
18161,2122,36.132812,25000000.000
18162,2118,34.179688,25000000.000
18163,2118,34.179688,25000000.000
18164,2106,28.320312,25000000.000
18165,2097,23.925781,25000000.000
18166,2088,19.531250,25000000.000
18167,2087,19.042969,25000000.000
18168,2068,9.765625,25000000.000
18169,2059,5.371094,25000000.000
18170,2049,0.488281,25000000.000
18171,2048,0.000000,25000000.000
18172,2029,-9.277344,25000000.000
18173,2018,-14.648438,25000000.000
18174,2010,-18.554688,25000000.000
18175,2009,-19.042969,25000000.000
18176,1993,-26.855469,25000000.000
18177,1985,-30.761719,25000000.000
18178,1980,-33.203125,25000000.000
18179,1980,-33.203125,25000000.000
18180,1975,-35.644531,25000000.000
18181,1974,-36.132812,25000000.000
18182,1974,-36.132812,25000000.000
18183,1974,-36.132812,25000000.000
18184,1980,-33.203125,25000000.000
18185,1985,-30.761719,25000000.000
18186,1992,-27.343750,25000000.000
18187,1991,-27.832031,25000000.000
18188,2008,-19.531250,25000000.000
18189,2019,-14.160156,25000000.000
18190,2029,-9.277344,25000000.000
18191,2030,-8.789062,25000000.000
18192,2053,2.441406,25000000.000
18193,2066,8.789062,25000000.000
18194,2078,14.648438,25000000.000
18195,2078,14.648438,25000000.000
18196,2098,24.414062,25000000.000
18197,2107,28.808594,25000000.000
18198,2115,32.714844,25000000.000
18199,2115,32.714844,25000000.000
18200,2123,36.621094,25000000.000
18201,2123,36.621094,25000000.000
18202,2122,36.132812,25000000.000
18203,2120,35.156250,25000000.000
18204,2112,31.250000,25000000.000
18205,2105,27.832031,25000000.000
18206,2096,23.437500,25000000.000
18207,2095,22.949219,25000000.000
18208,2078,14.648438,25000000.000
18209,2067,9.277344,25000000.000
18210,2057,4.394531,25000000.000
18211,2056,3.906250,25000000.000
18212,2038,-4.882812,25000000.000
18213,2027,-10.253906,25000000.000
18214,2017,-15.136719,25000000.000
18215,2018,-14.648438,25000000.000
18216,2000,-23.437500,25000000.000
18217,1992,-27.343750,25000000.000
18218,1986,-30.273438,25000000.000
18219,1986,-30.273438,25000000.000
18220,1978,-34.179688,25000000.000
18221,1976,-35.156250,25000000.000
18222,1975,-35.644531,25000000.000
18223,1974,-36.132812,25000000.000
18224,1977,-34.667969,25000000.000
18225,1980,-33.203125,25000000.000
18226,1985,-30.761719,25000000.000
18227,1986,-30.273438,25000000.000
18228,2001,-22.949219,25000000.000
18229,2011,-18.066406,25000000.000
18230,2021,-13.183594,25000000.000
18231,2023,-12.207031,25000000.000
18232,2044,-1.953125,25000000.000
18233,2056,3.906250,25000000.000
18234,2069,10.253906,25000000.000
18235,2070,10.742188,25000000.000
18236,2093,21.972656,25000000.000
18237,2102,26.367188,25000000.000
18238,2110,30.273438,25000000.000
18239,2111,30.761719,25000000.000
18240,2121,35.644531,25000000.000
18241,2123,36.621094,25000000.000
18242,2124,37.109375,25000000.000
18243,2124,37.109375,25000000.000
18244,2117,33.691406,25000000.000
18245,2111,30.761719,25000000.000
18246,2104,27.343750,25000000.000
18247,2103,26.855469,25000000.000
18248,2086,18.554688,25000000.000
18249,2076,13.671875,25000000.000
18250,2067,9.277344,25000000.000
18251,2065,8.300781,25000000.000
18252,2047,-0.488281,25000000.000
18253,2036,-5.859375,25000000.000
18254,2026,-10.742188,25000000.000
18255,2025,-11.230469,25000000.000
18256,2006,-20.507812,25000000.000
18257,1998,-24.414062,25000000.000
18258,1991,-27.832031,25000000.000
18259,1990,-28.320312,25000000.000
18260,1981,-32.714844,25000000.000
18261,1977,-34.667969,25000000.000
18262,1974,-36.132812,25000000.000
18263,1975,-35.644531,25000000.000
18264,1975,-35.644531,25000000.000
18265,1979,-33.691406,25000000.000
18266,1982,-32.226562,25000000.000
18267,1983,-31.738281,25000000.000
18268,1995,-25.878906,25000000.000
18269,2003,-21.972656,25000000.000
18270,2012,-17.578125,25000000.000
18271,2013,-17.089844,25000000.000
18272,2034,-6.835938,25000000.000
18273,2047,-0.488281,25000000.000
18274,2058,4.882812,25000000.000
18275,2060,5.859375,25000000.000
18276,2083,17.089844,25000000.000
18277,2094,22.460938,25000000.000
18278,2105,27.832031,25000000.000
18279,2105,27.832031,25000000.000
18280,2120,35.156250,25000000.000
18281,2124,37.109375,25000000.000
18282,2126,38.085938,25000000.000
18283,2127,38.574219,25000000.000
18284,2122,36.132812,25000000.000
18285,2116,33.203125,25000000.000
18286,2109,29.785156,25000000.000
18287,2108,29.296875,25000000.000
18288,2094,22.460938,25000000.000
18289,2084,17.578125,25000000.000
18290,2074,12.695312,25000000.000
18291,2072,11.718750,25000000.000
18292,2054,2.929688,25000000.000
18293,2045,-1.464844,25000000.000
18294,2035,-6.347656,25000000.000
18295,2034,-6.835938,25000000.000
18296,2016,-15.625000,25000000.000
18297,2007,-20.019531,25000000.000
18298,1998,-24.414062,25000000.000
18299,1998,-24.414062,25000000.000
18300,1985,-30.761719,25000000.000
18301,1979,-33.691406,25000000.000
18302,1977,-34.667969,25000000.000
18303,1977,-34.667969,25000000.000
18304,1974,-36.132812,25000000.000
18305,1975,-35.644531,25000000.000
18306,1979,-33.691406,25000000.000
18307,1979,-33.691406,25000000.000
18308,1988,-29.296875,25000000.000
18309,1995,-25.878906,25000000.000
18310,2003,-21.972656,25000000.000
18311,2004,-21.484375,25000000.000
18312,2023,-12.207031,25000000.000
18313,2033,-7.324219,25000000.000
18314,2046,-0.976562,25000000.000
18315,2047,-0.488281,25000000.000
18316,2071,11.230469,25000000.000
18317,2083,17.089844,25000000.000
18318,2095,22.949219,25000000.000
18319,2097,23.925781,25000000.000
18320,2115,32.714844,25000000.000
18321,2121,35.644531,25000000.000
18322,2125,37.597656,25000000.000
18323,2125,37.597656,25000000.000
18324,2125,37.597656,25000000.000
18325,2120,35.156250,25000000.000
18326,2114,32.226562,25000000.000
18327,2113,31.738281,25000000.000
18328,2098,24.414062,25000000.000
18329,2091,20.996094,25000000.000
18330,2082,16.601562,25000000.000
18331,2081,16.113281,25000000.000
18332,2064,7.812500,25000000.000
18333,2054,2.929688,25000000.000
18334,2046,-0.976562,25000000.000
18335,2044,-1.953125,25000000.000
18336,2025,-11.230469,25000000.000
18337,2015,-16.113281,25000000.000
18338,2006,-20.507812,25000000.000
18339,2005,-20.996094,25000000.000
18340,1990,-28.320312,25000000.000
18341,1982,-32.226562,25000000.000
18342,1978,-34.179688,25000000.000
18343,1977,-34.667969,25000000.000
18344,1974,-36.132812,25000000.000
18345,1974,-36.132812,25000000.000
18346,1976,-35.156250,25000000.000
18347,1976,-35.156250,25000000.000
18348,1984,-31.250000,25000000.000
18349,1991,-27.832031,25000000.000
18350,1997,-24.902344,25000000.000
18351,1998,-24.414062,25000000.000
18352,2014,-16.601562,25000000.000
18353,2023,-12.207031,25000000.000
18354,2034,-6.835938,25000000.000
18355,2035,-6.347656,25000000.000
18356,2058,4.882812,25000000.000
18357,2071,11.230469,25000000.000
18358,2083,17.089844,25000000.000
18359,2084,17.578125,25000000.000
18360,2107,28.808594,25000000.000
18361,2115,32.714844,25000000.000
18362,2121,35.644531,25000000.000
18363,2122,36.132812,25000000.000
18364,2126,38.085938,25000000.000
18365,2123,36.621094,25000000.000
18366,2120,35.156250,25000000.000
18367,2119,34.667969,25000000.000
18368,2105,27.832031,25000000.000
18369,2097,23.925781,25000000.000
18370,2089,20.019531,25000000.000
18371,2089,20.019531,25000000.000
18372,2071,11.230469,25000000.000
18373,2062,6.835938,25000000.000
18374,2054,2.929688,25000000.000
18375,2052,1.953125,25000000.000
18376,2034,-6.835938,25000000.000
18377,2024,-11.718750,25000000.000
18378,2013,-17.089844,25000000.000
18379,2013,-17.089844,25000000.000
18380,1996,-25.390625,25000000.000
18381,1989,-28.808594,25000000.000
18382,1983,-31.738281,25000000.000
18383,1982,-32.226562,25000000.000
18384,1975,-35.644531,25000000.000
18385,1973,-36.621094,25000000.000
18386,1973,-36.621094,25000000.000
18387,1973,-36.621094,25000000.000
18388,1977,-34.667969,25000000.000
18389,1984,-31.250000,25000000.000
18390,1989,-28.808594,25000000.000
18391,1991,-27.832031,25000000.000
18392,2006,-20.507812,25000000.000
18393,2016,-15.625000,25000000.000
18394,2026,-10.742188,25000000.000
18395,2028,-9.765625,25000000.000
18396,2048,0.000000,25000000.000
18397,2061,6.347656,25000000.000
18398,2074,12.695312,25000000.000
18399,2075,13.183594,25000000.000
18400,2098,24.414062,25000000.000
18401,2108,29.296875,25000000.000
18402,2116,33.203125,25000000.000
18403,2117,33.691406,25000000.000
18404,2125,37.597656,25000000.000
18405,2125,37.597656,25000000.000
18406,2122,36.132812,25000000.000
18407,2122,36.132812,25000000.000
18408,2113,31.738281,25000000.000
18409,2105,27.832031,25000000.000
18410,2098,24.414062,25000000.000
18411,2097,23.925781,25000000.000
18412,2079,15.136719,25000000.000
18413,2070,10.742188,25000000.000
18414,2061,6.347656,25000000.000
18415,2060,5.859375,25000000.000
18416,2042,-2.929688,25000000.000
18417,2031,-8.300781,25000000.000
18418,2022,-12.695312,25000000.000
18419,2021,-13.183594,25000000.000
18420,2002,-22.460938,25000000.000
18421,1995,-25.878906,25000000.000
18422,1988,-29.296875,25000000.000
18423,1987,-29.785156,25000000.000
18424,1978,-34.179688,25000000.000
18425,1975,-35.644531,25000000.000
18426,1975,-35.644531,25000000.000
18427,1975,-35.644531,25000000.000
18428,1977,-34.667969,25000000.000
18429,1982,-32.226562,25000000.000
18430,1987,-29.785156,25000000.000
18431,1988,-29.296875,25000000.000
18432,2000,-23.437500,25000000.000
18433,2008,-19.531250,25000000.000
18434,2018,-14.648438,25000000.000
18435,2020,-13.671875,25000000.000
18436,2038,-4.882812,25000000.000
18437,2050,0.976562,25000000.000
18438,2063,7.324219,25000000.000
18439,2064,7.812500,25000000.000
18440,2087,19.042969,25000000.000
18441,2098,24.414062,25000000.000
18442,2108,29.296875,25000000.000
18443,2110,30.273438,25000000.000
18444,2122,36.132812,25000000.000
18445,2125,37.597656,25000000.000
18446,2125,37.597656,25000000.000
18447,2125,37.597656,25000000.000
18448,2118,34.179688,25000000.000
18449,2112,31.250000,25000000.000
18450,2105,27.832031,25000000.000
18451,2104,27.343750,25000000.000
18452,2087,19.042969,25000000.000
18453,2078,14.648438,25000000.000
18454,2069,10.253906,25000000.000
18455,2068,9.765625,25000000.000
18456,2049,0.488281,25000000.000
18457,2040,-3.906250,25000000.000
18458,2030,-8.789062,25000000.000
18459,2029,-9.277344,25000000.000
18460,2012,-17.578125,25000000.000
18461,2000,-23.437500,25000000.000
18462,1994,-26.367188,25000000.000
18463,1994,-26.367188,25000000.000
18464,1981,-32.714844,25000000.000
18465,1978,-34.179688,25000000.000
18466,1974,-36.132812,25000000.000
18467,1976,-35.156250,25000000.000
18468,1975,-35.644531,25000000.000
18469,1977,-34.667969,25000000.000
18470,1981,-32.714844,25000000.000
18471,1982,-32.226562,25000000.000
18472,1993,-26.855469,25000000.000
18473,2000,-23.437500,25000000.000
18474,2011,-18.066406,25000000.000
18475,2011,-18.066406,25000000.000
18476,2031,-8.300781,25000000.000
18477,2042,-2.929688,25000000.000
18478,2055,3.417969,25000000.000
18479,2057,4.394531,25000000.000
18480,2080,15.625000,25000000.000
18481,2091,20.996094,25000000.000
18482,2102,26.367188,25000000.000
18483,2103,26.855469,25000000.000
18484,2118,34.179688,25000000.000
18485,2123,36.621094,25000000.000
18486,2126,38.085938,25000000.000
18487,2126,38.085938,25000000.000
18488,2122,36.132812,25000000.000
18489,2118,34.179688,25000000.000
18490,2110,30.273438,25000000.000
18491,2109,29.785156,25000000.000
18492,2095,22.949219,25000000.000
18493,2086,18.554688,25000000.000
18494,2076,13.671875,25000000.000
18495,2076,13.671875,25000000.000
18496,2057,4.394531,25000000.000
18497,2047,-0.488281,25000000.000
18498,2037,-5.371094,25000000.000
18499,2037,-5.371094,25000000.000
18500,2018,-14.648438,25000000.000
18501,2009,-19.042969,25000000.000
18502,1999,-23.925781,25000000.000
18503,1999,-23.925781,25000000.000
18504,1986,-30.273438,25000000.000
18505,1980,-33.203125,25000000.000
18506,1976,-35.156250,25000000.000
18507,1976,-35.156250,25000000.000
18508,1975,-35.644531,25000000.000
18509,1976,-35.156250,25000000.000
18510,1978,-34.179688,25000000.000
18511,1979,-33.691406,25000000.000
18512,1987,-29.785156,25000000.000
18513,1994,-26.367188,25000000.000
18514,2002,-22.460938,25000000.000
18515,2002,-22.460938,25000000.000
18516,2019,-14.160156,25000000.000
18517,2032,-7.812500,25000000.000
18518,2044,-1.953125,25000000.000
18519,2044,-1.953125,25000000.000
18520,2068,9.765625,25000000.000
18521,2080,15.625000,25000000.000
18522,2092,21.484375,25000000.000
18523,2093,21.972656,25000000.000
18524,2111,30.761719,25000000.000
18525,2118,34.179688,25000000.000
18526,2123,36.621094,25000000.000
18527,2123,36.621094,25000000.000
18528,2125,37.597656,25000000.000
18529,2121,35.644531,25000000.000
18530,2116,33.203125,25000000.000
18531,2115,32.714844,25000000.000
18532,2102,26.367188,25000000.000
18533,2093,21.972656,25000000.000
18534,2084,17.578125,25000000.000
18535,2083,17.089844,25000000.000
18536,2066,8.789062,25000000.000
18537,2056,3.906250,25000000.000
18538,2046,-0.976562,25000000.000
18539,2046,-0.976562,25000000.000
18540,2028,-9.765625,25000000.000
18541,2017,-15.136719,25000000.000
18542,2008,-19.531250,25000000.000
18543,2007,-20.019531,25000000.000
18544,1991,-27.832031,25000000.000
18545,1984,-31.250000,25000000.000
18546,1980,-33.203125,25000000.000
18547,1978,-34.179688,25000000.000
18548,1974,-36.132812,25000000.000
18549,1973,-36.621094,25000000.000
18550,1974,-36.132812,25000000.000
18551,1974,-36.132812,25000000.000
18552,1980,-33.203125,25000000.000
18553,1987,-29.785156,25000000.000
18554,1995,-25.878906,25000000.000
18555,1995,-25.878906,25000000.000
18556,2011,-18.066406,25000000.000
18557,2021,-13.183594,25000000.000
18558,2033,-7.324219,25000000.000
18559,2033,-7.324219,25000000.000
18560,2056,3.906250,25000000.000
18561,2069,10.253906,25000000.000
18562,2081,16.113281,25000000.000
18563,2083,17.089844,25000000.000
18564,2104,27.343750,25000000.000
18565,2112,31.250000,25000000.000
18566,2120,35.156250,25000000.000
18567,2120,35.156250,25000000.000
18568,2126,38.085938,25000000.000
18569,2125,37.597656,25000000.000
18570,2122,36.132812,25000000.000
18571,2121,35.644531,25000000.000
18572,2108,29.296875,25000000.000
18573,2101,25.878906,25000000.000
18574,2091,20.996094,25000000.000
18575,2092,21.484375,25000000.000
18576,2074,12.695312,25000000.000
18577,2063,7.324219,25000000.000
18578,2054,2.929688,25000000.000
18579,2051,1.464844,25000000.000
18580,2033,-7.324219,25000000.000
18581,2024,-11.718750,25000000.000
18582,2014,-16.601562,25000000.000
18583,2013,-17.089844,25000000.000
18584,1997,-24.902344,25000000.000
18585,1988,-29.296875,25000000.000
18586,1983,-31.738281,25000000.000
18587,1984,-31.250000,25000000.000
18588,1975,-35.644531,25000000.000
18589,1974,-36.132812,25000000.000
18590,1975,-35.644531,25000000.000
18591,1975,-35.644531,25000000.000
18592,1979,-33.691406,25000000.000
18593,1983,-31.738281,25000000.000
18594,1990,-28.320312,25000000.000
18595,1990,-28.320312,25000000.000
18596,2003,-21.972656,25000000.000
18597,2013,-17.089844,25000000.000
18598,2023,-12.207031,25000000.000
18599,2024,-11.718750,25000000.000
18600,2047,-0.488281,25000000.000
18601,2058,4.882812,25000000.000
18602,2072,11.718750,25000000.000
18603,2073,12.207031,25000000.000
18604,2095,22.949219,25000000.000
18605,2104,27.343750,25000000.000
18606,2113,31.738281,25000000.000
18607,2114,32.226562,25000000.000
18608,2124,37.109375,25000000.000
18609,2125,37.597656,25000000.000
18610,2123,36.621094,25000000.000
18611,2124,37.109375,25000000.000
18612,2116,33.203125,25000000.000
18613,2107,28.808594,25000000.000
18614,2100,25.390625,25000000.000
18615,2100,25.390625,25000000.000
18616,2082,16.601562,25000000.000
18617,2074,12.695312,25000000.000
18618,2063,7.324219,25000000.000
18619,2063,7.324219,25000000.000
18620,2044,-1.953125,25000000.000
18621,2034,-6.835938,25000000.000
18622,2023,-12.207031,25000000.000
18623,2023,-12.207031,25000000.000
18624,2005,-20.996094,25000000.000
18625,1997,-24.902344,25000000.000
18626,1989,-28.808594,25000000.000
18627,1988,-29.296875,25000000.000
18628,1978,-34.179688,25000000.000
18629,1977,-34.667969,25000000.000
18630,1975,-35.644531,25000000.000
18631,1975,-35.644531,25000000.000
18632,1976,-35.156250,25000000.000
18633,1980,-33.203125,25000000.000
18634,1985,-30.761719,25000000.000
18635,1986,-30.273438,25000000.000
18636,1998,-24.414062,25000000.000
18637,2005,-20.996094,25000000.000
18638,2016,-15.625000,25000000.000
18639,2016,-15.625000,25000000.000
18640,2037,-5.371094,25000000.000
18641,2050,0.976562,25000000.000
18642,2061,6.347656,25000000.000
18643,2062,6.835938,25000000.000
18644,2086,18.554688,25000000.000
18645,2096,23.437500,25000000.000
18646,2107,28.808594,25000000.000
18647,2107,28.808594,25000000.000
18648,2121,35.644531,25000000.000
18649,2124,37.109375,25000000.000
18650,2125,37.597656,25000000.000
18651,2125,37.597656,25000000.000
18652,2119,34.667969,25000000.000
18653,2114,32.226562,25000000.000
18654,2107,28.808594,25000000.000
18655,2107,28.808594,25000000.000
18656,2090,20.507812,25000000.000
18657,2081,16.113281,25000000.000
18658,2072,11.718750,25000000.000
18659,2071,11.230469,25000000.000
18660,2052,1.953125,25000000.000
18661,2043,-2.441406,25000000.000
18662,2030,-8.789062,25000000.000
18663,2031,-8.300781,25000000.000
18664,2011,-18.066406,25000000.000
18665,2003,-21.972656,25000000.000
18666,1993,-26.855469,25000000.000
18667,1993,-26.855469,25000000.000
18668,1982,-32.226562,25000000.000
18669,1978,-34.179688,25000000.000
18670,1977,-34.667969,25000000.000
18671,1975,-35.644531,25000000.000
18672,1977,-34.667969,25000000.000
18673,1978,-34.179688,25000000.000
18674,1982,-32.226562,25000000.000
18675,1983,-31.738281,25000000.000
18676,1993,-26.855469,25000000.000
18677,2001,-22.949219,25000000.000
18678,2007,-20.019531,25000000.000
18679,2009,-19.042969,25000000.000
18680,2026,-10.742188,25000000.000
18681,2038,-4.882812,25000000.000
18682,2051,1.464844,25000000.000
18683,2051,1.464844,25000000.000
18684,2075,13.183594,25000000.000
18685,2086,18.554688,25000000.000
18686,2096,23.437500,25000000.000
18687,2098,24.414062,25000000.000
18688,2114,32.226562,25000000.000
18689,2119,34.667969,25000000.000
18690,2122,36.132812,25000000.000
18691,2123,36.621094,25000000.000
18692,2121,35.644531,25000000.000
18693,2118,34.179688,25000000.000
18694,2114,32.226562,25000000.000
18695,2112,31.250000,25000000.000
18696,2097,23.925781,25000000.000
18697,2090,20.507812,25000000.000
18698,2081,16.113281,25000000.000
18699,2079,15.136719,25000000.000
18700,2061,6.347656,25000000.000
18701,2051,1.464844,25000000.000
18702,2041,-3.417969,25000000.000
18703,2039,-4.394531,25000000.000
18704,2020,-13.671875,25000000.000
18705,2010,-18.554688,25000000.000
18706,2001,-22.949219,25000000.000
18707,2000,-23.437500,25000000.000
18708,1988,-29.296875,25000000.000
18709,1983,-31.738281,25000000.000
18710,1980,-33.203125,25000000.000
18711,1980,-33.203125,25000000.000
18712,1977,-34.667969,25000000.000
18713,1977,-34.667969,25000000.000
18714,1979,-33.691406,25000000.000
18715,1980,-33.203125,25000000.000
18716,1988,-29.296875,25000000.000
18717,1992,-27.343750,25000000.000
18718,2001,-22.949219,25000000.000
18719,2001,-22.949219,25000000.000
18720,2018,-14.648438,25000000.000
18721,2028,-9.765625,25000000.000
18722,2040,-3.906250,25000000.000
18723,2041,-3.417969,25000000.000
18724,2063,7.324219,25000000.000
18725,2076,13.671875,25000000.000
18726,2088,19.531250,25000000.000
18727,2088,19.531250,25000000.000
18728,2106,28.320312,25000000.000
18729,2114,32.226562,25000000.000
18730,2119,34.667969,25000000.000
18731,2119,34.667969,25000000.000
18732,2124,37.109375,25000000.000
18733,2121,35.644531,25000000.000
18734,2118,34.179688,25000000.000
18735,2118,34.179688,25000000.000
18736,2105,27.832031,25000000.000
18737,2096,23.437500,25000000.000
18738,2087,19.042969,25000000.000
18739,2087,19.042969,25000000.000
18740,2067,9.277344,25000000.000
18741,2059,5.371094,25000000.000
18742,2048,0.000000,25000000.000
18743,2046,-0.976562,25000000.000
18744,2028,-9.765625,25000000.000
18745,2017,-15.136719,25000000.000
18746,2008,-19.531250,25000000.000
18747,2007,-20.019531,25000000.000
18748,1992,-27.343750,25000000.000
18749,1986,-30.273438,25000000.000
18750,1981,-32.714844,25000000.000
18751,1980,-33.203125,25000000.000
18752,1976,-35.156250,25000000.000
18753,1976,-35.156250,25000000.000
18754,1977,-34.667969,25000000.000
18755,1977,-34.667969,25000000.000
18756,1983,-31.738281,25000000.000
18757,1987,-29.785156,25000000.000
18758,1994,-26.367188,25000000.000
18759,1994,-26.367188,25000000.000
18760,2009,-19.042969,25000000.000
18761,2018,-14.648438,25000000.000
18762,2029,-9.277344,25000000.000
18763,2030,-8.789062,25000000.000
18764,2053,2.441406,25000000.000
18765,2065,8.300781,25000000.000
18766,2077,14.160156,25000000.000
18767,2079,15.136719,25000000.000
18768,2099,24.902344,25000000.000
18769,2107,28.808594,25000000.000
18770,2114,32.226562,25000000.000
18771,2114,32.226562,25000000.000
18772,2123,36.621094,25000000.000
18773,2123,36.621094,25000000.000
18774,2120,35.156250,25000000.000
18775,2121,35.644531,25000000.000
18776,2111,30.761719,25000000.000
18777,2104,27.343750,25000000.000
18778,2095,22.949219,25000000.000
18779,2095,22.949219,25000000.000
18780,2076,13.671875,25000000.000
18781,2066,8.789062,25000000.000
18782,2057,4.394531,25000000.000
18783,2056,3.906250,25000000.000
18784,2035,-6.347656,25000000.000
18785,2025,-11.230469,25000000.000
18786,2014,-16.601562,25000000.000
18787,2014,-16.601562,25000000.000
18788,1999,-23.925781,25000000.000
18789,1991,-27.832031,25000000.000
18790,1985,-30.761719,25000000.000
18791,1986,-30.273438,25000000.000
18792,1978,-34.179688,25000000.000
18793,1977,-34.667969,25000000.000
18794,1977,-34.667969,25000000.000
18795,1976,-35.156250,25000000.000
18796,1980,-33.203125,25000000.000
18797,1983,-31.738281,25000000.000
18798,1988,-29.296875,25000000.000
18799,1989,-28.808594,25000000.000
18800,2003,-21.972656,25000000.000
18801,2010,-18.554688,25000000.000
18802,2021,-13.183594,25000000.000
18803,2022,-12.695312,25000000.000
18804,2045,-1.464844,25000000.000
18805,2057,4.394531,25000000.000
18806,2068,9.765625,25000000.000
18807,2070,10.742188,25000000.000
18808,2093,21.972656,25000000.000
18809,2100,25.390625,25000000.000
18810,2110,30.273438,25000000.000
18811,2111,30.761719,25000000.000
18812,2120,35.156250,25000000.000
18813,2122,36.132812,25000000.000
18814,2123,36.621094,25000000.000
18815,2123,36.621094,25000000.000
18816,2117,33.691406,25000000.000
18817,2110,30.273438,25000000.000
18818,2104,27.343750,25000000.000
18819,2104,27.343750,25000000.000
18820,2086,18.554688,25000000.000
18821,2076,13.671875,25000000.000
18822,2066,8.789062,25000000.000
18823,2065,8.300781,25000000.000
18824,2045,-1.464844,25000000.000
18825,2034,-6.835938,25000000.000
18826,2024,-11.718750,25000000.000
18827,2024,-11.718750,25000000.000
18828,2005,-20.996094,25000000.000
18829,1999,-23.925781,25000000.000
18830,1990,-28.320312,25000000.000
18831,1990,-28.320312,25000000.000
18832,1982,-32.226562,25000000.000
18833,1978,-34.179688,25000000.000
18834,1977,-34.667969,25000000.000
18835,1977,-34.667969,25000000.000
18836,1979,-33.691406,25000000.000
18837,1980,-33.203125,25000000.000
18838,1984,-31.250000,25000000.000
18839,1985,-30.761719,25000000.000
18840,1996,-25.390625,25000000.000
18841,2004,-21.484375,25000000.000
18842,2013,-17.089844,25000000.000
18843,2014,-16.601562,25000000.000
18844,2034,-6.835938,25000000.000
18845,2045,-1.464844,25000000.000
18846,2057,4.394531,25000000.000
18847,2059,5.371094,25000000.000
18848,2082,16.601562,25000000.000
18849,2093,21.972656,25000000.000
18850,2102,26.367188,25000000.000
18851,2103,26.855469,25000000.000
18852,2116,33.203125,25000000.000
18853,2121,35.644531,25000000.000
18854,2122,36.132812,25000000.000
18855,2121,35.644531,25000000.000
18856,2120,35.156250,25000000.000
18857,2116,33.203125,25000000.000
18858,2109,29.785156,25000000.000
18859,2109,29.785156,25000000.000
18860,2094,22.460938,25000000.000
18861,2084,17.578125,25000000.000
18862,2075,13.183594,25000000.000
18863,2074,12.695312,25000000.000
18864,2055,3.417969,25000000.000
18865,2044,-1.953125,25000000.000
18866,2032,-7.812500,25000000.000
18867,2032,-7.812500,25000000.000
18868,2012,-17.578125,25000000.000
18869,2004,-21.484375,25000000.000
18870,1996,-25.390625,25000000.000
18871,1995,-25.878906,25000000.000
18872,1985,-30.761719,25000000.000
18873,1982,-32.226562,25000000.000
18874,1978,-34.179688,25000000.000
18875,1978,-34.179688,25000000.000
18876,1977,-34.667969,25000000.000
18877,1978,-34.179688,25000000.000
18878,1980,-33.203125,25000000.000
18879,1981,-32.714844,25000000.000
18880,1990,-28.320312,25000000.000
18881,1996,-25.390625,25000000.000
18882,2004,-21.484375,25000000.000
18883,2005,-20.996094,25000000.000
18884,2024,-11.718750,25000000.000
18885,2036,-5.859375,25000000.000
18886,2048,0.000000,25000000.000
18887,2049,0.488281,25000000.000
18888,2073,12.207031,25000000.000
18889,2086,18.554688,25000000.000
18890,2095,22.949219,25000000.000
18891,2097,23.925781,25000000.000
18892,2114,32.226562,25000000.000
18893,2118,34.179688,25000000.000
18894,2122,36.132812,25000000.000
18895,2123,36.621094,25000000.000
18896,2123,36.621094,25000000.000
18897,2120,35.156250,25000000.000
18898,2115,32.714844,25000000.000
18899,2114,32.226562,25000000.000
18900,2103,26.855469,25000000.000
18901,2093,21.972656,25000000.000
18902,2084,17.578125,25000000.000
18903,2082,16.601562,25000000.000
18904,2064,7.812500,25000000.000
18905,2054,2.929688,25000000.000
18906,2044,-1.953125,25000000.000
18907,2042,-2.929688,25000000.000
18908,2021,-13.183594,25000000.000
18909,2012,-17.578125,25000000.000
18910,2002,-22.460938,25000000.000
18911,2002,-22.460938,25000000.000
18912,1988,-29.296875,25000000.000
18913,1982,-32.226562,25000000.000
18914,1980,-33.203125,25000000.000
18915,1979,-33.691406,25000000.000
18916,1976,-35.156250,25000000.000
18917,1978,-34.179688,25000000.000
18918,1978,-34.179688,25000000.000
18919,1979,-33.691406,25000000.000
18920,1985,-30.761719,25000000.000
18921,1991,-27.832031,25000000.000
18922,1997,-24.902344,25000000.000
18923,1998,-24.414062,25000000.000
18924,2014,-16.601562,25000000.000
18925,2023,-12.207031,25000000.000
18926,2035,-6.347656,25000000.000
18927,2036,-5.859375,25000000.000
18928,2060,5.859375,25000000.000
18929,2073,12.207031,25000000.000
18930,2084,17.578125,25000000.000
18931,2086,18.554688,25000000.000
18932,2105,27.832031,25000000.000
18933,2112,31.250000,25000000.000
18934,2117,33.691406,25000000.000
18935,2119,34.667969,25000000.000
18936,2123,36.621094,25000000.000
18937,2122,36.132812,25000000.000
18938,2118,34.179688,25000000.000
18939,2118,34.179688,25000000.000
18940,2108,29.296875,25000000.000
18941,2100,25.390625,25000000.000
18942,2091,20.996094,25000000.000
18943,2091,20.996094,25000000.000
18944,2071,11.230469,25000000.000
18945,2062,6.835938,25000000.000
18946,2052,1.953125,25000000.000
18947,2051,1.464844,25000000.000
18948,2030,-8.789062,25000000.000
18949,2019,-14.160156,25000000.000
18950,2009,-19.042969,25000000.000
18951,2008,-19.531250,25000000.000
18952,1993,-26.855469,25000000.000
18953,1987,-29.785156,25000000.000
18954,1982,-32.226562,25000000.000
18955,1982,-32.226562,25000000.000
18956,1977,-34.667969,25000000.000
18957,1976,-35.156250,25000000.000
18958,1977,-34.667969,25000000.000
18959,1977,-34.667969,25000000.000
18960,1982,-32.226562,25000000.000
18961,1987,-29.785156,25000000.000
18962,1993,-26.855469,25000000.000
18963,1993,-26.855469,25000000.000
18964,2007,-20.019531,25000000.000
18965,2016,-15.625000,25000000.000
18966,2026,-10.742188,25000000.000
18967,2028,-9.765625,25000000.000
18968,2050,0.976562,25000000.000
18969,2062,6.835938,25000000.000
18970,2075,13.183594,25000000.000
18971,2076,13.671875,25000000.000
18972,2098,24.414062,25000000.000
18973,2107,28.808594,25000000.000
18974,2114,32.226562,25000000.000
18975,2115,32.714844,25000000.000
18976,2122,36.132812,25000000.000
18977,2122,36.132812,25000000.000
18978,2120,35.156250,25000000.000
18979,2121,35.644531,25000000.000
18980,2111,30.761719,25000000.000
18981,2105,27.832031,25000000.000
18982,2097,23.925781,25000000.000
18983,2096,23.437500,25000000.000
18984,2080,15.625000,25000000.000
18985,2070,10.742188,25000000.000
18986,2059,5.371094,25000000.000
18987,2060,5.859375,25000000.000
18988,2040,-3.906250,25000000.000
18989,2029,-9.277344,25000000.000
18990,2017,-15.136719,25000000.000
18991,2018,-14.648438,25000000.000
18992,2002,-22.460938,25000000.000
18993,1992,-27.343750,25000000.000
18994,1986,-30.273438,25000000.000
18995,1986,-30.273438,25000000.000
18996,1979,-33.691406,25000000.000
18997,1973,-36.621094,25000000.000
18998,1977,-34.667969,25000000.000
18999,1975,-35.644531,25000000.000
19000,1980,-33.203125,25000000.000
19001,1984,-31.250000,25000000.000
19002,1987,-29.785156,25000000.000
19003,1987,-29.785156,25000000.000
19004,2000,-23.437500,25000000.000
19005,2007,-20.019531,25000000.000
19006,2016,-15.625000,25000000.000
19007,2018,-14.648438,25000000.000
19008,2038,-4.882812,25000000.000
19009,2051,1.464844,25000000.000
19010,2064,7.812500,25000000.000
19011,2065,8.300781,25000000.000
19012,2089,20.019531,25000000.000
19013,2100,25.390625,25000000.000
19014,2108,29.296875,25000000.000
19015,2109,29.785156,25000000.000
19016,2120,35.156250,25000000.000
19017,2123,36.621094,25000000.000
19018,2123,36.621094,25000000.000
19019,2124,37.109375,25000000.000
19020,2118,34.179688,25000000.000
19021,2112,31.250000,25000000.000
19022,2105,27.832031,25000000.000
19023,2104,27.343750,25000000.000
19024,2088,19.531250,25000000.000
19025,2079,15.136719,25000000.000
19026,2068,9.765625,25000000.000
19027,2067,9.277344,25000000.000
19028,2048,0.000000,25000000.000
19029,2037,-5.371094,25000000.000
19030,2027,-10.253906,25000000.000
19031,2026,-10.742188,25000000.000
19032,2007,-20.019531,25000000.000
19033,1999,-23.925781,25000000.000
19034,1993,-26.855469,25000000.000
19035,1992,-27.343750,25000000.000
19036,1982,-32.226562,25000000.000
19037,1978,-34.179688,25000000.000
19038,1977,-34.667969,25000000.000
19039,1977,-34.667969,25000000.000
19040,1978,-34.179688,25000000.000
19041,1980,-33.203125,25000000.000
19042,1983,-31.738281,25000000.000
19043,1984,-31.250000,25000000.000
19044,1994,-26.367188,25000000.000
19045,2001,-22.949219,25000000.000
19046,2009,-19.042969,25000000.000
19047,2010,-18.554688,25000000.000
19048,2030,-8.789062,25000000.000
19049,2042,-2.929688,25000000.000
19050,2056,3.906250,25000000.000
19051,2056,3.906250,25000000.000
19052,2080,15.625000,25000000.000
19053,2092,21.484375,25000000.000
19054,2102,26.367188,25000000.000
19055,2103,26.855469,25000000.000
19056,2118,34.179688,25000000.000
19057,2122,36.132812,25000000.000
19058,2125,37.597656,25000000.000
19059,2124,37.109375,25000000.000
19060,2121,35.644531,25000000.000
19061,2115,32.714844,25000000.000
19062,2110,30.273438,25000000.000
19063,2110,30.273438,25000000.000
19064,2095,22.949219,25000000.000
19065,2087,19.042969,25000000.000
19066,2077,14.160156,25000000.000
19067,2075,13.183594,25000000.000
19068,2057,4.394531,25000000.000
19069,2046,-0.976562,25000000.000
19070,2036,-5.859375,25000000.000
19071,2035,-6.347656,25000000.000
19072,2015,-16.113281,25000000.000
19073,2006,-20.507812,25000000.000
19074,1998,-24.414062,25000000.000
19075,1998,-24.414062,25000000.000
19076,1985,-30.761719,25000000.000
19077,1981,-32.714844,25000000.000
19078,1977,-34.667969,25000000.000
19079,1977,-34.667969,25000000.000
19080,1978,-34.179688,25000000.000
19081,1978,-34.179688,25000000.000
19082,1982,-32.226562,25000000.000
19083,1981,-32.714844,25000000.000
19084,1991,-27.832031,25000000.000
19085,1996,-25.390625,25000000.000
19086,2004,-21.484375,25000000.000
19087,2003,-21.972656,25000000.000
19088,2020,-13.671875,25000000.000
19089,2031,-8.300781,25000000.000
19090,2043,-2.441406,25000000.000
19091,2043,-2.441406,25000000.000
19092,2068,9.765625,25000000.000
19093,2080,15.625000,25000000.000
19094,2092,21.484375,25000000.000
19095,2093,21.972656,25000000.000
19096,2111,30.761719,25000000.000
19097,2117,33.691406,25000000.000
19098,2122,36.132812,25000000.000
19099,2122,36.132812,25000000.000
19100,2123,36.621094,25000000.000
19101,2121,35.644531,25000000.000
19102,2116,33.203125,25000000.000
19103,2115,32.714844,25000000.000
19104,2103,26.855469,25000000.000
19105,2094,22.460938,25000000.000
19106,2084,17.578125,25000000.000
19107,2084,17.578125,25000000.000
19108,2065,8.300781,25000000.000
19109,2055,3.417969,25000000.000
19110,2045,-1.464844,25000000.000
19111,2044,-1.953125,25000000.000
19112,2025,-11.230469,25000000.000
19113,2014,-16.601562,25000000.000
19114,2004,-21.484375,25000000.000
19115,2004,-21.484375,25000000.000
19116,1990,-28.320312,25000000.000
19117,1984,-31.250000,25000000.000
19118,1980,-33.203125,25000000.000
19119,1980,-33.203125,25000000.000
19120,1976,-35.156250,25000000.000
19121,1976,-35.156250,25000000.000
19122,1977,-34.667969,25000000.000
19123,1978,-34.179688,25000000.000
19124,1984,-31.250000,25000000.000
19125,1990,-28.320312,25000000.000
19126,1996,-25.390625,25000000.000
19127,1996,-25.390625,25000000.000
19128,2012,-17.578125,25000000.000
19129,2022,-12.695312,25000000.000
19130,2033,-7.324219,25000000.000
19131,2034,-6.835938,25000000.000
19132,2058,4.882812,25000000.000
19133,2070,10.742188,25000000.000
19134,2083,17.089844,25000000.000
19135,2085,18.066406,25000000.000
19136,2105,27.832031,25000000.000
19137,2112,31.250000,25000000.000
19138,2117,33.691406,25000000.000
19139,2118,34.179688,25000000.000
19140,2124,37.109375,25000000.000
19141,2121,35.644531,25000000.000
19142,2119,34.667969,25000000.000
19143,2118,34.179688,25000000.000
19144,2107,28.808594,25000000.000
19145,2100,25.390625,25000000.000
19146,2092,21.484375,25000000.000
19147,2092,21.484375,25000000.000
19148,2075,13.183594,25000000.000
19149,2065,8.300781,25000000.000
19150,2053,2.441406,25000000.000
19151,2053,2.441406,25000000.000
19152,2032,-7.812500,25000000.000
19153,2021,-13.183594,25000000.000
19154,2010,-18.554688,25000000.000
19155,2012,-17.578125,25000000.000
19156,1996,-25.390625,25000000.000
19157,1989,-28.808594,25000000.000
19158,1982,-32.226562,25000000.000
19159,1982,-32.226562,25000000.000
19160,1977,-34.667969,25000000.000
19161,1977,-34.667969,25000000.000
19162,1977,-34.667969,25000000.000
19163,1977,-34.667969,25000000.000
19164,1982,-32.226562,25000000.000
19165,1986,-30.273438,25000000.000
19166,1991,-27.832031,25000000.000
19167,1990,-28.320312,25000000.000
19168,2005,-20.996094,25000000.000
19169,2013,-17.089844,25000000.000
19170,2022,-12.695312,25000000.000
19171,2023,-12.207031,25000000.000
19172,2047,-0.488281,25000000.000
19173,2060,5.859375,25000000.000
19174,2072,11.718750,25000000.000
19175,2074,12.695312,25000000.000
19176,2095,22.949219,25000000.000
19177,2106,28.320312,25000000.000
19178,2112,31.250000,25000000.000
19179,2114,32.226562,25000000.000
19180,2121,35.644531,25000000.000
19181,2123,36.621094,25000000.000
19182,2120,35.156250,25000000.000
19183,2121,35.644531,25000000.000
19184,2114,32.226562,25000000.000
19185,2108,29.296875,25000000.000
19186,2100,25.390625,25000000.000
19187,2099,24.902344,25000000.000
19188,2082,16.601562,25000000.000
19189,2073,12.207031,25000000.000
19190,2062,6.835938,25000000.000
19191,2061,6.347656,25000000.000
19192,2042,-2.929688,25000000.000
19193,2031,-8.300781,25000000.000
19194,2020,-13.671875,25000000.000
19195,2019,-14.160156,25000000.000
19196,2002,-22.460938,25000000.000
19197,1994,-26.367188,25000000.000
19198,1988,-29.296875,25000000.000
19199,1987,-29.785156,25000000.000
19200,1979,-33.691406,25000000.000
19201,1977,-34.667969,25000000.000
19202,1976,-35.156250,25000000.000
19203,1976,-35.156250,25000000.000
19204,1979,-33.691406,25000000.000
19205,1981,-32.714844,25000000.000
19206,1986,-30.273438,25000000.000
19207,1987,-29.785156,25000000.000
19208,1998,-24.414062,25000000.000
19209,2006,-20.507812,25000000.000
19210,2015,-16.113281,25000000.000
19211,2017,-15.136719,25000000.000
19212,2036,-5.859375,25000000.000
19213,2050,0.976562,25000000.000
19214,2062,6.835938,25000000.000
19215,2064,7.812500,25000000.000
19216,2087,19.042969,25000000.000
19217,2098,24.414062,25000000.000
19218,2107,28.808594,25000000.000
19219,2108,29.296875,25000000.000
19220,2119,34.667969,25000000.000
19221,2122,36.132812,25000000.000
19222,2123,36.621094,25000000.000
19223,2123,36.621094,25000000.000
19224,2119,34.667969,25000000.000
19225,2114,32.226562,25000000.000
19226,2108,29.296875,25000000.000
19227,2107,28.808594,25000000.000
19228,2092,21.484375,25000000.000
19229,2082,16.601562,25000000.000
19230,2072,11.718750,25000000.000
19231,2071,11.230469,25000000.000
19232,2051,1.464844,25000000.000
19233,2041,-3.417969,25000000.000
19234,2029,-9.277344,25000000.000
19235,2028,-9.765625,25000000.000
19236,2007,-20.019531,25000000.000
19237,1999,-23.925781,25000000.000
19238,1991,-27.832031,25000000.000
19239,1991,-27.832031,25000000.000
19240,1981,-32.714844,25000000.000
19241,1979,-33.691406,25000000.000
19242,1977,-34.667969,25000000.000
19243,1977,-34.667969,25000000.000
19244,1978,-34.179688,25000000.000
19245,1980,-33.203125,25000000.000
19246,1983,-31.738281,25000000.000
19247,1983,-31.738281,25000000.000
19248,1993,-26.855469,25000000.000
19249,1999,-23.925781,25000000.000
19250,2007,-20.019531,25000000.000
19251,2008,-19.531250,25000000.000
19252,2026,-10.742188,25000000.000
19253,2038,-4.882812,25000000.000
19254,2050,0.976562,25000000.000
19255,2052,1.953125,25000000.000
19256,2077,14.160156,25000000.000
19257,2089,20.019531,25000000.000
19258,2100,25.390625,25000000.000
19259,2101,25.878906,25000000.000
19260,2116,33.203125,25000000.000
19261,2120,35.156250,25000000.000
19262,2122,36.132812,25000000.000
19263,2123,36.621094,25000000.000
19264,2122,36.132812,25000000.000
19265,2118,34.179688,25000000.000
19266,2113,31.738281,25000000.000
19267,2112,31.250000,25000000.000
19268,2099,24.902344,25000000.000
19269,2091,20.996094,25000000.000
19270,2081,16.113281,25000000.000
19271,2081,16.113281,25000000.000
19272,2061,6.347656,25000000.000
19273,2051,1.464844,25000000.000
19274,2040,-3.906250,25000000.000
19275,2040,-3.906250,25000000.000
19276,2018,-14.648438,25000000.000
19277,2008,-19.531250,25000000.000
19278,1998,-24.414062,25000000.000
19279,1999,-23.925781,25000000.000
19280,1985,-30.761719,25000000.000
19281,1981,-32.714844,25000000.000
19282,1978,-34.179688,25000000.000
19283,1978,-34.179688,25000000.000
19284,1977,-34.667969,25000000.000
19285,1978,-34.179688,25000000.000
19286,1980,-33.203125,25000000.000
19287,1981,-32.714844,25000000.000
19288,1989,-28.808594,25000000.000
19289,1995,-25.878906,25000000.000
19290,2000,-23.437500,25000000.000
19291,2002,-22.460938,25000000.000
19292,2019,-14.160156,25000000.000
19293,2028,-9.765625,25000000.000
19294,2041,-3.417969,25000000.000
19295,2042,-2.929688,25000000.000
19296,2066,8.789062,25000000.000
19297,2079,15.136719,25000000.000
19298,2090,20.507812,25000000.000
19299,2093,21.972656,25000000.000
19300,2109,29.785156,25000000.000
19301,2114,32.226562,25000000.000
19302,2119,34.667969,25000000.000
19303,2119,34.667969,25000000.000
19304,2121,35.644531,25000000.000
19305,2120,35.156250,25000000.000
19306,2118,34.179688,25000000.000
19307,2117,33.691406,25000000.000
19308,2104,27.343750,25000000.000
19309,2097,23.925781,25000000.000
19310,2088,19.531250,25000000.000
19311,2086,18.554688,25000000.000
19312,2068,9.765625,25000000.000
19313,2057,4.394531,25000000.000
19314,2048,0.000000,25000000.000
19315,2046,-0.976562,25000000.000
19316,2025,-11.230469,25000000.000
19317,2015,-16.113281,25000000.000
19318,2005,-20.996094,25000000.000
19319,2004,-21.484375,25000000.000
19320,1990,-28.320312,25000000.000
19321,1985,-30.761719,25000000.000
19322,1981,-32.714844,25000000.000
19323,1981,-32.714844,25000000.000
19324,1978,-34.179688,25000000.000
19325,1977,-34.667969,25000000.000
19326,1979,-33.691406,25000000.000
19327,1978,-34.179688,25000000.000
19328,1984,-31.250000,25000000.000
19329,1989,-28.808594,25000000.000
19330,1994,-26.367188,25000000.000
19331,1996,-25.390625,25000000.000
19332,2009,-19.042969,25000000.000
19333,2019,-14.160156,25000000.000
19334,2029,-9.277344,25000000.000
19335,2031,-8.300781,25000000.000
19336,2052,1.953125,25000000.000
19337,2065,8.300781,25000000.000
19338,2078,14.648438,25000000.000
19339,2080,15.625000,25000000.000
19340,2100,25.390625,25000000.000
19341,2108,29.296875,25000000.000
19342,2115,32.714844,25000000.000
19343,2114,32.226562,25000000.000
19344,2121,35.644531,25000000.000
19345,2122,36.132812,25000000.000
19346,2120,35.156250,25000000.000
19347,2120,35.156250,25000000.000
19348,2111,30.761719,25000000.000
19349,2105,27.832031,25000000.000
19350,2097,23.925781,25000000.000
19351,2096,23.437500,25000000.000
19352,2078,14.648438,25000000.000
19353,2068,9.765625,25000000.000
19354,2057,4.394531,25000000.000
19355,2056,3.906250,25000000.000
19356,2034,-6.835938,25000000.000
19357,2024,-11.718750,25000000.000
19358,2013,-17.089844,25000000.000
19359,2013,-17.089844,25000000.000
19360,1997,-24.902344,25000000.000
19361,1990,-28.320312,25000000.000
19362,1985,-30.761719,25000000.000
19363,1985,-30.761719,25000000.000
19364,1978,-34.179688,25000000.000
19365,1977,-34.667969,25000000.000
19366,1977,-34.667969,25000000.000
19367,1978,-34.179688,25000000.000
19368,1980,-33.203125,25000000.000
19369,1985,-30.761719,25000000.000
19370,1989,-28.808594,25000000.000
19371,1990,-28.320312,25000000.000
19372,2002,-22.460938,25000000.000
19373,2010,-18.554688,25000000.000
19374,2020,-13.671875,25000000.000
19375,2022,-12.695312,25000000.000
19376,2043,-2.441406,25000000.000
19377,2056,3.906250,25000000.000
19378,2070,10.742188,25000000.000
19379,2071,11.230469,25000000.000
19380,2093,21.972656,25000000.000
19381,2102,26.367188,25000000.000
19382,2109,29.785156,25000000.000
19383,2110,30.273438,25000000.000
19384,2118,34.179688,25000000.000
19385,2121,35.644531,25000000.000
19386,2122,36.132812,25000000.000
19387,2122,36.132812,25000000.000
19388,2116,33.203125,25000000.000
19389,2111,30.761719,25000000.000
19390,2105,27.832031,25000000.000
19391,2103,26.855469,25000000.000
19392,2088,19.531250,25000000.000
19393,2076,13.671875,25000000.000
19394,2067,9.277344,25000000.000
19395,2066,8.789062,25000000.000
19396,2046,-0.976562,25000000.000
19397,2034,-6.835938,25000000.000
19398,2022,-12.695312,25000000.000
19399,2021,-13.183594,25000000.000
19400,2004,-21.484375,25000000.000
19401,1995,-25.878906,25000000.000
19402,1989,-28.808594,25000000.000
19403,1989,-28.808594,25000000.000
19404,1980,-33.203125,25000000.000
19405,1978,-34.179688,25000000.000
19406,1978,-34.179688,25000000.000
19407,1978,-34.179688,25000000.000
19408,1980,-33.203125,25000000.000
19409,1983,-31.738281,25000000.000
19410,1986,-30.273438,25000000.000
19411,1987,-29.785156,25000000.000
19412,1998,-24.414062,25000000.000
19413,2005,-20.996094,25000000.000
19414,2013,-17.089844,25000000.000
19415,2015,-16.113281,25000000.000
19416,2034,-6.835938,25000000.000
19417,2046,-0.976562,25000000.000
19418,2058,4.882812,25000000.000
19419,2059,5.371094,25000000.000
19420,2083,17.089844,25000000.000
19421,2096,23.437500,25000000.000
19422,2105,27.832031,25000000.000
19423,2106,28.320312,25000000.000
19424,2119,34.667969,25000000.000
19425,2122,36.132812,25000000.000
19426,2123,36.621094,25000000.000
19427,2123,36.621094,25000000.000
19428,2119,34.667969,25000000.000
19429,2113,31.738281,25000000.000
19430,2108,29.296875,25000000.000
19431,2108,29.296875,25000000.000
19432,2093,21.972656,25000000.000
19433,2083,17.089844,25000000.000
19434,2075,13.183594,25000000.000
19435,2073,12.207031,25000000.000
19436,2054,2.929688,25000000.000
19437,2043,-2.441406,25000000.000
19438,2032,-7.812500,25000000.000
19439,2031,-8.300781,25000000.000
19440,2011,-18.066406,25000000.000
19441,2003,-21.972656,25000000.000
19442,1995,-25.878906,25000000.000
19443,1994,-26.367188,25000000.000
19444,1984,-31.250000,25000000.000
19445,1980,-33.203125,25000000.000
19446,1978,-34.179688,25000000.000
19447,1978,-34.179688,25000000.000
19448,1978,-34.179688,25000000.000
19449,1979,-33.691406,25000000.000
19450,1982,-32.226562,25000000.000
19451,1983,-31.738281,25000000.000
19452,1992,-27.343750,25000000.000
19453,1998,-24.414062,25000000.000
19454,2005,-20.996094,25000000.000
19455,2006,-20.507812,25000000.000
19456,2024,-11.718750,25000000.000
19457,2036,-5.859375,25000000.000
19458,2047,-0.488281,25000000.000
19459,2049,0.488281,25000000.000
19460,2074,12.695312,25000000.000
19461,2086,18.554688,25000000.000
19462,2098,24.414062,25000000.000
19463,2098,24.414062,25000000.000
19464,2115,32.714844,25000000.000
19465,2120,35.156250,25000000.000
19466,2122,36.132812,25000000.000
19467,2123,36.621094,25000000.000
19468,2122,36.132812,25000000.000
19469,2118,34.179688,25000000.000
19470,2113,31.738281,25000000.000
19471,2113,31.738281,25000000.000
19472,2098,24.414062,25000000.000
19473,2090,20.507812,25000000.000
19474,2081,16.113281,25000000.000
19475,2081,16.113281,25000000.000
19476,2062,6.835938,25000000.000
19477,2051,1.464844,25000000.000
19478,2042,-2.929688,25000000.000
19479,2040,-3.906250,25000000.000
19480,2020,-13.671875,25000000.000
19481,2010,-18.554688,25000000.000
19482,2001,-22.949219,25000000.000
19483,2000,-23.437500,25000000.000
19484,1988,-29.296875,25000000.000
19485,1983,-31.738281,25000000.000
19486,1979,-33.691406,25000000.000
19487,1978,-34.179688,25000000.000
19488,1977,-34.667969,25000000.000
19489,1977,-34.667969,25000000.000
19490,1979,-33.691406,25000000.000
19491,1980,-33.203125,25000000.000
19492,1988,-29.296875,25000000.000
19493,1993,-26.855469,25000000.000
19494,1999,-23.925781,25000000.000
19495,2000,-23.437500,25000000.000
19496,2014,-16.601562,25000000.000
19497,2025,-11.230469,25000000.000
19498,2036,-5.859375,25000000.000
19499,2037,-5.371094,25000000.000
19500,2061,6.347656,25000000.000
19501,2074,12.695312,25000000.000
19502,2090,20.507812,25000000.000
19503,2088,19.531250,25000000.000
19504,2105,27.832031,25000000.000
19505,2116,33.203125,25000000.000
19506,2121,35.644531,25000000.000
19507,2121,35.644531,25000000.000
19508,2124,37.109375,25000000.000
19509,2122,36.132812,25000000.000
19510,2118,34.179688,25000000.000
19511,2117,33.691406,25000000.000
19512,2105,27.832031,25000000.000
19513,2097,23.925781,25000000.000
19514,2090,20.507812,25000000.000
19515,2089,20.019531,25000000.000
19516,2071,11.230469,25000000.000
19517,2062,6.835938,25000000.000
19518,2051,1.464844,25000000.000
19519,2049,0.488281,25000000.000
19520,2030,-8.789062,25000000.000
19521,2020,-13.671875,25000000.000
19522,2008,-19.531250,25000000.000
19523,2008,-19.531250,25000000.000
19524,1992,-27.343750,25000000.000
19525,1986,-30.273438,25000000.000
19526,1981,-32.714844,25000000.000
19527,1980,-33.203125,25000000.000
19528,1975,-35.644531,25000000.000
19529,1976,-35.156250,25000000.000
19530,1975,-35.644531,25000000.000
19531,1975,-35.644531,25000000.000
19532,1982,-32.226562,25000000.000
19533,1986,-30.273438,25000000.000
19534,1993,-26.855469,25000000.000
19535,1993,-26.855469,25000000.000
19536,2008,-19.531250,25000000.000
19537,2016,-15.625000,25000000.000
19538,2026,-10.742188,25000000.000
19539,2027,-10.253906,25000000.000
19540,2050,0.976562,25000000.000
19541,2063,7.324219,25000000.000
19542,2077,14.160156,25000000.000
19543,2078,14.648438,25000000.000
19544,2101,25.878906,25000000.000
19545,2108,29.296875,25000000.000
19546,2116,33.203125,25000000.000
19547,2117,33.691406,25000000.000
19548,2125,37.597656,25000000.000
19549,2124,37.109375,25000000.000
19550,2122,36.132812,25000000.000
19551,2122,36.132812,25000000.000
19552,2111,30.761719,25000000.000
19553,2105,27.832031,25000000.000
19554,2097,23.925781,25000000.000
19555,2096,23.437500,25000000.000
19556,2078,14.648438,25000000.000
19557,2069,10.253906,25000000.000
19558,2059,5.371094,25000000.000
19559,2057,4.394531,25000000.000
19560,2038,-4.882812,25000000.000
19561,2027,-10.253906,25000000.000
19562,2017,-15.136719,25000000.000
19563,2015,-16.113281,25000000.000
19564,1999,-23.925781,25000000.000
19565,1991,-27.832031,25000000.000
19566,1984,-31.250000,25000000.000
19567,1984,-31.250000,25000000.000
19568,1977,-34.667969,25000000.000
19569,1976,-35.156250,25000000.000
19570,1975,-35.644531,25000000.000
19571,1977,-34.667969,25000000.000
19572,1979,-33.691406,25000000.000
19573,1984,-31.250000,25000000.000
19574,1988,-29.296875,25000000.000
19575,1989,-28.808594,25000000.000
19576,2001,-22.949219,25000000.000
19577,2008,-19.531250,25000000.000
19578,2017,-15.136719,25000000.000
19579,2018,-14.648438,25000000.000
19580,2039,-4.394531,25000000.000
19581,2051,1.464844,25000000.000
19582,2064,7.812500,25000000.000
19583,2065,8.300781,25000000.000
19584,2089,20.019531,25000000.000
19585,2102,26.367188,25000000.000
19586,2112,31.250000,25000000.000
19587,2111,30.761719,25000000.000
19588,2123,36.621094,25000000.000
19589,2124,37.109375,25000000.000
19590,2124,37.109375,25000000.000
19591,2124,37.109375,25000000.000
19592,2117,33.691406,25000000.000
19593,2111,30.761719,25000000.000
19594,2106,28.320312,25000000.000
19595,2105,27.832031,25000000.000
19596,2088,19.531250,25000000.000
19597,2079,15.136719,25000000.000
19598,2069,10.253906,25000000.000
19599,2068,9.765625,25000000.000
19600,2048,0.000000,25000000.000
19601,2039,-4.394531,25000000.000
19602,2028,-9.765625,25000000.000
19603,2027,-10.253906,25000000.000
19604,2007,-20.019531,25000000.000
19605,1999,-23.925781,25000000.000
19606,1991,-27.832031,25000000.000
19607,1990,-28.320312,25000000.000
19608,1980,-33.203125,25000000.000
19609,1978,-34.179688,25000000.000
19610,1978,-34.179688,25000000.000
19611,1977,-34.667969,25000000.000
19612,1978,-34.179688,25000000.000
19613,1981,-32.714844,25000000.000
19614,1985,-30.761719,25000000.000
19615,1985,-30.761719,25000000.000
19616,1995,-25.878906,25000000.000
19617,2001,-22.949219,25000000.000
19618,2009,-19.042969,25000000.000
19619,2011,-18.066406,25000000.000
19620,2028,-9.765625,25000000.000
19621,2039,-4.394531,25000000.000
19622,2052,1.953125,25000000.000
19623,2053,2.441406,25000000.000
19624,2079,15.136719,25000000.000
19625,2090,20.507812,25000000.000
19626,2101,25.878906,25000000.000
19627,2103,26.855469,25000000.000
19628,2117,33.691406,25000000.000
19629,2121,35.644531,25000000.000
19630,2123,36.621094,25000000.000
19631,2122,36.132812,25000000.000
19632,2120,35.156250,25000000.000
19633,2116,33.203125,25000000.000
19634,2111,30.761719,25000000.000
19635,2110,30.273438,25000000.000
19636,2096,23.437500,25000000.000
19637,2087,19.042969,25000000.000
19638,2078,14.648438,25000000.000
19639,2078,14.648438,25000000.000
19640,2058,4.882812,25000000.000
19641,2048,0.000000,25000000.000
19642,2036,-5.859375,25000000.000
19643,2035,-6.347656,25000000.000
19644,2015,-16.113281,25000000.000
19645,2004,-21.484375,25000000.000
19646,1996,-25.390625,25000000.000
19647,1996,-25.390625,25000000.000
19648,1983,-31.738281,25000000.000
19649,1980,-33.203125,25000000.000
19650,1978,-34.179688,25000000.000
19651,1979,-33.691406,25000000.000
19652,1978,-34.179688,25000000.000
19653,1980,-33.203125,25000000.000
19654,1982,-32.226562,25000000.000
19655,1982,-32.226562,25000000.000
19656,1991,-27.832031,25000000.000
19657,1997,-24.902344,25000000.000
19658,2004,-21.484375,25000000.000
19659,2005,-20.996094,25000000.000
19660,2022,-12.695312,25000000.000
19661,2032,-7.812500,25000000.000
19662,2044,-1.953125,25000000.000
19663,2044,-1.953125,25000000.000
19664,2069,10.253906,25000000.000
19665,2081,16.113281,25000000.000
19666,2094,22.460938,25000000.000
19667,2096,23.437500,25000000.000
19668,2113,31.738281,25000000.000
19669,2120,35.156250,25000000.000
19670,2123,36.621094,25000000.000
19671,2124,37.109375,25000000.000
19672,2123,36.621094,25000000.000
19673,2120,35.156250,25000000.000
19674,2116,33.203125,25000000.000
19675,2114,32.226562,25000000.000
19676,2102,26.367188,25000000.000
19677,2093,21.972656,25000000.000
19678,2086,18.554688,25000000.000
19679,2083,17.089844,25000000.000
19680,2064,7.812500,25000000.000
19681,2055,3.417969,25000000.000
19682,2044,-1.953125,25000000.000
19683,2043,-2.441406,25000000.000
19684,2023,-12.207031,25000000.000
19685,2013,-17.089844,25000000.000
19686,2003,-21.972656,25000000.000
19687,2002,-22.460938,25000000.000
19688,1988,-29.296875,25000000.000
19689,1983,-31.738281,25000000.000
19690,1979,-33.691406,25000000.000
19691,1979,-33.691406,25000000.000
19692,1977,-34.667969,25000000.000
19693,1978,-34.179688,25000000.000
19694,1980,-33.203125,25000000.000
19695,1980,-33.203125,25000000.000
19696,1987,-29.785156,25000000.000
19697,1992,-27.343750,25000000.000
19698,1998,-24.414062,25000000.000
19699,1999,-23.925781,25000000.000
19700,2013,-17.089844,25000000.000
19701,2022,-12.695312,25000000.000
19702,2033,-7.324219,25000000.000
19703,2034,-6.835938,25000000.000
19704,2058,4.882812,25000000.000
19705,2070,10.742188,25000000.000
19706,2084,17.578125,25000000.000
19707,2085,18.066406,25000000.000
19708,2106,28.320312,25000000.000
19709,2114,32.226562,25000000.000
19710,2120,35.156250,25000000.000
19711,2120,35.156250,25000000.000
19712,2124,37.109375,25000000.000
19713,2123,36.621094,25000000.000
19714,2119,34.667969,25000000.000
19715,2118,34.179688,25000000.000
19716,2108,29.296875,25000000.000
19717,2101,25.878906,25000000.000
19718,2091,20.996094,25000000.000
19719,2091,20.996094,25000000.000
19720,2073,12.207031,25000000.000
19721,2063,7.324219,25000000.000
19722,2053,2.441406,25000000.000
19723,2053,2.441406,25000000.000
19724,2032,-7.812500,25000000.000
19725,2021,-13.183594,25000000.000
19726,2011,-18.066406,25000000.000
19727,2010,-18.554688,25000000.000
19728,1993,-26.855469,25000000.000
19729,1987,-29.785156,25000000.000
19730,1982,-32.226562,25000000.000
19731,1981,-32.714844,25000000.000
19732,1976,-35.156250,25000000.000
19733,1975,-35.644531,25000000.000
19734,1977,-34.667969,25000000.000
19735,1978,-34.179688,25000000.000
19736,1983,-31.738281,25000000.000
19737,1987,-29.785156,25000000.000
19738,1991,-27.832031,25000000.000
19739,1993,-26.855469,25000000.000
19740,2005,-20.996094,25000000.000
19741,2014,-16.601562,25000000.000
19742,2023,-12.207031,25000000.000
19743,2024,-11.718750,25000000.000
19744,2045,-1.464844,25000000.000
19745,2059,5.371094,25000000.000
19746,2071,11.230469,25000000.000
19747,2073,12.207031,25000000.000
19748,2096,23.437500,25000000.000
19749,2106,28.320312,25000000.000
19750,2114,32.226562,25000000.000
19751,2116,33.203125,25000000.000
19752,2123,36.621094,25000000.000
19753,2124,37.109375,25000000.000
19754,2122,36.132812,25000000.000
19755,2122,36.132812,25000000.000
19756,2113,31.738281,25000000.000
19757,2107,28.808594,25000000.000
19758,2099,24.902344,25000000.000
19759,2097,23.925781,25000000.000
19760,2081,16.113281,25000000.000
19761,2071,11.230469,25000000.000
19762,2062,6.835938,25000000.000
19763,2061,6.347656,25000000.000
19764,2041,-3.417969,25000000.000
19765,2030,-8.789062,25000000.000
19766,2019,-14.160156,25000000.000
19767,2018,-14.648438,25000000.000
19768,2000,-23.437500,25000000.000
19769,1992,-27.343750,25000000.000
19770,1986,-30.273438,25000000.000
19771,1987,-29.785156,25000000.000
19772,1978,-34.179688,25000000.000
19773,1978,-34.179688,25000000.000
19774,1976,-35.156250,25000000.000
19775,1976,-35.156250,25000000.000
19776,1980,-33.203125,25000000.000
19777,1983,-31.738281,25000000.000
19778,1988,-29.296875,25000000.000
19779,1989,-28.808594,25000000.000
19780,2000,-23.437500,25000000.000
19781,2008,-19.531250,25000000.000
19782,2017,-15.136719,25000000.000
19783,2017,-15.136719,25000000.000
19784,2036,-5.859375,25000000.000
19785,2047,-0.488281,25000000.000
19786,2059,5.371094,25000000.000
19787,2061,6.347656,25000000.000
19788,2084,17.578125,25000000.000
19789,2096,23.437500,25000000.000
19790,2106,28.320312,25000000.000
19791,2108,29.296875,25000000.000
19792,2121,35.644531,25000000.000
19793,2125,37.597656,25000000.000
19794,2126,38.085938,25000000.000
19795,2126,38.085938,25000000.000
19796,2120,35.156250,25000000.000
19797,2114,32.226562,25000000.000
19798,2107,28.808594,25000000.000
19799,2106,28.320312,25000000.000
19800,2090,20.507812,25000000.000
19801,2081,16.113281,25000000.000
19802,2070,10.742188,25000000.000
19803,2068,9.765625,25000000.000
19804,2049,0.488281,25000000.000
19805,2040,-3.906250,25000000.000
19806,2028,-9.765625,25000000.000
19807,2028,-9.765625,25000000.000
19808,2009,-19.042969,25000000.000
19809,2000,-23.437500,25000000.000
19810,1993,-26.855469,25000000.000
19811,1992,-27.343750,25000000.000
19812,1982,-32.226562,25000000.000
19813,1979,-33.691406,25000000.000
19814,1977,-34.667969,25000000.000
19815,1977,-34.667969,25000000.000
19816,1978,-34.179688,25000000.000
19817,1982,-32.226562,25000000.000
19818,1985,-30.761719,25000000.000
19819,1985,-30.761719,25000000.000
19820,1995,-25.878906,25000000.000
19821,2003,-21.972656,25000000.000
19822,2010,-18.554688,25000000.000
19823,2012,-17.578125,25000000.000
19824,2028,-9.765625,25000000.000
19825,2038,-4.882812,25000000.000
19826,2050,0.976562,25000000.000
19827,2052,1.953125,25000000.000
19828,2074,12.695312,25000000.000
19829,2085,18.066406,25000000.000
19830,2097,23.925781,25000000.000
19831,2098,24.414062,25000000.000
19832,2115,32.714844,25000000.000
19833,2120,35.156250,25000000.000
19834,2124,37.109375,25000000.000
19835,2125,37.597656,25000000.000
19836,2125,37.597656,25000000.000
19837,2120,35.156250,25000000.000
19838,2115,32.714844,25000000.000
19839,2113,31.738281,25000000.000
19840,2099,24.902344,25000000.000
19841,2088,19.531250,25000000.000
19842,2079,15.136719,25000000.000
19843,2078,14.648438,25000000.000
19844,2058,4.882812,25000000.000
19845,2047,-0.488281,25000000.000
19846,2036,-5.859375,25000000.000
19847,2035,-6.347656,25000000.000
19848,2015,-16.113281,25000000.000
19849,2007,-20.019531,25000000.000
19850,1998,-24.414062,25000000.000
19851,1998,-24.414062,25000000.000
19852,1989,-28.808594,25000000.000
19853,1981,-32.714844,25000000.000
19854,1978,-34.179688,25000000.000
19855,1980,-33.203125,25000000.000
19856,1977,-34.667969,25000000.000
19857,1977,-34.667969,25000000.000
19858,1981,-32.714844,25000000.000
19859,1980,-33.203125,25000000.000
19860,1990,-28.320312,25000000.000
19861,1997,-24.902344,25000000.000
19862,2003,-21.972656,25000000.000
19863,2004,-21.484375,25000000.000
19864,2021,-13.183594,25000000.000
19865,2031,-8.300781,25000000.000
19866,2042,-2.929688,25000000.000
19867,2042,-2.929688,25000000.000
19868,2064,7.812500,25000000.000
19869,2076,13.671875,25000000.000
19870,2087,19.042969,25000000.000
19871,2088,19.531250,25000000.000
19872,2106,28.320312,25000000.000
19873,2114,32.226562,25000000.000
19874,2121,35.644531,25000000.000
19875,2121,35.644531,25000000.000
19876,2124,37.109375,25000000.000
19877,2123,36.621094,25000000.000
19878,2121,35.644531,25000000.000
19879,2119,34.667969,25000000.000
19880,2106,28.320312,25000000.000
19881,2098,24.414062,25000000.000
19882,2089,20.019531,25000000.000
19883,2087,19.042969,25000000.000
19884,2067,9.277344,25000000.000
19885,2057,4.394531,25000000.000
19886,2047,-0.488281,25000000.000
19887,2046,-0.976562,25000000.000
19888,2025,-11.230469,25000000.000
19889,2015,-16.113281,25000000.000
19890,2005,-20.996094,25000000.000
19891,2004,-21.484375,25000000.000
19892,1990,-28.320312,25000000.000
19893,1984,-31.250000,25000000.000
19894,1979,-33.691406,25000000.000
19895,1980,-33.203125,25000000.000
19896,1976,-35.156250,25000000.000
19897,1977,-34.667969,25000000.000
19898,1980,-33.203125,25000000.000
19899,1979,-33.691406,25000000.000
19900,1986,-30.273438,25000000.000
19901,1992,-27.343750,25000000.000
19902,1997,-24.902344,25000000.000
19903,1999,-23.925781,25000000.000
19904,2013,-17.089844,25000000.000
19905,2022,-12.695312,25000000.000
19906,2031,-8.300781,25000000.000
19907,2033,-7.324219,25000000.000
19908,2053,2.441406,25000000.000
19909,2066,8.789062,25000000.000
19910,2078,14.648438,25000000.000
19911,2078,14.648438,25000000.000
19912,2099,24.902344,25000000.000
19913,2108,29.296875,25000000.000
19914,2115,32.714844,25000000.000
19915,2116,33.203125,25000000.000
19916,2124,37.109375,25000000.000
19917,2124,37.109375,25000000.000
19918,2122,36.132812,25000000.000
19919,2122,36.132812,25000000.000
19920,2111,30.761719,25000000.000
19921,2105,27.832031,25000000.000
19922,2096,23.437500,25000000.000
19923,2095,22.949219,25000000.000
19924,2076,13.671875,25000000.000
19925,2065,8.300781,25000000.000
19926,2054,2.929688,25000000.000
19927,2052,1.953125,25000000.000
19928,2032,-7.812500,25000000.000
19929,2023,-12.207031,25000000.000
19930,2013,-17.089844,25000000.000
19931,2011,-18.066406,25000000.000
19932,1995,-25.878906,25000000.000
19933,1988,-29.296875,25000000.000
19934,1982,-32.226562,25000000.000
19935,1982,-32.226562,25000000.000
19936,1976,-35.156250,25000000.000
19937,1976,-35.156250,25000000.000
19938,1976,-35.156250,25000000.000
19939,1976,-35.156250,25000000.000
19940,1981,-32.714844,25000000.000
19941,1987,-29.785156,25000000.000
19942,1991,-27.832031,25000000.000
19943,1993,-26.855469,25000000.000
19944,2006,-20.507812,25000000.000
19945,2014,-16.601562,25000000.000
19946,2023,-12.207031,25000000.000
19947,2024,-11.718750,25000000.000
19948,2045,-1.464844,25000000.000
19949,2055,3.417969,25000000.000
19950,2069,10.253906,25000000.000
19951,2071,11.230469,25000000.000
19952,2092,21.484375,25000000.000
19953,2100,25.390625,25000000.000
19954,2109,29.785156,25000000.000
19955,2111,30.761719,25000000.000
19956,2120,35.156250,25000000.000
19957,2122,36.132812,25000000.000
19958,2123,36.621094,25000000.000
19959,2123,36.621094,25000000.000
19960,2119,34.667969,25000000.000
19961,2112,31.250000,25000000.000
19962,2104,27.343750,25000000.000
19963,2103,26.855469,25000000.000
19964,2086,18.554688,25000000.000
19965,2075,13.183594,25000000.000
19966,2063,7.324219,25000000.000
19967,2063,7.324219,25000000.000
19968,2041,-3.417969,25000000.000
19969,2031,-8.300781,25000000.000
19970,2021,-13.183594,25000000.000
19971,2020,-13.671875,25000000.000
19972,2002,-22.460938,25000000.000
19973,1993,-26.855469,25000000.000
19974,1987,-29.785156,25000000.000
19975,1988,-29.296875,25000000.000
19976,1979,-33.691406,25000000.000
19977,1977,-34.667969,25000000.000
19978,1976,-35.156250,25000000.000
19979,1977,-34.667969,25000000.000
19980,1980,-33.203125,25000000.000
19981,1983,-31.738281,25000000.000
19982,1987,-29.785156,25000000.000
19983,1988,-29.296875,25000000.000
19984,2000,-23.437500,25000000.000
19985,2008,-19.531250,25000000.000
19986,2016,-15.625000,25000000.000
19987,2016,-15.625000,25000000.000
19988,2035,-6.347656,25000000.000
19989,2046,-0.976562,25000000.000
19990,2057,4.394531,25000000.000
19991,2059,5.371094,25000000.000
19992,2080,15.625000,25000000.000
19993,2092,21.484375,25000000.000
19994,2102,26.367188,25000000.000
19995,2103,26.855469,25000000.000
19996,2117,33.691406,25000000.000
19997,2121,35.644531,25000000.000
19998,2125,37.597656,25000000.000
19999,2124,37.109375,25000000.000
20000,2122,36.132812,25000000.000
20001,2118,34.179688,25000000.000
20002,2111,30.761719,25000000.000
20003,2111,30.761719,25000000.000
20004,2094,22.460938,25000000.000
20005,2085,18.066406,25000000.000
20006,2074,12.695312,25000000.000
20007,2073,12.207031,25000000.000
20008,2052,1.953125,25000000.000
20009,2041,-3.417969,25000000.000
20010,2031,-8.300781,25000000.000
20011,2029,-9.277344,25000000.000
20012,2010,-18.554688,25000000.000
20013,2001,-22.949219,25000000.000
20014,1994,-26.367188,25000000.000
20015,1994,-26.367188,25000000.000
20016,1983,-31.738281,25000000.000
20017,1980,-33.203125,25000000.000
20018,1978,-34.179688,25000000.000
20019,1977,-34.667969,25000000.000
20020,1978,-34.179688,25000000.000
20021,1979,-33.691406,25000000.000
20022,1983,-31.738281,25000000.000
20023,1984,-31.250000,25000000.000
20024,1994,-26.367188,25000000.000
20025,2000,-23.437500,25000000.000
20026,2009,-19.042969,25000000.000
20027,2009,-19.042969,25000000.000
20028,2027,-10.253906,25000000.000
20029,2037,-5.371094,25000000.000
20030,2048,0.000000,25000000.000
20031,2049,0.488281,25000000.000
20032,2071,11.230469,25000000.000
20033,2082,16.601562,25000000.000
20034,2092,21.484375,25000000.000
20035,2094,22.460938,25000000.000
20036,2111,30.761719,25000000.000
20037,2117,33.691406,25000000.000
20038,2122,36.132812,25000000.000
20039,2123,36.621094,25000000.000
20040,2125,37.597656,25000000.000
20041,2121,35.644531,25000000.000
20042,2118,34.179688,25000000.000
20043,2117,33.691406,25000000.000
20044,2102,26.367188,25000000.000
20045,2093,21.972656,25000000.000
20046,2082,16.601562,25000000.000
20047,2081,16.113281,25000000.000
20048,2061,6.347656,25000000.000
20049,2049,0.488281,25000000.000
20050,2039,-4.394531,25000000.000
20051,2037,-5.371094,25000000.000
20052,2018,-14.648438,25000000.000
20053,2008,-19.531250,25000000.000
20054,2001,-22.949219,25000000.000
20055,2000,-23.437500,25000000.000
20056,1987,-29.785156,25000000.000
20057,1983,-31.738281,25000000.000
20058,1979,-33.691406,25000000.000
20059,1979,-33.691406,25000000.000
20060,1977,-34.667969,25000000.000
20061,1980,-33.203125,25000000.000
20062,1981,-32.714844,25000000.000
20063,1981,-32.714844,25000000.000
20064,1990,-28.320312,25000000.000
20065,1996,-25.390625,25000000.000
20066,2002,-22.460938,25000000.000
20067,2003,-21.972656,25000000.000
20068,2019,-14.160156,25000000.000
20069,2029,-9.277344,25000000.000
20070,2040,-3.906250,25000000.000
20071,2040,-3.906250,25000000.000
20072,2062,6.835938,25000000.000
20073,2073,12.207031,25000000.000
20074,2084,17.578125,25000000.000
20075,2086,18.554688,25000000.000
20076,2103,26.855469,25000000.000
20077,2112,31.250000,25000000.000
20078,2118,34.179688,25000000.000
20079,2120,35.156250,25000000.000
20080,2125,37.597656,25000000.000
20081,2124,37.109375,25000000.000
20082,2120,35.156250,25000000.000
20083,2120,35.156250,25000000.000
20084,2108,29.296875,25000000.000
20085,2099,24.902344,25000000.000
20086,2090,20.507812,25000000.000
20087,2089,20.019531,25000000.000
20088,2069,10.253906,25000000.000
20089,2058,4.882812,25000000.000
20090,2047,-0.488281,25000000.000
20091,2046,-0.976562,25000000.000
20092,2027,-10.253906,25000000.000
20093,2016,-15.625000,25000000.000
20094,2007,-20.019531,25000000.000
20095,2006,-20.507812,25000000.000
20096,1993,-26.855469,25000000.000
20097,1986,-30.273438,25000000.000
20098,1982,-32.226562,25000000.000
20099,1982,-32.226562,25000000.000
20100,1977,-34.667969,25000000.000
20101,1976,-35.156250,25000000.000
20102,1978,-34.179688,25000000.000
20103,1978,-34.179688,25000000.000
20104,1984,-31.250000,25000000.000
20105,1989,-28.808594,25000000.000
20106,1996,-25.390625,25000000.000
20107,1996,-25.390625,25000000.000
20108,2011,-18.066406,25000000.000
20109,2019,-14.160156,25000000.000
20110,2030,-8.789062,25000000.000
20111,2031,-8.300781,25000000.000
20112,2052,1.953125,25000000.000
20113,2063,7.324219,25000000.000
20114,2074,12.695312,25000000.000
20115,2076,13.671875,25000000.000
20116,2096,23.437500,25000000.000
20117,2105,27.832031,25000000.000
20118,2112,31.250000,25000000.000
20119,2114,32.226562,25000000.000
20120,2121,35.644531,25000000.000
20121,2123,36.621094,25000000.000
20122,2123,36.621094,25000000.000
20123,2122,36.132812,25000000.000
20124,2115,32.714844,25000000.000
20125,2107,28.808594,25000000.000
20126,2099,24.902344,25000000.000
20127,2097,23.925781,25000000.000
20128,2078,14.648438,25000000.000
20129,2067,9.277344,25000000.000
20130,2058,4.882812,25000000.000
20131,2055,3.417969,25000000.000
20132,2034,-6.835938,25000000.000
20133,2024,-11.718750,25000000.000
20134,2014,-16.601562,25000000.000
20135,2013,-17.089844,25000000.000
20136,1997,-24.902344,25000000.000
20137,1990,-28.320312,25000000.000
20138,1985,-30.761719,25000000.000
20139,1985,-30.761719,25000000.000
20140,1979,-33.691406,25000000.000
20141,1977,-34.667969,25000000.000
20142,1977,-34.667969,25000000.000
20143,1978,-34.179688,25000000.000
20144,1983,-31.738281,25000000.000
20145,1986,-30.273438,25000000.000
20146,1991,-27.832031,25000000.000
20147,1993,-26.855469,25000000.000
20148,2005,-20.996094,25000000.000
20149,2013,-17.089844,25000000.000
20150,2022,-12.695312,25000000.000
20151,2023,-12.207031,25000000.000
20152,2042,-2.929688,25000000.000
20153,2054,2.929688,25000000.000
20154,2065,8.300781,25000000.000
20155,2066,8.789062,25000000.000
20156,2088,19.531250,25000000.000
20157,2098,24.414062,25000000.000
20158,2107,28.808594,25000000.000
20159,2107,28.808594,25000000.000
20160,2118,34.179688,25000000.000
20161,2122,36.132812,25000000.000
20162,2123,36.621094,25000000.000
20163,2123,36.621094,25000000.000
20164,2118,34.179688,25000000.000
20165,2113,31.738281,25000000.000
20166,2105,27.832031,25000000.000
20167,2104,27.343750,25000000.000
20168,2085,18.066406,25000000.000
20169,2076,13.671875,25000000.000
20170,2065,8.300781,25000000.000
20171,2063,7.324219,25000000.000
20172,2042,-2.929688,25000000.000
20173,2033,-7.324219,25000000.000
20174,2023,-12.207031,25000000.000
20175,2021,-13.183594,25000000.000
20176,2004,-21.484375,25000000.000
20177,1996,-25.390625,25000000.000
20178,1990,-28.320312,25000000.000
20179,1989,-28.808594,25000000.000
20180,1981,-32.714844,25000000.000
20181,1978,-34.179688,25000000.000
20182,1979,-33.691406,25000000.000
20183,1978,-34.179688,25000000.000
20184,1979,-33.691406,25000000.000
20185,1982,-32.226562,25000000.000
20186,1987,-29.785156,25000000.000
20187,1986,-30.273438,25000000.000
20188,1999,-23.925781,25000000.000
20189,2006,-20.507812,25000000.000
20190,2016,-15.625000,25000000.000
20191,2017,-15.136719,25000000.000
20192,2036,-5.859375,25000000.000
20193,2048,0.000000,25000000.000
20194,2060,5.859375,25000000.000
20195,2061,6.347656,25000000.000
20196,2082,16.601562,25000000.000
20197,2092,21.484375,25000000.000
20198,2102,26.367188,25000000.000
20199,2100,25.390625,25000000.000
20200,2114,32.226562,25000000.000
20201,2118,34.179688,25000000.000
20202,2122,36.132812,25000000.000
20203,2121,35.644531,25000000.000
20204,2120,35.156250,25000000.000
20205,2117,33.691406,25000000.000
20206,2110,30.273438,25000000.000
20207,2111,30.761719,25000000.000
20208,2095,22.949219,25000000.000
20209,2087,19.042969,25000000.000
20210,2073,12.207031,25000000.000
20211,2071,11.230469,25000000.000
20212,2054,2.929688,25000000.000
20213,2043,-2.441406,25000000.000
20214,2031,-8.300781,25000000.000
20215,2031,-8.300781,25000000.000
20216,2011,-18.066406,25000000.000
20217,2002,-22.460938,25000000.000
20218,1995,-25.878906,25000000.000
20219,1994,-26.367188,25000000.000
20220,1984,-31.250000,25000000.000
20221,1979,-33.691406,25000000.000
20222,1978,-34.179688,25000000.000
20223,1978,-34.179688,25000000.000
20224,1979,-33.691406,25000000.000
20225,1981,-32.714844,25000000.000
20226,1984,-31.250000,25000000.000
20227,1985,-30.761719,25000000.000
20228,1994,-26.367188,25000000.000
20229,2001,-22.949219,25000000.000
20230,2008,-19.531250,25000000.000
20231,2008,-19.531250,25000000.000
20232,2026,-10.742188,25000000.000
20233,2036,-5.859375,25000000.000
20234,2048,0.000000,25000000.000
20235,2049,0.488281,25000000.000
20236,2072,11.718750,25000000.000
20237,2083,17.089844,25000000.000
20238,2093,21.972656,25000000.000
20239,2094,22.460938,25000000.000
20240,2110,30.273438,25000000.000
20241,2115,32.714844,25000000.000
20242,2119,34.667969,25000000.000
20243,2119,34.667969,25000000.000
20244,2121,35.644531,25000000.000
20245,2119,34.667969,25000000.000
20246,2115,32.714844,25000000.000
20247,2115,32.714844,25000000.000
20248,2103,26.855469,25000000.000
20249,2095,22.949219,25000000.000
20250,2085,18.066406,25000000.000
20251,2084,17.578125,25000000.000
20252,2064,7.812500,25000000.000
20253,2053,2.441406,25000000.000
20254,2041,-3.417969,25000000.000
20255,2040,-3.906250,25000000.000
20256,2018,-14.648438,25000000.000
20257,2008,-19.531250,25000000.000
20258,2000,-23.437500,25000000.000
20259,1999,-23.925781,25000000.000
20260,1986,-30.273438,25000000.000
20261,1982,-32.226562,25000000.000
20262,1979,-33.691406,25000000.000
20263,1979,-33.691406,25000000.000
20264,1978,-34.179688,25000000.000
20265,1977,-34.667969,25000000.000
20266,1980,-33.203125,25000000.000
20267,1981,-32.714844,25000000.000
20268,1988,-29.296875,25000000.000
20269,1993,-26.855469,25000000.000
20270,2002,-22.460938,25000000.000
20271,2002,-22.460938,25000000.000
20272,2018,-14.648438,25000000.000
20273,2028,-9.765625,25000000.000
20274,2038,-4.882812,25000000.000
20275,2040,-3.906250,25000000.000
20276,2062,6.835938,25000000.000
20277,2074,12.695312,25000000.000
20278,2086,18.554688,25000000.000
20279,2087,19.042969,25000000.000
20280,2105,27.832031,25000000.000
20281,2111,30.761719,25000000.000
20282,2116,33.203125,25000000.000
20283,2117,33.691406,25000000.000
20284,2120,35.156250,25000000.000
20285,2120,35.156250,25000000.000
20286,2118,34.179688,25000000.000
20287,2116,33.203125,25000000.000
20288,2109,29.785156,25000000.000
20289,2102,26.367188,25000000.000
20290,2092,21.484375,25000000.000
20291,2091,20.996094,25000000.000
20292,2073,12.207031,25000000.000
20293,2062,6.835938,25000000.000
20294,2051,1.464844,25000000.000
20295,2049,0.488281,25000000.000
20296,2026,-10.742188,25000000.000
20297,2016,-15.625000,25000000.000
20298,2005,-20.996094,25000000.000
20299,2004,-21.484375,25000000.000
20300,1990,-28.320312,25000000.000
20301,1985,-30.761719,25000000.000
20302,1979,-33.691406,25000000.000
20303,1979,-33.691406,25000000.000
20304,1976,-35.156250,25000000.000
20305,1977,-34.667969,25000000.000
20306,1978,-34.179688,25000000.000
20307,1979,-33.691406,25000000.000
20308,1984,-31.250000,25000000.000
20309,1990,-28.320312,25000000.000
20310,1996,-25.390625,25000000.000
20311,1996,-25.390625,25000000.000
20312,2010,-18.554688,25000000.000
20313,2019,-14.160156,25000000.000
20314,2029,-9.277344,25000000.000
20315,2031,-8.300781,25000000.000
20316,2051,1.464844,25000000.000
20317,2064,7.812500,25000000.000
20318,2075,13.183594,25000000.000
20319,2076,13.671875,25000000.000
20320,2097,23.925781,25000000.000
20321,2104,27.343750,25000000.000
20322,2111,30.761719,25000000.000
20323,2111,30.761719,25000000.000
20324,2118,34.179688,25000000.000
20325,2119,34.667969,25000000.000
20326,2119,34.667969,25000000.000
20327,2119,34.667969,25000000.000
20328,2113,31.738281,25000000.000
20329,2106,28.320312,25000000.000
20330,2099,24.902344,25000000.000
20331,2098,24.414062,25000000.000
20332,2082,16.601562,25000000.000
20333,2071,11.230469,25000000.000
20334,2060,5.859375,25000000.000
20335,2058,4.882812,25000000.000
20336,2038,-4.882812,25000000.000
20337,2026,-10.742188,25000000.000
20338,2016,-15.625000,25000000.000
20339,2015,-16.113281,25000000.000
20340,1997,-24.902344,25000000.000
20341,1990,-28.320312,25000000.000
20342,1985,-30.761719,25000000.000
20343,1984,-31.250000,25000000.000
20344,1978,-34.179688,25000000.000
20345,1977,-34.667969,25000000.000
20346,1978,-34.179688,25000000.000
20347,1977,-34.667969,25000000.000
20348,1981,-32.714844,25000000.000
20349,1985,-30.761719,25000000.000
20350,1991,-27.832031,25000000.000
20351,1990,-28.320312,25000000.000
20352,2003,-21.972656,25000000.000
20353,2011,-18.066406,25000000.000
20354,2021,-13.183594,25000000.000
20355,2023,-12.207031,25000000.000
20356,2042,-2.929688,25000000.000
20357,2053,2.441406,25000000.000
20358,2065,8.300781,25000000.000
20359,2067,9.277344,25000000.000
20360,2088,19.531250,25000000.000
20361,2098,24.414062,25000000.000
20362,2106,28.320312,25000000.000
20363,2107,28.808594,25000000.000
20364,2116,33.203125,25000000.000
20365,2119,34.667969,25000000.000
20366,2120,35.156250,25000000.000
20367,2121,35.644531,25000000.000
20368,2117,33.691406,25000000.000
20369,2113,31.738281,25000000.000
20370,2108,29.296875,25000000.000
20371,2106,28.320312,25000000.000
20372,2091,20.996094,25000000.000
20373,2082,16.601562,25000000.000
20374,2072,11.718750,25000000.000
20375,2069,10.253906,25000000.000
20376,2047,-0.488281,25000000.000
20377,2036,-5.859375,25000000.000
20378,2025,-11.230469,25000000.000
20379,2023,-12.207031,25000000.000
20380,2004,-21.484375,25000000.000
20381,1996,-25.390625,25000000.000
20382,1989,-28.808594,25000000.000
20383,1989,-28.808594,25000000.000
20384,1979,-33.691406,25000000.000
20385,1977,-34.667969,25000000.000
20386,1979,-33.691406,25000000.000
20387,1978,-34.179688,25000000.000
20388,1980,-33.203125,25000000.000
20389,1983,-31.738281,25000000.000
20390,1987,-29.785156,25000000.000
20391,1987,-29.785156,25000000.000
20392,1998,-24.414062,25000000.000
20393,2006,-20.507812,25000000.000
20394,2012,-17.578125,25000000.000
20395,2014,-16.601562,25000000.000
20396,2032,-7.812500,25000000.000
20397,2044,-1.953125,25000000.000
20398,2055,3.417969,25000000.000
20399,2056,3.906250,25000000.000
20400,2078,14.648438,25000000.000
20401,2090,20.507812,25000000.000
20402,2099,24.902344,25000000.000
20403,2099,24.902344,25000000.000
20404,2113,31.738281,25000000.000
20405,2118,34.179688,25000000.000
20406,2120,35.156250,25000000.000
20407,2119,34.667969,25000000.000
20408,2118,34.179688,25000000.000
20409,2115,32.714844,25000000.000
20410,2112,31.250000,25000000.000
20411,2110,30.273438,25000000.000
20412,2099,24.902344,25000000.000
20413,2089,20.019531,25000000.000
20414,2079,15.136719,25000000.000
20415,2079,15.136719,25000000.000
20416,2057,4.394531,25000000.000
20417,2046,-0.976562,25000000.000
20418,2035,-6.347656,25000000.000
20419,2034,-6.835938,25000000.000
20420,2012,-17.578125,25000000.000
20421,2004,-21.484375,25000000.000
20422,1995,-25.878906,25000000.000
20423,1995,-25.878906,25000000.000
20424,1985,-30.761719,25000000.000
20425,1981,-32.714844,25000000.000
20426,1979,-33.691406,25000000.000
20427,1980,-33.203125,25000000.000
20428,1979,-33.691406,25000000.000
20429,1980,-33.203125,25000000.000
20430,1983,-31.738281,25000000.000
20431,1983,-31.738281,25000000.000
20432,1992,-27.343750,25000000.000
20433,1998,-24.414062,25000000.000
20434,2005,-20.996094,25000000.000
20435,2006,-20.507812,25000000.000
20436,2024,-11.718750,25000000.000
20437,2035,-6.347656,25000000.000
20438,2046,-0.976562,25000000.000
20439,2047,-0.488281,25000000.000
20440,2070,10.742188,25000000.000
20441,2082,16.601562,25000000.000
20442,2092,21.484375,25000000.000
20443,2094,22.460938,25000000.000
20444,2110,30.273438,25000000.000
20445,2115,32.714844,25000000.000
20446,2118,34.179688,25000000.000
20447,2118,34.179688,25000000.000
20448,2120,35.156250,25000000.000
20449,2118,34.179688,25000000.000
20450,2115,32.714844,25000000.000
20451,2115,32.714844,25000000.000
20452,2105,27.832031,25000000.000
20453,2097,23.925781,25000000.000
20454,2088,19.531250,25000000.000
20455,2088,19.531250,25000000.000
20456,2067,9.277344,25000000.000
20457,2055,3.417969,25000000.000
20458,2044,-1.953125,25000000.000
20459,2043,-2.441406,25000000.000
20460,2020,-13.671875,25000000.000
20461,2010,-18.554688,25000000.000
20462,2002,-22.460938,25000000.000
20463,2000,-23.437500,25000000.000
20464,1987,-29.785156,25000000.000
20465,1983,-31.738281,25000000.000
20466,1979,-33.691406,25000000.000
20467,1979,-33.691406,25000000.000
20468,1979,-33.691406,25000000.000
20469,1979,-33.691406,25000000.000
20470,1981,-32.714844,25000000.000
20471,1982,-32.226562,25000000.000
20472,1987,-29.785156,25000000.000
20473,1994,-26.367188,25000000.000
20474,2001,-22.949219,25000000.000
20475,2000,-23.437500,25000000.000
20476,2016,-15.625000,25000000.000
20477,2024,-11.718750,25000000.000
20478,2035,-6.347656,25000000.000
20479,2036,-5.859375,25000000.000
20480,2058,4.882812,25000000.000
20481,2070,10.742188,25000000.000
20482,2081,16.113281,25000000.000
20483,2083,17.089844,25000000.000
20484,2101,25.878906,25000000.000
20485,2109,29.785156,25000000.000
20486,2114,32.226562,25000000.000
20487,2114,32.226562,25000000.000
20488,2119,34.667969,25000000.000
20489,2119,34.667969,25000000.000
20490,2117,33.691406,25000000.000
20491,2116,33.203125,25000000.000
20492,2109,29.785156,25000000.000
20493,2102,26.367188,25000000.000
20494,2094,22.460938,25000000.000
20495,2093,21.972656,25000000.000
20496,2075,13.183594,25000000.000
20497,2064,7.812500,25000000.000
20498,2053,2.441406,25000000.000
20499,2051,1.464844,25000000.000
20500,2029,-9.277344,25000000.000
20501,2019,-14.160156,25000000.000
20502,2008,-19.531250,25000000.000
20503,2008,-19.531250,25000000.000
20504,1992,-27.343750,25000000.000
20505,1986,-30.273438,25000000.000
20506,1981,-32.714844,25000000.000
20507,1981,-32.714844,25000000.000
20508,1977,-34.667969,25000000.000
20509,1978,-34.179688,25000000.000
20510,1978,-34.179688,25000000.000
20511,1978,-34.179688,25000000.000
20512,1984,-31.250000,25000000.000
20513,1991,-27.832031,25000000.000
20514,1995,-25.878906,25000000.000
20515,1994,-26.367188,25000000.000
20516,2008,-19.531250,25000000.000
20517,2017,-15.136719,25000000.000
20518,2027,-10.253906,25000000.000
20519,2028,-9.765625,25000000.000
20520,2050,0.976562,25000000.000
20521,2061,6.347656,25000000.000
20522,2073,12.207031,25000000.000
20523,2075,13.183594,25000000.000
20524,2095,22.949219,25000000.000
20525,2104,27.343750,25000000.000
20526,2110,30.273438,25000000.000
20527,2111,30.761719,25000000.000
20528,2120,35.156250,25000000.000
20529,2122,36.132812,25000000.000
20530,2120,35.156250,25000000.000
20531,2120,35.156250,25000000.000
20532,2112,31.250000,25000000.000
20533,2107,28.808594,25000000.000
20534,2101,25.878906,25000000.000
20535,2100,25.390625,25000000.000
20536,2083,17.089844,25000000.000
20537,2074,12.695312,25000000.000
20538,2063,7.324219,25000000.000
20539,2062,6.835938,25000000.000
20540,2041,-3.417969,25000000.000
20541,2028,-9.765625,25000000.000
20542,2017,-15.136719,25000000.000
20543,2016,-15.625000,25000000.000
20544,1998,-24.414062,25000000.000
20545,1991,-27.832031,25000000.000
20546,1984,-31.250000,25000000.000
20547,1986,-30.273438,25000000.000
20548,1978,-34.179688,25000000.000
20549,1977,-34.667969,25000000.000
20550,1976,-35.156250,25000000.000
20551,1977,-34.667969,25000000.000
20552,1981,-32.714844,25000000.000
20553,1984,-31.250000,25000000.000
20554,1989,-28.808594,25000000.000
20555,1989,-28.808594,25000000.000
20556,2002,-22.460938,25000000.000
20557,2010,-18.554688,25000000.000
20558,2018,-14.648438,25000000.000
20559,2019,-14.160156,25000000.000
20560,2039,-4.394531,25000000.000
20561,2050,0.976562,25000000.000
20562,2063,7.324219,25000000.000
20563,2064,7.812500,25000000.000
20564,2086,18.554688,25000000.000
20565,2097,23.925781,25000000.000
20566,2105,27.832031,25000000.000
20567,2105,27.832031,25000000.000
20568,2117,33.691406,25000000.000
20569,2121,35.644531,25000000.000
20570,2122,36.132812,25000000.000
20571,2122,36.132812,25000000.000
20572,2118,34.179688,25000000.000
20573,2114,32.226562,25000000.000
20574,2108,29.296875,25000000.000
20575,2108,29.296875,25000000.000
20576,2093,21.972656,25000000.000
20577,2083,17.089844,25000000.000
20578,2074,12.695312,25000000.000
20579,2071,11.230469,25000000.000
20580,2052,1.953125,25000000.000
20581,2038,-4.882812,25000000.000
20582,2026,-10.742188,25000000.000
20583,2027,-10.253906,25000000.000
20584,2007,-20.019531,25000000.000
20585,1997,-24.902344,25000000.000
20586,1990,-28.320312,25000000.000
20587,1989,-28.808594,25000000.000
20588,1980,-33.203125,25000000.000
20589,1978,-34.179688,25000000.000
20590,1976,-35.156250,25000000.000
20591,1978,-34.179688,25000000.000
20592,1979,-33.691406,25000000.000
20593,1982,-32.226562,25000000.000
20594,1986,-30.273438,25000000.000
20595,1987,-29.785156,25000000.000
20596,1996,-25.390625,25000000.000
20597,2003,-21.972656,25000000.000
20598,2012,-17.578125,25000000.000
20599,2012,-17.578125,25000000.000
20600,2031,-8.300781,25000000.000
20601,2040,-3.906250,25000000.000
20602,2052,1.953125,25000000.000
20603,2054,2.929688,25000000.000
20604,2076,13.671875,25000000.000
20605,2087,19.042969,25000000.000
20606,2098,24.414062,25000000.000
20607,2098,24.414062,25000000.000
20608,2111,30.761719,25000000.000
20609,2116,33.203125,25000000.000
20610,2118,34.179688,25000000.000
20611,2118,34.179688,25000000.000
20612,2119,34.667969,25000000.000
20613,2116,33.203125,25000000.000
20614,2113,31.738281,25000000.000
20615,2112,31.250000,25000000.000
20616,2100,25.390625,25000000.000
20617,2093,21.972656,25000000.000
20618,2084,17.578125,25000000.000
20619,2082,16.601562,25000000.000
20620,2060,5.859375,25000000.000
20621,2050,0.976562,25000000.000
20622,2038,-4.882812,25000000.000
20623,2036,-5.859375,25000000.000
20624,2014,-16.601562,25000000.000
20625,2005,-20.996094,25000000.000
20626,1996,-25.390625,25000000.000
20627,1996,-25.390625,25000000.000
20628,1983,-31.738281,25000000.000
20629,1981,-32.714844,25000000.000
20630,1980,-33.203125,25000000.000
20631,1979,-33.691406,25000000.000
20632,1979,-33.691406,25000000.000
20633,1981,-32.714844,25000000.000
20634,1984,-31.250000,25000000.000
20635,1984,-31.250000,25000000.000
20636,1991,-27.832031,25000000.000
20637,1997,-24.902344,25000000.000
20638,2004,-21.484375,25000000.000
20639,2005,-20.996094,25000000.000
20640,2020,-13.671875,25000000.000
20641,2030,-8.789062,25000000.000
20642,2042,-2.929688,25000000.000
20643,2042,-2.929688,25000000.000
20644,2065,8.300781,25000000.000
20645,2076,13.671875,25000000.000
20646,2087,19.042969,25000000.000
20647,2089,20.019531,25000000.000
20648,2107,28.808594,25000000.000
20649,2112,31.250000,25000000.000
20650,2116,33.203125,25000000.000
20651,2117,33.691406,25000000.000
20652,2119,34.667969,25000000.000
20653,2119,34.667969,25000000.000
20654,2117,33.691406,25000000.000
20655,2116,33.203125,25000000.000
20656,2106,28.320312,25000000.000
20657,2099,24.902344,25000000.000
20658,2091,20.996094,25000000.000
20659,2090,20.507812,25000000.000
20660,2069,10.253906,25000000.000
20661,2058,4.882812,25000000.000
20662,2047,-0.488281,25000000.000
20663,2046,-0.976562,25000000.000
20664,2023,-12.207031,25000000.000
20665,2013,-17.089844,25000000.000
20666,2003,-21.972656,25000000.000
20667,2002,-22.460938,25000000.000
20668,1989,-28.808594,25000000.000
20669,1984,-31.250000,25000000.000
20670,1980,-33.203125,25000000.000
20671,1979,-33.691406,25000000.000
20672,1979,-33.691406,25000000.000
20673,1979,-33.691406,25000000.000
20674,1980,-33.203125,25000000.000
20675,1980,-33.203125,25000000.000
20676,1986,-30.273438,25000000.000
20677,1991,-27.832031,25000000.000
20678,1996,-25.390625,25000000.000
20679,1998,-24.414062,25000000.000
20680,2012,-17.578125,25000000.000
20681,2022,-12.695312,25000000.000
20682,2033,-7.324219,25000000.000
20683,2034,-6.835938,25000000.000
20684,2056,3.906250,25000000.000
20685,2068,9.765625,25000000.000
20686,2080,15.625000,25000000.000
20687,2081,16.113281,25000000.000
20688,2100,25.390625,25000000.000
20689,2108,29.296875,25000000.000
20690,2113,31.738281,25000000.000
20691,2112,31.250000,25000000.000
20692,2119,34.667969,25000000.000
20693,2119,34.667969,25000000.000
20694,2118,34.179688,25000000.000
20695,2117,33.691406,25000000.000
20696,2111,30.761719,25000000.000
20697,2104,27.343750,25000000.000
20698,2098,24.414062,25000000.000
20699,2097,23.925781,25000000.000
20700,2079,15.136719,25000000.000
20701,2068,9.765625,25000000.000
20702,2056,3.906250,25000000.000
20703,2055,3.417969,25000000.000
20704,2033,-7.324219,25000000.000
20705,2021,-13.183594,25000000.000
20706,2010,-18.554688,25000000.000
20707,2009,-19.042969,25000000.000
20708,1993,-26.855469,25000000.000
20709,1986,-30.273438,25000000.000
20710,1982,-32.226562,25000000.000
20711,1981,-32.714844,25000000.000
20712,1978,-34.179688,25000000.000
20713,1977,-34.667969,25000000.000
20714,1979,-33.691406,25000000.000
20715,1979,-33.691406,25000000.000
20716,1982,-32.226562,25000000.000
20717,1987,-29.785156,25000000.000
20718,1991,-27.832031,25000000.000
20719,1993,-26.855469,25000000.000
20720,2005,-20.996094,25000000.000
20721,2014,-16.601562,25000000.000
20722,2023,-12.207031,25000000.000
20723,2024,-11.718750,25000000.000
20724,2045,-1.464844,25000000.000
20725,2058,4.882812,25000000.000
20726,2069,10.253906,25000000.000
20727,2070,10.742188,25000000.000
20728,2091,20.996094,25000000.000
20729,2100,25.390625,25000000.000
20730,2108,29.296875,25000000.000
20731,2108,29.296875,25000000.000
20732,2116,33.203125,25000000.000
20733,2118,34.179688,25000000.000
20734,2119,34.667969,25000000.000
20735,2119,34.667969,25000000.000
20736,2114,32.226562,25000000.000
20737,2111,30.761719,25000000.000
20738,2104,27.343750,25000000.000
20739,2104,27.343750,25000000.000
20740,2089,20.019531,25000000.000
20741,2077,14.160156,25000000.000
20742,2066,8.789062,25000000.000
20743,2065,8.300781,25000000.000
20744,2044,-1.953125,25000000.000
20745,2031,-8.300781,25000000.000
20746,2020,-13.671875,25000000.000
20747,2018,-14.648438,25000000.000
20748,2000,-23.437500,25000000.000
20749,1992,-27.343750,25000000.000
20750,1986,-30.273438,25000000.000
20751,1986,-30.273438,25000000.000
20752,1980,-33.203125,25000000.000
20753,1979,-33.691406,25000000.000
20754,1979,-33.691406,25000000.000
20755,1979,-33.691406,25000000.000
20756,1981,-32.714844,25000000.000
20757,1984,-31.250000,25000000.000
20758,1987,-29.785156,25000000.000
20759,1988,-29.296875,25000000.000
20760,1999,-23.925781,25000000.000
20761,2007,-20.019531,25000000.000
20762,2015,-16.113281,25000000.000
20763,2017,-15.136719,25000000.000
20764,2037,-5.371094,25000000.000
20765,2048,0.000000,25000000.000
20766,2061,6.347656,25000000.000
20767,2062,6.835938,25000000.000
20768,2084,17.578125,25000000.000
20769,2095,22.949219,25000000.000
20770,2103,26.855469,25000000.000
20771,2105,27.832031,25000000.000
20772,2116,33.203125,25000000.000
20773,2118,34.179688,25000000.000
20774,2119,34.667969,25000000.000
20775,2118,34.179688,25000000.000
20776,2118,34.179688,25000000.000
20777,2114,32.226562,25000000.000
20778,2109,29.785156,25000000.000
20779,2108,29.296875,25000000.000
20780,2096,23.437500,25000000.000
20781,2087,19.042969,25000000.000
20782,2076,13.671875,25000000.000
20783,2075,13.183594,25000000.000
20784,2053,2.441406,25000000.000
20785,2041,-3.417969,25000000.000
20786,2029,-9.277344,25000000.000
20787,2027,-10.253906,25000000.000
20788,2008,-19.531250,25000000.000
20789,1997,-24.902344,25000000.000
20790,1992,-27.343750,25000000.000
20791,1990,-28.320312,25000000.000
20792,1981,-32.714844,25000000.000
20793,1980,-33.203125,25000000.000
20794,1979,-33.691406,25000000.000
20795,1979,-33.691406,25000000.000
20796,1980,-33.203125,25000000.000
20797,1982,-32.226562,25000000.000
20798,1985,-30.761719,25000000.000
20799,1986,-30.273438,25000000.000
20800,1994,-26.367188,25000000.000
20801,2000,-23.437500,25000000.000
20802,2009,-19.042969,25000000.000
20803,2009,-19.042969,25000000.000
20804,2027,-10.253906,25000000.000
20805,2037,-5.371094,25000000.000
20806,2049,0.488281,25000000.000
20807,2051,1.464844,25000000.000
20808,2074,12.695312,25000000.000
20809,2086,18.554688,25000000.000
20810,2096,23.437500,25000000.000
20811,2097,23.925781,25000000.000
20812,2112,31.250000,25000000.000
20813,2116,33.203125,25000000.000
20814,2119,34.667969,25000000.000
20815,2120,35.156250,25000000.000
20816,2120,35.156250,25000000.000
20817,2117,33.691406,25000000.000
20818,2114,32.226562,25000000.000
20819,2113,31.738281,25000000.000
20820,2103,26.855469,25000000.000
20821,2095,22.949219,25000000.000
20822,2086,18.554688,25000000.000
20823,2085,18.066406,25000000.000
20824,2064,7.812500,25000000.000
20825,2053,2.441406,25000000.000
20826,2041,-3.417969,25000000.000
20827,2040,-3.906250,25000000.000
20828,2017,-15.136719,25000000.000
20829,2007,-20.019531,25000000.000
20830,1997,-24.902344,25000000.000
20831,1997,-24.902344,25000000.000
20832,1984,-31.250000,25000000.000
20833,1981,-32.714844,25000000.000
20834,1978,-34.179688,25000000.000
20835,1979,-33.691406,25000000.000
20836,1979,-33.691406,25000000.000
20837,1980,-33.203125,25000000.000
20838,1981,-32.714844,25000000.000
20839,1982,-32.226562,25000000.000
20840,1989,-28.808594,25000000.000
20841,1995,-25.878906,25000000.000
20842,2002,-22.460938,25000000.000
20843,2003,-21.972656,25000000.000
20844,2018,-14.648438,25000000.000
20845,2028,-9.765625,25000000.000
20846,2039,-4.394531,25000000.000
20847,2041,-3.417969,25000000.000
20848,2064,7.812500,25000000.000
20849,2076,13.671875,25000000.000
20850,2087,19.042969,25000000.000
20851,2088,19.531250,25000000.000
20852,2106,28.320312,25000000.000
20853,2112,31.250000,25000000.000
20854,2117,33.691406,25000000.000
20855,2118,34.179688,25000000.000
20856,2120,35.156250,25000000.000
20857,2118,34.179688,25000000.000
20858,2116,33.203125,25000000.000
20859,2115,32.714844,25000000.000
20860,2107,28.808594,25000000.000
20861,2102,26.367188,25000000.000
20862,2093,21.972656,25000000.000
20863,2091,20.996094,25000000.000
20864,2074,12.695312,25000000.000
20865,2062,6.835938,25000000.000
20866,2048,0.000000,25000000.000
20867,2046,-0.976562,25000000.000
20868,2024,-11.718750,25000000.000
20869,2012,-17.578125,25000000.000
20870,2003,-21.972656,25000000.000
20871,2002,-22.460938,25000000.000
20872,1988,-29.296875,25000000.000
20873,1982,-32.226562,25000000.000
20874,1979,-33.691406,25000000.000
20875,1979,-33.691406,25000000.000
20876,1978,-34.179688,25000000.000
20877,1978,-34.179688,25000000.000
20878,1981,-32.714844,25000000.000
20879,1980,-33.203125,25000000.000
20880,1986,-30.273438,25000000.000
20881,1990,-28.320312,25000000.000
20882,1996,-25.390625,25000000.000
20883,1997,-24.902344,25000000.000
20884,2011,-18.066406,25000000.000
20885,2019,-14.160156,25000000.000
20886,2030,-8.789062,25000000.000
20887,2031,-8.300781,25000000.000
20888,2052,1.953125,25000000.000
20889,2065,8.300781,25000000.000
20890,2077,14.160156,25000000.000
20891,2079,15.136719,25000000.000
20892,2098,24.414062,25000000.000
20893,2106,28.320312,25000000.000
20894,2111,30.761719,25000000.000
20895,2111,30.761719,25000000.000
20896,2119,34.667969,25000000.000
20897,2119,34.667969,25000000.000
20898,2118,34.179688,25000000.000
20899,2118,34.179688,25000000.000
20900,2112,31.250000,25000000.000
20901,2107,28.808594,25000000.000
20902,2100,25.390625,25000000.000
20903,2099,24.902344,25000000.000
20904,2082,16.601562,25000000.000
20905,2071,11.230469,25000000.000
20906,2060,5.859375,25000000.000
20907,2059,5.371094,25000000.000
20908,2036,-5.859375,25000000.000
20909,2025,-11.230469,25000000.000
20910,2014,-16.601562,25000000.000
20911,2010,-18.554688,25000000.000
20912,1993,-26.855469,25000000.000
20913,1988,-29.296875,25000000.000
20914,1982,-32.226562,25000000.000
20915,1983,-31.738281,25000000.000
20916,1977,-34.667969,25000000.000
20917,1978,-34.179688,25000000.000
20918,1977,-34.667969,25000000.000
20919,1978,-34.179688,25000000.000
20920,1982,-32.226562,25000000.000
20921,1986,-30.273438,25000000.000
20922,1991,-27.832031,25000000.000
20923,1990,-28.320312,25000000.000
20924,2003,-21.972656,25000000.000
20925,2012,-17.578125,25000000.000
20926,2021,-13.183594,25000000.000
20927,2023,-12.207031,25000000.000
20928,2043,-2.441406,25000000.000
20929,2054,2.929688,25000000.000
20930,2068,9.765625,25000000.000
20931,2070,10.742188,25000000.000
20932,2092,21.484375,25000000.000
20933,2100,25.390625,25000000.000
20934,2109,29.785156,25000000.000
20935,2109,29.785156,25000000.000
20936,2118,34.179688,25000000.000
20937,2119,34.667969,25000000.000
20938,2120,35.156250,25000000.000
20939,2120,35.156250,25000000.000
20940,2116,33.203125,25000000.000
20941,2111,30.761719,25000000.000
20942,2105,27.832031,25000000.000
20943,2106,28.320312,25000000.000
20944,2091,20.996094,25000000.000
20945,2080,15.625000,25000000.000
20946,2071,11.230469,25000000.000
20947,2069,10.253906,25000000.000
20948,2046,-0.976562,25000000.000
20949,2034,-6.835938,25000000.000
20950,2022,-12.695312,25000000.000
20951,2021,-13.183594,25000000.000
20952,2002,-22.460938,25000000.000
20953,1994,-26.367188,25000000.000
20954,1988,-29.296875,25000000.000
20955,1986,-30.273438,25000000.000
20956,1980,-33.203125,25000000.000
20957,1978,-34.179688,25000000.000
20958,1978,-34.179688,25000000.000
20959,1978,-34.179688,25000000.000
20960,1981,-32.714844,25000000.000
20961,1984,-31.250000,25000000.000
20962,1988,-29.296875,25000000.000
20963,1988,-29.296875,25000000.000
20964,1999,-23.925781,25000000.000
20965,2006,-20.507812,25000000.000
20966,2014,-16.601562,25000000.000
20967,2015,-16.113281,25000000.000
20968,2034,-6.835938,25000000.000
20969,2045,-1.464844,25000000.000
20970,2057,4.394531,25000000.000
20971,2057,4.394531,25000000.000
20972,2081,16.113281,25000000.000
20973,2091,20.996094,25000000.000
20974,2102,26.367188,25000000.000
20975,2102,26.367188,25000000.000
20976,2115,32.714844,25000000.000
20977,2118,34.179688,25000000.000
20978,2119,34.667969,25000000.000
20979,2119,34.667969,25000000.000
20980,2117,33.691406,25000000.000
20981,2115,32.714844,25000000.000
20982,2110,30.273438,25000000.000
20983,2110,30.273438,25000000.000
20984,2098,24.414062,25000000.000
20985,2090,20.507812,25000000.000
20986,2080,15.625000,25000000.000
20987,2077,14.160156,25000000.000
20988,2056,3.906250,25000000.000
20989,2045,-1.464844,25000000.000
20990,2033,-7.324219,25000000.000
20991,2033,-7.324219,25000000.000
20992,2011,-18.066406,25000000.000
20993,2001,-22.949219,25000000.000
20994,1993,-26.855469,25000000.000
20995,1993,-26.855469,25000000.000
20996,1981,-32.714844,25000000.000
20997,1980,-33.203125,25000000.000
20998,1978,-34.179688,25000000.000
20999,1978,-34.179688,25000000.000
21000,1980,-33.203125,25000000.000
21001,1981,-32.714844,25000000.000
21002,1984,-31.250000,25000000.000
21003,1985,-30.761719,25000000.000
21004,1994,-26.367188,25000000.000
21005,2000,-23.437500,25000000.000
21006,2006,-20.507812,25000000.000
21007,2008,-19.531250,25000000.000
21008,2024,-11.718750,25000000.000
21009,2035,-6.347656,25000000.000
21010,2046,-0.976562,25000000.000
21011,2048,0.000000,25000000.000
21012,2072,11.718750,25000000.000
21013,2084,17.578125,25000000.000
21014,2094,22.460938,25000000.000
21015,2095,22.949219,25000000.000
21016,2111,30.761719,25000000.000
21017,2117,33.691406,25000000.000
21018,2119,34.667969,25000000.000
21019,2120,35.156250,25000000.000
21020,2120,35.156250,25000000.000
21021,2118,34.179688,25000000.000
21022,2114,32.226562,25000000.000
21023,2113,31.738281,25000000.000
21024,2103,26.855469,25000000.000
21025,2096,23.437500,25000000.000
21026,2086,18.554688,25000000.000
21027,2085,18.066406,25000000.000
21028,2067,9.277344,25000000.000
21029,2055,3.417969,25000000.000
21030,2043,-2.441406,25000000.000
21031,2041,-3.417969,25000000.000
21032,2019,-14.160156,25000000.000
21033,2009,-19.042969,25000000.000
21034,1999,-23.925781,25000000.000
21035,1998,-24.414062,25000000.000
21036,1984,-31.250000,25000000.000
21037,1979,-33.691406,25000000.000
21038,1977,-34.667969,25000000.000
21039,1977,-34.667969,25000000.000
21040,1978,-34.179688,25000000.000
21041,1979,-33.691406,25000000.000
21042,1982,-32.226562,25000000.000
21043,1981,-32.714844,25000000.000
21044,1989,-28.808594,25000000.000
21045,1994,-26.367188,25000000.000
21046,2000,-23.437500,25000000.000
21047,2000,-23.437500,25000000.000
21048,2015,-16.113281,25000000.000
21049,2024,-11.718750,25000000.000
21050,2037,-5.371094,25000000.000
21051,2036,-5.859375,25000000.000
21052,2058,4.882812,25000000.000
21053,2072,11.718750,25000000.000
21054,2084,17.578125,25000000.000
21055,2085,18.066406,25000000.000
21056,2103,26.855469,25000000.000
21057,2111,30.761719,25000000.000
21058,2116,33.203125,25000000.000
21059,2116,33.203125,25000000.000
21060,2119,34.667969,25000000.000
21061,2119,34.667969,25000000.000
21062,2116,33.203125,25000000.000
21063,2116,33.203125,25000000.000
21064,2108,29.296875,25000000.000
21065,2102,26.367188,25000000.000
21066,2094,22.460938,25000000.000
21067,2093,21.972656,25000000.000
21068,2076,13.671875,25000000.000
21069,2065,8.300781,25000000.000
21070,2053,2.441406,25000000.000
21071,2052,1.953125,25000000.000
21072,2028,-9.765625,25000000.000
21073,2017,-15.136719,25000000.000
21074,2007,-20.019531,25000000.000
21075,2005,-20.996094,25000000.000
21076,1989,-28.808594,25000000.000
21077,1984,-31.250000,25000000.000
21078,1979,-33.691406,25000000.000
21079,1979,-33.691406,25000000.000
21080,1976,-35.156250,25000000.000
21081,1977,-34.667969,25000000.000
21082,1978,-34.179688,25000000.000
21083,1979,-33.691406,25000000.000
21084,1985,-30.761719,25000000.000
21085,1988,-29.296875,25000000.000
21086,1994,-26.367188,25000000.000
21087,1995,-25.878906,25000000.000
21088,2008,-19.531250,25000000.000
21089,2017,-15.136719,25000000.000
21090,2026,-10.742188,25000000.000
21091,2029,-9.277344,25000000.000
21092,2050,0.976562,25000000.000
21093,2063,7.324219,25000000.000
21094,2074,12.695312,25000000.000
21095,2077,14.160156,25000000.000
21096,2097,23.925781,25000000.000
21097,2106,28.320312,25000000.000
21098,2112,31.250000,25000000.000
21099,2112,31.250000,25000000.000
21100,2119,34.667969,25000000.000
21101,2119,34.667969,25000000.000
21102,2118,34.179688,25000000.000
21103,2118,34.179688,25000000.000
21104,2111,30.761719,25000000.000
21105,2107,28.808594,25000000.000
21106,2101,25.878906,25000000.000
21107,2101,25.878906,25000000.000
21108,2084,17.578125,25000000.000
21109,2074,12.695312,25000000.000
21110,2063,7.324219,25000000.000
21111,2062,6.835938,25000000.000
21112,2039,-4.394531,25000000.000
21113,2027,-10.253906,25000000.000
21114,2015,-16.113281,25000000.000
21115,2014,-16.601562,25000000.000
21116,1995,-25.878906,25000000.000
21117,1989,-28.808594,25000000.000
21118,1984,-31.250000,25000000.000
21119,1983,-31.738281,25000000.000
21120,1978,-34.179688,25000000.000
21121,1976,-35.156250,25000000.000
21122,1979,-33.691406,25000000.000
21123,1979,-33.691406,25000000.000
21124,1983,-31.738281,25000000.000
21125,1987,-29.785156,25000000.000
21126,1991,-27.832031,25000000.000
21127,1992,-27.343750,25000000.000
21128,2003,-21.972656,25000000.000
21129,2009,-19.042969,25000000.000
21130,2017,-15.136719,25000000.000
21131,2018,-14.648438,25000000.000
21132,2038,-4.882812,25000000.000
21133,2051,1.464844,25000000.000
21134,2064,7.812500,25000000.000
21135,2065,8.300781,25000000.000
21136,2088,19.531250,25000000.000
21137,2098,24.414062,25000000.000
21138,2107,28.808594,25000000.000
21139,2108,29.296875,25000000.000
21140,2118,34.179688,25000000.000
21141,2120,35.156250,25000000.000
21142,2119,34.667969,25000000.000
21143,2120,35.156250,25000000.000
21144,2116,33.203125,25000000.000
21145,2111,30.761719,25000000.000
21146,2107,28.808594,25000000.000
21147,2107,28.808594,25000000.000
21148,2092,21.484375,25000000.000
21149,2082,16.601562,25000000.000
21150,2073,12.207031,25000000.000
21151,2070,10.742188,25000000.000
21152,2050,0.976562,25000000.000
21153,2037,-5.371094,25000000.000
21154,2026,-10.742188,25000000.000
21155,2025,-11.230469,25000000.000
21156,2004,-21.484375,25000000.000
21157,1995,-25.878906,25000000.000
21158,1988,-29.296875,25000000.000
21159,1988,-29.296875,25000000.000
21160,1979,-33.691406,25000000.000
21161,1978,-34.179688,25000000.000
21162,1978,-34.179688,25000000.000
21163,1977,-34.667969,25000000.000
21164,1982,-32.226562,25000000.000
21165,1984,-31.250000,25000000.000
21166,1988,-29.296875,25000000.000
21167,1989,-28.808594,25000000.000
21168,1998,-24.414062,25000000.000
21169,2004,-21.484375,25000000.000
21170,2012,-17.578125,25000000.000
21171,2011,-18.066406,25000000.000
21172,2028,-9.765625,25000000.000
21173,2042,-2.929688,25000000.000
21174,2053,2.441406,25000000.000
21175,2055,3.417969,25000000.000
21176,2080,15.625000,25000000.000
21177,2090,20.507812,25000000.000
21178,2102,26.367188,25000000.000
21179,2103,26.855469,25000000.000
21180,2116,33.203125,25000000.000
21181,2120,35.156250,25000000.000
21182,2121,35.644531,25000000.000
21183,2122,36.132812,25000000.000
21184,2119,34.667969,25000000.000
21185,2116,33.203125,25000000.000
21186,2111,30.761719,25000000.000
21187,2110,30.273438,25000000.000
21188,2098,24.414062,25000000.000
21189,2091,20.996094,25000000.000
21190,2081,16.113281,25000000.000
21191,2080,15.625000,25000000.000
21192,2061,6.347656,25000000.000
21193,2049,0.488281,25000000.000
21194,2037,-5.371094,25000000.000
21195,2036,-5.859375,25000000.000
21196,2013,-17.089844,25000000.000
21197,2003,-21.972656,25000000.000
21198,1995,-25.878906,25000000.000
21199,1995,-25.878906,25000000.000
21200,1982,-32.226562,25000000.000
21201,1980,-33.203125,25000000.000
21202,1978,-34.179688,25000000.000
21203,1977,-34.667969,25000000.000
21204,1980,-33.203125,25000000.000
21205,1982,-32.226562,25000000.000
21206,1985,-30.761719,25000000.000
21207,1987,-29.785156,25000000.000
21208,1994,-26.367188,25000000.000
21209,1999,-23.925781,25000000.000
21210,2005,-20.996094,25000000.000
21211,2006,-20.507812,25000000.000
21212,2020,-13.671875,25000000.000
21213,2030,-8.789062,25000000.000
21214,2041,-3.417969,25000000.000
21215,2043,-2.441406,25000000.000
21216,2066,8.789062,25000000.000
21217,2079,15.136719,25000000.000
21218,2092,21.484375,25000000.000
21219,2093,21.972656,25000000.000
21220,2111,30.761719,25000000.000
21221,2116,33.203125,25000000.000
21222,2121,35.644531,25000000.000
21223,2121,35.644531,25000000.000
21224,2122,36.132812,25000000.000
21225,2119,34.667969,25000000.000
21226,2116,33.203125,25000000.000
21227,2115,32.714844,25000000.000
21228,2105,27.832031,25000000.000
21229,2097,23.925781,25000000.000
21230,2088,19.531250,25000000.000
21231,2087,19.042969,25000000.000
21232,2069,10.253906,25000000.000
21233,2057,4.394531,25000000.000
21234,2046,-0.976562,25000000.000
21235,2045,-1.464844,25000000.000
21236,2023,-12.207031,25000000.000
21237,2011,-18.066406,25000000.000
21238,2001,-22.949219,25000000.000
21239,2001,-22.949219,25000000.000
21240,1987,-29.785156,25000000.000
21241,1981,-32.714844,25000000.000
21242,1978,-34.179688,25000000.000
21243,1978,-34.179688,25000000.000
21244,1974,-36.132812,25000000.000
21245,1980,-33.203125,25000000.000
21246,1982,-32.226562,25000000.000
21247,1982,-32.226562,25000000.000
21248,1989,-28.808594,25000000.000
21249,1994,-26.367188,25000000.000
21250,2000,-23.437500,25000000.000
21251,2000,-23.437500,25000000.000
21252,2013,-17.089844,25000000.000
21253,2021,-13.183594,25000000.000
21254,2031,-8.300781,25000000.000
21255,2032,-7.812500,25000000.000
21256,2055,3.417969,25000000.000
21257,2069,10.253906,25000000.000
21258,2082,16.601562,25000000.000
21259,2082,16.601562,25000000.000
21260,2104,27.343750,25000000.000
21261,2112,31.250000,25000000.000
21262,2118,34.179688,25000000.000
21263,2119,34.667969,25000000.000
21264,2121,35.644531,25000000.000
21265,2120,35.156250,25000000.000
21266,2118,34.179688,25000000.000
21267,2117,33.691406,25000000.000
21268,2107,28.808594,25000000.000
21269,2101,25.878906,25000000.000
21270,2094,22.460938,25000000.000
21271,2092,21.484375,25000000.000
21272,2075,13.183594,25000000.000
21273,2064,7.812500,25000000.000
21274,2054,2.929688,25000000.000
21275,2053,2.441406,25000000.000
21276,2031,-8.300781,25000000.000
21277,2020,-13.671875,25000000.000
21278,2009,-19.042969,25000000.000
21279,2008,-19.531250,25000000.000
21280,1992,-27.343750,25000000.000
21281,1985,-30.761719,25000000.000
21282,1980,-33.203125,25000000.000
21283,1980,-33.203125,25000000.000
21284,1976,-35.156250,25000000.000
21285,1978,-34.179688,25000000.000
21286,1979,-33.691406,25000000.000
21287,1981,-32.714844,25000000.000
21288,1987,-29.785156,25000000.000
21289,1992,-27.343750,25000000.000
21290,1996,-25.390625,25000000.000
21291,1995,-25.878906,25000000.000
21292,2006,-20.507812,25000000.000
21293,2013,-17.089844,25000000.000
21294,2023,-12.207031,25000000.000
21295,2023,-12.207031,25000000.000
21296,2043,-2.441406,25000000.000
21297,2056,3.906250,25000000.000
21298,2069,10.253906,25000000.000
21299,2071,11.230469,25000000.000
21300,2095,22.949219,25000000.000
21301,2105,27.832031,25000000.000
21302,2113,31.738281,25000000.000
21303,2113,31.738281,25000000.000
21304,2121,35.644531,25000000.000
21305,2122,36.132812,25000000.000
21306,2121,35.644531,25000000.000
21307,2121,35.644531,25000000.000
21308,2113,31.738281,25000000.000
21309,2107,28.808594,25000000.000
21310,2100,25.390625,25000000.000
21311,2099,24.902344,25000000.000
21312,2085,18.066406,25000000.000
21313,2074,12.695312,25000000.000
21314,2065,8.300781,25000000.000
21315,2063,7.324219,25000000.000
21316,2042,-2.929688,25000000.000
21317,2031,-8.300781,25000000.000
21318,2019,-14.160156,25000000.000
21319,2018,-14.648438,25000000.000
21320,1999,-23.925781,25000000.000
21321,1991,-27.832031,25000000.000
21322,1984,-31.250000,25000000.000
21323,1985,-30.761719,25000000.000
21324,1976,-35.156250,25000000.000
21325,1976,-35.156250,25000000.000
21326,1978,-34.179688,25000000.000
21327,1977,-34.667969,25000000.000
21328,1983,-31.738281,25000000.000
21329,1987,-29.785156,25000000.000
21330,1992,-27.343750,25000000.000
21331,1994,-26.367188,25000000.000
21332,2002,-22.460938,25000000.000
21333,2008,-19.531250,25000000.000
21334,2016,-15.625000,25000000.000
21335,2017,-15.136719,25000000.000
21336,2035,-6.347656,25000000.000
21337,2046,-0.976562,25000000.000
21338,2058,4.882812,25000000.000
21339,2059,5.371094,25000000.000
21340,2085,18.066406,25000000.000
21341,2097,23.925781,25000000.000
21342,2107,28.808594,25000000.000
21343,2109,29.785156,25000000.000
21344,2121,35.644531,25000000.000
21345,2123,36.621094,25000000.000
21346,2123,36.621094,25000000.000
21347,2123,36.621094,25000000.000
21348,2118,34.179688,25000000.000
21349,2113,31.738281,25000000.000
21350,2107,28.808594,25000000.000
21351,2105,27.832031,25000000.000
21352,2091,20.996094,25000000.000
21353,2082,16.601562,25000000.000
21354,2074,12.695312,25000000.000
21355,2073,12.207031,25000000.000
21356,2051,1.464844,25000000.000
21357,2041,-3.417969,25000000.000
21358,2029,-9.277344,25000000.000
21359,2029,-9.277344,25000000.000
21360,2008,-19.531250,25000000.000
21361,1998,-24.414062,25000000.000
21362,1991,-27.832031,25000000.000
21363,1989,-28.808594,25000000.000
21364,1980,-33.203125,25000000.000
21365,1978,-34.179688,25000000.000
21366,1977,-34.667969,25000000.000
21367,1977,-34.667969,25000000.000
21368,1980,-33.203125,25000000.000
21369,1984,-31.250000,25000000.000
21370,1988,-29.296875,25000000.000
21371,1989,-28.808594,25000000.000
21372,1999,-23.925781,25000000.000
21373,2004,-21.484375,25000000.000
21374,2011,-18.066406,25000000.000
21375,2012,-17.578125,25000000.000
21376,2026,-10.742188,25000000.000
21377,2036,-5.859375,25000000.000
21378,2046,-0.976562,25000000.000
21379,2048,0.000000,25000000.000
21380,2073,12.207031,25000000.000
21381,2085,18.066406,25000000.000
21382,2097,23.925781,25000000.000
21383,2099,24.902344,25000000.000
21384,2115,32.714844,25000000.000
21385,2122,36.132812,25000000.000
21386,2123,36.621094,25000000.000
21387,2123,36.621094,25000000.000
21388,2121,35.644531,25000000.000
21389,2117,33.691406,25000000.000
21390,2111,30.761719,25000000.000
21391,2112,31.250000,25000000.000
21392,2098,24.414062,25000000.000
21393,2090,20.507812,25000000.000
21394,2081,16.113281,25000000.000
21395,2080,15.625000,25000000.000
21396,2062,6.835938,25000000.000
21397,2050,0.976562,25000000.000
21398,2039,-4.394531,25000000.000
21399,2039,-4.394531,25000000.000
21400,2016,-15.625000,25000000.000
21401,2006,-20.507812,25000000.000
21402,1996,-25.390625,25000000.000
21403,1996,-25.390625,25000000.000
21404,1983,-31.738281,25000000.000
21405,1979,-33.691406,25000000.000
21406,1976,-35.156250,25000000.000
21407,1977,-34.667969,25000000.000
21408,1976,-35.156250,25000000.000
21409,1979,-33.691406,25000000.000
21410,1983,-31.738281,25000000.000
21411,1984,-31.250000,25000000.000
21412,1995,-25.878906,25000000.000
21413,1999,-23.925781,25000000.000
21414,2006,-20.507812,25000000.000
21415,2006,-20.507812,25000000.000
21416,2020,-13.671875,25000000.000
21417,2029,-9.277344,25000000.000
21418,2038,-4.882812,25000000.000
21419,2039,-4.394531,25000000.000
21420,2062,6.835938,25000000.000
21421,2076,13.671875,25000000.000
21422,2088,19.531250,25000000.000
21423,2090,20.507812,25000000.000
21424,2114,32.226562,25000000.000
21425,2115,32.714844,25000000.000
21426,2121,35.644531,25000000.000
21427,2121,35.644531,25000000.000
21428,2123,36.621094,25000000.000
21429,2120,35.156250,25000000.000
21430,2115,32.714844,25000000.000
21431,2114,32.226562,25000000.000
21432,2104,27.343750,25000000.000
21433,2097,23.925781,25000000.000
21434,2089,20.019531,25000000.000
21435,2087,19.042969,25000000.000
21436,2071,11.230469,25000000.000
21437,2061,6.347656,25000000.000
21438,2050,0.976562,25000000.000
21439,2048,0.000000,25000000.000
21440,2027,-10.253906,25000000.000
21441,2015,-16.113281,25000000.000
21442,2006,-20.507812,25000000.000
21443,2004,-21.484375,25000000.000
21444,1988,-29.296875,25000000.000
21445,1983,-31.738281,25000000.000
21446,1978,-34.179688,25000000.000
21447,1978,-34.179688,25000000.000
21448,1975,-35.644531,25000000.000
21449,1977,-34.667969,25000000.000
21450,1979,-33.691406,25000000.000
21451,1981,-32.714844,25000000.000
21452,1989,-28.808594,25000000.000
21453,1994,-26.367188,25000000.000
21454,2001,-22.949219,25000000.000
21455,2001,-22.949219,25000000.000
21456,2015,-16.113281,25000000.000
21457,2018,-14.648438,25000000.000
21458,2028,-9.765625,25000000.000
21459,2031,-8.300781,25000000.000
21460,2050,0.976562,25000000.000
21461,2061,6.347656,25000000.000
21462,2076,13.671875,25000000.000
21463,2076,13.671875,25000000.000
21464,2101,25.878906,25000000.000
21465,2110,30.273438,25000000.000
21466,2116,33.203125,25000000.000
21467,2117,33.691406,25000000.000
21468,2122,36.132812,25000000.000
21469,2122,36.132812,25000000.000
21470,2119,34.667969,25000000.000
21471,2118,34.179688,25000000.000
21472,2107,28.808594,25000000.000
21473,2102,26.367188,25000000.000
21474,2095,22.949219,25000000.000
21475,2094,22.460938,25000000.000
21476,2078,14.648438,25000000.000
21477,2068,9.765625,25000000.000
21478,2057,4.394531,25000000.000
21479,2057,4.394531,25000000.000
21480,2035,-6.347656,25000000.000
21481,2025,-11.230469,25000000.000
21482,2013,-17.089844,25000000.000
21483,2012,-17.578125,25000000.000
21484,1994,-26.367188,25000000.000
21485,1986,-30.273438,25000000.000
21486,1981,-32.714844,25000000.000
21487,1980,-33.203125,25000000.000
21488,1975,-35.644531,25000000.000
21489,1976,-35.156250,25000000.000
21490,1978,-34.179688,25000000.000
21491,1978,-34.179688,25000000.000
21492,1986,-30.273438,25000000.000
21493,1990,-28.320312,25000000.000
21494,1996,-25.390625,25000000.000
21495,1996,-25.390625,25000000.000
21496,2008,-19.531250,25000000.000
21497,2015,-16.113281,25000000.000
21498,2022,-12.695312,25000000.000
21499,2023,-12.207031,25000000.000
21500,2041,-3.417969,25000000.000
21501,2053,2.441406,25000000.000
21502,2065,8.300781,25000000.000
21503,2065,8.300781,25000000.000
21504,2091,20.996094,25000000.000
21505,2101,25.878906,25000000.000
21506,2111,30.761719,25000000.000
21507,2112,31.250000,25000000.000
21508,2122,36.132812,25000000.000
21509,2124,37.109375,25000000.000
21510,2123,36.621094,25000000.000
21511,2123,36.621094,25000000.000
21512,2115,32.714844,25000000.000
21513,2107,28.808594,25000000.000
21514,2101,25.878906,25000000.000
21515,2100,25.390625,25000000.000
21516,2084,17.578125,25000000.000
21517,2076,13.671875,25000000.000
21518,2066,8.789062,25000000.000
21519,2064,7.812500,25000000.000
21520,2044,-1.953125,25000000.000
21521,2033,-7.324219,25000000.000
21522,2022,-12.695312,25000000.000
21523,2021,-13.183594,25000000.000
21524,2002,-22.460938,25000000.000
21525,1993,-26.855469,25000000.000
21526,1986,-30.273438,25000000.000
21527,1985,-30.761719,25000000.000
21528,1978,-34.179688,25000000.000
21529,1975,-35.644531,25000000.000
21530,1976,-35.156250,25000000.000
21531,1976,-35.156250,25000000.000
21532,1982,-32.226562,25000000.000
21533,1986,-30.273438,25000000.000
21534,1991,-27.832031,25000000.000
21535,1992,-27.343750,25000000.000
21536,2004,-21.484375,25000000.000
21537,2010,-18.554688,25000000.000
21538,2018,-14.648438,25000000.000
21539,2018,-14.648438,25000000.000
21540,2034,-6.835938,25000000.000
21541,2043,-2.441406,25000000.000
21542,2053,2.441406,25000000.000
21543,2055,3.417969,25000000.000
21544,2078,14.648438,25000000.000
21545,2092,21.484375,25000000.000
21546,2102,26.367188,25000000.000
21547,2104,27.343750,25000000.000
21548,2119,34.667969,25000000.000
21549,2123,36.621094,25000000.000
21550,2125,37.597656,25000000.000
21551,2125,37.597656,25000000.000
21552,2120,35.156250,25000000.000
21553,2115,32.714844,25000000.000
21554,2109,29.785156,25000000.000
21555,2108,29.296875,25000000.000
21556,2093,21.972656,25000000.000
21557,2084,17.578125,25000000.000
21558,2074,12.695312,25000000.000
21559,2074,12.695312,25000000.000
21560,2054,2.929688,25000000.000
21561,2044,-1.953125,25000000.000
21562,2033,-7.324219,25000000.000
21563,2032,-7.812500,25000000.000
21564,2011,-18.066406,25000000.000
21565,2001,-22.949219,25000000.000
21566,1992,-27.343750,25000000.000
21567,1992,-27.343750,25000000.000
21568,1981,-32.714844,25000000.000
21569,1976,-35.156250,25000000.000
21570,1975,-35.644531,25000000.000
21571,1975,-35.644531,25000000.000
21572,1978,-34.179688,25000000.000
21573,1981,-32.714844,25000000.000
21574,1985,-30.761719,25000000.000
21575,1986,-30.273438,25000000.000
21576,1996,-25.390625,25000000.000
21577,2003,-21.972656,25000000.000
21578,2010,-18.554688,25000000.000
21579,2010,-18.554688,25000000.000
21580,2025,-11.230469,25000000.000
21581,2034,-6.835938,25000000.000
21582,2045,-1.464844,25000000.000
21583,2046,-0.976562,25000000.000
21584,2068,9.765625,25000000.000
21585,2081,16.113281,25000000.000
21586,2094,22.460938,25000000.000
21587,2095,22.949219,25000000.000
21588,2114,32.226562,25000000.000
21589,2120,35.156250,25000000.000
21590,2124,37.109375,25000000.000
21591,2123,36.621094,25000000.000
21592,2122,36.132812,25000000.000
21593,2120,35.156250,25000000.000
21594,2116,33.203125,25000000.000
21595,2115,32.714844,25000000.000
21596,2101,25.878906,25000000.000
21597,2093,21.972656,25000000.000
21598,2085,18.066406,25000000.000
21599,2083,17.089844,25000000.000
21600,2065,8.300781,25000000.000
21601,2054,2.929688,25000000.000
21602,2043,-2.441406,25000000.000
21603,2042,-2.929688,25000000.000
21604,2020,-13.671875,25000000.000
21605,2009,-19.042969,25000000.000
21606,1999,-23.925781,25000000.000
21607,1999,-23.925781,25000000.000
21608,1984,-31.250000,25000000.000
21609,1980,-33.203125,25000000.000
21610,1976,-35.156250,25000000.000
21611,1977,-34.667969,25000000.000
21612,1976,-35.156250,25000000.000
21613,1980,-33.203125,25000000.000
21614,1983,-31.738281,25000000.000
21615,1983,-31.738281,25000000.000
21616,1993,-26.855469,25000000.000
21617,1999,-23.925781,25000000.000
21618,2006,-20.507812,25000000.000
21619,2005,-20.996094,25000000.000
21620,2018,-14.648438,25000000.000
21621,2025,-11.230469,25000000.000
21622,2034,-6.835938,25000000.000
21623,2034,-6.835938,25000000.000
21624,2055,3.417969,25000000.000
21625,2068,9.765625,25000000.000
21626,2080,15.625000,25000000.000
21627,2082,16.601562,25000000.000
21628,2105,27.832031,25000000.000
21629,2114,32.226562,25000000.000
21630,2121,35.644531,25000000.000
21631,2122,36.132812,25000000.000
21632,2127,38.574219,25000000.000
21633,2124,37.109375,25000000.000
21634,2120,35.156250,25000000.000
21635,2119,34.667969,25000000.000
21636,2106,28.320312,25000000.000
21637,2097,23.925781,25000000.000
21638,2088,19.531250,25000000.000
21639,2088,19.531250,25000000.000
21640,2068,9.765625,25000000.000
21641,2060,5.859375,25000000.000
21642,2050,0.976562,25000000.000
21643,2049,0.488281,25000000.000
21644,2029,-9.277344,25000000.000
21645,2017,-15.136719,25000000.000
21646,2007,-20.019531,25000000.000
21647,2006,-20.507812,25000000.000
21648,1990,-28.320312,25000000.000
21649,1985,-30.761719,25000000.000
21650,1980,-33.203125,25000000.000
21651,1979,-33.691406,25000000.000
21652,1976,-35.156250,25000000.000
21653,1978,-34.179688,25000000.000
21654,1980,-33.203125,25000000.000
21655,1981,-32.714844,25000000.000
21656,1987,-29.785156,25000000.000
21657,1994,-26.367188,25000000.000
21658,1997,-24.902344,25000000.000
21659,1998,-24.414062,25000000.000
21660,2011,-18.066406,25000000.000
21661,2018,-14.648438,25000000.000
21662,2026,-10.742188,25000000.000
21663,2026,-10.742188,25000000.000
21664,2046,-0.976562,25000000.000
21665,2058,4.882812,25000000.000
21666,2070,10.742188,25000000.000
21667,2071,11.230469,25000000.000
21668,2095,22.949219,25000000.000
21669,2107,28.808594,25000000.000
21670,2115,32.714844,25000000.000
21671,2117,33.691406,25000000.000
21672,2125,37.597656,25000000.000
21673,2127,38.574219,25000000.000
21674,2125,37.597656,25000000.000
21675,2124,37.109375,25000000.000
21676,2113,31.738281,25000000.000
21677,2105,27.832031,25000000.000
21678,2097,23.925781,25000000.000
21679,2096,23.437500,25000000.000
21680,2078,14.648438,25000000.000
21681,2069,10.253906,25000000.000
21682,2059,5.371094,25000000.000
21683,2058,4.882812,25000000.000
21684,2038,-4.882812,25000000.000
21685,2027,-10.253906,25000000.000
21686,2015,-16.113281,25000000.000
21687,2014,-16.601562,25000000.000
21688,1997,-24.902344,25000000.000
21689,1989,-28.808594,25000000.000
21690,1983,-31.738281,25000000.000
21691,1982,-32.226562,25000000.000
21692,1977,-34.667969,25000000.000
21693,1976,-35.156250,25000000.000
21694,1977,-34.667969,25000000.000
21695,1978,-34.179688,25000000.000
21696,1985,-30.761719,25000000.000
21697,1989,-28.808594,25000000.000
21698,1996,-25.390625,25000000.000
21699,1995,-25.878906,25000000.000
21700,2007,-20.019531,25000000.000
21701,2013,-17.089844,25000000.000
21702,2020,-13.671875,25000000.000
21703,2021,-13.183594,25000000.000
21704,2038,-4.882812,25000000.000
21705,2047,-0.488281,25000000.000
21706,2059,5.371094,25000000.000
21707,2061,6.347656,25000000.000
21708,2085,18.066406,25000000.000
21709,2097,23.925781,25000000.000
21710,2107,28.808594,25000000.000
21711,2108,29.296875,25000000.000
21712,2123,36.621094,25000000.000
21713,2127,38.574219,25000000.000
21714,2127,38.574219,25000000.000
21715,2128,39.062500,25000000.000
21716,2119,34.667969,25000000.000
21717,2113,31.738281,25000000.000
21718,2106,28.320312,25000000.000
21719,2105,27.832031,25000000.000
21720,2088,19.531250,25000000.000
21721,2078,14.648438,25000000.000
21722,2068,9.765625,25000000.000
21723,2066,8.789062,25000000.000
21724,2047,-0.488281,25000000.000
21725,2036,-5.859375,25000000.000
21726,2024,-11.718750,25000000.000
21727,2023,-12.207031,25000000.000
21728,2004,-21.484375,25000000.000
21729,1996,-25.390625,25000000.000
21730,1988,-29.296875,25000000.000
21731,1988,-29.296875,25000000.000
21732,1978,-34.179688,25000000.000
21733,1977,-34.667969,25000000.000
21734,1977,-34.667969,25000000.000
21735,1977,-34.667969,25000000.000
21736,1981,-32.714844,25000000.000
21737,1985,-30.761719,25000000.000
21738,1990,-28.320312,25000000.000
21739,1990,-28.320312,25000000.000
21740,2002,-22.460938,25000000.000
21741,2009,-19.042969,25000000.000
21742,2016,-15.625000,25000000.000
21743,2017,-15.136719,25000000.000
21744,2032,-7.812500,25000000.000
21745,2041,-3.417969,25000000.000
21746,2052,1.953125,25000000.000
21747,2053,2.441406,25000000.000
21748,2075,13.183594,25000000.000
21749,2087,19.042969,25000000.000
21750,2099,24.902344,25000000.000
21751,2100,25.390625,25000000.000
21752,2117,33.691406,25000000.000
21753,2122,36.132812,25000000.000
21754,2126,38.085938,25000000.000
21755,2127,38.574219,25000000.000
21756,2123,36.621094,25000000.000
21757,2119,34.667969,25000000.000
21758,2112,31.250000,25000000.000
21759,2111,30.761719,25000000.000
21760,2095,22.949219,25000000.000
21761,2086,18.554688,25000000.000
21762,2076,13.671875,25000000.000
21763,2075,13.183594,25000000.000
21764,2055,3.417969,25000000.000
21765,2044,-1.953125,25000000.000
21766,2034,-6.835938,25000000.000
21767,2033,-7.324219,25000000.000
21768,2012,-17.578125,25000000.000
21769,2003,-21.972656,25000000.000
21770,1994,-26.367188,25000000.000
21771,1993,-26.855469,25000000.000
21772,1982,-32.226562,25000000.000
21773,1978,-34.179688,25000000.000
21774,1976,-35.156250,25000000.000
21775,1976,-35.156250,25000000.000
21776,1978,-34.179688,25000000.000
21777,1982,-32.226562,25000000.000
21778,1985,-30.761719,25000000.000
21779,1986,-30.273438,25000000.000
21780,1996,-25.390625,25000000.000
21781,2002,-22.460938,25000000.000
21782,2010,-18.554688,25000000.000
21783,2010,-18.554688,25000000.000
21784,2023,-12.207031,25000000.000
21785,2032,-7.812500,25000000.000
21786,2042,-2.929688,25000000.000
21787,2045,-1.464844,25000000.000
21788,2064,7.812500,25000000.000
21789,2076,13.671875,25000000.000
21790,2088,19.531250,25000000.000
21791,2090,20.507812,25000000.000
21792,2110,30.273438,25000000.000
21793,2116,33.203125,25000000.000
21794,2123,36.621094,25000000.000
21795,2123,36.621094,25000000.000
21796,2126,38.085938,25000000.000
21797,2123,36.621094,25000000.000
21798,2118,34.179688,25000000.000
21799,2117,33.691406,25000000.000
21800,2104,27.343750,25000000.000
21801,2094,22.460938,25000000.000
21802,2085,18.066406,25000000.000
21803,2084,17.578125,25000000.000
21804,2064,7.812500,25000000.000
21805,2053,2.441406,25000000.000
21806,2043,-2.441406,25000000.000
21807,2041,-3.417969,25000000.000
21808,2020,-13.671875,25000000.000
21809,2010,-18.554688,25000000.000
21810,2000,-23.437500,25000000.000
21811,2000,-23.437500,25000000.000
21812,1987,-29.785156,25000000.000
21813,1981,-32.714844,25000000.000
21814,1977,-34.667969,25000000.000
21815,1977,-34.667969,25000000.000
21816,1975,-35.644531,25000000.000
21817,1977,-34.667969,25000000.000
21818,1981,-32.714844,25000000.000
21819,1981,-32.714844,25000000.000
21820,1990,-28.320312,25000000.000
21821,1996,-25.390625,25000000.000
21822,2003,-21.972656,25000000.000
21823,2003,-21.972656,25000000.000
21824,2016,-15.625000,25000000.000
21825,2025,-11.230469,25000000.000
21826,2034,-6.835938,25000000.000
21827,2034,-6.835938,25000000.000
21828,2055,3.417969,25000000.000
21829,2067,9.277344,25000000.000
21830,2079,15.136719,25000000.000
21831,2080,15.625000,25000000.000
21832,2100,25.390625,25000000.000
21833,2111,30.761719,25000000.000
21834,2117,33.691406,25000000.000
21835,2119,34.667969,25000000.000
21836,2125,37.597656,25000000.000
21837,2124,37.109375,25000000.000
21838,2121,35.644531,25000000.000
21839,2121,35.644531,25000000.000
21840,2111,30.761719,25000000.000
21841,2101,25.878906,25000000.000
21842,2092,21.484375,25000000.000
21843,2092,21.484375,25000000.000
21844,2073,12.207031,25000000.000
21845,2061,6.347656,25000000.000
21846,2051,1.464844,25000000.000
21847,2050,0.976562,25000000.000
21848,2029,-9.277344,25000000.000
21849,2018,-14.648438,25000000.000
21850,2009,-19.042969,25000000.000
21851,2006,-20.507812,25000000.000
21852,1991,-27.832031,25000000.000
21853,1985,-30.761719,25000000.000
21854,1980,-33.203125,25000000.000
21855,1980,-33.203125,25000000.000
21856,1975,-35.644531,25000000.000
21857,1977,-34.667969,25000000.000
21858,1980,-33.203125,25000000.000
21859,1979,-33.691406,25000000.000
21860,1986,-30.273438,25000000.000
21861,1992,-27.343750,25000000.000
21862,1997,-24.902344,25000000.000
21863,1999,-23.925781,25000000.000
21864,2011,-18.066406,25000000.000
21865,2018,-14.648438,25000000.000
21866,2027,-10.253906,25000000.000
21867,2027,-10.253906,25000000.000
21868,2046,-0.976562,25000000.000
21869,2057,4.394531,25000000.000
21870,2069,10.253906,25000000.000
21871,2069,10.253906,25000000.000
21872,2091,20.996094,25000000.000
21873,2101,25.878906,25000000.000
21874,2111,30.761719,25000000.000
21875,2111,30.761719,25000000.000
21876,2123,36.621094,25000000.000
21877,2126,38.085938,25000000.000
21878,2124,37.109375,25000000.000
21879,2125,37.597656,25000000.000
21880,2117,33.691406,25000000.000
21881,2108,29.296875,25000000.000
21882,2101,25.878906,25000000.000
21883,2099,24.902344,25000000.000
21884,2081,16.113281,25000000.000
21885,2071,11.230469,25000000.000
21886,2061,6.347656,25000000.000
21887,2059,5.371094,25000000.000
21888,2039,-4.394531,25000000.000
21889,2029,-9.277344,25000000.000
21890,2018,-14.648438,25000000.000
21891,2018,-14.648438,25000000.000
21892,1999,-23.925781,25000000.000
21893,1992,-27.343750,25000000.000
21894,1985,-30.761719,25000000.000
21895,1986,-30.273438,25000000.000
21896,1978,-34.179688,25000000.000
21897,1977,-34.667969,25000000.000
21898,1977,-34.667969,25000000.000
21899,1978,-34.179688,25000000.000
21900,1983,-31.738281,25000000.000
21901,1988,-29.296875,25000000.000
21902,1992,-27.343750,25000000.000
21903,1992,-27.343750,25000000.000
21904,2005,-20.996094,25000000.000
21905,2011,-18.066406,25000000.000
21906,2019,-14.160156,25000000.000
21907,2019,-14.160156,25000000.000
21908,2037,-5.371094,25000000.000
21909,2048,0.000000,25000000.000
21910,2059,5.371094,25000000.000
21911,2060,5.859375,25000000.000
21912,2083,17.089844,25000000.000
21913,2094,22.460938,25000000.000
21914,2104,27.343750,25000000.000
21915,2104,27.343750,25000000.000
21916,2119,34.667969,25000000.000
21917,2123,36.621094,25000000.000
21918,2125,37.597656,25000000.000
21919,2126,38.085938,25000000.000
21920,2121,35.644531,25000000.000
21921,2116,33.203125,25000000.000
21922,2108,29.296875,25000000.000
21923,2108,29.296875,25000000.000
21924,2090,20.507812,25000000.000
21925,2081,16.113281,25000000.000
21926,2069,10.253906,25000000.000
21927,2067,9.277344,25000000.000
21928,2048,0.000000,25000000.000
21929,2038,-4.882812,25000000.000
21930,2026,-10.742188,25000000.000
21931,2025,-11.230469,25000000.000
21932,2008,-19.531250,25000000.000
21933,1998,-24.414062,25000000.000
21934,1992,-27.343750,25000000.000
21935,1991,-27.832031,25000000.000
21936,1981,-32.714844,25000000.000
21937,1978,-34.179688,25000000.000
21938,1977,-34.667969,25000000.000
21939,1976,-35.156250,25000000.000
21940,1980,-33.203125,25000000.000
21941,1982,-32.226562,25000000.000
21942,1988,-29.296875,25000000.000
21943,1988,-29.296875,25000000.000
21944,2000,-23.437500,25000000.000
21945,2006,-20.507812,25000000.000
21946,2013,-17.089844,25000000.000
21947,2013,-17.089844,25000000.000
21948,2031,-8.300781,25000000.000
21949,2040,-3.906250,25000000.000
21950,2049,0.488281,25000000.000
21951,2051,1.464844,25000000.000
21952,2072,11.718750,25000000.000
21953,2082,16.601562,25000000.000
21954,2094,22.460938,25000000.000
21955,2095,22.949219,25000000.000
21956,2112,31.250000,25000000.000
21957,2120,35.156250,25000000.000
21958,2125,37.597656,25000000.000
21959,2126,38.085938,25000000.000
21960,2126,38.085938,25000000.000
21961,2122,36.132812,25000000.000
21962,2118,34.179688,25000000.000
21963,2117,33.691406,25000000.000
21964,2100,25.390625,25000000.000
21965,2091,20.996094,25000000.000
21966,2079,15.136719,25000000.000
21967,2078,14.648438,25000000.000
21968,2057,4.394531,25000000.000
21969,2048,0.000000,25000000.000
21970,2037,-5.371094,25000000.000
21971,2035,-6.347656,25000000.000
21972,2015,-16.113281,25000000.000
21973,2006,-20.507812,25000000.000
21974,1999,-23.925781,25000000.000
21975,1999,-23.925781,25000000.000
21976,1985,-30.761719,25000000.000
21977,1981,-32.714844,25000000.000
21978,1979,-33.691406,25000000.000
21979,1978,-34.179688,25000000.000
21980,1977,-34.667969,25000000.000
21981,1978,-34.179688,25000000.000
21982,1983,-31.738281,25000000.000
21983,1982,-32.226562,25000000.000
21984,1992,-27.343750,25000000.000
21985,1998,-24.414062,25000000.000
21986,2006,-20.507812,25000000.000
21987,2007,-20.019531,25000000.000
21988,2021,-13.183594,25000000.000
21989,2032,-7.812500,25000000.000
21990,2041,-3.417969,25000000.000
21991,2043,-2.441406,25000000.000
21992,2063,7.324219,25000000.000
21993,2074,12.695312,25000000.000
21994,2087,19.042969,25000000.000
21995,2087,19.042969,25000000.000
21996,2105,27.832031,25000000.000
21997,2113,31.738281,25000000.000
21998,2120,35.156250,25000000.000
21999,2120,35.156250,25000000.000
22000,2125,37.597656,25000000.000
22001,2124,37.109375,25000000.000
22002,2120,35.156250,25000000.000
22003,2120,35.156250,25000000.000
22004,2107,28.808594,25000000.000
22005,2098,24.414062,25000000.000
22006,2088,19.531250,25000000.000
22007,2087,19.042969,25000000.000
22008,2066,8.789062,25000000.000
22009,2055,3.417969,25000000.000
22010,2045,-1.464844,25000000.000
22011,2044,-1.953125,25000000.000
22012,2023,-12.207031,25000000.000
22013,2013,-17.089844,25000000.000
22014,2003,-21.972656,25000000.000
22015,2004,-21.484375,25000000.000
22016,1989,-28.808594,25000000.000
22017,1984,-31.250000,25000000.000
22018,1980,-33.203125,25000000.000
22019,1980,-33.203125,25000000.000
22020,1976,-35.156250,25000000.000
22021,1977,-34.667969,25000000.000
22022,1978,-34.179688,25000000.000
22023,1979,-33.691406,25000000.000
22024,1987,-29.785156,25000000.000
22025,1993,-26.855469,25000000.000
22026,2000,-23.437500,25000000.000
22027,2000,-23.437500,25000000.000
22028,2014,-16.601562,25000000.000
22029,2023,-12.207031,25000000.000
22030,2032,-7.812500,25000000.000
22031,2034,-6.835938,25000000.000
22032,2053,2.441406,25000000.000
22033,2064,7.812500,25000000.000
22034,2076,13.671875,25000000.000
22035,2078,14.648438,25000000.000
22036,2096,23.437500,25000000.000
22037,2106,28.320312,25000000.000
22038,2114,32.226562,25000000.000
22039,2114,32.226562,25000000.000
22040,2122,36.132812,25000000.000
22041,2124,37.109375,25000000.000
22042,2122,36.132812,25000000.000
22043,2123,36.621094,25000000.000
22044,2113,31.738281,25000000.000
22045,2106,28.320312,25000000.000
22046,2096,23.437500,25000000.000
22047,2095,22.949219,25000000.000
22048,2077,14.160156,25000000.000
22049,2065,8.300781,25000000.000
22050,2055,3.417969,25000000.000
22051,2054,2.929688,25000000.000
22052,2033,-7.324219,25000000.000
22053,2022,-12.695312,25000000.000
22054,2012,-17.578125,25000000.000
22055,2012,-17.578125,25000000.000
22056,1995,-25.878906,25000000.000
22057,1988,-29.296875,25000000.000
22058,1984,-31.250000,25000000.000
22059,1983,-31.738281,25000000.000
22060,1977,-34.667969,25000000.000
22061,1976,-35.156250,25000000.000
22062,1978,-34.179688,25000000.000
22063,1977,-34.667969,25000000.000
22064,1984,-31.250000,25000000.000
22065,1987,-29.785156,25000000.000
22066,1993,-26.855469,25000000.000
22067,1994,-26.367188,25000000.000
22068,2006,-20.507812,25000000.000
22069,2015,-16.113281,25000000.000
22070,2024,-11.718750,25000000.000
22071,2024,-11.718750,25000000.000
22072,2044,-1.953125,25000000.000
22073,2055,3.417969,25000000.000
22074,2067,9.277344,25000000.000
22075,2068,9.765625,25000000.000
22076,2089,20.019531,25000000.000
22077,2099,24.902344,25000000.000
22078,2107,28.808594,25000000.000
22079,2109,29.785156,25000000.000
22080,2120,35.156250,25000000.000
22081,2123,36.621094,25000000.000
22082,2122,36.132812,25000000.000
22083,2122,36.132812,25000000.000
22084,2118,34.179688,25000000.000
22085,2111,30.761719,25000000.000
22086,2103,26.855469,25000000.000
22087,2102,26.367188,25000000.000
22088,2085,18.066406,25000000.000
22089,2075,13.183594,25000000.000
22090,2065,8.300781,25000000.000
22091,2062,6.835938,25000000.000
22092,2042,-2.929688,25000000.000
22093,2032,-7.812500,25000000.000
22094,2022,-12.695312,25000000.000
22095,2020,-13.671875,25000000.000
22096,2003,-21.972656,25000000.000
22097,1995,-25.878906,25000000.000
22098,1989,-28.808594,25000000.000
22099,1988,-29.296875,25000000.000
22100,1979,-33.691406,25000000.000
22101,1977,-34.667969,25000000.000
22102,1978,-34.179688,25000000.000
22103,1977,-34.667969,25000000.000
22104,1981,-32.714844,25000000.000
22105,1985,-30.761719,25000000.000
22106,1989,-28.808594,25000000.000
22107,1990,-28.320312,25000000.000
22108,2002,-22.460938,25000000.000
22109,2009,-19.042969,25000000.000
22110,2016,-15.625000,25000000.000
22111,2018,-14.648438,25000000.000
22112,2036,-5.859375,25000000.000
22113,2046,-0.976562,25000000.000
22114,2058,4.882812,25000000.000
22115,2058,4.882812,25000000.000
22116,2080,15.625000,25000000.000
22117,2091,20.996094,25000000.000
22118,2100,25.390625,25000000.000
22119,2101,25.878906,25000000.000
22120,2116,33.203125,25000000.000
22121,2119,34.667969,25000000.000
22122,2124,37.109375,25000000.000
22123,2122,36.132812,25000000.000
22124,2121,35.644531,25000000.000
22125,2117,33.691406,25000000.000
22126,2110,30.273438,25000000.000
22127,2110,30.273438,25000000.000
22128,2095,22.949219,25000000.000
22129,2085,18.066406,25000000.000
22130,2075,13.183594,25000000.000
22131,2073,12.207031,25000000.000
22132,2053,2.441406,25000000.000
22133,2041,-3.417969,25000000.000
22134,2030,-8.789062,25000000.000
22135,2029,-9.277344,25000000.000
22136,2010,-18.554688,25000000.000
22137,2000,-23.437500,25000000.000
22138,1993,-26.855469,25000000.000
22139,1992,-27.343750,25000000.000
22140,1981,-32.714844,25000000.000
22141,1979,-33.691406,25000000.000
22142,1977,-34.667969,25000000.000
22143,1977,-34.667969,25000000.000
22144,1979,-33.691406,25000000.000
22145,1981,-32.714844,25000000.000
22146,1983,-31.738281,25000000.000
22147,1984,-31.250000,25000000.000
22148,1995,-25.878906,25000000.000
22149,2002,-22.460938,25000000.000
22150,2010,-18.554688,25000000.000
22151,2011,-18.066406,25000000.000
22152,2028,-9.765625,25000000.000
22153,2037,-5.371094,25000000.000
22154,2048,0.000000,25000000.000
22155,2051,1.464844,25000000.000
22156,2073,12.207031,25000000.000
22157,2083,17.089844,25000000.000
22158,2093,21.972656,25000000.000
22159,2095,22.949219,25000000.000
22160,2111,30.761719,25000000.000
22161,2118,34.179688,25000000.000
22162,2121,35.644531,25000000.000
22163,2121,35.644531,25000000.000
22164,2123,36.621094,25000000.000
22165,2121,35.644531,25000000.000
22166,2115,32.714844,25000000.000
22167,2116,33.203125,25000000.000
22168,2101,25.878906,25000000.000
22169,2094,22.460938,25000000.000
22170,2083,17.089844,25000000.000
22171,2082,16.601562,25000000.000
22172,2061,6.347656,25000000.000
22173,2051,1.464844,25000000.000
22174,2040,-3.906250,25000000.000
22175,2038,-4.882812,25000000.000
22176,2018,-14.648438,25000000.000
22177,2009,-19.042969,25000000.000
22178,2000,-23.437500,25000000.000
22179,1998,-24.414062,25000000.000
22180,1986,-30.273438,25000000.000
22181,1981,-32.714844,25000000.000
22182,1979,-33.691406,25000000.000
22183,1978,-34.179688,25000000.000
22184,1977,-34.667969,25000000.000
22185,1979,-33.691406,25000000.000
22186,1982,-32.226562,25000000.000
22187,1982,-32.226562,25000000.000
22188,1991,-27.832031,25000000.000
22189,1997,-24.902344,25000000.000
22190,2005,-20.996094,25000000.000
22191,2005,-20.996094,25000000.000
22192,2021,-13.183594,25000000.000
22193,2029,-9.277344,25000000.000
22194,2039,-4.394531,25000000.000
22195,2040,-3.906250,25000000.000
22196,2061,6.347656,25000000.000
22197,2071,11.230469,25000000.000
22198,2084,17.578125,25000000.000
22199,2085,18.066406,25000000.000
22200,2103,26.855469,25000000.000
22201,2111,30.761719,25000000.000
22202,2118,34.179688,25000000.000
22203,2118,34.179688,25000000.000
22204,2123,36.621094,25000000.000
22205,2123,36.621094,25000000.000
22206,2120,35.156250,25000000.000
22207,2119,34.667969,25000000.000
22208,2107,28.808594,25000000.000
22209,2099,24.902344,25000000.000
22210,2091,20.996094,25000000.000
22211,2088,19.531250,25000000.000
22212,2070,10.742188,25000000.000
22213,2059,5.371094,25000000.000
22214,2049,0.488281,25000000.000
22215,2048,0.000000,25000000.000
22216,2027,-10.253906,25000000.000
22217,2016,-15.625000,25000000.000
22218,2006,-20.507812,25000000.000
22219,2005,-20.996094,25000000.000
22220,1991,-27.832031,25000000.000
22221,1985,-30.761719,25000000.000
22222,1981,-32.714844,25000000.000
22223,1980,-33.203125,25000000.000
22224,1976,-35.156250,25000000.000
22225,1976,-35.156250,25000000.000
22226,1978,-34.179688,25000000.000
22227,1978,-34.179688,25000000.000
22228,1985,-30.761719,25000000.000
22229,1990,-28.320312,25000000.000
22230,1997,-24.902344,25000000.000
22231,1998,-24.414062,25000000.000
22232,2011,-18.066406,25000000.000
22233,2019,-14.160156,25000000.000
22234,2030,-8.789062,25000000.000
22235,2030,-8.789062,25000000.000
22236,2050,0.976562,25000000.000
22237,2061,6.347656,25000000.000
22238,2073,12.207031,25000000.000
22239,2075,13.183594,25000000.000
22240,2097,23.925781,25000000.000
22241,2106,28.320312,25000000.000
22242,2114,32.226562,25000000.000
22243,2115,32.714844,25000000.000
22244,2122,36.132812,25000000.000
22245,2123,36.621094,25000000.000
22246,2122,36.132812,25000000.000
22247,2122,36.132812,25000000.000
22248,2111,30.761719,25000000.000
22249,2106,28.320312,25000000.000
22250,2098,24.414062,25000000.000
22251,2098,24.414062,25000000.000
22252,2080,15.625000,25000000.000
22253,2069,10.253906,25000000.000
22254,2059,5.371094,25000000.000
22255,2057,4.394531,25000000.000
22256,2037,-5.371094,25000000.000
22257,2026,-10.742188,25000000.000
22258,2014,-16.601562,25000000.000
22259,2014,-16.601562,25000000.000
22260,1996,-25.390625,25000000.000
22261,1988,-29.296875,25000000.000
22262,1983,-31.738281,25000000.000
22263,1983,-31.738281,25000000.000
22264,1977,-34.667969,25000000.000
22265,1976,-35.156250,25000000.000
22266,1977,-34.667969,25000000.000
22267,1978,-34.179688,25000000.000
22268,1982,-32.226562,25000000.000
22269,1987,-29.785156,25000000.000
22270,1992,-27.343750,25000000.000
22271,1992,-27.343750,25000000.000
22272,2004,-21.484375,25000000.000
22273,2012,-17.578125,25000000.000
22274,2020,-13.671875,25000000.000
22275,2021,-13.183594,25000000.000
22276,2040,-3.906250,25000000.000
22277,2051,1.464844,25000000.000
22278,2063,7.324219,25000000.000
22279,2064,7.812500,25000000.000
22280,2089,20.019531,25000000.000
22281,2101,25.878906,25000000.000
22282,2111,30.761719,25000000.000
22283,2110,30.273438,25000000.000
22284,2121,35.644531,25000000.000
22285,2123,36.621094,25000000.000
22286,2123,36.621094,25000000.000
22287,2124,37.109375,25000000.000
22288,2116,33.203125,25000000.000
22289,2111,30.761719,25000000.000
22290,2104,27.343750,25000000.000
22291,2103,26.855469,25000000.000
22292,2089,20.019531,25000000.000
22293,2080,15.625000,25000000.000
22294,2069,10.253906,25000000.000
22295,2069,10.253906,25000000.000
22296,2047,-0.488281,25000000.000
22297,2036,-5.859375,25000000.000
22298,2024,-11.718750,25000000.000
22299,2023,-12.207031,25000000.000
22300,2003,-21.972656,25000000.000
22301,1995,-25.878906,25000000.000
22302,1988,-29.296875,25000000.000
22303,1987,-29.785156,25000000.000
22304,1978,-34.179688,25000000.000
22305,1975,-35.644531,25000000.000
22306,1976,-35.156250,25000000.000
22307,1976,-35.156250,25000000.000
22308,1980,-33.203125,25000000.000
22309,1982,-32.226562,25000000.000
22310,1988,-29.296875,25000000.000
22311,1989,-28.808594,25000000.000
22312,1999,-23.925781,25000000.000
22313,2006,-20.507812,25000000.000
22314,2014,-16.601562,25000000.000
22315,2014,-16.601562,25000000.000
22316,2032,-7.812500,25000000.000
22317,2044,-1.953125,25000000.000
22318,2055,3.417969,25000000.000
22319,2057,4.394531,25000000.000
22320,2081,16.113281,25000000.000
22321,2093,21.972656,25000000.000
22322,2104,27.343750,25000000.000
22323,2104,27.343750,25000000.000
22324,2120,35.156250,25000000.000
22325,2123,36.621094,25000000.000
22326,2124,37.109375,25000000.000
22327,2123,36.621094,25000000.000
22328,2120,35.156250,25000000.000
22329,2115,32.714844,25000000.000
22330,2109,29.785156,25000000.000
22331,2108,29.296875,25000000.000
22332,2094,22.460938,25000000.000
22333,2086,18.554688,25000000.000
22334,2078,14.648438,25000000.000
22335,2076,13.671875,25000000.000
22336,2057,4.394531,25000000.000
22337,2045,-1.464844,25000000.000
22338,2034,-6.835938,25000000.000
22339,2033,-7.324219,25000000.000
22340,2012,-17.578125,25000000.000
22341,2001,-22.949219,25000000.000
22342,1992,-27.343750,25000000.000
22343,1992,-27.343750,25000000.000
22344,1981,-32.714844,25000000.000
22345,1978,-34.179688,25000000.000
22346,1975,-35.644531,25000000.000
22347,1975,-35.644531,25000000.000
22348,1977,-34.667969,25000000.000
22349,1980,-33.203125,25000000.000
22350,1984,-31.250000,25000000.000
22351,1984,-31.250000,25000000.000
22352,1995,-25.878906,25000000.000
22353,2001,-22.949219,25000000.000
22354,2008,-19.531250,25000000.000
22355,2009,-19.042969,25000000.000
22356,2024,-11.718750,25000000.000
22357,2034,-6.835938,25000000.000
22358,2043,-2.441406,25000000.000
22359,2045,-1.464844,25000000.000
22360,2069,10.253906,25000000.000
22361,2081,16.113281,25000000.000
22362,2093,21.972656,25000000.000
22363,2096,23.437500,25000000.000
22364,2113,31.738281,25000000.000
22365,2119,34.667969,25000000.000
22366,2124,37.109375,25000000.000
22367,2124,37.109375,25000000.000
22368,2121,35.644531,25000000.000
22369,2120,35.156250,25000000.000
22370,2114,32.226562,25000000.000
22371,2115,32.714844,25000000.000
22372,2102,26.367188,25000000.000
22373,2094,22.460938,25000000.000
22374,2086,18.554688,25000000.000
22375,2085,18.066406,25000000.000
22376,2065,8.300781,25000000.000
22377,2056,3.906250,25000000.000
22378,2044,-1.953125,25000000.000
22379,2043,-2.441406,25000000.000
22380,2022,-12.695312,25000000.000
22381,2009,-19.042969,25000000.000
22382,2000,-23.437500,25000000.000
22383,1999,-23.925781,25000000.000
22384,1984,-31.250000,25000000.000
22385,1979,-33.691406,25000000.000
22386,1976,-35.156250,25000000.000
22387,1976,-35.156250,25000000.000
22388,1974,-36.132812,25000000.000
22389,1975,-35.644531,25000000.000
22390,1978,-34.179688,25000000.000
22391,1979,-33.691406,25000000.000
22392,1988,-29.296875,25000000.000
22393,1994,-26.367188,25000000.000
22394,2002,-22.460938,25000000.000
22395,2002,-22.460938,25000000.000
22396,2016,-15.625000,25000000.000
22397,2025,-11.230469,25000000.000
22398,2035,-6.347656,25000000.000
22399,2035,-6.347656,25000000.000
22400,2057,4.394531,25000000.000
22401,2071,11.230469,25000000.000
22402,2084,17.578125,25000000.000
22403,2085,18.066406,25000000.000
22404,2107,28.808594,25000000.000
22405,2114,32.226562,25000000.000
22406,2120,35.156250,25000000.000
22407,2121,35.644531,25000000.000
22408,2124,37.109375,25000000.000
22409,2122,36.132812,25000000.000
22410,2119,34.667969,25000000.000
22411,2118,34.179688,25000000.000
22412,2107,28.808594,25000000.000
22413,2099,24.902344,25000000.000
22414,2092,21.484375,25000000.000
22415,2090,20.507812,25000000.000
22416,2074,12.695312,25000000.000
22417,2063,7.324219,25000000.000
22418,2053,2.441406,25000000.000
22419,2053,2.441406,25000000.000
22420,2032,-7.812500,25000000.000
22421,2020,-13.671875,25000000.000
22422,2009,-19.042969,25000000.000
22423,2009,-19.042969,25000000.000
22424,1990,-28.320312,25000000.000
22425,1982,-32.226562,25000000.000
22426,1978,-34.179688,25000000.000
22427,1977,-34.667969,25000000.000
22428,1972,-37.109375,25000000.000
22429,1972,-37.109375,25000000.000
22430,1974,-36.132812,25000000.000
22431,1975,-35.644531,25000000.000
22432,1984,-31.250000,25000000.000
22433,1989,-28.808594,25000000.000
22434,1995,-25.878906,25000000.000
22435,1997,-24.902344,25000000.000
22436,2010,-18.554688,25000000.000
22437,2018,-14.648438,25000000.000
22438,2028,-9.765625,25000000.000
22439,2028,-9.765625,25000000.000
22440,2047,-0.488281,25000000.000
22441,2058,4.882812,25000000.000
22442,2070,10.742188,25000000.000
22443,2072,11.718750,25000000.000
22444,2096,23.437500,25000000.000
22445,2108,29.296875,25000000.000
22446,2115,32.714844,25000000.000
22447,2116,33.203125,25000000.000
22448,2125,37.597656,25000000.000
22449,2126,38.085938,25000000.000
22450,2122,36.132812,25000000.000
22451,2123,36.621094,25000000.000
22452,2114,32.226562,25000000.000
22453,2107,28.808594,25000000.000
22454,2099,24.902344,25000000.000
22455,2099,24.902344,25000000.000
22456,2080,15.625000,25000000.000
22457,2070,10.742188,25000000.000
22458,2060,5.859375,25000000.000
22459,2060,5.859375,25000000.000
22460,2039,-4.394531,25000000.000
22461,2029,-9.277344,25000000.000
22462,2017,-15.136719,25000000.000
22463,2017,-15.136719,25000000.000
22464,1997,-24.902344,25000000.000
22465,1989,-28.808594,25000000.000
22466,1982,-32.226562,25000000.000
22467,1982,-32.226562,25000000.000
22468,1974,-36.132812,25000000.000
22469,1972,-37.109375,25000000.000
22470,1973,-36.621094,25000000.000
22471,1973,-36.621094,25000000.000
22472,1978,-34.179688,25000000.000
22473,1983,-31.738281,25000000.000
22474,1989,-28.808594,25000000.000
22475,1991,-27.832031,25000000.000
22476,2003,-21.972656,25000000.000
22477,2013,-17.089844,25000000.000
22478,2021,-13.183594,25000000.000
22479,2021,-13.183594,25000000.000
22480,2041,-3.417969,25000000.000
22481,2050,0.976562,25000000.000
22482,2062,6.835938,25000000.000
22483,2064,7.812500,25000000.000
22484,2087,19.042969,25000000.000
22485,2100,25.390625,25000000.000
22486,2110,30.273438,25000000.000
22487,2111,30.761719,25000000.000
22488,2123,36.621094,25000000.000
22489,2125,37.597656,25000000.000
22490,2125,37.597656,25000000.000
22491,2125,37.597656,25000000.000
22492,2119,34.667969,25000000.000
22493,2113,31.738281,25000000.000
22494,2107,28.808594,25000000.000
22495,2106,28.320312,25000000.000
22496,2089,20.019531,25000000.000
22497,2080,15.625000,25000000.000
22498,2070,10.742188,25000000.000
22499,2070,10.742188,25000000.000
22500,2050,0.976562,25000000.000
22501,2040,-3.906250,25000000.000
22502,2029,-9.277344,25000000.000
22503,2028,-9.765625,25000000.000
22504,2007,-20.019531,25000000.000
22505,1997,-24.902344,25000000.000
22506,1990,-28.320312,25000000.000
22507,1988,-29.296875,25000000.000
22508,1977,-34.667969,25000000.000
22509,1975,-35.644531,25000000.000
22510,1974,-36.132812,25000000.000
22511,1973,-36.621094,25000000.000
22512,1976,-35.156250,25000000.000
22513,1980,-33.203125,25000000.000
22514,1985,-30.761719,25000000.000
22515,1986,-30.273438,25000000.000
22516,1998,-24.414062,25000000.000
22517,2006,-20.507812,25000000.000
22518,2014,-16.601562,25000000.000
22519,2015,-16.113281,25000000.000
22520,2032,-7.812500,25000000.000
22521,2041,-3.417969,25000000.000
22522,2052,1.953125,25000000.000
22523,2053,2.441406,25000000.000
22524,2075,13.183594,25000000.000
22525,2087,19.042969,25000000.000
22526,2101,25.878906,25000000.000
22527,2101,25.878906,25000000.000
22528,2116,33.203125,25000000.000
22529,2122,36.132812,25000000.000
22530,2125,37.597656,25000000.000
22531,2125,37.597656,25000000.000
22532,2124,37.109375,25000000.000
22533,2119,34.667969,25000000.000
22534,2113,31.738281,25000000.000
22535,2113,31.738281,25000000.000
22536,2097,23.925781,25000000.000
22537,2088,19.531250,25000000.000
22538,2078,14.648438,25000000.000
22539,2078,14.648438,25000000.000
22540,2057,4.394531,25000000.000
22541,2047,-0.488281,25000000.000
22542,2036,-5.859375,25000000.000
22543,2035,-6.347656,25000000.000
22544,2014,-16.601562,25000000.000
22545,2004,-21.484375,25000000.000
22546,1994,-26.367188,25000000.000
22547,1995,-25.878906,25000000.000
22548,1981,-32.714844,25000000.000
22549,1977,-34.667969,25000000.000
22550,1974,-36.132812,25000000.000
22551,1973,-36.621094,25000000.000
22552,1974,-36.132812,25000000.000
22553,1975,-35.644531,25000000.000
22554,1979,-33.691406,25000000.000
22555,1980,-33.203125,25000000.000
22556,1991,-27.832031,25000000.000
22557,1998,-24.414062,25000000.000
22558,2006,-20.507812,25000000.000
22559,2007,-20.019531,25000000.000
22560,2024,-11.718750,25000000.000
22561,2033,-7.324219,25000000.000
22562,2044,-1.953125,25000000.000
22563,2045,-1.464844,25000000.000
22564,2066,8.789062,25000000.000
22565,2080,15.625000,25000000.000
22566,2091,20.996094,25000000.000
22567,2091,20.996094,25000000.000
22568,2111,30.761719,25000000.000
22569,2118,34.179688,25000000.000
22570,2122,36.132812,25000000.000
22571,2123,36.621094,25000000.000
22572,2125,37.597656,25000000.000
22573,2122,36.132812,25000000.000
22574,2118,34.179688,25000000.000
22575,2118,34.179688,25000000.000
22576,2104,27.343750,25000000.000
22577,2096,23.437500,25000000.000
22578,2088,19.531250,25000000.000
22579,2086,18.554688,25000000.000
22580,2067,9.277344,25000000.000
22581,2056,3.906250,25000000.000
22582,2047,-0.488281,25000000.000
22583,2044,-1.953125,25000000.000
22584,2025,-11.230469,25000000.000
22585,2014,-16.601562,25000000.000
22586,2004,-21.484375,25000000.000
22587,2002,-22.460938,25000000.000
22588,1987,-29.785156,25000000.000
22589,1981,-32.714844,25000000.000
22590,1976,-35.156250,25000000.000
22591,1975,-35.644531,25000000.000
22592,1972,-37.109375,25000000.000
22593,1974,-36.132812,25000000.000
22594,1976,-35.156250,25000000.000
22595,1976,-35.156250,25000000.000
22596,1984,-31.250000,25000000.000
22597,1992,-27.343750,25000000.000
22598,1998,-24.414062,25000000.000
22599,1999,-23.925781,25000000.000
22600,2015,-16.113281,25000000.000
22601,2024,-11.718750,25000000.000
22602,2034,-6.835938,25000000.000
22603,2035,-6.347656,25000000.000
22604,2055,3.417969,25000000.000
22605,2066,8.789062,25000000.000
22606,2079,15.136719,25000000.000
22607,2080,15.625000,25000000.000
22608,2100,25.390625,25000000.000
22609,2110,30.273438,25000000.000
22610,2117,33.691406,25000000.000
22611,2118,34.179688,25000000.000
22612,2124,37.109375,25000000.000
22613,2124,37.109375,25000000.000
22614,2122,36.132812,25000000.000
22615,2121,35.644531,25000000.000
22616,2110,30.273438,25000000.000
22617,2103,26.855469,25000000.000
22618,2095,22.949219,25000000.000
22619,2093,21.972656,25000000.000
22620,2076,13.671875,25000000.000
22621,2066,8.789062,25000000.000
22622,2055,3.417969,25000000.000
22623,2055,3.417969,25000000.000
22624,2034,-6.835938,25000000.000
22625,2022,-12.695312,25000000.000
22626,2012,-17.578125,25000000.000
22627,2010,-18.554688,25000000.000
22628,1993,-26.855469,25000000.000
22629,1986,-30.273438,25000000.000
22630,1980,-33.203125,25000000.000
22631,1980,-33.203125,25000000.000
22632,1973,-36.621094,25000000.000
22633,1972,-37.109375,25000000.000
22634,1974,-36.132812,25000000.000
22635,1971,-37.597656,25000000.000
22636,1981,-32.714844,25000000.000
22637,1987,-29.785156,25000000.000
22638,1989,-28.808594,25000000.000
22639,1991,-27.832031,25000000.000
22640,2006,-20.507812,25000000.000
22641,2017,-15.136719,25000000.000
22642,2024,-11.718750,25000000.000
22643,2025,-11.230469,25000000.000
22644,2046,-0.976562,25000000.000
22645,2058,4.882812,25000000.000
22646,2069,10.253906,25000000.000
22647,2070,10.742188,25000000.000
22648,2094,22.460938,25000000.000
22649,2103,26.855469,25000000.000
22650,2112,31.250000,25000000.000
22651,2112,31.250000,25000000.000
22652,2124,37.109375,25000000.000
22653,2125,37.597656,25000000.000
22654,2124,37.109375,25000000.000
22655,2125,37.597656,25000000.000
22656,2116,33.203125,25000000.000
22657,2109,29.785156,25000000.000
22658,2101,25.878906,25000000.000
22659,2100,25.390625,25000000.000
22660,2083,17.089844,25000000.000
22661,2074,12.695312,25000000.000
22662,2065,8.300781,25000000.000
22663,2063,7.324219,25000000.000
22664,2043,-2.441406,25000000.000
22665,2034,-6.835938,25000000.000
22666,2022,-12.695312,25000000.000
22667,2021,-13.183594,25000000.000
22668,2002,-22.460938,25000000.000
22669,1994,-26.367188,25000000.000
22670,1987,-29.785156,25000000.000
22671,1986,-30.273438,25000000.000
22672,1976,-35.156250,25000000.000
22673,1974,-36.132812,25000000.000
22674,1972,-37.109375,25000000.000
22675,1972,-37.109375,25000000.000
22676,1976,-35.156250,25000000.000
22677,1981,-32.714844,25000000.000
22678,1986,-30.273438,25000000.000
22679,1988,-29.296875,25000000.000
22680,2002,-22.460938,25000000.000
22681,2009,-19.042969,25000000.000
22682,2018,-14.648438,25000000.000
22683,2019,-14.160156,25000000.000
22684,2037,-5.371094,25000000.000
22685,2049,0.488281,25000000.000
22686,2059,5.371094,25000000.000
22687,2061,6.347656,25000000.000
22688,2082,16.601562,25000000.000
22689,2094,22.460938,25000000.000
22690,2104,27.343750,25000000.000
22691,2105,27.832031,25000000.000
22692,2119,34.667969,25000000.000
22693,2124,37.109375,25000000.000
22694,2123,36.621094,25000000.000
22695,2124,37.109375,25000000.000
22696,2122,36.132812,25000000.000
22697,2117,33.691406,25000000.000
22698,2110,30.273438,25000000.000
22699,2109,29.785156,25000000.000
22700,2092,21.484375,25000000.000
22701,2084,17.578125,25000000.000
22702,2074,12.695312,25000000.000
22703,2071,11.230469,25000000.000
22704,2054,2.929688,25000000.000
22705,2042,-2.929688,25000000.000
22706,2029,-9.277344,25000000.000
22707,2030,-8.789062,25000000.000
22708,2010,-18.554688,25000000.000
22709,2001,-22.949219,25000000.000
22710,1992,-27.343750,25000000.000
22711,1991,-27.832031,25000000.000
22712,1980,-33.203125,25000000.000
22713,1978,-34.179688,25000000.000
22714,1976,-35.156250,25000000.000
22715,1975,-35.644531,25000000.000
22716,1976,-35.156250,25000000.000
22717,1979,-33.691406,25000000.000
22718,1983,-31.738281,25000000.000
22719,1984,-31.250000,25000000.000
22720,1996,-25.390625,25000000.000
22721,2003,-21.972656,25000000.000
22722,2011,-18.066406,25000000.000
22723,2012,-17.578125,25000000.000
22724,2030,-8.789062,25000000.000
22725,2040,-3.906250,25000000.000
22726,2052,1.953125,25000000.000
22727,2053,2.441406,25000000.000
22728,2075,13.183594,25000000.000
22729,2087,19.042969,25000000.000
22730,2098,24.414062,25000000.000
22731,2098,24.414062,25000000.000
22732,2114,32.226562,25000000.000
22733,2120,35.156250,25000000.000
22734,2123,36.621094,25000000.000
22735,2123,36.621094,25000000.000
22736,2123,36.621094,25000000.000
22737,2120,35.156250,25000000.000
22738,2115,32.714844,25000000.000
22739,2114,32.226562,25000000.000
22740,2099,24.902344,25000000.000
22741,2091,20.996094,25000000.000
22742,2082,16.601562,25000000.000
22743,2080,15.625000,25000000.000
22744,2060,5.859375,25000000.000
22745,2050,0.976562,25000000.000
22746,2039,-4.394531,25000000.000
22747,2037,-5.371094,25000000.000
22748,2016,-15.625000,25000000.000
22749,2007,-20.019531,25000000.000
22750,1998,-24.414062,25000000.000
22751,1997,-24.902344,25000000.000
22752,1985,-30.761719,25000000.000
22753,1979,-33.691406,25000000.000
22754,1975,-35.644531,25000000.000
22755,1976,-35.156250,25000000.000
22756,1975,-35.644531,25000000.000
22757,1974,-36.132812,25000000.000
22758,1979,-33.691406,25000000.000
22759,1981,-32.714844,25000000.000
22760,1991,-27.832031,25000000.000
22761,1997,-24.902344,25000000.000
22762,2005,-20.996094,25000000.000
22763,2007,-20.019531,25000000.000
22764,2023,-12.207031,25000000.000
22765,2033,-7.324219,25000000.000
22766,2042,-2.929688,25000000.000
22767,2043,-2.441406,25000000.000
22768,2065,8.300781,25000000.000
22769,2077,14.160156,25000000.000
22770,2088,19.531250,25000000.000
22771,2089,20.019531,25000000.000
22772,2107,28.808594,25000000.000
22773,2114,32.226562,25000000.000
22774,2118,34.179688,25000000.000
22775,2118,34.179688,25000000.000
22776,2123,36.621094,25000000.000
22777,2122,36.132812,25000000.000
22778,2118,34.179688,25000000.000
22779,2119,34.667969,25000000.000
22780,2107,28.808594,25000000.000
22781,2099,24.902344,25000000.000
22782,2090,20.507812,25000000.000
22783,2088,19.531250,25000000.000
22784,2070,10.742188,25000000.000
22785,2059,5.371094,25000000.000
22786,2048,0.000000,25000000.000
22787,2047,-0.488281,25000000.000
22788,2026,-10.742188,25000000.000
22789,2015,-16.113281,25000000.000
22790,2005,-20.996094,25000000.000
22791,2004,-21.484375,25000000.000
22792,1988,-29.296875,25000000.000
22793,1983,-31.738281,25000000.000
22794,1979,-33.691406,25000000.000
22795,1979,-33.691406,25000000.000
22796,1974,-36.132812,25000000.000
22797,1975,-35.644531,25000000.000
22798,1976,-35.156250,25000000.000
22799,1977,-34.667969,25000000.000
22800,1984,-31.250000,25000000.000
22801,1990,-28.320312,25000000.000
22802,1997,-24.902344,25000000.000
22803,1997,-24.902344,25000000.000
22804,2012,-17.578125,25000000.000
22805,2022,-12.695312,25000000.000
22806,2031,-8.300781,25000000.000
22807,2033,-7.324219,25000000.000
22808,2054,2.929688,25000000.000
22809,2066,8.789062,25000000.000
22810,2079,15.136719,25000000.000
22811,2080,15.625000,25000000.000
22812,2099,24.902344,25000000.000
22813,2108,29.296875,25000000.000
22814,2114,32.226562,25000000.000
22815,2116,33.203125,25000000.000
22816,2122,36.132812,25000000.000
22817,2122,36.132812,25000000.000
22818,2122,36.132812,25000000.000
22819,2121,35.644531,25000000.000
22820,2113,31.738281,25000000.000
22821,2106,28.320312,25000000.000
22822,2098,24.414062,25000000.000
22823,2097,23.925781,25000000.000
22824,2079,15.136719,25000000.000
22825,2067,9.277344,25000000.000
22826,2056,3.906250,25000000.000
22827,2056,3.906250,25000000.000
22828,2034,-6.835938,25000000.000
22829,2023,-12.207031,25000000.000
22830,2011,-18.066406,25000000.000
22831,2011,-18.066406,25000000.000
22832,1991,-27.832031,25000000.000
22833,1987,-29.785156,25000000.000
22834,1981,-32.714844,25000000.000
22835,1981,-32.714844,25000000.000
22836,1975,-35.644531,25000000.000
22837,1974,-36.132812,25000000.000
22838,1975,-35.644531,25000000.000
22839,1975,-35.644531,25000000.000
22840,1981,-32.714844,25000000.000
22841,1986,-30.273438,25000000.000
22842,1992,-27.343750,25000000.000
22843,1993,-26.855469,25000000.000
22844,2006,-20.507812,25000000.000
22845,2015,-16.113281,25000000.000
22846,2024,-11.718750,25000000.000
22847,2024,-11.718750,25000000.000
22848,2045,-1.464844,25000000.000
22849,2057,4.394531,25000000.000
22850,2068,9.765625,25000000.000
22851,2069,10.253906,25000000.000
22852,2091,20.996094,25000000.000
22853,2101,25.878906,25000000.000
22854,2108,29.296875,25000000.000
22855,2109,29.785156,25000000.000
22856,2120,35.156250,25000000.000
22857,2121,35.644531,25000000.000
22858,2122,36.132812,25000000.000
22859,2121,35.644531,25000000.000
22860,2116,33.203125,25000000.000
22861,2112,31.250000,25000000.000
22862,2105,27.832031,25000000.000
22863,2104,27.343750,25000000.000
22864,2087,19.042969,25000000.000
22865,2078,14.648438,25000000.000
22866,2067,9.277344,25000000.000
22867,2067,9.277344,25000000.000
22868,2044,-1.953125,25000000.000
22869,2032,-7.812500,25000000.000
22870,2022,-12.695312,25000000.000
22871,2021,-13.183594,25000000.000
22872,2002,-22.460938,25000000.000
22873,1994,-26.367188,25000000.000
22874,1988,-29.296875,25000000.000
22875,1987,-29.785156,25000000.000
22876,1977,-34.667969,25000000.000
22877,1976,-35.156250,25000000.000
22878,1976,-35.156250,25000000.000
22879,1975,-35.644531,25000000.000
22880,1978,-34.179688,25000000.000
22881,1983,-31.738281,25000000.000
22882,1987,-29.785156,25000000.000
22883,1987,-29.785156,25000000.000
22884,2001,-22.949219,25000000.000
22885,2008,-19.531250,25000000.000
22886,2017,-15.136719,25000000.000
22887,2016,-15.625000,25000000.000
22888,2035,-6.347656,25000000.000
22889,2046,-0.976562,25000000.000
22890,2059,5.371094,25000000.000
22891,2060,5.859375,25000000.000
22892,2082,16.601562,25000000.000
22893,2093,21.972656,25000000.000
22894,2102,26.367188,25000000.000
22895,2105,27.832031,25000000.000
22896,2116,33.203125,25000000.000
22897,2120,35.156250,25000000.000
22898,2122,36.132812,25000000.000
22899,2122,36.132812,25000000.000
22900,2121,35.644531,25000000.000
22901,2118,34.179688,25000000.000
22902,2112,31.250000,25000000.000
22903,2111,30.761719,25000000.000
22904,2096,23.437500,25000000.000
22905,2086,18.554688,25000000.000
22906,2076,13.671875,25000000.000
22907,2076,13.671875,25000000.000
22908,2054,2.929688,25000000.000
22909,2043,-2.441406,25000000.000
22910,2031,-8.300781,25000000.000
22911,2028,-9.765625,25000000.000
22912,2009,-19.042969,25000000.000
22913,2001,-22.949219,25000000.000
22914,1992,-27.343750,25000000.000
22915,1992,-27.343750,25000000.000
22916,1980,-33.203125,25000000.000
22917,1977,-34.667969,25000000.000
22918,1975,-35.644531,25000000.000
22919,1975,-35.644531,25000000.000
22920,1976,-35.156250,25000000.000
22921,1979,-33.691406,25000000.000
22922,1983,-31.738281,25000000.000
22923,1983,-31.738281,25000000.000
22924,1994,-26.367188,25000000.000
22925,2001,-22.949219,25000000.000
22926,2009,-19.042969,25000000.000
22927,2010,-18.554688,25000000.000
22928,2027,-10.253906,25000000.000
22929,2038,-4.882812,25000000.000
22930,2049,0.488281,25000000.000
22931,2050,0.976562,25000000.000
22932,2072,11.718750,25000000.000
22933,2084,17.578125,25000000.000
22934,2094,22.460938,25000000.000
22935,2094,22.460938,25000000.000
22936,2111,30.761719,25000000.000
22937,2117,33.691406,25000000.000
22938,2121,35.644531,25000000.000
22939,2121,35.644531,25000000.000
22940,2122,36.132812,25000000.000
22941,2120,35.156250,25000000.000
22942,2117,33.691406,25000000.000
22943,2116,33.203125,25000000.000
22944,2103,26.855469,25000000.000
22945,2095,22.949219,25000000.000
22946,2085,18.066406,25000000.000
22947,2085,18.066406,25000000.000
22948,2063,7.324219,25000000.000
22949,2052,1.953125,25000000.000
22950,2040,-3.906250,25000000.000
22951,2040,-3.906250,25000000.000
22952,2019,-14.160156,25000000.000
22953,2008,-19.531250,25000000.000
22954,1999,-23.925781,25000000.000
22955,1999,-23.925781,25000000.000
22956,1986,-30.273438,25000000.000
22957,1980,-33.203125,25000000.000
22958,1977,-34.667969,25000000.000
22959,1978,-34.179688,25000000.000
22960,1976,-35.156250,25000000.000
22961,1978,-34.179688,25000000.000
22962,1981,-32.714844,25000000.000
22963,1981,-32.714844,25000000.000
22964,1990,-28.320312,25000000.000
22965,1995,-25.878906,25000000.000
22966,2002,-22.460938,25000000.000
22967,2003,-21.972656,25000000.000
22968,2019,-14.160156,25000000.000
22969,2028,-9.765625,25000000.000
22970,2039,-4.394531,25000000.000
22971,2040,-3.906250,25000000.000
22972,2062,6.835938,25000000.000
22973,2075,13.183594,25000000.000
22974,2085,18.066406,25000000.000
22975,2087,19.042969,25000000.000
22976,2104,27.343750,25000000.000
22977,2111,30.761719,25000000.000
22978,2117,33.691406,25000000.000
22979,2117,33.691406,25000000.000
22980,2122,36.132812,25000000.000
22981,2121,35.644531,25000000.000
22982,2120,35.156250,25000000.000
22983,2120,35.156250,25000000.000
22984,2106,28.320312,25000000.000
22985,2102,26.367188,25000000.000
22986,2092,21.484375,25000000.000
22987,2092,21.484375,25000000.000
22988,2072,11.718750,25000000.000
22989,2061,6.347656,25000000.000
22990,2050,0.976562,25000000.000
22991,2048,0.000000,25000000.000
22992,2027,-10.253906,25000000.000
22993,2016,-15.625000,25000000.000
22994,2006,-20.507812,25000000.000
22995,2005,-20.996094,25000000.000
22996,1990,-28.320312,25000000.000
22997,1983,-31.738281,25000000.000
22998,1980,-33.203125,25000000.000
22999,1979,-33.691406,25000000.000
23000,1974,-36.132812,25000000.000
23001,1975,-35.644531,25000000.000
23002,1977,-34.667969,25000000.000
23003,1977,-34.667969,25000000.000
23004,1984,-31.250000,25000000.000
23005,1990,-28.320312,25000000.000
23006,1997,-24.902344,25000000.000
23007,1997,-24.902344,25000000.000
23008,2012,-17.578125,25000000.000
23009,2021,-13.183594,25000000.000
23010,2029,-9.277344,25000000.000
23011,2030,-8.789062,25000000.000
23012,2052,1.953125,25000000.000
23013,2063,7.324219,25000000.000
23014,2075,13.183594,25000000.000
23015,2076,13.671875,25000000.000
23016,2095,22.949219,25000000.000
23017,2104,27.343750,25000000.000
23018,2111,30.761719,25000000.000
23019,2112,31.250000,25000000.000
23020,2120,35.156250,25000000.000
23021,2121,35.644531,25000000.000
23022,2121,35.644531,25000000.000
23023,2121,35.644531,25000000.000
23024,2115,32.714844,25000000.000
23025,2108,29.296875,25000000.000
23026,2100,25.390625,25000000.000
23027,2100,25.390625,25000000.000
23028,2082,16.601562,25000000.000
23029,2071,11.230469,25000000.000
23030,2061,6.347656,25000000.000
23031,2060,5.859375,25000000.000
23032,2037,-5.371094,25000000.000
23033,2025,-11.230469,25000000.000
23034,2014,-16.601562,25000000.000
23035,2013,-17.089844,25000000.000
23036,1996,-25.390625,25000000.000
23037,1987,-29.785156,25000000.000
23038,1983,-31.738281,25000000.000
23039,1983,-31.738281,25000000.000
23040,1976,-35.156250,25000000.000
23041,1976,-35.156250,25000000.000
23042,1975,-35.644531,25000000.000
23043,1976,-35.156250,25000000.000
23044,1980,-33.203125,25000000.000
23045,1984,-31.250000,25000000.000
23046,1991,-27.832031,25000000.000
23047,1991,-27.832031,25000000.000
23048,2003,-21.972656,25000000.000
23049,2013,-17.089844,25000000.000
23050,2021,-13.183594,25000000.000
23051,2022,-12.695312,25000000.000
23052,2041,-3.417969,25000000.000
23053,2054,2.929688,25000000.000
23054,2065,8.300781,25000000.000
23055,2068,9.765625,25000000.000
23056,2088,19.531250,25000000.000
23057,2099,24.902344,25000000.000
23058,2107,28.808594,25000000.000
23059,2109,29.785156,25000000.000
23060,2118,34.179688,25000000.000
23061,2120,35.156250,25000000.000
23062,2121,35.644531,25000000.000
23063,2121,35.644531,25000000.000
23064,2117,33.691406,25000000.000
23065,2113,31.738281,25000000.000
23066,2107,28.808594,25000000.000
23067,2107,28.808594,25000000.000
23068,2091,20.996094,25000000.000
23069,2081,16.113281,25000000.000
23070,2070,10.742188,25000000.000
23071,2070,10.742188,25000000.000
23072,2048,0.000000,25000000.000
23073,2036,-5.859375,25000000.000
23074,2026,-10.742188,25000000.000
23075,2024,-11.718750,25000000.000
23076,2003,-21.972656,25000000.000
23077,1995,-25.878906,25000000.000
23078,1989,-28.808594,25000000.000
23079,1987,-29.785156,25000000.000
23080,1979,-33.691406,25000000.000
23081,1977,-34.667969,25000000.000
23082,1976,-35.156250,25000000.000
23083,1976,-35.156250,25000000.000
23084,1979,-33.691406,25000000.000
23085,1983,-31.738281,25000000.000
23086,1987,-29.785156,25000000.000
23087,1987,-29.785156,25000000.000
23088,1998,-24.414062,25000000.000
23089,2006,-20.507812,25000000.000
23090,2014,-16.601562,25000000.000
23091,2015,-16.113281,25000000.000
23092,2032,-7.812500,25000000.000
23093,2043,-2.441406,25000000.000
23094,2055,3.417969,25000000.000
23095,2056,3.906250,25000000.000
23096,2078,14.648438,25000000.000
23097,2088,19.531250,25000000.000
23098,2099,24.902344,25000000.000
23099,2099,24.902344,25000000.000
23100,2113,31.738281,25000000.000
23101,2117,33.691406,25000000.000
23102,2120,35.156250,25000000.000
23103,2121,35.644531,25000000.000
23104,2120,35.156250,25000000.000
23105,2117,33.691406,25000000.000
23106,2112,31.250000,25000000.000
23107,2112,31.250000,25000000.000
23108,2098,24.414062,25000000.000
23109,2089,20.019531,25000000.000
23110,2080,15.625000,25000000.000
23111,2079,15.136719,25000000.000
23112,2058,4.882812,25000000.000
23113,2046,-0.976562,25000000.000
23114,2035,-6.347656,25000000.000
23115,2034,-6.835938,25000000.000
23116,2012,-17.578125,25000000.000
23117,2002,-22.460938,25000000.000
23118,1994,-26.367188,25000000.000
23119,1994,-26.367188,25000000.000
23120,1982,-32.226562,25000000.000
23121,1979,-33.691406,25000000.000
23122,1977,-34.667969,25000000.000
23123,1976,-35.156250,25000000.000
23124,1978,-34.179688,25000000.000
23125,1980,-33.203125,25000000.000
23126,1983,-31.738281,25000000.000
23127,1983,-31.738281,25000000.000
23128,1994,-26.367188,25000000.000
23129,2000,-23.437500,25000000.000
23130,2006,-20.507812,25000000.000
23131,2008,-19.531250,25000000.000
23132,2023,-12.207031,25000000.000
23133,2033,-7.324219,25000000.000
23134,2045,-1.464844,25000000.000
23135,2046,-0.976562,25000000.000
23136,2069,10.253906,25000000.000
23137,2080,15.625000,25000000.000
23138,2092,21.484375,25000000.000
23139,2092,21.484375,25000000.000
23140,2108,29.296875,25000000.000
23141,2114,32.226562,25000000.000
23142,2118,34.179688,25000000.000
23143,2120,35.156250,25000000.000
23144,2122,36.132812,25000000.000
23145,2120,35.156250,25000000.000
23146,2117,33.691406,25000000.000
23147,2116,33.203125,25000000.000
23148,2104,27.343750,25000000.000
23149,2098,24.414062,25000000.000
23150,2088,19.531250,25000000.000
23151,2088,19.531250,25000000.000
23152,2068,9.765625,25000000.000
23153,2057,4.394531,25000000.000
23154,2045,-1.464844,25000000.000
23155,2042,-2.929688,25000000.000
23156,2021,-13.183594,25000000.000
23157,2011,-18.066406,25000000.000
23158,2000,-23.437500,25000000.000
23159,2000,-23.437500,25000000.000
23160,1986,-30.273438,25000000.000
23161,1981,-32.714844,25000000.000
23162,1978,-34.179688,25000000.000
23163,1977,-34.667969,25000000.000
23164,1975,-35.644531,25000000.000
23165,1977,-34.667969,25000000.000
23166,1978,-34.179688,25000000.000
23167,1978,-34.179688,25000000.000
23168,1987,-29.785156,25000000.000
23169,1992,-27.343750,25000000.000
23170,2000,-23.437500,25000000.000
23171,2002,-22.460938,25000000.000
23172,2017,-15.136719,25000000.000
23173,2025,-11.230469,25000000.000
23174,2035,-6.347656,25000000.000
23175,2037,-5.371094,25000000.000
23176,2058,4.882812,25000000.000
23177,2070,10.742188,25000000.000
23178,2081,16.113281,25000000.000
23179,2083,17.089844,25000000.000
23180,2102,26.367188,25000000.000
23181,2110,30.273438,25000000.000
23182,2115,32.714844,25000000.000
23183,2116,33.203125,25000000.000
23184,2120,35.156250,25000000.000
23185,2120,35.156250,25000000.000
23186,2119,34.667969,25000000.000
23187,2119,34.667969,25000000.000
23188,2110,30.273438,25000000.000
23189,2102,26.367188,25000000.000
23190,2096,23.437500,25000000.000
23191,2094,22.460938,25000000.000
23192,2076,13.671875,25000000.000
23193,2064,7.812500,25000000.000
23194,2053,2.441406,25000000.000
23195,2052,1.953125,25000000.000
23196,2030,-8.789062,25000000.000
23197,2019,-14.160156,25000000.000
23198,2007,-20.019531,25000000.000
23199,2007,-20.019531,25000000.000
23200,1991,-27.832031,25000000.000
23201,1984,-31.250000,25000000.000
23202,1980,-33.203125,25000000.000
23203,1979,-33.691406,25000000.000
23204,1975,-35.644531,25000000.000
23205,1975,-35.644531,25000000.000
23206,1977,-34.667969,25000000.000
23207,1977,-34.667969,25000000.000
23208,1982,-32.226562,25000000.000
23209,1988,-29.296875,25000000.000
23210,1994,-26.367188,25000000.000
23211,1995,-25.878906,25000000.000
23212,2009,-19.042969,25000000.000
23213,2017,-15.136719,25000000.000
23214,2027,-10.253906,25000000.000
23215,2028,-9.765625,25000000.000
23216,2050,0.976562,25000000.000
23217,2060,5.859375,25000000.000
23218,2074,12.695312,25000000.000
23219,2075,13.183594,25000000.000
23220,2096,23.437500,25000000.000
23221,2105,27.832031,25000000.000
23222,2112,31.250000,25000000.000
23223,2112,31.250000,25000000.000
23224,2120,35.156250,25000000.000
23225,2120,35.156250,25000000.000
23226,2120,35.156250,25000000.000
23227,2119,34.667969,25000000.000
23228,2114,32.226562,25000000.000
23229,2109,29.785156,25000000.000
23230,2101,25.878906,25000000.000
23231,2101,25.878906,25000000.000
23232,2085,18.066406,25000000.000
23233,2074,12.695312,25000000.000
23234,2063,7.324219,25000000.000
23235,2062,6.835938,25000000.000
23236,2040,-3.906250,25000000.000
23237,2030,-8.789062,25000000.000
23238,2018,-14.648438,25000000.000
23239,2017,-15.136719,25000000.000
23240,1998,-24.414062,25000000.000
23241,1990,-28.320312,25000000.000
23242,1984,-31.250000,25000000.000
23243,1983,-31.738281,25000000.000
23244,1976,-35.156250,25000000.000
23245,1975,-35.644531,25000000.000
23246,1976,-35.156250,25000000.000
23247,1976,-35.156250,25000000.000
23248,1980,-33.203125,25000000.000
23249,1983,-31.738281,25000000.000
23250,1988,-29.296875,25000000.000
23251,1989,-28.808594,25000000.000
23252,2003,-21.972656,25000000.000
23253,2010,-18.554688,25000000.000
23254,2019,-14.160156,25000000.000
23255,2020,-13.671875,25000000.000
23256,2039,-4.394531,25000000.000
23257,2050,0.976562,25000000.000
23258,2064,7.812500,25000000.000
23259,2065,8.300781,25000000.000
23260,2086,18.554688,25000000.000
23261,2098,24.414062,25000000.000
23262,2106,28.320312,25000000.000
23263,2107,28.808594,25000000.000
23264,2118,34.179688,25000000.000
23265,2120,35.156250,25000000.000
23266,2121,35.644531,25000000.000
23267,2120,35.156250,25000000.000
23268,2118,34.179688,25000000.000
23269,2115,32.714844,25000000.000
23270,2109,29.785156,25000000.000
23271,2109,29.785156,25000000.000
23272,2095,22.949219,25000000.000
23273,2086,18.554688,25000000.000
23274,2075,13.183594,25000000.000
23275,2073,12.207031,25000000.000
23276,2052,1.953125,25000000.000
23277,2039,-4.394531,25000000.000
23278,2027,-10.253906,25000000.000
23279,2027,-10.253906,25000000.000
23280,2005,-20.996094,25000000.000
23281,1996,-25.390625,25000000.000
23282,1988,-29.296875,25000000.000
23283,1987,-29.785156,25000000.000
23284,1978,-34.179688,25000000.000
23285,1977,-34.667969,25000000.000
23286,1976,-35.156250,25000000.000
23287,1975,-35.644531,25000000.000
23288,1978,-34.179688,25000000.000
23289,1980,-33.203125,25000000.000
23290,1984,-31.250000,25000000.000
23291,1984,-31.250000,25000000.000
23292,1996,-25.390625,25000000.000
23293,2000,-23.437500,25000000.000
23294,2010,-18.554688,25000000.000
23295,2011,-18.066406,25000000.000
23296,2030,-8.789062,25000000.000
23297,2040,-3.906250,25000000.000
23298,2054,2.929688,25000000.000
23299,2056,3.906250,25000000.000
23300,2078,14.648438,25000000.000
23301,2090,20.507812,25000000.000
23302,2100,25.390625,25000000.000
23303,2100,25.390625,25000000.000
23304,2114,32.226562,25000000.000
23305,2117,33.691406,25000000.000
23306,2120,35.156250,25000000.000
23307,2120,35.156250,25000000.000
23308,2119,34.667969,25000000.000
23309,2116,33.203125,25000000.000
23310,2112,31.250000,25000000.000
23311,2111,30.761719,25000000.000
23312,2099,24.902344,25000000.000
23313,2091,20.996094,25000000.000
23314,2082,16.601562,25000000.000
23315,2081,16.113281,25000000.000
23316,2061,6.347656,25000000.000
23317,2049,0.488281,25000000.000
23318,2038,-4.882812,25000000.000
23319,2036,-5.859375,25000000.000
23320,2015,-16.113281,25000000.000
23321,2005,-20.996094,25000000.000
23322,1997,-24.902344,25000000.000
23323,1996,-25.390625,25000000.000
23324,1983,-31.738281,25000000.000
23325,1978,-34.179688,25000000.000
23326,1975,-35.644531,25000000.000
23327,1975,-35.644531,25000000.000
23328,1976,-35.156250,25000000.000
23329,1977,-34.667969,25000000.000
23330,1976,-35.156250,25000000.000
23331,1981,-32.714844,25000000.000
23332,1993,-26.855469,25000000.000
23333,1997,-24.902344,25000000.000
23334,2005,-20.996094,25000000.000
23335,2006,-20.507812,25000000.000
23336,2022,-12.695312,25000000.000
23337,2032,-7.812500,25000000.000
23338,2041,-3.417969,25000000.000
23339,2042,-2.929688,25000000.000
23340,2066,8.789062,25000000.000
23341,2078,14.648438,25000000.000
23342,2089,20.019531,25000000.000
23343,2090,20.507812,25000000.000
23344,2107,28.808594,25000000.000
23345,2114,32.226562,25000000.000
23346,2118,34.179688,25000000.000
23347,2118,34.179688,25000000.000
23348,2119,34.667969,25000000.000
23349,2119,34.667969,25000000.000
23350,2116,33.203125,25000000.000
23351,2116,33.203125,25000000.000
23352,2106,28.320312,25000000.000
23353,2099,24.902344,25000000.000
23354,2092,21.484375,25000000.000
23355,2091,20.996094,25000000.000
23356,2071,11.230469,25000000.000
23357,2060,5.859375,25000000.000
23358,2049,0.488281,25000000.000
23359,2047,-0.488281,25000000.000
23360,2025,-11.230469,25000000.000
23361,2013,-17.089844,25000000.000
23362,2003,-21.972656,25000000.000
23363,2001,-22.949219,25000000.000
23364,1986,-30.273438,25000000.000
23365,1980,-33.203125,25000000.000
23366,1976,-35.156250,25000000.000
23367,1977,-34.667969,25000000.000
23368,1973,-36.621094,25000000.000
23369,1974,-36.132812,25000000.000
23370,1976,-35.156250,25000000.000
23371,1978,-34.179688,25000000.000
23372,1984,-31.250000,25000000.000
23373,1990,-28.320312,25000000.000
23374,1997,-24.902344,25000000.000
23375,1998,-24.414062,25000000.000
23376,2012,-17.578125,25000000.000
23377,2022,-12.695312,25000000.000
23378,2032,-7.812500,25000000.000
23379,2034,-6.835938,25000000.000
23380,2055,3.417969,25000000.000
23381,2066,8.789062,25000000.000
23382,2080,15.625000,25000000.000
23383,2081,16.113281,25000000.000
23384,2102,26.367188,25000000.000
23385,2109,29.785156,25000000.000
23386,2115,32.714844,25000000.000
23387,2116,33.203125,25000000.000
23388,2120,35.156250,25000000.000
23389,2122,36.132812,25000000.000
23390,2119,34.667969,25000000.000
23391,2120,35.156250,25000000.000
23392,2111,30.761719,25000000.000
23393,2106,28.320312,25000000.000
23394,2097,23.925781,25000000.000
23395,2097,23.925781,25000000.000
23396,2078,14.648438,25000000.000
23397,2068,9.765625,25000000.000
23398,2056,3.906250,25000000.000
23399,2054,2.929688,25000000.000
23400,2034,-6.835938,25000000.000
23401,2022,-12.695312,25000000.000
23402,2011,-18.066406,25000000.000
23403,2010,-18.554688,25000000.000
23404,1993,-26.855469,25000000.000
23405,1985,-30.761719,25000000.000
23406,1979,-33.691406,25000000.000
23407,1979,-33.691406,25000000.000
23408,1974,-36.132812,25000000.000
23409,1974,-36.132812,25000000.000
23410,1975,-35.644531,25000000.000
23411,1976,-35.156250,25000000.000
23412,1980,-33.203125,25000000.000
23413,1986,-30.273438,25000000.000
23414,1992,-27.343750,25000000.000
23415,1994,-26.367188,25000000.000
23416,2008,-19.531250,25000000.000
23417,2015,-16.113281,25000000.000
23418,2024,-11.718750,25000000.000
23419,2026,-10.742188,25000000.000
23420,2046,-0.976562,25000000.000
23421,2057,4.394531,25000000.000
23422,2069,10.253906,25000000.000
23423,2071,11.230469,25000000.000
23424,2092,21.484375,25000000.000
23425,2102,26.367188,25000000.000
23426,2110,30.273438,25000000.000
23427,2111,30.761719,25000000.000
23428,2119,34.667969,25000000.000
23429,2120,35.156250,25000000.000
23430,2121,35.644531,25000000.000
23431,2121,35.644531,25000000.000
23432,2116,33.203125,25000000.000
23433,2110,30.273438,25000000.000
23434,2105,27.832031,25000000.000
23435,2104,27.343750,25000000.000
23436,2088,19.531250,25000000.000
23437,2078,14.648438,25000000.000
23438,2067,9.277344,25000000.000
23439,2066,8.789062,25000000.000
23440,2044,-1.953125,25000000.000
23441,2033,-7.324219,25000000.000
23442,2019,-14.160156,25000000.000
23443,2019,-14.160156,25000000.000
23444,2000,-23.437500,25000000.000
23445,1992,-27.343750,25000000.000
23446,1985,-30.761719,25000000.000
23447,1984,-31.250000,25000000.000
23448,1976,-35.156250,25000000.000
23449,1975,-35.644531,25000000.000
23450,1975,-35.644531,25000000.000
23451,1975,-35.644531,25000000.000
23452,1979,-33.691406,25000000.000
23453,1982,-32.226562,25000000.000
23454,1986,-30.273438,25000000.000
23455,1987,-29.785156,25000000.000
23456,2000,-23.437500,25000000.000
23457,2007,-20.019531,25000000.000
23458,2016,-15.625000,25000000.000
23459,2016,-15.625000,25000000.000
23460,2035,-6.347656,25000000.000
23461,2047,-0.488281,25000000.000
23462,2060,5.859375,25000000.000
23463,2062,6.835938,25000000.000
23464,2086,18.554688,25000000.000
23465,2096,23.437500,25000000.000
23466,2105,27.832031,25000000.000
23467,2107,28.808594,25000000.000
23468,2117,33.691406,25000000.000
23469,2121,35.644531,25000000.000
23470,2122,36.132812,25000000.000
23471,2123,36.621094,25000000.000
23472,2120,35.156250,25000000.000
23473,2117,33.691406,25000000.000
23474,2112,31.250000,25000000.000
23475,2111,30.761719,25000000.000
23476,2095,22.949219,25000000.000
23477,2088,19.531250,25000000.000
23478,2077,14.160156,25000000.000
23479,2076,13.671875,25000000.000
23480,2054,2.929688,25000000.000
23481,2043,-2.441406,25000000.000
23482,2030,-8.789062,25000000.000
23483,2030,-8.789062,25000000.000
23484,2009,-19.042969,25000000.000
23485,1999,-23.925781,25000000.000
23486,1991,-27.832031,25000000.000
23487,1989,-28.808594,25000000.000
23488,1978,-34.179688,25000000.000
23489,1976,-35.156250,25000000.000
23490,1974,-36.132812,25000000.000
23491,1974,-36.132812,25000000.000
23492,1975,-35.644531,25000000.000
23493,1979,-33.691406,25000000.000
23494,1983,-31.738281,25000000.000
23495,1983,-31.738281,25000000.000
23496,1995,-25.878906,25000000.000
23497,2002,-22.460938,25000000.000
23498,2010,-18.554688,25000000.000
23499,2011,-18.066406,25000000.000
23500,2029,-9.277344,25000000.000
23501,2039,-4.394531,25000000.000
23502,2050,0.976562,25000000.000
23503,2051,1.464844,25000000.000
23504,2075,13.183594,25000000.000
23505,2086,18.554688,25000000.000
23506,2097,23.925781,25000000.000
23507,2097,23.925781,25000000.000
23508,2113,31.738281,25000000.000
23509,2118,34.179688,25000000.000
23510,2120,35.156250,25000000.000
23511,2120,35.156250,25000000.000
23512,2121,35.644531,25000000.000
23513,2118,34.179688,25000000.000
23514,2114,32.226562,25000000.000
23515,2114,32.226562,25000000.000
23516,2102,26.367188,25000000.000
23517,2093,21.972656,25000000.000
23518,2084,17.578125,25000000.000
23519,2083,17.089844,25000000.000
23520,2063,7.324219,25000000.000
23521,2053,2.441406,25000000.000
23522,2041,-3.417969,25000000.000
23523,2039,-4.394531,25000000.000
23524,2018,-14.648438,25000000.000
23525,2009,-19.042969,25000000.000
23526,1998,-24.414062,25000000.000
23527,1997,-24.902344,25000000.000
23528,1983,-31.738281,25000000.000
23529,1979,-33.691406,25000000.000
23530,1976,-35.156250,25000000.000
23531,1976,-35.156250,25000000.000
23532,1975,-35.644531,25000000.000
23533,1977,-34.667969,25000000.000
23534,1979,-33.691406,25000000.000
23535,1980,-33.203125,25000000.000
23536,1989,-28.808594,25000000.000
23537,1994,-26.367188,25000000.000
23538,2002,-22.460938,25000000.000
23539,2002,-22.460938,25000000.000
23540,2018,-14.648438,25000000.000
23541,2028,-9.765625,25000000.000
23542,2039,-4.394531,25000000.000
23543,2041,-3.417969,25000000.000
23544,2061,6.347656,25000000.000
23545,2076,13.671875,25000000.000
23546,2087,19.042969,25000000.000
23547,2088,19.531250,25000000.000
23548,2107,28.808594,25000000.000
23549,2115,32.714844,25000000.000
23550,2120,35.156250,25000000.000
23551,2120,35.156250,25000000.000
23552,2123,36.621094,25000000.000
23553,2121,35.644531,25000000.000
23554,2119,34.667969,25000000.000
23555,2118,34.179688,25000000.000
23556,2107,28.808594,25000000.000
23557,2100,25.390625,25000000.000
23558,2091,20.996094,25000000.000
23559,2091,20.996094,25000000.000
23560,2073,12.207031,25000000.000
23561,2062,6.835938,25000000.000
23562,2051,1.464844,25000000.000
23563,2050,0.976562,25000000.000
23564,2028,-9.765625,25000000.000
23565,2016,-15.625000,25000000.000
23566,2005,-20.996094,25000000.000
23567,2003,-21.972656,25000000.000
23568,1987,-29.785156,25000000.000
23569,1982,-32.226562,25000000.000
23570,1976,-35.156250,25000000.000
23571,1977,-34.667969,25000000.000
23572,1974,-36.132812,25000000.000
23573,1974,-36.132812,25000000.000
23574,1976,-35.156250,25000000.000
23575,1976,-35.156250,25000000.000
23576,1983,-31.738281,25000000.000
23577,1989,-28.808594,25000000.000
23578,1997,-24.902344,25000000.000
23579,1997,-24.902344,25000000.000
23580,2012,-17.578125,25000000.000
23581,2021,-13.183594,25000000.000
23582,2030,-8.789062,25000000.000
23583,2031,-8.300781,25000000.000
23584,2053,2.441406,25000000.000
23585,2065,8.300781,25000000.000
23586,2076,13.671875,25000000.000
23587,2078,14.648438,25000000.000
23588,2099,24.902344,25000000.000
23589,2108,29.296875,25000000.000
23590,2115,32.714844,25000000.000
23591,2115,32.714844,25000000.000
23592,2121,35.644531,25000000.000
23593,2121,35.644531,25000000.000
23594,2120,35.156250,25000000.000
23595,2120,35.156250,25000000.000
23596,2111,30.761719,25000000.000
23597,2105,27.832031,25000000.000
23598,2097,23.925781,25000000.000
23599,2096,23.437500,25000000.000
23600,2080,15.625000,25000000.000
23601,2070,10.742188,25000000.000
23602,2062,6.835938,25000000.000
23603,2058,4.882812,25000000.000
23604,2039,-4.394531,25000000.000
23605,2026,-10.742188,25000000.000
23606,2016,-15.625000,25000000.000
23607,2014,-16.601562,25000000.000
23608,1995,-25.878906,25000000.000
23609,1987,-29.785156,25000000.000
23610,1981,-32.714844,25000000.000
23611,1980,-33.203125,25000000.000
23612,1973,-36.621094,25000000.000
23613,1972,-37.109375,25000000.000
23614,1973,-36.621094,25000000.000
23615,1974,-36.132812,25000000.000
23616,1979,-33.691406,25000000.000
23617,1983,-31.738281,25000000.000
23618,1990,-28.320312,25000000.000
23619,1992,-27.343750,25000000.000
23620,2005,-20.996094,25000000.000
23621,2014,-16.601562,25000000.000
23622,2023,-12.207031,25000000.000
23623,2023,-12.207031,25000000.000
23624,2043,-2.441406,25000000.000
23625,2054,2.929688,25000000.000
23626,2068,9.765625,25000000.000
23627,2069,10.253906,25000000.000
23628,2092,21.484375,25000000.000
23629,2103,26.855469,25000000.000
23630,2112,31.250000,25000000.000
23631,2111,30.761719,25000000.000
23632,2121,35.644531,25000000.000
23633,2123,36.621094,25000000.000
23634,2122,36.132812,25000000.000
23635,2122,36.132812,25000000.000
23636,2116,33.203125,25000000.000
23637,2111,30.761719,25000000.000
23638,2104,27.343750,25000000.000
23639,2103,26.855469,25000000.000
23640,2087,19.042969,25000000.000
23641,2079,15.136719,25000000.000
23642,2069,10.253906,25000000.000
23643,2068,9.765625,25000000.000
23644,2047,-0.488281,25000000.000
23645,2036,-5.859375,25000000.000
23646,2024,-11.718750,25000000.000
23647,2023,-12.207031,25000000.000
23648,2003,-21.972656,25000000.000
23649,1994,-26.367188,25000000.000
23650,1986,-30.273438,25000000.000
23651,1985,-30.761719,25000000.000
23652,1976,-35.156250,25000000.000
23653,1973,-36.621094,25000000.000
23654,1973,-36.621094,25000000.000
23655,1973,-36.621094,25000000.000
23656,1977,-34.667969,25000000.000
23657,1980,-33.203125,25000000.000
23658,1984,-31.250000,25000000.000
23659,1987,-29.785156,25000000.000
23660,2000,-23.437500,25000000.000
23661,2008,-19.531250,25000000.000
23662,2016,-15.625000,25000000.000
23663,2017,-15.136719,25000000.000
23664,2035,-6.347656,25000000.000
23665,2046,-0.976562,25000000.000
23666,2058,4.882812,25000000.000
23667,2058,4.882812,25000000.000
23668,2082,16.601562,25000000.000
23669,2094,22.460938,25000000.000
23670,2103,26.855469,25000000.000
23671,2104,27.343750,25000000.000
23672,2119,34.667969,25000000.000
23673,2121,35.644531,25000000.000
23674,2121,35.644531,25000000.000
23675,2122,36.132812,25000000.000
23676,2120,35.156250,25000000.000
23677,2114,32.226562,25000000.000
23678,2110,30.273438,25000000.000
23679,2107,28.808594,25000000.000
23680,2096,23.437500,25000000.000
23681,2088,19.531250,25000000.000
23682,2079,15.136719,25000000.000
23683,2077,14.160156,25000000.000
23684,2059,5.371094,25000000.000
23685,2048,0.000000,25000000.000
23686,2037,-5.371094,25000000.000
23687,2035,-6.347656,25000000.000
23688,2013,-17.089844,25000000.000
23689,2003,-21.972656,25000000.000
23690,1994,-26.367188,25000000.000
23691,1993,-26.855469,25000000.000
23692,1979,-33.691406,25000000.000
23693,1976,-35.156250,25000000.000
23694,1973,-36.621094,25000000.000
23695,1973,-36.621094,25000000.000
23696,1974,-36.132812,25000000.000
23697,1978,-34.179688,25000000.000
23698,1981,-32.714844,25000000.000
23699,1982,-32.226562,25000000.000
23700,1993,-26.855469,25000000.000
23701,2000,-23.437500,25000000.000
23702,2008,-19.531250,25000000.000
23703,2009,-19.042969,25000000.000
23704,2026,-10.742188,25000000.000
23705,2035,-6.347656,25000000.000
23706,2047,-0.488281,25000000.000
23707,2047,-0.488281,25000000.000
23708,2071,11.230469,25000000.000
23709,2084,17.578125,25000000.000
23710,2094,22.460938,25000000.000
23711,2096,23.437500,25000000.000
23712,2112,31.250000,25000000.000
23713,2117,33.691406,25000000.000
23714,2122,36.132812,25000000.000
23715,2123,36.621094,25000000.000
23716,2121,35.644531,25000000.000
23717,2118,34.179688,25000000.000
23718,2115,32.714844,25000000.000
23719,2113,31.738281,25000000.000
23720,2102,26.367188,25000000.000
23721,2094,22.460938,25000000.000
23722,2086,18.554688,25000000.000
23723,2085,18.066406,25000000.000
23724,2066,8.789062,25000000.000
23725,2057,4.394531,25000000.000
23726,2045,-1.464844,25000000.000
23727,2044,-1.953125,25000000.000
23728,2021,-13.183594,25000000.000
23729,2010,-18.554688,25000000.000
23730,1999,-23.925781,25000000.000
23731,1999,-23.925781,25000000.000
23732,1983,-31.738281,25000000.000
23733,1979,-33.691406,25000000.000
23734,1975,-35.644531,25000000.000
23735,1975,-35.644531,25000000.000
23736,1973,-36.621094,25000000.000
23737,1976,-35.156250,25000000.000
23738,1978,-34.179688,25000000.000
23739,1978,-34.179688,25000000.000
23740,1988,-29.296875,25000000.000
23741,1995,-25.878906,25000000.000
23742,2002,-22.460938,25000000.000
23743,2002,-22.460938,25000000.000
23744,2018,-14.648438,25000000.000
23745,2026,-10.742188,25000000.000
23746,2036,-5.859375,25000000.000
23747,2038,-4.882812,25000000.000
23748,2059,5.371094,25000000.000
23749,2072,11.718750,25000000.000
23750,2084,17.578125,25000000.000
23751,2085,18.066406,25000000.000
23752,2106,28.320312,25000000.000
23753,2112,31.250000,25000000.000
23754,2117,33.691406,25000000.000
23755,2118,34.179688,25000000.000
23756,2122,36.132812,25000000.000
23757,2121,35.644531,25000000.000
23758,2117,33.691406,25000000.000
23759,2118,34.179688,25000000.000
23760,2108,29.296875,25000000.000
23761,2102,26.367188,25000000.000
23762,2093,21.972656,25000000.000
23763,2093,21.972656,25000000.000
23764,2075,13.183594,25000000.000
23765,2065,8.300781,25000000.000
23766,2053,2.441406,25000000.000
23767,2053,2.441406,25000000.000
23768,2031,-8.300781,25000000.000
23769,2019,-14.160156,25000000.000
23770,2008,-19.531250,25000000.000
23771,2006,-20.507812,25000000.000
23772,1988,-29.296875,25000000.000
23773,1982,-32.226562,25000000.000
23774,1976,-35.156250,25000000.000
23775,1977,-34.667969,25000000.000
23776,1974,-36.132812,25000000.000
23777,1974,-36.132812,25000000.000
23778,1976,-35.156250,25000000.000
23779,1976,-35.156250,25000000.000
23780,1983,-31.738281,25000000.000
23781,1988,-29.296875,25000000.000
23782,1996,-25.390625,25000000.000
23783,1996,-25.390625,25000000.000
23784,2011,-18.066406,25000000.000
23785,2019,-14.160156,25000000.000
23786,2027,-10.253906,25000000.000
23787,2029,-9.277344,25000000.000
23788,2048,0.000000,25000000.000
23789,2063,7.324219,25000000.000
23790,2075,13.183594,25000000.000
23791,2075,13.183594,25000000.000
23792,2098,24.414062,25000000.000
23793,2107,28.808594,25000000.000
23794,2114,32.226562,25000000.000
23795,2115,32.714844,25000000.000
23796,2119,34.667969,25000000.000
23797,2122,36.132812,25000000.000
23798,2122,36.132812,25000000.000
23799,2121,35.644531,25000000.000
23800,2113,31.738281,25000000.000
23801,2108,29.296875,25000000.000
23802,2099,24.902344,25000000.000
23803,2099,24.902344,25000000.000
23804,2082,16.601562,25000000.000
23805,2072,11.718750,25000000.000
23806,2062,6.835938,25000000.000
23807,2061,6.347656,25000000.000
23808,2040,-3.906250,25000000.000
23809,2029,-9.277344,25000000.000
23810,2018,-14.648438,25000000.000
23811,2017,-15.136719,25000000.000
23812,1997,-24.902344,25000000.000
23813,1989,-28.808594,25000000.000
23814,1982,-32.226562,25000000.000
23815,1981,-32.714844,25000000.000
23816,1974,-36.132812,25000000.000
23817,1972,-37.109375,25000000.000
23818,1973,-36.621094,25000000.000
23819,1973,-36.621094,25000000.000
23820,1978,-34.179688,25000000.000
23821,1983,-31.738281,25000000.000
23822,1989,-28.808594,25000000.000
23823,1991,-27.832031,25000000.000
23824,2004,-21.484375,25000000.000
23825,2013,-17.089844,25000000.000
23826,2021,-13.183594,25000000.000
23827,2022,-12.695312,25000000.000
23828,2041,-3.417969,25000000.000
23829,2051,1.464844,25000000.000
23830,2063,7.324219,25000000.000
23831,2065,8.300781,25000000.000
23832,2088,19.531250,25000000.000
23833,2098,24.414062,25000000.000
23834,2107,28.808594,25000000.000
23835,2109,29.785156,25000000.000
23836,2120,35.156250,25000000.000
23837,2121,35.644531,25000000.000
23838,2122,36.132812,25000000.000
23839,2122,36.132812,25000000.000
23840,2118,34.179688,25000000.000
23841,2113,31.738281,25000000.000
23842,2107,28.808594,25000000.000
23843,2106,28.320312,25000000.000
23844,2091,20.996094,25000000.000
23845,2081,16.113281,25000000.000
23846,2072,11.718750,25000000.000
23847,2071,11.230469,25000000.000
23848,2051,1.464844,25000000.000
23849,2042,-2.929688,25000000.000
23850,2032,-7.812500,25000000.000
23851,2030,-8.789062,25000000.000
23852,2007,-20.019531,25000000.000
23853,1995,-25.878906,25000000.000
23854,1988,-29.296875,25000000.000
23855,1987,-29.785156,25000000.000
23856,1976,-35.156250,25000000.000
23857,1974,-36.132812,25000000.000
23858,1972,-37.109375,25000000.000
23859,1972,-37.109375,25000000.000
23860,1976,-35.156250,25000000.000
23861,1980,-33.203125,25000000.000
23862,1984,-31.250000,25000000.000
23863,1985,-30.761719,25000000.000
23864,1998,-24.414062,25000000.000
23865,2006,-20.507812,25000000.000
23866,2014,-16.601562,25000000.000
23867,2015,-16.113281,25000000.000
23868,2032,-7.812500,25000000.000
23869,2042,-2.929688,25000000.000
23870,2054,2.929688,25000000.000
23871,2055,3.417969,25000000.000
23872,2079,15.136719,25000000.000
23873,2091,20.996094,25000000.000
23874,2101,25.878906,25000000.000
23875,2102,26.367188,25000000.000
23876,2116,33.203125,25000000.000
23877,2120,35.156250,25000000.000
23878,2122,36.132812,25000000.000
23879,2123,36.621094,25000000.000
23880,2121,35.644531,25000000.000
23881,2117,33.691406,25000000.000
23882,2111,30.761719,25000000.000
23883,2111,30.761719,25000000.000
23884,2096,23.437500,25000000.000
23885,2089,20.019531,25000000.000
23886,2080,15.625000,25000000.000
23887,2078,14.648438,25000000.000
23888,2060,5.859375,25000000.000
23889,2049,0.488281,25000000.000
23890,2039,-4.394531,25000000.000
23891,2037,-5.371094,25000000.000
23892,2016,-15.625000,25000000.000
23893,2005,-20.996094,25000000.000
23894,1996,-25.390625,25000000.000
23895,1995,-25.878906,25000000.000
23896,1981,-32.714844,25000000.000
23897,1976,-35.156250,25000000.000
23898,1973,-36.621094,25000000.000
23899,1973,-36.621094,25000000.000
23900,1974,-36.132812,25000000.000
23901,1976,-35.156250,25000000.000
23902,1981,-32.714844,25000000.000
23903,1981,-32.714844,25000000.000
23904,1992,-27.343750,25000000.000
23905,1999,-23.925781,25000000.000
23906,2008,-19.531250,25000000.000
23907,2009,-19.042969,25000000.000
23908,2025,-11.230469,25000000.000
23909,2035,-6.347656,25000000.000
23910,2044,-1.953125,25000000.000
23911,2047,-0.488281,25000000.000
23912,2068,9.765625,25000000.000
23913,2081,16.113281,25000000.000
23914,2092,21.484375,25000000.000
23915,2094,22.460938,25000000.000
23916,2110,30.273438,25000000.000
23917,2117,33.691406,25000000.000
23918,2122,36.132812,25000000.000
23919,2122,36.132812,25000000.000
23920,2123,36.621094,25000000.000
23921,2121,35.644531,25000000.000
23922,2116,33.203125,25000000.000
23923,2115,32.714844,25000000.000
23924,2105,27.832031,25000000.000
23925,2098,24.414062,25000000.000
23926,2087,19.042969,25000000.000
23927,2087,19.042969,25000000.000
23928,2069,10.253906,25000000.000
23929,2058,4.882812,25000000.000
23930,2047,-0.488281,25000000.000
23931,2046,-0.976562,25000000.000
23932,2024,-11.718750,25000000.000
23933,2011,-18.066406,25000000.000
23934,2002,-22.460938,25000000.000
23935,2000,-23.437500,25000000.000
23936,1983,-31.738281,25000000.000
23937,1977,-34.667969,25000000.000
23938,1974,-36.132812,25000000.000
23939,1972,-37.109375,25000000.000
23940,1971,-37.597656,25000000.000
23941,1972,-37.109375,25000000.000
23942,1976,-35.156250,25000000.000
23943,1976,-35.156250,25000000.000
23944,1986,-30.273438,25000000.000
23945,1992,-27.343750,25000000.000
23946,2000,-23.437500,25000000.000
23947,2001,-22.949219,25000000.000
23948,2015,-16.113281,25000000.000
23949,2024,-11.718750,25000000.000
23950,2035,-6.347656,25000000.000
23951,2036,-5.859375,25000000.000
23952,2057,4.394531,25000000.000
23953,2069,10.253906,25000000.000
23954,2082,16.601562,25000000.000
23955,2084,17.578125,25000000.000
23956,2104,27.343750,25000000.000
23957,2112,31.250000,25000000.000
23958,2118,34.179688,25000000.000
23959,2119,34.667969,25000000.000
23960,2123,36.621094,25000000.000
23961,2122,36.132812,25000000.000
23962,2119,34.667969,25000000.000
23963,2119,34.667969,25000000.000
23964,2110,30.273438,25000000.000
23965,2103,26.855469,25000000.000
23966,2095,22.949219,25000000.000
23967,2094,22.460938,25000000.000
23968,2076,13.671875,25000000.000
23969,2067,9.277344,25000000.000
23970,2057,4.394531,25000000.000
23971,2056,3.906250,25000000.000
23972,2034,-6.835938,25000000.000
23973,2024,-11.718750,25000000.000
23974,2013,-17.089844,25000000.000
23975,2010,-18.554688,25000000.000
23976,1993,-26.855469,25000000.000
23977,1984,-31.250000,25000000.000
23978,1977,-34.667969,25000000.000
23979,1978,-34.179688,25000000.000
23980,1972,-37.109375,25000000.000
23981,1971,-37.597656,25000000.000
23982,1972,-37.109375,25000000.000
23983,1971,-37.597656,25000000.000
23984,1981,-32.714844,25000000.000
23985,1986,-30.273438,25000000.000
23986,1992,-27.343750,25000000.000
23987,1994,-26.367188,25000000.000
23988,2010,-18.554688,25000000.000
23989,2017,-15.136719,25000000.000
23990,2026,-10.742188,25000000.000
23991,2028,-9.765625,25000000.000
23992,2047,-0.488281,25000000.000
23993,2058,4.882812,25000000.000
23994,2070,10.742188,25000000.000
23995,2071,11.230469,25000000.000
23996,2094,22.460938,25000000.000
23997,2104,27.343750,25000000.000
23998,2112,31.250000,25000000.000
23999,2112,31.250000,25000000.000
24000,2120,35.156250,25000000.000
24001,2122,36.132812,25000000.000
24002,2122,36.132812,25000000.000
24003,2121,35.644531,25000000.000
24004,2115,32.714844,25000000.000
24005,2109,29.785156,25000000.000
24006,2103,26.855469,25000000.000
24007,2102,26.367188,25000000.000
24008,2085,18.066406,25000000.000
24009,2075,13.183594,25000000.000
24010,2065,8.300781,25000000.000
24011,2064,7.812500,25000000.000
24012,2043,-2.441406,25000000.000
24013,2032,-7.812500,25000000.000
24014,2020,-13.671875,25000000.000
24015,2019,-14.160156,25000000.000
24016,1999,-23.925781,25000000.000
24017,1990,-28.320312,25000000.000
24018,1982,-32.226562,25000000.000
24019,1982,-32.226562,25000000.000
24020,1975,-35.644531,25000000.000
24021,1972,-37.109375,25000000.000
24022,1972,-37.109375,25000000.000
24023,1972,-37.109375,25000000.000
24024,1978,-34.179688,25000000.000
24025,1981,-32.714844,25000000.000
24026,1987,-29.785156,25000000.000
24027,1988,-29.296875,25000000.000
24028,2004,-21.484375,25000000.000
24029,2011,-18.066406,25000000.000
24030,2019,-14.160156,25000000.000
24031,2021,-13.183594,25000000.000
24032,2039,-4.394531,25000000.000
24033,2049,0.488281,25000000.000
24034,2061,6.347656,25000000.000
24035,2063,7.324219,25000000.000
24036,2087,19.042969,25000000.000
24037,2097,23.925781,25000000.000
24038,2107,28.808594,25000000.000
24039,2108,29.296875,25000000.000
24040,2120,35.156250,25000000.000
24041,2123,36.621094,25000000.000
24042,2124,37.109375,25000000.000
24043,2124,37.109375,25000000.000
24044,2120,35.156250,25000000.000
24045,2117,33.691406,25000000.000
24046,2109,29.785156,25000000.000
24047,2109,29.785156,25000000.000
24048,2093,21.972656,25000000.000
24049,2083,17.089844,25000000.000
24050,2074,12.695312,25000000.000
24051,2073,12.207031,25000000.000
24052,2053,2.441406,25000000.000
24053,2041,-3.417969,25000000.000
24054,2030,-8.789062,25000000.000
24055,2028,-9.765625,25000000.000
24056,2008,-19.531250,25000000.000
24057,1999,-23.925781,25000000.000
24058,1990,-28.320312,25000000.000
24059,1989,-28.808594,25000000.000
24060,1978,-34.179688,25000000.000
24061,1975,-35.644531,25000000.000
24062,1972,-37.109375,25000000.000
24063,1973,-36.621094,25000000.000
24064,1974,-36.132812,25000000.000
24065,1978,-34.179688,25000000.000
24066,1983,-31.738281,25000000.000
24067,1983,-31.738281,25000000.000
24068,1997,-24.902344,25000000.000
24069,2005,-20.996094,25000000.000
24070,2013,-17.089844,25000000.000
24071,2013,-17.089844,25000000.000
24072,2030,-8.789062,25000000.000
24073,2041,-3.417969,25000000.000
24074,2051,1.464844,25000000.000
24075,2052,1.953125,25000000.000
24076,2075,13.183594,25000000.000
24077,2087,19.042969,25000000.000
24078,2098,24.414062,25000000.000
24079,2099,24.902344,25000000.000
24080,2114,32.226562,25000000.000
24081,2119,34.667969,25000000.000
24082,2122,36.132812,25000000.000
24083,2123,36.621094,25000000.000
24084,2122,36.132812,25000000.000
24085,2119,34.667969,25000000.000
24086,2115,32.714844,25000000.000
24087,2114,32.226562,25000000.000
24088,2101,25.878906,25000000.000
24089,2092,21.484375,25000000.000
24090,2082,16.601562,25000000.000
24091,2081,16.113281,25000000.000
24092,2061,6.347656,25000000.000
24093,2050,0.976562,25000000.000
24094,2039,-4.394531,25000000.000
24095,2038,-4.882812,25000000.000
24096,2016,-15.625000,25000000.000
24097,2005,-20.996094,25000000.000
24098,1996,-25.390625,25000000.000
24099,1995,-25.878906,25000000.000
24100,1982,-32.226562,25000000.000
24101,1976,-35.156250,25000000.000
24102,1974,-36.132812,25000000.000
24103,1974,-36.132812,25000000.000
24104,1973,-36.621094,25000000.000
24105,1974,-36.132812,25000000.000
24106,1978,-34.179688,25000000.000
24107,1979,-33.691406,25000000.000
24108,1989,-28.808594,25000000.000
24109,1996,-25.390625,25000000.000
24110,2003,-21.972656,25000000.000
24111,2005,-20.996094,25000000.000
24112,2020,-13.671875,25000000.000
24113,2030,-8.789062,25000000.000
24114,2041,-3.417969,25000000.000
24115,2043,-2.441406,25000000.000
24116,2065,8.300781,25000000.000
24117,2078,14.648438,25000000.000
24118,2089,20.019531,25000000.000
24119,2090,20.507812,25000000.000
24120,2109,29.785156,25000000.000
24121,2115,32.714844,25000000.000
24122,2120,35.156250,25000000.000
24123,2120,35.156250,25000000.000
24124,2124,37.109375,25000000.000
24125,2121,35.644531,25000000.000
24126,2119,34.667969,25000000.000
24127,2118,34.179688,25000000.000
24128,2107,28.808594,25000000.000
24129,2100,25.390625,25000000.000
24130,2091,20.996094,25000000.000
24131,2089,20.019531,25000000.000
24132,2071,11.230469,25000000.000
24133,2059,5.371094,25000000.000
24134,2049,0.488281,25000000.000
24135,2047,-0.488281,25000000.000
24136,2026,-10.742188,25000000.000
24137,2013,-17.089844,25000000.000
24138,2003,-21.972656,25000000.000
24139,2003,-21.972656,25000000.000
24140,1986,-30.273438,25000000.000
24141,1981,-32.714844,25000000.000
24142,1976,-35.156250,25000000.000
24143,1975,-35.644531,25000000.000
24144,1972,-37.109375,25000000.000
24145,1972,-37.109375,25000000.000
24146,1975,-35.644531,25000000.000
24147,1974,-36.132812,25000000.000
24148,1984,-31.250000,25000000.000
24149,1991,-27.832031,25000000.000
24150,1997,-24.902344,25000000.000
24151,1999,-23.925781,25000000.000
24152,2015,-16.113281,25000000.000
24153,2022,-12.695312,25000000.000
24154,2033,-7.324219,25000000.000
24155,2033,-7.324219,25000000.000
24156,2054,2.929688,25000000.000
24157,2065,8.300781,25000000.000
24158,2077,14.160156,25000000.000
24159,2079,15.136719,25000000.000
24160,2099,24.902344,25000000.000
24161,2109,29.785156,25000000.000
24162,2115,32.714844,25000000.000
24163,2116,33.203125,25000000.000
24164,2122,36.132812,25000000.000
24165,2121,35.644531,25000000.000
24166,2120,35.156250,25000000.000
24167,2119,34.667969,25000000.000
24168,2111,30.761719,25000000.000
24169,2106,28.320312,25000000.000
24170,2098,24.414062,25000000.000
24171,2096,23.437500,25000000.000
24172,2079,15.136719,25000000.000
24173,2068,9.765625,25000000.000
24174,2058,4.882812,25000000.000
24175,2057,4.394531,25000000.000
24176,2035,-6.347656,25000000.000
24177,2024,-11.718750,25000000.000
24178,2013,-17.089844,25000000.000
24179,2012,-17.578125,25000000.000
24180,1994,-26.367188,25000000.000
24181,1986,-30.273438,25000000.000
24182,1980,-33.203125,25000000.000
24183,1979,-33.691406,25000000.000
24184,1974,-36.132812,25000000.000
24185,1974,-36.132812,25000000.000
24186,1974,-36.132812,25000000.000
24187,1974,-36.132812,25000000.000
24188,1980,-33.203125,25000000.000
24189,1985,-30.761719,25000000.000
24190,1992,-27.343750,25000000.000
24191,1991,-27.832031,25000000.000
24192,2007,-20.019531,25000000.000
24193,2015,-16.113281,25000000.000
24194,2024,-11.718750,25000000.000
24195,2026,-10.742188,25000000.000
24196,2045,-1.464844,25000000.000
24197,2057,4.394531,25000000.000
24198,2068,9.765625,25000000.000
24199,2070,10.742188,25000000.000
24200,2093,21.972656,25000000.000
24201,2102,26.367188,25000000.000
24202,2111,30.761719,25000000.000
24203,2112,31.250000,25000000.000
24204,2120,35.156250,25000000.000
24205,2123,36.621094,25000000.000
24206,2122,36.132812,25000000.000
24207,2122,36.132812,25000000.000
24208,2116,33.203125,25000000.000
24209,2111,30.761719,25000000.000
24210,2103,26.855469,25000000.000
24211,2103,26.855469,25000000.000
24212,2087,19.042969,25000000.000
24213,2078,14.648438,25000000.000
24214,2068,9.765625,25000000.000
24215,2065,8.300781,25000000.000
24216,2046,-0.976562,25000000.000
24217,2033,-7.324219,25000000.000
24218,2023,-12.207031,25000000.000
24219,2021,-13.183594,25000000.000
24220,2001,-22.949219,25000000.000
24221,1992,-27.343750,25000000.000
24222,1985,-30.761719,25000000.000
24223,1984,-31.250000,25000000.000
24224,1976,-35.156250,25000000.000
24225,1974,-36.132812,25000000.000
24226,1973,-36.621094,25000000.000
24227,1973,-36.621094,25000000.000
24228,1976,-35.156250,25000000.000
24229,1982,-32.226562,25000000.000
24230,1987,-29.785156,25000000.000
24231,1988,-29.296875,25000000.000
24232,2002,-22.460938,25000000.000
24233,2008,-19.531250,25000000.000
24234,2018,-14.648438,25000000.000
24235,2019,-14.160156,25000000.000
24236,2036,-5.859375,25000000.000
24237,2047,-0.488281,25000000.000
24238,2059,5.371094,25000000.000
24239,2061,6.347656,25000000.000
24240,2082,16.601562,25000000.000
24241,2094,22.460938,25000000.000
24242,2105,27.832031,25000000.000
24243,2106,28.320312,25000000.000
24244,2118,34.179688,25000000.000
24245,2122,36.132812,25000000.000
24246,2123,36.621094,25000000.000
24247,2123,36.621094,25000000.000
24248,2119,34.667969,25000000.000
24249,2116,33.203125,25000000.000
24250,2110,30.273438,25000000.000
24251,2109,29.785156,25000000.000
24252,2094,22.460938,25000000.000
24253,2086,18.554688,25000000.000
24254,2076,13.671875,25000000.000
24255,2075,13.183594,25000000.000
24256,2055,3.417969,25000000.000
24257,2045,-1.464844,25000000.000
24258,2033,-7.324219,25000000.000
24259,2032,-7.812500,25000000.000
24260,2010,-18.554688,25000000.000
24261,2000,-23.437500,25000000.000
24262,1992,-27.343750,25000000.000
24263,1992,-27.343750,25000000.000
24264,1979,-33.691406,25000000.000
24265,1975,-35.644531,25000000.000
24266,1973,-36.621094,25000000.000
24267,1974,-36.132812,25000000.000
24268,1975,-35.644531,25000000.000
24269,1978,-34.179688,25000000.000
24270,1982,-32.226562,25000000.000
24271,1983,-31.738281,25000000.000
24272,1994,-26.367188,25000000.000
24273,2003,-21.972656,25000000.000
24274,2011,-18.066406,25000000.000
24275,2011,-18.066406,25000000.000
24276,2028,-9.765625,25000000.000
24277,2038,-4.882812,25000000.000
24278,2048,0.000000,25000000.000
24279,2050,0.976562,25000000.000
24280,2073,12.207031,25000000.000
24281,2084,17.578125,25000000.000
24282,2096,23.437500,25000000.000
24283,2097,23.925781,25000000.000
24284,2114,32.226562,25000000.000
24285,2119,34.667969,25000000.000
24286,2124,37.109375,25000000.000
24287,2123,36.621094,25000000.000
24288,2122,36.132812,25000000.000
24289,2120,35.156250,25000000.000
24290,2117,33.691406,25000000.000
24291,2115,32.714844,25000000.000
24292,2102,26.367188,25000000.000
24293,2094,22.460938,25000000.000
24294,2084,17.578125,25000000.000
24295,2083,17.089844,25000000.000
24296,2064,7.812500,25000000.000
24297,2053,2.441406,25000000.000
24298,2043,-2.441406,25000000.000
24299,2042,-2.929688,25000000.000
24300,2020,-13.671875,25000000.000
24301,2010,-18.554688,25000000.000
24302,2000,-23.437500,25000000.000
24303,1998,-24.414062,25000000.000
24304,1984,-31.250000,25000000.000
24305,1978,-34.179688,25000000.000
24306,1974,-36.132812,25000000.000
24307,1974,-36.132812,25000000.000
24308,1973,-36.621094,25000000.000
24309,1975,-35.644531,25000000.000
24310,1977,-34.667969,25000000.000
24311,1978,-34.179688,25000000.000
24312,1988,-29.296875,25000000.000
24313,1994,-26.367188,25000000.000
24314,2003,-21.972656,25000000.000
24315,2004,-21.484375,25000000.000
24316,2020,-13.671875,25000000.000
24317,2029,-9.277344,25000000.000
24318,2039,-4.394531,25000000.000
24319,2040,-3.906250,25000000.000
24320,2062,6.835938,25000000.000
24321,2073,12.207031,25000000.000
24322,2085,18.066406,25000000.000
24323,2086,18.554688,25000000.000
24324,2106,28.320312,25000000.000
24325,2113,31.738281,25000000.000
24326,2118,34.179688,25000000.000
24327,2118,34.179688,25000000.000
24328,2122,36.132812,25000000.000
24329,2120,35.156250,25000000.000
24330,2118,34.179688,25000000.000
24331,2117,33.691406,25000000.000
24332,2107,28.808594,25000000.000
24333,2099,24.902344,25000000.000
24334,2091,20.996094,25000000.000
24335,2091,20.996094,25000000.000
24336,2072,11.718750,25000000.000
24337,2061,6.347656,25000000.000
24338,2051,1.464844,25000000.000
24339,2050,0.976562,25000000.000
24340,2029,-9.277344,25000000.000
24341,2017,-15.136719,25000000.000
24342,2007,-20.019531,25000000.000
24343,2006,-20.507812,25000000.000
24344,1989,-28.808594,25000000.000
24345,1983,-31.738281,25000000.000
24346,1976,-35.156250,25000000.000
24347,1976,-35.156250,25000000.000
24348,1971,-37.597656,25000000.000
24349,1971,-37.597656,25000000.000
24350,1974,-36.132812,25000000.000
24351,1973,-36.621094,25000000.000
24352,1981,-32.714844,25000000.000
24353,1989,-28.808594,25000000.000
24354,1996,-25.390625,25000000.000
24355,1997,-24.902344,25000000.000
24356,2012,-17.578125,25000000.000
24357,2020,-13.671875,25000000.000
24358,2030,-8.789062,25000000.000
24359,2031,-8.300781,25000000.000
24360,2052,1.953125,25000000.000
24361,2064,7.812500,25000000.000
24362,2076,13.671875,25000000.000
24363,2077,14.160156,25000000.000
24364,2099,24.902344,25000000.000
24365,2108,29.296875,25000000.000
24366,2114,32.226562,25000000.000
24367,2116,33.203125,25000000.000
24368,2123,36.621094,25000000.000
24369,2122,36.132812,25000000.000
24370,2122,36.132812,25000000.000
24371,2122,36.132812,25000000.000
24372,2113,31.738281,25000000.000
24373,2108,29.296875,25000000.000
24374,2098,24.414062,25000000.000
24375,2103,26.855469,25000000.000
24376,2080,15.625000,25000000.000
24377,2071,11.230469,25000000.000
24378,2059,5.371094,25000000.000
24379,2058,4.882812,25000000.000
24380,2038,-4.882812,25000000.000
24381,2027,-10.253906,25000000.000
24382,2016,-15.625000,25000000.000
24383,2014,-16.601562,25000000.000
24384,1998,-24.414062,25000000.000
24385,1988,-29.296875,25000000.000
24386,1982,-32.226562,25000000.000
24387,1981,-32.714844,25000000.000
24388,1975,-35.644531,25000000.000
24389,1973,-36.621094,25000000.000
24390,1973,-36.621094,25000000.000
24391,1973,-36.621094,25000000.000
24392,1979,-33.691406,25000000.000
24393,1984,-31.250000,25000000.000
24394,1989,-28.808594,25000000.000
24395,1991,-27.832031,25000000.000
24396,2005,-20.996094,25000000.000
24397,2015,-16.113281,25000000.000
24398,2023,-12.207031,25000000.000
24399,2024,-11.718750,25000000.000
24400,2042,-2.929688,25000000.000
24401,2054,2.929688,25000000.000
24402,2065,8.300781,25000000.000
24403,2067,9.277344,25000000.000
24404,2089,20.019531,25000000.000
24405,2100,25.390625,25000000.000
24406,2108,29.296875,25000000.000
24407,2109,29.785156,25000000.000
24408,2119,34.667969,25000000.000
24409,2121,35.644531,25000000.000
24410,2122,36.132812,25000000.000
24411,2122,36.132812,25000000.000
24412,2116,33.203125,25000000.000
24413,2112,31.250000,25000000.000
24414,2105,27.832031,25000000.000
24415,2106,28.320312,25000000.000
24416,2090,20.507812,25000000.000
24417,2079,15.136719,25000000.000
24418,2069,10.253906,25000000.000
24419,2067,9.277344,25000000.000
24420,2048,0.000000,25000000.000
24421,2035,-6.347656,25000000.000
24422,2025,-11.230469,25000000.000
24423,2023,-12.207031,25000000.000
24424,2004,-21.484375,25000000.000
24425,1995,-25.878906,25000000.000
24426,1986,-30.273438,25000000.000
24427,1987,-29.785156,25000000.000
24428,1977,-34.667969,25000000.000
24429,1975,-35.644531,25000000.000
24430,1975,-35.644531,25000000.000
24431,1975,-35.644531,25000000.000
24432,1978,-34.179688,25000000.000
24433,1981,-32.714844,25000000.000
24434,1986,-30.273438,25000000.000
24435,1987,-29.785156,25000000.000
24436,1999,-23.925781,25000000.000
24437,2007,-20.019531,25000000.000
24438,2017,-15.136719,25000000.000
24439,2016,-15.625000,25000000.000
24440,2035,-6.347656,25000000.000
24441,2046,-0.976562,25000000.000
24442,2057,4.394531,25000000.000
24443,2058,4.882812,25000000.000
24444,2081,16.113281,25000000.000
24445,2093,21.972656,25000000.000
24446,2103,26.855469,25000000.000
24447,2103,26.855469,25000000.000
24448,2117,33.691406,25000000.000
24449,2122,36.132812,25000000.000
24450,2123,36.621094,25000000.000
24451,2123,36.621094,25000000.000
24452,2120,35.156250,25000000.000
24453,2116,33.203125,25000000.000
24454,2111,30.761719,25000000.000
24455,2111,30.761719,25000000.000
24456,2096,23.437500,25000000.000
24457,2087,19.042969,25000000.000
24458,2078,14.648438,25000000.000
24459,2076,13.671875,25000000.000
24460,2056,3.906250,25000000.000
24461,2045,-1.464844,25000000.000
24462,2034,-6.835938,25000000.000
24463,2033,-7.324219,25000000.000
24464,2012,-17.578125,25000000.000
24465,2002,-22.460938,25000000.000
24466,1993,-26.855469,25000000.000
24467,1993,-26.855469,25000000.000
24468,1981,-32.714844,25000000.000
24469,1977,-34.667969,25000000.000
24470,1975,-35.644531,25000000.000
24471,1974,-36.132812,25000000.000
24472,1975,-35.644531,25000000.000
24473,1978,-34.179688,25000000.000
24474,1981,-32.714844,25000000.000
24475,1982,-32.226562,25000000.000
24476,1993,-26.855469,25000000.000
24477,2000,-23.437500,25000000.000
24478,2008,-19.531250,25000000.000
24479,2008,-19.531250,25000000.000
24480,2027,-10.253906,25000000.000
24481,2036,-5.859375,25000000.000
24482,2047,-0.488281,25000000.000
24483,2048,0.000000,25000000.000
24484,2069,10.253906,25000000.000
24485,2081,16.113281,25000000.000
24486,2093,21.972656,25000000.000
24487,2094,22.460938,25000000.000
24488,2111,30.761719,25000000.000
24489,2117,33.691406,25000000.000
24490,2121,35.644531,25000000.000
24491,2122,36.132812,25000000.000
24492,2121,35.644531,25000000.000
24493,2118,34.179688,25000000.000
24494,2115,32.714844,25000000.000
24495,2115,32.714844,25000000.000
24496,2102,26.367188,25000000.000
24497,2095,22.949219,25000000.000
24498,2086,18.554688,25000000.000
24499,2086,18.554688,25000000.000
24500,2066,8.789062,25000000.000
24501,2055,3.417969,25000000.000
24502,2043,-2.441406,25000000.000
24503,2043,-2.441406,25000000.000
24504,2021,-13.183594,25000000.000
24505,2010,-18.554688,25000000.000
24506,2000,-23.437500,25000000.000
24507,1999,-23.925781,25000000.000
24508,1984,-31.250000,25000000.000
24509,1979,-33.691406,25000000.000
24510,1975,-35.644531,25000000.000
24511,1975,-35.644531,25000000.000
24512,1974,-36.132812,25000000.000
24513,1976,-35.156250,25000000.000
24514,1978,-34.179688,25000000.000
24515,1978,-34.179688,25000000.000
24516,1988,-29.296875,25000000.000
24517,1994,-26.367188,25000000.000
24518,2000,-23.437500,25000000.000
24519,2001,-22.949219,25000000.000
24520,2018,-14.648438,25000000.000
24521,2028,-9.765625,25000000.000
24522,2036,-5.859375,25000000.000
24523,2038,-4.882812,25000000.000
24524,2061,6.347656,25000000.000
24525,2073,12.207031,25000000.000
24526,2083,17.089844,25000000.000
24527,2084,17.578125,25000000.000
24528,2105,27.832031,25000000.000
24529,2113,31.738281,25000000.000
24530,2118,34.179688,25000000.000
24531,2119,34.667969,25000000.000
24532,2122,36.132812,25000000.000
24533,2120,35.156250,25000000.000
24534,2117,33.691406,25000000.000
24535,2118,34.179688,25000000.000
24536,2109,29.785156,25000000.000
24537,2101,25.878906,25000000.000
24538,2093,21.972656,25000000.000
24539,2091,20.996094,25000000.000
24540,2074,12.695312,25000000.000
24541,2063,7.324219,25000000.000
24542,2053,2.441406,25000000.000
24543,2052,1.953125,25000000.000
24544,2030,-8.789062,25000000.000
24545,2018,-14.648438,25000000.000
24546,2007,-20.019531,25000000.000
24547,2007,-20.019531,25000000.000
24548,1990,-28.320312,25000000.000
24549,1984,-31.250000,25000000.000
24550,1978,-34.179688,25000000.000
24551,1979,-33.691406,25000000.000
24552,1975,-35.644531,25000000.000
24553,1974,-36.132812,25000000.000
24554,1976,-35.156250,25000000.000
24555,1976,-35.156250,25000000.000
24556,1981,-32.714844,25000000.000
24557,1988,-29.296875,25000000.000
24558,1993,-26.855469,25000000.000
24559,1994,-26.367188,25000000.000
24560,2010,-18.554688,25000000.000
24561,2019,-14.160156,25000000.000
24562,2029,-9.277344,25000000.000
24563,2030,-8.789062,25000000.000
24564,2049,0.488281,25000000.000
24565,2061,6.347656,25000000.000
24566,2073,12.207031,25000000.000
24567,2074,12.695312,25000000.000
24568,2095,22.949219,25000000.000
24569,2106,28.320312,25000000.000
24570,2113,31.738281,25000000.000
24571,2116,33.203125,25000000.000
24572,2121,35.644531,25000000.000
24573,2122,36.132812,25000000.000
24574,2121,35.644531,25000000.000
24575,2120,35.156250,25000000.000
24576,2113,31.738281,25000000.000
24577,2108,29.296875,25000000.000
24578,2101,25.878906,25000000.000
24579,2098,24.414062,25000000.000
24580,2082,16.601562,25000000.000
24581,2072,11.718750,25000000.000
24582,2063,7.324219,25000000.000
24583,2061,6.347656,25000000.000
24584,2041,-3.417969,25000000.000
24585,2029,-9.277344,25000000.000
24586,2018,-14.648438,25000000.000
24587,2016,-15.625000,25000000.000
24588,1998,-24.414062,25000000.000
24589,1990,-28.320312,25000000.000
24590,1984,-31.250000,25000000.000
24591,1983,-31.738281,25000000.000
24592,1975,-35.644531,25000000.000
24593,1973,-36.621094,25000000.000
24594,1974,-36.132812,25000000.000
24595,1975,-35.644531,25000000.000
24596,1979,-33.691406,25000000.000
24597,1983,-31.738281,25000000.000
24598,1990,-28.320312,25000000.000
24599,1990,-28.320312,25000000.000
24600,2004,-21.484375,25000000.000
24601,2012,-17.578125,25000000.000
24602,2021,-13.183594,25000000.000
24603,2022,-12.695312,25000000.000
24604,2041,-3.417969,25000000.000
24605,2052,1.953125,25000000.000
24606,2064,7.812500,25000000.000
24607,2066,8.789062,25000000.000
24608,2088,19.531250,25000000.000
24609,2099,24.902344,25000000.000
24610,2109,29.785156,25000000.000
24611,2109,29.785156,25000000.000
24612,2122,36.132812,25000000.000
24613,2123,36.621094,25000000.000
24614,2123,36.621094,25000000.000
24615,2123,36.621094,25000000.000
24616,2118,34.179688,25000000.000
24617,2113,31.738281,25000000.000
24618,2107,28.808594,25000000.000
24619,2106,28.320312,25000000.000
24620,2091,20.996094,25000000.000
24621,2081,16.113281,25000000.000
24622,2071,11.230469,25000000.000
24623,2069,10.253906,25000000.000
24624,2049,0.488281,25000000.000
24625,2038,-4.882812,25000000.000
24626,2026,-10.742188,25000000.000
24627,2025,-11.230469,25000000.000
24628,2004,-21.484375,25000000.000
24629,1996,-25.390625,25000000.000
24630,1987,-29.785156,25000000.000
24631,1987,-29.785156,25000000.000
24632,1976,-35.156250,25000000.000
24633,1974,-36.132812,25000000.000
24634,1972,-37.109375,25000000.000
24635,1974,-36.132812,25000000.000
24636,1975,-35.644531,25000000.000
24637,1980,-33.203125,25000000.000
24638,1984,-31.250000,25000000.000
24639,1983,-31.738281,25000000.000
24640,1999,-23.925781,25000000.000
24641,2005,-20.996094,25000000.000
24642,2015,-16.113281,25000000.000
24643,2015,-16.113281,25000000.000
24644,2034,-6.835938,25000000.000
24645,2045,-1.464844,25000000.000
24646,2056,3.906250,25000000.000
24647,2057,4.394531,25000000.000
24648,2078,14.648438,25000000.000
24649,2091,20.996094,25000000.000
24650,2102,26.367188,25000000.000
24651,2102,26.367188,25000000.000
24652,2117,33.691406,25000000.000
24653,2122,36.132812,25000000.000
24654,2123,36.621094,25000000.000
24655,2125,37.597656,25000000.000
24656,2121,35.644531,25000000.000
24657,2117,33.691406,25000000.000
24658,2111,30.761719,25000000.000
24659,2111,30.761719,25000000.000
24660,2099,24.902344,25000000.000
24661,2090,20.507812,25000000.000
24662,2080,15.625000,25000000.000
24663,2081,16.113281,25000000.000
24664,2061,6.347656,25000000.000
24665,2049,0.488281,25000000.000
24666,2038,-4.882812,25000000.000
24667,2036,-5.859375,25000000.000
24668,2014,-16.601562,25000000.000
24669,2004,-21.484375,25000000.000
24670,1996,-25.390625,25000000.000
24671,1994,-26.367188,25000000.000
24672,1981,-32.714844,25000000.000
24673,1977,-34.667969,25000000.000
24674,1974,-36.132812,25000000.000
24675,1974,-36.132812,25000000.000
24676,1974,-36.132812,25000000.000
24677,1977,-34.667969,25000000.000
24678,1980,-33.203125,25000000.000
24679,1981,-32.714844,25000000.000
24680,1991,-27.832031,25000000.000
24681,1998,-24.414062,25000000.000
24682,2007,-20.019531,25000000.000
24683,2008,-19.531250,25000000.000
24684,2024,-11.718750,25000000.000
24685,2034,-6.835938,25000000.000
24686,2045,-1.464844,25000000.000
24687,2046,-0.976562,25000000.000
24688,2068,9.765625,25000000.000
24689,2079,15.136719,25000000.000
24690,2092,21.484375,25000000.000
24691,2093,21.972656,25000000.000
24692,2110,30.273438,25000000.000
24693,2117,33.691406,25000000.000
24694,2121,35.644531,25000000.000
24695,2122,36.132812,25000000.000
24696,2123,36.621094,25000000.000
24697,2119,34.667969,25000000.000
24698,2115,32.714844,25000000.000
24699,2115,32.714844,25000000.000
24700,2104,27.343750,25000000.000
24701,2096,23.437500,25000000.000
24702,2087,19.042969,25000000.000
24703,2087,19.042969,25000000.000
24704,2068,9.765625,25000000.000
24705,2057,4.394531,25000000.000
24706,2046,-0.976562,25000000.000
24707,2046,-0.976562,25000000.000
24708,2024,-11.718750,25000000.000
24709,2012,-17.578125,25000000.000
24710,2002,-22.460938,25000000.000
24711,2003,-21.972656,25000000.000
24712,1986,-30.273438,25000000.000
24713,1979,-33.691406,25000000.000
24714,1975,-35.644531,25000000.000
24715,1975,-35.644531,25000000.000
24716,1973,-36.621094,25000000.000
24717,1975,-35.644531,25000000.000
24718,1976,-35.156250,25000000.000
24719,1976,-35.156250,25000000.000
24720,1984,-31.250000,25000000.000
24721,1994,-26.367188,25000000.000
24722,2002,-22.460938,25000000.000
24723,2000,-23.437500,25000000.000
24724,2015,-16.113281,25000000.000
24725,2025,-11.230469,25000000.000
24726,2035,-6.347656,25000000.000
24727,2036,-5.859375,25000000.000
24728,2056,3.906250,25000000.000
24729,2069,10.253906,25000000.000
24730,2081,16.113281,25000000.000
24731,2081,16.113281,25000000.000
24732,2102,26.367188,25000000.000
24733,2111,30.761719,25000000.000
24734,2117,33.691406,25000000.000
24735,2119,34.667969,25000000.000
24736,2123,36.621094,25000000.000
24737,2121,35.644531,25000000.000
24738,2119,34.667969,25000000.000
24739,2119,34.667969,25000000.000
24740,2110,30.273438,25000000.000
24741,2103,26.855469,25000000.000
24742,2096,23.437500,25000000.000
24743,2095,22.949219,25000000.000
24744,2077,14.160156,25000000.000
24745,2068,9.765625,25000000.000
24746,2057,4.394531,25000000.000
24747,2056,3.906250,25000000.000
24748,2034,-6.835938,25000000.000
24749,2023,-12.207031,25000000.000
24750,2011,-18.066406,25000000.000
24751,2009,-19.042969,25000000.000
24752,1992,-27.343750,25000000.000
24753,1984,-31.250000,25000000.000
24754,1978,-34.179688,25000000.000
24755,1978,-34.179688,25000000.000
24756,1973,-36.621094,25000000.000
24757,1973,-36.621094,25000000.000
24758,1973,-36.621094,25000000.000
24759,1975,-35.644531,25000000.000
24760,1981,-32.714844,25000000.000
24761,1986,-30.273438,25000000.000
24762,1993,-26.855469,25000000.000
24763,1994,-26.367188,25000000.000
24764,2008,-19.531250,25000000.000
24765,2018,-14.648438,25000000.000
24766,2025,-11.230469,25000000.000
24767,2027,-10.253906,25000000.000
24768,2046,-0.976562,25000000.000
24769,2058,4.882812,25000000.000
24770,2071,11.230469,25000000.000
24771,2071,11.230469,25000000.000
24772,2094,22.460938,25000000.000
24773,2104,27.343750,25000000.000
24774,2113,31.738281,25000000.000
24775,2114,32.226562,25000000.000
24776,2122,36.132812,25000000.000
24777,2125,37.597656,25000000.000
24778,2124,37.109375,25000000.000
24779,2121,35.644531,25000000.000
24780,2114,32.226562,25000000.000
24781,2109,29.785156,25000000.000
24782,2102,26.367188,25000000.000
24783,2101,25.878906,25000000.000
24784,2085,18.066406,25000000.000
24785,2075,13.183594,25000000.000
24786,2065,8.300781,25000000.000
24787,2065,8.300781,25000000.000
24788,2045,-1.464844,25000000.000
24789,2034,-6.835938,25000000.000
24790,2022,-12.695312,25000000.000
24791,2020,-13.671875,25000000.000
24792,2001,-22.949219,25000000.000
24793,1992,-27.343750,25000000.000
24794,1984,-31.250000,25000000.000
24795,1984,-31.250000,25000000.000
24796,1975,-35.644531,25000000.000
24797,1974,-36.132812,25000000.000
24798,1973,-36.621094,25000000.000
24799,1973,-36.621094,25000000.000
24800,1978,-34.179688,25000000.000
24801,1982,-32.226562,25000000.000
24802,1989,-28.808594,25000000.000
24803,1990,-28.320312,25000000.000
24804,2002,-22.460938,25000000.000
24805,2011,-18.066406,25000000.000
24806,2020,-13.671875,25000000.000
24807,2021,-13.183594,25000000.000
24808,2037,-5.371094,25000000.000
24809,2049,0.488281,25000000.000
24810,2059,5.371094,25000000.000
24811,2061,6.347656,25000000.000
24812,2084,17.578125,25000000.000
24813,2095,22.949219,25000000.000
24814,2106,28.320312,25000000.000
24815,2107,28.808594,25000000.000
24816,2119,34.667969,25000000.000
24817,2122,36.132812,25000000.000
24818,2123,36.621094,25000000.000
24819,2122,36.132812,25000000.000
24820,2119,34.667969,25000000.000
24821,2114,32.226562,25000000.000
24822,2108,29.296875,25000000.000
24823,2107,28.808594,25000000.000
24824,2093,21.972656,25000000.000
24825,2084,17.578125,25000000.000
24826,2074,12.695312,25000000.000
24827,2073,12.207031,25000000.000
24828,2054,2.929688,25000000.000
24829,2043,-2.441406,25000000.000
24830,2032,-7.812500,25000000.000
24831,2030,-8.789062,25000000.000
24832,2008,-19.531250,25000000.000
24833,1998,-24.414062,25000000.000
24834,1989,-28.808594,25000000.000
24835,1989,-28.808594,25000000.000
24836,1977,-34.667969,25000000.000
24837,1973,-36.621094,25000000.000
24838,1973,-36.621094,25000000.000
24839,1972,-37.109375,25000000.000
24840,1975,-35.644531,25000000.000
24841,1979,-33.691406,25000000.000
24842,1984,-31.250000,25000000.000
24843,1986,-30.273438,25000000.000
24844,1997,-24.902344,25000000.000
24845,2004,-21.484375,25000000.000
24846,2012,-17.578125,25000000.000
24847,2012,-17.578125,25000000.000
24848,2030,-8.789062,25000000.000
24849,2040,-3.906250,25000000.000
24850,2051,1.464844,25000000.000
24851,2052,1.953125,25000000.000
24852,2075,13.183594,25000000.000
24853,2087,19.042969,25000000.000
24854,2098,24.414062,25000000.000
24855,2100,25.390625,25000000.000
24856,2117,33.691406,25000000.000
24857,2121,35.644531,25000000.000
24858,2123,36.621094,25000000.000
24859,2124,37.109375,25000000.000
24860,2121,35.644531,25000000.000
24861,2118,34.179688,25000000.000
24862,2114,32.226562,25000000.000
24863,2112,31.250000,25000000.000
24864,2100,25.390625,25000000.000
24865,2091,20.996094,25000000.000
24866,2082,16.601562,25000000.000
24867,2081,16.113281,25000000.000
24868,2062,6.835938,25000000.000
24869,2053,2.441406,25000000.000
24870,2040,-3.906250,25000000.000
24871,2039,-4.394531,25000000.000
24872,2017,-15.136719,25000000.000
24873,2007,-20.019531,25000000.000
24874,1998,-24.414062,25000000.000
24875,1997,-24.902344,25000000.000
24876,1981,-32.714844,25000000.000
24877,1977,-34.667969,25000000.000
24878,1973,-36.621094,25000000.000
24879,1974,-36.132812,25000000.000
24880,1973,-36.621094,25000000.000
24881,1976,-35.156250,25000000.000
24882,1978,-34.179688,25000000.000
24883,1979,-33.691406,25000000.000
24884,1991,-27.832031,25000000.000
24885,1998,-24.414062,25000000.000
24886,2005,-20.996094,25000000.000
24887,2006,-20.507812,25000000.000
24888,2022,-12.695312,25000000.000
24889,2032,-7.812500,25000000.000
24890,2041,-3.417969,25000000.000
24891,2043,-2.441406,25000000.000
24892,2064,7.812500,25000000.000
24893,2076,13.671875,25000000.000
24894,2088,19.531250,25000000.000
24895,2089,20.019531,25000000.000
24896,2109,29.785156,25000000.000
24897,2115,32.714844,25000000.000
24898,2119,34.667969,25000000.000
24899,2120,35.156250,25000000.000
24900,2123,36.621094,25000000.000
24901,2121,35.644531,25000000.000
24902,2116,33.203125,25000000.000
24903,2116,33.203125,25000000.000
24904,2105,27.832031,25000000.000
24905,2099,24.902344,25000000.000
24906,2089,20.019531,25000000.000
24907,2088,19.531250,25000000.000
24908,2069,10.253906,25000000.000
24909,2060,5.859375,25000000.000
24910,2049,0.488281,25000000.000
24911,2049,0.488281,25000000.000
24912,2027,-10.253906,25000000.000
24913,2015,-16.113281,25000000.000
24914,2005,-20.996094,25000000.000
24915,2005,-20.996094,25000000.000
24916,1986,-30.273438,25000000.000
24917,1981,-32.714844,25000000.000
24918,1976,-35.156250,25000000.000
24919,1975,-35.644531,25000000.000
24920,1971,-37.597656,25000000.000
24921,1973,-36.621094,25000000.000
24922,1975,-35.644531,25000000.000
24923,1975,-35.644531,25000000.000
24924,1983,-31.738281,25000000.000
24925,1990,-28.320312,25000000.000
24926,1997,-24.902344,25000000.000
24927,1999,-23.925781,25000000.000
24928,2013,-17.089844,25000000.000
24929,2023,-12.207031,25000000.000
24930,2033,-7.324219,25000000.000
24931,2034,-6.835938,25000000.000
24932,2053,2.441406,25000000.000
24933,2065,8.300781,25000000.000
24934,2077,14.160156,25000000.000
24935,2079,15.136719,25000000.000
24936,2101,25.878906,25000000.000
24937,2112,31.250000,25000000.000
24938,2117,33.691406,25000000.000
24939,2118,34.179688,25000000.000
24940,2124,37.109375,25000000.000
24941,2123,36.621094,25000000.000
24942,2120,35.156250,25000000.000
24943,2121,35.644531,25000000.000
24944,2111,30.761719,25000000.000
24945,2105,27.832031,25000000.000
24946,2098,24.414062,25000000.000
24947,2097,23.925781,25000000.000
24948,2079,15.136719,25000000.000
24949,2069,10.253906,25000000.000
24950,2059,5.371094,25000000.000
24951,2057,4.394531,25000000.000
24952,2036,-5.859375,25000000.000
24953,2025,-11.230469,25000000.000
24954,2015,-16.113281,25000000.000
24955,2014,-16.601562,25000000.000
24956,1994,-26.367188,25000000.000
24957,1985,-30.761719,25000000.000
24958,1980,-33.203125,25000000.000
24959,1979,-33.691406,25000000.000
24960,1972,-37.109375,25000000.000
24961,1971,-37.597656,25000000.000
24962,1973,-36.621094,25000000.000
24963,1973,-36.621094,25000000.000
24964,1980,-33.203125,25000000.000
24965,1984,-31.250000,25000000.000
24966,1992,-27.343750,25000000.000
24967,1992,-27.343750,25000000.000
24968,2007,-20.019531,25000000.000
24969,2017,-15.136719,25000000.000
24970,2024,-11.718750,25000000.000
24971,2025,-11.230469,25000000.000
24972,2044,-1.953125,25000000.000
24973,2055,3.417969,25000000.000
24974,2067,9.277344,25000000.000
24975,2068,9.765625,25000000.000
24976,2091,20.996094,25000000.000
24977,2103,26.855469,25000000.000
24978,2110,30.273438,25000000.000
24979,2112,31.250000,25000000.000
24980,2122,36.132812,25000000.000
24981,2124,37.109375,25000000.000
24982,2122,36.132812,25000000.000
24983,2122,36.132812,25000000.000
24984,2116,33.203125,25000000.000
24985,2110,30.273438,25000000.000
24986,2103,26.855469,25000000.000
24987,2103,26.855469,25000000.000
24988,2088,19.531250,25000000.000
24989,2078,14.648438,25000000.000
24990,2068,9.765625,25000000.000
24991,2066,8.789062,25000000.000
24992,2047,-0.488281,25000000.000
24993,2036,-5.859375,25000000.000
24994,2025,-11.230469,25000000.000
24995,2024,-11.718750,25000000.000
24996,2003,-21.972656,25000000.000
24997,1993,-26.855469,25000000.000
24998,1985,-30.761719,25000000.000
24999,1984,-31.250000,25000000.000
