sample_index,raw_code,voltage_mV,sample_rate_hz
0,2046,-0.976562,25000000.000
1,2045,-1.464844,25000000.000
2,2045,-1.464844,25000000.000
3,2045,-1.464844,25000000.000
4,2049,0.488281,25000000.000
5,2044,-1.953125,25000000.000
6,2046,-0.976562,25000000.000
7,2045,-1.464844,25000000.000
8,2047,-0.488281,25000000.000
9,2044,-1.953125,25000000.000
10,2046,-0.976562,25000000.000
11,2045,-1.464844,25000000.000
12,2044,-1.953125,25000000.000
13,2045,-1.464844,25000000.000
14,2046,-0.976562,25000000.000
15,2045,-1.464844,25000000.000
16,2045,-1.464844,25000000.000
17,2047,-0.488281,25000000.000
18,2045,-1.464844,25000000.000
19,2045,-1.464844,25000000.000
20,2046,-0.976562,25000000.000
21,2046,-0.976562,25000000.000
22,2046,-0.976562,25000000.000
23,2045,-1.464844,25000000.000
24,2045,-1.464844,25000000.000
25,2046,-0.976562,25000000.000
26,2045,-1.464844,25000000.000
27,2046,-0.976562,25000000.000
28,2045,-1.464844,25000000.000
29,2046,-0.976562,25000000.000
30,2044,-1.953125,25000000.000
31,2046,-0.976562,25000000.000
32,2047,-0.488281,25000000.000
33,2047,-0.488281,25000000.000
34,2046,-0.976562,25000000.000
35,2047,-0.488281,25000000.000
36,2046,-0.976562,25000000.000
37,2045,-1.464844,25000000.000
38,2047,-0.488281,25000000.000
39,2047,-0.488281,25000000.000
40,2045,-1.464844,25000000.000
41,2044,-1.953125,25000000.000
42,2045,-1.464844,25000000.000
43,2047,-0.488281,25000000.000
44,2045,-1.464844,25000000.000
45,2046,-0.976562,25000000.000
46,2046,-0.976562,25000000.000
47,2045,-1.464844,25000000.000
48,2045,-1.464844,25000000.000
49,2046,-0.976562,25000000.000
50,2045,-1.464844,25000000.000
51,2045,-1.464844,25000000.000
52,2045,-1.464844,25000000.000
53,2046,-0.976562,25000000.000
54,2045,-1.464844,25000000.000
55,2044,-1.953125,25000000.000
56,2045,-1.464844,25000000.000
57,2045,-1.464844,25000000.000
58,2044,-1.953125,25000000.000
59,2043,-2.441406,25000000.000
60,2045,-1.464844,25000000.000
61,2045,-1.464844,25000000.000
62,2045,-1.464844,25000000.000
63,2045,-1.464844,25000000.000
64,2044,-1.953125,25000000.000
65,2045,-1.464844,25000000.000
66,2043,-2.441406,25000000.000
67,2045,-1.464844,25000000.000
68,2046,-0.976562,25000000.000
69,2043,-2.441406,25000000.000
70,2045,-1.464844,25000000.000
71,2045,-1.464844,25000000.000
72,2046,-0.976562,25000000.000
73,2043,-2.441406,25000000.000
74,2045,-1.464844,25000000.000
75,2046,-0.976562,25000000.000
76,2044,-1.953125,25000000.000
77,2045,-1.464844,25000000.000
78,2045,-1.464844,25000000.000
79,2046,-0.976562,25000000.000
80,2043,-2.441406,25000000.000
81,2044,-1.953125,25000000.000
82,2044,-1.953125,25000000.000
83,2045,-1.464844,25000000.000
84,2044,-1.953125,25000000.000
85,2046,-0.976562,25000000.000
86,2045,-1.464844,25000000.000
87,2045,-1.464844,25000000.000
88,2044,-1.953125,25000000.000
89,2044,-1.953125,25000000.000
90,2044,-1.953125,25000000.000
91,2044,-1.953125,25000000.000
92,2044,-1.953125,25000000.000
93,2045,-1.464844,25000000.000
94,2043,-2.441406,25000000.000
95,2044,-1.953125,25000000.000
96,2045,-1.464844,25000000.000
97,2046,-0.976562,25000000.000
98,2045,-1.464844,25000000.000
99,2045,-1.464844,25000000.000
100,2045,-1.464844,25000000.000
101,2045,-1.464844,25000000.000
102,2045,-1.464844,25000000.000
103,2045,-1.464844,25000000.000
104,2045,-1.464844,25000000.000
105,2044,-1.953125,25000000.000
106,2046,-0.976562,25000000.000
107,2046,-0.976562,25000000.000
108,2043,-2.441406,25000000.000
109,2044,-1.953125,25000000.000
110,2046,-0.976562,25000000.000
111,2046,-0.976562,25000000.000
112,2044,-1.953125,25000000.000
113,2046,-0.976562,25000000.000
114,2045,-1.464844,25000000.000
115,2045,-1.464844,25000000.000
116,2045,-1.464844,25000000.000
117,2045,-1.464844,25000000.000
118,2045,-1.464844,25000000.000
119,2045,-1.464844,25000000.000
120,2046,-0.976562,25000000.000
121,2046,-0.976562,25000000.000
122,2044,-1.953125,25000000.000
123,2044,-1.953125,25000000.000
124,2046,-0.976562,25000000.000
125,2046,-0.976562,25000000.000
126,2044,-1.953125,25000000.000
127,2043,-2.441406,25000000.000
128,2045,-1.464844,25000000.000
129,2045,-1.464844,25000000.000
130,2044,-1.953125,25000000.000
131,2045,-1.464844,25000000.000
132,2045,-1.464844,25000000.000
133,2045,-1.464844,25000000.000
134,2045,-1.464844,25000000.000
135,2045,-1.464844,25000000.000
136,2045,-1.464844,25000000.000
137,2044,-1.953125,25000000.000
138,2045,-1.464844,25000000.000
139,2045,-1.464844,25000000.000
140,2044,-1.953125,25000000.000
141,2045,-1.464844,25000000.000
142,2046,-0.976562,25000000.000
143,2045,-1.464844,25000000.000
144,2044,-1.953125,25000000.000
145,2046,-0.976562,25000000.000
146,2045,-1.464844,25000000.000
147,2045,-1.464844,25000000.000
148,2046,-0.976562,25000000.000
149,2046,-0.976562,25000000.000
150,2047,-0.488281,25000000.000
151,2045,-1.464844,25000000.000
152,2047,-0.488281,25000000.000
153,2046,-0.976562,25000000.000
154,2044,-1.953125,25000000.000
155,2044,-1.953125,25000000.000
156,2046,-0.976562,25000000.000
157,2044,-1.953125,25000000.000
158,2046,-0.976562,25000000.000
159,2045,-1.464844,25000000.000
160,2046,-0.976562,25000000.000
161,2046,-0.976562,25000000.000
162,2045,-1.464844,25000000.000
163,2046,-0.976562,25000000.000
164,2046,-0.976562,25000000.000
165,2045,-1.464844,25000000.000
166,2044,-1.953125,25000000.000
167,2046,-0.976562,25000000.000
168,2046,-0.976562,25000000.000
169,2046,-0.976562,25000000.000
170,2046,-0.976562,25000000.000
171,2046,-0.976562,25000000.000
172,2045,-1.464844,25000000.000
173,2045,-1.464844,25000000.000
174,2045,-1.464844,25000000.000
175,2046,-0.976562,25000000.000
176,2044,-1.953125,25000000.000
177,2046,-0.976562,25000000.000
178,2047,-0.488281,25000000.000
179,2047,-0.488281,25000000.000
180,2045,-1.464844,25000000.000
181,2046,-0.976562,25000000.000
182,2047,-0.488281,25000000.000
183,2048,0.000000,25000000.000
184,2046,-0.976562,25000000.000
185,2046,-0.976562,25000000.000
186,2047,-0.488281,25000000.000
187,2046,-0.976562,25000000.000
188,2046,-0.976562,25000000.000
189,2047,-0.488281,25000000.000
190,2045,-1.464844,25000000.000
191,2045,-1.464844,25000000.000
192,2046,-0.976562,25000000.000
193,2048,0.000000,25000000.000
194,2045,-1.464844,25000000.000
195,2045,-1.464844,25000000.000
196,2046,-0.976562,25000000.000
197,2046,-0.976562,25000000.000
198,2044,-1.953125,25000000.000
199,2046,-0.976562,25000000.000
200,2046,-0.976562,25000000.000
201,2046,-0.976562,25000000.000
202,2045,-1.464844,25000000.000
203,2045,-1.464844,25000000.000
204,2044,-1.953125,25000000.000
205,2044,-1.953125,25000000.000
206,2045,-1.464844,25000000.000
207,2045,-1.464844,25000000.000
208,2042,-2.929688,25000000.000
209,2045,-1.464844,25000000.000
210,2046,-0.976562,25000000.000
211,2045,-1.464844,25000000.000
212,2045,-1.464844,25000000.000
213,2046,-0.976562,25000000.000
214,2045,-1.464844,25000000.000
215,2045,-1.464844,25000000.000
216,2045,-1.464844,25000000.000
217,2047,-0.488281,25000000.000
218,2046,-0.976562,25000000.000
219,2044,-1.953125,25000000.000
220,2044,-1.953125,25000000.000
221,2046,-0.976562,25000000.000
222,2046,-0.976562,25000000.000
223,2044,-1.953125,25000000.000
224,2046,-0.976562,25000000.000
225,2045,-1.464844,25000000.000
226,2045,-1.464844,25000000.000
227,2043,-2.441406,25000000.000
228,2047,-0.488281,25000000.000
229,2042,-2.929688,25000000.000
230,2043,-2.441406,25000000.000
231,2044,-1.953125,25000000.000
232,2046,-0.976562,25000000.000
233,2045,-1.464844,25000000.000
234,2044,-1.953125,25000000.000
235,2041,-3.417969,25000000.000
236,2044,-1.953125,25000000.000
237,2049,0.488281,25000000.000
238,2045,-1.464844,25000000.000
239,2042,-2.929688,25000000.000
240,2043,-2.441406,25000000.000
241,2046,-0.976562,25000000.000
242,2042,-2.929688,25000000.000
243,2044,-1.953125,25000000.000
244,2044,-1.953125,25000000.000
245,2047,-0.488281,25000000.000
246,2046,-0.976562,25000000.000
247,2044,-1.953125,25000000.000
248,2046,-0.976562,25000000.000
249,2046,-0.976562,25000000.000
250,2047,-0.488281,25000000.000
251,2045,-1.464844,25000000.000
252,2047,-0.488281,25000000.000
253,2045,-1.464844,25000000.000
254,2044,-1.953125,25000000.000
255,2045,-1.464844,25000000.000
256,2046,-0.976562,25000000.000
257,2045,-1.464844,25000000.000
258,2044,-1.953125,25000000.000
259,2043,-2.441406,25000000.000
260,2045,-1.464844,25000000.000
261,2046,-0.976562,25000000.000
262,2045,-1.464844,25000000.000
263,2045,-1.464844,25000000.000
264,2044,-1.953125,25000000.000
265,2044,-1.953125,25000000.000
266,2045,-1.464844,25000000.000
267,2045,-1.464844,25000000.000
268,2045,-1.464844,25000000.000
269,2043,-2.441406,25000000.000
270,2044,-1.953125,25000000.000
271,2045,-1.464844,25000000.000
272,2046,-0.976562,25000000.000
273,2045,-1.464844,25000000.000
274,2045,-1.464844,25000000.000
275,2044,-1.953125,25000000.000
276,2044,-1.953125,25000000.000
277,2045,-1.464844,25000000.000
278,2045,-1.464844,25000000.000
279,2044,-1.953125,25000000.000
280,2046,-0.976562,25000000.000
281,2043,-2.441406,25000000.000
282,2045,-1.464844,25000000.000
283,2045,-1.464844,25000000.000
284,2046,-0.976562,25000000.000
285,2045,-1.464844,25000000.000
286,2045,-1.464844,25000000.000
287,2043,-2.441406,25000000.000
288,2047,-0.488281,25000000.000
289,2044,-1.953125,25000000.000
290,2044,-1.953125,25000000.000
291,2044,-1.953125,25000000.000
292,2045,-1.464844,25000000.000
293,2046,-0.976562,25000000.000
294,2044,-1.953125,25000000.000
295,2045,-1.464844,25000000.000
296,2045,-1.464844,25000000.000
297,2044,-1.953125,25000000.000
298,2043,-2.441406,25000000.000
299,2044,-1.953125,25000000.000
300,2046,-0.976562,25000000.000
301,2043,-2.441406,25000000.000
302,2045,-1.464844,25000000.000
303,2046,-0.976562,25000000.000
304,2046,-0.976562,25000000.000
305,2046,-0.976562,25000000.000
306,2046,-0.976562,25000000.000
307,2044,-1.953125,25000000.000
308,2044,-1.953125,25000000.000
309,2045,-1.464844,25000000.000
310,2045,-1.464844,25000000.000
311,2045,-1.464844,25000000.000
312,2046,-0.976562,25000000.000
313,2045,-1.464844,25000000.000
314,2044,-1.953125,25000000.000
315,2046,-0.976562,25000000.000
316,2045,-1.464844,25000000.000
317,2045,-1.464844,25000000.000
318,2043,-2.441406,25000000.000
319,2047,-0.488281,25000000.000
320,2046,-0.976562,25000000.000
321,2047,-0.488281,25000000.000
322,2044,-1.953125,25000000.000
323,2046,-0.976562,25000000.000
324,2047,-0.488281,25000000.000
325,2046,-0.976562,25000000.000
326,2043,-2.441406,25000000.000
327,2044,-1.953125,25000000.000
328,2045,-1.464844,25000000.000
329,2045,-1.464844,25000000.000
330,2046,-0.976562,25000000.000
331,2044,-1.953125,25000000.000
332,2046,-0.976562,25000000.000
333,2044,-1.953125,25000000.000
334,2046,-0.976562,25000000.000
335,2046,-0.976562,25000000.000
336,2044,-1.953125,25000000.000
337,2045,-1.464844,25000000.000
338,2046,-0.976562,25000000.000
339,2045,-1.464844,25000000.000
340,2043,-2.441406,25000000.000
341,2046,-0.976562,25000000.000
342,2045,-1.464844,25000000.000
343,2045,-1.464844,25000000.000
344,2044,-1.953125,25000000.000
345,2046,-0.976562,25000000.000
346,2047,-0.488281,25000000.000
347,2048,0.000000,25000000.000
348,2042,-2.929688,25000000.000
349,2046,-0.976562,25000000.000
350,2045,-1.464844,25000000.000
351,2046,-0.976562,25000000.000
352,2047,-0.488281,25000000.000
353,2048,0.000000,25000000.000
354,2046,-0.976562,25000000.000
355,2045,-1.464844,25000000.000
356,2047,-0.488281,25000000.000
357,2047,-0.488281,25000000.000
358,2045,-1.464844,25000000.000
359,2046,-0.976562,25000000.000
360,2046,-0.976562,25000000.000
361,2047,-0.488281,25000000.000
362,2046,-0.976562,25000000.000
363,2046,-0.976562,25000000.000
364,2046,-0.976562,25000000.000
365,2046,-0.976562,25000000.000
366,2046,-0.976562,25000000.000
367,2045,-1.464844,25000000.000
368,2046,-0.976562,25000000.000
369,2046,-0.976562,25000000.000
370,2047,-0.488281,25000000.000
371,2047,-0.488281,25000000.000
372,2045,-1.464844,25000000.000
373,2046,-0.976562,25000000.000
374,2045,-1.464844,25000000.000
375,2048,0.000000,25000000.000
376,2045,-1.464844,25000000.000
377,2046,-0.976562,25000000.000
378,2046,-0.976562,25000000.000
379,2047,-0.488281,25000000.000
380,2045,-1.464844,25000000.000
381,2045,-1.464844,25000000.000
382,2046,-0.976562,25000000.000
383,2047,-0.488281,25000000.000
384,2046,-0.976562,25000000.000
385,2046,-0.976562,25000000.000
386,2045,-1.464844,25000000.000
387,2045,-1.464844,25000000.000
388,2044,-1.953125,25000000.000
389,2046,-0.976562,25000000.000
390,2046,-0.976562,25000000.000
391,2045,-1.464844,25000000.000
392,2045,-1.464844,25000000.000
393,2044,-1.953125,25000000.000
394,2044,-1.953125,25000000.000
395,2044,-1.953125,25000000.000
396,2045,-1.464844,25000000.000
397,2043,-2.441406,25000000.000
398,2044,-1.953125,25000000.000
399,2044,-1.953125,25000000.000
400,2046,-0.976562,25000000.000
401,2045,-1.464844,25000000.000
402,2045,-1.464844,25000000.000
403,2046,-0.976562,25000000.000
404,2045,-1.464844,25000000.000
405,2047,-0.488281,25000000.000
406,2045,-1.464844,25000000.000
407,2046,-0.976562,25000000.000
408,2046,-0.976562,25000000.000
409,2047,-0.488281,25000000.000
410,2047,-0.488281,25000000.000
411,2046,-0.976562,25000000.000
412,2046,-0.976562,25000000.000
413,2046,-0.976562,25000000.000
414,2047,-0.488281,25000000.000
415,2047,-0.488281,25000000.000
416,2045,-1.464844,25000000.000
417,2047,-0.488281,25000000.000
418,2047,-0.488281,25000000.000
419,2047,-0.488281,25000000.000
420,2046,-0.976562,25000000.000
421,2045,-1.464844,25000000.000
422,2046,-0.976562,25000000.000
423,2045,-1.464844,25000000.000
424,2045,-1.464844,25000000.000
425,2046,-0.976562,25000000.000
426,2046,-0.976562,25000000.000
427,2045,-1.464844,25000000.000
428,2045,-1.464844,25000000.000
429,2045,-1.464844,25000000.000
430,2043,-2.441406,25000000.000
431,2046,-0.976562,25000000.000
432,2047,-0.488281,25000000.000
433,2044,-1.953125,25000000.000
434,2044,-1.953125,25000000.000
435,2045,-1.464844,25000000.000
436,2045,-1.464844,25000000.000
437,2044,-1.953125,25000000.000
438,2044,-1.953125,25000000.000
439,2045,-1.464844,25000000.000
440,2046,-0.976562,25000000.000
441,2046,-0.976562,25000000.000
442,2045,-1.464844,25000000.000
443,2045,-1.464844,25000000.000
444,2044,-1.953125,25000000.000
445,2046,-0.976562,25000000.000
446,2045,-1.464844,25000000.000
447,2046,-0.976562,25000000.000
448,2045,-1.464844,25000000.000
449,2045,-1.464844,25000000.000
450,2046,-0.976562,25000000.000
451,2045,-1.464844,25000000.000
452,2046,-0.976562,25000000.000
453,2045,-1.464844,25000000.000
454,2046,-0.976562,25000000.000
455,2044,-1.953125,25000000.000
456,2044,-1.953125,25000000.000
457,2045,-1.464844,25000000.000
458,2043,-2.441406,25000000.000
459,2044,-1.953125,25000000.000
460,2046,-0.976562,25000000.000
461,2044,-1.953125,25000000.000
462,2043,-2.441406,25000000.000
463,2043,-2.441406,25000000.000
464,2045,-1.464844,25000000.000
465,2045,-1.464844,25000000.000
466,2044,-1.953125,25000000.000
467,2045,-1.464844,25000000.000
468,2046,-0.976562,25000000.000
469,2044,-1.953125,25000000.000
470,2047,-0.488281,25000000.000
471,2046,-0.976562,25000000.000
472,2045,-1.464844,25000000.000
473,2044,-1.953125,25000000.000
474,2045,-1.464844,25000000.000
475,2046,-0.976562,25000000.000
476,2045,-1.464844,25000000.000
477,2045,-1.464844,25000000.000
478,2045,-1.464844,25000000.000
479,2046,-0.976562,25000000.000
480,2044,-1.953125,25000000.000
481,2045,-1.464844,25000000.000
482,2046,-0.976562,25000000.000
483,2046,-0.976562,25000000.000
484,2044,-1.953125,25000000.000
485,2046,-0.976562,25000000.000
486,2047,-0.488281,25000000.000
487,2047,-0.488281,25000000.000
488,2043,-2.441406,25000000.000
489,2042,-2.929688,25000000.000
490,2042,-2.929688,25000000.000
491,2042,-2.929688,25000000.000
492,2046,-0.976562,25000000.000
493,2046,-0.976562,25000000.000
494,2044,-1.953125,25000000.000
495,2044,-1.953125,25000000.000
496,2045,-1.464844,25000000.000
497,2046,-0.976562,25000000.000
498,2047,-0.488281,25000000.000
499,2046,-0.976562,25000000.000
500,2045,-1.464844,25000000.000
501,2044,-1.953125,25000000.000
502,2045,-1.464844,25000000.000
503,2047,-0.488281,25000000.000
504,2046,-0.976562,25000000.000
505,2046,-0.976562,25000000.000
506,2046,-0.976562,25000000.000
507,2045,-1.464844,25000000.000
508,2045,-1.464844,25000000.000
509,2045,-1.464844,25000000.000
510,2046,-0.976562,25000000.000
511,2046,-0.976562,25000000.000
512,2045,-1.464844,25000000.000
513,2045,-1.464844,25000000.000
514,2045,-1.464844,25000000.000
515,2045,-1.464844,25000000.000
516,2043,-2.441406,25000000.000
517,2047,-0.488281,25000000.000
518,2049,0.488281,25000000.000
519,2045,-1.464844,25000000.000
520,2041,-3.417969,25000000.000
521,2047,-0.488281,25000000.000
522,2045,-1.464844,25000000.000
523,2044,-1.953125,25000000.000
524,2044,-1.953125,25000000.000
525,2045,-1.464844,25000000.000
526,2045,-1.464844,25000000.000
527,2045,-1.464844,25000000.000
528,2045,-1.464844,25000000.000
529,2043,-2.441406,25000000.000
530,2042,-2.929688,25000000.000
531,2043,-2.441406,25000000.000
532,2044,-1.953125,25000000.000
533,2044,-1.953125,25000000.000
534,2046,-0.976562,25000000.000
535,2045,-1.464844,25000000.000
536,2044,-1.953125,25000000.000
537,2044,-1.953125,25000000.000
538,2045,-1.464844,25000000.000
539,2045,-1.464844,25000000.000
540,2044,-1.953125,25000000.000
541,2044,-1.953125,25000000.000
542,2044,-1.953125,25000000.000
543,2045,-1.464844,25000000.000
544,2044,-1.953125,25000000.000
545,2045,-1.464844,25000000.000
546,2046,-0.976562,25000000.000
547,2046,-0.976562,25000000.000
548,2045,-1.464844,25000000.000
549,2046,-0.976562,25000000.000
550,2047,-0.488281,25000000.000
551,2046,-0.976562,25000000.000
552,2046,-0.976562,25000000.000
553,2045,-1.464844,25000000.000
554,2045,-1.464844,25000000.000
555,2045,-1.464844,25000000.000
556,2046,-0.976562,25000000.000
557,2046,-0.976562,25000000.000
558,2044,-1.953125,25000000.000
559,2045,-1.464844,25000000.000
560,2047,-0.488281,25000000.000
561,2046,-0.976562,25000000.000
562,2044,-1.953125,25000000.000
563,2046,-0.976562,25000000.000
564,2047,-0.488281,25000000.000
565,2043,-2.441406,25000000.000
566,2046,-0.976562,25000000.000
567,2045,-1.464844,25000000.000
568,2044,-1.953125,25000000.000
569,2044,-1.953125,25000000.000
570,2045,-1.464844,25000000.000
571,2043,-2.441406,25000000.000
572,2045,-1.464844,25000000.000
573,2045,-1.464844,25000000.000
574,2046,-0.976562,25000000.000
575,2046,-0.976562,25000000.000
576,2045,-1.464844,25000000.000
577,2045,-1.464844,25000000.000
578,2046,-0.976562,25000000.000
579,2047,-0.488281,25000000.000
580,2045,-1.464844,25000000.000
581,2046,-0.976562,25000000.000
582,2046,-0.976562,25000000.000
583,2046,-0.976562,25000000.000
584,2047,-0.488281,25000000.000
585,2046,-0.976562,25000000.000
586,2046,-0.976562,25000000.000
587,2045,-1.464844,25000000.000
588,2043,-2.441406,25000000.000
589,2047,-0.488281,25000000.000
590,2045,-1.464844,25000000.000
591,2044,-1.953125,25000000.000
592,2043,-2.441406,25000000.000
593,2047,-0.488281,25000000.000
594,2042,-2.929688,25000000.000
595,2047,-0.488281,25000000.000
596,2046,-0.976562,25000000.000
597,2045,-1.464844,25000000.000
598,2045,-1.464844,25000000.000
599,2049,0.488281,25000000.000
600,2048,0.000000,25000000.000
601,2046,-0.976562,25000000.000
602,2047,-0.488281,25000000.000
603,2048,0.000000,25000000.000
604,2045,-1.464844,25000000.000
605,2044,-1.953125,25000000.000
606,2047,-0.488281,25000000.000
607,2046,-0.976562,25000000.000
608,2045,-1.464844,25000000.000
609,2045,-1.464844,25000000.000
610,2045,-1.464844,25000000.000
611,2047,-0.488281,25000000.000
612,2045,-1.464844,25000000.000
613,2047,-0.488281,25000000.000
614,2046,-0.976562,25000000.000
615,2046,-0.976562,25000000.000
616,2045,-1.464844,25000000.000
617,2047,-0.488281,25000000.000
618,2046,-0.976562,25000000.000
619,2044,-1.953125,25000000.000
620,2045,-1.464844,25000000.000
621,2045,-1.464844,25000000.000
622,2045,-1.464844,25000000.000
623,2044,-1.953125,25000000.000
624,2046,-0.976562,25000000.000
625,2046,-0.976562,25000000.000
626,2044,-1.953125,25000000.000
627,2049,0.488281,25000000.000
628,2048,0.000000,25000000.000
629,2046,-0.976562,25000000.000
630,2044,-1.953125,25000000.000
631,2044,-1.953125,25000000.000
632,2047,-0.488281,25000000.000
633,2046,-0.976562,25000000.000
634,2046,-0.976562,25000000.000
635,2046,-0.976562,25000000.000
636,2045,-1.464844,25000000.000
637,2046,-0.976562,25000000.000
638,2047,-0.488281,25000000.000
639,2045,-1.464844,25000000.000
640,2045,-1.464844,25000000.000
641,2047,-0.488281,25000000.000
642,2049,0.488281,25000000.000
643,2051,1.464844,25000000.000
644,2045,-1.464844,25000000.000
645,2048,0.000000,25000000.000
646,2045,-1.464844,25000000.000
647,2046,-0.976562,25000000.000
648,2045,-1.464844,25000000.000
649,2044,-1.953125,25000000.000
650,2045,-1.464844,25000000.000
651,2044,-1.953125,25000000.000
652,2045,-1.464844,25000000.000
653,2044,-1.953125,25000000.000
654,2045,-1.464844,25000000.000
655,2043,-2.441406,25000000.000
656,2045,-1.464844,25000000.000
657,2046,-0.976562,25000000.000
658,2043,-2.441406,25000000.000
659,2044,-1.953125,25000000.000
660,2044,-1.953125,25000000.000
661,2045,-1.464844,25000000.000
662,2043,-2.441406,25000000.000
663,2044,-1.953125,25000000.000
664,2046,-0.976562,25000000.000
665,2042,-2.929688,25000000.000
666,2046,-0.976562,25000000.000
667,2050,0.976562,25000000.000
668,2049,0.488281,25000000.000
669,2042,-2.929688,25000000.000
670,2046,-0.976562,25000000.000
671,2045,-1.464844,25000000.000
672,2045,-1.464844,25000000.000
673,2046,-0.976562,25000000.000
674,2047,-0.488281,25000000.000
675,2047,-0.488281,25000000.000
676,2045,-1.464844,25000000.000
677,2046,-0.976562,25000000.000
678,2047,-0.488281,25000000.000
679,2048,0.000000,25000000.000
680,2046,-0.976562,25000000.000
681,2046,-0.976562,25000000.000
682,2046,-0.976562,25000000.000
683,2046,-0.976562,25000000.000
684,2046,-0.976562,25000000.000
685,2044,-1.953125,25000000.000
686,2045,-1.464844,25000000.000
687,2043,-2.441406,25000000.000
688,2045,-1.464844,25000000.000
689,2046,-0.976562,25000000.000
690,2045,-1.464844,25000000.000
691,2043,-2.441406,25000000.000
692,2045,-1.464844,25000000.000
693,2045,-1.464844,25000000.000
694,2045,-1.464844,25000000.000
695,2045,-1.464844,25000000.000
696,2044,-1.953125,25000000.000
697,2043,-2.441406,25000000.000
698,2043,-2.441406,25000000.000
699,2044,-1.953125,25000000.000
700,2045,-1.464844,25000000.000
701,2043,-2.441406,25000000.000
702,2043,-2.441406,25000000.000
703,2043,-2.441406,25000000.000
704,2046,-0.976562,25000000.000
705,2044,-1.953125,25000000.000
706,2044,-1.953125,25000000.000
707,2044,-1.953125,25000000.000
708,2044,-1.953125,25000000.000
709,2045,-1.464844,25000000.000
710,2046,-0.976562,25000000.000
711,2046,-0.976562,25000000.000
712,2044,-1.953125,25000000.000
713,2046,-0.976562,25000000.000
714,2046,-0.976562,25000000.000
715,2046,-0.976562,25000000.000
716,2044,-1.953125,25000000.000
717,2046,-0.976562,25000000.000
718,2045,-1.464844,25000000.000
719,2045,-1.464844,25000000.000
720,2046,-0.976562,25000000.000
721,2046,-0.976562,25000000.000
722,2044,-1.953125,25000000.000
723,2045,-1.464844,25000000.000
724,2045,-1.464844,25000000.000
725,2046,-0.976562,25000000.000
726,2045,-1.464844,25000000.000
727,2046,-0.976562,25000000.000
728,2045,-1.464844,25000000.000
729,2045,-1.464844,25000000.000
730,2043,-2.441406,25000000.000
731,2044,-1.953125,25000000.000
732,2046,-0.976562,25000000.000
733,2044,-1.953125,25000000.000
734,2045,-1.464844,25000000.000
735,2044,-1.953125,25000000.000
736,2045,-1.464844,25000000.000
737,2044,-1.953125,25000000.000
738,2046,-0.976562,25000000.000
739,2045,-1.464844,25000000.000
740,2043,-2.441406,25000000.000
741,2045,-1.464844,25000000.000
742,2046,-0.976562,25000000.000
743,2045,-1.464844,25000000.000
744,2045,-1.464844,25000000.000
745,2045,-1.464844,25000000.000
746,2044,-1.953125,25000000.000
747,2045,-1.464844,25000000.000
748,2045,-1.464844,25000000.000
749,2045,-1.464844,25000000.000
750,2046,-0.976562,25000000.000
751,2045,-1.464844,25000000.000
752,2046,-0.976562,25000000.000
753,2045,-1.464844,25000000.000
754,2044,-1.953125,25000000.000
755,2044,-1.953125,25000000.000
756,2045,-1.464844,25000000.000
757,2046,-0.976562,25000000.000
758,2045,-1.464844,25000000.000
759,2045,-1.464844,25000000.000
760,2046,-0.976562,25000000.000
761,2046,-0.976562,25000000.000
762,2044,-1.953125,25000000.000
763,2045,-1.464844,25000000.000
764,2046,-0.976562,25000000.000
765,2045,-1.464844,25000000.000
766,2048,0.000000,25000000.000
767,2047,-0.488281,25000000.000
768,2047,-0.488281,25000000.000
769,2044,-1.953125,25000000.000
770,2045,-1.464844,25000000.000
771,2046,-0.976562,25000000.000
772,2044,-1.953125,25000000.000
773,2045,-1.464844,25000000.000
774,2046,-0.976562,25000000.000
775,2046,-0.976562,25000000.000
776,2045,-1.464844,25000000.000
777,2046,-0.976562,25000000.000
778,2046,-0.976562,25000000.000
779,2046,-0.976562,25000000.000
780,2044,-1.953125,25000000.000
781,2045,-1.464844,25000000.000
782,2046,-0.976562,25000000.000
783,2045,-1.464844,25000000.000
784,2045,-1.464844,25000000.000
785,2045,-1.464844,25000000.000
786,2044,-1.953125,25000000.000
787,2042,-2.929688,25000000.000
788,2046,-0.976562,25000000.000
789,2044,-1.953125,25000000.000
790,2046,-0.976562,25000000.000
791,2046,-0.976562,25000000.000
792,2047,-0.488281,25000000.000
793,2044,-1.953125,25000000.000
794,2042,-2.929688,25000000.000
795,2045,-1.464844,25000000.000
796,2045,-1.464844,25000000.000
797,2045,-1.464844,25000000.000
798,2044,-1.953125,25000000.000
799,2045,-1.464844,25000000.000
800,2046,-0.976562,25000000.000
801,2045,-1.464844,25000000.000
802,2047,-0.488281,25000000.000
803,2046,-0.976562,25000000.000
804,2046,-0.976562,25000000.000
805,2046,-0.976562,25000000.000
806,2048,0.000000,25000000.000
807,2047,-0.488281,25000000.000
808,2045,-1.464844,25000000.000
809,2048,0.000000,25000000.000
810,2046,-0.976562,25000000.000
811,2046,-0.976562,25000000.000
812,2046,-0.976562,25000000.000
813,2048,0.000000,25000000.000
814,2048,0.000000,25000000.000
815,2046,-0.976562,25000000.000
816,2045,-1.464844,25000000.000
817,2047,-0.488281,25000000.000
818,2045,-1.464844,25000000.000
819,2044,-1.953125,25000000.000
820,2045,-1.464844,25000000.000
821,2045,-1.464844,25000000.000
822,2046,-0.976562,25000000.000
823,2046,-0.976562,25000000.000
824,2046,-0.976562,25000000.000
825,2044,-1.953125,25000000.000
826,2043,-2.441406,25000000.000
827,2044,-1.953125,25000000.000
828,2045,-1.464844,25000000.000
829,2045,-1.464844,25000000.000
830,2046,-0.976562,25000000.000
831,2045,-1.464844,25000000.000
832,2046,-0.976562,25000000.000
833,2045,-1.464844,25000000.000
834,2045,-1.464844,25000000.000
835,2045,-1.464844,25000000.000
836,2044,-1.953125,25000000.000
837,2044,-1.953125,25000000.000
838,2045,-1.464844,25000000.000
839,2045,-1.464844,25000000.000
840,2045,-1.464844,25000000.000
841,2046,-0.976562,25000000.000
842,2045,-1.464844,25000000.000
843,2048,0.000000,25000000.000
844,2048,0.000000,25000000.000
845,2046,-0.976562,25000000.000
846,2046,-0.976562,25000000.000
847,2046,-0.976562,25000000.000
848,2045,-1.464844,25000000.000
849,2045,-1.464844,25000000.000
850,2047,-0.488281,25000000.000
851,2046,-0.976562,25000000.000
852,2045,-1.464844,25000000.000
853,2045,-1.464844,25000000.000
854,2046,-0.976562,25000000.000
855,2045,-1.464844,25000000.000
856,2045,-1.464844,25000000.000
857,2046,-0.976562,25000000.000
858,2044,-1.953125,25000000.000
859,2045,-1.464844,25000000.000
860,2046,-0.976562,25000000.000
861,2045,-1.464844,25000000.000
862,2044,-1.953125,25000000.000
863,2045,-1.464844,25000000.000
864,2044,-1.953125,25000000.000
865,2044,-1.953125,25000000.000
866,2043,-2.441406,25000000.000
867,2043,-2.441406,25000000.000
868,2045,-1.464844,25000000.000
869,2042,-2.929688,25000000.000
870,2046,-0.976562,25000000.000
871,2046,-0.976562,25000000.000
872,2043,-2.441406,25000000.000
873,2044,-1.953125,25000000.000
874,2045,-1.464844,25000000.000
875,2045,-1.464844,25000000.000
876,2042,-2.929688,25000000.000
877,2046,-0.976562,25000000.000
878,2045,-1.464844,25000000.000
879,2046,-0.976562,25000000.000
880,2042,-2.929688,25000000.000
881,2047,-0.488281,25000000.000
882,2044,-1.953125,25000000.000
883,2046,-0.976562,25000000.000
884,2044,-1.953125,25000000.000
885,2050,0.976562,25000000.000
886,2042,-2.929688,25000000.000
887,2042,-2.929688,25000000.000
888,2043,-2.441406,25000000.000
889,2049,0.488281,25000000.000
890,2043,-2.441406,25000000.000
891,2044,-1.953125,25000000.000
892,2046,-0.976562,25000000.000
893,2046,-0.976562,25000000.000
894,2043,-2.441406,25000000.000
895,2045,-1.464844,25000000.000
896,2045,-1.464844,25000000.000
897,2045,-1.464844,25000000.000
898,2046,-0.976562,25000000.000
899,2046,-0.976562,25000000.000
900,2045,-1.464844,25000000.000
901,2043,-2.441406,25000000.000
902,2045,-1.464844,25000000.000
903,2044,-1.953125,25000000.000
904,2044,-1.953125,25000000.000
905,2045,-1.464844,25000000.000
906,2044,-1.953125,25000000.000
907,2044,-1.953125,25000000.000
908,2043,-2.441406,25000000.000
909,2046,-0.976562,25000000.000
910,2046,-0.976562,25000000.000
911,2046,-0.976562,25000000.000
912,2043,-2.441406,25000000.000
913,2044,-1.953125,25000000.000
914,2046,-0.976562,25000000.000
915,2046,-0.976562,25000000.000
916,2046,-0.976562,25000000.000
917,2045,-1.464844,25000000.000
918,2047,-0.488281,25000000.000
919,2045,-1.464844,25000000.000
920,2045,-1.464844,25000000.000
921,2046,-0.976562,25000000.000
922,2044,-1.953125,25000000.000
923,2044,-1.953125,25000000.000
924,2045,-1.464844,25000000.000
925,2046,-0.976562,25000000.000
926,2045,-1.464844,25000000.000
927,2045,-1.464844,25000000.000
928,2046,-0.976562,25000000.000
929,2045,-1.464844,25000000.000
930,2045,-1.464844,25000000.000
931,2045,-1.464844,25000000.000
932,2045,-1.464844,25000000.000
933,2044,-1.953125,25000000.000
934,2045,-1.464844,25000000.000
935,2046,-0.976562,25000000.000
936,2045,-1.464844,25000000.000
937,2045,-1.464844,25000000.000
938,2044,-1.953125,25000000.000
939,2047,-0.488281,25000000.000
940,2045,-1.464844,25000000.000
941,2045,-1.464844,25000000.000
942,2045,-1.464844,25000000.000
943,2046,-0.976562,25000000.000
944,2045,-1.464844,25000000.000
945,2045,-1.464844,25000000.000
946,2046,-0.976562,25000000.000
947,2046,-0.976562,25000000.000
948,2043,-2.441406,25000000.000
949,2042,-2.929688,25000000.000
950,2049,0.488281,25000000.000
951,2045,-1.464844,25000000.000
952,2050,0.976562,25000000.000
953,2041,-3.417969,25000000.000
954,2050,0.976562,25000000.000
955,2048,0.000000,25000000.000
956,2046,-0.976562,25000000.000
957,2043,-2.441406,25000000.000
958,2043,-2.441406,25000000.000
959,2041,-3.417969,25000000.000
960,2045,-1.464844,25000000.000
961,2047,-0.488281,25000000.000
962,2045,-1.464844,25000000.000
963,2045,-1.464844,25000000.000
964,2045,-1.464844,25000000.000
965,2046,-0.976562,25000000.000
966,2045,-1.464844,25000000.000
967,2046,-0.976562,25000000.000
968,2045,-1.464844,25000000.000
969,2045,-1.464844,25000000.000
970,2044,-1.953125,25000000.000
971,2045,-1.464844,25000000.000
972,2044,-1.953125,25000000.000
973,2045,-1.464844,25000000.000
974,2046,-0.976562,25000000.000
975,2046,-0.976562,25000000.000
976,2044,-1.953125,25000000.000
977,2045,-1.464844,25000000.000
978,2046,-0.976562,25000000.000
979,2045,-1.464844,25000000.000
980,2045,-1.464844,25000000.000
981,2045,-1.464844,25000000.000
982,2046,-0.976562,25000000.000
983,2045,-1.464844,25000000.000
984,2045,-1.464844,25000000.000
985,2046,-0.976562,25000000.000
986,2045,-1.464844,25000000.000
987,2044,-1.953125,25000000.000
988,2044,-1.953125,25000000.000
989,2046,-0.976562,25000000.000
990,2045,-1.464844,25000000.000
991,2045,-1.464844,25000000.000
992,2045,-1.464844,25000000.000
993,2045,-1.464844,25000000.000
994,2044,-1.953125,25000000.000
995,2044,-1.953125,25000000.000
996,2045,-1.464844,25000000.000
997,2044,-1.953125,25000000.000
998,2045,-1.464844,25000000.000
999,2047,-0.488281,25000000.000
1000,2046,-0.976562,25000000.000
1001,2044,-1.953125,25000000.000
1002,2044,-1.953125,25000000.000
1003,2045,-1.464844,25000000.000
1004,2045,-1.464844,25000000.000
1005,2046,-0.976562,25000000.000
1006,2046,-0.976562,25000000.000
1007,2045,-1.464844,25000000.000
1008,2044,-1.953125,25000000.000
1009,2045,-1.464844,25000000.000
1010,2047,-0.488281,25000000.000
1011,2045,-1.464844,25000000.000
1012,2046,-0.976562,25000000.000
1013,2044,-1.953125,25000000.000
1014,2044,-1.953125,25000000.000
1015,2043,-2.441406,25000000.000
1016,2045,-1.464844,25000000.000
1017,2047,-0.488281,25000000.000
1018,2046,-0.976562,25000000.000
1019,2044,-1.953125,25000000.000
1020,2046,-0.976562,25000000.000
1021,2047,-0.488281,25000000.000
1022,2045,-1.464844,25000000.000
1023,2046,-0.976562,25000000.000
1024,2047,-0.488281,25000000.000
1025,2046,-0.976562,25000000.000
1026,2045,-1.464844,25000000.000
1027,2046,-0.976562,25000000.000
1028,2045,-1.464844,25000000.000
1029,2045,-1.464844,25000000.000
1030,2045,-1.464844,25000000.000
1031,2046,-0.976562,25000000.000
1032,2046,-0.976562,25000000.000
1033,2044,-1.953125,25000000.000
1034,2045,-1.464844,25000000.000
1035,2045,-1.464844,25000000.000
1036,2044,-1.953125,25000000.000
1037,2044,-1.953125,25000000.000
1038,2046,-0.976562,25000000.000
1039,2046,-0.976562,25000000.000
1040,2045,-1.464844,25000000.000
1041,2044,-1.953125,25000000.000
1042,2046,-0.976562,25000000.000
1043,2045,-1.464844,25000000.000
1044,2044,-1.953125,25000000.000
1045,2046,-0.976562,25000000.000
1046,2047,-0.488281,25000000.000
1047,2045,-1.464844,25000000.000
1048,2045,-1.464844,25000000.000
1049,2049,0.488281,25000000.000
1050,2047,-0.488281,25000000.000
1051,2048,0.000000,25000000.000
1052,2045,-1.464844,25000000.000
1053,2045,-1.464844,25000000.000
1054,2044,-1.953125,25000000.000
1055,2043,-2.441406,25000000.000
1056,2045,-1.464844,25000000.000
1057,2046,-0.976562,25000000.000
1058,2044,-1.953125,25000000.000
1059,2044,-1.953125,25000000.000
1060,2044,-1.953125,25000000.000
1061,2044,-1.953125,25000000.000
1062,2044,-1.953125,25000000.000
1063,2045,-1.464844,25000000.000
1064,2044,-1.953125,25000000.000
1065,2042,-2.929688,25000000.000
1066,2044,-1.953125,25000000.000
1067,2044,-1.953125,25000000.000
1068,2045,-1.464844,25000000.000
1069,2044,-1.953125,25000000.000
1070,2045,-1.464844,25000000.000
1071,2045,-1.464844,25000000.000
1072,2045,-1.464844,25000000.000
1073,2045,-1.464844,25000000.000
1074,2045,-1.464844,25000000.000
1075,2044,-1.953125,25000000.000
1076,2044,-1.953125,25000000.000
1077,2046,-0.976562,25000000.000
1078,2047,-0.488281,25000000.000
1079,2046,-0.976562,25000000.000
1080,2045,-1.464844,25000000.000
1081,2045,-1.464844,25000000.000
1082,2046,-0.976562,25000000.000
1083,2047,-0.488281,25000000.000
1084,2045,-1.464844,25000000.000
1085,2046,-0.976562,25000000.000
1086,2046,-0.976562,25000000.000
1087,2045,-1.464844,25000000.000
1088,2044,-1.953125,25000000.000
1089,2046,-0.976562,25000000.000
1090,2044,-1.953125,25000000.000
1091,2044,-1.953125,25000000.000
1092,2044,-1.953125,25000000.000
1093,2045,-1.464844,25000000.000
1094,2044,-1.953125,25000000.000
1095,2045,-1.464844,25000000.000
1096,2045,-1.464844,25000000.000
1097,2044,-1.953125,25000000.000
1098,2045,-1.464844,25000000.000
1099,2045,-1.464844,25000000.000
1100,2046,-0.976562,25000000.000
1101,2045,-1.464844,25000000.000
1102,2046,-0.976562,25000000.000
1103,2045,-1.464844,25000000.000
1104,2045,-1.464844,25000000.000
1105,2045,-1.464844,25000000.000
1106,2044,-1.953125,25000000.000
1107,2044,-1.953125,25000000.000
1108,2043,-2.441406,25000000.000
1109,2046,-0.976562,25000000.000
1110,2045,-1.464844,25000000.000
1111,2045,-1.464844,25000000.000
1112,2043,-2.441406,25000000.000
1113,2045,-1.464844,25000000.000
1114,2045,-1.464844,25000000.000
1115,2045,-1.464844,25000000.000
1116,2045,-1.464844,25000000.000
1117,2044,-1.953125,25000000.000
1118,2045,-1.464844,25000000.000
1119,2045,-1.464844,25000000.000
1120,2046,-0.976562,25000000.000
1121,2045,-1.464844,25000000.000
1122,2045,-1.464844,25000000.000
1123,2044,-1.953125,25000000.000
1124,2046,-0.976562,25000000.000
1125,2047,-0.488281,25000000.000
1126,2045,-1.464844,25000000.000
1127,2046,-0.976562,25000000.000
1128,2046,-0.976562,25000000.000
1129,2046,-0.976562,25000000.000
1130,2045,-1.464844,25000000.000
1131,2048,0.000000,25000000.000
1132,2046,-0.976562,25000000.000
1133,2043,-2.441406,25000000.000
1134,2044,-1.953125,25000000.000
1135,2045,-1.464844,25000000.000
1136,2045,-1.464844,25000000.000
1137,2043,-2.441406,25000000.000
1138,2044,-1.953125,25000000.000
1139,2045,-1.464844,25000000.000
1140,2044,-1.953125,25000000.000
1141,2046,-0.976562,25000000.000
1142,2046,-0.976562,25000000.000
1143,2045,-1.464844,25000000.000
1144,2044,-1.953125,25000000.000
1145,2048,0.000000,25000000.000
1146,2047,-0.488281,25000000.000
1147,2047,-0.488281,25000000.000
1148,2046,-0.976562,25000000.000
1149,2047,-0.488281,25000000.000
1150,2044,-1.953125,25000000.000
1151,2045,-1.464844,25000000.000
1152,2044,-1.953125,25000000.000
1153,2047,-0.488281,25000000.000
1154,2046,-0.976562,25000000.000
1155,2045,-1.464844,25000000.000
1156,2046,-0.976562,25000000.000
1157,2045,-1.464844,25000000.000
1158,2045,-1.464844,25000000.000
1159,2046,-0.976562,25000000.000
1160,2046,-0.976562,25000000.000
1161,2045,-1.464844,25000000.000
1162,2046,-0.976562,25000000.000
1163,2046,-0.976562,25000000.000
1164,2048,0.000000,25000000.000
1165,2047,-0.488281,25000000.000
1166,2045,-1.464844,25000000.000
1167,2046,-0.976562,25000000.000
1168,2046,-0.976562,25000000.000
1169,2045,-1.464844,25000000.000
1170,2047,-0.488281,25000000.000
1171,2046,-0.976562,25000000.000
1172,2045,-1.464844,25000000.000
1173,2047,-0.488281,25000000.000
1174,2046,-0.976562,25000000.000
1175,2046,-0.976562,25000000.000
1176,2045,-1.464844,25000000.000
1177,2046,-0.976562,25000000.000
1178,2047,-0.488281,25000000.000
1179,2047,-0.488281,25000000.000
1180,2046,-0.976562,25000000.000
1181,2048,0.000000,25000000.000
1182,2048,0.000000,25000000.000
1183,2046,-0.976562,25000000.000
1184,2047,-0.488281,25000000.000
1185,2046,-0.976562,25000000.000
1186,2047,-0.488281,25000000.000
1187,2045,-1.464844,25000000.000
1188,2047,-0.488281,25000000.000
1189,2047,-0.488281,25000000.000
1190,2045,-1.464844,25000000.000
1191,2046,-0.976562,25000000.000
1192,2046,-0.976562,25000000.000
1193,2045,-1.464844,25000000.000
1194,2045,-1.464844,25000000.000
1195,2046,-0.976562,25000000.000
1196,2045,-1.464844,25000000.000
1197,2043,-2.441406,25000000.000
1198,2045,-1.464844,25000000.000
1199,2045,-1.464844,25000000.000
1200,2046,-0.976562,25000000.000
1201,2044,-1.953125,25000000.000
1202,2045,-1.464844,25000000.000
1203,2045,-1.464844,25000000.000
1204,2045,-1.464844,25000000.000
1205,2045,-1.464844,25000000.000
1206,2044,-1.953125,25000000.000
1207,2044,-1.953125,25000000.000
1208,2045,-1.464844,25000000.000
1209,2046,-0.976562,25000000.000
1210,2046,-0.976562,25000000.000
1211,2045,-1.464844,25000000.000
1212,2045,-1.464844,25000000.000
1213,2048,0.000000,25000000.000
1214,2046,-0.976562,25000000.000
1215,2045,-1.464844,25000000.000
1216,2047,-0.488281,25000000.000
1217,2046,-0.976562,25000000.000
1218,2046,-0.976562,25000000.000
1219,2045,-1.464844,25000000.000
1220,2048,0.000000,25000000.000
1221,2047,-0.488281,25000000.000
1222,2046,-0.976562,25000000.000
1223,2045,-1.464844,25000000.000
1224,2046,-0.976562,25000000.000
1225,2046,-0.976562,25000000.000
1226,2046,-0.976562,25000000.000
1227,2046,-0.976562,25000000.000
1228,2046,-0.976562,25000000.000
1229,2045,-1.464844,25000000.000
1230,2046,-0.976562,25000000.000
1231,2045,-1.464844,25000000.000
1232,2045,-1.464844,25000000.000
1233,2044,-1.953125,25000000.000
1234,2045,-1.464844,25000000.000
1235,2045,-1.464844,25000000.000
1236,2043,-2.441406,25000000.000
1237,2043,-2.441406,25000000.000
1238,2045,-1.464844,25000000.000
1239,2045,-1.464844,25000000.000
1240,2043,-2.441406,25000000.000
1241,2045,-1.464844,25000000.000
1242,2045,-1.464844,25000000.000
1243,2045,-1.464844,25000000.000
1244,2043,-2.441406,25000000.000
1245,2043,-2.441406,25000000.000
1246,2045,-1.464844,25000000.000
1247,2045,-1.464844,25000000.000
1248,2042,-2.929688,25000000.000
1249,2045,-1.464844,25000000.000
1250,2045,-1.464844,25000000.000
1251,2044,-1.953125,25000000.000
1252,2046,-0.976562,25000000.000
1253,2043,-2.441406,25000000.000
1254,2045,-1.464844,25000000.000
1255,2045,-1.464844,25000000.000
1256,2046,-0.976562,25000000.000
1257,2046,-0.976562,25000000.000
1258,2044,-1.953125,25000000.000
1259,2045,-1.464844,25000000.000
1260,2046,-0.976562,25000000.000
1261,2047,-0.488281,25000000.000
1262,2046,-0.976562,25000000.000
1263,2046,-0.976562,25000000.000
1264,2045,-1.464844,25000000.000
1265,2045,-1.464844,25000000.000
1266,2046,-0.976562,25000000.000
1267,2046,-0.976562,25000000.000
1268,2045,-1.464844,25000000.000
1269,2043,-2.441406,25000000.000
1270,2046,-0.976562,25000000.000
1271,2045,-1.464844,25000000.000
1272,2043,-2.441406,25000000.000
1273,2045,-1.464844,25000000.000
1274,2045,-1.464844,25000000.000
1275,2045,-1.464844,25000000.000
1276,2042,-2.929688,25000000.000
1277,2044,-1.953125,25000000.000
1278,2044,-1.953125,25000000.000
1279,2043,-2.441406,25000000.000
1280,2044,-1.953125,25000000.000
1281,2044,-1.953125,25000000.000
1282,2046,-0.976562,25000000.000
1283,2045,-1.464844,25000000.000
1284,2044,-1.953125,25000000.000
1285,2046,-0.976562,25000000.000
1286,2045,-1.464844,25000000.000
1287,2045,-1.464844,25000000.000
1288,2044,-1.953125,25000000.000
1289,2045,-1.464844,25000000.000
1290,2044,-1.953125,25000000.000
1291,2046,-0.976562,25000000.000
1292,2045,-1.464844,25000000.000
1293,2046,-0.976562,25000000.000
1294,2045,-1.464844,25000000.000
1295,2044,-1.953125,25000000.000
1296,2047,-0.488281,25000000.000
1297,2045,-1.464844,25000000.000
1298,2046,-0.976562,25000000.000
1299,2047,-0.488281,25000000.000
1300,2047,-0.488281,25000000.000
1301,2046,-0.976562,25000000.000
1302,2046,-0.976562,25000000.000
1303,2046,-0.976562,25000000.000
1304,2045,-1.464844,25000000.000
1305,2047,-0.488281,25000000.000
1306,2048,0.000000,25000000.000
1307,2046,-0.976562,25000000.000
1308,2045,-1.464844,25000000.000
1309,2046,-0.976562,25000000.000
1310,2048,0.000000,25000000.000
1311,2048,0.000000,25000000.000
1312,2047,-0.488281,25000000.000
1313,2045,-1.464844,25000000.000
1314,2047,-0.488281,25000000.000
1315,2046,-0.976562,25000000.000
1316,2045,-1.464844,25000000.000
1317,2050,0.976562,25000000.000
1318,2047,-0.488281,25000000.000
1319,2043,-2.441406,25000000.000
1320,2043,-2.441406,25000000.000
1321,2046,-0.976562,25000000.000
1322,2043,-2.441406,25000000.000
1323,2045,-1.464844,25000000.000
1324,2044,-1.953125,25000000.000
1325,2043,-2.441406,25000000.000
1326,2044,-1.953125,25000000.000
1327,2044,-1.953125,25000000.000
1328,2045,-1.464844,25000000.000
1329,2044,-1.953125,25000000.000
1330,2045,-1.464844,25000000.000
1331,2045,-1.464844,25000000.000
1332,2046,-0.976562,25000000.000
1333,2044,-1.953125,25000000.000
1334,2045,-1.464844,25000000.000
1335,2046,-0.976562,25000000.000
1336,2045,-1.464844,25000000.000
1337,2046,-0.976562,25000000.000
1338,2047,-0.488281,25000000.000
1339,2047,-0.488281,25000000.000
1340,2045,-1.464844,25000000.000
1341,2048,0.000000,25000000.000
1342,2047,-0.488281,25000000.000
1343,2048,0.000000,25000000.000
1344,2046,-0.976562,25000000.000
1345,2046,-0.976562,25000000.000
1346,2045,-1.464844,25000000.000
1347,2046,-0.976562,25000000.000
1348,2047,-0.488281,25000000.000
1349,2048,0.000000,25000000.000
1350,2044,-1.953125,25000000.000
1351,2046,-0.976562,25000000.000
1352,2046,-0.976562,25000000.000
1353,2046,-0.976562,25000000.000
1354,2044,-1.953125,25000000.000
1355,2045,-1.464844,25000000.000
1356,2046,-0.976562,25000000.000
1357,2045,-1.464844,25000000.000
1358,2044,-1.953125,25000000.000
1359,2041,-3.417969,25000000.000
1360,2044,-1.953125,25000000.000
1361,2047,-0.488281,25000000.000
1362,2043,-2.441406,25000000.000
1363,2045,-1.464844,25000000.000
1364,2046,-0.976562,25000000.000
1365,2044,-1.953125,25000000.000
1366,2045,-1.464844,25000000.000
1367,2045,-1.464844,25000000.000
1368,2045,-1.464844,25000000.000
1369,2045,-1.464844,25000000.000
1370,2047,-0.488281,25000000.000
1371,2047,-0.488281,25000000.000
1372,2046,-0.976562,25000000.000
1373,2046,-0.976562,25000000.000
1374,2046,-0.976562,25000000.000
1375,2046,-0.976562,25000000.000
1376,2046,-0.976562,25000000.000
1377,2047,-0.488281,25000000.000
1378,2048,0.000000,25000000.000
1379,2048,0.000000,25000000.000
1380,2047,-0.488281,25000000.000
1381,2046,-0.976562,25000000.000
1382,2046,-0.976562,25000000.000
1383,2047,-0.488281,25000000.000
1384,2047,-0.488281,25000000.000
1385,2047,-0.488281,25000000.000
1386,2049,0.488281,25000000.000
1387,2045,-1.464844,25000000.000
1388,2047,-0.488281,25000000.000
1389,2047,-0.488281,25000000.000
1390,2045,-1.464844,25000000.000
1391,2043,-2.441406,25000000.000
1392,2044,-1.953125,25000000.000
1393,2047,-0.488281,25000000.000
1394,2044,-1.953125,25000000.000
1395,2044,-1.953125,25000000.000
1396,2044,-1.953125,25000000.000
1397,2044,-1.953125,25000000.000
1398,2044,-1.953125,25000000.000
1399,2044,-1.953125,25000000.000
1400,2042,-2.929688,25000000.000
1401,2043,-2.441406,25000000.000
1402,2043,-2.441406,25000000.000
1403,2042,-2.929688,25000000.000
1404,2042,-2.929688,25000000.000
1405,2042,-2.929688,25000000.000
1406,2044,-1.953125,25000000.000
1407,2042,-2.929688,25000000.000
1408,2042,-2.929688,25000000.000
1409,2043,-2.441406,25000000.000
1410,2043,-2.441406,25000000.000
1411,2043,-2.441406,25000000.000
1412,2043,-2.441406,25000000.000
1413,2044,-1.953125,25000000.000
1414,2045,-1.464844,25000000.000
1415,2045,-1.464844,25000000.000
1416,2044,-1.953125,25000000.000
1417,2045,-1.464844,25000000.000
1418,2045,-1.464844,25000000.000
1419,2044,-1.953125,25000000.000
1420,2047,-0.488281,25000000.000
1421,2046,-0.976562,25000000.000
1422,2047,-0.488281,25000000.000
1423,2047,-0.488281,25000000.000
1424,2046,-0.976562,25000000.000
1425,2049,0.488281,25000000.000
1426,2049,0.488281,25000000.000
1427,2048,0.000000,25000000.000
1428,2049,0.488281,25000000.000
1429,2048,0.000000,25000000.000
1430,2047,-0.488281,25000000.000
1431,2048,0.000000,25000000.000
1432,2049,0.488281,25000000.000
1433,2047,-0.488281,25000000.000
1434,2047,-0.488281,25000000.000
1435,2047,-0.488281,25000000.000
1436,2048,0.000000,25000000.000
1437,2048,0.000000,25000000.000
1438,2048,0.000000,25000000.000
1439,2049,0.488281,25000000.000
1440,2046,-0.976562,25000000.000
1441,2047,-0.488281,25000000.000
1442,2046,-0.976562,25000000.000
1443,2046,-0.976562,25000000.000
1444,2045,-1.464844,25000000.000
1445,2047,-0.488281,25000000.000
1446,2046,-0.976562,25000000.000
1447,2043,-2.441406,25000000.000
1448,2043,-2.441406,25000000.000
1449,2045,-1.464844,25000000.000
1450,2045,-1.464844,25000000.000
1451,2044,-1.953125,25000000.000
1452,2044,-1.953125,25000000.000
1453,2042,-2.929688,25000000.000
1454,2043,-2.441406,25000000.000
1455,2041,-3.417969,25000000.000
1456,2041,-3.417969,25000000.000
1457,2044,-1.953125,25000000.000
1458,2042,-2.929688,25000000.000
1459,2042,-2.929688,25000000.000
1460,2042,-2.929688,25000000.000
1461,2043,-2.441406,25000000.000
1462,2044,-1.953125,25000000.000
1463,2044,-1.953125,25000000.000
1464,2044,-1.953125,25000000.000
1465,2044,-1.953125,25000000.000
1466,2045,-1.464844,25000000.000
1467,2046,-0.976562,25000000.000
1468,2045,-1.464844,25000000.000
1469,2044,-1.953125,25000000.000
1470,2045,-1.464844,25000000.000
1471,2046,-0.976562,25000000.000
1472,2043,-2.441406,25000000.000
1473,2045,-1.464844,25000000.000
1474,2047,-0.488281,25000000.000
1475,2046,-0.976562,25000000.000
1476,2046,-0.976562,25000000.000
1477,2047,-0.488281,25000000.000
1478,2047,-0.488281,25000000.000
1479,2047,-0.488281,25000000.000
1480,2046,-0.976562,25000000.000
1481,2045,-1.464844,25000000.000
1482,2046,-0.976562,25000000.000
1483,2045,-1.464844,25000000.000
1484,2044,-1.953125,25000000.000
1485,2046,-0.976562,25000000.000
1486,2040,-3.906250,25000000.000
1487,2040,-3.906250,25000000.000
1488,2043,-2.441406,25000000.000
1489,2047,-0.488281,25000000.000
1490,2040,-3.906250,25000000.000
1491,2042,-2.929688,25000000.000
1492,2043,-2.441406,25000000.000
1493,2043,-2.441406,25000000.000
1494,2041,-3.417969,25000000.000
1495,2042,-2.929688,25000000.000
1496,2043,-2.441406,25000000.000
1497,2041,-3.417969,25000000.000
1498,2043,-2.441406,25000000.000
1499,2043,-2.441406,25000000.000
1500,2042,-2.929688,25000000.000
1501,2040,-3.906250,25000000.000
1502,2043,-2.441406,25000000.000
1503,2043,-2.441406,25000000.000
1504,2044,-1.953125,25000000.000
1505,2045,-1.464844,25000000.000
1506,2045,-1.464844,25000000.000
1507,2045,-1.464844,25000000.000
1508,2044,-1.953125,25000000.000
1509,2048,0.000000,25000000.000
1510,2047,-0.488281,25000000.000
1511,2048,0.000000,25000000.000
1512,2049,0.488281,25000000.000
1513,2048,0.000000,25000000.000
1514,2048,0.000000,25000000.000
1515,2047,-0.488281,25000000.000
1516,2050,0.976562,25000000.000
1517,2049,0.488281,25000000.000
1518,2047,-0.488281,25000000.000
1519,2047,-0.488281,25000000.000
1520,2050,0.976562,25000000.000
1521,2047,-0.488281,25000000.000
1522,2045,-1.464844,25000000.000
1523,2047,-0.488281,25000000.000
1524,2047,-0.488281,25000000.000
1525,2047,-0.488281,25000000.000
1526,2048,0.000000,25000000.000
1527,2045,-1.464844,25000000.000
1528,2048,0.000000,25000000.000
1529,2044,-1.953125,25000000.000
1530,2046,-0.976562,25000000.000
1531,2047,-0.488281,25000000.000
1532,2044,-1.953125,25000000.000
1533,2042,-2.929688,25000000.000
1534,2045,-1.464844,25000000.000
1535,2044,-1.953125,25000000.000
1536,2043,-2.441406,25000000.000
1537,2043,-2.441406,25000000.000
1538,2043,-2.441406,25000000.000
1539,2044,-1.953125,25000000.000
1540,2043,-2.441406,25000000.000
1541,2046,-0.976562,25000000.000
1542,2044,-1.953125,25000000.000
1543,2044,-1.953125,25000000.000
1544,2044,-1.953125,25000000.000
1545,2046,-0.976562,25000000.000
1546,2042,-2.929688,25000000.000
1547,2044,-1.953125,25000000.000
1548,2037,-5.371094,25000000.000
1549,2048,0.000000,25000000.000
1550,2043,-2.441406,25000000.000
1551,2045,-1.464844,25000000.000
1552,2045,-1.464844,25000000.000
1553,2047,-0.488281,25000000.000
1554,2046,-0.976562,25000000.000
1555,2048,0.000000,25000000.000
1556,2048,0.000000,25000000.000
1557,2046,-0.976562,25000000.000
1558,2047,-0.488281,25000000.000
1559,2050,0.976562,25000000.000
1560,2050,0.976562,25000000.000
1561,2046,-0.976562,25000000.000
1562,2047,-0.488281,25000000.000
1563,2049,0.488281,25000000.000
1564,2048,0.000000,25000000.000
1565,2045,-1.464844,25000000.000
1566,2047,-0.488281,25000000.000
1567,2046,-0.976562,25000000.000
1568,2046,-0.976562,25000000.000
1569,2045,-1.464844,25000000.000
1570,2045,-1.464844,25000000.000
1571,2044,-1.953125,25000000.000
1572,2044,-1.953125,25000000.000
1573,2044,-1.953125,25000000.000
1574,2043,-2.441406,25000000.000
1575,2043,-2.441406,25000000.000
1576,2043,-2.441406,25000000.000
1577,2044,-1.953125,25000000.000
1578,2043,-2.441406,25000000.000
1579,2042,-2.929688,25000000.000
1580,2043,-2.441406,25000000.000
1581,2045,-1.464844,25000000.000
1582,2044,-1.953125,25000000.000
1583,2044,-1.953125,25000000.000
1584,2045,-1.464844,25000000.000
1585,2046,-0.976562,25000000.000
1586,2045,-1.464844,25000000.000
1587,2045,-1.464844,25000000.000
1588,2047,-0.488281,25000000.000
1589,2048,0.000000,25000000.000
1590,2048,0.000000,25000000.000
1591,2048,0.000000,25000000.000
1592,2050,0.976562,25000000.000
1593,2050,0.976562,25000000.000
1594,2049,0.488281,25000000.000
1595,2050,0.976562,25000000.000
1596,2050,0.976562,25000000.000
1597,2048,0.000000,25000000.000
1598,2049,0.488281,25000000.000
1599,2049,0.488281,25000000.000
1600,2050,0.976562,25000000.000
1601,2049,0.488281,25000000.000
1602,2050,0.976562,25000000.000
1603,2046,-0.976562,25000000.000
1604,2038,-4.882812,25000000.000
1605,2048,0.000000,25000000.000
1606,2047,-0.488281,25000000.000
1607,2043,-2.441406,25000000.000
1608,2041,-3.417969,25000000.000
1609,2043,-2.441406,25000000.000
1610,2044,-1.953125,25000000.000
1611,2041,-3.417969,25000000.000
1612,2045,-1.464844,25000000.000
1613,2047,-0.488281,25000000.000
1614,2046,-0.976562,25000000.000
1615,2043,-2.441406,25000000.000
1616,2041,-3.417969,25000000.000
1617,2044,-1.953125,25000000.000
1618,2043,-2.441406,25000000.000
1619,2043,-2.441406,25000000.000
1620,2043,-2.441406,25000000.000
1621,2043,-2.441406,25000000.000
1622,2044,-1.953125,25000000.000
1623,2044,-1.953125,25000000.000
1624,2045,-1.464844,25000000.000
1625,2043,-2.441406,25000000.000
1626,2044,-1.953125,25000000.000
1627,2046,-0.976562,25000000.000
1628,2047,-0.488281,25000000.000
1629,2045,-1.464844,25000000.000
1630,2048,0.000000,25000000.000
1631,2048,0.000000,25000000.000
1632,2047,-0.488281,25000000.000
1633,2046,-0.976562,25000000.000
1634,2049,0.488281,25000000.000
1635,2049,0.488281,25000000.000
1636,2047,-0.488281,25000000.000
1637,2045,-1.464844,25000000.000
1638,2047,-0.488281,25000000.000
1639,2048,0.000000,25000000.000
1640,2047,-0.488281,25000000.000
1641,2047,-0.488281,25000000.000
1642,2046,-0.976562,25000000.000
1643,2048,0.000000,25000000.000
1644,2046,-0.976562,25000000.000
1645,2046,-0.976562,25000000.000
1646,2045,-1.464844,25000000.000
1647,2045,-1.464844,25000000.000
1648,2043,-2.441406,25000000.000
1649,2042,-2.929688,25000000.000
1650,2043,-2.441406,25000000.000
1651,2042,-2.929688,25000000.000
1652,2043,-2.441406,25000000.000
1653,2041,-3.417969,25000000.000
1654,2042,-2.929688,25000000.000
1655,2040,-3.906250,25000000.000
1656,2040,-3.906250,25000000.000
1657,2041,-3.417969,25000000.000
1658,2039,-4.394531,25000000.000
1659,2039,-4.394531,25000000.000
1660,2041,-3.417969,25000000.000
1661,2041,-3.417969,25000000.000
1662,2041,-3.417969,25000000.000
1663,2041,-3.417969,25000000.000
1664,2044,-1.953125,25000000.000
1665,2042,-2.929688,25000000.000
1666,2042,-2.929688,25000000.000
1667,2041,-3.417969,25000000.000
1668,2042,-2.929688,25000000.000
1669,2043,-2.441406,25000000.000
1670,2045,-1.464844,25000000.000
1671,2044,-1.953125,25000000.000
1672,2044,-1.953125,25000000.000
1673,2046,-0.976562,25000000.000
1674,2047,-0.488281,25000000.000
1675,2047,-0.488281,25000000.000
1676,2046,-0.976562,25000000.000
1677,2047,-0.488281,25000000.000
1678,2048,0.000000,25000000.000
1679,2048,0.000000,25000000.000
1680,2048,0.000000,25000000.000
1681,2048,0.000000,25000000.000
1682,2048,0.000000,25000000.000
1683,2046,-0.976562,25000000.000
1684,2047,-0.488281,25000000.000
1685,2047,-0.488281,25000000.000
1686,2044,-1.953125,25000000.000
1687,2044,-1.953125,25000000.000
1688,2045,-1.464844,25000000.000
1689,2045,-1.464844,25000000.000
1690,2041,-3.417969,25000000.000
1691,2042,-2.929688,25000000.000
1692,2042,-2.929688,25000000.000
1693,2042,-2.929688,25000000.000
1694,2041,-3.417969,25000000.000
1695,2041,-3.417969,25000000.000
1696,2043,-2.441406,25000000.000
1697,2042,-2.929688,25000000.000
1698,2041,-3.417969,25000000.000
1699,2042,-2.929688,25000000.000
1700,2041,-3.417969,25000000.000
1701,2040,-3.906250,25000000.000
1702,2042,-2.929688,25000000.000
1703,2043,-2.441406,25000000.000
1704,2043,-2.441406,25000000.000
1705,2041,-3.417969,25000000.000
1706,2046,-0.976562,25000000.000
1707,2046,-0.976562,25000000.000
1708,2046,-0.976562,25000000.000
1709,2047,-0.488281,25000000.000
1710,2047,-0.488281,25000000.000
1711,2048,0.000000,25000000.000
1712,2047,-0.488281,25000000.000
1713,2047,-0.488281,25000000.000
1714,2049,0.488281,25000000.000
1715,2048,0.000000,25000000.000
1716,2047,-0.488281,25000000.000
1717,2050,0.976562,25000000.000
1718,2051,1.464844,25000000.000
1719,2049,0.488281,25000000.000
1720,2050,0.976562,25000000.000
1721,2050,0.976562,25000000.000
1722,2048,0.000000,25000000.000
1723,2048,0.000000,25000000.000
1724,2049,0.488281,25000000.000
1725,2047,-0.488281,25000000.000
1726,2047,-0.488281,25000000.000
1727,2049,0.488281,25000000.000
1728,2048,0.000000,25000000.000
1729,2047,-0.488281,25000000.000
1730,2046,-0.976562,25000000.000
1731,2047,-0.488281,25000000.000
1732,2045,-1.464844,25000000.000
1733,2043,-2.441406,25000000.000
1734,2043,-2.441406,25000000.000
1735,2044,-1.953125,25000000.000
1736,2042,-2.929688,25000000.000
1737,2040,-3.906250,25000000.000
1738,2041,-3.417969,25000000.000
1739,2041,-3.417969,25000000.000
1740,2038,-4.882812,25000000.000
1741,2041,-3.417969,25000000.000
1742,2041,-3.417969,25000000.000
1743,2042,-2.929688,25000000.000
1744,2039,-4.394531,25000000.000
1745,2042,-2.929688,25000000.000
1746,2041,-3.417969,25000000.000
1747,2041,-3.417969,25000000.000
1748,2043,-2.441406,25000000.000
1749,2044,-1.953125,25000000.000
1750,2045,-1.464844,25000000.000
1751,2044,-1.953125,25000000.000
1752,2046,-0.976562,25000000.000
1753,2048,0.000000,25000000.000
1754,2046,-0.976562,25000000.000
1755,2046,-0.976562,25000000.000
1756,2049,0.488281,25000000.000
1757,2047,-0.488281,25000000.000
1758,2048,0.000000,25000000.000
1759,2049,0.488281,25000000.000
1760,2051,1.464844,25000000.000
1761,2050,0.976562,25000000.000
1762,2051,1.464844,25000000.000
1763,2051,1.464844,25000000.000
1764,2050,0.976562,25000000.000
1765,2050,0.976562,25000000.000
1766,2049,0.488281,25000000.000
1767,2049,0.488281,25000000.000
1768,2049,0.488281,25000000.000
1769,2047,-0.488281,25000000.000
1770,2048,0.000000,25000000.000
1771,2048,0.000000,25000000.000
1772,2044,-1.953125,25000000.000
1773,2046,-0.976562,25000000.000
1774,2045,-1.464844,25000000.000
1775,2046,-0.976562,25000000.000
1776,2043,-2.441406,25000000.000
1777,2043,-2.441406,25000000.000
1778,2044,-1.953125,25000000.000
1779,2043,-2.441406,25000000.000
1780,2042,-2.929688,25000000.000
1781,2044,-1.953125,25000000.000
1782,2043,-2.441406,25000000.000
1783,2043,-2.441406,25000000.000
1784,2043,-2.441406,25000000.000
1785,2042,-2.929688,25000000.000
1786,2042,-2.929688,25000000.000
1787,2043,-2.441406,25000000.000
1788,2043,-2.441406,25000000.000
1789,2046,-0.976562,25000000.000
1790,2045,-1.464844,25000000.000
1791,2044,-1.953125,25000000.000
1792,2047,-0.488281,25000000.000
1793,2046,-0.976562,25000000.000
1794,2048,0.000000,25000000.000
1795,2049,0.488281,25000000.000
1796,2049,0.488281,25000000.000
1797,2048,0.000000,25000000.000
1798,2049,0.488281,25000000.000
1799,2050,0.976562,25000000.000
1800,2051,1.464844,25000000.000
1801,2050,0.976562,25000000.000
1802,2052,1.953125,25000000.000
1803,2052,1.953125,25000000.000
1804,2050,0.976562,25000000.000
1805,2051,1.464844,25000000.000
1806,2050,0.976562,25000000.000
1807,2050,0.976562,25000000.000
1808,2049,0.488281,25000000.000
1809,2050,0.976562,25000000.000
1810,2050,0.976562,25000000.000
1811,2050,0.976562,25000000.000
1812,2050,0.976562,25000000.000
1813,2046,-0.976562,25000000.000
1814,2048,0.000000,25000000.000
1815,2046,-0.976562,25000000.000
1816,2046,-0.976562,25000000.000
1817,2044,-1.953125,25000000.000
1818,2043,-2.441406,25000000.000
1819,2042,-2.929688,25000000.000
1820,2042,-2.929688,25000000.000
1821,2042,-2.929688,25000000.000
1822,2041,-3.417969,25000000.000
1823,2041,-3.417969,25000000.000
1824,2041,-3.417969,25000000.000
1825,2041,-3.417969,25000000.000
1826,2041,-3.417969,25000000.000
1827,2040,-3.906250,25000000.000
1828,2042,-2.929688,25000000.000
1829,2041,-3.417969,25000000.000
1830,2042,-2.929688,25000000.000
1831,2044,-1.953125,25000000.000
1832,2042,-2.929688,25000000.000
1833,2042,-2.929688,25000000.000
1834,2044,-1.953125,25000000.000
1835,2044,-1.953125,25000000.000
1836,2046,-0.976562,25000000.000
1837,2046,-0.976562,25000000.000
1838,2045,-1.464844,25000000.000
1839,2047,-0.488281,25000000.000
1840,2048,0.000000,25000000.000
1841,2049,0.488281,25000000.000
1842,2048,0.000000,25000000.000
1843,2049,0.488281,25000000.000
1844,2049,0.488281,25000000.000
1845,2049,0.488281,25000000.000
1846,2049,0.488281,25000000.000
1847,2049,0.488281,25000000.000
1848,2048,0.000000,25000000.000
1849,2048,0.000000,25000000.000
1850,2048,0.000000,25000000.000
1851,2046,-0.976562,25000000.000
1852,2047,-0.488281,25000000.000
1853,2047,-0.488281,25000000.000
1854,2044,-1.953125,25000000.000
1855,2045,-1.464844,25000000.000
1856,2044,-1.953125,25000000.000
1857,2045,-1.464844,25000000.000
1858,2043,-2.441406,25000000.000
1859,2042,-2.929688,25000000.000
1860,2043,-2.441406,25000000.000
1861,2042,-2.929688,25000000.000
1862,2042,-2.929688,25000000.000
1863,2043,-2.441406,25000000.000
1864,2042,-2.929688,25000000.000
1865,2039,-4.394531,25000000.000
1866,2042,-2.929688,25000000.000
1867,2041,-3.417969,25000000.000
1868,2041,-3.417969,25000000.000
1869,2042,-2.929688,25000000.000
1870,2041,-3.417969,25000000.000
1871,2042,-2.929688,25000000.000
1872,2042,-2.929688,25000000.000
1873,2043,-2.441406,25000000.000
1874,2042,-2.929688,25000000.000
1875,2042,-2.929688,25000000.000
1876,2045,-1.464844,25000000.000
1877,2046,-0.976562,25000000.000
1878,2047,-0.488281,25000000.000
1879,2045,-1.464844,25000000.000
1880,2048,0.000000,25000000.000
1881,2048,0.000000,25000000.000
1882,2047,-0.488281,25000000.000
1883,2047,-0.488281,25000000.000
1884,2050,0.976562,25000000.000
1885,2050,0.976562,25000000.000
1886,2048,0.000000,25000000.000
1887,2050,0.976562,25000000.000
1888,2049,0.488281,25000000.000
1889,2048,0.000000,25000000.000
1890,2047,-0.488281,25000000.000
1891,2048,0.000000,25000000.000
1892,2049,0.488281,25000000.000
1893,2050,0.976562,25000000.000
1894,2049,0.488281,25000000.000
1895,2049,0.488281,25000000.000
1896,2048,0.000000,25000000.000
1897,2045,-1.464844,25000000.000
1898,2046,-0.976562,25000000.000
1899,2046,-0.976562,25000000.000
1900,2043,-2.441406,25000000.000
1901,2044,-1.953125,25000000.000
1902,2044,-1.953125,25000000.000
1903,2043,-2.441406,25000000.000
1904,2041,-3.417969,25000000.000
1905,2040,-3.906250,25000000.000
1906,2036,-5.859375,25000000.000
1907,2041,-3.417969,25000000.000
1908,2033,-7.324219,25000000.000
1909,2046,-0.976562,25000000.000
1910,2040,-3.906250,25000000.000
1911,2039,-4.394531,25000000.000
1912,2038,-4.882812,25000000.000
1913,2042,-2.929688,25000000.000
1914,2041,-3.417969,25000000.000
1915,2041,-3.417969,25000000.000
1916,2044,-1.953125,25000000.000
1917,2042,-2.929688,25000000.000
1918,2044,-1.953125,25000000.000
1919,2043,-2.441406,25000000.000
1920,2047,-0.488281,25000000.000
1921,2045,-1.464844,25000000.000
1922,2046,-0.976562,25000000.000
1923,2047,-0.488281,25000000.000
1924,2049,0.488281,25000000.000
1925,2046,-0.976562,25000000.000
1926,2047,-0.488281,25000000.000
1927,2048,0.000000,25000000.000
1928,2049,0.488281,25000000.000
1929,2048,0.000000,25000000.000
1930,2048,0.000000,25000000.000
1931,2048,0.000000,25000000.000
1932,2049,0.488281,25000000.000
1933,2047,-0.488281,25000000.000
1934,2049,0.488281,25000000.000
1935,2048,0.000000,25000000.000
1936,2045,-1.464844,25000000.000
1937,2045,-1.464844,25000000.000
1938,2046,-0.976562,25000000.000
1939,2046,-0.976562,25000000.000
1940,2043,-2.441406,25000000.000
1941,2044,-1.953125,25000000.000
1942,2045,-1.464844,25000000.000
1943,2044,-1.953125,25000000.000
1944,2043,-2.441406,25000000.000
1945,2042,-2.929688,25000000.000
1946,2043,-2.441406,25000000.000
1947,2041,-3.417969,25000000.000
1948,2042,-2.929688,25000000.000
1949,2042,-2.929688,25000000.000
1950,2042,-2.929688,25000000.000
1951,2040,-3.906250,25000000.000
1952,2043,-2.441406,25000000.000
1953,2042,-2.929688,25000000.000
1954,2042,-2.929688,25000000.000
1955,2043,-2.441406,25000000.000
1956,2044,-1.953125,25000000.000
1957,2045,-1.464844,25000000.000
1958,2043,-2.441406,25000000.000
1959,2043,-2.441406,25000000.000
1960,2045,-1.464844,25000000.000
1961,2046,-0.976562,25000000.000
1962,2046,-0.976562,25000000.000
1963,2048,0.000000,25000000.000
1964,2049,0.488281,25000000.000
1965,2047,-0.488281,25000000.000
1966,2049,0.488281,25000000.000
1967,2049,0.488281,25000000.000
1968,2049,0.488281,25000000.000
1969,2048,0.000000,25000000.000
1970,2051,1.464844,25000000.000
1971,2050,0.976562,25000000.000
1972,2049,0.488281,25000000.000
1973,2051,1.464844,25000000.000
1974,2051,1.464844,25000000.000
1975,2051,1.464844,25000000.000
1976,2049,0.488281,25000000.000
1977,2049,0.488281,25000000.000
1978,2048,0.000000,25000000.000
1979,2049,0.488281,25000000.000
1980,2049,0.488281,25000000.000
1981,2046,-0.976562,25000000.000
1982,2047,-0.488281,25000000.000
1983,2045,-1.464844,25000000.000
1984,2046,-0.976562,25000000.000
1985,2045,-1.464844,25000000.000
1986,2043,-2.441406,25000000.000
1987,2043,-2.441406,25000000.000
1988,2043,-2.441406,25000000.000
1989,2042,-2.929688,25000000.000
1990,2042,-2.929688,25000000.000
1991,2042,-2.929688,25000000.000
1992,2043,-2.441406,25000000.000
1993,2043,-2.441406,25000000.000
1994,2043,-2.441406,25000000.000
1995,2043,-2.441406,25000000.000
1996,2043,-2.441406,25000000.000
1997,2043,-2.441406,25000000.000
1998,2044,-1.953125,25000000.000
1999,2045,-1.464844,25000000.000
2000,2045,-1.464844,25000000.000
2001,2044,-1.953125,25000000.000
2002,2045,-1.464844,25000000.000
2003,2046,-0.976562,25000000.000
2004,2047,-0.488281,25000000.000
2005,2048,0.000000,25000000.000
2006,2048,0.000000,25000000.000
2007,2049,0.488281,25000000.000
2008,2047,-0.488281,25000000.000
2009,2048,0.000000,25000000.000
2010,2047,-0.488281,25000000.000
2011,2053,2.441406,25000000.000
2012,2052,1.953125,25000000.000
2013,2049,0.488281,25000000.000
2014,2048,0.000000,25000000.000
2015,2048,0.000000,25000000.000
2016,2050,0.976562,25000000.000
2017,2047,-0.488281,25000000.000
2018,2047,-0.488281,25000000.000
2019,2046,-0.976562,25000000.000
2020,2046,-0.976562,25000000.000
2021,2046,-0.976562,25000000.000
2022,2044,-1.953125,25000000.000
2023,2043,-2.441406,25000000.000
2024,2044,-1.953125,25000000.000
2025,2044,-1.953125,25000000.000
2026,2041,-3.417969,25000000.000
2027,2042,-2.929688,25000000.000
2028,2042,-2.929688,25000000.000
2029,2040,-3.906250,25000000.000
2030,2043,-2.441406,25000000.000
2031,2043,-2.441406,25000000.000
2032,2043,-2.441406,25000000.000
2033,2041,-3.417969,25000000.000
2034,2044,-1.953125,25000000.000
2035,2043,-2.441406,25000000.000
2036,2043,-2.441406,25000000.000
2037,2044,-1.953125,25000000.000
2038,2044,-1.953125,25000000.000
2039,2045,-1.464844,25000000.000
2040,2044,-1.953125,25000000.000
2041,2046,-0.976562,25000000.000
2042,2046,-0.976562,25000000.000
2043,2046,-0.976562,25000000.000
2044,2046,-0.976562,25000000.000
2045,2048,0.000000,25000000.000
2046,2050,0.976562,25000000.000
2047,2048,0.000000,25000000.000
2048,2048,0.000000,25000000.000
2049,2049,0.488281,25000000.000
2050,2048,0.000000,25000000.000
2051,2050,0.976562,25000000.000
2052,2050,0.976562,25000000.000
2053,2047,-0.488281,25000000.000
2054,2049,0.488281,25000000.000
2055,2048,0.000000,25000000.000
2056,2047,-0.488281,25000000.000
2057,2048,0.000000,25000000.000
2058,2046,-0.976562,25000000.000
2059,2047,-0.488281,25000000.000
2060,2046,-0.976562,25000000.000
2061,2045,-1.464844,25000000.000
2062,2044,-1.953125,25000000.000
2063,2046,-0.976562,25000000.000
2064,2043,-2.441406,25000000.000
2065,2041,-3.417969,25000000.000
2066,2045,-1.464844,25000000.000
2067,2044,-1.953125,25000000.000
2068,2041,-3.417969,25000000.000
2069,2043,-2.441406,25000000.000
2070,2042,-2.929688,25000000.000
2071,2042,-2.929688,25000000.000
2072,2039,-4.394531,25000000.000
2073,2042,-2.929688,25000000.000
2074,2042,-2.929688,25000000.000
2075,2042,-2.929688,25000000.000
2076,2042,-2.929688,25000000.000
2077,2042,-2.929688,25000000.000
2078,2043,-2.441406,25000000.000
2079,2043,-2.441406,25000000.000
2080,2045,-1.464844,25000000.000
2081,2045,-1.464844,25000000.000
2082,2043,-2.441406,25000000.000
2083,2044,-1.953125,25000000.000
2084,2048,0.000000,25000000.000
2085,2046,-0.976562,25000000.000
2086,2046,-0.976562,25000000.000
2087,2045,-1.464844,25000000.000
2088,2048,0.000000,25000000.000
2089,2047,-0.488281,25000000.000
2090,2047,-0.488281,25000000.000
2091,2048,0.000000,25000000.000
2092,2049,0.488281,25000000.000
2093,2049,0.488281,25000000.000
2094,2049,0.488281,25000000.000
2095,2048,0.000000,25000000.000
2096,2047,-0.488281,25000000.000
2097,2046,-0.976562,25000000.000
2098,2047,-0.488281,25000000.000
2099,2046,-0.976562,25000000.000
2100,2046,-0.976562,25000000.000
2101,2044,-1.953125,25000000.000
2102,2044,-1.953125,25000000.000
2103,2044,-1.953125,25000000.000
2104,2041,-3.417969,25000000.000
2105,2044,-1.953125,25000000.000
2106,2041,-3.417969,25000000.000
2107,2040,-3.906250,25000000.000
2108,2039,-4.394531,25000000.000
2109,2042,-2.929688,25000000.000
2110,2041,-3.417969,25000000.000
2111,2040,-3.906250,25000000.000
2112,2040,-3.906250,25000000.000
2113,2041,-3.417969,25000000.000
2114,2041,-3.417969,25000000.000
2115,2040,-3.906250,25000000.000
2116,2041,-3.417969,25000000.000
2117,2042,-2.929688,25000000.000
2118,2041,-3.417969,25000000.000
2119,2041,-3.417969,25000000.000
2120,2044,-1.953125,25000000.000
2121,2045,-1.464844,25000000.000
2122,2044,-1.953125,25000000.000
2123,2045,-1.464844,25000000.000
2124,2045,-1.464844,25000000.000
2125,2046,-0.976562,25000000.000
2126,2046,-0.976562,25000000.000
2127,2047,-0.488281,25000000.000
2128,2049,0.488281,25000000.000
2129,2048,0.000000,25000000.000
2130,2049,0.488281,25000000.000
2131,2050,0.976562,25000000.000
2132,2049,0.488281,25000000.000
2133,2048,0.000000,25000000.000
2134,2050,0.976562,25000000.000
2135,2049,0.488281,25000000.000
2136,2050,0.976562,25000000.000
2137,2050,0.976562,25000000.000
2138,2048,0.000000,25000000.000
2139,2048,0.000000,25000000.000
2140,2046,-0.976562,25000000.000
2141,2048,0.000000,25000000.000
2142,2046,-0.976562,25000000.000
2143,2046,-0.976562,25000000.000
2144,2045,-1.464844,25000000.000
2145,2044,-1.953125,25000000.000
2146,2044,-1.953125,25000000.000
2147,2044,-1.953125,25000000.000
2148,2043,-2.441406,25000000.000
2149,2043,-2.441406,25000000.000
2150,2042,-2.929688,25000000.000
2151,2042,-2.929688,25000000.000
2152,2042,-2.929688,25000000.000
2153,2040,-3.906250,25000000.000
2154,2040,-3.906250,25000000.000
2155,2041,-3.417969,25000000.000
2156,2042,-2.929688,25000000.000
2157,2042,-2.929688,25000000.000
2158,2042,-2.929688,25000000.000
2159,2043,-2.441406,25000000.000
2160,2044,-1.953125,25000000.000
2161,2043,-2.441406,25000000.000
2162,2045,-1.464844,25000000.000
2163,2045,-1.464844,25000000.000
2164,2046,-0.976562,25000000.000
2165,2046,-0.976562,25000000.000
2166,2048,0.000000,25000000.000
2167,2048,0.000000,25000000.000
2168,2046,-0.976562,25000000.000
2169,2048,0.000000,25000000.000
2170,2049,0.488281,25000000.000
2171,2049,0.488281,25000000.000
2172,2048,0.000000,25000000.000
2173,2052,1.953125,25000000.000
2174,2046,-0.976562,25000000.000
2175,2046,-0.976562,25000000.000
2176,2048,0.000000,25000000.000
2177,2050,0.976562,25000000.000
2178,2048,0.000000,25000000.000
2179,2048,0.000000,25000000.000
2180,2047,-0.488281,25000000.000
2181,2047,-0.488281,25000000.000
2182,2048,0.000000,25000000.000
2183,2046,-0.976562,25000000.000
2184,2045,-1.464844,25000000.000
2185,2044,-1.953125,25000000.000
2186,2041,-3.417969,25000000.000
2187,2041,-3.417969,25000000.000
2188,2044,-1.953125,25000000.000
2189,2043,-2.441406,25000000.000
2190,2041,-3.417969,25000000.000
2191,2042,-2.929688,25000000.000
2192,2042,-2.929688,25000000.000
2193,2040,-3.906250,25000000.000
2194,2041,-3.417969,25000000.000
2195,2041,-3.417969,25000000.000
2196,2042,-2.929688,25000000.000
2197,2039,-4.394531,25000000.000
2198,2040,-3.906250,25000000.000
2199,2041,-3.417969,25000000.000
2200,2043,-2.441406,25000000.000
2201,2042,-2.929688,25000000.000
2202,2044,-1.953125,25000000.000
2203,2043,-2.441406,25000000.000
2204,2044,-1.953125,25000000.000
2205,2046,-0.976562,25000000.000
2206,2048,0.000000,25000000.000
2207,2050,0.976562,25000000.000
2208,2047,-0.488281,25000000.000
2209,2048,0.000000,25000000.000
2210,2050,0.976562,25000000.000
2211,2050,0.976562,25000000.000
2212,2051,1.464844,25000000.000
2213,2051,1.464844,25000000.000
2214,2050,0.976562,25000000.000
2215,2050,0.976562,25000000.000
2216,2051,1.464844,25000000.000
2217,2052,1.953125,25000000.000
2218,2050,0.976562,25000000.000
2219,2050,0.976562,25000000.000
2220,2049,0.488281,25000000.000
2221,2048,0.000000,25000000.000
2222,2046,-0.976562,25000000.000
2223,2047,-0.488281,25000000.000
2224,2045,-1.464844,25000000.000
2225,2045,-1.464844,25000000.000
2226,2044,-1.953125,25000000.000
2227,2046,-0.976562,25000000.000
2228,2044,-1.953125,25000000.000
2229,2040,-3.906250,25000000.000
2230,2041,-3.417969,25000000.000
2231,2042,-2.929688,25000000.000
2232,2042,-2.929688,25000000.000
2233,2039,-4.394531,25000000.000
2234,2040,-3.906250,25000000.000
2235,2039,-4.394531,25000000.000
2236,2039,-4.394531,25000000.000
2237,2041,-3.417969,25000000.000
2238,2041,-3.417969,25000000.000
2239,2040,-3.906250,25000000.000
2240,2040,-3.906250,25000000.000
2241,2042,-2.929688,25000000.000
2242,2043,-2.441406,25000000.000
2243,2043,-2.441406,25000000.000
2244,2045,-1.464844,25000000.000
2245,2045,-1.464844,25000000.000
2246,2047,-0.488281,25000000.000
2247,2046,-0.976562,25000000.000
2248,2047,-0.488281,25000000.000
2249,2048,0.000000,25000000.000
2250,2049,0.488281,25000000.000
2251,2048,0.000000,25000000.000
2252,2050,0.976562,25000000.000
2253,2050,0.976562,25000000.000
2254,2049,0.488281,25000000.000
2255,2049,0.488281,25000000.000
2256,2050,0.976562,25000000.000
2257,2050,0.976562,25000000.000
2258,2050,0.976562,25000000.000
2259,2051,1.464844,25000000.000
2260,2050,0.976562,25000000.000
2261,2047,-0.488281,25000000.000
2262,2047,-0.488281,25000000.000
2263,2049,0.488281,25000000.000
2264,2047,-0.488281,25000000.000
2265,2043,-2.441406,25000000.000
2266,2044,-1.953125,25000000.000
2267,2045,-1.464844,25000000.000
2268,2043,-2.441406,25000000.000
2269,2042,-2.929688,25000000.000
2270,2041,-3.417969,25000000.000
2271,2041,-3.417969,25000000.000
2272,2039,-4.394531,25000000.000
2273,2038,-4.882812,25000000.000
2274,2038,-4.882812,25000000.000
2275,2042,-2.929688,25000000.000
2276,2038,-4.882812,25000000.000
2277,2037,-5.371094,25000000.000
2278,2039,-4.394531,25000000.000
2279,2038,-4.882812,25000000.000
2280,2040,-3.906250,25000000.000
2281,2040,-3.906250,25000000.000
2282,2040,-3.906250,25000000.000
2283,2041,-3.417969,25000000.000
2284,2044,-1.953125,25000000.000
2285,2045,-1.464844,25000000.000
2286,2043,-2.441406,25000000.000
2287,2042,-2.929688,25000000.000
2288,2048,0.000000,25000000.000
2289,2048,0.000000,25000000.000
2290,2047,-0.488281,25000000.000
2291,2047,-0.488281,25000000.000
2292,2050,0.976562,25000000.000
2293,2048,0.000000,25000000.000
2294,2051,1.464844,25000000.000
2295,2050,0.976562,25000000.000
2296,2052,1.953125,25000000.000
2297,2051,1.464844,25000000.000
2298,2051,1.464844,25000000.000
2299,2051,1.464844,25000000.000
2300,2051,1.464844,25000000.000
2301,2051,1.464844,25000000.000
2302,2050,0.976562,25000000.000
2303,2048,0.000000,25000000.000
2304,2047,-0.488281,25000000.000
2305,2047,-0.488281,25000000.000
2306,2047,-0.488281,25000000.000
2307,2048,0.000000,25000000.000
2308,2043,-2.441406,25000000.000
2309,2044,-1.953125,25000000.000
2310,2043,-2.441406,25000000.000
2311,2042,-2.929688,25000000.000
2312,2041,-3.417969,25000000.000
2313,2041,-3.417969,25000000.000
2314,2042,-2.929688,25000000.000
2315,2041,-3.417969,25000000.000
2316,2040,-3.906250,25000000.000
2317,2040,-3.906250,25000000.000
2318,2039,-4.394531,25000000.000
2319,2039,-4.394531,25000000.000
2320,2040,-3.906250,25000000.000
2321,2040,-3.906250,25000000.000
2322,2039,-4.394531,25000000.000
2323,2041,-3.417969,25000000.000
2324,2043,-2.441406,25000000.000
2325,2043,-2.441406,25000000.000
2326,2043,-2.441406,25000000.000
2327,2046,-0.976562,25000000.000
2328,2047,-0.488281,25000000.000
2329,2045,-1.464844,25000000.000
2330,2047,-0.488281,25000000.000
2331,2046,-0.976562,25000000.000
2332,2050,0.976562,25000000.000
2333,2050,0.976562,25000000.000
2334,2051,1.464844,25000000.000
2335,2051,1.464844,25000000.000
2336,2051,1.464844,25000000.000
2337,2052,1.953125,25000000.000
2338,2053,2.441406,25000000.000
2339,2053,2.441406,25000000.000
2340,2051,1.464844,25000000.000
2341,2052,1.953125,25000000.000
2342,2052,1.953125,25000000.000
2343,2052,1.953125,25000000.000
2344,2051,1.464844,25000000.000
2345,2052,1.953125,25000000.000
2346,2049,0.488281,25000000.000
2347,2049,0.488281,25000000.000
2348,2047,-0.488281,25000000.000
2349,2038,-4.882812,25000000.000
2350,2051,1.464844,25000000.000
2351,2052,1.953125,25000000.000
2352,2049,0.488281,25000000.000
2353,2038,-4.882812,25000000.000
2354,2045,-1.464844,25000000.000
2355,2045,-1.464844,25000000.000
2356,2044,-1.953125,25000000.000
2357,2041,-3.417969,25000000.000
2358,2039,-4.394531,25000000.000
2359,2044,-1.953125,25000000.000
2360,2042,-2.929688,25000000.000
2361,2038,-4.882812,25000000.000
2362,2041,-3.417969,25000000.000
2363,2040,-3.906250,25000000.000
2364,2041,-3.417969,25000000.000
2365,2040,-3.906250,25000000.000
2366,2044,-1.953125,25000000.000
2367,2041,-3.417969,25000000.000
2368,2046,-0.976562,25000000.000
2369,2046,-0.976562,25000000.000
2370,2046,-0.976562,25000000.000
2371,2046,-0.976562,25000000.000
2372,2047,-0.488281,25000000.000
2373,2049,0.488281,25000000.000
2374,2049,0.488281,25000000.000
2375,2050,0.976562,25000000.000
2376,2050,0.976562,25000000.000
2377,2051,1.464844,25000000.000
2378,2053,2.441406,25000000.000
2379,2053,2.441406,25000000.000
2380,2052,1.953125,25000000.000
2381,2051,1.464844,25000000.000
2382,2052,1.953125,25000000.000
2383,2051,1.464844,25000000.000
2384,2051,1.464844,25000000.000
2385,2051,1.464844,25000000.000
2386,2050,0.976562,25000000.000
2387,2049,0.488281,25000000.000
2388,2048,0.000000,25000000.000
2389,2047,-0.488281,25000000.000
2390,2046,-0.976562,25000000.000
2391,2045,-1.464844,25000000.000
2392,2045,-1.464844,25000000.000
2393,2044,-1.953125,25000000.000
2394,2041,-3.417969,25000000.000
2395,2045,-1.464844,25000000.000
2396,2040,-3.906250,25000000.000
2397,2042,-2.929688,25000000.000
2398,2037,-5.371094,25000000.000
2399,2043,-2.441406,25000000.000
2400,2039,-4.394531,25000000.000
2401,2036,-5.859375,25000000.000
2402,2039,-4.394531,25000000.000
2403,2037,-5.371094,25000000.000
2404,2035,-6.347656,25000000.000
2405,2041,-3.417969,25000000.000
2406,2041,-3.417969,25000000.000
2407,2042,-2.929688,25000000.000
2408,2039,-4.394531,25000000.000
2409,2043,-2.441406,25000000.000
2410,2044,-1.953125,25000000.000
2411,2044,-1.953125,25000000.000
2412,2046,-0.976562,25000000.000
2413,2047,-0.488281,25000000.000
2414,2047,-0.488281,25000000.000
2415,2047,-0.488281,25000000.000
2416,2049,0.488281,25000000.000
2417,2050,0.976562,25000000.000
2418,2049,0.488281,25000000.000
2419,2049,0.488281,25000000.000
2420,2050,0.976562,25000000.000
2421,2051,1.464844,25000000.000
2422,2051,1.464844,25000000.000
2423,2052,1.953125,25000000.000
2424,2051,1.464844,25000000.000
2425,2050,0.976562,25000000.000
2426,2050,0.976562,25000000.000
2427,2049,0.488281,25000000.000
2428,2049,0.488281,25000000.000
2429,2046,-0.976562,25000000.000
2430,2046,-0.976562,25000000.000
2431,2046,-0.976562,25000000.000
2432,2045,-1.464844,25000000.000
2433,2042,-2.929688,25000000.000
2434,2042,-2.929688,25000000.000
2435,2042,-2.929688,25000000.000
2436,2043,-2.441406,25000000.000
2437,2040,-3.906250,25000000.000
2438,2039,-4.394531,25000000.000
2439,2039,-4.394531,25000000.000
2440,2038,-4.882812,25000000.000
2441,2037,-5.371094,25000000.000
2442,2038,-4.882812,25000000.000
2443,2039,-4.394531,25000000.000
2444,2038,-4.882812,25000000.000
2445,2039,-4.394531,25000000.000
2446,2040,-3.906250,25000000.000
2447,2039,-4.394531,25000000.000
2448,2040,-3.906250,25000000.000
2449,2039,-4.394531,25000000.000
2450,2042,-2.929688,25000000.000
2451,2042,-2.929688,25000000.000
2452,2044,-1.953125,25000000.000
2453,2046,-0.976562,25000000.000
2454,2045,-1.464844,25000000.000
2455,2045,-1.464844,25000000.000
2456,2047,-0.488281,25000000.000
2457,2048,0.000000,25000000.000
2458,2051,1.464844,25000000.000
2459,2053,2.441406,25000000.000
2460,2055,3.417969,25000000.000
2461,2048,0.000000,25000000.000
2462,2055,3.417969,25000000.000
2463,2057,4.394531,25000000.000
2464,2053,2.441406,25000000.000
2465,2051,1.464844,25000000.000
2466,2051,1.464844,25000000.000
2467,2052,1.953125,25000000.000
2468,2050,0.976562,25000000.000
2469,2049,0.488281,25000000.000
2470,2049,0.488281,25000000.000
2471,2049,0.488281,25000000.000
2472,2045,-1.464844,25000000.000
2473,2043,-2.441406,25000000.000
2474,2044,-1.953125,25000000.000
2475,2044,-1.953125,25000000.000
2476,2040,-3.906250,25000000.000
2477,2041,-3.417969,25000000.000
2478,2040,-3.906250,25000000.000
2479,2041,-3.417969,25000000.000
2480,2040,-3.906250,25000000.000
2481,2039,-4.394531,25000000.000
2482,2039,-4.394531,25000000.000
2483,2037,-5.371094,25000000.000
2484,2038,-4.882812,25000000.000
2485,2040,-3.906250,25000000.000
2486,2039,-4.394531,25000000.000
2487,2039,-4.394531,25000000.000
2488,2041,-3.417969,25000000.000
2489,2041,-3.417969,25000000.000
2490,2042,-2.929688,25000000.000
2491,2042,-2.929688,25000000.000
2492,2044,-1.953125,25000000.000
2493,2044,-1.953125,25000000.000
2494,2047,-0.488281,25000000.000
2495,2048,0.000000,25000000.000
2496,2048,0.000000,25000000.000
2497,2048,0.000000,25000000.000
2498,2049,0.488281,25000000.000
2499,2050,0.976562,25000000.000
2500,2051,1.464844,25000000.000
2501,2052,1.953125,25000000.000
2502,2053,2.441406,25000000.000
2503,2053,2.441406,25000000.000
2504,2052,1.953125,25000000.000
2505,2053,2.441406,25000000.000
2506,2052,1.953125,25000000.000
2507,2056,3.906250,25000000.000
2508,2051,1.464844,25000000.000
2509,2048,0.000000,25000000.000
2510,2050,0.976562,25000000.000
2511,2046,-0.976562,25000000.000
2512,2050,0.976562,25000000.000
2513,2048,0.000000,25000000.000
2514,2044,-1.953125,25000000.000
2515,2043,-2.441406,25000000.000
2516,2043,-2.441406,25000000.000
2517,2045,-1.464844,25000000.000
2518,2041,-3.417969,25000000.000
2519,2040,-3.906250,25000000.000
2520,2040,-3.906250,25000000.000
2521,2042,-2.929688,25000000.000
2522,2038,-4.882812,25000000.000
2523,2038,-4.882812,25000000.000
2524,2039,-4.394531,25000000.000
2525,2039,-4.394531,25000000.000
2526,2041,-3.417969,25000000.000
2527,2040,-3.906250,25000000.000
2528,2040,-3.906250,25000000.000
2529,2041,-3.417969,25000000.000
2530,2043,-2.441406,25000000.000
2531,2042,-2.929688,25000000.000
2532,2042,-2.929688,25000000.000
2533,2044,-1.953125,25000000.000
2534,2047,-0.488281,25000000.000
2535,2046,-0.976562,25000000.000
2536,2047,-0.488281,25000000.000
2537,2049,0.488281,25000000.000
2538,2049,0.488281,25000000.000
2539,2050,0.976562,25000000.000
2540,2050,0.976562,25000000.000
2541,2052,1.953125,25000000.000
2542,2052,1.953125,25000000.000
2543,2053,2.441406,25000000.000
2544,2051,1.464844,25000000.000
2545,2054,2.929688,25000000.000
2546,2053,2.441406,25000000.000
2547,2052,1.953125,25000000.000
2548,2052,1.953125,25000000.000
2549,2052,1.953125,25000000.000
2550,2049,0.488281,25000000.000
2551,2050,0.976562,25000000.000
2552,2050,0.976562,25000000.000
2553,2049,0.488281,25000000.000
2554,2047,-0.488281,25000000.000
2555,2046,-0.976562,25000000.000
2556,2045,-1.464844,25000000.000
2557,2045,-1.464844,25000000.000
2558,2042,-2.929688,25000000.000
2559,2042,-2.929688,25000000.000
2560,2042,-2.929688,25000000.000
2561,2039,-4.394531,25000000.000
2562,2039,-4.394531,25000000.000
2563,2039,-4.394531,25000000.000
2564,2039,-4.394531,25000000.000
2565,2038,-4.882812,25000000.000
2566,2040,-3.906250,25000000.000
2567,2040,-3.906250,25000000.000
2568,2035,-6.347656,25000000.000
2569,2035,-6.347656,25000000.000
2570,2038,-4.882812,25000000.000
2571,2041,-3.417969,25000000.000
2572,2041,-3.417969,25000000.000
2573,2041,-3.417969,25000000.000
2574,2044,-1.953125,25000000.000
2575,2044,-1.953125,25000000.000
2576,2047,-0.488281,25000000.000
2577,2046,-0.976562,25000000.000
2578,2050,0.976562,25000000.000
2579,2047,-0.488281,25000000.000
2580,2052,1.953125,25000000.000
2581,2053,2.441406,25000000.000
2582,2051,1.464844,25000000.000
2583,2051,1.464844,25000000.000
2584,2053,2.441406,25000000.000
2585,2053,2.441406,25000000.000
2586,2051,1.464844,25000000.000
2587,2050,0.976562,25000000.000
2588,2053,2.441406,25000000.000
2589,2053,2.441406,25000000.000
2590,2049,0.488281,25000000.000
2591,2051,1.464844,25000000.000
2592,2050,0.976562,25000000.000
2593,2048,0.000000,25000000.000
2594,2046,-0.976562,25000000.000
2595,2047,-0.488281,25000000.000
2596,2046,-0.976562,25000000.000
2597,2044,-1.953125,25000000.000
2598,2045,-1.464844,25000000.000
2599,2045,-1.464844,25000000.000
2600,2041,-3.417969,25000000.000
2601,2040,-3.906250,25000000.000
2602,2040,-3.906250,25000000.000
2603,2040,-3.906250,25000000.000
2604,2038,-4.882812,25000000.000
2605,2039,-4.394531,25000000.000
2606,2038,-4.882812,25000000.000
2607,2039,-4.394531,25000000.000
2608,2038,-4.882812,25000000.000
2609,2040,-3.906250,25000000.000
2610,2041,-3.417969,25000000.000
2611,2040,-3.906250,25000000.000
2612,2040,-3.906250,25000000.000
2613,2041,-3.417969,25000000.000
2614,2043,-2.441406,25000000.000
2615,2041,-3.417969,25000000.000
2616,2045,-1.464844,25000000.000
2617,2046,-0.976562,25000000.000
2618,2046,-0.976562,25000000.000
2619,2045,-1.464844,25000000.000
2620,2048,0.000000,25000000.000
2621,2049,0.488281,25000000.000
2622,2049,0.488281,25000000.000
2623,2050,0.976562,25000000.000
2624,2051,1.464844,25000000.000
2625,2051,1.464844,25000000.000
2626,2050,0.976562,25000000.000
2627,2051,1.464844,25000000.000
2628,2051,1.464844,25000000.000
2629,2050,0.976562,25000000.000
2630,2052,1.953125,25000000.000
2631,2051,1.464844,25000000.000
2632,2049,0.488281,25000000.000
2633,2048,0.000000,25000000.000
2634,2048,0.000000,25000000.000
2635,2047,-0.488281,25000000.000
2636,2043,-2.441406,25000000.000
2637,2045,-1.464844,25000000.000
2638,2045,-1.464844,25000000.000
2639,2045,-1.464844,25000000.000
2640,2041,-3.417969,25000000.000
2641,2041,-3.417969,25000000.000
2642,2042,-2.929688,25000000.000
2643,2042,-2.929688,25000000.000
2644,2038,-4.882812,25000000.000
2645,2039,-4.394531,25000000.000
2646,2039,-4.394531,25000000.000
2647,2037,-5.371094,25000000.000
2648,2040,-3.906250,25000000.000
2649,2039,-4.394531,25000000.000
2650,2038,-4.882812,25000000.000
2651,2037,-5.371094,25000000.000
2652,2041,-3.417969,25000000.000
2653,2040,-3.906250,25000000.000
2654,2041,-3.417969,25000000.000
2655,2041,-3.417969,25000000.000
2656,2044,-1.953125,25000000.000
2657,2045,-1.464844,25000000.000
2658,2045,-1.464844,25000000.000
2659,2047,-0.488281,25000000.000
2660,2048,0.000000,25000000.000
2661,2049,0.488281,25000000.000
2662,2051,1.464844,25000000.000
2663,2051,1.464844,25000000.000
2664,2052,1.953125,25000000.000
2665,2050,0.976562,25000000.000
2666,2054,2.929688,25000000.000
2667,2053,2.441406,25000000.000
2668,2052,1.953125,25000000.000
2669,2052,1.953125,25000000.000
2670,2051,1.464844,25000000.000
2671,2051,1.464844,25000000.000
2672,2049,0.488281,25000000.000
2673,2050,0.976562,25000000.000
2674,2050,0.976562,25000000.000
2675,2050,0.976562,25000000.000
2676,2048,0.000000,25000000.000
2677,2047,-0.488281,25000000.000
2678,2045,-1.464844,25000000.000
2679,2045,-1.464844,25000000.000
2680,2043,-2.441406,25000000.000
2681,2042,-2.929688,25000000.000
2682,2040,-3.906250,25000000.000
2683,2040,-3.906250,25000000.000
2684,2039,-4.394531,25000000.000
2685,2039,-4.394531,25000000.000
2686,2036,-5.859375,25000000.000
2687,2038,-4.882812,25000000.000
2688,2038,-4.882812,25000000.000
2689,2037,-5.371094,25000000.000
2690,2036,-5.859375,25000000.000
2691,2039,-4.394531,25000000.000
2692,2040,-3.906250,25000000.000
2693,2039,-4.394531,25000000.000
2694,2040,-3.906250,25000000.000
2695,2041,-3.417969,25000000.000
2696,2043,-2.441406,25000000.000
2697,2043,-2.441406,25000000.000
2698,2045,-1.464844,25000000.000
2699,2045,-1.464844,25000000.000
2700,2047,-0.488281,25000000.000
2701,2048,0.000000,25000000.000
2702,2050,0.976562,25000000.000
2703,2049,0.488281,25000000.000
2704,2053,2.441406,25000000.000
2705,2053,2.441406,25000000.000
2706,2052,1.953125,25000000.000
2707,2051,1.464844,25000000.000
2708,2051,1.464844,25000000.000
2709,2052,1.953125,25000000.000
2710,2053,2.441406,25000000.000
2711,2052,1.953125,25000000.000
2712,2051,1.464844,25000000.000
2713,2051,1.464844,25000000.000
2714,2052,1.953125,25000000.000
2715,2049,0.488281,25000000.000
2716,2048,0.000000,25000000.000
2717,2046,-0.976562,25000000.000
2718,2044,-1.953125,25000000.000
2719,2045,-1.464844,25000000.000
2720,2043,-2.441406,25000000.000
2721,2043,-2.441406,25000000.000
2722,2041,-3.417969,25000000.000
2723,2042,-2.929688,25000000.000
2724,2040,-3.906250,25000000.000
2725,2039,-4.394531,25000000.000
2726,2038,-4.882812,25000000.000
2727,2039,-4.394531,25000000.000
2728,2038,-4.882812,25000000.000
2729,2037,-5.371094,25000000.000
2730,2038,-4.882812,25000000.000
2731,2038,-4.882812,25000000.000
2732,2040,-3.906250,25000000.000
2733,2040,-3.906250,25000000.000
2734,2041,-3.417969,25000000.000
2735,2042,-2.929688,25000000.000
2736,2039,-4.394531,25000000.000
2737,2041,-3.417969,25000000.000
2738,2042,-2.929688,25000000.000
2739,2043,-2.441406,25000000.000
2740,2044,-1.953125,25000000.000
2741,2049,0.488281,25000000.000
2742,2046,-0.976562,25000000.000
2743,2050,0.976562,25000000.000
2744,2048,0.000000,25000000.000
2745,2054,2.929688,25000000.000
2746,2052,1.953125,25000000.000
2747,2054,2.929688,25000000.000
2748,2052,1.953125,25000000.000
2749,2054,2.929688,25000000.000
2750,2051,1.464844,25000000.000
2751,2052,1.953125,25000000.000
2752,2054,2.929688,25000000.000
2753,2051,1.464844,25000000.000
2754,2051,1.464844,25000000.000
2755,2050,0.976562,25000000.000
2756,2050,0.976562,25000000.000
2757,2049,0.488281,25000000.000
2758,2047,-0.488281,25000000.000
2759,2047,-0.488281,25000000.000
2760,2045,-1.464844,25000000.000
2761,2043,-2.441406,25000000.000
2762,2043,-2.441406,25000000.000
2763,2043,-2.441406,25000000.000
2764,2041,-3.417969,25000000.000
2765,2039,-4.394531,25000000.000
2766,2040,-3.906250,25000000.000
2767,2041,-3.417969,25000000.000
2768,2038,-4.882812,25000000.000
2769,2038,-4.882812,25000000.000
2770,2038,-4.882812,25000000.000
2771,2037,-5.371094,25000000.000
2772,2037,-5.371094,25000000.000
2773,2041,-3.417969,25000000.000
2774,2038,-4.882812,25000000.000
2775,2039,-4.394531,25000000.000
2776,2042,-2.929688,25000000.000
2777,2042,-2.929688,25000000.000
2778,2043,-2.441406,25000000.000
2779,2044,-1.953125,25000000.000
2780,2045,-1.464844,25000000.000
2781,2048,0.000000,25000000.000
2782,2047,-0.488281,25000000.000
2783,2048,0.000000,25000000.000
2784,2051,1.464844,25000000.000
2785,2052,1.953125,25000000.000
2786,2053,2.441406,25000000.000
2787,2052,1.953125,25000000.000
2788,2053,2.441406,25000000.000
2789,2054,2.929688,25000000.000
2790,2054,2.929688,25000000.000
2791,2054,2.929688,25000000.000
2792,2054,2.929688,25000000.000
2793,2053,2.441406,25000000.000
2794,2053,2.441406,25000000.000
2795,2055,3.417969,25000000.000
2796,2052,1.953125,25000000.000
2797,2050,0.976562,25000000.000
2798,2049,0.488281,25000000.000
2799,2049,0.488281,25000000.000
2800,2047,-0.488281,25000000.000
2801,2048,0.000000,25000000.000
2802,2045,-1.464844,25000000.000
2803,2044,-1.953125,25000000.000
2804,2042,-2.929688,25000000.000
2805,2042,-2.929688,25000000.000
2806,2039,-4.394531,25000000.000
2807,2040,-3.906250,25000000.000
2808,2039,-4.394531,25000000.000
2809,2038,-4.882812,25000000.000
2810,2037,-5.371094,25000000.000
2811,2036,-5.859375,25000000.000
2812,2038,-4.882812,25000000.000
2813,2038,-4.882812,25000000.000
2814,2039,-4.394531,25000000.000
2815,2038,-4.882812,25000000.000
2816,2033,-7.324219,25000000.000
2817,2039,-4.394531,25000000.000
2818,2039,-4.394531,25000000.000
2819,2040,-3.906250,25000000.000
2820,2042,-2.929688,25000000.000
2821,2046,-0.976562,25000000.000
2822,2042,-2.929688,25000000.000
2823,2045,-1.464844,25000000.000
2824,2048,0.000000,25000000.000
2825,2047,-0.488281,25000000.000
2826,2050,0.976562,25000000.000
2827,2051,1.464844,25000000.000
2828,2052,1.953125,25000000.000
2829,2051,1.464844,25000000.000
2830,2055,3.417969,25000000.000
2831,2054,2.929688,25000000.000
2832,2053,2.441406,25000000.000
2833,2053,2.441406,25000000.000
2834,2054,2.929688,25000000.000
2835,2054,2.929688,25000000.000
2836,2051,1.464844,25000000.000
2837,2050,0.976562,25000000.000
2838,2050,0.976562,25000000.000
2839,2048,0.000000,25000000.000
2840,2048,0.000000,25000000.000
2841,2047,-0.488281,25000000.000
2842,2046,-0.976562,25000000.000
2843,2046,-0.976562,25000000.000
2844,2042,-2.929688,25000000.000
2845,2041,-3.417969,25000000.000
2846,2040,-3.906250,25000000.000
2847,2039,-4.394531,25000000.000
2848,2038,-4.882812,25000000.000
2849,2037,-5.371094,25000000.000
2850,2033,-7.324219,25000000.000
2851,2035,-6.347656,25000000.000
2852,2039,-4.394531,25000000.000
2853,2039,-4.394531,25000000.000
2854,2035,-6.347656,25000000.000
2855,2035,-6.347656,25000000.000
2856,2038,-4.882812,25000000.000
2857,2038,-4.882812,25000000.000
2858,2036,-5.859375,25000000.000
2859,2039,-4.394531,25000000.000
2860,2041,-3.417969,25000000.000
2861,2040,-3.906250,25000000.000
2862,2044,-1.953125,25000000.000
2863,2050,0.976562,25000000.000
2864,2044,-1.953125,25000000.000
2865,2041,-3.417969,25000000.000
2866,2046,-0.976562,25000000.000
2867,2050,0.976562,25000000.000
2868,2054,2.929688,25000000.000
2869,2054,2.929688,25000000.000
2870,2050,0.976562,25000000.000
2871,2052,1.953125,25000000.000
2872,2052,1.953125,25000000.000
2873,2056,3.906250,25000000.000
2874,2052,1.953125,25000000.000
2875,2054,2.929688,25000000.000
2876,2052,1.953125,25000000.000
2877,2053,2.441406,25000000.000
2878,2052,1.953125,25000000.000
2879,2051,1.464844,25000000.000
2880,2049,0.488281,25000000.000
2881,2048,0.000000,25000000.000
2882,2046,-0.976562,25000000.000
2883,2045,-1.464844,25000000.000
2884,2043,-2.441406,25000000.000
2885,2043,-2.441406,25000000.000
2886,2041,-3.417969,25000000.000
2887,2041,-3.417969,25000000.000
2888,2039,-4.394531,25000000.000
2889,2037,-5.371094,25000000.000
2890,2037,-5.371094,25000000.000
2891,2036,-5.859375,25000000.000
2892,2037,-5.371094,25000000.000
2893,2036,-5.859375,25000000.000
2894,2037,-5.371094,25000000.000
2895,2037,-5.371094,25000000.000
2896,2037,-5.371094,25000000.000
2897,2036,-5.859375,25000000.000
2898,2039,-4.394531,25000000.000
2899,2040,-3.906250,25000000.000
2900,2040,-3.906250,25000000.000
2901,2041,-3.417969,25000000.000
2902,2042,-2.929688,25000000.000
2903,2042,-2.929688,25000000.000
2904,2045,-1.464844,25000000.000
2905,2048,0.000000,25000000.000
2906,2049,0.488281,25000000.000
2907,2050,0.976562,25000000.000
2908,2053,2.441406,25000000.000
2909,2053,2.441406,25000000.000
2910,2054,2.929688,25000000.000
2911,2055,3.417969,25000000.000
2912,2055,3.417969,25000000.000
2913,2053,2.441406,25000000.000
2914,2055,3.417969,25000000.000
2915,2054,2.929688,25000000.000
2916,2055,3.417969,25000000.000
2917,2055,3.417969,25000000.000
2918,2052,1.953125,25000000.000
2919,2051,1.464844,25000000.000
2920,2053,2.441406,25000000.000
2921,2049,0.488281,25000000.000
2922,2048,0.000000,25000000.000
2923,2050,0.976562,25000000.000
2924,2046,-0.976562,25000000.000
2925,2044,-1.953125,25000000.000
2926,2044,-1.953125,25000000.000
2927,2044,-1.953125,25000000.000
2928,2041,-3.417969,25000000.000
2929,2037,-5.371094,25000000.000
2930,2038,-4.882812,25000000.000
2931,2037,-5.371094,25000000.000
2932,2036,-5.859375,25000000.000
2933,2036,-5.859375,25000000.000
2934,2036,-5.859375,25000000.000
2935,2035,-6.347656,25000000.000
2936,2035,-6.347656,25000000.000
2937,2036,-5.859375,25000000.000
2938,2037,-5.371094,25000000.000
2939,2038,-4.882812,25000000.000
2940,2037,-5.371094,25000000.000
2941,2040,-3.906250,25000000.000
2942,2042,-2.929688,25000000.000
2943,2043,-2.441406,25000000.000
2944,2045,-1.464844,25000000.000
2945,2046,-0.976562,25000000.000
2946,2048,0.000000,25000000.000
2947,2047,-0.488281,25000000.000
2948,2051,1.464844,25000000.000
2949,2052,1.953125,25000000.000
2950,2051,1.464844,25000000.000
2951,2052,1.953125,25000000.000
2952,2054,2.929688,25000000.000
2953,2056,3.906250,25000000.000
2954,2054,2.929688,25000000.000
2955,2055,3.417969,25000000.000
2956,2055,3.417969,25000000.000
2957,2054,2.929688,25000000.000
2958,2053,2.441406,25000000.000
2959,2054,2.929688,25000000.000
2960,2053,2.441406,25000000.000
2961,2051,1.464844,25000000.000
2962,2051,1.464844,25000000.000
2963,2050,0.976562,25000000.000
2964,2047,-0.488281,25000000.000
2965,2044,-1.953125,25000000.000
2966,2044,-1.953125,25000000.000
2967,2043,-2.441406,25000000.000
2968,2040,-3.906250,25000000.000
2969,2039,-4.394531,25000000.000
2970,2039,-4.394531,25000000.000
2971,2038,-4.882812,25000000.000
2972,2036,-5.859375,25000000.000
2973,2036,-5.859375,25000000.000
2974,2036,-5.859375,25000000.000
2975,2036,-5.859375,25000000.000
2976,2035,-6.347656,25000000.000
2977,2036,-5.859375,25000000.000
2978,2036,-5.859375,25000000.000
2979,2035,-6.347656,25000000.000
2980,2039,-4.394531,25000000.000
2981,2038,-4.882812,25000000.000
2982,2040,-3.906250,25000000.000
2983,2040,-3.906250,25000000.000
2984,2042,-2.929688,25000000.000
2985,2043,-2.441406,25000000.000
2986,2045,-1.464844,25000000.000
2987,2045,-1.464844,25000000.000
2988,2049,0.488281,25000000.000
2989,2051,1.464844,25000000.000
2990,2053,2.441406,25000000.000
2991,2053,2.441406,25000000.000
2992,2052,1.953125,25000000.000
2993,2053,2.441406,25000000.000
2994,2056,3.906250,25000000.000
2995,2055,3.417969,25000000.000
2996,2055,3.417969,25000000.000
2997,2054,2.929688,25000000.000
2998,2055,3.417969,25000000.000
2999,2055,3.417969,25000000.000
3000,2054,2.929688,25000000.000
3001,2053,2.441406,25000000.000
3002,2052,1.953125,25000000.000
3003,2052,1.953125,25000000.000
3004,2048,0.000000,25000000.000
3005,2047,-0.488281,25000000.000
3006,2047,-0.488281,25000000.000
3007,2046,-0.976562,25000000.000
3008,2042,-2.929688,25000000.000
3009,2041,-3.417969,25000000.000
3010,2041,-3.417969,25000000.000
3011,2039,-4.394531,25000000.000
3012,2039,-4.394531,25000000.000
3013,2037,-5.371094,25000000.000
3014,2037,-5.371094,25000000.000
3015,2034,-6.835938,25000000.000
3016,2038,-4.882812,25000000.000
3017,2035,-6.347656,25000000.000
3018,2035,-6.347656,25000000.000
3019,2035,-6.347656,25000000.000
3020,2036,-5.859375,25000000.000
3021,2036,-5.859375,25000000.000
3022,2038,-4.882812,25000000.000
3023,2038,-4.882812,25000000.000
3024,2040,-3.906250,25000000.000
3025,2041,-3.417969,25000000.000
3026,2041,-3.417969,25000000.000
3027,2043,-2.441406,25000000.000
3028,2047,-0.488281,25000000.000
3029,2047,-0.488281,25000000.000
3030,2052,1.953125,25000000.000
3031,2051,1.464844,25000000.000
3032,2052,1.953125,25000000.000
3033,2052,1.953125,25000000.000
3034,2055,3.417969,25000000.000
3035,2055,3.417969,25000000.000
3036,2055,3.417969,25000000.000
3037,2055,3.417969,25000000.000
3038,2056,3.906250,25000000.000
3039,2056,3.906250,25000000.000
3040,2054,2.929688,25000000.000
3041,2055,3.417969,25000000.000
3042,2053,2.441406,25000000.000
3043,2053,2.441406,25000000.000
3044,2050,0.976562,25000000.000
3045,2049,0.488281,25000000.000
3046,2049,0.488281,25000000.000
3047,2048,0.000000,25000000.000
3048,2045,-1.464844,25000000.000
3049,2044,-1.953125,25000000.000
3050,2039,-4.394531,25000000.000
3051,2041,-3.417969,25000000.000
3052,2039,-4.394531,25000000.000
3053,2038,-4.882812,25000000.000
3054,2036,-5.859375,25000000.000
3055,2035,-6.347656,25000000.000
3056,2035,-6.347656,25000000.000
3057,2034,-6.835938,25000000.000
3058,2035,-6.347656,25000000.000
3059,2036,-5.859375,25000000.000
3060,2037,-5.371094,25000000.000
3061,2036,-5.859375,25000000.000
3062,2037,-5.371094,25000000.000
3063,2037,-5.371094,25000000.000
3064,2038,-4.882812,25000000.000
3065,2040,-3.906250,25000000.000
3066,2043,-2.441406,25000000.000
3067,2042,-2.929688,25000000.000
3068,2045,-1.464844,25000000.000
3069,2049,0.488281,25000000.000
3070,2048,0.000000,25000000.000
3071,2050,0.976562,25000000.000
3072,2051,1.464844,25000000.000
3073,2053,2.441406,25000000.000
3074,2054,2.929688,25000000.000
3075,2055,3.417969,25000000.000
3076,2055,3.417969,25000000.000
3077,2055,3.417969,25000000.000
3078,2055,3.417969,25000000.000
3079,2054,2.929688,25000000.000
3080,2055,3.417969,25000000.000
3081,2054,2.929688,25000000.000
3082,2053,2.441406,25000000.000
3083,2053,2.441406,25000000.000
3084,2051,1.464844,25000000.000
3085,2051,1.464844,25000000.000
3086,2047,-0.488281,25000000.000
3087,2051,1.464844,25000000.000
3088,2044,-1.953125,25000000.000
3089,2047,-0.488281,25000000.000
3090,2038,-4.882812,25000000.000
3091,2046,-0.976562,25000000.000
3092,2041,-3.417969,25000000.000
3093,2037,-5.371094,25000000.000
3094,2037,-5.371094,25000000.000
3095,2037,-5.371094,25000000.000
3096,2035,-6.347656,25000000.000
3097,2034,-6.835938,25000000.000
3098,2036,-5.859375,25000000.000
3099,2034,-6.835938,25000000.000
3100,2033,-7.324219,25000000.000
3101,2036,-5.859375,25000000.000
3102,2037,-5.371094,25000000.000
3103,2037,-5.371094,25000000.000
3104,2036,-5.859375,25000000.000
3105,2040,-3.906250,25000000.000
3106,2041,-3.417969,25000000.000
3107,2041,-3.417969,25000000.000
3108,2045,-1.464844,25000000.000
3109,2044,-1.953125,25000000.000
3110,2048,0.000000,25000000.000
3111,2047,-0.488281,25000000.000
3112,2051,1.464844,25000000.000
3113,2051,1.464844,25000000.000
3114,2052,1.953125,25000000.000
3115,2051,1.464844,25000000.000
3116,2052,1.953125,25000000.000
3117,2055,3.417969,25000000.000
3118,2056,3.906250,25000000.000
3119,2056,3.906250,25000000.000
3120,2056,3.906250,25000000.000
3121,2056,3.906250,25000000.000
3122,2055,3.417969,25000000.000
3123,2056,3.906250,25000000.000
3124,2054,2.929688,25000000.000
3125,2052,1.953125,25000000.000
3126,2051,1.464844,25000000.000
3127,2052,1.953125,25000000.000
3128,2049,0.488281,25000000.000
3129,2045,-1.464844,25000000.000
3130,2046,-0.976562,25000000.000
3131,2044,-1.953125,25000000.000
3132,2042,-2.929688,25000000.000
3133,2038,-4.882812,25000000.000
3134,2038,-4.882812,25000000.000
3135,2039,-4.394531,25000000.000
3136,2036,-5.859375,25000000.000
3137,2037,-5.371094,25000000.000
3138,2036,-5.859375,25000000.000
3139,2037,-5.371094,25000000.000
3140,2034,-6.835938,25000000.000
3141,2036,-5.859375,25000000.000
3142,2036,-5.859375,25000000.000
3143,2034,-6.835938,25000000.000
3144,2038,-4.882812,25000000.000
3145,2039,-4.394531,25000000.000
3146,2039,-4.394531,25000000.000
3147,2039,-4.394531,25000000.000
3148,2042,-2.929688,25000000.000
3149,2043,-2.441406,25000000.000
3150,2045,-1.464844,25000000.000
3151,2043,-2.441406,25000000.000
3152,2048,0.000000,25000000.000
3153,2050,0.976562,25000000.000
3154,2051,1.464844,25000000.000
3155,2051,1.464844,25000000.000
3156,2054,2.929688,25000000.000
3157,2054,2.929688,25000000.000
3158,2055,3.417969,25000000.000
3159,2055,3.417969,25000000.000
3160,2057,4.394531,25000000.000
3161,2055,3.417969,25000000.000
3162,2056,3.906250,25000000.000
3163,2055,3.417969,25000000.000
3164,2054,2.929688,25000000.000
3165,2053,2.441406,25000000.000
3166,2053,2.441406,25000000.000
3167,2054,2.929688,25000000.000
3168,2048,0.000000,25000000.000
3169,2047,-0.488281,25000000.000
3170,2048,0.000000,25000000.000
3171,2047,-0.488281,25000000.000
3172,2042,-2.929688,25000000.000
3173,2043,-2.441406,25000000.000
3174,2039,-4.394531,25000000.000
3175,2040,-3.906250,25000000.000
3176,2038,-4.882812,25000000.000
3177,2037,-5.371094,25000000.000
3178,2037,-5.371094,25000000.000
3179,2036,-5.859375,25000000.000
3180,2037,-5.371094,25000000.000
3181,2037,-5.371094,25000000.000
3182,2034,-6.835938,25000000.000
3183,2035,-6.347656,25000000.000
3184,2037,-5.371094,25000000.000
3185,2038,-4.882812,25000000.000
3186,2037,-5.371094,25000000.000
3187,2038,-4.882812,25000000.000
3188,2041,-3.417969,25000000.000
3189,2044,-1.953125,25000000.000
3190,2043,-2.441406,25000000.000
3191,2045,-1.464844,25000000.000
3192,2048,0.000000,25000000.000
3193,2047,-0.488281,25000000.000
3194,2049,0.488281,25000000.000
3195,2050,0.976562,25000000.000
3196,2053,2.441406,25000000.000
3197,2054,2.929688,25000000.000
3198,2055,3.417969,25000000.000
3199,2056,3.906250,25000000.000
3200,2055,3.417969,25000000.000
3201,2054,2.929688,25000000.000
3202,2055,3.417969,25000000.000
3203,2055,3.417969,25000000.000
3204,2053,2.441406,25000000.000
3205,2054,2.929688,25000000.000
3206,2053,2.441406,25000000.000
3207,2053,2.441406,25000000.000
3208,2051,1.464844,25000000.000
3209,2049,0.488281,25000000.000
3210,2048,0.000000,25000000.000
3211,2047,-0.488281,25000000.000
3212,2045,-1.464844,25000000.000
3213,2043,-2.441406,25000000.000
3214,2043,-2.441406,25000000.000
3215,2041,-3.417969,25000000.000
3216,2038,-4.882812,25000000.000
3217,2040,-3.906250,25000000.000
3218,2035,-6.347656,25000000.000
3219,2036,-5.859375,25000000.000
3220,2036,-5.859375,25000000.000
3221,2035,-6.347656,25000000.000
3222,2035,-6.347656,25000000.000
3223,2036,-5.859375,25000000.000
3224,2037,-5.371094,25000000.000
3225,2035,-6.347656,25000000.000
3226,2036,-5.859375,25000000.000
3227,2037,-5.371094,25000000.000
3228,2039,-4.394531,25000000.000
3229,2039,-4.394531,25000000.000
3230,2042,-2.929688,25000000.000
3231,2042,-2.929688,25000000.000
3232,2044,-1.953125,25000000.000
3233,2046,-0.976562,25000000.000
3234,2048,0.000000,25000000.000
3235,2049,0.488281,25000000.000
3236,2050,0.976562,25000000.000
3237,2052,1.953125,25000000.000
3238,2054,2.929688,25000000.000
3239,2054,2.929688,25000000.000
3240,2054,2.929688,25000000.000
3241,2054,2.929688,25000000.000
3242,2054,2.929688,25000000.000
3243,2055,3.417969,25000000.000
3244,2055,3.417969,25000000.000
3245,2053,2.441406,25000000.000
3246,2053,2.441406,25000000.000
3247,2050,0.976562,25000000.000
3248,2051,1.464844,25000000.000
3249,2051,1.464844,25000000.000
3250,2048,0.000000,25000000.000
3251,2048,0.000000,25000000.000
3252,2046,-0.976562,25000000.000
3253,2044,-1.953125,25000000.000
3254,2041,-3.417969,25000000.000
3255,2043,-2.441406,25000000.000
3256,2039,-4.394531,25000000.000
3257,2038,-4.882812,25000000.000
3258,2038,-4.882812,25000000.000
3259,2039,-4.394531,25000000.000
3260,2038,-4.882812,25000000.000
3261,2036,-5.859375,25000000.000
3262,2036,-5.859375,25000000.000
3263,2036,-5.859375,25000000.000
3264,2035,-6.347656,25000000.000
3265,2035,-6.347656,25000000.000
3266,2038,-4.882812,25000000.000
3267,2036,-5.859375,25000000.000
3268,2037,-5.371094,25000000.000
3269,2040,-3.906250,25000000.000
3270,2043,-2.441406,25000000.000
3271,2042,-2.929688,25000000.000
3272,2042,-2.929688,25000000.000
3273,2045,-1.464844,25000000.000
3274,2046,-0.976562,25000000.000
3275,2047,-0.488281,25000000.000
3276,2049,0.488281,25000000.000
3277,2050,0.976562,25000000.000
3278,2052,1.953125,25000000.000
3279,2051,1.464844,25000000.000
3280,2056,3.906250,25000000.000
3281,2055,3.417969,25000000.000
3282,2054,2.929688,25000000.000
3283,2053,2.441406,25000000.000
3284,2056,3.906250,25000000.000
3285,2056,3.906250,25000000.000
3286,2053,2.441406,25000000.000
3287,2054,2.929688,25000000.000
3288,2052,1.953125,25000000.000
3289,2051,1.464844,25000000.000
3290,2050,0.976562,25000000.000
3291,2050,0.976562,25000000.000
3292,2050,0.976562,25000000.000
3293,2045,-1.464844,25000000.000
3294,2045,-1.464844,25000000.000
3295,2043,-2.441406,25000000.000
3296,2043,-2.441406,25000000.000
3297,2042,-2.929688,25000000.000
3298,2044,-1.953125,25000000.000
3299,2042,-2.929688,25000000.000
3300,2036,-5.859375,25000000.000
3301,2034,-6.835938,25000000.000
3302,2037,-5.371094,25000000.000
3303,2038,-4.882812,25000000.000
3304,2034,-6.835938,25000000.000
3305,2036,-5.859375,25000000.000
3306,2037,-5.371094,25000000.000
3307,2037,-5.371094,25000000.000
3308,2038,-4.882812,25000000.000
3309,2041,-3.417969,25000000.000
3310,2040,-3.906250,25000000.000
3311,2040,-3.906250,25000000.000
3312,2042,-2.929688,25000000.000
3313,2044,-1.953125,25000000.000
3314,2045,-1.464844,25000000.000
3315,2044,-1.953125,25000000.000
3316,2047,-0.488281,25000000.000
3317,2048,0.000000,25000000.000
3318,2050,0.976562,25000000.000
3319,2051,1.464844,25000000.000
3320,2053,2.441406,25000000.000
3321,2054,2.929688,25000000.000
3322,2053,2.441406,25000000.000
3323,2055,3.417969,25000000.000
3324,2055,3.417969,25000000.000
3325,2053,2.441406,25000000.000
3326,2055,3.417969,25000000.000
3327,2054,2.929688,25000000.000
3328,2053,2.441406,25000000.000
3329,2052,1.953125,25000000.000
3330,2051,1.464844,25000000.000
3331,2051,1.464844,25000000.000
3332,2048,0.000000,25000000.000
3333,2049,0.488281,25000000.000
3334,2048,0.000000,25000000.000
3335,2047,-0.488281,25000000.000
3336,2043,-2.441406,25000000.000
3337,2043,-2.441406,25000000.000
3338,2041,-3.417969,25000000.000
3339,2042,-2.929688,25000000.000
3340,2040,-3.906250,25000000.000
3341,2037,-5.371094,25000000.000
3342,2037,-5.371094,25000000.000
3343,2036,-5.859375,25000000.000
3344,2036,-5.859375,25000000.000
3345,2036,-5.859375,25000000.000
3346,2037,-5.371094,25000000.000
3347,2034,-6.835938,25000000.000
3348,2037,-5.371094,25000000.000
3349,2038,-4.882812,25000000.000
3350,2037,-5.371094,25000000.000
3351,2037,-5.371094,25000000.000
3352,2041,-3.417969,25000000.000
3353,2042,-2.929688,25000000.000
3354,2042,-2.929688,25000000.000
3355,2043,-2.441406,25000000.000
3356,2047,-0.488281,25000000.000
3357,2046,-0.976562,25000000.000
3358,2059,5.371094,25000000.000
3359,2051,1.464844,25000000.000
3360,2048,0.000000,25000000.000
3361,2049,0.488281,25000000.000
3362,2054,2.929688,25000000.000
3363,2054,2.929688,25000000.000
3364,2054,2.929688,25000000.000
3365,2054,2.929688,25000000.000
3366,2057,4.394531,25000000.000
3367,2057,4.394531,25000000.000
3368,2054,2.929688,25000000.000
3369,2053,2.441406,25000000.000
3370,2054,2.929688,25000000.000
3371,2054,2.929688,25000000.000
3372,2051,1.464844,25000000.000
3373,2049,0.488281,25000000.000
3374,2049,0.488281,25000000.000
3375,2049,0.488281,25000000.000
3376,2048,0.000000,25000000.000
3377,2042,-2.929688,25000000.000
3378,2043,-2.441406,25000000.000
3379,2041,-3.417969,25000000.000
3380,2040,-3.906250,25000000.000
3381,2041,-3.417969,25000000.000
3382,2038,-4.882812,25000000.000
3383,2037,-5.371094,25000000.000
3384,2036,-5.859375,25000000.000
3385,2036,-5.859375,25000000.000
3386,2035,-6.347656,25000000.000
3387,2036,-5.859375,25000000.000
3388,2037,-5.371094,25000000.000
3389,2035,-6.347656,25000000.000
3390,2036,-5.859375,25000000.000
3391,2038,-4.882812,25000000.000
3392,2039,-4.394531,25000000.000
3393,2038,-4.882812,25000000.000
3394,2046,-0.976562,25000000.000
3395,2042,-2.929688,25000000.000
3396,2042,-2.929688,25000000.000
3397,2042,-2.929688,25000000.000
3398,2047,-0.488281,25000000.000
3399,2048,0.000000,25000000.000
3400,2047,-0.488281,25000000.000
3401,2052,1.953125,25000000.000
3402,2051,1.464844,25000000.000
3403,2052,1.953125,25000000.000
3404,2053,2.441406,25000000.000
3405,2051,1.464844,25000000.000
3406,2058,4.882812,25000000.000
3407,2053,2.441406,25000000.000
3408,2051,1.464844,25000000.000
3409,2056,3.906250,25000000.000
3410,2051,1.464844,25000000.000
3411,2050,0.976562,25000000.000
3412,2052,1.953125,25000000.000
3413,2051,1.464844,25000000.000
3414,2048,0.000000,25000000.000
3415,2048,0.000000,25000000.000
3416,2047,-0.488281,25000000.000
3417,2048,0.000000,25000000.000
3418,2044,-1.953125,25000000.000
3419,2043,-2.441406,25000000.000
3420,2041,-3.417969,25000000.000
3421,2042,-2.929688,25000000.000
3422,2040,-3.906250,25000000.000
3423,2039,-4.394531,25000000.000
3424,2038,-4.882812,25000000.000
3425,2036,-5.859375,25000000.000
3426,2037,-5.371094,25000000.000
3427,2036,-5.859375,25000000.000
3428,2036,-5.859375,25000000.000
3429,2035,-6.347656,25000000.000
3430,2036,-5.859375,25000000.000
3431,2035,-6.347656,25000000.000
3432,2034,-6.835938,25000000.000
3433,2040,-3.906250,25000000.000
3434,2037,-5.371094,25000000.000
3435,2042,-2.929688,25000000.000
3436,2037,-5.371094,25000000.000
3437,2047,-0.488281,25000000.000
3438,2045,-1.464844,25000000.000
3439,2048,0.000000,25000000.000
3440,2048,0.000000,25000000.000
3441,2049,0.488281,25000000.000
3442,2049,0.488281,25000000.000
3443,2049,0.488281,25000000.000
3444,2054,2.929688,25000000.000
3445,2053,2.441406,25000000.000
3446,2054,2.929688,25000000.000
3447,2052,1.953125,25000000.000
3448,2053,2.441406,25000000.000
3449,2055,3.417969,25000000.000
3450,2054,2.929688,25000000.000
3451,2053,2.441406,25000000.000
3452,2053,2.441406,25000000.000
3453,2053,2.441406,25000000.000
3454,2051,1.464844,25000000.000
3455,2051,1.464844,25000000.000
3456,2050,0.976562,25000000.000
3457,2047,-0.488281,25000000.000
3458,2045,-1.464844,25000000.000
3459,2043,-2.441406,25000000.000
3460,2044,-1.953125,25000000.000
3461,2039,-4.394531,25000000.000
3462,2040,-3.906250,25000000.000
3463,2039,-4.394531,25000000.000
3464,2039,-4.394531,25000000.000
3465,2038,-4.882812,25000000.000
3466,2039,-4.394531,25000000.000
3467,2038,-4.882812,25000000.000
3468,2039,-4.394531,25000000.000
3469,2033,-7.324219,25000000.000
3470,2037,-5.371094,25000000.000
3471,2043,-2.441406,25000000.000
3472,2040,-3.906250,25000000.000
3473,2035,-6.347656,25000000.000
3474,2042,-2.929688,25000000.000
3475,2043,-2.441406,25000000.000
3476,2046,-0.976562,25000000.000
3477,2039,-4.394531,25000000.000
3478,2049,0.488281,25000000.000
3479,2049,0.488281,25000000.000
3480,2051,1.464844,25000000.000
3481,2046,-0.976562,25000000.000
3482,2053,2.441406,25000000.000
3483,2053,2.441406,25000000.000
3484,2055,3.417969,25000000.000
3485,2051,1.464844,25000000.000
3486,2054,2.929688,25000000.000
3487,2053,2.441406,25000000.000
3488,2057,4.394531,25000000.000
3489,2054,2.929688,25000000.000
3490,2055,3.417969,25000000.000
3491,2056,3.906250,25000000.000
3492,2054,2.929688,25000000.000
3493,2054,2.929688,25000000.000
3494,2053,2.441406,25000000.000
3495,2053,2.441406,25000000.000
3496,2049,0.488281,25000000.000
3497,2049,0.488281,25000000.000
3498,2048,0.000000,25000000.000
3499,2047,-0.488281,25000000.000
3500,2044,-1.953125,25000000.000
3501,2043,-2.441406,25000000.000
3502,2042,-2.929688,25000000.000
3503,2043,-2.441406,25000000.000
3504,2040,-3.906250,25000000.000
3505,2039,-4.394531,25000000.000
3506,2038,-4.882812,25000000.000
3507,2039,-4.394531,25000000.000
3508,2037,-5.371094,25000000.000
3509,2036,-5.859375,25000000.000
3510,2036,-5.859375,25000000.000
3511,2034,-6.835938,25000000.000
3512,2038,-4.882812,25000000.000
3513,2037,-5.371094,25000000.000
3514,2036,-5.859375,25000000.000
3515,2038,-4.882812,25000000.000
3516,2040,-3.906250,25000000.000
3517,2042,-2.929688,25000000.000
3518,2040,-3.906250,25000000.000
3519,2041,-3.417969,25000000.000
3520,2044,-1.953125,25000000.000
3521,2046,-0.976562,25000000.000
3522,2046,-0.976562,25000000.000
3523,2047,-0.488281,25000000.000
3524,2051,1.464844,25000000.000
3525,2054,2.929688,25000000.000
3526,2055,3.417969,25000000.000
3527,2059,5.371094,25000000.000
3528,2054,2.929688,25000000.000
3529,2045,-1.464844,25000000.000
3530,2058,4.882812,25000000.000
3531,2060,5.859375,25000000.000
3532,2058,4.882812,25000000.000
3533,2051,1.464844,25000000.000
3534,2057,4.394531,25000000.000
3535,2058,4.882812,25000000.000
3536,2051,1.464844,25000000.000
3537,2051,1.464844,25000000.000
3538,2051,1.464844,25000000.000
3539,2051,1.464844,25000000.000
3540,2047,-0.488281,25000000.000
3541,2045,-1.464844,25000000.000
3542,2045,-1.464844,25000000.000
3543,2045,-1.464844,25000000.000
3544,2041,-3.417969,25000000.000
3545,2041,-3.417969,25000000.000
3546,2039,-4.394531,25000000.000
3547,2038,-4.882812,25000000.000
3548,2037,-5.371094,25000000.000
3549,2036,-5.859375,25000000.000
3550,2036,-5.859375,25000000.000
3551,2036,-5.859375,25000000.000
3552,2038,-4.882812,25000000.000
3553,2037,-5.371094,25000000.000
3554,2036,-5.859375,25000000.000
3555,2036,-5.859375,25000000.000
3556,2040,-3.906250,25000000.000
3557,2039,-4.394531,25000000.000
3558,2041,-3.417969,25000000.000
3559,2043,-2.441406,25000000.000
3560,2046,-0.976562,25000000.000
3561,2045,-1.464844,25000000.000
3562,2047,-0.488281,25000000.000
3563,2047,-0.488281,25000000.000
3564,2050,0.976562,25000000.000
3565,2051,1.464844,25000000.000
3566,2052,1.953125,25000000.000
3567,2053,2.441406,25000000.000
3568,2053,2.441406,25000000.000
3569,2056,3.906250,25000000.000
3570,2054,2.929688,25000000.000
3571,2054,2.929688,25000000.000
3572,2053,2.441406,25000000.000
3573,2055,3.417969,25000000.000
3574,2055,3.417969,25000000.000
3575,2054,2.929688,25000000.000
3576,2052,1.953125,25000000.000
3577,2052,1.953125,25000000.000
3578,2053,2.441406,25000000.000
3579,2050,0.976562,25000000.000
3580,2050,0.976562,25000000.000
3581,2047,-0.488281,25000000.000
3582,2043,-2.441406,25000000.000
3583,2043,-2.441406,25000000.000
3584,2042,-2.929688,25000000.000
3585,2041,-3.417969,25000000.000
3586,2039,-4.394531,25000000.000
3587,2039,-4.394531,25000000.000
3588,2040,-3.906250,25000000.000
3589,2037,-5.371094,25000000.000
3590,2037,-5.371094,25000000.000
3591,2037,-5.371094,25000000.000
3592,2037,-5.371094,25000000.000
3593,2036,-5.859375,25000000.000
3594,2038,-4.882812,25000000.000
3595,2037,-5.371094,25000000.000
3596,2036,-5.859375,25000000.000
3597,2039,-4.394531,25000000.000
3598,2040,-3.906250,25000000.000
3599,2040,-3.906250,25000000.000
3600,2041,-3.417969,25000000.000
3601,2044,-1.953125,25000000.000
3602,2045,-1.464844,25000000.000
3603,2046,-0.976562,25000000.000
3604,2046,-0.976562,25000000.000
3605,2049,0.488281,25000000.000
3606,2051,1.464844,25000000.000
3607,2051,1.464844,25000000.000
3608,2052,1.953125,25000000.000
3609,2052,1.953125,25000000.000
3610,2054,2.929688,25000000.000
3611,2054,2.929688,25000000.000
3612,2054,2.929688,25000000.000
3613,2054,2.929688,25000000.000
3614,2054,2.929688,25000000.000
3615,2051,1.464844,25000000.000
3616,2051,1.464844,25000000.000
3617,2054,2.929688,25000000.000
3618,2051,1.464844,25000000.000
3619,2050,0.976562,25000000.000
3620,2048,0.000000,25000000.000
3621,2047,-0.488281,25000000.000
3622,2046,-0.976562,25000000.000
3623,2046,-0.976562,25000000.000
3624,2045,-1.464844,25000000.000
3625,2040,-3.906250,25000000.000
3626,2040,-3.906250,25000000.000
3627,2041,-3.417969,25000000.000
3628,2039,-4.394531,25000000.000
3629,2037,-5.371094,25000000.000
3630,2037,-5.371094,25000000.000
3631,2036,-5.859375,25000000.000
3632,2034,-6.835938,25000000.000
3633,2036,-5.859375,25000000.000
3634,2036,-5.859375,25000000.000
3635,2037,-5.371094,25000000.000
3636,2035,-6.347656,25000000.000
3637,2038,-4.882812,25000000.000
3638,2039,-4.394531,25000000.000
3639,2039,-4.394531,25000000.000
3640,2040,-3.906250,25000000.000
3641,2041,-3.417969,25000000.000
3642,2044,-1.953125,25000000.000
3643,2043,-2.441406,25000000.000
3644,2047,-0.488281,25000000.000
3645,2048,0.000000,25000000.000
3646,2049,0.488281,25000000.000
3647,2048,0.000000,25000000.000
3648,2050,0.976562,25000000.000
3649,2052,1.953125,25000000.000
3650,2051,1.464844,25000000.000
3651,2052,1.953125,25000000.000
3652,2054,2.929688,25000000.000
3653,2053,2.441406,25000000.000
3654,2054,2.929688,25000000.000
3655,2055,3.417969,25000000.000
3656,2053,2.441406,25000000.000
3657,2051,1.464844,25000000.000
3658,2053,2.441406,25000000.000
3659,2053,2.441406,25000000.000
3660,2049,0.488281,25000000.000
3661,2046,-0.976562,25000000.000
3662,2048,0.000000,25000000.000
3663,2048,0.000000,25000000.000
3664,2044,-1.953125,25000000.000
3665,2043,-2.441406,25000000.000
3666,2041,-3.417969,25000000.000
3667,2043,-2.441406,25000000.000
3668,2037,-5.371094,25000000.000
3669,2038,-4.882812,25000000.000
3670,2039,-4.394531,25000000.000
3671,2039,-4.394531,25000000.000
3672,2036,-5.859375,25000000.000
3673,2036,-5.859375,25000000.000
3674,2037,-5.371094,25000000.000
3675,2036,-5.859375,25000000.000
3676,2036,-5.859375,25000000.000
3677,2036,-5.859375,25000000.000
3678,2038,-4.882812,25000000.000
3679,2035,-6.347656,25000000.000
3680,2040,-3.906250,25000000.000
3681,2041,-3.417969,25000000.000
3682,2041,-3.417969,25000000.000
3683,2043,-2.441406,25000000.000
3684,2047,-0.488281,25000000.000
3685,2046,-0.976562,25000000.000
3686,2047,-0.488281,25000000.000
3687,2048,0.000000,25000000.000
3688,2052,1.953125,25000000.000
3689,2051,1.464844,25000000.000
3690,2053,2.441406,25000000.000
3691,2053,2.441406,25000000.000
3692,2054,2.929688,25000000.000
3693,2054,2.929688,25000000.000
3694,2055,3.417969,25000000.000
3695,2055,3.417969,25000000.000
3696,2056,3.906250,25000000.000
3697,2054,2.929688,25000000.000
3698,2054,2.929688,25000000.000
3699,2055,3.417969,25000000.000
3700,2052,1.953125,25000000.000
3701,2050,0.976562,25000000.000
3702,2050,0.976562,25000000.000
3703,2050,0.976562,25000000.000
3704,2045,-1.464844,25000000.000
3705,2045,-1.464844,25000000.000
3706,2044,-1.953125,25000000.000
3707,2044,-1.953125,25000000.000
3708,2041,-3.417969,25000000.000
3709,2040,-3.906250,25000000.000
3710,2039,-4.394531,25000000.000
3711,2039,-4.394531,25000000.000
3712,2038,-4.882812,25000000.000
3713,2037,-5.371094,25000000.000
3714,2037,-5.371094,25000000.000
3715,2037,-5.371094,25000000.000
3716,2037,-5.371094,25000000.000
3717,2037,-5.371094,25000000.000
3718,2036,-5.859375,25000000.000
3719,2037,-5.371094,25000000.000
3720,2041,-3.417969,25000000.000
3721,2040,-3.906250,25000000.000
3722,2041,-3.417969,25000000.000
3723,2041,-3.417969,25000000.000
3724,2044,-1.953125,25000000.000
3725,2044,-1.953125,25000000.000
3726,2046,-0.976562,25000000.000
3727,2048,0.000000,25000000.000
3728,2048,0.000000,25000000.000
3729,2049,0.488281,25000000.000
3730,2052,1.953125,25000000.000
3731,2052,1.953125,25000000.000
3732,2054,2.929688,25000000.000
3733,2053,2.441406,25000000.000
3734,2054,2.929688,25000000.000
3735,2054,2.929688,25000000.000
3736,2052,1.953125,25000000.000
3737,2057,4.394531,25000000.000
3738,2053,2.441406,25000000.000
3739,2054,2.929688,25000000.000
3740,2052,1.953125,25000000.000
3741,2047,-0.488281,25000000.000
3742,2052,1.953125,25000000.000
3743,2048,0.000000,25000000.000
3744,2047,-0.488281,25000000.000
3745,2047,-0.488281,25000000.000
3746,2046,-0.976562,25000000.000
3747,2045,-1.464844,25000000.000
3748,2043,-2.441406,25000000.000
3749,2043,-2.441406,25000000.000
3750,2039,-4.394531,25000000.000
3751,2040,-3.906250,25000000.000
3752,2039,-4.394531,25000000.000
3753,2037,-5.371094,25000000.000
3754,2035,-6.347656,25000000.000
3755,2037,-5.371094,25000000.000
3756,2039,-4.394531,25000000.000
3757,2036,-5.859375,25000000.000
3758,2037,-5.371094,25000000.000
3759,2037,-5.371094,25000000.000
3760,2038,-4.882812,25000000.000
3761,2039,-4.394531,25000000.000
3762,2040,-3.906250,25000000.000
3763,2040,-3.906250,25000000.000
3764,2042,-2.929688,25000000.000
3765,2044,-1.953125,25000000.000
3766,2044,-1.953125,25000000.000
3767,2045,-1.464844,25000000.000
3768,2047,-0.488281,25000000.000
3769,2050,0.976562,25000000.000
3770,2050,0.976562,25000000.000
3771,2051,1.464844,25000000.000
3772,2053,2.441406,25000000.000
3773,2053,2.441406,25000000.000
3774,2054,2.929688,25000000.000
3775,2054,2.929688,25000000.000
3776,2054,2.929688,25000000.000
3777,2056,3.906250,25000000.000
3778,2053,2.441406,25000000.000
3779,2056,3.906250,25000000.000
3780,2053,2.441406,25000000.000
3781,2057,4.394531,25000000.000
3782,2047,-0.488281,25000000.000
3783,2054,2.929688,25000000.000
3784,2050,0.976562,25000000.000
3785,2048,0.000000,25000000.000
3786,2046,-0.976562,25000000.000
3787,2045,-1.464844,25000000.000
3788,2044,-1.953125,25000000.000
3789,2042,-2.929688,25000000.000
3790,2043,-2.441406,25000000.000
3791,2042,-2.929688,25000000.000
3792,2040,-3.906250,25000000.000
3793,2038,-4.882812,25000000.000
3794,2037,-5.371094,25000000.000
3795,2039,-4.394531,25000000.000
3796,2038,-4.882812,25000000.000
3797,2035,-6.347656,25000000.000
3798,2036,-5.859375,25000000.000
3799,2037,-5.371094,25000000.000
3800,2035,-6.347656,25000000.000
3801,2037,-5.371094,25000000.000
3802,2039,-4.394531,25000000.000
3803,2039,-4.394531,25000000.000
3804,2039,-4.394531,25000000.000
3805,2042,-2.929688,25000000.000
3806,2044,-1.953125,25000000.000
3807,2043,-2.441406,25000000.000
3808,2046,-0.976562,25000000.000
3809,2047,-0.488281,25000000.000
3810,2048,0.000000,25000000.000
3811,2049,0.488281,25000000.000
3812,2052,1.953125,25000000.000
3813,2051,1.464844,25000000.000
3814,2053,2.441406,25000000.000
3815,2052,1.953125,25000000.000
3816,2051,1.464844,25000000.000
3817,2055,3.417969,25000000.000
3818,2051,1.464844,25000000.000
3819,2052,1.953125,25000000.000
3820,2049,0.488281,25000000.000
3821,2052,1.953125,25000000.000
3822,2049,0.488281,25000000.000
3823,2053,2.441406,25000000.000
3824,2051,1.464844,25000000.000
3825,2046,-0.976562,25000000.000
3826,2049,0.488281,25000000.000
3827,2050,0.976562,25000000.000
3828,2047,-0.488281,25000000.000
3829,2043,-2.441406,25000000.000
3830,2043,-2.441406,25000000.000
3831,2043,-2.441406,25000000.000
3832,2040,-3.906250,25000000.000
3833,2040,-3.906250,25000000.000
3834,2038,-4.882812,25000000.000
3835,2038,-4.882812,25000000.000
3836,2037,-5.371094,25000000.000
3837,2037,-5.371094,25000000.000
3838,2036,-5.859375,25000000.000
3839,2036,-5.859375,25000000.000
3840,2037,-5.371094,25000000.000
3841,2037,-5.371094,25000000.000
3842,2037,-5.371094,25000000.000
3843,2036,-5.859375,25000000.000
3844,2040,-3.906250,25000000.000
3845,2042,-2.929688,25000000.000
3846,2041,-3.417969,25000000.000
3847,2040,-3.906250,25000000.000
3848,2044,-1.953125,25000000.000
3849,2048,0.000000,25000000.000
3850,2046,-0.976562,25000000.000
3851,2046,-0.976562,25000000.000
3852,2050,0.976562,25000000.000
3853,2050,0.976562,25000000.000
3854,2051,1.464844,25000000.000
3855,2051,1.464844,25000000.000
3856,2052,1.953125,25000000.000
3857,2050,0.976562,25000000.000
3858,2051,1.464844,25000000.000
3859,2051,1.464844,25000000.000
3860,2056,3.906250,25000000.000
3861,2054,2.929688,25000000.000
3862,2056,3.906250,25000000.000
3863,2054,2.929688,25000000.000
3864,2050,0.976562,25000000.000
3865,2051,1.464844,25000000.000
3866,2052,1.953125,25000000.000
3867,2051,1.464844,25000000.000
3868,2046,-0.976562,25000000.000
3869,2047,-0.488281,25000000.000
3870,2045,-1.464844,25000000.000
3871,2045,-1.464844,25000000.000
3872,2042,-2.929688,25000000.000
3873,2042,-2.929688,25000000.000
3874,2042,-2.929688,25000000.000
3875,2041,-3.417969,25000000.000
3876,2038,-4.882812,25000000.000
3877,2038,-4.882812,25000000.000
3878,2038,-4.882812,25000000.000
3879,2037,-5.371094,25000000.000
3880,2038,-4.882812,25000000.000
3881,2037,-5.371094,25000000.000
3882,2036,-5.859375,25000000.000
3883,2037,-5.371094,25000000.000
3884,2039,-4.394531,25000000.000
3885,2039,-4.394531,25000000.000
3886,2039,-4.394531,25000000.000
3887,2041,-3.417969,25000000.000
3888,2044,-1.953125,25000000.000
3889,2044,-1.953125,25000000.000
3890,2046,-0.976562,25000000.000
3891,2047,-0.488281,25000000.000
3892,2050,0.976562,25000000.000
3893,2049,0.488281,25000000.000
3894,2053,2.441406,25000000.000
3895,2053,2.441406,25000000.000
3896,2053,2.441406,25000000.000
3897,2053,2.441406,25000000.000
3898,2053,2.441406,25000000.000
3899,2054,2.929688,25000000.000
3900,2053,2.441406,25000000.000
3901,2055,3.417969,25000000.000
3902,2054,2.929688,25000000.000
3903,2054,2.929688,25000000.000
3904,2053,2.441406,25000000.000
3905,2050,0.976562,25000000.000
3906,2051,1.464844,25000000.000
3907,2049,0.488281,25000000.000
3908,2047,-0.488281,25000000.000
3909,2047,-0.488281,25000000.000
3910,2045,-1.464844,25000000.000
3911,2045,-1.464844,25000000.000
3912,2042,-2.929688,25000000.000
3913,2040,-3.906250,25000000.000
3914,2039,-4.394531,25000000.000
3915,2039,-4.394531,25000000.000
3916,2038,-4.882812,25000000.000
3917,2037,-5.371094,25000000.000
3918,2036,-5.859375,25000000.000
3919,2038,-4.882812,25000000.000
3920,2037,-5.371094,25000000.000
3921,2037,-5.371094,25000000.000
3922,2037,-5.371094,25000000.000
3923,2038,-4.882812,25000000.000
3924,2039,-4.394531,25000000.000
3925,2038,-4.882812,25000000.000
3926,2040,-3.906250,25000000.000
3927,2040,-3.906250,25000000.000
3928,2043,-2.441406,25000000.000
3929,2043,-2.441406,25000000.000
3930,2045,-1.464844,25000000.000
3931,2046,-0.976562,25000000.000
3932,2047,-0.488281,25000000.000
3933,2049,0.488281,25000000.000
3934,2049,0.488281,25000000.000
3935,2051,1.464844,25000000.000
3936,2051,1.464844,25000000.000
3937,2053,2.441406,25000000.000
3938,2054,2.929688,25000000.000
3939,2053,2.441406,25000000.000
3940,2054,2.929688,25000000.000
3941,2054,2.929688,25000000.000
3942,2054,2.929688,25000000.000
3943,2053,2.441406,25000000.000
3944,2054,2.929688,25000000.000
3945,2055,3.417969,25000000.000
3946,2052,1.953125,25000000.000
3947,2050,0.976562,25000000.000
3948,2051,1.464844,25000000.000
3949,2050,0.976562,25000000.000
3950,2046,-0.976562,25000000.000
3951,2046,-0.976562,25000000.000
3952,2046,-0.976562,25000000.000
3953,2043,-2.441406,25000000.000
3954,2040,-3.906250,25000000.000
3955,2041,-3.417969,25000000.000
3956,2040,-3.906250,25000000.000
3957,2037,-5.371094,25000000.000
3958,2040,-3.906250,25000000.000
3959,2040,-3.906250,25000000.000
3960,2037,-5.371094,25000000.000
3961,2038,-4.882812,25000000.000
3962,2037,-5.371094,25000000.000
3963,2039,-4.394531,25000000.000
3964,2038,-4.882812,25000000.000
3965,2038,-4.882812,25000000.000
3966,2039,-4.394531,25000000.000
3967,2039,-4.394531,25000000.000
3968,2040,-3.906250,25000000.000
3969,2043,-2.441406,25000000.000
3970,2044,-1.953125,25000000.000
3971,2044,-1.953125,25000000.000
3972,2045,-1.464844,25000000.000
3973,2047,-0.488281,25000000.000
3974,2049,0.488281,25000000.000
3975,2048,0.000000,25000000.000
3976,2053,2.441406,25000000.000
3977,2050,0.976562,25000000.000
3978,2052,1.953125,25000000.000
3979,2051,1.464844,25000000.000
3980,2055,3.417969,25000000.000
3981,2053,2.441406,25000000.000
3982,2053,2.441406,25000000.000
3983,2052,1.953125,25000000.000
3984,2054,2.929688,25000000.000
3985,2054,2.929688,25000000.000
3986,2052,1.953125,25000000.000
3987,2053,2.441406,25000000.000
3988,2051,1.464844,25000000.000
3989,2049,0.488281,25000000.000
3990,2048,0.000000,25000000.000
3991,2047,-0.488281,25000000.000
3992,2046,-0.976562,25000000.000
3993,2045,-1.464844,25000000.000
3994,2044,-1.953125,25000000.000
3995,2044,-1.953125,25000000.000
3996,2040,-3.906250,25000000.000
3997,2039,-4.394531,25000000.000
3998,2040,-3.906250,25000000.000
3999,2041,-3.417969,25000000.000
4000,2036,-5.859375,25000000.000
4001,2037,-5.371094,25000000.000
4002,2035,-6.347656,25000000.000
4003,2036,-5.859375,25000000.000
4004,2035,-6.347656,25000000.000
4005,2037,-5.371094,25000000.000
4006,2037,-5.371094,25000000.000
4007,2037,-5.371094,25000000.000
4008,2039,-4.394531,25000000.000
4009,2039,-4.394531,25000000.000
4010,2040,-3.906250,25000000.000
4011,2039,-4.394531,25000000.000
4012,2044,-1.953125,25000000.000
4013,2044,-1.953125,25000000.000
4014,2045,-1.464844,25000000.000
4015,2045,-1.464844,25000000.000
4016,2048,0.000000,25000000.000
4017,2051,1.464844,25000000.000
4018,2048,0.000000,25000000.000
4019,2050,0.976562,25000000.000
4020,2052,1.953125,25000000.000
4021,2053,2.441406,25000000.000
4022,2052,1.953125,25000000.000
4023,2052,1.953125,25000000.000
4024,2054,2.929688,25000000.000
4025,2053,2.441406,25000000.000
4026,2053,2.441406,25000000.000
4027,2051,1.464844,25000000.000
4028,2051,1.464844,25000000.000
4029,2051,1.464844,25000000.000
4030,2049,0.488281,25000000.000
4031,2050,0.976562,25000000.000
4032,2045,-1.464844,25000000.000
4033,2045,-1.464844,25000000.000
4034,2046,-0.976562,25000000.000
4035,2047,-0.488281,25000000.000
4036,2041,-3.417969,25000000.000
4037,2041,-3.417969,25000000.000
4038,2040,-3.906250,25000000.000
4039,2040,-3.906250,25000000.000
4040,2038,-4.882812,25000000.000
4041,2038,-4.882812,25000000.000
4042,2037,-5.371094,25000000.000
4043,2037,-5.371094,25000000.000
4044,2037,-5.371094,25000000.000
4045,2038,-4.882812,25000000.000
4046,2037,-5.371094,25000000.000
4047,2036,-5.859375,25000000.000
4048,2038,-4.882812,25000000.000
4049,2040,-3.906250,25000000.000
4050,2040,-3.906250,25000000.000
4051,2041,-3.417969,25000000.000
4052,2043,-2.441406,25000000.000
4053,2044,-1.953125,25000000.000
4054,2045,-1.464844,25000000.000
4055,2046,-0.976562,25000000.000
4056,2050,0.976562,25000000.000
4057,2050,0.976562,25000000.000
4058,2050,0.976562,25000000.000
4059,2051,1.464844,25000000.000
4060,2052,1.953125,25000000.000
4061,2052,1.953125,25000000.000
4062,2055,3.417969,25000000.000
4063,2054,2.929688,25000000.000
4064,2054,2.929688,25000000.000
4065,2054,2.929688,25000000.000
4066,2054,2.929688,25000000.000
4067,2053,2.441406,25000000.000
4068,2051,1.464844,25000000.000
4069,2053,2.441406,25000000.000
4070,2051,1.464844,25000000.000
4071,2053,2.441406,25000000.000
4072,2048,0.000000,25000000.000
4073,2049,0.488281,25000000.000
4074,2045,-1.464844,25000000.000
4075,2046,-0.976562,25000000.000
4076,2044,-1.953125,25000000.000
4077,2041,-3.417969,25000000.000
4078,2042,-2.929688,25000000.000
4079,2043,-2.441406,25000000.000
4080,2040,-3.906250,25000000.000
4081,2037,-5.371094,25000000.000
4082,2037,-5.371094,25000000.000
4083,2038,-4.882812,25000000.000
4084,2036,-5.859375,25000000.000
4085,2036,-5.859375,25000000.000
4086,2033,-7.324219,25000000.000
4087,2036,-5.859375,25000000.000
4088,2033,-7.324219,25000000.000
4089,2041,-3.417969,25000000.000
4090,2040,-3.906250,25000000.000
4091,2041,-3.417969,25000000.000
4092,2043,-2.441406,25000000.000
4093,2043,-2.441406,25000000.000
4094,2044,-1.953125,25000000.000
4095,2044,-1.953125,25000000.000
4096,2048,0.000000,25000000.000
4097,2045,-1.464844,25000000.000
4098,2049,0.488281,25000000.000
4099,2050,0.976562,25000000.000
4100,2051,1.464844,25000000.000
4101,2051,1.464844,25000000.000
4102,2055,3.417969,25000000.000
4103,2054,2.929688,25000000.000
4104,2051,1.464844,25000000.000
4105,2054,2.929688,25000000.000
4106,2056,3.906250,25000000.000
4107,2055,3.417969,25000000.000
4108,2052,1.953125,25000000.000
4109,2054,2.929688,25000000.000
4110,2052,1.953125,25000000.000
4111,2051,1.464844,25000000.000
4112,2049,0.488281,25000000.000
4113,2050,0.976562,25000000.000
4114,2047,-0.488281,25000000.000
4115,2046,-0.976562,25000000.000
4116,2044,-1.953125,25000000.000
4117,2045,-1.464844,25000000.000
4118,2042,-2.929688,25000000.000
4119,2042,-2.929688,25000000.000
4120,2040,-3.906250,25000000.000
4121,2037,-5.371094,25000000.000
4122,2036,-5.859375,25000000.000
4123,2038,-4.882812,25000000.000
4124,2037,-5.371094,25000000.000
4125,2037,-5.371094,25000000.000
4126,2034,-6.835938,25000000.000
4127,2036,-5.859375,25000000.000
4128,2035,-6.347656,25000000.000
4129,2040,-3.906250,25000000.000
4130,2035,-6.347656,25000000.000
4131,2038,-4.882812,25000000.000
4132,2040,-3.906250,25000000.000
4133,2042,-2.929688,25000000.000
4134,2043,-2.441406,25000000.000
4135,2042,-2.929688,25000000.000
4136,2045,-1.464844,25000000.000
4137,2046,-0.976562,25000000.000
4138,2049,0.488281,25000000.000
4139,2048,0.000000,25000000.000
4140,2050,0.976562,25000000.000
4141,2052,1.953125,25000000.000
4142,2053,2.441406,25000000.000
4143,2052,1.953125,25000000.000
4144,2055,3.417969,25000000.000
4145,2054,2.929688,25000000.000
4146,2054,2.929688,25000000.000
4147,2054,2.929688,25000000.000
4148,2055,3.417969,25000000.000
4149,2054,2.929688,25000000.000
4150,2052,1.953125,25000000.000
4151,2052,1.953125,25000000.000
4152,2051,1.464844,25000000.000
4153,2050,0.976562,25000000.000
4154,2048,0.000000,25000000.000
4155,2051,1.464844,25000000.000
4156,2047,-0.488281,25000000.000
4157,2044,-1.953125,25000000.000
4158,2043,-2.441406,25000000.000
4159,2043,-2.441406,25000000.000
4160,2043,-2.441406,25000000.000
4161,2038,-4.882812,25000000.000
4162,2039,-4.394531,25000000.000
4163,2039,-4.394531,25000000.000
4164,2037,-5.371094,25000000.000
4165,2038,-4.882812,25000000.000
4166,2037,-5.371094,25000000.000
4167,2037,-5.371094,25000000.000
4168,2037,-5.371094,25000000.000
4169,2037,-5.371094,25000000.000
4170,2038,-4.882812,25000000.000
4171,2039,-4.394531,25000000.000
4172,2039,-4.394531,25000000.000
4173,2041,-3.417969,25000000.000
4174,2042,-2.929688,25000000.000
4175,2042,-2.929688,25000000.000
4176,2044,-1.953125,25000000.000
4177,2045,-1.464844,25000000.000
4178,2046,-0.976562,25000000.000
4179,2046,-0.976562,25000000.000
4180,2049,0.488281,25000000.000
4181,2051,1.464844,25000000.000
4182,2050,0.976562,25000000.000
4183,2051,1.464844,25000000.000
4184,2053,2.441406,25000000.000
4185,2052,1.953125,25000000.000
4186,2053,2.441406,25000000.000
4187,2054,2.929688,25000000.000
4188,2054,2.929688,25000000.000
4189,2052,1.953125,25000000.000
4190,2052,1.953125,25000000.000
4191,2053,2.441406,25000000.000
4192,2052,1.953125,25000000.000
4193,2050,0.976562,25000000.000
4194,2049,0.488281,25000000.000
4195,2049,0.488281,25000000.000
4196,2046,-0.976562,25000000.000
4197,2047,-0.488281,25000000.000
4198,2045,-1.464844,25000000.000
4199,2044,-1.953125,25000000.000
4200,2041,-3.417969,25000000.000
4201,2041,-3.417969,25000000.000
4202,2040,-3.906250,25000000.000
4203,2041,-3.417969,25000000.000
4204,2037,-5.371094,25000000.000
4205,2038,-4.882812,25000000.000
4206,2038,-4.882812,25000000.000
4207,2038,-4.882812,25000000.000
4208,2036,-5.859375,25000000.000
4209,2037,-5.371094,25000000.000
4210,2036,-5.859375,25000000.000
4211,2036,-5.859375,25000000.000
4212,2039,-4.394531,25000000.000
4213,2040,-3.906250,25000000.000
4214,2039,-4.394531,25000000.000
4215,2039,-4.394531,25000000.000
4216,2042,-2.929688,25000000.000
4217,2043,-2.441406,25000000.000
4218,2043,-2.441406,25000000.000
4219,2044,-1.953125,25000000.000
4220,2048,0.000000,25000000.000
4221,2048,0.000000,25000000.000
4222,2049,0.488281,25000000.000
4223,2051,1.464844,25000000.000
4224,2052,1.953125,25000000.000
4225,2051,1.464844,25000000.000
4226,2053,2.441406,25000000.000
4227,2052,1.953125,25000000.000
4228,2052,1.953125,25000000.000
4229,2054,2.929688,25000000.000
4230,2053,2.441406,25000000.000
4231,2053,2.441406,25000000.000
4232,2052,1.953125,25000000.000
4233,2054,2.929688,25000000.000
4234,2052,1.953125,25000000.000
4235,2052,1.953125,25000000.000
4236,2048,0.000000,25000000.000
4237,2049,0.488281,25000000.000
4238,2048,0.000000,25000000.000
4239,2048,0.000000,25000000.000
4240,2044,-1.953125,25000000.000
4241,2043,-2.441406,25000000.000
4242,2042,-2.929688,25000000.000
4243,2042,-2.929688,25000000.000
4244,2041,-3.417969,25000000.000
4245,2038,-4.882812,25000000.000
4246,2037,-5.371094,25000000.000
4247,2038,-4.882812,25000000.000
4248,2038,-4.882812,25000000.000
4249,2038,-4.882812,25000000.000
4250,2036,-5.859375,25000000.000
4251,2036,-5.859375,25000000.000
4252,2037,-5.371094,25000000.000
4253,2038,-4.882812,25000000.000
4254,2039,-4.394531,25000000.000
4255,2039,-4.394531,25000000.000
4256,2041,-3.417969,25000000.000
4257,2042,-2.929688,25000000.000
4258,2043,-2.441406,25000000.000
4259,2044,-1.953125,25000000.000
4260,2046,-0.976562,25000000.000
4261,2045,-1.464844,25000000.000
4262,2048,0.000000,25000000.000
4263,2049,0.488281,25000000.000
4264,2051,1.464844,25000000.000
4265,2052,1.953125,25000000.000
4266,2053,2.441406,25000000.000
4267,2053,2.441406,25000000.000
4268,2052,1.953125,25000000.000
4269,2055,3.417969,25000000.000
4270,2055,3.417969,25000000.000
4271,2054,2.929688,25000000.000
4272,2054,2.929688,25000000.000
4273,2054,2.929688,25000000.000
4274,2053,2.441406,25000000.000
4275,2053,2.441406,25000000.000
4276,2052,1.953125,25000000.000
4277,2051,1.464844,25000000.000
4278,2049,0.488281,25000000.000
4279,2047,-0.488281,25000000.000
4280,2046,-0.976562,25000000.000
4281,2044,-1.953125,25000000.000
4282,2041,-3.417969,25000000.000
4283,2042,-2.929688,25000000.000
4284,2042,-2.929688,25000000.000
4285,2039,-4.394531,25000000.000
4286,2038,-4.882812,25000000.000
4287,2040,-3.906250,25000000.000
4288,2040,-3.906250,25000000.000
4289,2036,-5.859375,25000000.000
4290,2036,-5.859375,25000000.000
4291,2037,-5.371094,25000000.000
4292,2037,-5.371094,25000000.000
4293,2036,-5.859375,25000000.000
4294,2038,-4.882812,25000000.000
4295,2037,-5.371094,25000000.000
4296,2039,-4.394531,25000000.000
4297,2041,-3.417969,25000000.000
4298,2041,-3.417969,25000000.000
4299,2042,-2.929688,25000000.000
4300,2042,-2.929688,25000000.000
4301,2046,-0.976562,25000000.000
4302,2047,-0.488281,25000000.000
4303,2047,-0.488281,25000000.000
4304,2048,0.000000,25000000.000
4305,2050,0.976562,25000000.000
4306,2051,1.464844,25000000.000
4307,2051,1.464844,25000000.000
4308,2052,1.953125,25000000.000
4309,2052,1.953125,25000000.000
4310,2052,1.953125,25000000.000
4311,2053,2.441406,25000000.000
4312,2052,1.953125,25000000.000
4313,2053,2.441406,25000000.000
4314,2052,1.953125,25000000.000
4315,2053,2.441406,25000000.000
4316,2052,1.953125,25000000.000
4317,2051,1.464844,25000000.000
4318,2047,-0.488281,25000000.000
4319,2049,0.488281,25000000.000
4320,2049,0.488281,25000000.000
4321,2047,-0.488281,25000000.000
4322,2045,-1.464844,25000000.000
4323,2046,-0.976562,25000000.000
4324,2043,-2.441406,25000000.000
4325,2041,-3.417969,25000000.000
4326,2041,-3.417969,25000000.000
4327,2040,-3.906250,25000000.000
4328,2038,-4.882812,25000000.000
4329,2038,-4.882812,25000000.000
4330,2037,-5.371094,25000000.000
4331,2038,-4.882812,25000000.000
4332,2036,-5.859375,25000000.000
4333,2036,-5.859375,25000000.000
4334,2038,-4.882812,25000000.000
4335,2038,-4.882812,25000000.000
4336,2039,-4.394531,25000000.000
4337,2039,-4.394531,25000000.000
4338,2041,-3.417969,25000000.000
4339,2041,-3.417969,25000000.000
4340,2043,-2.441406,25000000.000
4341,2045,-1.464844,25000000.000
4342,2046,-0.976562,25000000.000
4343,2045,-1.464844,25000000.000
4344,2050,0.976562,25000000.000
4345,2051,1.464844,25000000.000
4346,2050,0.976562,25000000.000
4347,2049,0.488281,25000000.000
4348,2053,2.441406,25000000.000
4349,2054,2.929688,25000000.000
4350,2053,2.441406,25000000.000
4351,2056,3.906250,25000000.000
4352,2055,3.417969,25000000.000
4353,2057,4.394531,25000000.000
4354,2052,1.953125,25000000.000
4355,2053,2.441406,25000000.000
4356,2052,1.953125,25000000.000
4357,2053,2.441406,25000000.000
4358,2050,0.976562,25000000.000
4359,2050,0.976562,25000000.000
4360,2048,0.000000,25000000.000
4361,2049,0.488281,25000000.000
4362,2046,-0.976562,25000000.000
4363,2046,-0.976562,25000000.000
4364,2042,-2.929688,25000000.000
4365,2043,-2.441406,25000000.000
4366,2042,-2.929688,25000000.000
4367,2041,-3.417969,25000000.000
4368,2038,-4.882812,25000000.000
4369,2039,-4.394531,25000000.000
4370,2038,-4.882812,25000000.000
4371,2037,-5.371094,25000000.000
4372,2039,-4.394531,25000000.000
4373,2036,-5.859375,25000000.000
4374,2036,-5.859375,25000000.000
4375,2035,-6.347656,25000000.000
4376,2040,-3.906250,25000000.000
4377,2034,-6.835938,25000000.000
4378,2041,-3.417969,25000000.000
4379,2041,-3.417969,25000000.000
4380,2045,-1.464844,25000000.000
4381,2039,-4.394531,25000000.000
4382,2041,-3.417969,25000000.000
4383,2041,-3.417969,25000000.000
4384,2046,-0.976562,25000000.000
4385,2047,-0.488281,25000000.000
4386,2048,0.000000,25000000.000
4387,2049,0.488281,25000000.000
4388,2051,1.464844,25000000.000
4389,2050,0.976562,25000000.000
4390,2054,2.929688,25000000.000
4391,2055,3.417969,25000000.000
4392,2055,3.417969,25000000.000
4393,2054,2.929688,25000000.000
4394,2053,2.441406,25000000.000
4395,2055,3.417969,25000000.000
4396,2054,2.929688,25000000.000
4397,2054,2.929688,25000000.000
4398,2053,2.441406,25000000.000
4399,2052,1.953125,25000000.000
4400,2051,1.464844,25000000.000
4401,2050,0.976562,25000000.000
4402,2050,0.976562,25000000.000
4403,2049,0.488281,25000000.000
4404,2043,-2.441406,25000000.000
4405,2044,-1.953125,25000000.000
4406,2044,-1.953125,25000000.000
4407,2043,-2.441406,25000000.000
4408,2039,-4.394531,25000000.000
4409,2038,-4.882812,25000000.000
4410,2038,-4.882812,25000000.000
4411,2037,-5.371094,25000000.000
4412,2036,-5.859375,25000000.000
4413,2037,-5.371094,25000000.000
4414,2036,-5.859375,25000000.000
4415,2037,-5.371094,25000000.000
4416,2036,-5.859375,25000000.000
4417,2037,-5.371094,25000000.000
4418,2036,-5.859375,25000000.000
4419,2039,-4.394531,25000000.000
4420,2037,-5.371094,25000000.000
4421,2038,-4.882812,25000000.000
4422,2041,-3.417969,25000000.000
4423,2041,-3.417969,25000000.000
4424,2046,-0.976562,25000000.000
4425,2045,-1.464844,25000000.000
4426,2049,0.488281,25000000.000
4427,2048,0.000000,25000000.000
4428,2049,0.488281,25000000.000
4429,2051,1.464844,25000000.000
4430,2054,2.929688,25000000.000
4431,2053,2.441406,25000000.000
4432,2051,1.464844,25000000.000
4433,2049,0.488281,25000000.000
4434,2055,3.417969,25000000.000
4435,2051,1.464844,25000000.000
4436,2054,2.929688,25000000.000
4437,2055,3.417969,25000000.000
4438,2054,2.929688,25000000.000
4439,2053,2.441406,25000000.000
4440,2052,1.953125,25000000.000
4441,2053,2.441406,25000000.000
4442,2050,0.976562,25000000.000
4443,2049,0.488281,25000000.000
4444,2046,-0.976562,25000000.000
4445,2046,-0.976562,25000000.000
4446,2044,-1.953125,25000000.000
4447,2042,-2.929688,25000000.000
4448,2042,-2.929688,25000000.000
4449,2041,-3.417969,25000000.000
4450,2039,-4.394531,25000000.000
4451,2040,-3.906250,25000000.000
4452,2038,-4.882812,25000000.000
4453,2037,-5.371094,25000000.000
4454,2036,-5.859375,25000000.000
4455,2038,-4.882812,25000000.000
4456,2037,-5.371094,25000000.000
4457,2036,-5.859375,25000000.000
4458,2038,-4.882812,25000000.000
4459,2037,-5.371094,25000000.000
4460,2039,-4.394531,25000000.000
4461,2040,-3.906250,25000000.000
4462,2041,-3.417969,25000000.000
4463,2041,-3.417969,25000000.000
4464,2040,-3.906250,25000000.000
4465,2044,-1.953125,25000000.000
4466,2043,-2.441406,25000000.000
4467,2045,-1.464844,25000000.000
4468,2044,-1.953125,25000000.000
4469,2051,1.464844,25000000.000
4470,2047,-0.488281,25000000.000
4471,2053,2.441406,25000000.000
4472,2050,0.976562,25000000.000
4473,2057,4.394531,25000000.000
4474,2053,2.441406,25000000.000
4475,2059,5.371094,25000000.000
4476,2057,4.394531,25000000.000
4477,2053,2.441406,25000000.000
4478,2054,2.929688,25000000.000
4479,2053,2.441406,25000000.000
4480,2053,2.441406,25000000.000
4481,2052,1.953125,25000000.000
4482,2051,1.464844,25000000.000
4483,2051,1.464844,25000000.000
4484,2048,0.000000,25000000.000
4485,2047,-0.488281,25000000.000
4486,2044,-1.953125,25000000.000
4487,2045,-1.464844,25000000.000
4488,2045,-1.464844,25000000.000
4489,2040,-3.906250,25000000.000
4490,2040,-3.906250,25000000.000
4491,2039,-4.394531,25000000.000
4492,2039,-4.394531,25000000.000
4493,2037,-5.371094,25000000.000
4494,2039,-4.394531,25000000.000
4495,2038,-4.882812,25000000.000
4496,2037,-5.371094,25000000.000
4497,2040,-3.906250,25000000.000
4498,2038,-4.882812,25000000.000
4499,2039,-4.394531,25000000.000
4500,2034,-6.835938,25000000.000
4501,2039,-4.394531,25000000.000
4502,2041,-3.417969,25000000.000
4503,2042,-2.929688,25000000.000
4504,2042,-2.929688,25000000.000
4505,2043,-2.441406,25000000.000
4506,2046,-0.976562,25000000.000
4507,2045,-1.464844,25000000.000
4508,2047,-0.488281,25000000.000
4509,2046,-0.976562,25000000.000
4510,2057,4.394531,25000000.000
4511,2048,0.000000,25000000.000
4512,2054,2.929688,25000000.000
4513,2047,-0.488281,25000000.000
4514,2062,6.835938,25000000.000
4515,2056,3.906250,25000000.000
4516,2055,3.417969,25000000.000
4517,2055,3.417969,25000000.000
4518,2055,3.417969,25000000.000
4519,2058,4.882812,25000000.000
4520,2056,3.906250,25000000.000
4521,2052,1.953125,25000000.000
4522,2053,2.441406,25000000.000
4523,2053,2.441406,25000000.000
4524,2052,1.953125,25000000.000
4525,2048,0.000000,25000000.000
4526,2047,-0.488281,25000000.000
4527,2046,-0.976562,25000000.000
4528,2044,-1.953125,25000000.000
4529,2043,-2.441406,25000000.000
4530,2042,-2.929688,25000000.000
4531,2042,-2.929688,25000000.000
4532,2038,-4.882812,25000000.000
4533,2041,-3.417969,25000000.000
4534,2038,-4.882812,25000000.000
4535,2040,-3.906250,25000000.000
4536,2036,-5.859375,25000000.000
4537,2035,-6.347656,25000000.000
4538,2038,-4.882812,25000000.000
4539,2039,-4.394531,25000000.000
4540,2037,-5.371094,25000000.000
4541,2036,-5.859375,25000000.000
4542,2038,-4.882812,25000000.000
4543,2039,-4.394531,25000000.000
4544,2041,-3.417969,25000000.000
4545,2042,-2.929688,25000000.000
4546,2042,-2.929688,25000000.000
4547,2043,-2.441406,25000000.000
4548,2045,-1.464844,25000000.000
4549,2048,0.000000,25000000.000
4550,2048,0.000000,25000000.000
4551,2050,0.976562,25000000.000
4552,2051,1.464844,25000000.000
4553,2052,1.953125,25000000.000
4554,2052,1.953125,25000000.000
4555,2054,2.929688,25000000.000
4556,2054,2.929688,25000000.000
4557,2053,2.441406,25000000.000
4558,2056,3.906250,25000000.000
4559,2055,3.417969,25000000.000
4560,2054,2.929688,25000000.000
4561,2052,1.953125,25000000.000
4562,2052,1.953125,25000000.000
4563,2053,2.441406,25000000.000
4564,2050,0.976562,25000000.000
4565,2050,0.976562,25000000.000
4566,2048,0.000000,25000000.000
4567,2049,0.488281,25000000.000
4568,2044,-1.953125,25000000.000
4569,2043,-2.441406,25000000.000
4570,2043,-2.441406,25000000.000
4571,2042,-2.929688,25000000.000
4572,2039,-4.394531,25000000.000
4573,2038,-4.882812,25000000.000
4574,2036,-5.859375,25000000.000
4575,2036,-5.859375,25000000.000
4576,2036,-5.859375,25000000.000
4577,2036,-5.859375,25000000.000
4578,2032,-7.812500,25000000.000
4579,2032,-7.812500,25000000.000
4580,2033,-7.324219,25000000.000
4581,2037,-5.371094,25000000.000
4582,2035,-6.347656,25000000.000
4583,2034,-6.835938,25000000.000
4584,2038,-4.882812,25000000.000
4585,2040,-3.906250,25000000.000
4586,2040,-3.906250,25000000.000
4587,2041,-3.417969,25000000.000
4588,2044,-1.953125,25000000.000
4589,2044,-1.953125,25000000.000
4590,2046,-0.976562,25000000.000
4591,2047,-0.488281,25000000.000
4592,2049,0.488281,25000000.000
4593,2051,1.464844,25000000.000
4594,2052,1.953125,25000000.000
4595,2052,1.953125,25000000.000
4596,2052,1.953125,25000000.000
4597,2054,2.929688,25000000.000
4598,2055,3.417969,25000000.000
4599,2055,3.417969,25000000.000
4600,2054,2.929688,25000000.000
4601,2054,2.929688,25000000.000
4602,2054,2.929688,25000000.000
4603,2054,2.929688,25000000.000
4604,2052,1.953125,25000000.000
4605,2050,0.976562,25000000.000
4606,2049,0.488281,25000000.000
4607,2048,0.000000,25000000.000
4608,2047,-0.488281,25000000.000
4609,2046,-0.976562,25000000.000
4610,2044,-1.953125,25000000.000
4611,2043,-2.441406,25000000.000
4612,2041,-3.417969,25000000.000
4613,2040,-3.906250,25000000.000
4614,2037,-5.371094,25000000.000
4615,2037,-5.371094,25000000.000
4616,2035,-6.347656,25000000.000
4617,2036,-5.859375,25000000.000
4618,2035,-6.347656,25000000.000
4619,2035,-6.347656,25000000.000
4620,2034,-6.835938,25000000.000
4621,2035,-6.347656,25000000.000
4622,2036,-5.859375,25000000.000
4623,2036,-5.859375,25000000.000
4624,2038,-4.882812,25000000.000
4625,2038,-4.882812,25000000.000
4626,2040,-3.906250,25000000.000
4627,2041,-3.417969,25000000.000
4628,2043,-2.441406,25000000.000
4629,2043,-2.441406,25000000.000
4630,2043,-2.441406,25000000.000
4631,2046,-0.976562,25000000.000
4632,2049,0.488281,25000000.000
4633,2050,0.976562,25000000.000
4634,2051,1.464844,25000000.000
4635,2052,1.953125,25000000.000
4636,2054,2.929688,25000000.000
4637,2054,2.929688,25000000.000
4638,2056,3.906250,25000000.000
4639,2055,3.417969,25000000.000
4640,2056,3.906250,25000000.000
4641,2055,3.417969,25000000.000
4642,2055,3.417969,25000000.000
4643,2054,2.929688,25000000.000
4644,2054,2.929688,25000000.000
4645,2053,2.441406,25000000.000
4646,2051,1.464844,25000000.000
4647,2051,1.464844,25000000.000
4648,2048,0.000000,25000000.000
4649,2048,0.000000,25000000.000
4650,2044,-1.953125,25000000.000
4651,2044,-1.953125,25000000.000
4652,2044,-1.953125,25000000.000
4653,2041,-3.417969,25000000.000
4654,2040,-3.906250,25000000.000
4655,2040,-3.906250,25000000.000
4656,2037,-5.371094,25000000.000
4657,2034,-6.835938,25000000.000
4658,2036,-5.859375,25000000.000
4659,2035,-6.347656,25000000.000
4660,2035,-6.347656,25000000.000
4661,2034,-6.835938,25000000.000
4662,2035,-6.347656,25000000.000
4663,2036,-5.859375,25000000.000
4664,2036,-5.859375,25000000.000
4665,2036,-5.859375,25000000.000
4666,2039,-4.394531,25000000.000
4667,2038,-4.882812,25000000.000
4668,2041,-3.417969,25000000.000
4669,2042,-2.929688,25000000.000
4670,2044,-1.953125,25000000.000
4671,2044,-1.953125,25000000.000
4672,2047,-0.488281,25000000.000
4673,2049,0.488281,25000000.000
4674,2051,1.464844,25000000.000
4675,2050,0.976562,25000000.000
4676,2053,2.441406,25000000.000
4677,2054,2.929688,25000000.000
4678,2054,2.929688,25000000.000
4679,2054,2.929688,25000000.000
4680,2055,3.417969,25000000.000
4681,2056,3.906250,25000000.000
4682,2056,3.906250,25000000.000
4683,2056,3.906250,25000000.000
4684,2055,3.417969,25000000.000
4685,2054,2.929688,25000000.000
4686,2053,2.441406,25000000.000
4687,2054,2.929688,25000000.000
4688,2052,1.953125,25000000.000
4689,2047,-0.488281,25000000.000
4690,2048,0.000000,25000000.000
4691,2049,0.488281,25000000.000
4692,2043,-2.441406,25000000.000
4693,2042,-2.929688,25000000.000
4694,2043,-2.441406,25000000.000
4695,2042,-2.929688,25000000.000
4696,2039,-4.394531,25000000.000
4697,2038,-4.882812,25000000.000
4698,2039,-4.394531,25000000.000
4699,2040,-3.906250,25000000.000
4700,2035,-6.347656,25000000.000
4701,2035,-6.347656,25000000.000
4702,2033,-7.324219,25000000.000
4703,2035,-6.347656,25000000.000
4704,2033,-7.324219,25000000.000
4705,2039,-4.394531,25000000.000
4706,2039,-4.394531,25000000.000
4707,2040,-3.906250,25000000.000
4708,2040,-3.906250,25000000.000
4709,2044,-1.953125,25000000.000
4710,2042,-2.929688,25000000.000
4711,2043,-2.441406,25000000.000
4712,2044,-1.953125,25000000.000
4713,2049,0.488281,25000000.000
4714,2048,0.000000,25000000.000
4715,2048,0.000000,25000000.000
4716,2054,2.929688,25000000.000
4717,2052,1.953125,25000000.000
4718,2056,3.906250,25000000.000
4719,2055,3.417969,25000000.000
4720,2058,4.882812,25000000.000
4721,2054,2.929688,25000000.000
4722,2056,3.906250,25000000.000
4723,2055,3.417969,25000000.000
4724,2055,3.417969,25000000.000
4725,2053,2.441406,25000000.000
4726,2055,3.417969,25000000.000
4727,2053,2.441406,25000000.000
4728,2051,1.464844,25000000.000
4729,2049,0.488281,25000000.000
4730,2047,-0.488281,25000000.000
4731,2048,0.000000,25000000.000
4732,2046,-0.976562,25000000.000
4733,2044,-1.953125,25000000.000
4734,2041,-3.417969,25000000.000
4735,2042,-2.929688,25000000.000
4736,2040,-3.906250,25000000.000
4737,2038,-4.882812,25000000.000
4738,2037,-5.371094,25000000.000
4739,2037,-5.371094,25000000.000
4740,2036,-5.859375,25000000.000
4741,2036,-5.859375,25000000.000
4742,2035,-6.347656,25000000.000
4743,2033,-7.324219,25000000.000
4744,2035,-6.347656,25000000.000
4745,2032,-7.812500,25000000.000
4746,2038,-4.882812,25000000.000
4747,2040,-3.906250,25000000.000
4748,2039,-4.394531,25000000.000
4749,2039,-4.394531,25000000.000
4750,2044,-1.953125,25000000.000
4751,2046,-0.976562,25000000.000
4752,2048,0.000000,25000000.000
4753,2043,-2.441406,25000000.000
4754,2050,0.976562,25000000.000
4755,2050,0.976562,25000000.000
4756,2051,1.464844,25000000.000
4757,2048,0.000000,25000000.000
4758,2053,2.441406,25000000.000
4759,2053,2.441406,25000000.000
4760,2056,3.906250,25000000.000
4761,2054,2.929688,25000000.000
4762,2056,3.906250,25000000.000
4763,2056,3.906250,25000000.000
4764,2055,3.417969,25000000.000
4765,2056,3.906250,25000000.000
4766,2054,2.929688,25000000.000
4767,2054,2.929688,25000000.000
4768,2051,1.464844,25000000.000
4769,2050,0.976562,25000000.000
4770,2049,0.488281,25000000.000
4771,2048,0.000000,25000000.000
4772,2047,-0.488281,25000000.000
4773,2046,-0.976562,25000000.000
4774,2043,-2.441406,25000000.000
4775,2043,-2.441406,25000000.000
4776,2039,-4.394531,25000000.000
4777,2041,-3.417969,25000000.000
4778,2037,-5.371094,25000000.000
4779,2040,-3.906250,25000000.000
4780,2037,-5.371094,25000000.000
4781,2031,-8.300781,25000000.000
4782,2042,-2.929688,25000000.000
4783,2043,-2.441406,25000000.000
4784,2038,-4.882812,25000000.000
4785,2034,-6.835938,25000000.000
4786,2036,-5.859375,25000000.000
4787,2035,-6.347656,25000000.000
4788,2039,-4.394531,25000000.000
4789,2037,-5.371094,25000000.000
4790,2040,-3.906250,25000000.000
4791,2039,-4.394531,25000000.000
4792,2043,-2.441406,25000000.000
4793,2046,-0.976562,25000000.000
4794,2045,-1.464844,25000000.000
4795,2045,-1.464844,25000000.000
4796,2046,-0.976562,25000000.000
4797,2050,0.976562,25000000.000
4798,2052,1.953125,25000000.000
4799,2051,1.464844,25000000.000
4800,2052,1.953125,25000000.000
4801,2053,2.441406,25000000.000
4802,2055,3.417969,25000000.000
4803,2055,3.417969,25000000.000
4804,2054,2.929688,25000000.000
4805,2055,3.417969,25000000.000
4806,2053,2.441406,25000000.000
4807,2051,1.464844,25000000.000
4808,2054,2.929688,25000000.000
4809,2053,2.441406,25000000.000
4810,2051,1.464844,25000000.000
4811,2049,0.488281,25000000.000
4812,2049,0.488281,25000000.000
4813,2047,-0.488281,25000000.000
4814,2044,-1.953125,25000000.000
4815,2044,-1.953125,25000000.000
4816,2043,-2.441406,25000000.000
4817,2040,-3.906250,25000000.000
4818,2038,-4.882812,25000000.000
4819,2042,-2.929688,25000000.000
4820,2038,-4.882812,25000000.000
4821,2032,-7.812500,25000000.000
4822,2038,-4.882812,25000000.000
4823,2038,-4.882812,25000000.000
4824,2035,-6.347656,25000000.000
4825,2033,-7.324219,25000000.000
4826,2036,-5.859375,25000000.000
4827,2036,-5.859375,25000000.000
4828,2035,-6.347656,25000000.000
4829,2036,-5.859375,25000000.000
4830,2037,-5.371094,25000000.000
4831,2037,-5.371094,25000000.000
4832,2039,-4.394531,25000000.000
4833,2042,-2.929688,25000000.000
4834,2045,-1.464844,25000000.000
4835,2045,-1.464844,25000000.000
4836,2044,-1.953125,25000000.000
4837,2049,0.488281,25000000.000
4838,2050,0.976562,25000000.000
4839,2050,0.976562,25000000.000
4840,2054,2.929688,25000000.000
4841,2053,2.441406,25000000.000
4842,2054,2.929688,25000000.000
4843,2053,2.441406,25000000.000
4844,2055,3.417969,25000000.000
4845,2055,3.417969,25000000.000
4846,2053,2.441406,25000000.000
4847,2053,2.441406,25000000.000
4848,2053,2.441406,25000000.000
4849,2054,2.929688,25000000.000
4850,2051,1.464844,25000000.000
4851,2051,1.464844,25000000.000
4852,2050,0.976562,25000000.000
4853,2048,0.000000,25000000.000
4854,2047,-0.488281,25000000.000
4855,2047,-0.488281,25000000.000
4856,2043,-2.441406,25000000.000
4857,2042,-2.929688,25000000.000
4858,2042,-2.929688,25000000.000
4859,2042,-2.929688,25000000.000
4860,2038,-4.882812,25000000.000
4861,2037,-5.371094,25000000.000
4862,2039,-4.394531,25000000.000
4863,2038,-4.882812,25000000.000
4864,2035,-6.347656,25000000.000
4865,2036,-5.859375,25000000.000
4866,2035,-6.347656,25000000.000
4867,2035,-6.347656,25000000.000
4868,2037,-5.371094,25000000.000
4869,2037,-5.371094,25000000.000
4870,2039,-4.394531,25000000.000
4871,2038,-4.882812,25000000.000
4872,2040,-3.906250,25000000.000
4873,2042,-2.929688,25000000.000
4874,2043,-2.441406,25000000.000
4875,2043,-2.441406,25000000.000
4876,2047,-0.488281,25000000.000
4877,2048,0.000000,25000000.000
4878,2048,0.000000,25000000.000
4879,2048,0.000000,25000000.000
4880,2050,0.976562,25000000.000
4881,2053,2.441406,25000000.000
4882,2053,2.441406,25000000.000
4883,2054,2.929688,25000000.000
4884,2057,4.394531,25000000.000
4885,2055,3.417969,25000000.000
4886,2054,2.929688,25000000.000
4887,2056,3.906250,25000000.000
4888,2056,3.906250,25000000.000
4889,2054,2.929688,25000000.000
4890,2054,2.929688,25000000.000
4891,2053,2.441406,25000000.000
4892,2053,2.441406,25000000.000
4893,2051,1.464844,25000000.000
4894,2050,0.976562,25000000.000
4895,2050,0.976562,25000000.000
4896,2047,-0.488281,25000000.000
4897,2045,-1.464844,25000000.000
4898,2044,-1.953125,25000000.000
4899,2044,-1.953125,25000000.000
4900,2042,-2.929688,25000000.000
4901,2041,-3.417969,25000000.000
4902,2039,-4.394531,25000000.000
4903,2039,-4.394531,25000000.000
4904,2038,-4.882812,25000000.000
4905,2037,-5.371094,25000000.000
4906,2037,-5.371094,25000000.000
4907,2036,-5.859375,25000000.000
4908,2038,-4.882812,25000000.000
4909,2036,-5.859375,25000000.000
4910,2036,-5.859375,25000000.000
4911,2036,-5.859375,25000000.000
4912,2041,-3.417969,25000000.000
4913,2039,-4.394531,25000000.000
4914,2039,-4.394531,25000000.000
4915,2041,-3.417969,25000000.000
4916,2045,-1.464844,25000000.000
4917,2045,-1.464844,25000000.000
4918,2046,-0.976562,25000000.000
4919,2046,-0.976562,25000000.000
4920,2049,0.488281,25000000.000
4921,2050,0.976562,25000000.000
4922,2053,2.441406,25000000.000
4923,2052,1.953125,25000000.000
4924,2054,2.929688,25000000.000
4925,2052,1.953125,25000000.000
4926,2056,3.906250,25000000.000
4927,2054,2.929688,25000000.000
4928,2055,3.417969,25000000.000
4929,2054,2.929688,25000000.000
4930,2054,2.929688,25000000.000
4931,2054,2.929688,25000000.000
4932,2052,1.953125,25000000.000
4933,2052,1.953125,25000000.000
4934,2052,1.953125,25000000.000
4935,2052,1.953125,25000000.000
4936,2048,0.000000,25000000.000
4937,2047,-0.488281,25000000.000
4938,2046,-0.976562,25000000.000
4939,2045,-1.464844,25000000.000
4940,2042,-2.929688,25000000.000
4941,2043,-2.441406,25000000.000
4942,2040,-3.906250,25000000.000
4943,2039,-4.394531,25000000.000
4944,2038,-4.882812,25000000.000
4945,2038,-4.882812,25000000.000
4946,2036,-5.859375,25000000.000
4947,2035,-6.347656,25000000.000
4948,2036,-5.859375,25000000.000
4949,2036,-5.859375,25000000.000
4950,2036,-5.859375,25000000.000
4951,2037,-5.371094,25000000.000
4952,2038,-4.882812,25000000.000
4953,2037,-5.371094,25000000.000
4954,2039,-4.394531,25000000.000
4955,2039,-4.394531,25000000.000
4956,2041,-3.417969,25000000.000
4957,2042,-2.929688,25000000.000
4958,2044,-1.953125,25000000.000
4959,2044,-1.953125,25000000.000
4960,2048,0.000000,25000000.000
4961,2048,0.000000,25000000.000
4962,2049,0.488281,25000000.000
4963,2049,0.488281,25000000.000
4964,2053,2.441406,25000000.000
4965,2055,3.417969,25000000.000
4966,2054,2.929688,25000000.000
4967,2054,2.929688,25000000.000
4968,2054,2.929688,25000000.000
4969,2055,3.417969,25000000.000
4970,2056,3.906250,25000000.000
4971,2056,3.906250,25000000.000
4972,2053,2.441406,25000000.000
4973,2052,1.953125,25000000.000
4974,2053,2.441406,25000000.000
4975,2050,0.976562,25000000.000
4976,2049,0.488281,25000000.000
4977,2049,0.488281,25000000.000
4978,2044,-1.953125,25000000.000
4979,2045,-1.464844,25000000.000
4980,2043,-2.441406,25000000.000
4981,2043,-2.441406,25000000.000
4982,2039,-4.394531,25000000.000
4983,2042,-2.929688,25000000.000
4984,2039,-4.394531,25000000.000
4985,2035,-6.347656,25000000.000
4986,2036,-5.859375,25000000.000
4987,2036,-5.859375,25000000.000
4988,2035,-6.347656,25000000.000
4989,2034,-6.835938,25000000.000
4990,2036,-5.859375,25000000.000
4991,2035,-6.347656,25000000.000
4992,2034,-6.835938,25000000.000
4993,2035,-6.347656,25000000.000
4994,2038,-4.882812,25000000.000
4995,2038,-4.882812,25000000.000
4996,2039,-4.394531,25000000.000
4997,2042,-2.929688,25000000.000
4998,2043,-2.441406,25000000.000
4999,2043,-2.441406,25000000.000
5000,2046,-0.976562,25000000.000
5001,2048,0.000000,25000000.000
5002,2049,0.488281,25000000.000
5003,2047,-0.488281,25000000.000
5004,2051,1.464844,25000000.000
5005,2051,1.464844,25000000.000
5006,2055,3.417969,25000000.000
5007,2052,1.953125,25000000.000
5008,2055,3.417969,25000000.000
5009,2055,3.417969,25000000.000
5010,2054,2.929688,25000000.000
5011,2054,2.929688,25000000.000
5012,2054,2.929688,25000000.000
5013,2055,3.417969,25000000.000
5014,2050,0.976562,25000000.000
5015,2051,1.464844,25000000.000
5016,2050,0.976562,25000000.000
5017,2049,0.488281,25000000.000
5018,2047,-0.488281,25000000.000
5019,2047,-0.488281,25000000.000
5020,2045,-1.464844,25000000.000
5021,2043,-2.441406,25000000.000
5022,2041,-3.417969,25000000.000
5023,2041,-3.417969,25000000.000
5024,2040,-3.906250,25000000.000
5025,2037,-5.371094,25000000.000
5026,2037,-5.371094,25000000.000
5027,2036,-5.859375,25000000.000
5028,2036,-5.859375,25000000.000
5029,2036,-5.859375,25000000.000
5030,2034,-6.835938,25000000.000
5031,2036,-5.859375,25000000.000
5032,2034,-6.835938,25000000.000
5033,2036,-5.859375,25000000.000
5034,2036,-5.859375,25000000.000
5035,2037,-5.371094,25000000.000
5036,2038,-4.882812,25000000.000
5037,2038,-4.882812,25000000.000
5038,2042,-2.929688,25000000.000
5039,2041,-3.417969,25000000.000
5040,2045,-1.464844,25000000.000
5041,2045,-1.464844,25000000.000
5042,2048,0.000000,25000000.000
5043,2046,-0.976562,25000000.000
5044,2050,0.976562,25000000.000
5045,2052,1.953125,25000000.000
5046,2050,0.976562,25000000.000
5047,2051,1.464844,25000000.000
5048,2054,2.929688,25000000.000
5049,2053,2.441406,25000000.000
5050,2054,2.929688,25000000.000
5051,2055,3.417969,25000000.000
5052,2056,3.906250,25000000.000
5053,2055,3.417969,25000000.000
5054,2056,3.906250,25000000.000
5055,2054,2.929688,25000000.000
5056,2054,2.929688,25000000.000
5057,2051,1.464844,25000000.000
5058,2052,1.953125,25000000.000
5059,2050,0.976562,25000000.000
5060,2047,-0.488281,25000000.000
5061,2046,-0.976562,25000000.000
5062,2045,-1.464844,25000000.000
5063,2045,-1.464844,25000000.000
5064,2041,-3.417969,25000000.000
5065,2041,-3.417969,25000000.000
5066,2039,-4.394531,25000000.000
5067,2040,-3.906250,25000000.000
5068,2036,-5.859375,25000000.000
5069,2036,-5.859375,25000000.000
5070,2036,-5.859375,25000000.000
5071,2035,-6.347656,25000000.000
5072,2035,-6.347656,25000000.000
5073,2036,-5.859375,25000000.000
5074,2037,-5.371094,25000000.000
5075,2036,-5.859375,25000000.000
5076,2038,-4.882812,25000000.000
5077,2039,-4.394531,25000000.000
5078,2039,-4.394531,25000000.000
5079,2039,-4.394531,25000000.000
5080,2042,-2.929688,25000000.000
5081,2044,-1.953125,25000000.000
5082,2044,-1.953125,25000000.000
5083,2045,-1.464844,25000000.000
5084,2050,0.976562,25000000.000
5085,2049,0.488281,25000000.000
5086,2051,1.464844,25000000.000
5087,2052,1.953125,25000000.000
5088,2054,2.929688,25000000.000
5089,2054,2.929688,25000000.000
5090,2055,3.417969,25000000.000
5091,2054,2.929688,25000000.000
5092,2056,3.906250,25000000.000
5093,2055,3.417969,25000000.000
5094,2056,3.906250,25000000.000
5095,2055,3.417969,25000000.000
5096,2053,2.441406,25000000.000
5097,2053,2.441406,25000000.000
5098,2053,2.441406,25000000.000
5099,2053,2.441406,25000000.000
5100,2049,0.488281,25000000.000
5101,2048,0.000000,25000000.000
5102,2047,-0.488281,25000000.000
5103,2047,-0.488281,25000000.000
5104,2044,-1.953125,25000000.000
5105,2041,-3.417969,25000000.000
5106,2041,-3.417969,25000000.000
5107,2041,-3.417969,25000000.000
5108,2040,-3.906250,25000000.000
5109,2037,-5.371094,25000000.000
5110,2037,-5.371094,25000000.000
5111,2036,-5.859375,25000000.000
5112,2035,-6.347656,25000000.000
5113,2038,-4.882812,25000000.000
5114,2035,-6.347656,25000000.000
5115,2036,-5.859375,25000000.000
5116,2036,-5.859375,25000000.000
5117,2039,-4.394531,25000000.000
5118,2039,-4.394531,25000000.000
5119,2040,-3.906250,25000000.000
5120,2042,-2.929688,25000000.000
5121,2042,-2.929688,25000000.000
5122,2046,-0.976562,25000000.000
5123,2047,-0.488281,25000000.000
5124,2048,0.000000,25000000.000
5125,2048,0.000000,25000000.000
5126,2052,1.953125,25000000.000
5127,2049,0.488281,25000000.000
5128,2052,1.953125,25000000.000
5129,2053,2.441406,25000000.000
5130,2056,3.906250,25000000.000
5131,2055,3.417969,25000000.000
5132,2055,3.417969,25000000.000
5133,2058,4.882812,25000000.000
5134,2057,4.394531,25000000.000
5135,2057,4.394531,25000000.000
5136,2054,2.929688,25000000.000
5137,2054,2.929688,25000000.000
5138,2054,2.929688,25000000.000
5139,2053,2.441406,25000000.000
5140,2049,0.488281,25000000.000
5141,2050,0.976562,25000000.000
5142,2049,0.488281,25000000.000
5143,2047,-0.488281,25000000.000
5144,2045,-1.464844,25000000.000
5145,2044,-1.953125,25000000.000
5146,2041,-3.417969,25000000.000
5147,2040,-3.906250,25000000.000
5148,2039,-4.394531,25000000.000
5149,2039,-4.394531,25000000.000
5150,2035,-6.347656,25000000.000
5151,2037,-5.371094,25000000.000
5152,2035,-6.347656,25000000.000
5153,2034,-6.835938,25000000.000
5154,2034,-6.835938,25000000.000
5155,2036,-5.859375,25000000.000
5156,2037,-5.371094,25000000.000
5157,2036,-5.859375,25000000.000
5158,2038,-4.882812,25000000.000
5159,2036,-5.859375,25000000.000
5160,2039,-4.394531,25000000.000
5161,2041,-3.417969,25000000.000
5162,2043,-2.441406,25000000.000
5163,2043,-2.441406,25000000.000
5164,2046,-0.976562,25000000.000
5165,2043,-2.441406,25000000.000
5166,2049,0.488281,25000000.000
5167,2049,0.488281,25000000.000
5168,2051,1.464844,25000000.000
5169,2053,2.441406,25000000.000
5170,2053,2.441406,25000000.000
5171,2054,2.929688,25000000.000
5172,2056,3.906250,25000000.000
5173,2054,2.929688,25000000.000
5174,2055,3.417969,25000000.000
5175,2054,2.929688,25000000.000
5176,2054,2.929688,25000000.000
5177,2055,3.417969,25000000.000
5178,2053,2.441406,25000000.000
5179,2051,1.464844,25000000.000
5180,2050,0.976562,25000000.000
5181,2051,1.464844,25000000.000
5182,2047,-0.488281,25000000.000
5183,2048,0.000000,25000000.000
5184,2047,-0.488281,25000000.000
5185,2044,-1.953125,25000000.000
5186,2043,-2.441406,25000000.000
5187,2043,-2.441406,25000000.000
5188,2041,-3.417969,25000000.000
5189,2037,-5.371094,25000000.000
5190,2038,-4.882812,25000000.000
5191,2037,-5.371094,25000000.000
5192,2036,-5.859375,25000000.000
5193,2034,-6.835938,25000000.000
5194,2036,-5.859375,25000000.000
5195,2036,-5.859375,25000000.000
5196,2032,-7.812500,25000000.000
5197,2035,-6.347656,25000000.000
5198,2035,-6.347656,25000000.000
5199,2036,-5.859375,25000000.000
5200,2037,-5.371094,25000000.000
5201,2039,-4.394531,25000000.000
5202,2041,-3.417969,25000000.000
5203,2040,-3.906250,25000000.000
5204,2044,-1.953125,25000000.000
5205,2045,-1.464844,25000000.000
5206,2047,-0.488281,25000000.000
5207,2045,-1.464844,25000000.000
5208,2050,0.976562,25000000.000
5209,2052,1.953125,25000000.000
5210,2052,1.953125,25000000.000
5211,2052,1.953125,25000000.000
5212,2054,2.929688,25000000.000
5213,2055,3.417969,25000000.000
5214,2055,3.417969,25000000.000
5215,2054,2.929688,25000000.000
5216,2056,3.906250,25000000.000
5217,2055,3.417969,25000000.000
5218,2053,2.441406,25000000.000
5219,2055,3.417969,25000000.000
5220,2054,2.929688,25000000.000
5221,2052,1.953125,25000000.000
5222,2052,1.953125,25000000.000
5223,2051,1.464844,25000000.000
5224,2048,0.000000,25000000.000
5225,2044,-1.953125,25000000.000
5226,2046,-0.976562,25000000.000
5227,2044,-1.953125,25000000.000
5228,2041,-3.417969,25000000.000
5229,2039,-4.394531,25000000.000
5230,2038,-4.882812,25000000.000
5231,2038,-4.882812,25000000.000
5232,2034,-6.835938,25000000.000
5233,2037,-5.371094,25000000.000
5234,2035,-6.347656,25000000.000
5235,2035,-6.347656,25000000.000
5236,2033,-7.324219,25000000.000
5237,2035,-6.347656,25000000.000
5238,2035,-6.347656,25000000.000
5239,2035,-6.347656,25000000.000
5240,2036,-5.859375,25000000.000
5241,2038,-4.882812,25000000.000
5242,2040,-3.906250,25000000.000
5243,2040,-3.906250,25000000.000
5244,2040,-3.906250,25000000.000
5245,2044,-1.953125,25000000.000
5246,2044,-1.953125,25000000.000
5247,2045,-1.464844,25000000.000
5248,2048,0.000000,25000000.000
5249,2050,0.976562,25000000.000
5250,2052,1.953125,25000000.000
5251,2052,1.953125,25000000.000
5252,2054,2.929688,25000000.000
5253,2053,2.441406,25000000.000
5254,2056,3.906250,25000000.000
5255,2056,3.906250,25000000.000
5256,2056,3.906250,25000000.000
5257,2053,2.441406,25000000.000
5258,2056,3.906250,25000000.000
5259,2055,3.417969,25000000.000
5260,2056,3.906250,25000000.000
5261,2055,3.417969,25000000.000
5262,2054,2.929688,25000000.000
5263,2054,2.929688,25000000.000
5264,2050,0.976562,25000000.000
5265,2047,-0.488281,25000000.000
5266,2045,-1.464844,25000000.000
5267,2046,-0.976562,25000000.000
5268,2043,-2.441406,25000000.000
5269,2042,-2.929688,25000000.000
5270,2041,-3.417969,25000000.000
5271,2040,-3.906250,25000000.000
5272,2038,-4.882812,25000000.000
5273,2036,-5.859375,25000000.000
5274,2036,-5.859375,25000000.000
5275,2034,-6.835938,25000000.000
5276,2035,-6.347656,25000000.000
5277,2035,-6.347656,25000000.000
5278,2033,-7.324219,25000000.000
5279,2033,-7.324219,25000000.000
5280,2036,-5.859375,25000000.000
5281,2036,-5.859375,25000000.000
5282,2039,-4.394531,25000000.000
5283,2038,-4.882812,25000000.000
5284,2039,-4.394531,25000000.000
5285,2042,-2.929688,25000000.000
5286,2043,-2.441406,25000000.000
5287,2043,-2.441406,25000000.000
5288,2046,-0.976562,25000000.000
5289,2048,0.000000,25000000.000
5290,2051,1.464844,25000000.000
5291,2050,0.976562,25000000.000
5292,2053,2.441406,25000000.000
5293,2053,2.441406,25000000.000
5294,2055,3.417969,25000000.000
5295,2055,3.417969,25000000.000
5296,2054,2.929688,25000000.000
5297,2057,4.394531,25000000.000
5298,2057,4.394531,25000000.000
5299,2057,4.394531,25000000.000
5300,2055,3.417969,25000000.000
5301,2055,3.417969,25000000.000
5302,2056,3.906250,25000000.000
5303,2054,2.929688,25000000.000
5304,2052,1.953125,25000000.000
5305,2050,0.976562,25000000.000
5306,2049,0.488281,25000000.000
5307,2047,-0.488281,25000000.000
5308,2046,-0.976562,25000000.000
5309,2044,-1.953125,25000000.000
5310,2041,-3.417969,25000000.000
5311,2040,-3.906250,25000000.000
5312,2039,-4.394531,25000000.000
5313,2038,-4.882812,25000000.000
5314,2036,-5.859375,25000000.000
5315,2036,-5.859375,25000000.000
5316,2035,-6.347656,25000000.000
5317,2035,-6.347656,25000000.000
5318,2033,-7.324219,25000000.000
5319,2033,-7.324219,25000000.000
5320,2035,-6.347656,25000000.000
5321,2035,-6.347656,25000000.000
5322,2036,-5.859375,25000000.000
5323,2037,-5.371094,25000000.000
5324,2039,-4.394531,25000000.000
5325,2039,-4.394531,25000000.000
5326,2042,-2.929688,25000000.000
5327,2042,-2.929688,25000000.000
5328,2044,-1.953125,25000000.000
5329,2045,-1.464844,25000000.000
5330,2049,0.488281,25000000.000
5331,2049,0.488281,25000000.000
5332,2050,0.976562,25000000.000
5333,2053,2.441406,25000000.000
5334,2055,3.417969,25000000.000
5335,2055,3.417969,25000000.000
5336,2055,3.417969,25000000.000
5337,2054,2.929688,25000000.000
5338,2057,4.394531,25000000.000
5339,2056,3.906250,25000000.000
5340,2055,3.417969,25000000.000
5341,2056,3.906250,25000000.000
5342,2053,2.441406,25000000.000
5343,2054,2.929688,25000000.000
5344,2049,0.488281,25000000.000
5345,2055,3.417969,25000000.000
5346,2049,0.488281,25000000.000
5347,2051,1.464844,25000000.000
5348,2044,-1.953125,25000000.000
5349,2046,-0.976562,25000000.000
5350,2043,-2.441406,25000000.000
5351,2047,-0.488281,25000000.000
5352,2049,0.488281,25000000.000
5353,2037,-5.371094,25000000.000
5354,2039,-4.394531,25000000.000
5355,2040,-3.906250,25000000.000
5356,2038,-4.882812,25000000.000
5357,2033,-7.324219,25000000.000
5358,2036,-5.859375,25000000.000
5359,2034,-6.835938,25000000.000
5360,2034,-6.835938,25000000.000
5361,2033,-7.324219,25000000.000
5362,2036,-5.859375,25000000.000
5363,2035,-6.347656,25000000.000
5364,2036,-5.859375,25000000.000
5365,2038,-4.882812,25000000.000
5366,2039,-4.394531,25000000.000
5367,2039,-4.394531,25000000.000
5368,2041,-3.417969,25000000.000
5369,2046,-0.976562,25000000.000
5370,2045,-1.464844,25000000.000
5371,2045,-1.464844,25000000.000
5372,2048,0.000000,25000000.000
5373,2051,1.464844,25000000.000
5374,2053,2.441406,25000000.000
5375,2051,1.464844,25000000.000
5376,2055,3.417969,25000000.000
5377,2055,3.417969,25000000.000
5378,2055,3.417969,25000000.000
5379,2055,3.417969,25000000.000
5380,2056,3.906250,25000000.000
5381,2055,3.417969,25000000.000
5382,2053,2.441406,25000000.000
5383,2053,2.441406,25000000.000
5384,2055,3.417969,25000000.000
5385,2053,2.441406,25000000.000
5386,2051,1.464844,25000000.000
5387,2047,-0.488281,25000000.000
5388,2050,0.976562,25000000.000
5389,2046,-0.976562,25000000.000
5390,2042,-2.929688,25000000.000
5391,2044,-1.953125,25000000.000
5392,2039,-4.394531,25000000.000
5393,2040,-3.906250,25000000.000
5394,2037,-5.371094,25000000.000
5395,2037,-5.371094,25000000.000
5396,2034,-6.835938,25000000.000
5397,2037,-5.371094,25000000.000
5398,2035,-6.347656,25000000.000
5399,2036,-5.859375,25000000.000
5400,2033,-7.324219,25000000.000
5401,2035,-6.347656,25000000.000
5402,2036,-5.859375,25000000.000
5403,2036,-5.859375,25000000.000
5404,2037,-5.371094,25000000.000
5405,2036,-5.859375,25000000.000
5406,2039,-4.394531,25000000.000
5407,2038,-4.882812,25000000.000
5408,2043,-2.441406,25000000.000
5409,2044,-1.953125,25000000.000
5410,2045,-1.464844,25000000.000
5411,2044,-1.953125,25000000.000
5412,2048,0.000000,25000000.000
5413,2051,1.464844,25000000.000
5414,2050,0.976562,25000000.000
5415,2050,0.976562,25000000.000
5416,2054,2.929688,25000000.000
5417,2055,3.417969,25000000.000
5418,2056,3.906250,25000000.000
5419,2057,4.394531,25000000.000
5420,2056,3.906250,25000000.000
5421,2055,3.417969,25000000.000
5422,2057,4.394531,25000000.000
5423,2055,3.417969,25000000.000
5424,2055,3.417969,25000000.000
5425,2052,1.953125,25000000.000
5426,2052,1.953125,25000000.000
5427,2053,2.441406,25000000.000
5428,2048,0.000000,25000000.000
5429,2049,0.488281,25000000.000
5430,2048,0.000000,25000000.000
5431,2047,-0.488281,25000000.000
5432,2043,-2.441406,25000000.000
5433,2044,-1.953125,25000000.000
5434,2041,-3.417969,25000000.000
5435,2041,-3.417969,25000000.000
5436,2038,-4.882812,25000000.000
5437,2038,-4.882812,25000000.000
5438,2036,-5.859375,25000000.000
5439,2036,-5.859375,25000000.000
5440,2037,-5.371094,25000000.000
5441,2036,-5.859375,25000000.000
5442,2035,-6.347656,25000000.000
5443,2034,-6.835938,25000000.000
5444,2035,-6.347656,25000000.000
5445,2037,-5.371094,25000000.000
5446,2038,-4.882812,25000000.000
5447,2037,-5.371094,25000000.000
5448,2041,-3.417969,25000000.000
5449,2042,-2.929688,25000000.000
5450,2043,-2.441406,25000000.000
5451,2045,-1.464844,25000000.000
5452,2048,0.000000,25000000.000
5453,2048,0.000000,25000000.000
5454,2051,1.464844,25000000.000
5455,2051,1.464844,25000000.000
5456,2054,2.929688,25000000.000
5457,2053,2.441406,25000000.000
5458,2056,3.906250,25000000.000
5459,2056,3.906250,25000000.000
5460,2056,3.906250,25000000.000
5461,2059,5.371094,25000000.000
5462,2056,3.906250,25000000.000
5463,2056,3.906250,25000000.000
5464,2056,3.906250,25000000.000
5465,2058,4.882812,25000000.000
5466,2053,2.441406,25000000.000
5467,2053,2.441406,25000000.000
5468,2053,2.441406,25000000.000
5469,2052,1.953125,25000000.000
5470,2042,-2.929688,25000000.000
5471,2047,-0.488281,25000000.000
5472,2042,-2.929688,25000000.000
5473,2043,-2.441406,25000000.000
5474,2041,-3.417969,25000000.000
5475,2041,-3.417969,25000000.000
5476,2039,-4.394531,25000000.000
5477,2039,-4.394531,25000000.000
5478,2033,-7.324219,25000000.000
5479,2036,-5.859375,25000000.000
5480,2033,-7.324219,25000000.000
5481,2038,-4.882812,25000000.000
5482,2032,-7.812500,25000000.000
5483,2033,-7.324219,25000000.000
5484,2035,-6.347656,25000000.000
5485,2035,-6.347656,25000000.000
5486,2035,-6.347656,25000000.000
5487,2036,-5.859375,25000000.000
5488,2037,-5.371094,25000000.000
5489,2039,-4.394531,25000000.000
5490,2042,-2.929688,25000000.000
5491,2041,-3.417969,25000000.000
5492,2044,-1.953125,25000000.000
5493,2047,-0.488281,25000000.000
5494,2047,-0.488281,25000000.000
5495,2048,0.000000,25000000.000
5496,2051,1.464844,25000000.000
5497,2053,2.441406,25000000.000
5498,2054,2.929688,25000000.000
5499,2055,3.417969,25000000.000
5500,2056,3.906250,25000000.000
5501,2056,3.906250,25000000.000
5502,2057,4.394531,25000000.000
5503,2057,4.394531,25000000.000
5504,2057,4.394531,25000000.000
5505,2056,3.906250,25000000.000
5506,2054,2.929688,25000000.000
5507,2053,2.441406,25000000.000
5508,2055,3.417969,25000000.000
5509,2051,1.464844,25000000.000
5510,2050,0.976562,25000000.000
5511,2048,0.000000,25000000.000
5512,2049,0.488281,25000000.000
5513,2042,-2.929688,25000000.000
5514,2042,-2.929688,25000000.000
5515,2040,-3.906250,25000000.000
5516,2038,-4.882812,25000000.000
5517,2039,-4.394531,25000000.000
5518,2039,-4.394531,25000000.000
5519,2038,-4.882812,25000000.000
5520,2037,-5.371094,25000000.000
5521,2034,-6.835938,25000000.000
5522,2033,-7.324219,25000000.000
5523,2035,-6.347656,25000000.000
5524,2034,-6.835938,25000000.000
5525,2034,-6.835938,25000000.000
5526,2034,-6.835938,25000000.000
5527,2034,-6.835938,25000000.000
5528,2037,-5.371094,25000000.000
5529,2038,-4.882812,25000000.000
5530,2040,-3.906250,25000000.000
5531,2040,-3.906250,25000000.000
5532,2043,-2.441406,25000000.000
5533,2044,-1.953125,25000000.000
5534,2049,0.488281,25000000.000
5535,2050,0.976562,25000000.000
5536,2052,1.953125,25000000.000
5537,2047,-0.488281,25000000.000
5538,2053,2.441406,25000000.000
5539,2053,2.441406,25000000.000
5540,2054,2.929688,25000000.000
5541,2053,2.441406,25000000.000
5542,2056,3.906250,25000000.000
5543,2053,2.441406,25000000.000
5544,2059,5.371094,25000000.000
5545,2059,5.371094,25000000.000
5546,2055,3.417969,25000000.000
5547,2054,2.929688,25000000.000
5548,2052,1.953125,25000000.000
5549,2053,2.441406,25000000.000
5550,2051,1.464844,25000000.000
5551,2052,1.953125,25000000.000
5552,2048,0.000000,25000000.000
5553,2046,-0.976562,25000000.000
5554,2045,-1.464844,25000000.000
5555,2045,-1.464844,25000000.000
5556,2042,-2.929688,25000000.000
5557,2039,-4.394531,25000000.000
5558,2038,-4.882812,25000000.000
5559,2039,-4.394531,25000000.000
5560,2036,-5.859375,25000000.000
5561,2035,-6.347656,25000000.000
5562,2033,-7.324219,25000000.000
5563,2034,-6.835938,25000000.000
5564,2031,-8.300781,25000000.000
5565,2035,-6.347656,25000000.000
5566,2033,-7.324219,25000000.000
5567,2033,-7.324219,25000000.000
5568,2035,-6.347656,25000000.000
5569,2036,-5.859375,25000000.000
5570,2037,-5.371094,25000000.000
5571,2036,-5.859375,25000000.000
5572,2040,-3.906250,25000000.000
5573,2043,-2.441406,25000000.000
5574,2045,-1.464844,25000000.000
5575,2044,-1.953125,25000000.000
5576,2048,0.000000,25000000.000
5577,2050,0.976562,25000000.000
5578,2050,0.976562,25000000.000
5579,2051,1.464844,25000000.000
5580,2053,2.441406,25000000.000
5581,2053,2.441406,25000000.000
5582,2053,2.441406,25000000.000
5583,2055,3.417969,25000000.000
5584,2056,3.906250,25000000.000
5585,2056,3.906250,25000000.000
5586,2057,4.394531,25000000.000
5587,2058,4.882812,25000000.000
5588,2055,3.417969,25000000.000
5589,2053,2.441406,25000000.000
5590,2054,2.929688,25000000.000
5591,2053,2.441406,25000000.000
5592,2049,0.488281,25000000.000
5593,2049,0.488281,25000000.000
5594,2048,0.000000,25000000.000
5595,2047,-0.488281,25000000.000
5596,2043,-2.441406,25000000.000
5597,2042,-2.929688,25000000.000
5598,2040,-3.906250,25000000.000
5599,2040,-3.906250,25000000.000
5600,2036,-5.859375,25000000.000
5601,2035,-6.347656,25000000.000
5602,2035,-6.347656,25000000.000
5603,2035,-6.347656,25000000.000
5604,2034,-6.835938,25000000.000
5605,2033,-7.324219,25000000.000
5606,2032,-7.812500,25000000.000
5607,2032,-7.812500,25000000.000
5608,2035,-6.347656,25000000.000
5609,2036,-5.859375,25000000.000
5610,2037,-5.371094,25000000.000
5611,2036,-5.859375,25000000.000
5612,2039,-4.394531,25000000.000
5613,2041,-3.417969,25000000.000
5614,2043,-2.441406,25000000.000
5615,2045,-1.464844,25000000.000
5616,2046,-0.976562,25000000.000
5617,2048,0.000000,25000000.000
5618,2049,0.488281,25000000.000
5619,2051,1.464844,25000000.000
5620,2053,2.441406,25000000.000
5621,2052,1.953125,25000000.000
5622,2056,3.906250,25000000.000
5623,2056,3.906250,25000000.000
5624,2056,3.906250,25000000.000
5625,2057,4.394531,25000000.000
5626,2058,4.882812,25000000.000
5627,2057,4.394531,25000000.000
5628,2056,3.906250,25000000.000
5629,2056,3.906250,25000000.000
5630,2056,3.906250,25000000.000
5631,2056,3.906250,25000000.000
5632,2052,1.953125,25000000.000
5633,2051,1.464844,25000000.000
5634,2051,1.464844,25000000.000
5635,2050,0.976562,25000000.000
5636,2046,-0.976562,25000000.000
5637,2045,-1.464844,25000000.000
5638,2042,-2.929688,25000000.000
5639,2041,-3.417969,25000000.000
5640,2040,-3.906250,25000000.000
5641,2038,-4.882812,25000000.000
5642,2036,-5.859375,25000000.000
5643,2035,-6.347656,25000000.000
5644,2034,-6.835938,25000000.000
5645,2034,-6.835938,25000000.000
5646,2033,-7.324219,25000000.000
5647,2034,-6.835938,25000000.000
5648,2034,-6.835938,25000000.000
5649,2035,-6.347656,25000000.000
5650,2035,-6.347656,25000000.000
5651,2034,-6.835938,25000000.000
5652,2038,-4.882812,25000000.000
5653,2038,-4.882812,25000000.000
5654,2042,-2.929688,25000000.000
5655,2041,-3.417969,25000000.000
5656,2044,-1.953125,25000000.000
5657,2045,-1.464844,25000000.000
5658,2048,0.000000,25000000.000
5659,2050,0.976562,25000000.000
5660,2051,1.464844,25000000.000
5661,2052,1.953125,25000000.000
5662,2055,3.417969,25000000.000
5663,2054,2.929688,25000000.000
5664,2056,3.906250,25000000.000
5665,2058,4.882812,25000000.000
5666,2060,5.859375,25000000.000
5667,2060,5.859375,25000000.000
5668,2057,4.394531,25000000.000
5669,2056,3.906250,25000000.000
5670,2057,4.394531,25000000.000
5671,2057,4.394531,25000000.000
5672,2053,2.441406,25000000.000
5673,2052,1.953125,25000000.000
5674,2051,1.464844,25000000.000
5675,2050,0.976562,25000000.000
5676,2048,0.000000,25000000.000
5677,2046,-0.976562,25000000.000
5678,2043,-2.441406,25000000.000
5679,2043,-2.441406,25000000.000
5680,2040,-3.906250,25000000.000
5681,2041,-3.417969,25000000.000
5682,2037,-5.371094,25000000.000
5683,2037,-5.371094,25000000.000
5684,2035,-6.347656,25000000.000
5685,2035,-6.347656,25000000.000
5686,2033,-7.324219,25000000.000
5687,2033,-7.324219,25000000.000
5688,2033,-7.324219,25000000.000
5689,2033,-7.324219,25000000.000
5690,2034,-6.835938,25000000.000
5691,2033,-7.324219,25000000.000
5692,2035,-6.347656,25000000.000
5693,2037,-5.371094,25000000.000
5694,2037,-5.371094,25000000.000
5695,2039,-4.394531,25000000.000
5696,2040,-3.906250,25000000.000
5697,2044,-1.953125,25000000.000
5698,2045,-1.464844,25000000.000
5699,2045,-1.464844,25000000.000
5700,2048,0.000000,25000000.000
5701,2051,1.464844,25000000.000
5702,2054,2.929688,25000000.000
5703,2054,2.929688,25000000.000
5704,2056,3.906250,25000000.000
5705,2057,4.394531,25000000.000
5706,2057,4.394531,25000000.000
5707,2057,4.394531,25000000.000
5708,2058,4.882812,25000000.000
5709,2058,4.882812,25000000.000
5710,2056,3.906250,25000000.000
5711,2057,4.394531,25000000.000
5712,2055,3.417969,25000000.000
5713,2056,3.906250,25000000.000
5714,2052,1.953125,25000000.000
5715,2053,2.441406,25000000.000
5716,2051,1.464844,25000000.000
5717,2048,0.000000,25000000.000
5718,2047,-0.488281,25000000.000
5719,2047,-0.488281,25000000.000
5720,2045,-1.464844,25000000.000
5721,2040,-3.906250,25000000.000
5722,2039,-4.394531,25000000.000
5723,2038,-4.882812,25000000.000
5724,2038,-4.882812,25000000.000
5725,2038,-4.882812,25000000.000
5726,2034,-6.835938,25000000.000
5727,2035,-6.347656,25000000.000
5728,2023,-12.207031,25000000.000
5729,2034,-6.835938,25000000.000
5730,2033,-7.324219,25000000.000
5731,2038,-4.882812,25000000.000
5732,2035,-6.347656,25000000.000
5733,2034,-6.835938,25000000.000
5734,2038,-4.882812,25000000.000
5735,2038,-4.882812,25000000.000
5736,2040,-3.906250,25000000.000
5737,2039,-4.394531,25000000.000
5738,2043,-2.441406,25000000.000
5739,2043,-2.441406,25000000.000
5740,2049,0.488281,25000000.000
5741,2047,-0.488281,25000000.000
5742,2049,0.488281,25000000.000
5743,2049,0.488281,25000000.000
5744,2052,1.953125,25000000.000
5745,2054,2.929688,25000000.000
5746,2054,2.929688,25000000.000
5747,2053,2.441406,25000000.000
5748,2057,4.394531,25000000.000
5749,2056,3.906250,25000000.000
5750,2057,4.394531,25000000.000
5751,2057,4.394531,25000000.000
5752,2057,4.394531,25000000.000
5753,2053,2.441406,25000000.000
5754,2054,2.929688,25000000.000
5755,2054,2.929688,25000000.000
5756,2052,1.953125,25000000.000
5757,2048,0.000000,25000000.000
5758,2048,0.000000,25000000.000
5759,2047,-0.488281,25000000.000
5760,2044,-1.953125,25000000.000
5761,2041,-3.417969,25000000.000
5762,2039,-4.394531,25000000.000
5763,2040,-3.906250,25000000.000
5764,2035,-6.347656,25000000.000
5765,2036,-5.859375,25000000.000
5766,2035,-6.347656,25000000.000
5767,2036,-5.859375,25000000.000
5768,2033,-7.324219,25000000.000
5769,2033,-7.324219,25000000.000
5770,2033,-7.324219,25000000.000
5771,2034,-6.835938,25000000.000
5772,2034,-6.835938,25000000.000
5773,2035,-6.347656,25000000.000
5774,2034,-6.835938,25000000.000
5775,2034,-6.835938,25000000.000
5776,2038,-4.882812,25000000.000
5777,2042,-2.929688,25000000.000
5778,2039,-4.394531,25000000.000
5779,2040,-3.906250,25000000.000
5780,2044,-1.953125,25000000.000
5781,2046,-0.976562,25000000.000
5782,2047,-0.488281,25000000.000
5783,2048,0.000000,25000000.000
5784,2051,1.464844,25000000.000
5785,2052,1.953125,25000000.000
5786,2055,3.417969,25000000.000
5787,2054,2.929688,25000000.000
5788,2055,3.417969,25000000.000
5789,2054,2.929688,25000000.000
5790,2058,4.882812,25000000.000
5791,2057,4.394531,25000000.000
5792,2054,2.929688,25000000.000
5793,2055,3.417969,25000000.000
5794,2057,4.394531,25000000.000
5795,2056,3.906250,25000000.000
5796,2052,1.953125,25000000.000
5797,2050,0.976562,25000000.000
5798,2049,0.488281,25000000.000
5799,2050,0.976562,25000000.000
5800,2046,-0.976562,25000000.000
5801,2043,-2.441406,25000000.000
5802,2044,-1.953125,25000000.000
5803,2043,-2.441406,25000000.000
5804,2039,-4.394531,25000000.000
5805,2037,-5.371094,25000000.000
5806,2037,-5.371094,25000000.000
5807,2036,-5.859375,25000000.000
5808,2035,-6.347656,25000000.000
5809,2035,-6.347656,25000000.000
5810,2032,-7.812500,25000000.000
5811,2033,-7.324219,25000000.000
5812,2035,-6.347656,25000000.000
5813,2034,-6.835938,25000000.000
5814,2034,-6.835938,25000000.000
5815,2035,-6.347656,25000000.000
5816,2037,-5.371094,25000000.000
5817,2038,-4.882812,25000000.000
5818,2040,-3.906250,25000000.000
5819,2032,-7.812500,25000000.000
5820,2040,-3.906250,25000000.000
5821,2045,-1.464844,25000000.000
5822,2046,-0.976562,25000000.000
5823,2047,-0.488281,25000000.000
5824,2047,-0.488281,25000000.000
5825,2052,1.953125,25000000.000
5826,2054,2.929688,25000000.000
5827,2055,3.417969,25000000.000
5828,2057,4.394531,25000000.000
5829,2056,3.906250,25000000.000
5830,2057,4.394531,25000000.000
5831,2057,4.394531,25000000.000
5832,2056,3.906250,25000000.000
5833,2058,4.882812,25000000.000
5834,2058,4.882812,25000000.000
5835,2058,4.882812,25000000.000
5836,2055,3.417969,25000000.000
5837,2053,2.441406,25000000.000
5838,2052,1.953125,25000000.000
5839,2052,1.953125,25000000.000
5840,2049,0.488281,25000000.000
5841,2048,0.000000,25000000.000
5842,2043,-2.441406,25000000.000
5843,2043,-2.441406,25000000.000
5844,2042,-2.929688,25000000.000
5845,2042,-2.929688,25000000.000
5846,2038,-4.882812,25000000.000
5847,2038,-4.882812,25000000.000
5848,2038,-4.882812,25000000.000
5849,2035,-6.347656,25000000.000
5850,2035,-6.347656,25000000.000
5851,2035,-6.347656,25000000.000
5852,2035,-6.347656,25000000.000
5853,2033,-7.324219,25000000.000
5854,2037,-5.371094,25000000.000
5855,2035,-6.347656,25000000.000
5856,2035,-6.347656,25000000.000
5857,2036,-5.859375,25000000.000
5858,2043,-2.441406,25000000.000
5859,2042,-2.929688,25000000.000
5860,2042,-2.929688,25000000.000
5861,2044,-1.953125,25000000.000
5862,2042,-2.929688,25000000.000
5863,2047,-0.488281,25000000.000
5864,2049,0.488281,25000000.000
5865,2050,0.976562,25000000.000
5866,2050,0.976562,25000000.000
5867,2051,1.464844,25000000.000
5868,2054,2.929688,25000000.000
5869,2055,3.417969,25000000.000
5870,2055,3.417969,25000000.000
5871,2055,3.417969,25000000.000
5872,2057,4.394531,25000000.000
5873,2057,4.394531,25000000.000
5874,2056,3.906250,25000000.000
5875,2057,4.394531,25000000.000
5876,2055,3.417969,25000000.000
5877,2055,3.417969,25000000.000
5878,2052,1.953125,25000000.000
5879,2052,1.953125,25000000.000
5880,2051,1.464844,25000000.000
5881,2049,0.488281,25000000.000
5882,2046,-0.976562,25000000.000
5883,2046,-0.976562,25000000.000
5884,2044,-1.953125,25000000.000
5885,2042,-2.929688,25000000.000
5886,2041,-3.417969,25000000.000
5887,2039,-4.394531,25000000.000
5888,2038,-4.882812,25000000.000
5889,2035,-6.347656,25000000.000
5890,2037,-5.371094,25000000.000
5891,2035,-6.347656,25000000.000
5892,2033,-7.324219,25000000.000
5893,2035,-6.347656,25000000.000
5894,2035,-6.347656,25000000.000
5895,2035,-6.347656,25000000.000
5896,2035,-6.347656,25000000.000
5897,2037,-5.371094,25000000.000
5898,2037,-5.371094,25000000.000
5899,2037,-5.371094,25000000.000
5900,2039,-4.394531,25000000.000
5901,2042,-2.929688,25000000.000
5902,2044,-1.953125,25000000.000
5903,2043,-2.441406,25000000.000
5904,2047,-0.488281,25000000.000
5905,2048,0.000000,25000000.000
5906,2049,0.488281,25000000.000
5907,2047,-0.488281,25000000.000
5908,2053,2.441406,25000000.000
5909,2056,3.906250,25000000.000
5910,2055,3.417969,25000000.000
5911,2054,2.929688,25000000.000
5912,2056,3.906250,25000000.000
5913,2055,3.417969,25000000.000
5914,2056,3.906250,25000000.000
5915,2057,4.394531,25000000.000
5916,2055,3.417969,25000000.000
5917,2054,2.929688,25000000.000
5918,2054,2.929688,25000000.000
5919,2055,3.417969,25000000.000
5920,2052,1.953125,25000000.000
5921,2050,0.976562,25000000.000
5922,2050,0.976562,25000000.000
5923,2048,0.000000,25000000.000
5924,2045,-1.464844,25000000.000
5925,2042,-2.929688,25000000.000
5926,2043,-2.441406,25000000.000
5927,2042,-2.929688,25000000.000
5928,2039,-4.394531,25000000.000
5929,2037,-5.371094,25000000.000
5930,2038,-4.882812,25000000.000
5931,2037,-5.371094,25000000.000
5932,2033,-7.324219,25000000.000
5933,2035,-6.347656,25000000.000
5934,2034,-6.835938,25000000.000
5935,2033,-7.324219,25000000.000
5936,2034,-6.835938,25000000.000
5937,2034,-6.835938,25000000.000
5938,2035,-6.347656,25000000.000
5939,2035,-6.347656,25000000.000
5940,2037,-5.371094,25000000.000
5941,2039,-4.394531,25000000.000
5942,2040,-3.906250,25000000.000
5943,2039,-4.394531,25000000.000
5944,2045,-1.464844,25000000.000
5945,2047,-0.488281,25000000.000
5946,2046,-0.976562,25000000.000
5947,2049,0.488281,25000000.000
5948,2050,0.976562,25000000.000
5949,2050,0.976562,25000000.000
5950,2052,1.953125,25000000.000
5951,2053,2.441406,25000000.000
5952,2055,3.417969,25000000.000
5953,2054,2.929688,25000000.000
5954,2055,3.417969,25000000.000
5955,2055,3.417969,25000000.000
5956,2057,4.394531,25000000.000
5957,2055,3.417969,25000000.000
5958,2055,3.417969,25000000.000
5959,2054,2.929688,25000000.000
5960,2051,1.464844,25000000.000
5961,2052,1.953125,25000000.000
5962,2049,0.488281,25000000.000
5963,2051,1.464844,25000000.000
5964,2044,-1.953125,25000000.000
5965,2046,-0.976562,25000000.000
5966,2043,-2.441406,25000000.000
5967,2042,-2.929688,25000000.000
5968,2039,-4.394531,25000000.000
5969,2039,-4.394531,25000000.000
5970,2038,-4.882812,25000000.000
5971,2036,-5.859375,25000000.000
5972,2035,-6.347656,25000000.000
5973,2036,-5.859375,25000000.000
5974,2033,-7.324219,25000000.000
5975,2033,-7.324219,25000000.000
5976,2034,-6.835938,25000000.000
5977,2036,-5.859375,25000000.000
5978,2034,-6.835938,25000000.000
5979,2035,-6.347656,25000000.000
5980,2037,-5.371094,25000000.000
5981,2038,-4.882812,25000000.000
5982,2038,-4.882812,25000000.000
5983,2038,-4.882812,25000000.000
5984,2042,-2.929688,25000000.000
5985,2042,-2.929688,25000000.000
5986,2047,-0.488281,25000000.000
5987,2046,-0.976562,25000000.000
5988,2047,-0.488281,25000000.000
5989,2051,1.464844,25000000.000
5990,2051,1.464844,25000000.000
5991,2052,1.953125,25000000.000
5992,2054,2.929688,25000000.000
5993,2055,3.417969,25000000.000
5994,2055,3.417969,25000000.000
5995,2055,3.417969,25000000.000
5996,2055,3.417969,25000000.000
5997,2056,3.906250,25000000.000
5998,2056,3.906250,25000000.000
5999,2056,3.906250,25000000.000
6000,2055,3.417969,25000000.000
6001,2052,1.953125,25000000.000
6002,2053,2.441406,25000000.000
6003,2053,2.441406,25000000.000
6004,2050,0.976562,25000000.000
6005,2047,-0.488281,25000000.000
6006,2045,-1.464844,25000000.000
6007,2044,-1.953125,25000000.000
6008,2043,-2.441406,25000000.000
6009,2041,-3.417969,25000000.000
6010,2039,-4.394531,25000000.000
6011,2039,-4.394531,25000000.000
6012,2037,-5.371094,25000000.000
6013,2037,-5.371094,25000000.000
6014,2033,-7.324219,25000000.000
6015,2037,-5.371094,25000000.000
6016,2034,-6.835938,25000000.000
6017,2033,-7.324219,25000000.000
6018,2035,-6.347656,25000000.000
6019,2036,-5.859375,25000000.000
6020,2037,-5.371094,25000000.000
6021,2035,-6.347656,25000000.000
6022,2038,-4.882812,25000000.000
6023,2038,-4.882812,25000000.000
6024,2042,-2.929688,25000000.000
6025,2041,-3.417969,25000000.000
6026,2044,-1.953125,25000000.000
6027,2044,-1.953125,25000000.000
6028,2046,-0.976562,25000000.000
6029,2052,1.953125,25000000.000
6030,2054,2.929688,25000000.000
6031,2052,1.953125,25000000.000
6032,2050,0.976562,25000000.000
6033,2057,4.394531,25000000.000
6034,2054,2.929688,25000000.000
6035,2056,3.906250,25000000.000
6036,2055,3.417969,25000000.000
6037,2059,5.371094,25000000.000
6038,2055,3.417969,25000000.000
6039,2055,3.417969,25000000.000
6040,2054,2.929688,25000000.000
6041,2057,4.394531,25000000.000
6042,2052,1.953125,25000000.000
6043,2053,2.441406,25000000.000
6044,2051,1.464844,25000000.000
6045,2050,0.976562,25000000.000
6046,2046,-0.976562,25000000.000
6047,2048,0.000000,25000000.000
6048,2045,-1.464844,25000000.000
6049,2043,-2.441406,25000000.000
6050,2042,-2.929688,25000000.000
6051,2042,-2.929688,25000000.000
6052,2039,-4.394531,25000000.000
6053,2035,-6.347656,25000000.000
6054,2037,-5.371094,25000000.000
6055,2037,-5.371094,25000000.000
6056,2034,-6.835938,25000000.000
6057,2034,-6.835938,25000000.000
6058,2035,-6.347656,25000000.000
6059,2034,-6.835938,25000000.000
6060,2033,-7.324219,25000000.000
6061,2037,-5.371094,25000000.000
6062,2037,-5.371094,25000000.000
6063,2038,-4.882812,25000000.000
6064,2039,-4.394531,25000000.000
6065,2042,-2.929688,25000000.000
6066,2044,-1.953125,25000000.000
6067,2044,-1.953125,25000000.000
6068,2046,-0.976562,25000000.000
6069,2049,0.488281,25000000.000
6070,2050,0.976562,25000000.000
6071,2049,0.488281,25000000.000
6072,2053,2.441406,25000000.000
6073,2055,3.417969,25000000.000
6074,2054,2.929688,25000000.000
6075,2054,2.929688,25000000.000
6076,2056,3.906250,25000000.000
6077,2056,3.906250,25000000.000
6078,2055,3.417969,25000000.000
6079,2055,3.417969,25000000.000
6080,2057,4.394531,25000000.000
6081,2055,3.417969,25000000.000
6082,2054,2.929688,25000000.000
6083,2055,3.417969,25000000.000
6084,2052,1.953125,25000000.000
6085,2049,0.488281,25000000.000
6086,2049,0.488281,25000000.000
6087,2049,0.488281,25000000.000
6088,2045,-1.464844,25000000.000
6089,2042,-2.929688,25000000.000
6090,2042,-2.929688,25000000.000
6091,2042,-2.929688,25000000.000
6092,2038,-4.882812,25000000.000
6093,2038,-4.882812,25000000.000
6094,2037,-5.371094,25000000.000
6095,2037,-5.371094,25000000.000
6096,2033,-7.324219,25000000.000
6097,2034,-6.835938,25000000.000
6098,2034,-6.835938,25000000.000
6099,2034,-6.835938,25000000.000
6100,2035,-6.347656,25000000.000
6101,2034,-6.835938,25000000.000
6102,2035,-6.347656,25000000.000
6103,2036,-5.859375,25000000.000
6104,2037,-5.371094,25000000.000
6105,2036,-5.859375,25000000.000
6106,2037,-5.371094,25000000.000
6107,2037,-5.371094,25000000.000
6108,2044,-1.953125,25000000.000
6109,2047,-0.488281,25000000.000
6110,2047,-0.488281,25000000.000
6111,2048,0.000000,25000000.000
6112,2051,1.464844,25000000.000
6113,2052,1.953125,25000000.000
6114,2054,2.929688,25000000.000
6115,2055,3.417969,25000000.000
6116,2056,3.906250,25000000.000
6117,2055,3.417969,25000000.000
6118,2057,4.394531,25000000.000
6119,2058,4.882812,25000000.000
6120,2058,4.882812,25000000.000
6121,2055,3.417969,25000000.000
6122,2056,3.906250,25000000.000
6123,2055,3.417969,25000000.000
6124,2052,1.953125,25000000.000
6125,2052,1.953125,25000000.000
6126,2052,1.953125,25000000.000
6127,2051,1.464844,25000000.000
6128,2046,-0.976562,25000000.000
6129,2046,-0.976562,25000000.000
6130,2044,-1.953125,25000000.000
6131,2043,-2.441406,25000000.000
6132,2040,-3.906250,25000000.000
6133,2040,-3.906250,25000000.000
6134,2037,-5.371094,25000000.000
6135,2037,-5.371094,25000000.000
6136,2036,-5.859375,25000000.000
6137,2034,-6.835938,25000000.000
6138,2035,-6.347656,25000000.000
6139,2033,-7.324219,25000000.000
6140,2034,-6.835938,25000000.000
6141,2033,-7.324219,25000000.000
6142,2033,-7.324219,25000000.000
6143,2031,-8.300781,25000000.000
6144,2034,-6.835938,25000000.000
6145,2038,-4.882812,25000000.000
6146,2038,-4.882812,25000000.000
6147,2038,-4.882812,25000000.000
6148,2042,-2.929688,25000000.000
6149,2043,-2.441406,25000000.000
6150,2045,-1.464844,25000000.000
6151,2045,-1.464844,25000000.000
6152,2048,0.000000,25000000.000
6153,2049,0.488281,25000000.000
6154,2053,2.441406,25000000.000
6155,2054,2.929688,25000000.000
6156,2053,2.441406,25000000.000
6157,2056,3.906250,25000000.000
6158,2056,3.906250,25000000.000
6159,2058,4.882812,25000000.000
6160,2056,3.906250,25000000.000
6161,2056,3.906250,25000000.000
6162,2057,4.394531,25000000.000
6163,2057,4.394531,25000000.000
6164,2052,1.953125,25000000.000
6165,2054,2.929688,25000000.000
6166,2057,4.394531,25000000.000
6167,2055,3.417969,25000000.000
6168,2048,0.000000,25000000.000
6169,2050,0.976562,25000000.000
6170,2045,-1.464844,25000000.000
6171,2046,-0.976562,25000000.000
6172,2042,-2.929688,25000000.000
6173,2041,-3.417969,25000000.000
6174,2039,-4.394531,25000000.000
6175,2038,-4.882812,25000000.000
6176,2037,-5.371094,25000000.000
6177,2036,-5.859375,25000000.000
6178,2033,-7.324219,25000000.000
6179,2034,-6.835938,25000000.000
6180,2034,-6.835938,25000000.000
6181,2033,-7.324219,25000000.000
6182,2032,-7.812500,25000000.000
6183,2034,-6.835938,25000000.000
6184,2037,-5.371094,25000000.000
6185,2035,-6.347656,25000000.000
6186,2038,-4.882812,25000000.000
6187,2040,-3.906250,25000000.000
6188,2040,-3.906250,25000000.000
6189,2042,-2.929688,25000000.000
6190,2043,-2.441406,25000000.000
6191,2044,-1.953125,25000000.000
6192,2046,-0.976562,25000000.000
6193,2050,0.976562,25000000.000
6194,2051,1.464844,25000000.000
6195,2051,1.464844,25000000.000
6196,2052,1.953125,25000000.000
6197,2057,4.394531,25000000.000
6198,2056,3.906250,25000000.000
6199,2055,3.417969,25000000.000
6200,2056,3.906250,25000000.000
6201,2058,4.882812,25000000.000
6202,2055,3.417969,25000000.000
6203,2058,4.882812,25000000.000
6204,2060,5.859375,25000000.000
6205,2052,1.953125,25000000.000
6206,2053,2.441406,25000000.000
6207,2049,0.488281,25000000.000
6208,2049,0.488281,25000000.000
6209,2048,0.000000,25000000.000
6210,2049,0.488281,25000000.000
6211,2046,-0.976562,25000000.000
6212,2040,-3.906250,25000000.000
6213,2043,-2.441406,25000000.000
6214,2040,-3.906250,25000000.000
6215,2041,-3.417969,25000000.000
6216,2038,-4.882812,25000000.000
6217,2034,-6.835938,25000000.000
6218,2036,-5.859375,25000000.000
6219,2037,-5.371094,25000000.000
6220,2034,-6.835938,25000000.000
6221,2033,-7.324219,25000000.000
6222,2034,-6.835938,25000000.000
6223,2034,-6.835938,25000000.000
6224,2034,-6.835938,25000000.000
6225,2035,-6.347656,25000000.000
6226,2034,-6.835938,25000000.000
6227,2033,-7.324219,25000000.000
6228,2039,-4.394531,25000000.000
6229,2043,-2.441406,25000000.000
6230,2043,-2.441406,25000000.000
6231,2042,-2.929688,25000000.000
6232,2044,-1.953125,25000000.000
6233,2047,-0.488281,25000000.000
6234,2051,1.464844,25000000.000
6235,2052,1.953125,25000000.000
6236,2053,2.441406,25000000.000
6237,2054,2.929688,25000000.000
6238,2055,3.417969,25000000.000
6239,2054,2.929688,25000000.000
6240,2058,4.882812,25000000.000
6241,2060,5.859375,25000000.000
6242,2056,3.906250,25000000.000
6243,2055,3.417969,25000000.000
6244,2058,4.882812,25000000.000
6245,2056,3.906250,25000000.000
6246,2053,2.441406,25000000.000
6247,2055,3.417969,25000000.000
6248,2054,2.929688,25000000.000
6249,2051,1.464844,25000000.000
6250,2050,0.976562,25000000.000
6251,2051,1.464844,25000000.000
6252,2048,0.000000,25000000.000
6253,2043,-2.441406,25000000.000
6254,2043,-2.441406,25000000.000
6255,2043,-2.441406,25000000.000
6256,2039,-4.394531,25000000.000
6257,2036,-5.859375,25000000.000
6258,2037,-5.371094,25000000.000
6259,2036,-5.859375,25000000.000
6260,2036,-5.859375,25000000.000
6261,2035,-6.347656,25000000.000
6262,2033,-7.324219,25000000.000
6263,2035,-6.347656,25000000.000
6264,2034,-6.835938,25000000.000
6265,2034,-6.835938,25000000.000
6266,2036,-5.859375,25000000.000
6267,2036,-5.859375,25000000.000
6268,2037,-5.371094,25000000.000
6269,2039,-4.394531,25000000.000
6270,2040,-3.906250,25000000.000
6271,2040,-3.906250,25000000.000
6272,2045,-1.464844,25000000.000
6273,2046,-0.976562,25000000.000
6274,2048,0.000000,25000000.000
6275,2047,-0.488281,25000000.000
6276,2049,0.488281,25000000.000
6277,2051,1.464844,25000000.000
6278,2053,2.441406,25000000.000
6279,2054,2.929688,25000000.000
6280,2054,2.929688,25000000.000
6281,2055,3.417969,25000000.000
6282,2057,4.394531,25000000.000
6283,2058,4.882812,25000000.000
6284,2056,3.906250,25000000.000
6285,2055,3.417969,25000000.000
6286,2055,3.417969,25000000.000
6287,2055,3.417969,25000000.000
6288,2054,2.929688,25000000.000
6289,2051,1.464844,25000000.000
6290,2051,1.464844,25000000.000
6291,2052,1.953125,25000000.000
6292,2049,0.488281,25000000.000
6293,2047,-0.488281,25000000.000
6294,2046,-0.976562,25000000.000
6295,2045,-1.464844,25000000.000
6296,2040,-3.906250,25000000.000
6297,2039,-4.394531,25000000.000
6298,2039,-4.394531,25000000.000
6299,2039,-4.394531,25000000.000
6300,2035,-6.347656,25000000.000
6301,2034,-6.835938,25000000.000
6302,2034,-6.835938,25000000.000
6303,2034,-6.835938,25000000.000
6304,2034,-6.835938,25000000.000
6305,2034,-6.835938,25000000.000
6306,2034,-6.835938,25000000.000
6307,2033,-7.324219,25000000.000
6308,2036,-5.859375,25000000.000
6309,2037,-5.371094,25000000.000
6310,2040,-3.906250,25000000.000
6311,2043,-2.441406,25000000.000
6312,2041,-3.417969,25000000.000
6313,2047,-0.488281,25000000.000
6314,2048,0.000000,25000000.000
6315,2050,0.976562,25000000.000
6316,2050,0.976562,25000000.000
6317,2050,0.976562,25000000.000
6318,2053,2.441406,25000000.000
6319,2052,1.953125,25000000.000
6320,2057,4.394531,25000000.000
6321,2056,3.906250,25000000.000
6322,2056,3.906250,25000000.000
6323,2056,3.906250,25000000.000
6324,2057,4.394531,25000000.000
6325,2058,4.882812,25000000.000
6326,2058,4.882812,25000000.000
6327,2056,3.906250,25000000.000
6328,2054,2.929688,25000000.000
6329,2055,3.417969,25000000.000
6330,2054,2.929688,25000000.000
6331,2051,1.464844,25000000.000
6332,2047,-0.488281,25000000.000
6333,2055,3.417969,25000000.000
6334,2047,-0.488281,25000000.000
6335,2042,-2.929688,25000000.000
6336,2038,-4.882812,25000000.000
6337,2042,-2.929688,25000000.000
6338,2037,-5.371094,25000000.000
6339,2036,-5.859375,25000000.000
6340,2035,-6.347656,25000000.000
6341,2037,-5.371094,25000000.000
6342,2032,-7.812500,25000000.000
6343,2032,-7.812500,25000000.000
6344,2031,-8.300781,25000000.000
6345,2034,-6.835938,25000000.000
6346,2030,-8.789062,25000000.000
6347,2032,-7.812500,25000000.000
6348,2034,-6.835938,25000000.000
6349,2033,-7.324219,25000000.000
6350,2037,-5.371094,25000000.000
6351,2037,-5.371094,25000000.000
6352,2041,-3.417969,25000000.000
6353,2039,-4.394531,25000000.000
6354,2043,-2.441406,25000000.000
6355,2043,-2.441406,25000000.000
6356,2047,-0.488281,25000000.000
6357,2046,-0.976562,25000000.000
6358,2051,1.464844,25000000.000
6359,2054,2.929688,25000000.000
6360,2053,2.441406,25000000.000
6361,2055,3.417969,25000000.000
6362,2057,4.394531,25000000.000
6363,2059,5.371094,25000000.000
6364,2058,4.882812,25000000.000
6365,2058,4.882812,25000000.000
6366,2059,5.371094,25000000.000
6367,2060,5.859375,25000000.000
6368,2056,3.906250,25000000.000
6369,2055,3.417969,25000000.000
6370,2055,3.417969,25000000.000
6371,2054,2.929688,25000000.000
6372,2051,1.464844,25000000.000
6373,2050,0.976562,25000000.000
6374,2047,-0.488281,25000000.000
6375,2047,-0.488281,25000000.000
6376,2045,-1.464844,25000000.000
6377,2043,-2.441406,25000000.000
6378,2039,-4.394531,25000000.000
6379,2041,-3.417969,25000000.000
6380,2039,-4.394531,25000000.000
6381,2036,-5.859375,25000000.000
6382,2034,-6.835938,25000000.000
6383,2035,-6.347656,25000000.000
6384,2036,-5.859375,25000000.000
6385,2032,-7.812500,25000000.000
6386,2032,-7.812500,25000000.000
6387,2032,-7.812500,25000000.000
6388,2031,-8.300781,25000000.000
6389,2032,-7.812500,25000000.000
6390,2035,-6.347656,25000000.000
6391,2035,-6.347656,25000000.000
6392,2036,-5.859375,25000000.000
6393,2038,-4.882812,25000000.000
6394,2041,-3.417969,25000000.000
6395,2041,-3.417969,25000000.000
6396,2043,-2.441406,25000000.000
6397,2047,-0.488281,25000000.000
6398,2049,0.488281,25000000.000
6399,2049,0.488281,25000000.000
6400,2052,1.953125,25000000.000
6401,2053,2.441406,25000000.000
6402,2057,4.394531,25000000.000
6403,2056,3.906250,25000000.000
6404,2055,3.417969,25000000.000
6405,2057,4.394531,25000000.000
6406,2057,4.394531,25000000.000
6407,2056,3.906250,25000000.000
6408,2056,3.906250,25000000.000
6409,2057,4.394531,25000000.000
6410,2054,2.929688,25000000.000
6411,2056,3.906250,25000000.000
6412,2054,2.929688,25000000.000
6413,2052,1.953125,25000000.000
6414,2051,1.464844,25000000.000
6415,2050,0.976562,25000000.000
6416,2047,-0.488281,25000000.000
6417,2044,-1.953125,25000000.000
6418,2043,-2.441406,25000000.000
6419,2042,-2.929688,25000000.000
6420,2040,-3.906250,25000000.000
6421,2038,-4.882812,25000000.000
6422,2038,-4.882812,25000000.000
6423,2037,-5.371094,25000000.000
6424,2033,-7.324219,25000000.000
6425,2035,-6.347656,25000000.000
6426,2034,-6.835938,25000000.000
6427,2033,-7.324219,25000000.000
6428,2032,-7.812500,25000000.000
6429,2034,-6.835938,25000000.000
6430,2035,-6.347656,25000000.000
6431,2036,-5.859375,25000000.000
6432,2037,-5.371094,25000000.000
6433,2038,-4.882812,25000000.000
6434,2040,-3.906250,25000000.000
6435,2039,-4.394531,25000000.000
6436,2043,-2.441406,25000000.000
6437,2045,-1.464844,25000000.000
6438,2048,0.000000,25000000.000
6439,2048,0.000000,25000000.000
6440,2052,1.953125,25000000.000
6441,2054,2.929688,25000000.000
6442,2052,1.953125,25000000.000
6443,2044,-1.953125,25000000.000
6444,2058,4.882812,25000000.000
6445,2059,5.371094,25000000.000
6446,2057,4.394531,25000000.000
6447,2055,3.417969,25000000.000
6448,2059,5.371094,25000000.000
6449,2055,3.417969,25000000.000
6450,2058,4.882812,25000000.000
6451,2056,3.906250,25000000.000
6452,2056,3.906250,25000000.000
6453,2053,2.441406,25000000.000
6454,2053,2.441406,25000000.000
6455,2052,1.953125,25000000.000
6456,2048,0.000000,25000000.000
6457,2047,-0.488281,25000000.000
6458,2046,-0.976562,25000000.000
6459,2046,-0.976562,25000000.000
6460,2041,-3.417969,25000000.000
6461,2040,-3.906250,25000000.000
6462,2039,-4.394531,25000000.000
6463,2040,-3.906250,25000000.000
6464,2034,-6.835938,25000000.000
6465,2034,-6.835938,25000000.000
6466,2035,-6.347656,25000000.000
6467,2034,-6.835938,25000000.000
6468,2032,-7.812500,25000000.000
6469,2033,-7.324219,25000000.000
6470,2035,-6.347656,25000000.000
6471,2034,-6.835938,25000000.000
6472,2035,-6.347656,25000000.000
6473,2037,-5.371094,25000000.000
6474,2037,-5.371094,25000000.000
6475,2037,-5.371094,25000000.000
6476,2041,-3.417969,25000000.000
6477,2043,-2.441406,25000000.000
6478,2043,-2.441406,25000000.000
6479,2046,-0.976562,25000000.000
6480,2048,0.000000,25000000.000
6481,2049,0.488281,25000000.000
6482,2052,1.953125,25000000.000
6483,2051,1.464844,25000000.000
6484,2055,3.417969,25000000.000
6485,2055,3.417969,25000000.000
6486,2056,3.906250,25000000.000
6487,2057,4.394531,25000000.000
6488,2057,4.394531,25000000.000
6489,2057,4.394531,25000000.000
6490,2057,4.394531,25000000.000
6491,2057,4.394531,25000000.000
6492,2057,4.394531,25000000.000
6493,2055,3.417969,25000000.000
6494,2055,3.417969,25000000.000
6495,2054,2.929688,25000000.000
6496,2048,0.000000,25000000.000
6497,2051,1.464844,25000000.000
6498,2049,0.488281,25000000.000
6499,2049,0.488281,25000000.000
6500,2041,-3.417969,25000000.000
6501,2042,-2.929688,25000000.000
6502,2041,-3.417969,25000000.000
6503,2040,-3.906250,25000000.000
6504,2037,-5.371094,25000000.000
6505,2037,-5.371094,25000000.000
6506,2035,-6.347656,25000000.000
6507,2035,-6.347656,25000000.000
6508,2035,-6.347656,25000000.000
6509,2032,-7.812500,25000000.000
6510,2039,-4.394531,25000000.000
6511,2027,-10.253906,25000000.000
6512,2036,-5.859375,25000000.000
6513,2038,-4.882812,25000000.000
6514,2035,-6.347656,25000000.000
6515,2037,-5.371094,25000000.000
6516,2041,-3.417969,25000000.000
6517,2039,-4.394531,25000000.000
6518,2042,-2.929688,25000000.000
6519,2043,-2.441406,25000000.000
6520,2044,-1.953125,25000000.000
6521,2047,-0.488281,25000000.000
6522,2052,1.953125,25000000.000
6523,2051,1.464844,25000000.000
6524,2052,1.953125,25000000.000
6525,2054,2.929688,25000000.000
6526,2055,3.417969,25000000.000
6527,2056,3.906250,25000000.000
6528,2055,3.417969,25000000.000
6529,2058,4.882812,25000000.000
6530,2057,4.394531,25000000.000
6531,2057,4.394531,25000000.000
6532,2055,3.417969,25000000.000
6533,2056,3.906250,25000000.000
6534,2057,4.394531,25000000.000
6535,2057,4.394531,25000000.000
6536,2052,1.953125,25000000.000
6537,2052,1.953125,25000000.000
6538,2050,0.976562,25000000.000
6539,2048,0.000000,25000000.000
6540,2042,-2.929688,25000000.000
6541,2042,-2.929688,25000000.000
6542,2041,-3.417969,25000000.000
6543,2038,-4.882812,25000000.000
6544,2039,-4.394531,25000000.000
6545,2038,-4.882812,25000000.000
6546,2035,-6.347656,25000000.000
6547,2032,-7.812500,25000000.000
6548,2030,-8.789062,25000000.000
6549,2036,-5.859375,25000000.000
6550,2034,-6.835938,25000000.000
6551,2037,-5.371094,25000000.000
6552,2034,-6.835938,25000000.000
6553,2034,-6.835938,25000000.000
6554,2032,-7.812500,25000000.000
6555,2035,-6.347656,25000000.000
6556,2037,-5.371094,25000000.000
6557,2038,-4.882812,25000000.000
6558,2040,-3.906250,25000000.000
6559,2041,-3.417969,25000000.000
6560,2041,-3.417969,25000000.000
6561,2045,-1.464844,25000000.000
6562,2049,0.488281,25000000.000
6563,2049,0.488281,25000000.000
6564,2049,0.488281,25000000.000
6565,2053,2.441406,25000000.000
6566,2055,3.417969,25000000.000
6567,2054,2.929688,25000000.000
6568,2055,3.417969,25000000.000
6569,2056,3.906250,25000000.000
6570,2057,4.394531,25000000.000
6571,2057,4.394531,25000000.000
6572,2057,4.394531,25000000.000
6573,2057,4.394531,25000000.000
6574,2056,3.906250,25000000.000
6575,2054,2.929688,25000000.000
6576,2052,1.953125,25000000.000
6577,2053,2.441406,25000000.000
6578,2050,0.976562,25000000.000
6579,2050,0.976562,25000000.000
6580,2047,-0.488281,25000000.000
6581,2046,-0.976562,25000000.000
6582,2042,-2.929688,25000000.000
6583,2043,-2.441406,25000000.000
6584,2042,-2.929688,25000000.000
6585,2038,-4.882812,25000000.000
6586,2036,-5.859375,25000000.000
6587,2038,-4.882812,25000000.000
6588,2034,-6.835938,25000000.000
6589,2034,-6.835938,25000000.000
6590,2032,-7.812500,25000000.000
6591,2034,-6.835938,25000000.000
6592,2032,-7.812500,25000000.000
6593,2032,-7.812500,25000000.000
6594,2033,-7.324219,25000000.000
6595,2035,-6.347656,25000000.000
6596,2035,-6.347656,25000000.000
6597,2036,-5.859375,25000000.000
6598,2039,-4.394531,25000000.000
6599,2038,-4.882812,25000000.000
6600,2042,-2.929688,25000000.000
6601,2041,-3.417969,25000000.000
6602,2045,-1.464844,25000000.000
6603,2044,-1.953125,25000000.000
6604,2049,0.488281,25000000.000
6605,2050,0.976562,25000000.000
6606,2051,1.464844,25000000.000
6607,2051,1.464844,25000000.000
6608,2055,3.417969,25000000.000
6609,2056,3.906250,25000000.000
6610,2056,3.906250,25000000.000
6611,2055,3.417969,25000000.000
6612,2058,4.882812,25000000.000
6613,2057,4.394531,25000000.000
6614,2057,4.394531,25000000.000
6615,2057,4.394531,25000000.000
6616,2056,3.906250,25000000.000
6617,2055,3.417969,25000000.000
6618,2054,2.929688,25000000.000
6619,2052,1.953125,25000000.000
6620,2050,0.976562,25000000.000
6621,2050,0.976562,25000000.000
6622,2048,0.000000,25000000.000
6623,2046,-0.976562,25000000.000
6624,2042,-2.929688,25000000.000
6625,2043,-2.441406,25000000.000
6626,2039,-4.394531,25000000.000
6627,2039,-4.394531,25000000.000
6628,2035,-6.347656,25000000.000
6629,2036,-5.859375,25000000.000
6630,2033,-7.324219,25000000.000
6631,2034,-6.835938,25000000.000
6632,2034,-6.835938,25000000.000
6633,2034,-6.835938,25000000.000
6634,2033,-7.324219,25000000.000
6635,2032,-7.812500,25000000.000
6636,2035,-6.347656,25000000.000
6637,2036,-5.859375,25000000.000
6638,2035,-6.347656,25000000.000
6639,2036,-5.859375,25000000.000
6640,2040,-3.906250,25000000.000
6641,2041,-3.417969,25000000.000
6642,2043,-2.441406,25000000.000
6643,2043,-2.441406,25000000.000
6644,2046,-0.976562,25000000.000
6645,2048,0.000000,25000000.000
6646,2049,0.488281,25000000.000
6647,2051,1.464844,25000000.000
6648,2054,2.929688,25000000.000
6649,2057,4.394531,25000000.000
6650,2056,3.906250,25000000.000
6651,2055,3.417969,25000000.000
6652,2057,4.394531,25000000.000
6653,2058,4.882812,25000000.000
6654,2059,5.371094,25000000.000
6655,2058,4.882812,25000000.000
6656,2056,3.906250,25000000.000
6657,2057,4.394531,25000000.000
6658,2055,3.417969,25000000.000
6659,2056,3.906250,25000000.000
6660,2051,1.464844,25000000.000
6661,2052,1.953125,25000000.000
6662,2048,0.000000,25000000.000
6663,2049,0.488281,25000000.000
6664,2047,-0.488281,25000000.000
6665,2044,-1.953125,25000000.000
6666,2043,-2.441406,25000000.000
6667,2041,-3.417969,25000000.000
6668,2038,-4.882812,25000000.000
6669,2036,-5.859375,25000000.000
6670,2030,-8.789062,25000000.000
6671,2029,-9.277344,25000000.000
6672,2033,-7.324219,25000000.000
6673,2035,-6.347656,25000000.000
6674,2033,-7.324219,25000000.000
6675,2031,-8.300781,25000000.000
6676,2033,-7.324219,25000000.000
6677,2032,-7.812500,25000000.000
6678,2039,-4.394531,25000000.000
6679,2036,-5.859375,25000000.000
6680,2041,-3.417969,25000000.000
6681,2038,-4.882812,25000000.000
6682,2046,-0.976562,25000000.000
6683,2042,-2.929688,25000000.000
6684,2050,0.976562,25000000.000
6685,2043,-2.441406,25000000.000
6686,2052,1.953125,25000000.000
6687,2052,1.953125,25000000.000
6688,2055,3.417969,25000000.000
6689,2052,1.953125,25000000.000
6690,2058,4.882812,25000000.000
6691,2057,4.394531,25000000.000
6692,2058,4.882812,25000000.000
6693,2055,3.417969,25000000.000
6694,2060,5.859375,25000000.000
6695,2059,5.371094,25000000.000
6696,2057,4.394531,25000000.000
6697,2057,4.394531,25000000.000
6698,2056,3.906250,25000000.000
6699,2057,4.394531,25000000.000
6700,2052,1.953125,25000000.000
6701,2052,1.953125,25000000.000
6702,2049,0.488281,25000000.000
6703,2049,0.488281,25000000.000
6704,2046,-0.976562,25000000.000
6705,2046,-0.976562,25000000.000
6706,2043,-2.441406,25000000.000
6707,2042,-2.929688,25000000.000
6708,2039,-4.394531,25000000.000
6709,2039,-4.394531,25000000.000
6710,2036,-5.859375,25000000.000
6711,2035,-6.347656,25000000.000
6712,2035,-6.347656,25000000.000
6713,2034,-6.835938,25000000.000
6714,2034,-6.835938,25000000.000
6715,2033,-7.324219,25000000.000
6716,2036,-5.859375,25000000.000
6717,2033,-7.324219,25000000.000
6718,2034,-6.835938,25000000.000
6719,2034,-6.835938,25000000.000
6720,2036,-5.859375,25000000.000
6721,2037,-5.371094,25000000.000
6722,2039,-4.394531,25000000.000
6723,2039,-4.394531,25000000.000
6724,2040,-3.906250,25000000.000
6725,2043,-2.441406,25000000.000
6726,2047,-0.488281,25000000.000
6727,2046,-0.976562,25000000.000
6728,2048,0.000000,25000000.000
6729,2051,1.464844,25000000.000
6730,2053,2.441406,25000000.000
6731,2051,1.464844,25000000.000
6732,2054,2.929688,25000000.000
6733,2055,3.417969,25000000.000
6734,2056,3.906250,25000000.000
6735,2054,2.929688,25000000.000
6736,2057,4.394531,25000000.000
6737,2058,4.882812,25000000.000
6738,2055,3.417969,25000000.000
6739,2055,3.417969,25000000.000
6740,2055,3.417969,25000000.000
6741,2052,1.953125,25000000.000
6742,2051,1.464844,25000000.000
6743,2050,0.976562,25000000.000
6744,2048,0.000000,25000000.000
6745,2045,-1.464844,25000000.000
6746,2045,-1.464844,25000000.000
6747,2044,-1.953125,25000000.000
6748,2041,-3.417969,25000000.000
6749,2038,-4.882812,25000000.000
6750,2038,-4.882812,25000000.000
6751,2038,-4.882812,25000000.000
6752,2036,-5.859375,25000000.000
6753,2034,-6.835938,25000000.000
6754,2033,-7.324219,25000000.000
6755,2032,-7.812500,25000000.000
6756,2032,-7.812500,25000000.000
6757,2034,-6.835938,25000000.000
6758,2033,-7.324219,25000000.000
6759,2033,-7.324219,25000000.000
6760,2034,-6.835938,25000000.000
6761,2035,-6.347656,25000000.000
6762,2037,-5.371094,25000000.000
6763,2038,-4.882812,25000000.000
6764,2040,-3.906250,25000000.000
6765,2041,-3.417969,25000000.000
6766,2044,-1.953125,25000000.000
6767,2043,-2.441406,25000000.000
6768,2047,-0.488281,25000000.000
6769,2048,0.000000,25000000.000
6770,2050,0.976562,25000000.000
6771,2051,1.464844,25000000.000
6772,2055,3.417969,25000000.000
6773,2055,3.417969,25000000.000
6774,2055,3.417969,25000000.000
6775,2055,3.417969,25000000.000
6776,2055,3.417969,25000000.000
6777,2057,4.394531,25000000.000
6778,2054,2.929688,25000000.000
6779,2056,3.906250,25000000.000
6780,2055,3.417969,25000000.000
6781,2054,2.929688,25000000.000
6782,2054,2.929688,25000000.000
6783,2053,2.441406,25000000.000
6784,2050,0.976562,25000000.000
6785,2046,-0.976562,25000000.000
6786,2046,-0.976562,25000000.000
6787,2046,-0.976562,25000000.000
6788,2043,-2.441406,25000000.000
6789,2042,-2.929688,25000000.000
6790,2039,-4.394531,25000000.000
6791,2039,-4.394531,25000000.000
6792,2035,-6.347656,25000000.000
6793,2035,-6.347656,25000000.000
6794,2034,-6.835938,25000000.000
6795,2034,-6.835938,25000000.000
6796,2031,-8.300781,25000000.000
6797,2034,-6.835938,25000000.000
6798,2032,-7.812500,25000000.000
6799,2033,-7.324219,25000000.000
6800,2034,-6.835938,25000000.000
6801,2035,-6.347656,25000000.000
6802,2037,-5.371094,25000000.000
6803,2038,-4.882812,25000000.000
6804,2041,-3.417969,25000000.000
6805,2041,-3.417969,25000000.000
6806,2042,-2.929688,25000000.000
6807,2042,-2.929688,25000000.000
6808,2046,-0.976562,25000000.000
6809,2048,0.000000,25000000.000
6810,2050,0.976562,25000000.000
6811,2050,0.976562,25000000.000
6812,2055,3.417969,25000000.000
6813,2055,3.417969,25000000.000
6814,2055,3.417969,25000000.000
6815,2056,3.906250,25000000.000
6816,2057,4.394531,25000000.000
6817,2056,3.906250,25000000.000
6818,2058,4.882812,25000000.000
6819,2058,4.882812,25000000.000
6820,2057,4.394531,25000000.000
6821,2055,3.417969,25000000.000
6822,2055,3.417969,25000000.000
6823,2055,3.417969,25000000.000
6824,2052,1.953125,25000000.000
6825,2051,1.464844,25000000.000
6826,2049,0.488281,25000000.000
6827,2049,0.488281,25000000.000
6828,2044,-1.953125,25000000.000
6829,2044,-1.953125,25000000.000
6830,2043,-2.441406,25000000.000
6831,2041,-3.417969,25000000.000
6832,2038,-4.882812,25000000.000
6833,2037,-5.371094,25000000.000
6834,2036,-5.859375,25000000.000
6835,2035,-6.347656,25000000.000
6836,2037,-5.371094,25000000.000
6837,2034,-6.835938,25000000.000
6838,2033,-7.324219,25000000.000
6839,2034,-6.835938,25000000.000
6840,2034,-6.835938,25000000.000
6841,2037,-5.371094,25000000.000
6842,2036,-5.859375,25000000.000
6843,2035,-6.347656,25000000.000
6844,2038,-4.882812,25000000.000
6845,2039,-4.394531,25000000.000
6846,2039,-4.394531,25000000.000
6847,2042,-2.929688,25000000.000
6848,2045,-1.464844,25000000.000
6849,2046,-0.976562,25000000.000
6850,2049,0.488281,25000000.000
6851,2049,0.488281,25000000.000
6852,2052,1.953125,25000000.000
6853,2053,2.441406,25000000.000
6854,2054,2.929688,25000000.000
6855,2055,3.417969,25000000.000
6856,2053,2.441406,25000000.000
6857,2059,5.371094,25000000.000
6858,2058,4.882812,25000000.000
6859,2062,6.835938,25000000.000
6860,2058,4.882812,25000000.000
6861,2058,4.882812,25000000.000
6862,2056,3.906250,25000000.000
6863,2058,4.882812,25000000.000
6864,2055,3.417969,25000000.000
6865,2053,2.441406,25000000.000
6866,2051,1.464844,25000000.000
6867,2050,0.976562,25000000.000
6868,2049,0.488281,25000000.000
6869,2046,-0.976562,25000000.000
6870,2044,-1.953125,25000000.000
6871,2043,-2.441406,25000000.000
6872,2039,-4.394531,25000000.000
6873,2038,-4.882812,25000000.000
6874,2036,-5.859375,25000000.000
6875,2038,-4.882812,25000000.000
6876,2033,-7.324219,25000000.000
6877,2034,-6.835938,25000000.000
6878,2032,-7.812500,25000000.000
6879,2034,-6.835938,25000000.000
6880,2035,-6.347656,25000000.000
6881,2033,-7.324219,25000000.000
6882,2034,-6.835938,25000000.000
6883,2035,-6.347656,25000000.000
6884,2037,-5.371094,25000000.000
6885,2037,-5.371094,25000000.000
6886,2039,-4.394531,25000000.000
6887,2038,-4.882812,25000000.000
6888,2042,-2.929688,25000000.000
6889,2043,-2.441406,25000000.000
6890,2046,-0.976562,25000000.000
6891,2047,-0.488281,25000000.000
6892,2049,0.488281,25000000.000
6893,2054,2.929688,25000000.000
6894,2049,0.488281,25000000.000
6895,2054,2.929688,25000000.000
6896,2058,4.882812,25000000.000
6897,2054,2.929688,25000000.000
6898,2057,4.394531,25000000.000
6899,2055,3.417969,25000000.000
6900,2057,4.394531,25000000.000
6901,2057,4.394531,25000000.000
6902,2059,5.371094,25000000.000
6903,2056,3.906250,25000000.000
6904,2056,3.906250,25000000.000
6905,2055,3.417969,25000000.000
6906,2051,1.464844,25000000.000
6907,2051,1.464844,25000000.000
6908,2050,0.976562,25000000.000
6909,2049,0.488281,25000000.000
6910,2045,-1.464844,25000000.000
6911,2046,-0.976562,25000000.000
6912,2042,-2.929688,25000000.000
6913,2041,-3.417969,25000000.000
6914,2040,-3.906250,25000000.000
6915,2040,-3.906250,25000000.000
6916,2037,-5.371094,25000000.000
6917,2032,-7.812500,25000000.000
6918,2034,-6.835938,25000000.000
6919,2034,-6.835938,25000000.000
6920,2033,-7.324219,25000000.000
6921,2034,-6.835938,25000000.000
6922,2034,-6.835938,25000000.000
6923,2033,-7.324219,25000000.000
6924,2033,-7.324219,25000000.000
6925,2034,-6.835938,25000000.000
6926,2037,-5.371094,25000000.000
6927,2037,-5.371094,25000000.000
6928,2038,-4.882812,25000000.000
6929,2041,-3.417969,25000000.000
6930,2044,-1.953125,25000000.000
6931,2043,-2.441406,25000000.000
6932,2048,0.000000,25000000.000
6933,2048,0.000000,25000000.000
6934,2049,0.488281,25000000.000
6935,2050,0.976562,25000000.000
6936,2054,2.929688,25000000.000
6937,2055,3.417969,25000000.000
6938,2055,3.417969,25000000.000
6939,2055,3.417969,25000000.000
6940,2056,3.906250,25000000.000
6941,2057,4.394531,25000000.000
6942,2055,3.417969,25000000.000
6943,2055,3.417969,25000000.000
6944,2056,3.906250,25000000.000
6945,2054,2.929688,25000000.000
6946,2053,2.441406,25000000.000
6947,2054,2.929688,25000000.000
6948,2054,2.929688,25000000.000
6949,2049,0.488281,25000000.000
6950,2049,0.488281,25000000.000
6951,2049,0.488281,25000000.000
6952,2043,-2.441406,25000000.000
6953,2041,-3.417969,25000000.000
6954,2040,-3.906250,25000000.000
6955,2040,-3.906250,25000000.000
6956,2036,-5.859375,25000000.000
6957,2036,-5.859375,25000000.000
6958,2035,-6.347656,25000000.000
6959,2033,-7.324219,25000000.000
6960,2032,-7.812500,25000000.000
6961,2033,-7.324219,25000000.000
6962,2034,-6.835938,25000000.000
6963,2033,-7.324219,25000000.000
6964,2033,-7.324219,25000000.000
6965,2034,-6.835938,25000000.000
6966,2036,-5.859375,25000000.000
6967,2036,-5.859375,25000000.000
6968,2039,-4.394531,25000000.000
6969,2039,-4.394531,25000000.000
6970,2042,-2.929688,25000000.000
6971,2041,-3.417969,25000000.000
6972,2044,-1.953125,25000000.000
6973,2048,0.000000,25000000.000
6974,2049,0.488281,25000000.000
6975,2048,0.000000,25000000.000
6976,2053,2.441406,25000000.000
6977,2054,2.929688,25000000.000
6978,2053,2.441406,25000000.000
6979,2055,3.417969,25000000.000
6980,2057,4.394531,25000000.000
6981,2056,3.906250,25000000.000
6982,2056,3.906250,25000000.000
6983,2056,3.906250,25000000.000
6984,2057,4.394531,25000000.000
6985,2055,3.417969,25000000.000
6986,2056,3.906250,25000000.000
6987,2053,2.441406,25000000.000
6988,2054,2.929688,25000000.000
6989,2051,1.464844,25000000.000
6990,2048,0.000000,25000000.000
6991,2048,0.000000,25000000.000
6992,2045,-1.464844,25000000.000
6993,2044,-1.953125,25000000.000
6994,2042,-2.929688,25000000.000
6995,2042,-2.929688,25000000.000
6996,2038,-4.882812,25000000.000
6997,2036,-5.859375,25000000.000
6998,2036,-5.859375,25000000.000
6999,2035,-6.347656,25000000.000
7000,2035,-6.347656,25000000.000
7001,2033,-7.324219,25000000.000
7002,2033,-7.324219,25000000.000
7003,2033,-7.324219,25000000.000
7004,2034,-6.835938,25000000.000
7005,2034,-6.835938,25000000.000
7006,2035,-6.347656,25000000.000
7007,2035,-6.347656,25000000.000
7008,2037,-5.371094,25000000.000
7009,2039,-4.394531,25000000.000
7010,2039,-4.394531,25000000.000
7011,2041,-3.417969,25000000.000
7012,2045,-1.464844,25000000.000
7013,2044,-1.953125,25000000.000
7014,2047,-0.488281,25000000.000
7015,2048,0.000000,25000000.000
7016,2052,1.953125,25000000.000
7017,2051,1.464844,25000000.000
7018,2054,2.929688,25000000.000
7019,2054,2.929688,25000000.000
7020,2056,3.906250,25000000.000
7021,2056,3.906250,25000000.000
7022,2058,4.882812,25000000.000
7023,2057,4.394531,25000000.000
7024,2055,3.417969,25000000.000
7025,2057,4.394531,25000000.000
7026,2057,4.394531,25000000.000
7027,2055,3.417969,25000000.000
7028,2055,3.417969,25000000.000
7029,2054,2.929688,25000000.000
7030,2053,2.441406,25000000.000
7031,2051,1.464844,25000000.000
7032,2048,0.000000,25000000.000
7033,2047,-0.488281,25000000.000
7034,2046,-0.976562,25000000.000
7035,2045,-1.464844,25000000.000
7036,2041,-3.417969,25000000.000
7037,2040,-3.906250,25000000.000
7038,2038,-4.882812,25000000.000
7039,2038,-4.882812,25000000.000
7040,2036,-5.859375,25000000.000
7041,2034,-6.835938,25000000.000
7042,2033,-7.324219,25000000.000
7043,2034,-6.835938,25000000.000
7044,2034,-6.835938,25000000.000
7045,2032,-7.812500,25000000.000
7046,2031,-8.300781,25000000.000
7047,2033,-7.324219,25000000.000
7048,2035,-6.347656,25000000.000
7049,2036,-5.859375,25000000.000
7050,2038,-4.882812,25000000.000
7051,2038,-4.882812,25000000.000
7052,2041,-3.417969,25000000.000
7053,2042,-2.929688,25000000.000
7054,2045,-1.464844,25000000.000
7055,2045,-1.464844,25000000.000
7056,2047,-0.488281,25000000.000
7057,2049,0.488281,25000000.000
7058,2052,1.953125,25000000.000
7059,2053,2.441406,25000000.000
7060,2056,3.906250,25000000.000
7061,2055,3.417969,25000000.000
7062,2057,4.394531,25000000.000
7063,2056,3.906250,25000000.000
7064,2057,4.394531,25000000.000
7065,2056,3.906250,25000000.000
7066,2056,3.906250,25000000.000
7067,2055,3.417969,25000000.000
7068,2057,4.394531,25000000.000
7069,2056,3.906250,25000000.000
7070,2055,3.417969,25000000.000
7071,2054,2.929688,25000000.000
7072,2050,0.976562,25000000.000
7073,2048,0.000000,25000000.000
7074,2045,-1.464844,25000000.000
7075,2046,-0.976562,25000000.000
7076,2045,-1.464844,25000000.000
7077,2041,-3.417969,25000000.000
7078,2038,-4.882812,25000000.000
7079,2040,-3.906250,25000000.000
7080,2039,-4.394531,25000000.000
7081,2035,-6.347656,25000000.000
7082,2033,-7.324219,25000000.000
7083,2035,-6.347656,25000000.000
7084,2033,-7.324219,25000000.000
7085,2033,-7.324219,25000000.000
7086,2035,-6.347656,25000000.000
7087,2033,-7.324219,25000000.000
7088,2034,-6.835938,25000000.000
7089,2036,-5.859375,25000000.000
7090,2038,-4.882812,25000000.000
7091,2038,-4.882812,25000000.000
7092,2040,-3.906250,25000000.000
7093,2042,-2.929688,25000000.000
7094,2044,-1.953125,25000000.000
7095,2044,-1.953125,25000000.000
7096,2046,-0.976562,25000000.000
7097,2049,0.488281,25000000.000
7098,2050,0.976562,25000000.000
7099,2050,0.976562,25000000.000
7100,2054,2.929688,25000000.000
7101,2056,3.906250,25000000.000
7102,2057,4.394531,25000000.000
7103,2055,3.417969,25000000.000
7104,2058,4.882812,25000000.000
7105,2059,5.371094,25000000.000
7106,2056,3.906250,25000000.000
7107,2058,4.882812,25000000.000
7108,2056,3.906250,25000000.000
7109,2056,3.906250,25000000.000
7110,2055,3.417969,25000000.000
7111,2056,3.906250,25000000.000
7112,2052,1.953125,25000000.000
7113,2050,0.976562,25000000.000
7114,2049,0.488281,25000000.000
7115,2048,0.000000,25000000.000
7116,2045,-1.464844,25000000.000
7117,2042,-2.929688,25000000.000
7118,2041,-3.417969,25000000.000
7119,2041,-3.417969,25000000.000
7120,2037,-5.371094,25000000.000
7121,2035,-6.347656,25000000.000
7122,2034,-6.835938,25000000.000
7123,2035,-6.347656,25000000.000
7124,2032,-7.812500,25000000.000
7125,2033,-7.324219,25000000.000
7126,2033,-7.324219,25000000.000
7127,2033,-7.324219,25000000.000
7128,2033,-7.324219,25000000.000
7129,2034,-6.835938,25000000.000
7130,2034,-6.835938,25000000.000
7131,2035,-6.347656,25000000.000
7132,2037,-5.371094,25000000.000
7133,2040,-3.906250,25000000.000
7134,2042,-2.929688,25000000.000
7135,2041,-3.417969,25000000.000
7136,2044,-1.953125,25000000.000
7137,2046,-0.976562,25000000.000
7138,2048,0.000000,25000000.000
7139,2048,0.000000,25000000.000
7140,2051,1.464844,25000000.000
7141,2053,2.441406,25000000.000
7142,2054,2.929688,25000000.000
7143,2055,3.417969,25000000.000
7144,2057,4.394531,25000000.000
7145,2057,4.394531,25000000.000
7146,2057,4.394531,25000000.000
7147,2057,4.394531,25000000.000
7148,2059,5.371094,25000000.000
7149,2056,3.906250,25000000.000
7150,2056,3.906250,25000000.000
7151,2055,3.417969,25000000.000
7152,2053,2.441406,25000000.000
7153,2052,1.953125,25000000.000
7154,2051,1.464844,25000000.000
7155,2050,0.976562,25000000.000
7156,2045,-1.464844,25000000.000
7157,2045,-1.464844,25000000.000
7158,2043,-2.441406,25000000.000
7159,2043,-2.441406,25000000.000
7160,2039,-4.394531,25000000.000
7161,2039,-4.394531,25000000.000
7162,2038,-4.882812,25000000.000
7163,2037,-5.371094,25000000.000
7164,2033,-7.324219,25000000.000
7165,2033,-7.324219,25000000.000
7166,2033,-7.324219,25000000.000
7167,2032,-7.812500,25000000.000
7168,2033,-7.324219,25000000.000
7169,2033,-7.324219,25000000.000
7170,2034,-6.835938,25000000.000
7171,2033,-7.324219,25000000.000
7172,2036,-5.859375,25000000.000
7173,2037,-5.371094,25000000.000
7174,2039,-4.394531,25000000.000
7175,2039,-4.394531,25000000.000
7176,2044,-1.953125,25000000.000
7177,2044,-1.953125,25000000.000
7178,2045,-1.464844,25000000.000
7179,2047,-0.488281,25000000.000
7180,2051,1.464844,25000000.000
7181,2052,1.953125,25000000.000
7182,2053,2.441406,25000000.000
7183,2054,2.929688,25000000.000
7184,2055,3.417969,25000000.000
7185,2055,3.417969,25000000.000
7186,2057,4.394531,25000000.000
7187,2056,3.906250,25000000.000
7188,2056,3.906250,25000000.000
7189,2057,4.394531,25000000.000
7190,2058,4.882812,25000000.000
7191,2057,4.394531,25000000.000
7192,2053,2.441406,25000000.000
7193,2053,2.441406,25000000.000
7194,2051,1.464844,25000000.000
7195,2051,1.464844,25000000.000
7196,2047,-0.488281,25000000.000
7197,2045,-1.464844,25000000.000
7198,2046,-0.976562,25000000.000
7199,2044,-1.953125,25000000.000
7200,2041,-3.417969,25000000.000
7201,2040,-3.906250,25000000.000
7202,2040,-3.906250,25000000.000
7203,2039,-4.394531,25000000.000
7204,2036,-5.859375,25000000.000
7205,2032,-7.812500,25000000.000
7206,2036,-5.859375,25000000.000
7207,2032,-7.812500,25000000.000
7208,2032,-7.812500,25000000.000
7209,2032,-7.812500,25000000.000
7210,2035,-6.347656,25000000.000
7211,2033,-7.324219,25000000.000
7212,2034,-6.835938,25000000.000
7213,2035,-6.347656,25000000.000
7214,2038,-4.882812,25000000.000
7215,2040,-3.906250,25000000.000
7216,2040,-3.906250,25000000.000
7217,2041,-3.417969,25000000.000
7218,2045,-1.464844,25000000.000
7219,2046,-0.976562,25000000.000
7220,2047,-0.488281,25000000.000
7221,2048,0.000000,25000000.000
7222,2051,1.464844,25000000.000
7223,2051,1.464844,25000000.000
7224,2054,2.929688,25000000.000
7225,2055,3.417969,25000000.000
7226,2054,2.929688,25000000.000
7227,2055,3.417969,25000000.000
7228,2057,4.394531,25000000.000
7229,2060,5.859375,25000000.000
7230,2060,5.859375,25000000.000
7231,2059,5.371094,25000000.000
7232,2056,3.906250,25000000.000
7233,2055,3.417969,25000000.000
7234,2054,2.929688,25000000.000
7235,2054,2.929688,25000000.000
7236,2052,1.953125,25000000.000
7237,2049,0.488281,25000000.000
7238,2047,-0.488281,25000000.000
7239,2048,0.000000,25000000.000
7240,2046,-0.976562,25000000.000
7241,2038,-4.882812,25000000.000
7242,2045,-1.464844,25000000.000
7243,2035,-6.347656,25000000.000
7244,2036,-5.859375,25000000.000
7245,2036,-5.859375,25000000.000
7246,2036,-5.859375,25000000.000
7247,2036,-5.859375,25000000.000
7248,2035,-6.347656,25000000.000
7249,2034,-6.835938,25000000.000
7250,2034,-6.835938,25000000.000
7251,2034,-6.835938,25000000.000
7252,2034,-6.835938,25000000.000
7253,2034,-6.835938,25000000.000
7254,2038,-4.882812,25000000.000
7255,2037,-5.371094,25000000.000
7256,2038,-4.882812,25000000.000
7257,2041,-3.417969,25000000.000
7258,2044,-1.953125,25000000.000
7259,2044,-1.953125,25000000.000
7260,2044,-1.953125,25000000.000
7261,2048,0.000000,25000000.000
7262,2050,0.976562,25000000.000
7263,2052,1.953125,25000000.000
7264,2053,2.441406,25000000.000
7265,2054,2.929688,25000000.000
7266,2057,4.394531,25000000.000
7267,2055,3.417969,25000000.000
7268,2056,3.906250,25000000.000
7269,2058,4.882812,25000000.000
7270,2057,4.394531,25000000.000
7271,2056,3.906250,25000000.000
7272,2057,4.394531,25000000.000
7273,2057,4.394531,25000000.000
7274,2053,2.441406,25000000.000
7275,2055,3.417969,25000000.000
7276,2052,1.953125,25000000.000
7277,2053,2.441406,25000000.000
7278,2049,0.488281,25000000.000
7279,2051,1.464844,25000000.000
7280,2047,-0.488281,25000000.000
7281,2042,-2.929688,25000000.000
7282,2042,-2.929688,25000000.000
7283,2042,-2.929688,25000000.000
7284,2039,-4.394531,25000000.000
7285,2038,-4.882812,25000000.000
7286,2035,-6.347656,25000000.000
7287,2036,-5.859375,25000000.000
7288,2036,-5.859375,25000000.000
7289,2035,-6.347656,25000000.000
7290,2035,-6.347656,25000000.000
7291,2037,-5.371094,25000000.000
7292,2032,-7.812500,25000000.000
7293,2034,-6.835938,25000000.000
7294,2035,-6.347656,25000000.000
7295,2034,-6.835938,25000000.000
7296,2037,-5.371094,25000000.000
7297,2041,-3.417969,25000000.000
7298,2037,-5.371094,25000000.000
7299,2040,-3.906250,25000000.000
7300,2043,-2.441406,25000000.000
7301,2049,0.488281,25000000.000
7302,2046,-0.976562,25000000.000
7303,2047,-0.488281,25000000.000
7304,2051,1.464844,25000000.000
7305,2054,2.929688,25000000.000
7306,2051,1.464844,25000000.000
7307,2053,2.441406,25000000.000
7308,2056,3.906250,25000000.000
7309,2059,5.371094,25000000.000
7310,2057,4.394531,25000000.000
7311,2054,2.929688,25000000.000
7312,2057,4.394531,25000000.000
7313,2057,4.394531,25000000.000
7314,2055,3.417969,25000000.000
7315,2056,3.906250,25000000.000
7316,2055,3.417969,25000000.000
7317,2051,1.464844,25000000.000
7318,2052,1.953125,25000000.000
7319,2051,1.464844,25000000.000
7320,2048,0.000000,25000000.000
7321,2044,-1.953125,25000000.000
7322,2044,-1.953125,25000000.000
7323,2043,-2.441406,25000000.000
7324,2040,-3.906250,25000000.000
7325,2038,-4.882812,25000000.000
7326,2037,-5.371094,25000000.000
7327,2037,-5.371094,25000000.000
7328,2036,-5.859375,25000000.000
7329,2033,-7.324219,25000000.000
7330,2032,-7.812500,25000000.000
7331,2033,-7.324219,25000000.000
7332,2035,-6.347656,25000000.000
7333,2034,-6.835938,25000000.000
7334,2033,-7.324219,25000000.000
7335,2033,-7.324219,25000000.000
7336,2036,-5.859375,25000000.000
7337,2037,-5.371094,25000000.000
7338,2037,-5.371094,25000000.000
7339,2037,-5.371094,25000000.000
7340,2041,-3.417969,25000000.000
7341,2042,-2.929688,25000000.000
7342,2046,-0.976562,25000000.000
7343,2047,-0.488281,25000000.000
7344,2049,0.488281,25000000.000
7345,2050,0.976562,25000000.000
7346,2051,1.464844,25000000.000
7347,2052,1.953125,25000000.000
7348,2054,2.929688,25000000.000
7349,2055,3.417969,25000000.000
7350,2057,4.394531,25000000.000
7351,2057,4.394531,25000000.000
7352,2056,3.906250,25000000.000
7353,2054,2.929688,25000000.000
7354,2056,3.906250,25000000.000
7355,2056,3.906250,25000000.000
7356,2055,3.417969,25000000.000
7357,2053,2.441406,25000000.000
7358,2055,3.417969,25000000.000
7359,2058,4.882812,25000000.000
7360,2050,0.976562,25000000.000
7361,2047,-0.488281,25000000.000
7362,2047,-0.488281,25000000.000
7363,2048,0.000000,25000000.000
7364,2042,-2.929688,25000000.000
7365,2039,-4.394531,25000000.000
7366,2038,-4.882812,25000000.000
7367,2037,-5.371094,25000000.000
7368,2037,-5.371094,25000000.000
7369,2034,-6.835938,25000000.000
7370,2034,-6.835938,25000000.000
7371,2032,-7.812500,25000000.000
7372,2033,-7.324219,25000000.000
7373,2033,-7.324219,25000000.000
7374,2032,-7.812500,25000000.000
7375,2032,-7.812500,25000000.000
7376,2035,-6.347656,25000000.000
7377,2036,-5.859375,25000000.000
7378,2036,-5.859375,25000000.000
7379,2036,-5.859375,25000000.000
7380,2040,-3.906250,25000000.000
7381,2040,-3.906250,25000000.000
7382,2044,-1.953125,25000000.000
7383,2044,-1.953125,25000000.000
7384,2048,0.000000,25000000.000
7385,2049,0.488281,25000000.000
7386,2051,1.464844,25000000.000
7387,2051,1.464844,25000000.000
7388,2053,2.441406,25000000.000
7389,2055,3.417969,25000000.000
7390,2056,3.906250,25000000.000
7391,2056,3.906250,25000000.000
7392,2055,3.417969,25000000.000
7393,2058,4.882812,25000000.000
7394,2057,4.394531,25000000.000
7395,2057,4.394531,25000000.000
7396,2056,3.906250,25000000.000
7397,2054,2.929688,25000000.000
7398,2055,3.417969,25000000.000
7399,2053,2.441406,25000000.000
7400,2051,1.464844,25000000.000
7401,2051,1.464844,25000000.000
7402,2048,0.000000,25000000.000
7403,2047,-0.488281,25000000.000
7404,2044,-1.953125,25000000.000
7405,2044,-1.953125,25000000.000
7406,2039,-4.394531,25000000.000
7407,2039,-4.394531,25000000.000
7408,2037,-5.371094,25000000.000
7409,2037,-5.371094,25000000.000
7410,2034,-6.835938,25000000.000
7411,2035,-6.347656,25000000.000
7412,2026,-10.742188,25000000.000
7413,2034,-6.835938,25000000.000
7414,2032,-7.812500,25000000.000
7415,2035,-6.347656,25000000.000
7416,2036,-5.859375,25000000.000
7417,2032,-7.812500,25000000.000
7418,2037,-5.371094,25000000.000
7419,2035,-6.347656,25000000.000
7420,2039,-4.394531,25000000.000
7421,2040,-3.906250,25000000.000
7422,2041,-3.417969,25000000.000
7423,2040,-3.906250,25000000.000
7424,2044,-1.953125,25000000.000
7425,2048,0.000000,25000000.000
7426,2048,0.000000,25000000.000
7427,2049,0.488281,25000000.000
7428,2052,1.953125,25000000.000
7429,2054,2.929688,25000000.000
7430,2057,4.394531,25000000.000
7431,2057,4.394531,25000000.000
7432,2057,4.394531,25000000.000
7433,2059,5.371094,25000000.000
7434,2057,4.394531,25000000.000
7435,2056,3.906250,25000000.000
7436,2057,4.394531,25000000.000
7437,2058,4.882812,25000000.000
7438,2054,2.929688,25000000.000
7439,2054,2.929688,25000000.000
7440,2053,2.441406,25000000.000
7441,2051,1.464844,25000000.000
7442,2050,0.976562,25000000.000
7443,2051,1.464844,25000000.000
7444,2046,-0.976562,25000000.000
7445,2044,-1.953125,25000000.000
7446,2044,-1.953125,25000000.000
7447,2043,-2.441406,25000000.000
7448,2039,-4.394531,25000000.000
7449,2036,-5.859375,25000000.000
7450,2035,-6.347656,25000000.000
7451,2035,-6.347656,25000000.000
7452,2034,-6.835938,25000000.000
7453,2034,-6.835938,25000000.000
7454,2033,-7.324219,25000000.000
7455,2033,-7.324219,25000000.000
7456,2033,-7.324219,25000000.000
7457,2034,-6.835938,25000000.000
7458,2035,-6.347656,25000000.000
7459,2035,-6.347656,25000000.000
7460,2036,-5.859375,25000000.000
7461,2040,-3.906250,25000000.000
7462,2042,-2.929688,25000000.000
7463,2042,-2.929688,25000000.000
7464,2044,-1.953125,25000000.000
7465,2046,-0.976562,25000000.000
7466,2049,0.488281,25000000.000
7467,2048,0.000000,25000000.000
7468,2052,1.953125,25000000.000
7469,2054,2.929688,25000000.000
7470,2054,2.929688,25000000.000
7471,2055,3.417969,25000000.000
7472,2056,3.906250,25000000.000
7473,2059,5.371094,25000000.000
7474,2057,4.394531,25000000.000
7475,2058,4.882812,25000000.000
7476,2059,5.371094,25000000.000
7477,2056,3.906250,25000000.000
7478,2057,4.394531,25000000.000
7479,2058,4.882812,25000000.000
7480,2057,4.394531,25000000.000
7481,2052,1.953125,25000000.000
7482,2051,1.464844,25000000.000
7483,2051,1.464844,25000000.000
7484,2048,0.000000,25000000.000
7485,2045,-1.464844,25000000.000
7486,2045,-1.464844,25000000.000
7487,2044,-1.953125,25000000.000
7488,2041,-3.417969,25000000.000
7489,2041,-3.417969,25000000.000
7490,2040,-3.906250,25000000.000
7491,2037,-5.371094,25000000.000
7492,2033,-7.324219,25000000.000
7493,2035,-6.347656,25000000.000
7494,2035,-6.347656,25000000.000
7495,2034,-6.835938,25000000.000
7496,2033,-7.324219,25000000.000
7497,2035,-6.347656,25000000.000
7498,2034,-6.835938,25000000.000
7499,2035,-6.347656,25000000.000
7500,2035,-6.347656,25000000.000
7501,2037,-5.371094,25000000.000
7502,2039,-4.394531,25000000.000
7503,2038,-4.882812,25000000.000
7504,2042,-2.929688,25000000.000
7505,2045,-1.464844,25000000.000
7506,2043,-2.441406,25000000.000
7507,2043,-2.441406,25000000.000
7508,2048,0.000000,25000000.000
7509,2048,0.000000,25000000.000
7510,2052,1.953125,25000000.000
7511,2050,0.976562,25000000.000
7512,2056,3.906250,25000000.000
7513,2055,3.417969,25000000.000
7514,2056,3.906250,25000000.000
7515,2057,4.394531,25000000.000
7516,2058,4.882812,25000000.000
7517,2057,4.394531,25000000.000
7518,2058,4.882812,25000000.000
7519,2057,4.394531,25000000.000
7520,2056,3.906250,25000000.000
7521,2055,3.417969,25000000.000
7522,2052,1.953125,25000000.000
7523,2052,1.953125,25000000.000
7524,2049,0.488281,25000000.000
7525,2048,0.000000,25000000.000
7526,2047,-0.488281,25000000.000
7527,2046,-0.976562,25000000.000
7528,2041,-3.417969,25000000.000
7529,2039,-4.394531,25000000.000
7530,2040,-3.906250,25000000.000
7531,2040,-3.906250,25000000.000
7532,2036,-5.859375,25000000.000
7533,2036,-5.859375,25000000.000
7534,2035,-6.347656,25000000.000
7535,2033,-7.324219,25000000.000
7536,2033,-7.324219,25000000.000
7537,2033,-7.324219,25000000.000
7538,2033,-7.324219,25000000.000
7539,2033,-7.324219,25000000.000
7540,2036,-5.859375,25000000.000
7541,2036,-5.859375,25000000.000
7542,2036,-5.859375,25000000.000
7543,2038,-4.882812,25000000.000
7544,2039,-4.394531,25000000.000
7545,2040,-3.906250,25000000.000
7546,2043,-2.441406,25000000.000
7547,2044,-1.953125,25000000.000
7548,2047,-0.488281,25000000.000
7549,2046,-0.976562,25000000.000
7550,2057,4.394531,25000000.000
7551,2048,0.000000,25000000.000
7552,2052,1.953125,25000000.000
7553,2052,1.953125,25000000.000
7554,2059,5.371094,25000000.000
7555,2058,4.882812,25000000.000
7556,2057,4.394531,25000000.000
7557,2059,5.371094,25000000.000
7558,2057,4.394531,25000000.000
7559,2059,5.371094,25000000.000
7560,2055,3.417969,25000000.000
7561,2055,3.417969,25000000.000
7562,2056,3.906250,25000000.000
7563,2054,2.929688,25000000.000
7564,2051,1.464844,25000000.000
7565,2051,1.464844,25000000.000
7566,2048,0.000000,25000000.000
7567,2045,-1.464844,25000000.000
7568,2044,-1.953125,25000000.000
7569,2043,-2.441406,25000000.000
7570,2041,-3.417969,25000000.000
7571,2040,-3.906250,25000000.000
7572,2037,-5.371094,25000000.000
7573,2036,-5.859375,25000000.000
7574,2034,-6.835938,25000000.000
7575,2034,-6.835938,25000000.000
7576,2033,-7.324219,25000000.000
7577,2033,-7.324219,25000000.000
7578,2033,-7.324219,25000000.000
7579,2033,-7.324219,25000000.000
7580,2035,-6.347656,25000000.000
7581,2033,-7.324219,25000000.000
7582,2036,-5.859375,25000000.000
7583,2035,-6.347656,25000000.000
7584,2038,-4.882812,25000000.000
7585,2040,-3.906250,25000000.000
7586,2040,-3.906250,25000000.000
7587,2042,-2.929688,25000000.000
7588,2047,-0.488281,25000000.000
7589,2043,-2.441406,25000000.000
7590,2050,0.976562,25000000.000
7591,2047,-0.488281,25000000.000
7592,2047,-0.488281,25000000.000
7593,2053,2.441406,25000000.000
7594,2056,3.906250,25000000.000
7595,2055,3.417969,25000000.000
7596,2056,3.906250,25000000.000
7597,2058,4.882812,25000000.000
7598,2057,4.394531,25000000.000
7599,2056,3.906250,25000000.000
7600,2057,4.394531,25000000.000
7601,2057,4.394531,25000000.000
7602,2056,3.906250,25000000.000
7603,2055,3.417969,25000000.000
7604,2053,2.441406,25000000.000
7605,2052,1.953125,25000000.000
7606,2051,1.464844,25000000.000
7607,2051,1.464844,25000000.000
7608,2047,-0.488281,25000000.000
7609,2046,-0.976562,25000000.000
7610,2042,-2.929688,25000000.000
7611,2043,-2.441406,25000000.000
7612,2041,-3.417969,25000000.000
7613,2039,-4.394531,25000000.000
7614,2038,-4.882812,25000000.000
7615,2037,-5.371094,25000000.000
7616,2034,-6.835938,25000000.000
7617,2034,-6.835938,25000000.000
7618,2032,-7.812500,25000000.000
7619,2034,-6.835938,25000000.000
7620,2034,-6.835938,25000000.000
7621,2033,-7.324219,25000000.000
7622,2037,-5.371094,25000000.000
7623,2036,-5.859375,25000000.000
7624,2037,-5.371094,25000000.000
7625,2037,-5.371094,25000000.000
7626,2035,-6.347656,25000000.000
7627,2040,-3.906250,25000000.000
7628,2036,-5.859375,25000000.000
7629,2049,0.488281,25000000.000
7630,2046,-0.976562,25000000.000
7631,2050,0.976562,25000000.000
7632,2053,2.441406,25000000.000
7633,2050,0.976562,25000000.000
7634,2056,3.906250,25000000.000
7635,2054,2.929688,25000000.000
7636,2057,4.394531,25000000.000
7637,2056,3.906250,25000000.000
7638,2057,4.394531,25000000.000
7639,2056,3.906250,25000000.000
7640,2057,4.394531,25000000.000
7641,2056,3.906250,25000000.000
7642,2056,3.906250,25000000.000
7643,2057,4.394531,25000000.000
7644,2056,3.906250,25000000.000
7645,2054,2.929688,25000000.000
7646,2052,1.953125,25000000.000
7647,2052,1.953125,25000000.000
7648,2049,0.488281,25000000.000
7649,2046,-0.976562,25000000.000
7650,2045,-1.464844,25000000.000
7651,2045,-1.464844,25000000.000
7652,2041,-3.417969,25000000.000
7653,2040,-3.906250,25000000.000
7654,2038,-4.882812,25000000.000
7655,2038,-4.882812,25000000.000
7656,2035,-6.347656,25000000.000
7657,2036,-5.859375,25000000.000
7658,2034,-6.835938,25000000.000
7659,2034,-6.835938,25000000.000
7660,2033,-7.324219,25000000.000
7661,2034,-6.835938,25000000.000
7662,2034,-6.835938,25000000.000
7663,2033,-7.324219,25000000.000
7664,2036,-5.859375,25000000.000
7665,2035,-6.347656,25000000.000
7666,2037,-5.371094,25000000.000
7667,2037,-5.371094,25000000.000
7668,2042,-2.929688,25000000.000
7669,2044,-1.953125,25000000.000
7670,2044,-1.953125,25000000.000
7671,2043,-2.441406,25000000.000
7672,2048,0.000000,25000000.000
7673,2050,0.976562,25000000.000
7674,2050,0.976562,25000000.000
7675,2051,1.464844,25000000.000
7676,2055,3.417969,25000000.000
7677,2056,3.906250,25000000.000
7678,2056,3.906250,25000000.000
7679,2056,3.906250,25000000.000
7680,2058,4.882812,25000000.000
7681,2056,3.906250,25000000.000
7682,2057,4.394531,25000000.000
7683,2057,4.394531,25000000.000
7684,2056,3.906250,25000000.000
7685,2055,3.417969,25000000.000
7686,2054,2.929688,25000000.000
7687,2053,2.441406,25000000.000
7688,2051,1.464844,25000000.000
7689,2049,0.488281,25000000.000
7690,2047,-0.488281,25000000.000
7691,2048,0.000000,25000000.000
7692,2043,-2.441406,25000000.000
7693,2043,-2.441406,25000000.000
7694,2040,-3.906250,25000000.000
7695,2041,-3.417969,25000000.000
7696,2037,-5.371094,25000000.000
7697,2036,-5.859375,25000000.000
7698,2035,-6.347656,25000000.000
7699,2034,-6.835938,25000000.000
7700,2033,-7.324219,25000000.000
7701,2033,-7.324219,25000000.000
7702,2033,-7.324219,25000000.000
7703,2032,-7.812500,25000000.000
7704,2034,-6.835938,25000000.000
7705,2036,-5.859375,25000000.000
7706,2035,-6.347656,25000000.000
7707,2035,-6.347656,25000000.000
7708,2039,-4.394531,25000000.000
7709,2040,-3.906250,25000000.000
7710,2041,-3.417969,25000000.000
7711,2042,-2.929688,25000000.000
7712,2047,-0.488281,25000000.000
7713,2047,-0.488281,25000000.000
7714,2050,0.976562,25000000.000
7715,2050,0.976562,25000000.000
7716,2053,2.441406,25000000.000
7717,2053,2.441406,25000000.000
7718,2056,3.906250,25000000.000
7719,2054,2.929688,25000000.000
7720,2056,3.906250,25000000.000
7721,2058,4.882812,25000000.000
7722,2057,4.394531,25000000.000
7723,2056,3.906250,25000000.000
7724,2057,4.394531,25000000.000
7725,2057,4.394531,25000000.000
7726,2055,3.417969,25000000.000
7727,2055,3.417969,25000000.000
7728,2053,2.441406,25000000.000
7729,2051,1.464844,25000000.000
7730,2049,0.488281,25000000.000
7731,2049,0.488281,25000000.000
7732,2046,-0.976562,25000000.000
7733,2043,-2.441406,25000000.000
7734,2041,-3.417969,25000000.000
7735,2040,-3.906250,25000000.000
7736,2038,-4.882812,25000000.000
7737,2037,-5.371094,25000000.000
7738,2034,-6.835938,25000000.000
7739,2034,-6.835938,25000000.000
7740,2035,-6.347656,25000000.000
7741,2034,-6.835938,25000000.000
7742,2032,-7.812500,25000000.000
7743,2033,-7.324219,25000000.000
7744,2034,-6.835938,25000000.000
7745,2034,-6.835938,25000000.000
7746,2034,-6.835938,25000000.000
7747,2035,-6.347656,25000000.000
7748,2038,-4.882812,25000000.000
7749,2037,-5.371094,25000000.000
7750,2040,-3.906250,25000000.000
7751,2040,-3.906250,25000000.000
7752,2043,-2.441406,25000000.000
7753,2046,-0.976562,25000000.000
7754,2048,0.000000,25000000.000
7755,2048,0.000000,25000000.000
7756,2050,0.976562,25000000.000
7757,2054,2.929688,25000000.000
7758,2053,2.441406,25000000.000
7759,2054,2.929688,25000000.000
7760,2055,3.417969,25000000.000
7761,2056,3.906250,25000000.000
7762,2058,4.882812,25000000.000
7763,2057,4.394531,25000000.000
7764,2057,4.394531,25000000.000
7765,2056,3.906250,25000000.000
7766,2055,3.417969,25000000.000
7767,2055,3.417969,25000000.000
7768,2053,2.441406,25000000.000
7769,2053,2.441406,25000000.000
7770,2049,0.488281,25000000.000
7771,2049,0.488281,25000000.000
7772,2046,-0.976562,25000000.000
7773,2044,-1.953125,25000000.000
7774,2041,-3.417969,25000000.000
7775,2042,-2.929688,25000000.000
7776,2040,-3.906250,25000000.000
7777,2037,-5.371094,25000000.000
7778,2037,-5.371094,25000000.000
7779,2037,-5.371094,25000000.000
7780,2033,-7.324219,25000000.000
7781,2033,-7.324219,25000000.000
7782,2035,-6.347656,25000000.000
7783,2033,-7.324219,25000000.000
7784,2033,-7.324219,25000000.000
7785,2033,-7.324219,25000000.000
7786,2034,-6.835938,25000000.000
7787,2033,-7.324219,25000000.000
7788,2034,-6.835938,25000000.000
7789,2037,-5.371094,25000000.000
7790,2036,-5.859375,25000000.000
7791,2037,-5.371094,25000000.000
7792,2041,-3.417969,25000000.000
7793,2045,-1.464844,25000000.000
7794,2047,-0.488281,25000000.000
7795,2047,-0.488281,25000000.000
7796,2050,0.976562,25000000.000
7797,2051,1.464844,25000000.000
7798,2053,2.441406,25000000.000
7799,2052,1.953125,25000000.000
7800,2057,4.394531,25000000.000
7801,2057,4.394531,25000000.000
7802,2056,3.906250,25000000.000
7803,2054,2.929688,25000000.000
7804,2058,4.882812,25000000.000
7805,2058,4.882812,25000000.000
7806,2057,4.394531,25000000.000
7807,2056,3.906250,25000000.000
7808,2055,3.417969,25000000.000
7809,2055,3.417969,25000000.000
7810,2053,2.441406,25000000.000
7811,2054,2.929688,25000000.000
7812,2051,1.464844,25000000.000
7813,2048,0.000000,25000000.000
7814,2046,-0.976562,25000000.000
7815,2046,-0.976562,25000000.000
7816,2042,-2.929688,25000000.000
7817,2039,-4.394531,25000000.000
7818,2038,-4.882812,25000000.000
7819,2039,-4.394531,25000000.000
7820,2036,-5.859375,25000000.000
7821,2036,-5.859375,25000000.000
7822,2034,-6.835938,25000000.000
7823,2035,-6.347656,25000000.000
7824,2031,-8.300781,25000000.000
7825,2035,-6.347656,25000000.000
7826,2033,-7.324219,25000000.000
7827,2033,-7.324219,25000000.000
7828,2036,-5.859375,25000000.000
7829,2036,-5.859375,25000000.000
7830,2039,-4.394531,25000000.000
7831,2038,-4.882812,25000000.000
7832,2040,-3.906250,25000000.000
7833,2043,-2.441406,25000000.000
7834,2045,-1.464844,25000000.000
7835,2043,-2.441406,25000000.000
7836,2048,0.000000,25000000.000
7837,2051,1.464844,25000000.000
7838,2050,0.976562,25000000.000
7839,2051,1.464844,25000000.000
7840,2055,3.417969,25000000.000
7841,2055,3.417969,25000000.000
7842,2057,4.394531,25000000.000
7843,2058,4.882812,25000000.000
7844,2057,4.394531,25000000.000
7845,2058,4.882812,25000000.000
7846,2059,5.371094,25000000.000
7847,2059,5.371094,25000000.000
7848,2057,4.394531,25000000.000
7849,2055,3.417969,25000000.000
7850,2054,2.929688,25000000.000
7851,2054,2.929688,25000000.000
7852,2051,1.464844,25000000.000
7853,2049,0.488281,25000000.000
7854,2049,0.488281,25000000.000
7855,2048,0.000000,25000000.000
7856,2043,-2.441406,25000000.000
7857,2043,-2.441406,25000000.000
7858,2040,-3.906250,25000000.000
7859,2040,-3.906250,25000000.000
7860,2038,-4.882812,25000000.000
7861,2037,-5.371094,25000000.000
7862,2035,-6.347656,25000000.000
7863,2035,-6.347656,25000000.000
7864,2035,-6.347656,25000000.000
7865,2034,-6.835938,25000000.000
7866,2033,-7.324219,25000000.000
7867,2033,-7.324219,25000000.000
7868,2035,-6.347656,25000000.000
7869,2036,-5.859375,25000000.000
7870,2037,-5.371094,25000000.000
7871,2036,-5.859375,25000000.000
7872,2039,-4.394531,25000000.000
7873,2042,-2.929688,25000000.000
7874,2042,-2.929688,25000000.000
7875,2044,-1.953125,25000000.000
7876,2048,0.000000,25000000.000
7877,2047,-0.488281,25000000.000
7878,2048,0.000000,25000000.000
7879,2050,0.976562,25000000.000
7880,2052,1.953125,25000000.000
7881,2053,2.441406,25000000.000
7882,2055,3.417969,25000000.000
7883,2054,2.929688,25000000.000
7884,2057,4.394531,25000000.000
7885,2056,3.906250,25000000.000
7886,2057,4.394531,25000000.000
7887,2057,4.394531,25000000.000
7888,2056,3.906250,25000000.000
7889,2057,4.394531,25000000.000
7890,2055,3.417969,25000000.000
7891,2056,3.906250,25000000.000
7892,2050,0.976562,25000000.000
7893,2051,1.464844,25000000.000
7894,2050,0.976562,25000000.000
7895,2047,-0.488281,25000000.000
7896,2052,1.953125,25000000.000
7897,2041,-3.417969,25000000.000
7898,2044,-1.953125,25000000.000
7899,2041,-3.417969,25000000.000
7900,2040,-3.906250,25000000.000
7901,2037,-5.371094,25000000.000
7902,2036,-5.859375,25000000.000
7903,2035,-6.347656,25000000.000
7904,2034,-6.835938,25000000.000
7905,2035,-6.347656,25000000.000
7906,2031,-8.300781,25000000.000
7907,2031,-8.300781,25000000.000
7908,2033,-7.324219,25000000.000
7909,2033,-7.324219,25000000.000
7910,2033,-7.324219,25000000.000
7911,2037,-5.371094,25000000.000
7912,2036,-5.859375,25000000.000
7913,2035,-6.347656,25000000.000
7914,2039,-4.394531,25000000.000
7915,2039,-4.394531,25000000.000
7916,2041,-3.417969,25000000.000
7917,2045,-1.464844,25000000.000
7918,2047,-0.488281,25000000.000
7919,2047,-0.488281,25000000.000
7920,2049,0.488281,25000000.000
7921,2051,1.464844,25000000.000
7922,2054,2.929688,25000000.000
7923,2054,2.929688,25000000.000
7924,2056,3.906250,25000000.000
7925,2057,4.394531,25000000.000
7926,2057,4.394531,25000000.000
7927,2056,3.906250,25000000.000
7928,2057,4.394531,25000000.000
7929,2058,4.882812,25000000.000
7930,2055,3.417969,25000000.000
7931,2055,3.417969,25000000.000
7932,2053,2.441406,25000000.000
7933,2053,2.441406,25000000.000
7934,2052,1.953125,25000000.000
7935,2058,4.882812,25000000.000
7936,2049,0.488281,25000000.000
7937,2046,-0.976562,25000000.000
7938,2041,-3.417969,25000000.000
7939,2044,-1.953125,25000000.000
7940,2042,-2.929688,25000000.000
7941,2038,-4.882812,25000000.000
7942,2035,-6.347656,25000000.000
7943,2036,-5.859375,25000000.000
7944,2035,-6.347656,25000000.000
7945,2035,-6.347656,25000000.000
7946,2034,-6.835938,25000000.000
7947,2034,-6.835938,25000000.000
7948,2032,-7.812500,25000000.000
7949,2027,-10.253906,25000000.000
7950,2034,-6.835938,25000000.000
7951,2035,-6.347656,25000000.000
7952,2038,-4.882812,25000000.000
7953,2035,-6.347656,25000000.000
7954,2039,-4.394531,25000000.000
7955,2039,-4.394531,25000000.000
7956,2040,-3.906250,25000000.000
7957,2043,-2.441406,25000000.000
7958,2045,-1.464844,25000000.000
7959,2046,-0.976562,25000000.000
7960,2048,0.000000,25000000.000
7961,2049,0.488281,25000000.000
7962,2052,1.953125,25000000.000
7963,2052,1.953125,25000000.000
7964,2053,2.441406,25000000.000
7965,2056,3.906250,25000000.000
7966,2055,3.417969,25000000.000
7967,2053,2.441406,25000000.000
7968,2056,3.906250,25000000.000
7969,2058,4.882812,25000000.000
7970,2056,3.906250,25000000.000
7971,2056,3.906250,25000000.000
7972,2054,2.929688,25000000.000
7973,2055,3.417969,25000000.000
7974,2051,1.464844,25000000.000
7975,2053,2.441406,25000000.000
7976,2050,0.976562,25000000.000
7977,2047,-0.488281,25000000.000
7978,2046,-0.976562,25000000.000
7979,2047,-0.488281,25000000.000
7980,2043,-2.441406,25000000.000
7981,2041,-3.417969,25000000.000
7982,2040,-3.906250,25000000.000
7983,2040,-3.906250,25000000.000
7984,2037,-5.371094,25000000.000
7985,2035,-6.347656,25000000.000
7986,2035,-6.347656,25000000.000
7987,2035,-6.347656,25000000.000
7988,2034,-6.835938,25000000.000
7989,2035,-6.347656,25000000.000
7990,2034,-6.835938,25000000.000
7991,2035,-6.347656,25000000.000
7992,2034,-6.835938,25000000.000
7993,2035,-6.347656,25000000.000
7994,2037,-5.371094,25000000.000
7995,2037,-5.371094,25000000.000
7996,2041,-3.417969,25000000.000
7997,2042,-2.929688,25000000.000
7998,2044,-1.953125,25000000.000
7999,2042,-2.929688,25000000.000
8000,2047,-0.488281,25000000.000
8001,2048,0.000000,25000000.000
8002,2051,1.464844,25000000.000
8003,2052,1.953125,25000000.000
8004,2055,3.417969,25000000.000
8005,2055,3.417969,25000000.000
8006,2054,2.929688,25000000.000
8007,2054,2.929688,25000000.000
8008,2057,4.394531,25000000.000
8009,2059,5.371094,25000000.000
8010,2057,4.394531,25000000.000
8011,2058,4.882812,25000000.000
8012,2057,4.394531,25000000.000
8013,2055,3.417969,25000000.000
8014,2055,3.417969,25000000.000
8015,2055,3.417969,25000000.000
8016,2052,1.953125,25000000.000
8017,2049,0.488281,25000000.000
8018,2049,0.488281,25000000.000
8019,2048,0.000000,25000000.000
8020,2044,-1.953125,25000000.000
8021,2043,-2.441406,25000000.000
8022,2041,-3.417969,25000000.000
8023,2041,-3.417969,25000000.000
8024,2038,-4.882812,25000000.000
8025,2036,-5.859375,25000000.000
8026,2036,-5.859375,25000000.000
8027,2035,-6.347656,25000000.000
8028,2034,-6.835938,25000000.000
8029,2034,-6.835938,25000000.000
8030,2035,-6.347656,25000000.000
8031,2033,-7.324219,25000000.000
8032,2035,-6.347656,25000000.000
8033,2034,-6.835938,25000000.000
8034,2036,-5.859375,25000000.000
8035,2036,-5.859375,25000000.000
8036,2040,-3.906250,25000000.000
8037,2041,-3.417969,25000000.000
8038,2042,-2.929688,25000000.000
8039,2041,-3.417969,25000000.000
8040,2046,-0.976562,25000000.000
8041,2047,-0.488281,25000000.000
8042,2047,-0.488281,25000000.000
8043,2048,0.000000,25000000.000
8044,2053,2.441406,25000000.000
8045,2052,1.953125,25000000.000
8046,2053,2.441406,25000000.000
8047,2054,2.929688,25000000.000
8048,2056,3.906250,25000000.000
8049,2055,3.417969,25000000.000
8050,2057,4.394531,25000000.000
8051,2057,4.394531,25000000.000
8052,2057,4.394531,25000000.000
8053,2055,3.417969,25000000.000
8054,2056,3.906250,25000000.000
8055,2056,3.906250,25000000.000
8056,2052,1.953125,25000000.000
8057,2053,2.441406,25000000.000
8058,2050,0.976562,25000000.000
8059,2051,1.464844,25000000.000
8060,2049,0.488281,25000000.000
8061,2046,-0.976562,25000000.000
8062,2044,-1.953125,25000000.000
8063,2043,-2.441406,25000000.000
8064,2042,-2.929688,25000000.000
8065,2040,-3.906250,25000000.000
8066,2039,-4.394531,25000000.000
8067,2037,-5.371094,25000000.000
8068,2036,-5.859375,25000000.000
8069,2037,-5.371094,25000000.000
8070,2034,-6.835938,25000000.000
8071,2034,-6.835938,25000000.000
8072,2032,-7.812500,25000000.000
8073,2033,-7.324219,25000000.000
8074,2033,-7.324219,25000000.000
8075,2034,-6.835938,25000000.000
8076,2037,-5.371094,25000000.000
8077,2037,-5.371094,25000000.000
8078,2040,-3.906250,25000000.000
8079,2041,-3.417969,25000000.000
8080,2044,-1.953125,25000000.000
8081,2045,-1.464844,25000000.000
8082,2047,-0.488281,25000000.000
8083,2047,-0.488281,25000000.000
8084,2050,0.976562,25000000.000
8085,2050,0.976562,25000000.000
8086,2053,2.441406,25000000.000
8087,2053,2.441406,25000000.000
8088,2055,3.417969,25000000.000
8089,2056,3.906250,25000000.000
8090,2057,4.394531,25000000.000
8091,2057,4.394531,25000000.000
8092,2057,4.394531,25000000.000
8093,2057,4.394531,25000000.000
8094,2056,3.906250,25000000.000
8095,2056,3.906250,25000000.000
8096,2054,2.929688,25000000.000
8097,2053,2.441406,25000000.000
8098,2052,1.953125,25000000.000
8099,2050,0.976562,25000000.000
8100,2049,0.488281,25000000.000
8101,2048,0.000000,25000000.000
8102,2044,-1.953125,25000000.000
8103,2045,-1.464844,25000000.000
8104,2041,-3.417969,25000000.000
8105,2040,-3.906250,25000000.000
8106,2037,-5.371094,25000000.000
8107,2039,-4.394531,25000000.000
8108,2035,-6.347656,25000000.000
8109,2035,-6.347656,25000000.000
8110,2033,-7.324219,25000000.000
8111,2035,-6.347656,25000000.000
8112,2034,-6.835938,25000000.000
8113,2033,-7.324219,25000000.000
8114,2033,-7.324219,25000000.000
8115,2033,-7.324219,25000000.000
8116,2036,-5.859375,25000000.000
8117,2037,-5.371094,25000000.000
8118,2037,-5.371094,25000000.000
8119,2037,-5.371094,25000000.000
8120,2039,-4.394531,25000000.000
8121,2042,-2.929688,25000000.000
8122,2045,-1.464844,25000000.000
8123,2044,-1.953125,25000000.000
8124,2046,-0.976562,25000000.000
8125,2050,0.976562,25000000.000
8126,2051,1.464844,25000000.000
8127,2051,1.464844,25000000.000
8128,2055,3.417969,25000000.000
8129,2055,3.417969,25000000.000
8130,2056,3.906250,25000000.000
8131,2055,3.417969,25000000.000
8132,2057,4.394531,25000000.000
8133,2057,4.394531,25000000.000
8134,2057,4.394531,25000000.000
8135,2057,4.394531,25000000.000
8136,2054,2.929688,25000000.000
8137,2055,3.417969,25000000.000
8138,2053,2.441406,25000000.000
8139,2053,2.441406,25000000.000
8140,2051,1.464844,25000000.000
8141,2048,0.000000,25000000.000
8142,2048,0.000000,25000000.000
8143,2047,-0.488281,25000000.000
8144,2044,-1.953125,25000000.000
8145,2042,-2.929688,25000000.000
8146,2040,-3.906250,25000000.000
8147,2040,-3.906250,25000000.000
8148,2037,-5.371094,25000000.000
8149,2035,-6.347656,25000000.000
8150,2035,-6.347656,25000000.000
8151,2035,-6.347656,25000000.000
8152,2034,-6.835938,25000000.000
8153,2033,-7.324219,25000000.000
8154,2035,-6.347656,25000000.000
8155,2035,-6.347656,25000000.000
8156,2035,-6.347656,25000000.000
8157,2036,-5.859375,25000000.000
8158,2037,-5.371094,25000000.000
8159,2038,-4.882812,25000000.000
8160,2038,-4.882812,25000000.000
8161,2038,-4.882812,25000000.000
8162,2043,-2.441406,25000000.000
8163,2041,-3.417969,25000000.000
8164,2045,-1.464844,25000000.000
8165,2048,0.000000,25000000.000
8166,2050,0.976562,25000000.000
8167,2048,0.000000,25000000.000
8168,2052,1.953125,25000000.000
8169,2055,3.417969,25000000.000
8170,2052,1.953125,25000000.000
8171,2054,2.929688,25000000.000
8172,2055,3.417969,25000000.000
8173,2056,3.906250,25000000.000
8174,2056,3.906250,25000000.000
8175,2056,3.906250,25000000.000
8176,2057,4.394531,25000000.000
8177,2055,3.417969,25000000.000
8178,2056,3.906250,25000000.000
8179,2056,3.906250,25000000.000
8180,2052,1.953125,25000000.000
8181,2050,0.976562,25000000.000
8182,2048,0.000000,25000000.000
8183,2048,0.000000,25000000.000
8184,2044,-1.953125,25000000.000
8185,2044,-1.953125,25000000.000
8186,2044,-1.953125,25000000.000
8187,2043,-2.441406,25000000.000
8188,2037,-5.371094,25000000.000
8189,2039,-4.394531,25000000.000
8190,2037,-5.371094,25000000.000
8191,2038,-4.882812,25000000.000
8192,2035,-6.347656,25000000.000
8193,2035,-6.347656,25000000.000
8194,2034,-6.835938,25000000.000
8195,2034,-6.835938,25000000.000
8196,2034,-6.835938,25000000.000
8197,2036,-5.859375,25000000.000
8198,2037,-5.371094,25000000.000
8199,2037,-5.371094,25000000.000
8200,2037,-5.371094,25000000.000
8201,2039,-4.394531,25000000.000
8202,2041,-3.417969,25000000.000
8203,2040,-3.906250,25000000.000
8204,2045,-1.464844,25000000.000
8205,2046,-0.976562,25000000.000
8206,2046,-0.976562,25000000.000
8207,2047,-0.488281,25000000.000
8208,2052,1.953125,25000000.000
8209,2052,1.953125,25000000.000
8210,2053,2.441406,25000000.000
8211,2054,2.929688,25000000.000
8212,2057,4.394531,25000000.000
8213,2056,3.906250,25000000.000
8214,2056,3.906250,25000000.000
8215,2058,4.882812,25000000.000
8216,2056,3.906250,25000000.000
8217,2055,3.417969,25000000.000
8218,2056,3.906250,25000000.000
8219,2057,4.394531,25000000.000
8220,2052,1.953125,25000000.000
8221,2052,1.953125,25000000.000
8222,2052,1.953125,25000000.000
8223,2052,1.953125,25000000.000
8224,2046,-0.976562,25000000.000
8225,2046,-0.976562,25000000.000
8226,2044,-1.953125,25000000.000
8227,2045,-1.464844,25000000.000
8228,2039,-4.394531,25000000.000
8229,2038,-4.882812,25000000.000
8230,2038,-4.882812,25000000.000
8231,2037,-5.371094,25000000.000
8232,2036,-5.859375,25000000.000
8233,2035,-6.347656,25000000.000
8234,2035,-6.347656,25000000.000
8235,2034,-6.835938,25000000.000
8236,2032,-7.812500,25000000.000
8237,2034,-6.835938,25000000.000
8238,2035,-6.347656,25000000.000
8239,2035,-6.347656,25000000.000
8240,2037,-5.371094,25000000.000
8241,2036,-5.859375,25000000.000
8242,2039,-4.394531,25000000.000
8243,2035,-6.347656,25000000.000
8244,2040,-3.906250,25000000.000
8245,2043,-2.441406,25000000.000
8246,2045,-1.464844,25000000.000
8247,2045,-1.464844,25000000.000
8248,2049,0.488281,25000000.000
8249,2051,1.464844,25000000.000
8250,2052,1.953125,25000000.000
8251,2054,2.929688,25000000.000
8252,2055,3.417969,25000000.000
8253,2057,4.394531,25000000.000
8254,2056,3.906250,25000000.000
8255,2057,4.394531,25000000.000
8256,2056,3.906250,25000000.000
8257,2056,3.906250,25000000.000
8258,2056,3.906250,25000000.000
8259,2058,4.882812,25000000.000
8260,2055,3.417969,25000000.000
8261,2057,4.394531,25000000.000
8262,2057,4.394531,25000000.000
8263,2053,2.441406,25000000.000
8264,2050,0.976562,25000000.000
8265,2048,0.000000,25000000.000
8266,2045,-1.464844,25000000.000
8267,2045,-1.464844,25000000.000
8268,2043,-2.441406,25000000.000
8269,2043,-2.441406,25000000.000
8270,2039,-4.394531,25000000.000
8271,2039,-4.394531,25000000.000
8272,2038,-4.882812,25000000.000
8273,2036,-5.859375,25000000.000
8274,2036,-5.859375,25000000.000
8275,2033,-7.324219,25000000.000
8276,2031,-8.300781,25000000.000
8277,2034,-6.835938,25000000.000
8278,2033,-7.324219,25000000.000
8279,2031,-8.300781,25000000.000
8280,2038,-4.882812,25000000.000
8281,2035,-6.347656,25000000.000
8282,2036,-5.859375,25000000.000
8283,2036,-5.859375,25000000.000
8284,2040,-3.906250,25000000.000
8285,2042,-2.929688,25000000.000
8286,2045,-1.464844,25000000.000
8287,2044,-1.953125,25000000.000
8288,2044,-1.953125,25000000.000
8289,2048,0.000000,25000000.000
8290,2051,1.464844,25000000.000
8291,2052,1.953125,25000000.000
8292,2051,1.464844,25000000.000
8293,2054,2.929688,25000000.000
8294,2057,4.394531,25000000.000
8295,2057,4.394531,25000000.000
8296,2055,3.417969,25000000.000
8297,2057,4.394531,25000000.000
8298,2055,3.417969,25000000.000
8299,2055,3.417969,25000000.000
8300,2055,3.417969,25000000.000
8301,2054,2.929688,25000000.000
8302,2053,2.441406,25000000.000
8303,2052,1.953125,25000000.000
8304,2051,1.464844,25000000.000
8305,2050,0.976562,25000000.000
8306,2047,-0.488281,25000000.000
8307,2046,-0.976562,25000000.000
8308,2044,-1.953125,25000000.000
8309,2043,-2.441406,25000000.000
8310,2040,-3.906250,25000000.000
8311,2041,-3.417969,25000000.000
8312,2038,-4.882812,25000000.000
8313,2036,-5.859375,25000000.000
8314,2035,-6.347656,25000000.000
8315,2035,-6.347656,25000000.000
8316,2033,-7.324219,25000000.000
8317,2033,-7.324219,25000000.000
8318,2033,-7.324219,25000000.000
8319,2034,-6.835938,25000000.000
8320,2033,-7.324219,25000000.000
8321,2034,-6.835938,25000000.000
8322,2036,-5.859375,25000000.000
8323,2036,-5.859375,25000000.000
8324,2039,-4.394531,25000000.000
8325,2040,-3.906250,25000000.000
8326,2041,-3.417969,25000000.000
8327,2041,-3.417969,25000000.000
8328,2045,-1.464844,25000000.000
8329,2047,-0.488281,25000000.000
8330,2049,0.488281,25000000.000
8331,2048,0.000000,25000000.000
8332,2052,1.953125,25000000.000
8333,2054,2.929688,25000000.000
8334,2054,2.929688,25000000.000
8335,2053,2.441406,25000000.000
8336,2055,3.417969,25000000.000
8337,2056,3.906250,25000000.000
8338,2055,3.417969,25000000.000
8339,2055,3.417969,25000000.000
8340,2056,3.906250,25000000.000
8341,2056,3.906250,25000000.000
8342,2054,2.929688,25000000.000
8343,2054,2.929688,25000000.000
8344,2054,2.929688,25000000.000
8345,2050,0.976562,25000000.000
8346,2049,0.488281,25000000.000
8347,2048,0.000000,25000000.000
8348,2045,-1.464844,25000000.000
8349,2045,-1.464844,25000000.000
8350,2044,-1.953125,25000000.000
8351,2040,-3.906250,25000000.000
8352,2034,-6.835938,25000000.000
8353,2038,-4.882812,25000000.000
8354,2032,-7.812500,25000000.000
8355,2030,-8.789062,25000000.000
8356,2027,-10.253906,25000000.000
8357,2040,-3.906250,25000000.000
8358,2031,-8.300781,25000000.000
8359,2033,-7.324219,25000000.000
8360,2031,-8.300781,25000000.000
8361,2037,-5.371094,25000000.000
8362,2034,-6.835938,25000000.000
8363,2034,-6.835938,25000000.000
8364,2038,-4.882812,25000000.000
8365,2039,-4.394531,25000000.000
8366,2040,-3.906250,25000000.000
8367,2040,-3.906250,25000000.000
8368,2044,-1.953125,25000000.000
8369,2047,-0.488281,25000000.000
8370,2047,-0.488281,25000000.000
8371,2046,-0.976562,25000000.000
8372,2050,0.976562,25000000.000
8373,2052,1.953125,25000000.000
8374,2053,2.441406,25000000.000
8375,2054,2.929688,25000000.000
8376,2056,3.906250,25000000.000
8377,2055,3.417969,25000000.000
8378,2056,3.906250,25000000.000
8379,2059,5.371094,25000000.000
8380,2056,3.906250,25000000.000
8381,2055,3.417969,25000000.000
8382,2055,3.417969,25000000.000
8383,2055,3.417969,25000000.000
8384,2053,2.441406,25000000.000
8385,2053,2.441406,25000000.000
8386,2052,1.953125,25000000.000
8387,2052,1.953125,25000000.000
8388,2048,0.000000,25000000.000
8389,2047,-0.488281,25000000.000
8390,2045,-1.464844,25000000.000
8391,2045,-1.464844,25000000.000
8392,2042,-2.929688,25000000.000
8393,2040,-3.906250,25000000.000
8394,2040,-3.906250,25000000.000
8395,2038,-4.882812,25000000.000
8396,2037,-5.371094,25000000.000
8397,2036,-5.859375,25000000.000
8398,2037,-5.371094,25000000.000
8399,2036,-5.859375,25000000.000
8400,2035,-6.347656,25000000.000
8401,2035,-6.347656,25000000.000
8402,2034,-6.835938,25000000.000
8403,2034,-6.835938,25000000.000
8404,2037,-5.371094,25000000.000
8405,2039,-4.394531,25000000.000
8406,2037,-5.371094,25000000.000
8407,2038,-4.882812,25000000.000
8408,2046,-0.976562,25000000.000
8409,2042,-2.929688,25000000.000
8410,2045,-1.464844,25000000.000
8411,2048,0.000000,25000000.000
8412,2056,3.906250,25000000.000
8413,2046,-0.976562,25000000.000
8414,2053,2.441406,25000000.000
8415,2052,1.953125,25000000.000
8416,2056,3.906250,25000000.000
8417,2054,2.929688,25000000.000
8418,2056,3.906250,25000000.000
8419,2053,2.441406,25000000.000
8420,2056,3.906250,25000000.000
8421,2056,3.906250,25000000.000
8422,2056,3.906250,25000000.000
8423,2056,3.906250,25000000.000
8424,2055,3.417969,25000000.000
8425,2054,2.929688,25000000.000
8426,2053,2.441406,25000000.000
8427,2052,1.953125,25000000.000
8428,2050,0.976562,25000000.000
8429,2050,0.976562,25000000.000
8430,2046,-0.976562,25000000.000
8431,2044,-1.953125,25000000.000
8432,2043,-2.441406,25000000.000
8433,2041,-3.417969,25000000.000
8434,2039,-4.394531,25000000.000
8435,2039,-4.394531,25000000.000
8436,2038,-4.882812,25000000.000
8437,2037,-5.371094,25000000.000
8438,2034,-6.835938,25000000.000
8439,2034,-6.835938,25000000.000
8440,2034,-6.835938,25000000.000
8441,2033,-7.324219,25000000.000
8442,2034,-6.835938,25000000.000
8443,2035,-6.347656,25000000.000
8444,2036,-5.859375,25000000.000
8445,2036,-5.859375,25000000.000
8446,2037,-5.371094,25000000.000
8447,2037,-5.371094,25000000.000
8448,2040,-3.906250,25000000.000
8449,2042,-2.929688,25000000.000
8450,2043,-2.441406,25000000.000
8451,2043,-2.441406,25000000.000
8452,2045,-1.464844,25000000.000
8453,2048,0.000000,25000000.000
8454,2051,1.464844,25000000.000
8455,2051,1.464844,25000000.000
8456,2051,1.464844,25000000.000
8457,2055,3.417969,25000000.000
8458,2055,3.417969,25000000.000
8459,2056,3.906250,25000000.000
8460,2056,3.906250,25000000.000
8461,2057,4.394531,25000000.000
8462,2058,4.882812,25000000.000
8463,2055,3.417969,25000000.000
8464,2054,2.929688,25000000.000
8465,2058,4.882812,25000000.000
8466,2054,2.929688,25000000.000
8467,2054,2.929688,25000000.000
8468,2052,1.953125,25000000.000
8469,2051,1.464844,25000000.000
8470,2047,-0.488281,25000000.000
8471,2048,0.000000,25000000.000
8472,2046,-0.976562,25000000.000
8473,2046,-0.976562,25000000.000
8474,2040,-3.906250,25000000.000
8475,2043,-2.441406,25000000.000
8476,2039,-4.394531,25000000.000
8477,2039,-4.394531,25000000.000
8478,2037,-5.371094,25000000.000
8479,2036,-5.859375,25000000.000
8480,2035,-6.347656,25000000.000
8481,2033,-7.324219,25000000.000
8482,2034,-6.835938,25000000.000
8483,2035,-6.347656,25000000.000
8484,2034,-6.835938,25000000.000
8485,2035,-6.347656,25000000.000
8486,2036,-5.859375,25000000.000
8487,2036,-5.859375,25000000.000
8488,2038,-4.882812,25000000.000
8489,2039,-4.394531,25000000.000
8490,2041,-3.417969,25000000.000
8491,2042,-2.929688,25000000.000
8492,2044,-1.953125,25000000.000
8493,2047,-0.488281,25000000.000
8494,2048,0.000000,25000000.000
8495,2047,-0.488281,25000000.000
8496,2050,0.976562,25000000.000
8497,2051,1.464844,25000000.000
8498,2053,2.441406,25000000.000
8499,2053,2.441406,25000000.000
8500,2055,3.417969,25000000.000
8501,2055,3.417969,25000000.000
8502,2056,3.906250,25000000.000
8503,2056,3.906250,25000000.000
8504,2056,3.906250,25000000.000
8505,2056,3.906250,25000000.000
8506,2054,2.929688,25000000.000
8507,2055,3.417969,25000000.000
8508,2052,1.953125,25000000.000
8509,2051,1.464844,25000000.000
8510,2050,0.976562,25000000.000
8511,2050,0.976562,25000000.000
8512,2047,-0.488281,25000000.000
8513,2044,-1.953125,25000000.000
8514,2044,-1.953125,25000000.000
8515,2043,-2.441406,25000000.000
8516,2040,-3.906250,25000000.000
8517,2037,-5.371094,25000000.000
8518,2037,-5.371094,25000000.000
8519,2038,-4.882812,25000000.000
8520,2034,-6.835938,25000000.000
8521,2034,-6.835938,25000000.000
8522,2036,-5.859375,25000000.000
8523,2035,-6.347656,25000000.000
8524,2033,-7.324219,25000000.000
8525,2033,-7.324219,25000000.000
8526,2036,-5.859375,25000000.000
8527,2035,-6.347656,25000000.000
8528,2038,-4.882812,25000000.000
8529,2038,-4.882812,25000000.000
8530,2040,-3.906250,25000000.000
8531,2040,-3.906250,25000000.000
8532,2043,-2.441406,25000000.000
8533,2045,-1.464844,25000000.000
8534,2045,-1.464844,25000000.000
8535,2045,-1.464844,25000000.000
8536,2049,0.488281,25000000.000
8537,2050,0.976562,25000000.000
8538,2051,1.464844,25000000.000
8539,2051,1.464844,25000000.000
8540,2054,2.929688,25000000.000
8541,2055,3.417969,25000000.000
8542,2055,3.417969,25000000.000
8543,2056,3.906250,25000000.000
8544,2057,4.394531,25000000.000
8545,2055,3.417969,25000000.000
8546,2056,3.906250,25000000.000
8547,2055,3.417969,25000000.000
8548,2055,3.417969,25000000.000
8549,2054,2.929688,25000000.000
8550,2052,1.953125,25000000.000
8551,2052,1.953125,25000000.000
8552,2049,0.488281,25000000.000
8553,2045,-1.464844,25000000.000
8554,2045,-1.464844,25000000.000
8555,2046,-0.976562,25000000.000
8556,2045,-1.464844,25000000.000
8557,2039,-4.394531,25000000.000
8558,2040,-3.906250,25000000.000
8559,2038,-4.882812,25000000.000
8560,2038,-4.882812,25000000.000
8561,2036,-5.859375,25000000.000
8562,2035,-6.347656,25000000.000
8563,2033,-7.324219,25000000.000
8564,2034,-6.835938,25000000.000
8565,2034,-6.835938,25000000.000
8566,2035,-6.347656,25000000.000
8567,2036,-5.859375,25000000.000
8568,2036,-5.859375,25000000.000
8569,2037,-5.371094,25000000.000
8570,2037,-5.371094,25000000.000
8571,2037,-5.371094,25000000.000
8572,2041,-3.417969,25000000.000
8573,2043,-2.441406,25000000.000
8574,2043,-2.441406,25000000.000
8575,2045,-1.464844,25000000.000
8576,2048,0.000000,25000000.000
8577,2050,0.976562,25000000.000
8578,2052,1.953125,25000000.000
8579,2051,1.464844,25000000.000
8580,2055,3.417969,25000000.000
8581,2055,3.417969,25000000.000
8582,2055,3.417969,25000000.000
8583,2057,4.394531,25000000.000
8584,2055,3.417969,25000000.000
8585,2056,3.906250,25000000.000
8586,2052,1.953125,25000000.000
8587,2049,0.488281,25000000.000
8588,2049,0.488281,25000000.000
8589,2064,7.812500,25000000.000
8590,2053,2.441406,25000000.000
8591,2057,4.394531,25000000.000
8592,2054,2.929688,25000000.000
8593,2047,-0.488281,25000000.000
8594,2050,0.976562,25000000.000
8595,2050,0.976562,25000000.000
8596,2048,0.000000,25000000.000
8597,2040,-3.906250,25000000.000
8598,2043,-2.441406,25000000.000
8599,2041,-3.417969,25000000.000
8600,2038,-4.882812,25000000.000
8601,2037,-5.371094,25000000.000
8602,2037,-5.371094,25000000.000
8603,2035,-6.347656,25000000.000
8604,2037,-5.371094,25000000.000
8605,2034,-6.835938,25000000.000
8606,2034,-6.835938,25000000.000
8607,2035,-6.347656,25000000.000
8608,2036,-5.859375,25000000.000
8609,2035,-6.347656,25000000.000
8610,2036,-5.859375,25000000.000
8611,2037,-5.371094,25000000.000
8612,2040,-3.906250,25000000.000
8613,2039,-4.394531,25000000.000
8614,2044,-1.953125,25000000.000
8615,2043,-2.441406,25000000.000
8616,2045,-1.464844,25000000.000
8617,2047,-0.488281,25000000.000
8618,2048,0.000000,25000000.000
8619,2047,-0.488281,25000000.000
8620,2050,0.976562,25000000.000
8621,2053,2.441406,25000000.000
8622,2054,2.929688,25000000.000
8623,2055,3.417969,25000000.000
8624,2056,3.906250,25000000.000
8625,2053,2.441406,25000000.000
8626,2060,5.859375,25000000.000
8627,2049,0.488281,25000000.000
8628,2054,2.929688,25000000.000
8629,2056,3.906250,25000000.000
8630,2056,3.906250,25000000.000
8631,2053,2.441406,25000000.000
8632,2053,2.441406,25000000.000
8633,2054,2.929688,25000000.000
8634,2048,0.000000,25000000.000
8635,2050,0.976562,25000000.000
8636,2047,-0.488281,25000000.000
8637,2044,-1.953125,25000000.000
8638,2042,-2.929688,25000000.000
8639,2043,-2.441406,25000000.000
8640,2040,-3.906250,25000000.000
8641,2038,-4.882812,25000000.000
8642,2038,-4.882812,25000000.000
8643,2037,-5.371094,25000000.000
8644,2036,-5.859375,25000000.000
8645,2035,-6.347656,25000000.000
8646,2036,-5.859375,25000000.000
8647,2036,-5.859375,25000000.000
8648,2035,-6.347656,25000000.000
8649,2035,-6.347656,25000000.000
8650,2037,-5.371094,25000000.000
8651,2037,-5.371094,25000000.000
8652,2038,-4.882812,25000000.000
8653,2040,-3.906250,25000000.000
8654,2043,-2.441406,25000000.000
8655,2042,-2.929688,25000000.000
8656,2042,-2.929688,25000000.000
8657,2047,-0.488281,25000000.000
8658,2048,0.000000,25000000.000
8659,2048,0.000000,25000000.000
8660,2050,0.976562,25000000.000
8661,2052,1.953125,25000000.000
8662,2055,3.417969,25000000.000
8663,2053,2.441406,25000000.000
8664,2056,3.906250,25000000.000
8665,2058,4.882812,25000000.000
8666,2055,3.417969,25000000.000
8667,2056,3.906250,25000000.000
8668,2056,3.906250,25000000.000
8669,2055,3.417969,25000000.000
8670,2055,3.417969,25000000.000
8671,2055,3.417969,25000000.000
8672,2053,2.441406,25000000.000
8673,2052,1.953125,25000000.000
8674,2051,1.464844,25000000.000
8675,2051,1.464844,25000000.000
8676,2046,-0.976562,25000000.000
8677,2044,-1.953125,25000000.000
8678,2043,-2.441406,25000000.000
8679,2044,-1.953125,25000000.000
8680,2043,-2.441406,25000000.000
8681,2038,-4.882812,25000000.000
8682,2037,-5.371094,25000000.000
8683,2037,-5.371094,25000000.000
8684,2036,-5.859375,25000000.000
8685,2036,-5.859375,25000000.000
8686,2036,-5.859375,25000000.000
8687,2035,-6.347656,25000000.000
8688,2034,-6.835938,25000000.000
8689,2035,-6.347656,25000000.000
8690,2035,-6.347656,25000000.000
8691,2036,-5.859375,25000000.000
8692,2037,-5.371094,25000000.000
8693,2037,-5.371094,25000000.000
8694,2040,-3.906250,25000000.000
8695,2039,-4.394531,25000000.000
8696,2043,-2.441406,25000000.000
8697,2044,-1.953125,25000000.000
8698,2044,-1.953125,25000000.000
8699,2044,-1.953125,25000000.000
8700,2049,0.488281,25000000.000
8701,2052,1.953125,25000000.000
8702,2052,1.953125,25000000.000
8703,2051,1.464844,25000000.000
8704,2054,2.929688,25000000.000
8705,2055,3.417969,25000000.000
8706,2055,3.417969,25000000.000
8707,2055,3.417969,25000000.000
8708,2056,3.906250,25000000.000
8709,2055,3.417969,25000000.000
8710,2057,4.394531,25000000.000
8711,2056,3.906250,25000000.000
8712,2053,2.441406,25000000.000
8713,2052,1.953125,25000000.000
8714,2052,1.953125,25000000.000
8715,2052,1.953125,25000000.000
8716,2048,0.000000,25000000.000
8717,2048,0.000000,25000000.000
8718,2047,-0.488281,25000000.000
8719,2047,-0.488281,25000000.000
8720,2041,-3.417969,25000000.000
8721,2043,-2.441406,25000000.000
8722,2039,-4.394531,25000000.000
8723,2039,-4.394531,25000000.000
8724,2035,-6.347656,25000000.000
8725,2035,-6.347656,25000000.000
8726,2034,-6.835938,25000000.000
8727,2034,-6.835938,25000000.000
8728,2033,-7.324219,25000000.000
8729,2034,-6.835938,25000000.000
8730,2035,-6.347656,25000000.000
8731,2034,-6.835938,25000000.000
8732,2036,-5.859375,25000000.000
8733,2037,-5.371094,25000000.000
8734,2037,-5.371094,25000000.000
8735,2037,-5.371094,25000000.000
8736,2040,-3.906250,25000000.000
8737,2042,-2.929688,25000000.000
8738,2042,-2.929688,25000000.000
8739,2043,-2.441406,25000000.000
8740,2047,-0.488281,25000000.000
8741,2048,0.000000,25000000.000
8742,2049,0.488281,25000000.000
8743,2050,0.976562,25000000.000
8744,2052,1.953125,25000000.000
8745,2052,1.953125,25000000.000
8746,2053,2.441406,25000000.000
8747,2053,2.441406,25000000.000
8748,2055,3.417969,25000000.000
8749,2055,3.417969,25000000.000
8750,2056,3.906250,25000000.000
8751,2055,3.417969,25000000.000
8752,2053,2.441406,25000000.000
8753,2054,2.929688,25000000.000
8754,2052,1.953125,25000000.000
8755,2053,2.441406,25000000.000
8756,2049,0.488281,25000000.000
8757,2049,0.488281,25000000.000
8758,2048,0.000000,25000000.000
8759,2048,0.000000,25000000.000
8760,2044,-1.953125,25000000.000
8761,2043,-2.441406,25000000.000
8762,2042,-2.929688,25000000.000
8763,2041,-3.417969,25000000.000
8764,2039,-4.394531,25000000.000
8765,2040,-3.906250,25000000.000
8766,2036,-5.859375,25000000.000
8767,2036,-5.859375,25000000.000
8768,2037,-5.371094,25000000.000
8769,2035,-6.347656,25000000.000
8770,2034,-6.835938,25000000.000
8771,2035,-6.347656,25000000.000
8772,2037,-5.371094,25000000.000
8773,2036,-5.859375,25000000.000
8774,2035,-6.347656,25000000.000
8775,2037,-5.371094,25000000.000
8776,2039,-4.394531,25000000.000
8777,2040,-3.906250,25000000.000
8778,2043,-2.441406,25000000.000
8779,2043,-2.441406,25000000.000
8780,2045,-1.464844,25000000.000
8781,2046,-0.976562,25000000.000
8782,2048,0.000000,25000000.000
8783,2048,0.000000,25000000.000
8784,2051,1.464844,25000000.000
8785,2052,1.953125,25000000.000
8786,2054,2.929688,25000000.000
8787,2054,2.929688,25000000.000
8788,2055,3.417969,25000000.000
8789,2057,4.394531,25000000.000
8790,2058,4.882812,25000000.000
8791,2058,4.882812,25000000.000
8792,2055,3.417969,25000000.000
8793,2055,3.417969,25000000.000
8794,2056,3.906250,25000000.000
8795,2055,3.417969,25000000.000
8796,2054,2.929688,25000000.000
8797,2052,1.953125,25000000.000
8798,2050,0.976562,25000000.000
8799,2050,0.976562,25000000.000
8800,2048,0.000000,25000000.000
8801,2047,-0.488281,25000000.000
8802,2043,-2.441406,25000000.000
8803,2043,-2.441406,25000000.000
8804,2041,-3.417969,25000000.000
8805,2039,-4.394531,25000000.000
8806,2037,-5.371094,25000000.000
8807,2038,-4.882812,25000000.000
8808,2036,-5.859375,25000000.000
8809,2035,-6.347656,25000000.000
8810,2035,-6.347656,25000000.000
8811,2036,-5.859375,25000000.000
8812,2036,-5.859375,25000000.000
8813,2035,-6.347656,25000000.000
8814,2037,-5.371094,25000000.000
8815,2037,-5.371094,25000000.000
8816,2037,-5.371094,25000000.000
8817,2039,-4.394531,25000000.000
8818,2041,-3.417969,25000000.000
8819,2041,-3.417969,25000000.000
8820,2042,-2.929688,25000000.000
8821,2045,-1.464844,25000000.000
8822,2046,-0.976562,25000000.000
8823,2047,-0.488281,25000000.000
8824,2050,0.976562,25000000.000
8825,2052,1.953125,25000000.000
8826,2053,2.441406,25000000.000
8827,2052,1.953125,25000000.000
8828,2054,2.929688,25000000.000
8829,2055,3.417969,25000000.000
8830,2056,3.906250,25000000.000
8831,2056,3.906250,25000000.000
8832,2056,3.906250,25000000.000
8833,2056,3.906250,25000000.000
8834,2055,3.417969,25000000.000
8835,2055,3.417969,25000000.000
8836,2054,2.929688,25000000.000
8837,2055,3.417969,25000000.000
8838,2053,2.441406,25000000.000
8839,2054,2.929688,25000000.000
8840,2049,0.488281,25000000.000
8841,2045,-1.464844,25000000.000
8842,2044,-1.953125,25000000.000
8843,2044,-1.953125,25000000.000
8844,2042,-2.929688,25000000.000
8845,2039,-4.394531,25000000.000
8846,2039,-4.394531,25000000.000
8847,2038,-4.882812,25000000.000
8848,2036,-5.859375,25000000.000
8849,2034,-6.835938,25000000.000
8850,2034,-6.835938,25000000.000
8851,2035,-6.347656,25000000.000
8852,2033,-7.324219,25000000.000
8853,2034,-6.835938,25000000.000
8854,2035,-6.347656,25000000.000
8855,2035,-6.347656,25000000.000
8856,2036,-5.859375,25000000.000
8857,2037,-5.371094,25000000.000
8858,2038,-4.882812,25000000.000
8859,2039,-4.394531,25000000.000
8860,2041,-3.417969,25000000.000
8861,2042,-2.929688,25000000.000
8862,2044,-1.953125,25000000.000
8863,2044,-1.953125,25000000.000
8864,2048,0.000000,25000000.000
8865,2049,0.488281,25000000.000
8866,2050,0.976562,25000000.000
8867,2050,0.976562,25000000.000
8868,2053,2.441406,25000000.000
8869,2055,3.417969,25000000.000
8870,2052,1.953125,25000000.000
8871,2053,2.441406,25000000.000
8872,2057,4.394531,25000000.000
8873,2056,3.906250,25000000.000
8874,2055,3.417969,25000000.000
8875,2056,3.906250,25000000.000
8876,2054,2.929688,25000000.000
8877,2052,1.953125,25000000.000
8878,2052,1.953125,25000000.000
8879,2052,1.953125,25000000.000
8880,2050,0.976562,25000000.000
8881,2047,-0.488281,25000000.000
8882,2047,-0.488281,25000000.000
8883,2048,0.000000,25000000.000
8884,2043,-2.441406,25000000.000
8885,2041,-3.417969,25000000.000
8886,2040,-3.906250,25000000.000
8887,2039,-4.394531,25000000.000
8888,2037,-5.371094,25000000.000
8889,2036,-5.859375,25000000.000
8890,2035,-6.347656,25000000.000
8891,2036,-5.859375,25000000.000
8892,2034,-6.835938,25000000.000
8893,2034,-6.835938,25000000.000
8894,2033,-7.324219,25000000.000
8895,2031,-8.300781,25000000.000
8896,2035,-6.347656,25000000.000
8897,2036,-5.859375,25000000.000
8898,2037,-5.371094,25000000.000
8899,2036,-5.859375,25000000.000
8900,2038,-4.882812,25000000.000
8901,2041,-3.417969,25000000.000
8902,2040,-3.906250,25000000.000
8903,2040,-3.906250,25000000.000
8904,2046,-0.976562,25000000.000
8905,2048,0.000000,25000000.000
8906,2048,0.000000,25000000.000
8907,2048,0.000000,25000000.000
8908,2052,1.953125,25000000.000
8909,2053,2.441406,25000000.000
8910,2053,2.441406,25000000.000
8911,2056,3.906250,25000000.000
8912,2055,3.417969,25000000.000
8913,2055,3.417969,25000000.000
8914,2059,5.371094,25000000.000
8915,2057,4.394531,25000000.000
8916,2057,4.394531,25000000.000
8917,2053,2.441406,25000000.000
8918,2052,1.953125,25000000.000
8919,2053,2.441406,25000000.000
8920,2051,1.464844,25000000.000
8921,2051,1.464844,25000000.000
8922,2048,0.000000,25000000.000
8923,2047,-0.488281,25000000.000
8924,2047,-0.488281,25000000.000
8925,2045,-1.464844,25000000.000
8926,2042,-2.929688,25000000.000
8927,2042,-2.929688,25000000.000
8928,2039,-4.394531,25000000.000
8929,2037,-5.371094,25000000.000
8930,2035,-6.347656,25000000.000
8931,2034,-6.835938,25000000.000
8932,2035,-6.347656,25000000.000
8933,2031,-8.300781,25000000.000
8934,2035,-6.347656,25000000.000
8935,2033,-7.324219,25000000.000
8936,2037,-5.371094,25000000.000
8937,2034,-6.835938,25000000.000
8938,2033,-7.324219,25000000.000
8939,2035,-6.347656,25000000.000
8940,2038,-4.882812,25000000.000
8941,2038,-4.882812,25000000.000
8942,2041,-3.417969,25000000.000
8943,2041,-3.417969,25000000.000
8944,2044,-1.953125,25000000.000
8945,2044,-1.953125,25000000.000
8946,2048,0.000000,25000000.000
8947,2048,0.000000,25000000.000
8948,2051,1.464844,25000000.000
8949,2052,1.953125,25000000.000
8950,2054,2.929688,25000000.000
8951,2054,2.929688,25000000.000
8952,2056,3.906250,25000000.000
8953,2057,4.394531,25000000.000
8954,2058,4.882812,25000000.000
8955,2058,4.882812,25000000.000
8956,2057,4.394531,25000000.000
8957,2057,4.394531,25000000.000
8958,2058,4.882812,25000000.000
8959,2057,4.394531,25000000.000
8960,2053,2.441406,25000000.000
8961,2051,1.464844,25000000.000
8962,2051,1.464844,25000000.000
8963,2049,0.488281,25000000.000
8964,2048,0.000000,25000000.000
8965,2045,-1.464844,25000000.000
8966,2043,-2.441406,25000000.000
8967,2042,-2.929688,25000000.000
8968,2041,-3.417969,25000000.000
8969,2040,-3.906250,25000000.000
8970,2037,-5.371094,25000000.000
8971,2038,-4.882812,25000000.000
8972,2031,-8.300781,25000000.000
8973,2041,-3.417969,25000000.000
8974,2029,-9.277344,25000000.000
8975,2038,-4.882812,25000000.000
8976,2036,-5.859375,25000000.000
8977,2032,-7.812500,25000000.000
8978,2033,-7.324219,25000000.000
8979,2034,-6.835938,25000000.000
8980,2036,-5.859375,25000000.000
8981,2036,-5.859375,25000000.000
8982,2040,-3.906250,25000000.000
8983,2040,-3.906250,25000000.000
8984,2040,-3.906250,25000000.000
8985,2045,-1.464844,25000000.000
8986,2047,-0.488281,25000000.000
8987,2046,-0.976562,25000000.000
8988,2049,0.488281,25000000.000
8989,2052,1.953125,25000000.000
8990,2055,3.417969,25000000.000
8991,2054,2.929688,25000000.000
8992,2055,3.417969,25000000.000
8993,2057,4.394531,25000000.000
8994,2057,4.394531,25000000.000
8995,2058,4.882812,25000000.000
8996,2058,4.882812,25000000.000
8997,2058,4.882812,25000000.000
8998,2057,4.394531,25000000.000
8999,2056,3.906250,25000000.000
9000,2056,3.906250,25000000.000
9001,2055,3.417969,25000000.000
9002,2052,1.953125,25000000.000
9003,2053,2.441406,25000000.000
9004,2051,1.464844,25000000.000
9005,2048,0.000000,25000000.000
9006,2046,-0.976562,25000000.000
9007,2046,-0.976562,25000000.000
9008,2044,-1.953125,25000000.000
9009,2040,-3.906250,25000000.000
9010,2039,-4.394531,25000000.000
9011,2040,-3.906250,25000000.000
9012,2037,-5.371094,25000000.000
9013,2036,-5.859375,25000000.000
9014,2037,-5.371094,25000000.000
9015,2035,-6.347656,25000000.000
9016,2033,-7.324219,25000000.000
9017,2034,-6.835938,25000000.000
9018,2036,-5.859375,25000000.000
9019,2036,-5.859375,25000000.000
9020,2034,-6.835938,25000000.000
9021,2037,-5.371094,25000000.000
9022,2039,-4.394531,25000000.000
9023,2039,-4.394531,25000000.000
9024,2039,-4.394531,25000000.000
9025,2042,-2.929688,25000000.000
9026,2047,-0.488281,25000000.000
9027,2044,-1.953125,25000000.000
9028,2047,-0.488281,25000000.000
9029,2049,0.488281,25000000.000
9030,2050,0.976562,25000000.000
9031,2050,0.976562,25000000.000
9032,2054,2.929688,25000000.000
9033,2056,3.906250,25000000.000
9034,2054,2.929688,25000000.000
9035,2054,2.929688,25000000.000
9036,2057,4.394531,25000000.000
9037,2057,4.394531,25000000.000
9038,2056,3.906250,25000000.000
9039,2057,4.394531,25000000.000
9040,2059,5.371094,25000000.000
9041,2057,4.394531,25000000.000
9042,2053,2.441406,25000000.000
9043,2053,2.441406,25000000.000
9044,2053,2.441406,25000000.000
9045,2051,1.464844,25000000.000
9046,2049,0.488281,25000000.000
9047,2047,-0.488281,25000000.000
9048,2044,-1.953125,25000000.000
9049,2042,-2.929688,25000000.000
9050,2042,-2.929688,25000000.000
9051,2041,-3.417969,25000000.000
9052,2037,-5.371094,25000000.000
9053,2037,-5.371094,25000000.000
9054,2037,-5.371094,25000000.000
9055,2036,-5.859375,25000000.000
9056,2034,-6.835938,25000000.000
9057,2034,-6.835938,25000000.000
9058,2034,-6.835938,25000000.000
9059,2035,-6.347656,25000000.000
9060,2034,-6.835938,25000000.000
9061,2033,-7.324219,25000000.000
9062,2036,-5.859375,25000000.000
9063,2034,-6.835938,25000000.000
9064,2040,-3.906250,25000000.000
9065,2040,-3.906250,25000000.000
9066,2039,-4.394531,25000000.000
9067,2039,-4.394531,25000000.000
9068,2045,-1.464844,25000000.000
9069,2047,-0.488281,25000000.000
9070,2046,-0.976562,25000000.000
9071,2047,-0.488281,25000000.000
9072,2051,1.464844,25000000.000
9073,2052,1.953125,25000000.000
9074,2054,2.929688,25000000.000
9075,2054,2.929688,25000000.000
9076,2055,3.417969,25000000.000
9077,2055,3.417969,25000000.000
9078,2058,4.882812,25000000.000
9079,2055,3.417969,25000000.000
9080,2057,4.394531,25000000.000
9081,2056,3.906250,25000000.000
9082,2056,3.906250,25000000.000
9083,2055,3.417969,25000000.000
9084,2052,1.953125,25000000.000
9085,2051,1.464844,25000000.000
9086,2050,0.976562,25000000.000
9087,2051,1.464844,25000000.000
9088,2044,-1.953125,25000000.000
9089,2044,-1.953125,25000000.000
9090,2043,-2.441406,25000000.000
9091,2042,-2.929688,25000000.000
9092,2040,-3.906250,25000000.000
9093,2037,-5.371094,25000000.000
9094,2035,-6.347656,25000000.000
9095,2036,-5.859375,25000000.000
9096,2035,-6.347656,25000000.000
9097,2034,-6.835938,25000000.000
9098,2033,-7.324219,25000000.000
9099,2033,-7.324219,25000000.000
9100,2034,-6.835938,25000000.000
9101,2034,-6.835938,25000000.000
9102,2035,-6.347656,25000000.000
9103,2035,-6.347656,25000000.000
9104,2036,-5.859375,25000000.000
9105,2039,-4.394531,25000000.000
9106,2038,-4.882812,25000000.000
9107,2040,-3.906250,25000000.000
9108,2046,-0.976562,25000000.000
9109,2044,-1.953125,25000000.000
9110,2047,-0.488281,25000000.000
9111,2047,-0.488281,25000000.000
9112,2050,0.976562,25000000.000
9113,2051,1.464844,25000000.000
9114,2054,2.929688,25000000.000
9115,2053,2.441406,25000000.000
9116,2054,2.929688,25000000.000
9117,2055,3.417969,25000000.000
9118,2055,3.417969,25000000.000
9119,2057,4.394531,25000000.000
9120,2055,3.417969,25000000.000
9121,2057,4.394531,25000000.000
9122,2055,3.417969,25000000.000
9123,2055,3.417969,25000000.000
9124,2054,2.929688,25000000.000
9125,2053,2.441406,25000000.000
9126,2052,1.953125,25000000.000
9127,2051,1.464844,25000000.000
9128,2048,0.000000,25000000.000
9129,2047,-0.488281,25000000.000
9130,2044,-1.953125,25000000.000
9131,2042,-2.929688,25000000.000
9132,2040,-3.906250,25000000.000
9133,2040,-3.906250,25000000.000
9134,2038,-4.882812,25000000.000
9135,2038,-4.882812,25000000.000
9136,2035,-6.347656,25000000.000
9137,2035,-6.347656,25000000.000
9138,2032,-7.812500,25000000.000
9139,2033,-7.324219,25000000.000
9140,2033,-7.324219,25000000.000
9141,2033,-7.324219,25000000.000
9142,2032,-7.812500,25000000.000
9143,2034,-6.835938,25000000.000
9144,2037,-5.371094,25000000.000
9145,2036,-5.859375,25000000.000
9146,2039,-4.394531,25000000.000
9147,2038,-4.882812,25000000.000
9148,2042,-2.929688,25000000.000
9149,2043,-2.441406,25000000.000
9150,2044,-1.953125,25000000.000
9151,2044,-1.953125,25000000.000
9152,2047,-0.488281,25000000.000
9153,2049,0.488281,25000000.000
9154,2051,1.464844,25000000.000
9155,2052,1.953125,25000000.000
9156,2053,2.441406,25000000.000
9157,2056,3.906250,25000000.000
9158,2058,4.882812,25000000.000
9159,2057,4.394531,25000000.000
9160,2057,4.394531,25000000.000
9161,2056,3.906250,25000000.000
9162,2058,4.882812,25000000.000
9163,2056,3.906250,25000000.000
9164,2056,3.906250,25000000.000
9165,2055,3.417969,25000000.000
9166,2053,2.441406,25000000.000
9167,2051,1.464844,25000000.000
9168,2050,0.976562,25000000.000
9169,2048,0.000000,25000000.000
9170,2046,-0.976562,25000000.000
9171,2047,-0.488281,25000000.000
9172,2043,-2.441406,25000000.000
9173,2041,-3.417969,25000000.000
9174,2041,-3.417969,25000000.000
9175,2041,-3.417969,25000000.000
9176,2038,-4.882812,25000000.000
9177,2035,-6.347656,25000000.000
9178,2035,-6.347656,25000000.000
9179,2035,-6.347656,25000000.000
9180,2033,-7.324219,25000000.000
9181,2033,-7.324219,25000000.000
9182,2035,-6.347656,25000000.000
9183,2035,-6.347656,25000000.000
9184,2033,-7.324219,25000000.000
9185,2037,-5.371094,25000000.000
9186,2037,-5.371094,25000000.000
9187,2038,-4.882812,25000000.000
9188,2039,-4.394531,25000000.000
9189,2041,-3.417969,25000000.000
9190,2045,-1.464844,25000000.000
9191,2043,-2.441406,25000000.000
9192,2046,-0.976562,25000000.000
9193,2047,-0.488281,25000000.000
9194,2050,0.976562,25000000.000
9195,2048,0.000000,25000000.000
9196,2055,3.417969,25000000.000
9197,2055,3.417969,25000000.000
9198,2057,4.394531,25000000.000
9199,2056,3.906250,25000000.000
9200,2058,4.882812,25000000.000
9201,2058,4.882812,25000000.000
9202,2056,3.906250,25000000.000
9203,2057,4.394531,25000000.000
9204,2058,4.882812,25000000.000
9205,2057,4.394531,25000000.000
9206,2055,3.417969,25000000.000
9207,2055,3.417969,25000000.000
9208,2053,2.441406,25000000.000
9209,2049,0.488281,25000000.000
9210,2053,2.441406,25000000.000
9211,2053,2.441406,25000000.000
9212,2047,-0.488281,25000000.000
9213,2041,-3.417969,25000000.000
9214,2045,-1.464844,25000000.000
9215,2045,-1.464844,25000000.000
9216,2039,-4.394531,25000000.000
9217,2037,-5.371094,25000000.000
9218,2038,-4.882812,25000000.000
9219,2040,-3.906250,25000000.000
9220,2035,-6.347656,25000000.000
9221,2032,-7.812500,25000000.000
9222,2036,-5.859375,25000000.000
9223,2035,-6.347656,25000000.000
9224,2035,-6.347656,25000000.000
9225,2031,-8.300781,25000000.000
9226,2034,-6.835938,25000000.000
9227,2038,-4.882812,25000000.000
9228,2042,-2.929688,25000000.000
9229,2038,-4.882812,25000000.000
9230,2044,-1.953125,25000000.000
9231,2044,-1.953125,25000000.000
9232,2052,1.953125,25000000.000
9233,2042,-2.929688,25000000.000
9234,2049,0.488281,25000000.000
9235,2051,1.464844,25000000.000
9236,2052,1.953125,25000000.000
9237,2051,1.464844,25000000.000
9238,2054,2.929688,25000000.000
9239,2055,3.417969,25000000.000
9240,2058,4.882812,25000000.000
9241,2057,4.394531,25000000.000
9242,2058,4.882812,25000000.000
9243,2057,4.394531,25000000.000
9244,2059,5.371094,25000000.000
9245,2058,4.882812,25000000.000
9246,2056,3.906250,25000000.000
9247,2058,4.882812,25000000.000
9248,2053,2.441406,25000000.000
9249,2052,1.953125,25000000.000
9250,2051,1.464844,25000000.000
9251,2050,0.976562,25000000.000
9252,2047,-0.488281,25000000.000
9253,2046,-0.976562,25000000.000
9254,2045,-1.464844,25000000.000
9255,2044,-1.953125,25000000.000
9256,2040,-3.906250,25000000.000
9257,2039,-4.394531,25000000.000
9258,2038,-4.882812,25000000.000
9259,2037,-5.371094,25000000.000
9260,2036,-5.859375,25000000.000
9261,2034,-6.835938,25000000.000
9262,2034,-6.835938,25000000.000
9263,2032,-7.812500,25000000.000
9264,2034,-6.835938,25000000.000
9265,2035,-6.347656,25000000.000
9266,2033,-7.324219,25000000.000
9267,2032,-7.812500,25000000.000
9268,2037,-5.371094,25000000.000
9269,2036,-5.859375,25000000.000
9270,2037,-5.371094,25000000.000
9271,2038,-4.882812,25000000.000
9272,2042,-2.929688,25000000.000
9273,2042,-2.929688,25000000.000
9274,2044,-1.953125,25000000.000
9275,2044,-1.953125,25000000.000
9276,2050,0.976562,25000000.000
9277,2051,1.464844,25000000.000
9278,2052,1.953125,25000000.000
9279,2050,0.976562,25000000.000
9280,2054,2.929688,25000000.000
9281,2059,5.371094,25000000.000
9282,2059,5.371094,25000000.000
9283,2060,5.859375,25000000.000
9284,2056,3.906250,25000000.000
9285,2058,4.882812,25000000.000
9286,2055,3.417969,25000000.000
9287,2056,3.906250,25000000.000
9288,2055,3.417969,25000000.000
9289,2053,2.441406,25000000.000
9290,2053,2.441406,25000000.000
9291,2052,1.953125,25000000.000
9292,2049,0.488281,25000000.000
9293,2047,-0.488281,25000000.000
9294,2046,-0.976562,25000000.000
9295,2045,-1.464844,25000000.000
9296,2043,-2.441406,25000000.000
9297,2040,-3.906250,25000000.000
9298,2037,-5.371094,25000000.000
9299,2037,-5.371094,25000000.000
9300,2036,-5.859375,25000000.000
9301,2035,-6.347656,25000000.000
9302,2032,-7.812500,25000000.000
9303,2032,-7.812500,25000000.000
9304,2034,-6.835938,25000000.000
9305,2033,-7.324219,25000000.000
9306,2033,-7.324219,25000000.000
9307,2033,-7.324219,25000000.000
9308,2032,-7.812500,25000000.000
9309,2035,-6.347656,25000000.000
9310,2038,-4.882812,25000000.000
9311,2039,-4.394531,25000000.000
9312,2039,-4.394531,25000000.000
9313,2041,-3.417969,25000000.000
9314,2047,-0.488281,25000000.000
9315,2046,-0.976562,25000000.000
9316,2042,-2.929688,25000000.000
9317,2049,0.488281,25000000.000
9318,2055,3.417969,25000000.000
9319,2047,-0.488281,25000000.000
9320,2053,2.441406,25000000.000
9321,2059,5.371094,25000000.000
9322,2053,2.441406,25000000.000
9323,2058,4.882812,25000000.000
9324,2060,5.859375,25000000.000
9325,2059,5.371094,25000000.000
9326,2056,3.906250,25000000.000
9327,2056,3.906250,25000000.000
9328,2057,4.394531,25000000.000
9329,2055,3.417969,25000000.000
9330,2053,2.441406,25000000.000
9331,2053,2.441406,25000000.000
9332,2050,0.976562,25000000.000
9333,2049,0.488281,25000000.000
9334,2049,0.488281,25000000.000
9335,2047,-0.488281,25000000.000
9336,2044,-1.953125,25000000.000
9337,2043,-2.441406,25000000.000
9338,2040,-3.906250,25000000.000
9339,2041,-3.417969,25000000.000
9340,2037,-5.371094,25000000.000
9341,2033,-7.324219,25000000.000
9342,2034,-6.835938,25000000.000
9343,2035,-6.347656,25000000.000
9344,2033,-7.324219,25000000.000
9345,2031,-8.300781,25000000.000
9346,2033,-7.324219,25000000.000
9347,2032,-7.812500,25000000.000
9348,2034,-6.835938,25000000.000
9349,2034,-6.835938,25000000.000
9350,2036,-5.859375,25000000.000
9351,2036,-5.859375,25000000.000
9352,2038,-4.882812,25000000.000
9353,2041,-3.417969,25000000.000
9354,2042,-2.929688,25000000.000
9355,2043,-2.441406,25000000.000
9356,2045,-1.464844,25000000.000
9357,2047,-0.488281,25000000.000
9358,2051,1.464844,25000000.000
9359,2050,0.976562,25000000.000
9360,2054,2.929688,25000000.000
9361,2054,2.929688,25000000.000
9362,2057,4.394531,25000000.000
9363,2055,3.417969,25000000.000
9364,2058,4.882812,25000000.000
9365,2060,5.859375,25000000.000
9366,2058,4.882812,25000000.000
9367,2058,4.882812,25000000.000
9368,2058,4.882812,25000000.000
9369,2058,4.882812,25000000.000
9370,2056,3.906250,25000000.000
9371,2056,3.906250,25000000.000
9372,2054,2.929688,25000000.000
9373,2051,1.464844,25000000.000
9374,2050,0.976562,25000000.000
9375,2051,1.464844,25000000.000
9376,2047,-0.488281,25000000.000
9377,2044,-1.953125,25000000.000
9378,2043,-2.441406,25000000.000
9379,2042,-2.929688,25000000.000
9380,2039,-4.394531,25000000.000
9381,2039,-4.394531,25000000.000
9382,2036,-5.859375,25000000.000
9383,2036,-5.859375,25000000.000
9384,2033,-7.324219,25000000.000
9385,2033,-7.324219,25000000.000
9386,2033,-7.324219,25000000.000
9387,2034,-6.835938,25000000.000
9388,2034,-6.835938,25000000.000
9389,2033,-7.324219,25000000.000
9390,2035,-6.347656,25000000.000
9391,2034,-6.835938,25000000.000
9392,2036,-5.859375,25000000.000
9393,2038,-4.882812,25000000.000
9394,2040,-3.906250,25000000.000
9395,2039,-4.394531,25000000.000
9396,2043,-2.441406,25000000.000
9397,2045,-1.464844,25000000.000
9398,2051,1.464844,25000000.000
9399,2047,-0.488281,25000000.000
9400,2049,0.488281,25000000.000
9401,2051,1.464844,25000000.000
9402,2056,3.906250,25000000.000
9403,2061,6.347656,25000000.000
9404,2061,6.347656,25000000.000
9405,2055,3.417969,25000000.000
9406,2057,4.394531,25000000.000
9407,2060,5.859375,25000000.000
9408,2060,5.859375,25000000.000
9409,2055,3.417969,25000000.000
9410,2060,5.859375,25000000.000
9411,2060,5.859375,25000000.000
9412,2056,3.906250,25000000.000
9413,2052,1.953125,25000000.000
9414,2053,2.441406,25000000.000
9415,2052,1.953125,25000000.000
9416,2048,0.000000,25000000.000
9417,2048,0.000000,25000000.000
9418,2044,-1.953125,25000000.000
9419,2046,-0.976562,25000000.000
9420,2039,-4.394531,25000000.000
9421,2039,-4.394531,25000000.000
9422,2038,-4.882812,25000000.000
9423,2038,-4.882812,25000000.000
9424,2036,-5.859375,25000000.000
9425,2034,-6.835938,25000000.000
9426,2034,-6.835938,25000000.000
9427,2033,-7.324219,25000000.000
9428,2034,-6.835938,25000000.000
9429,2034,-6.835938,25000000.000
9430,2034,-6.835938,25000000.000
9431,2034,-6.835938,25000000.000
9432,2036,-5.859375,25000000.000
9433,2037,-5.371094,25000000.000
9434,2039,-4.394531,25000000.000
9435,2038,-4.882812,25000000.000
9436,2041,-3.417969,25000000.000
9437,2044,-1.953125,25000000.000
9438,2045,-1.464844,25000000.000
9439,2046,-0.976562,25000000.000
9440,2049,0.488281,25000000.000
9441,2050,0.976562,25000000.000
9442,2051,1.464844,25000000.000
9443,2052,1.953125,25000000.000
9444,2056,3.906250,25000000.000
9445,2056,3.906250,25000000.000
9446,2059,5.371094,25000000.000
9447,2056,3.906250,25000000.000
9448,2057,4.394531,25000000.000
9449,2057,4.394531,25000000.000
9450,2060,5.859375,25000000.000
9451,2060,5.859375,25000000.000
9452,2054,2.929688,25000000.000
9453,2054,2.929688,25000000.000
9454,2053,2.441406,25000000.000
9455,2053,2.441406,25000000.000
9456,2050,0.976562,25000000.000
9457,2048,0.000000,25000000.000
9458,2046,-0.976562,25000000.000
9459,2046,-0.976562,25000000.000
9460,2044,-1.953125,25000000.000
9461,2040,-3.906250,25000000.000
9462,2039,-4.394531,25000000.000
9463,2039,-4.394531,25000000.000
9464,2035,-6.347656,25000000.000
9465,2035,-6.347656,25000000.000
9466,2033,-7.324219,25000000.000
9467,2033,-7.324219,25000000.000
9468,2033,-7.324219,25000000.000
9469,2033,-7.324219,25000000.000
9470,2031,-8.300781,25000000.000
9471,2031,-8.300781,25000000.000
9472,2033,-7.324219,25000000.000
9473,2035,-6.347656,25000000.000
9474,2036,-5.859375,25000000.000
9475,2036,-5.859375,25000000.000
9476,2037,-5.371094,25000000.000
9477,2038,-4.882812,25000000.000
9478,2041,-3.417969,25000000.000
9479,2041,-3.417969,25000000.000
9480,2046,-0.976562,25000000.000
9481,2048,0.000000,25000000.000
9482,2050,0.976562,25000000.000
9483,2050,0.976562,25000000.000
9484,2052,1.953125,25000000.000
9485,2054,2.929688,25000000.000
9486,2056,3.906250,25000000.000
9487,2055,3.417969,25000000.000
9488,2057,4.394531,25000000.000
9489,2058,4.882812,25000000.000
9490,2057,4.394531,25000000.000
9491,2058,4.882812,25000000.000
9492,2057,4.394531,25000000.000
9493,2055,3.417969,25000000.000
9494,2055,3.417969,25000000.000
9495,2055,3.417969,25000000.000
9496,2053,2.441406,25000000.000
9497,2051,1.464844,25000000.000
9498,2048,0.000000,25000000.000
9499,2048,0.000000,25000000.000
9500,2044,-1.953125,25000000.000
9501,2044,-1.953125,25000000.000
9502,2040,-3.906250,25000000.000
9503,2042,-2.929688,25000000.000
9504,2037,-5.371094,25000000.000
9505,2035,-6.347656,25000000.000
9506,2034,-6.835938,25000000.000
9507,2034,-6.835938,25000000.000
9508,2034,-6.835938,25000000.000
9509,2032,-7.812500,25000000.000
9510,2033,-7.324219,25000000.000
9511,2033,-7.324219,25000000.000
9512,2032,-7.812500,25000000.000
9513,2034,-6.835938,25000000.000
9514,2036,-5.859375,25000000.000
9515,2035,-6.347656,25000000.000
9516,2037,-5.371094,25000000.000
9517,2039,-4.394531,25000000.000
9518,2040,-3.906250,25000000.000
9519,2041,-3.417969,25000000.000
9520,2045,-1.464844,25000000.000
9521,2046,-0.976562,25000000.000
9522,2050,0.976562,25000000.000
9523,2050,0.976562,25000000.000
9524,2051,1.464844,25000000.000
9525,2052,1.953125,25000000.000
9526,2055,3.417969,25000000.000
9527,2054,2.929688,25000000.000
9528,2057,4.394531,25000000.000
9529,2056,3.906250,25000000.000
9530,2058,4.882812,25000000.000
9531,2057,4.394531,25000000.000
9532,2059,5.371094,25000000.000
9533,2057,4.394531,25000000.000
9534,2054,2.929688,25000000.000
9535,2055,3.417969,25000000.000
9536,2054,2.929688,25000000.000
9537,2052,1.953125,25000000.000
9538,2050,0.976562,25000000.000
9539,2051,1.464844,25000000.000
9540,2049,0.488281,25000000.000
9541,2042,-2.929688,25000000.000
9542,2043,-2.441406,25000000.000
9543,2045,-1.464844,25000000.000
9544,2044,-1.953125,25000000.000
9545,2038,-4.882812,25000000.000
9546,2040,-3.906250,25000000.000
9547,2035,-6.347656,25000000.000
9548,2035,-6.347656,25000000.000
9549,2033,-7.324219,25000000.000
9550,2034,-6.835938,25000000.000
9551,2030,-8.789062,25000000.000
9552,2032,-7.812500,25000000.000
9553,2034,-6.835938,25000000.000
9554,2034,-6.835938,25000000.000
9555,2033,-7.324219,25000000.000
9556,2034,-6.835938,25000000.000
9557,2039,-4.394531,25000000.000
9558,2040,-3.906250,25000000.000
9559,2038,-4.882812,25000000.000
9560,2043,-2.441406,25000000.000
9561,2045,-1.464844,25000000.000
9562,2048,0.000000,25000000.000
9563,2046,-0.976562,25000000.000
9564,2051,1.464844,25000000.000
9565,2053,2.441406,25000000.000
9566,2052,1.953125,25000000.000
9567,2053,2.441406,25000000.000
9568,2056,3.906250,25000000.000
9569,2057,4.394531,25000000.000
9570,2057,4.394531,25000000.000
9571,2057,4.394531,25000000.000
9572,2059,5.371094,25000000.000
9573,2058,4.882812,25000000.000
9574,2059,5.371094,25000000.000
9575,2058,4.882812,25000000.000
9576,2055,3.417969,25000000.000
9577,2055,3.417969,25000000.000
9578,2054,2.929688,25000000.000
9579,2053,2.441406,25000000.000
9580,2048,0.000000,25000000.000
9581,2047,-0.488281,25000000.000
9582,2047,-0.488281,25000000.000
9583,2046,-0.976562,25000000.000
9584,2042,-2.929688,25000000.000
9585,2039,-4.394531,25000000.000
9586,2039,-4.394531,25000000.000
9587,2037,-5.371094,25000000.000
9588,2035,-6.347656,25000000.000
9589,2036,-5.859375,25000000.000
9590,2035,-6.347656,25000000.000
9591,2033,-7.324219,25000000.000
9592,2033,-7.324219,25000000.000
9593,2034,-6.835938,25000000.000
9594,2034,-6.835938,25000000.000
9595,2033,-7.324219,25000000.000
9596,2035,-6.347656,25000000.000
9597,2036,-5.859375,25000000.000
9598,2036,-5.859375,25000000.000
9599,2037,-5.371094,25000000.000
9600,2041,-3.417969,25000000.000
9601,2042,-2.929688,25000000.000
9602,2042,-2.929688,25000000.000
9603,2044,-1.953125,25000000.000
9604,2046,-0.976562,25000000.000
9605,2049,0.488281,25000000.000
9606,2052,1.953125,25000000.000
9607,2051,1.464844,25000000.000
9608,2056,3.906250,25000000.000
9609,2054,2.929688,25000000.000
9610,2057,4.394531,25000000.000
9611,2057,4.394531,25000000.000
9612,2058,4.882812,25000000.000
9613,2057,4.394531,25000000.000
9614,2058,4.882812,25000000.000
9615,2058,4.882812,25000000.000
9616,2055,3.417969,25000000.000
9617,2055,3.417969,25000000.000
9618,2055,3.417969,25000000.000
9619,2055,3.417969,25000000.000
9620,2051,1.464844,25000000.000
9621,2050,0.976562,25000000.000
9622,2048,0.000000,25000000.000
9623,2048,0.000000,25000000.000
9624,2043,-2.441406,25000000.000
9625,2043,-2.441406,25000000.000
9626,2037,-5.371094,25000000.000
9627,2037,-5.371094,25000000.000
9628,2037,-5.371094,25000000.000
9629,2037,-5.371094,25000000.000
9630,2033,-7.324219,25000000.000
9631,2033,-7.324219,25000000.000
9632,2033,-7.324219,25000000.000
9633,2034,-6.835938,25000000.000
9634,2031,-8.300781,25000000.000
9635,2032,-7.812500,25000000.000
9636,2036,-5.859375,25000000.000
9637,2034,-6.835938,25000000.000
9638,2034,-6.835938,25000000.000
9639,2037,-5.371094,25000000.000
9640,2040,-3.906250,25000000.000
9641,2038,-4.882812,25000000.000
9642,2041,-3.417969,25000000.000
9643,2043,-2.441406,25000000.000
9644,2045,-1.464844,25000000.000
9645,2046,-0.976562,25000000.000
9646,2050,0.976562,25000000.000
9647,2050,0.976562,25000000.000
9648,2051,1.464844,25000000.000
9649,2054,2.929688,25000000.000
9650,2055,3.417969,25000000.000
9651,2054,2.929688,25000000.000
9652,2056,3.906250,25000000.000
9653,2057,4.394531,25000000.000
9654,2058,4.882812,25000000.000
9655,2057,4.394531,25000000.000
9656,2055,3.417969,25000000.000
9657,2056,3.906250,25000000.000
9658,2055,3.417969,25000000.000
9659,2055,3.417969,25000000.000
9660,2053,2.441406,25000000.000
9661,2051,1.464844,25000000.000
9662,2047,-0.488281,25000000.000
9663,2047,-0.488281,25000000.000
9664,2040,-3.906250,25000000.000
9665,2051,1.464844,25000000.000
9666,2037,-5.371094,25000000.000
9667,2042,-2.929688,25000000.000
9668,2040,-3.906250,25000000.000
9669,2037,-5.371094,25000000.000
9670,2034,-6.835938,25000000.000
9671,2035,-6.347656,25000000.000
9672,2034,-6.835938,25000000.000
9673,2032,-7.812500,25000000.000
9674,2033,-7.324219,25000000.000
9675,2034,-6.835938,25000000.000
9676,2032,-7.812500,25000000.000
9677,2033,-7.324219,25000000.000
9678,2036,-5.859375,25000000.000
9679,2035,-6.347656,25000000.000
9680,2037,-5.371094,25000000.000
9681,2038,-4.882812,25000000.000
9682,2039,-4.394531,25000000.000
9683,2040,-3.906250,25000000.000
9684,2044,-1.953125,25000000.000
9685,2046,-0.976562,25000000.000
9686,2048,0.000000,25000000.000
9687,2047,-0.488281,25000000.000
9688,2051,1.464844,25000000.000
9689,2053,2.441406,25000000.000
9690,2054,2.929688,25000000.000
9691,2054,2.929688,25000000.000
9692,2055,3.417969,25000000.000
9693,2057,4.394531,25000000.000
9694,2057,4.394531,25000000.000
9695,2055,3.417969,25000000.000
9696,2057,4.394531,25000000.000
9697,2057,4.394531,25000000.000
9698,2056,3.906250,25000000.000
9699,2055,3.417969,25000000.000
9700,2054,2.929688,25000000.000
9701,2054,2.929688,25000000.000
9702,2049,0.488281,25000000.000
9703,2049,0.488281,25000000.000
9704,2049,0.488281,25000000.000
9705,2045,-1.464844,25000000.000
9706,2042,-2.929688,25000000.000
9707,2045,-1.464844,25000000.000
9708,2041,-3.417969,25000000.000
9709,2037,-5.371094,25000000.000
9710,2038,-4.882812,25000000.000
9711,2038,-4.882812,25000000.000
9712,2034,-6.835938,25000000.000
9713,2034,-6.835938,25000000.000
9714,2034,-6.835938,25000000.000
9715,2034,-6.835938,25000000.000
9716,2033,-7.324219,25000000.000
9717,2033,-7.324219,25000000.000
9718,2035,-6.347656,25000000.000
9719,2034,-6.835938,25000000.000
9720,2035,-6.347656,25000000.000
9721,2037,-5.371094,25000000.000
9722,2038,-4.882812,25000000.000
9723,2038,-4.882812,25000000.000
9724,2041,-3.417969,25000000.000
9725,2043,-2.441406,25000000.000
9726,2045,-1.464844,25000000.000
9727,2046,-0.976562,25000000.000
9728,2048,0.000000,25000000.000
9729,2050,0.976562,25000000.000
9730,2053,2.441406,25000000.000
9731,2051,1.464844,25000000.000
9732,2055,3.417969,25000000.000
9733,2056,3.906250,25000000.000
9734,2055,3.417969,25000000.000
9735,2056,3.906250,25000000.000
9736,2057,4.394531,25000000.000
9737,2058,4.882812,25000000.000
9738,2056,3.906250,25000000.000
9739,2057,4.394531,25000000.000
9740,2056,3.906250,25000000.000
9741,2053,2.441406,25000000.000
9742,2054,2.929688,25000000.000
9743,2054,2.929688,25000000.000
9744,2051,1.464844,25000000.000
9745,2046,-0.976562,25000000.000
9746,2047,-0.488281,25000000.000
9747,2046,-0.976562,25000000.000
9748,2042,-2.929688,25000000.000
9749,2042,-2.929688,25000000.000
9750,2039,-4.394531,25000000.000
9751,2038,-4.882812,25000000.000
9752,2035,-6.347656,25000000.000
9753,2037,-5.371094,25000000.000
9754,2036,-5.859375,25000000.000
9755,2037,-5.371094,25000000.000
9756,2033,-7.324219,25000000.000
9757,2032,-7.812500,25000000.000
9758,2032,-7.812500,25000000.000
9759,2032,-7.812500,25000000.000
9760,2037,-5.371094,25000000.000
9761,2037,-5.371094,25000000.000
9762,2036,-5.859375,25000000.000
9763,2037,-5.371094,25000000.000
9764,2041,-3.417969,25000000.000
9765,2044,-1.953125,25000000.000
9766,2043,-2.441406,25000000.000
9767,2043,-2.441406,25000000.000
9768,2047,-0.488281,25000000.000
9769,2050,0.976562,25000000.000
9770,2052,1.953125,25000000.000
9771,2052,1.953125,25000000.000
9772,2055,3.417969,25000000.000
9773,2055,3.417969,25000000.000
9774,2057,4.394531,25000000.000
9775,2057,4.394531,25000000.000
9776,2058,4.882812,25000000.000
9777,2057,4.394531,25000000.000
9778,2058,4.882812,25000000.000
9779,2058,4.882812,25000000.000
9780,2057,4.394531,25000000.000
9781,2056,3.906250,25000000.000
9782,2055,3.417969,25000000.000
9783,2055,3.417969,25000000.000
9784,2051,1.464844,25000000.000
9785,2050,0.976562,25000000.000
9786,2049,0.488281,25000000.000
9787,2048,0.000000,25000000.000
9788,2044,-1.953125,25000000.000
9789,2043,-2.441406,25000000.000
9790,2042,-2.929688,25000000.000
9791,2041,-3.417969,25000000.000
9792,2040,-3.906250,25000000.000
9793,2038,-4.882812,25000000.000
9794,2036,-5.859375,25000000.000
9795,2035,-6.347656,25000000.000
9796,2034,-6.835938,25000000.000
9797,2034,-6.835938,25000000.000
9798,2033,-7.324219,25000000.000
9799,2033,-7.324219,25000000.000
9800,2036,-5.859375,25000000.000
9801,2036,-5.859375,25000000.000
9802,2036,-5.859375,25000000.000
9803,2037,-5.371094,25000000.000
9804,2038,-4.882812,25000000.000
9805,2040,-3.906250,25000000.000
9806,2042,-2.929688,25000000.000
9807,2043,-2.441406,25000000.000
9808,2045,-1.464844,25000000.000
9809,2046,-0.976562,25000000.000
9810,2050,0.976562,25000000.000
9811,2049,0.488281,25000000.000
9812,2051,1.464844,25000000.000
9813,2052,1.953125,25000000.000
9814,2055,3.417969,25000000.000
9815,2054,2.929688,25000000.000
9816,2055,3.417969,25000000.000
9817,2057,4.394531,25000000.000
9818,2058,4.882812,25000000.000
9819,2058,4.882812,25000000.000
9820,2056,3.906250,25000000.000
9821,2057,4.394531,25000000.000
9822,2056,3.906250,25000000.000
9823,2054,2.929688,25000000.000
9824,2056,3.906250,25000000.000
9825,2052,1.953125,25000000.000
9826,2051,1.464844,25000000.000
9827,2050,0.976562,25000000.000
9828,2046,-0.976562,25000000.000
9829,2044,-1.953125,25000000.000
9830,2042,-2.929688,25000000.000
9831,2041,-3.417969,25000000.000
9832,2040,-3.906250,25000000.000
9833,2038,-4.882812,25000000.000
9834,2035,-6.347656,25000000.000
9835,2036,-5.859375,25000000.000
9836,2035,-6.347656,25000000.000
9837,2034,-6.835938,25000000.000
9838,2032,-7.812500,25000000.000
9839,2031,-8.300781,25000000.000
9840,2035,-6.347656,25000000.000
9841,2031,-8.300781,25000000.000
9842,2033,-7.324219,25000000.000
9843,2034,-6.835938,25000000.000
9844,2037,-5.371094,25000000.000
9845,2037,-5.371094,25000000.000
9846,2039,-4.394531,25000000.000
9847,2038,-4.882812,25000000.000
9848,2041,-3.417969,25000000.000
9849,2046,-0.976562,25000000.000
9850,2046,-0.976562,25000000.000
9851,2045,-1.464844,25000000.000
9852,2048,0.000000,25000000.000
9853,2052,1.953125,25000000.000
9854,2052,1.953125,25000000.000
9855,2053,2.441406,25000000.000
9856,2055,3.417969,25000000.000
9857,2056,3.906250,25000000.000
9858,2057,4.394531,25000000.000
9859,2058,4.882812,25000000.000
9860,2058,4.882812,25000000.000
9861,2057,4.394531,25000000.000
9862,2056,3.906250,25000000.000
9863,2055,3.417969,25000000.000
9864,2057,4.394531,25000000.000
9865,2048,0.000000,25000000.000
9866,2052,1.953125,25000000.000
9867,2054,2.929688,25000000.000
9868,2051,1.464844,25000000.000
9869,2045,-1.464844,25000000.000
9870,2044,-1.953125,25000000.000
9871,2045,-1.464844,25000000.000
9872,2042,-2.929688,25000000.000
9873,2039,-4.394531,25000000.000
9874,2038,-4.882812,25000000.000
9875,2038,-4.882812,25000000.000
9876,2034,-6.835938,25000000.000
9877,2034,-6.835938,25000000.000
9878,2033,-7.324219,25000000.000
9879,2033,-7.324219,25000000.000
9880,2031,-8.300781,25000000.000
9881,2032,-7.812500,25000000.000
9882,2034,-6.835938,25000000.000
9883,2034,-6.835938,25000000.000
9884,2034,-6.835938,25000000.000
9885,2036,-5.859375,25000000.000
9886,2037,-5.371094,25000000.000
9887,2037,-5.371094,25000000.000
9888,2042,-2.929688,25000000.000
9889,2043,-2.441406,25000000.000
9890,2044,-1.953125,25000000.000
9891,2044,-1.953125,25000000.000
9892,2047,-0.488281,25000000.000
9893,2050,0.976562,25000000.000
9894,2052,1.953125,25000000.000
9895,2052,1.953125,25000000.000
9896,2053,2.441406,25000000.000
9897,2055,3.417969,25000000.000
9898,2055,3.417969,25000000.000
9899,2054,2.929688,25000000.000
9900,2057,4.394531,25000000.000
9901,2058,4.882812,25000000.000
9902,2056,3.906250,25000000.000
9903,2057,4.394531,25000000.000
9904,2054,2.929688,25000000.000
9905,2054,2.929688,25000000.000
9906,2053,2.441406,25000000.000
9907,2053,2.441406,25000000.000
9908,2051,1.464844,25000000.000
9909,2048,0.000000,25000000.000
9910,2047,-0.488281,25000000.000
9911,2047,-0.488281,25000000.000
9912,2043,-2.441406,25000000.000
9913,2041,-3.417969,25000000.000
9914,2040,-3.906250,25000000.000
9915,2039,-4.394531,25000000.000
9916,2036,-5.859375,25000000.000
9917,2035,-6.347656,25000000.000
9918,2035,-6.347656,25000000.000
9919,2036,-5.859375,25000000.000
9920,2033,-7.324219,25000000.000
9921,2033,-7.324219,25000000.000
9922,2034,-6.835938,25000000.000
9923,2032,-7.812500,25000000.000
9924,2035,-6.347656,25000000.000
9925,2036,-5.859375,25000000.000
9926,2037,-5.371094,25000000.000
9927,2035,-6.347656,25000000.000
9928,2039,-4.394531,25000000.000
9929,2041,-3.417969,25000000.000
9930,2042,-2.929688,25000000.000
9931,2041,-3.417969,25000000.000
9932,2047,-0.488281,25000000.000
9933,2048,0.000000,25000000.000
9934,2049,0.488281,25000000.000
9935,2050,0.976562,25000000.000
9936,2053,2.441406,25000000.000
9937,2054,2.929688,25000000.000
9938,2056,3.906250,25000000.000
9939,2056,3.906250,25000000.000
9940,2058,4.882812,25000000.000
9941,2057,4.394531,25000000.000
9942,2058,4.882812,25000000.000
9943,2059,5.371094,25000000.000
9944,2057,4.394531,25000000.000
9945,2056,3.906250,25000000.000
9946,2055,3.417969,25000000.000
9947,2055,3.417969,25000000.000
9948,2052,1.953125,25000000.000
9949,2052,1.953125,25000000.000
9950,2050,0.976562,25000000.000
9951,2049,0.488281,25000000.000
9952,2045,-1.464844,25000000.000
9953,2046,-0.976562,25000000.000
9954,2044,-1.953125,25000000.000
9955,2043,-2.441406,25000000.000
9956,2038,-4.882812,25000000.000
9957,2038,-4.882812,25000000.000
9958,2036,-5.859375,25000000.000
9959,2036,-5.859375,25000000.000
9960,2035,-6.347656,25000000.000
9961,2032,-7.812500,25000000.000
9962,2034,-6.835938,25000000.000
9963,2033,-7.324219,25000000.000
9964,2033,-7.324219,25000000.000
9965,2035,-6.347656,25000000.000
9966,2035,-6.347656,25000000.000
9967,2035,-6.347656,25000000.000
9968,2038,-4.882812,25000000.000
9969,2041,-3.417969,25000000.000
9970,2040,-3.906250,25000000.000
9971,2042,-2.929688,25000000.000
9972,2047,-0.488281,25000000.000
9973,2052,1.953125,25000000.000
9974,2044,-1.953125,25000000.000
9975,2050,0.976562,25000000.000
9976,2054,2.929688,25000000.000
9977,2052,1.953125,25000000.000
9978,2055,3.417969,25000000.000
9979,2056,3.906250,25000000.000
9980,2056,3.906250,25000000.000
9981,2057,4.394531,25000000.000
9982,2058,4.882812,25000000.000
9983,2057,4.394531,25000000.000
9984,2056,3.906250,25000000.000
9985,2057,4.394531,25000000.000
9986,2057,4.394531,25000000.000
9987,2057,4.394531,25000000.000
9988,2053,2.441406,25000000.000
9989,2052,1.953125,25000000.000
9990,2052,1.953125,25000000.000
9991,2051,1.464844,25000000.000
9992,2048,0.000000,25000000.000
9993,2046,-0.976562,25000000.000
9994,2043,-2.441406,25000000.000
9995,2043,-2.441406,25000000.000
9996,2041,-3.417969,25000000.000
9997,2039,-4.394531,25000000.000
9998,2037,-5.371094,25000000.000
9999,2037,-5.371094,25000000.000
10000,2036,-5.859375,25000000.000
10001,2035,-6.347656,25000000.000
10002,2033,-7.324219,25000000.000
10003,2034,-6.835938,25000000.000
10004,2033,-7.324219,25000000.000
10005,2034,-6.835938,25000000.000
10006,2035,-6.347656,25000000.000
10007,2036,-5.859375,25000000.000
10008,2039,-4.394531,25000000.000
10009,2038,-4.882812,25000000.000
10010,2040,-3.906250,25000000.000
10011,2037,-5.371094,25000000.000
10012,2038,-4.882812,25000000.000
10013,2047,-0.488281,25000000.000
10014,2046,-0.976562,25000000.000
10015,2046,-0.976562,25000000.000
10016,2050,0.976562,25000000.000
10017,2052,1.953125,25000000.000
10018,2052,1.953125,25000000.000
10019,2053,2.441406,25000000.000
10020,2055,3.417969,25000000.000
10021,2057,4.394531,25000000.000
10022,2058,4.882812,25000000.000
10023,2056,3.906250,25000000.000
10024,2059,5.371094,25000000.000
10025,2058,4.882812,25000000.000
10026,2056,3.906250,25000000.000
10027,2056,3.906250,25000000.000
10028,2055,3.417969,25000000.000
10029,2056,3.906250,25000000.000
10030,2052,1.953125,25000000.000
10031,2051,1.464844,25000000.000
10032,2049,0.488281,25000000.000
10033,2049,0.488281,25000000.000
10034,2047,-0.488281,25000000.000
10035,2047,-0.488281,25000000.000
10036,2044,-1.953125,25000000.000
10037,2041,-3.417969,25000000.000
10038,2037,-5.371094,25000000.000
10039,2039,-4.394531,25000000.000
10040,2034,-6.835938,25000000.000
10041,2034,-6.835938,25000000.000
10042,2033,-7.324219,25000000.000
10043,2034,-6.835938,25000000.000
10044,2033,-7.324219,25000000.000
10045,2033,-7.324219,25000000.000
10046,2034,-6.835938,25000000.000
10047,2033,-7.324219,25000000.000
10048,2031,-8.300781,25000000.000
10049,2036,-5.859375,25000000.000
10050,2036,-5.859375,25000000.000
10051,2036,-5.859375,25000000.000
10052,2039,-4.394531,25000000.000
10053,2042,-2.929688,25000000.000
10054,2044,-1.953125,25000000.000
10055,2044,-1.953125,25000000.000
10056,2047,-0.488281,25000000.000
10057,2049,0.488281,25000000.000
10058,2051,1.464844,25000000.000
10059,2050,0.976562,25000000.000
10060,2054,2.929688,25000000.000
10061,2054,2.929688,25000000.000
10062,2055,3.417969,25000000.000
10063,2055,3.417969,25000000.000
10064,2056,3.906250,25000000.000
10065,2057,4.394531,25000000.000
10066,2057,4.394531,25000000.000
10067,2056,3.906250,25000000.000
10068,2057,4.394531,25000000.000
10069,2055,3.417969,25000000.000
10070,2052,1.953125,25000000.000
10071,2054,2.929688,25000000.000
10072,2051,1.464844,25000000.000
10073,2048,0.000000,25000000.000
10074,2049,0.488281,25000000.000
10075,2048,0.000000,25000000.000
10076,2044,-1.953125,25000000.000
10077,2041,-3.417969,25000000.000
10078,2041,-3.417969,25000000.000
10079,2042,-2.929688,25000000.000
10080,2037,-5.371094,25000000.000
10081,2035,-6.347656,25000000.000
10082,2034,-6.835938,25000000.000
10083,2034,-6.835938,25000000.000
10084,2032,-7.812500,25000000.000
10085,2033,-7.324219,25000000.000
10086,2034,-6.835938,25000000.000
10087,2034,-6.835938,25000000.000
10088,2033,-7.324219,25000000.000
10089,2034,-6.835938,25000000.000
10090,2036,-5.859375,25000000.000
10091,2035,-6.347656,25000000.000
10092,2037,-5.371094,25000000.000
10093,2040,-3.906250,25000000.000
10094,2041,-3.417969,25000000.000
10095,2042,-2.929688,25000000.000
10096,2045,-1.464844,25000000.000
10097,2047,-0.488281,25000000.000
10098,2049,0.488281,25000000.000
10099,2049,0.488281,25000000.000
10100,2052,1.953125,25000000.000
10101,2054,2.929688,25000000.000
10102,2053,2.441406,25000000.000
10103,2054,2.929688,25000000.000
10104,2057,4.394531,25000000.000
10105,2057,4.394531,25000000.000
10106,2057,4.394531,25000000.000
10107,2057,4.394531,25000000.000
10108,2057,4.394531,25000000.000
10109,2056,3.906250,25000000.000
10110,2055,3.417969,25000000.000
10111,2057,4.394531,25000000.000
10112,2051,1.464844,25000000.000
10113,2051,1.464844,25000000.000
10114,2050,0.976562,25000000.000
10115,2049,0.488281,25000000.000
10116,2046,-0.976562,25000000.000
10117,2044,-1.953125,25000000.000
10118,2042,-2.929688,25000000.000
10119,2043,-2.441406,25000000.000
10120,2038,-4.882812,25000000.000
10121,2036,-5.859375,25000000.000
10122,2037,-5.371094,25000000.000
10123,2035,-6.347656,25000000.000
10124,2035,-6.347656,25000000.000
10125,2034,-6.835938,25000000.000
10126,2034,-6.835938,25000000.000
10127,2031,-8.300781,25000000.000
10128,2034,-6.835938,25000000.000
10129,2034,-6.835938,25000000.000
10130,2035,-6.347656,25000000.000
10131,2033,-7.324219,25000000.000
10132,2036,-5.859375,25000000.000
10133,2039,-4.394531,25000000.000
10134,2039,-4.394531,25000000.000
10135,2039,-4.394531,25000000.000
10136,2043,-2.441406,25000000.000
10137,2045,-1.464844,25000000.000
10138,2047,-0.488281,25000000.000
10139,2048,0.000000,25000000.000
10140,2051,1.464844,25000000.000
10141,2053,2.441406,25000000.000
10142,2053,2.441406,25000000.000
10143,2052,1.953125,25000000.000
10144,2056,3.906250,25000000.000
10145,2056,3.906250,25000000.000
10146,2058,4.882812,25000000.000
10147,2058,4.882812,25000000.000
10148,2057,4.394531,25000000.000
10149,2059,5.371094,25000000.000
10150,2058,4.882812,25000000.000
10151,2058,4.882812,25000000.000
10152,2055,3.417969,25000000.000
10153,2055,3.417969,25000000.000
10154,2052,1.953125,25000000.000
10155,2052,1.953125,25000000.000
10156,2049,0.488281,25000000.000
10157,2048,0.000000,25000000.000
10158,2045,-1.464844,25000000.000
10159,2045,-1.464844,25000000.000
10160,2042,-2.929688,25000000.000
10161,2041,-3.417969,25000000.000
10162,2038,-4.882812,25000000.000
10163,2037,-5.371094,25000000.000
10164,2038,-4.882812,25000000.000
10165,2033,-7.324219,25000000.000
10166,2037,-5.371094,25000000.000
10167,2037,-5.371094,25000000.000
10168,2036,-5.859375,25000000.000
10169,2031,-8.300781,25000000.000
10170,2035,-6.347656,25000000.000
10171,2035,-6.347656,25000000.000
10172,2039,-4.394531,25000000.000
10173,2034,-6.835938,25000000.000
10174,2040,-3.906250,25000000.000
10175,2041,-3.417969,25000000.000
10176,2041,-3.417969,25000000.000
10177,2042,-2.929688,25000000.000
10178,2047,-0.488281,25000000.000
10179,2046,-0.976562,25000000.000
10180,2048,0.000000,25000000.000
10181,2050,0.976562,25000000.000
10182,2053,2.441406,25000000.000
10183,2053,2.441406,25000000.000
10184,2054,2.929688,25000000.000
10185,2056,3.906250,25000000.000
10186,2056,3.906250,25000000.000
10187,2058,4.882812,25000000.000
10188,2057,4.394531,25000000.000
10189,2058,4.882812,25000000.000
10190,2058,4.882812,25000000.000
10191,2058,4.882812,25000000.000
10192,2059,5.371094,25000000.000
10193,2055,3.417969,25000000.000
10194,2055,3.417969,25000000.000
10195,2054,2.929688,25000000.000
10196,2049,0.488281,25000000.000
10197,2050,0.976562,25000000.000
10198,2047,-0.488281,25000000.000
10199,2047,-0.488281,25000000.000
10200,2045,-1.464844,25000000.000
10201,2042,-2.929688,25000000.000
10202,2040,-3.906250,25000000.000
10203,2040,-3.906250,25000000.000
10204,2038,-4.882812,25000000.000
10205,2034,-6.835938,25000000.000
10206,2036,-5.859375,25000000.000
10207,2035,-6.347656,25000000.000
10208,2034,-6.835938,25000000.000
10209,2032,-7.812500,25000000.000
10210,2035,-6.347656,25000000.000
10211,2035,-6.347656,25000000.000
10212,2035,-6.347656,25000000.000
10213,2035,-6.347656,25000000.000
10214,2037,-5.371094,25000000.000
10215,2037,-5.371094,25000000.000
10216,2040,-3.906250,25000000.000
10217,2042,-2.929688,25000000.000
10218,2043,-2.441406,25000000.000
10219,2045,-1.464844,25000000.000
10220,2047,-0.488281,25000000.000
10221,2048,0.000000,25000000.000
10222,2052,1.953125,25000000.000
10223,2050,0.976562,25000000.000
10224,2055,3.417969,25000000.000
10225,2055,3.417969,25000000.000
10226,2056,3.906250,25000000.000
10227,2055,3.417969,25000000.000
10228,2058,4.882812,25000000.000
10229,2058,4.882812,25000000.000
10230,2056,3.906250,25000000.000
10231,2057,4.394531,25000000.000
10232,2058,4.882812,25000000.000
10233,2057,4.394531,25000000.000
10234,2053,2.441406,25000000.000
10235,2053,2.441406,25000000.000
10236,2052,1.953125,25000000.000
10237,2050,0.976562,25000000.000
10238,2048,0.000000,25000000.000
10239,2048,0.000000,25000000.000
10240,2045,-1.464844,25000000.000
10241,2042,-2.929688,25000000.000
10242,2041,-3.417969,25000000.000
10243,2041,-3.417969,25000000.000
10244,2038,-4.882812,25000000.000
10245,2036,-5.859375,25000000.000
10246,2035,-6.347656,25000000.000
10247,2035,-6.347656,25000000.000
10248,2032,-7.812500,25000000.000
10249,2033,-7.324219,25000000.000
10250,2033,-7.324219,25000000.000
10251,2033,-7.324219,25000000.000
10252,2032,-7.812500,25000000.000
10253,2034,-6.835938,25000000.000
10254,2037,-5.371094,25000000.000
10255,2036,-5.859375,25000000.000
10256,2036,-5.859375,25000000.000
10257,2039,-4.394531,25000000.000
10258,2041,-3.417969,25000000.000
10259,2042,-2.929688,25000000.000
10260,2044,-1.953125,25000000.000
10261,2046,-0.976562,25000000.000
10262,2046,-0.976562,25000000.000
10263,2046,-0.976562,25000000.000
10264,2051,1.464844,25000000.000
10265,2053,2.441406,25000000.000
10266,2053,2.441406,25000000.000
10267,2052,1.953125,25000000.000
10268,2054,2.929688,25000000.000
10269,2056,3.906250,25000000.000
10270,2056,3.906250,25000000.000
10271,2057,4.394531,25000000.000
10272,2057,4.394531,25000000.000
10273,2055,3.417969,25000000.000
10274,2056,3.906250,25000000.000
10275,2056,3.906250,25000000.000
10276,2053,2.441406,25000000.000
10277,2053,2.441406,25000000.000
10278,2050,0.976562,25000000.000
10279,2051,1.464844,25000000.000
10280,2048,0.000000,25000000.000
10281,2046,-0.976562,25000000.000
10282,2044,-1.953125,25000000.000
10283,2045,-1.464844,25000000.000
10284,2040,-3.906250,25000000.000
10285,2039,-4.394531,25000000.000
10286,2037,-5.371094,25000000.000
10287,2037,-5.371094,25000000.000
10288,2035,-6.347656,25000000.000
10289,2032,-7.812500,25000000.000
10290,2033,-7.324219,25000000.000
10291,2033,-7.324219,25000000.000
10292,2034,-6.835938,25000000.000
10293,2033,-7.324219,25000000.000
10294,2032,-7.812500,25000000.000
10295,2032,-7.812500,25000000.000
10296,2036,-5.859375,25000000.000
10297,2038,-4.882812,25000000.000
10298,2037,-5.371094,25000000.000
10299,2037,-5.371094,25000000.000
10300,2042,-2.929688,25000000.000
10301,2044,-1.953125,25000000.000
10302,2045,-1.464844,25000000.000
10303,2046,-0.976562,25000000.000
10304,2050,0.976562,25000000.000
10305,2051,1.464844,25000000.000
10306,2052,1.953125,25000000.000
10307,2051,1.464844,25000000.000
10308,2056,3.906250,25000000.000
10309,2056,3.906250,25000000.000
10310,2058,4.882812,25000000.000
10311,2058,4.882812,25000000.000
10312,2056,3.906250,25000000.000
10313,2056,3.906250,25000000.000
10314,2057,4.394531,25000000.000
10315,2057,4.394531,25000000.000
10316,2055,3.417969,25000000.000
10317,2054,2.929688,25000000.000
10318,2058,4.882812,25000000.000
10319,2056,3.906250,25000000.000
10320,2049,0.488281,25000000.000
10321,2044,-1.953125,25000000.000
10322,2046,-0.976562,25000000.000
10323,2043,-2.441406,25000000.000
10324,2043,-2.441406,25000000.000
10325,2043,-2.441406,25000000.000
10326,2039,-4.394531,25000000.000
10327,2038,-4.882812,25000000.000
10328,2036,-5.859375,25000000.000
10329,2036,-5.859375,25000000.000
10330,2035,-6.347656,25000000.000
10331,2036,-5.859375,25000000.000
10332,2034,-6.835938,25000000.000
10333,2033,-7.324219,25000000.000
10334,2033,-7.324219,25000000.000
10335,2034,-6.835938,25000000.000
10336,2037,-5.371094,25000000.000
10337,2038,-4.882812,25000000.000
10338,2038,-4.882812,25000000.000
10339,2037,-5.371094,25000000.000
10340,2042,-2.929688,25000000.000
10341,2041,-3.417969,25000000.000
10342,2045,-1.464844,25000000.000
10343,2044,-1.953125,25000000.000
10344,2048,0.000000,25000000.000
10345,2049,0.488281,25000000.000
10346,2052,1.953125,25000000.000
10347,2052,1.953125,25000000.000
10348,2053,2.441406,25000000.000
10349,2055,3.417969,25000000.000
10350,2056,3.906250,25000000.000
10351,2056,3.906250,25000000.000
10352,2057,4.394531,25000000.000
10353,2058,4.882812,25000000.000
10354,2059,5.371094,25000000.000
10355,2057,4.394531,25000000.000
10356,2058,4.882812,25000000.000
10357,2052,1.953125,25000000.000
10358,2062,6.835938,25000000.000
10359,2054,2.929688,25000000.000
10360,2050,0.976562,25000000.000
10361,2053,2.441406,25000000.000
10362,2046,-0.976562,25000000.000
10363,2048,0.000000,25000000.000
10364,2044,-1.953125,25000000.000
10365,2043,-2.441406,25000000.000
10366,2037,-5.371094,25000000.000
10367,2039,-4.394531,25000000.000
10368,2039,-4.394531,25000000.000
10369,2036,-5.859375,25000000.000
10370,2034,-6.835938,25000000.000
10371,2034,-6.835938,25000000.000
10372,2035,-6.347656,25000000.000
10373,2033,-7.324219,25000000.000
10374,2034,-6.835938,25000000.000
10375,2033,-7.324219,25000000.000
10376,2034,-6.835938,25000000.000
10377,2035,-6.347656,25000000.000
10378,2039,-4.394531,25000000.000
10379,2039,-4.394531,25000000.000
10380,2039,-4.394531,25000000.000
10381,2042,-2.929688,25000000.000
10382,2041,-3.417969,25000000.000
10383,2043,-2.441406,25000000.000
10384,2044,-1.953125,25000000.000
10385,2047,-0.488281,25000000.000
10386,2049,0.488281,25000000.000
10387,2049,0.488281,25000000.000
10388,2052,1.953125,25000000.000
10389,2054,2.929688,25000000.000
10390,2055,3.417969,25000000.000
10391,2055,3.417969,25000000.000
10392,2056,3.906250,25000000.000
10393,2057,4.394531,25000000.000
10394,2056,3.906250,25000000.000
10395,2057,4.394531,25000000.000
10396,2058,4.882812,25000000.000
10397,2055,3.417969,25000000.000
10398,2059,5.371094,25000000.000
10399,2058,4.882812,25000000.000
10400,2056,3.906250,25000000.000
10401,2050,0.976562,25000000.000
10402,2051,1.464844,25000000.000
10403,2055,3.417969,25000000.000
10404,2054,2.929688,25000000.000
10405,2040,-3.906250,25000000.000
10406,2044,-1.953125,25000000.000
10407,2045,-1.464844,25000000.000
10408,2042,-2.929688,25000000.000
10409,2037,-5.371094,25000000.000
10410,2038,-4.882812,25000000.000
10411,2037,-5.371094,25000000.000
10412,2036,-5.859375,25000000.000
10413,2034,-6.835938,25000000.000
10414,2033,-7.324219,25000000.000
10415,2035,-6.347656,25000000.000
10416,2033,-7.324219,25000000.000
10417,2036,-5.859375,25000000.000
10418,2035,-6.347656,25000000.000
10419,2036,-5.859375,25000000.000
10420,2038,-4.882812,25000000.000
10421,2039,-4.394531,25000000.000
10422,2041,-3.417969,25000000.000
10423,2040,-3.906250,25000000.000
10424,2043,-2.441406,25000000.000
10425,2045,-1.464844,25000000.000
10426,2048,0.000000,25000000.000
10427,2046,-0.976562,25000000.000
10428,2050,0.976562,25000000.000
10429,2053,2.441406,25000000.000
10430,2053,2.441406,25000000.000
10431,2054,2.929688,25000000.000
10432,2056,3.906250,25000000.000
10433,2057,4.394531,25000000.000
10434,2057,4.394531,25000000.000
10435,2057,4.394531,25000000.000
10436,2058,4.882812,25000000.000
10437,2056,3.906250,25000000.000
10438,2056,3.906250,25000000.000
10439,2056,3.906250,25000000.000
10440,2055,3.417969,25000000.000
10441,2053,2.441406,25000000.000
10442,2051,1.464844,25000000.000
10443,2051,1.464844,25000000.000
10444,2049,0.488281,25000000.000
10445,2046,-0.976562,25000000.000
10446,2043,-2.441406,25000000.000
10447,2044,-1.953125,25000000.000
10448,2042,-2.929688,25000000.000
10449,2041,-3.417969,25000000.000
10450,2037,-5.371094,25000000.000
10451,2036,-5.859375,25000000.000
10452,2034,-6.835938,25000000.000
10453,2035,-6.347656,25000000.000
10454,2035,-6.347656,25000000.000
10455,2033,-7.324219,25000000.000
10456,2032,-7.812500,25000000.000
10457,2033,-7.324219,25000000.000
10458,2032,-7.812500,25000000.000
10459,2032,-7.812500,25000000.000
10460,2036,-5.859375,25000000.000
10461,2036,-5.859375,25000000.000
10462,2037,-5.371094,25000000.000
10463,2036,-5.859375,25000000.000
10464,2039,-4.394531,25000000.000
10465,2042,-2.929688,25000000.000
10466,2043,-2.441406,25000000.000
10467,2043,-2.441406,25000000.000
10468,2049,0.488281,25000000.000
10469,2048,0.000000,25000000.000
10470,2052,1.953125,25000000.000
10471,2052,1.953125,25000000.000
10472,2055,3.417969,25000000.000
10473,2054,2.929688,25000000.000
10474,2057,4.394531,25000000.000
10475,2058,4.882812,25000000.000
10476,2057,4.394531,25000000.000
10477,2057,4.394531,25000000.000
10478,2056,3.906250,25000000.000
10479,2057,4.394531,25000000.000
10480,2055,3.417969,25000000.000
10481,2055,3.417969,25000000.000
10482,2053,2.441406,25000000.000
10483,2053,2.441406,25000000.000
10484,2049,0.488281,25000000.000
10485,2049,0.488281,25000000.000
10486,2046,-0.976562,25000000.000
10487,2043,-2.441406,25000000.000
10488,2041,-3.417969,25000000.000
10489,2042,-2.929688,25000000.000
10490,2039,-4.394531,25000000.000
10491,2037,-5.371094,25000000.000
10492,2035,-6.347656,25000000.000
10493,2035,-6.347656,25000000.000
10494,2034,-6.835938,25000000.000
10495,2032,-7.812500,25000000.000
10496,2033,-7.324219,25000000.000
10497,2034,-6.835938,25000000.000
10498,2033,-7.324219,25000000.000
10499,2033,-7.324219,25000000.000
10500,2033,-7.324219,25000000.000
10501,2036,-5.859375,25000000.000
10502,2033,-7.324219,25000000.000
10503,2033,-7.324219,25000000.000
10504,2046,-0.976562,25000000.000
10505,2038,-4.882812,25000000.000
10506,2045,-1.464844,25000000.000
10507,2046,-0.976562,25000000.000
10508,2048,0.000000,25000000.000
10509,2046,-0.976562,25000000.000
10510,2051,1.464844,25000000.000
10511,2051,1.464844,25000000.000
10512,2054,2.929688,25000000.000
10513,2054,2.929688,25000000.000
10514,2056,3.906250,25000000.000
10515,2056,3.906250,25000000.000
10516,2056,3.906250,25000000.000
10517,2057,4.394531,25000000.000
10518,2056,3.906250,25000000.000
10519,2057,4.394531,25000000.000
10520,2056,3.906250,25000000.000
10521,2056,3.906250,25000000.000
10522,2050,0.976562,25000000.000
10523,2052,1.953125,25000000.000
10524,2045,-1.464844,25000000.000
10525,2052,1.953125,25000000.000
10526,2047,-0.488281,25000000.000
10527,2049,0.488281,25000000.000
10528,2045,-1.464844,25000000.000
10529,2043,-2.441406,25000000.000
10530,2043,-2.441406,25000000.000
10531,2043,-2.441406,25000000.000
10532,2041,-3.417969,25000000.000
10533,2036,-5.859375,25000000.000
10534,2037,-5.371094,25000000.000
10535,2037,-5.371094,25000000.000
10536,2035,-6.347656,25000000.000
10537,2033,-7.324219,25000000.000
10538,2034,-6.835938,25000000.000
10539,2034,-6.835938,25000000.000
10540,2034,-6.835938,25000000.000
10541,2033,-7.324219,25000000.000
10542,2036,-5.859375,25000000.000
10543,2035,-6.347656,25000000.000
10544,2038,-4.882812,25000000.000
10545,2039,-4.394531,25000000.000
10546,2039,-4.394531,25000000.000
10547,2040,-3.906250,25000000.000
10548,2042,-2.929688,25000000.000
10549,2046,-0.976562,25000000.000
10550,2049,0.488281,25000000.000
10551,2050,0.976562,25000000.000
10552,2050,0.976562,25000000.000
10553,2053,2.441406,25000000.000
10554,2055,3.417969,25000000.000
10555,2055,3.417969,25000000.000
10556,2057,4.394531,25000000.000
10557,2058,4.882812,25000000.000
10558,2058,4.882812,25000000.000
10559,2057,4.394531,25000000.000
10560,2058,4.882812,25000000.000
10561,2057,4.394531,25000000.000
10562,2056,3.906250,25000000.000
10563,2056,3.906250,25000000.000
10564,2054,2.929688,25000000.000
10565,2052,1.953125,25000000.000
10566,2050,0.976562,25000000.000
10567,2051,1.464844,25000000.000
10568,2049,0.488281,25000000.000
10569,2044,-1.953125,25000000.000
10570,2043,-2.441406,25000000.000
10571,2044,-1.953125,25000000.000
10572,2040,-3.906250,25000000.000
10573,2038,-4.882812,25000000.000
10574,2037,-5.371094,25000000.000
10575,2038,-4.882812,25000000.000
10576,2034,-6.835938,25000000.000
10577,2032,-7.812500,25000000.000
10578,2033,-7.324219,25000000.000
10579,2033,-7.324219,25000000.000
10580,2033,-7.324219,25000000.000
10581,2034,-6.835938,25000000.000
10582,2035,-6.347656,25000000.000
10583,2035,-6.347656,25000000.000
10584,2035,-6.347656,25000000.000
10585,2039,-4.394531,25000000.000
10586,2039,-4.394531,25000000.000
10587,2040,-3.906250,25000000.000
10588,2043,-2.441406,25000000.000
10589,2046,-0.976562,25000000.000
10590,2046,-0.976562,25000000.000
10591,2045,-1.464844,25000000.000
10592,2050,0.976562,25000000.000
10593,2052,1.953125,25000000.000
10594,2052,1.953125,25000000.000
10595,2053,2.441406,25000000.000
10596,2055,3.417969,25000000.000
10597,2057,4.394531,25000000.000
10598,2058,4.882812,25000000.000
10599,2058,4.882812,25000000.000
10600,2060,5.859375,25000000.000
10601,2059,5.371094,25000000.000
10602,2055,3.417969,25000000.000
10603,2057,4.394531,25000000.000
10604,2060,5.859375,25000000.000
10605,2056,3.906250,25000000.000
10606,2054,2.929688,25000000.000
10607,2054,2.929688,25000000.000
10608,2049,0.488281,25000000.000
10609,2046,-0.976562,25000000.000
10610,2047,-0.488281,25000000.000
10611,2045,-1.464844,25000000.000
10612,2043,-2.441406,25000000.000
10613,2040,-3.906250,25000000.000
10614,2040,-3.906250,25000000.000
10615,2039,-4.394531,25000000.000
10616,2034,-6.835938,25000000.000
10617,2036,-5.859375,25000000.000
10618,2035,-6.347656,25000000.000
10619,2034,-6.835938,25000000.000
10620,2031,-8.300781,25000000.000
10621,2034,-6.835938,25000000.000
10622,2034,-6.835938,25000000.000
10623,2033,-7.324219,25000000.000
10624,2033,-7.324219,25000000.000
10625,2036,-5.859375,25000000.000
10626,2037,-5.371094,25000000.000
10627,2036,-5.859375,25000000.000
10628,2039,-4.394531,25000000.000
10629,2041,-3.417969,25000000.000
10630,2042,-2.929688,25000000.000
10631,2043,-2.441406,25000000.000
10632,2047,-0.488281,25000000.000
10633,2050,0.976562,25000000.000
10634,2050,0.976562,25000000.000
10635,2051,1.464844,25000000.000
10636,2054,2.929688,25000000.000
10637,2054,2.929688,25000000.000
10638,2056,3.906250,25000000.000
10639,2056,3.906250,25000000.000
10640,2057,4.394531,25000000.000
10641,2057,4.394531,25000000.000
10642,2057,4.394531,25000000.000
10643,2058,4.882812,25000000.000
10644,2055,3.417969,25000000.000
10645,2055,3.417969,25000000.000
10646,2055,3.417969,25000000.000
10647,2054,2.929688,25000000.000
10648,2050,0.976562,25000000.000
10649,2050,0.976562,25000000.000
10650,2049,0.488281,25000000.000
10651,2048,0.000000,25000000.000
10652,2043,-2.441406,25000000.000
10653,2043,-2.441406,25000000.000
10654,2041,-3.417969,25000000.000
10655,2041,-3.417969,25000000.000
10656,2037,-5.371094,25000000.000
10657,2036,-5.859375,25000000.000
10658,2036,-5.859375,25000000.000
10659,2035,-6.347656,25000000.000
10660,2033,-7.324219,25000000.000
10661,2033,-7.324219,25000000.000
10662,2032,-7.812500,25000000.000
10663,2032,-7.812500,25000000.000
10664,2030,-8.789062,25000000.000
10665,2035,-6.347656,25000000.000
10666,2032,-7.812500,25000000.000
10667,2030,-8.789062,25000000.000
10668,2038,-4.882812,25000000.000
10669,2038,-4.882812,25000000.000
10670,2041,-3.417969,25000000.000
10671,2040,-3.906250,25000000.000
10672,2045,-1.464844,25000000.000
10673,2045,-1.464844,25000000.000
10674,2049,0.488281,25000000.000
10675,2049,0.488281,25000000.000
10676,2051,1.464844,25000000.000
10677,2054,2.929688,25000000.000
10678,2055,3.417969,25000000.000
10679,2055,3.417969,25000000.000
10680,2056,3.906250,25000000.000
10681,2058,4.882812,25000000.000
10682,2058,4.882812,25000000.000
10683,2058,4.882812,25000000.000
10684,2056,3.906250,25000000.000
10685,2057,4.394531,25000000.000
10686,2056,3.906250,25000000.000
10687,2055,3.417969,25000000.000
10688,2053,2.441406,25000000.000
10689,2051,1.464844,25000000.000
10690,2049,0.488281,25000000.000
10691,2049,0.488281,25000000.000
10692,2047,-0.488281,25000000.000
10693,2045,-1.464844,25000000.000
10694,2042,-2.929688,25000000.000
10695,2043,-2.441406,25000000.000
10696,2038,-4.882812,25000000.000
10697,2038,-4.882812,25000000.000
10698,2034,-6.835938,25000000.000
10699,2034,-6.835938,25000000.000
10700,2035,-6.347656,25000000.000
10701,2033,-7.324219,25000000.000
10702,2033,-7.324219,25000000.000
10703,2035,-6.347656,25000000.000
10704,2039,-4.394531,25000000.000
10705,2027,-10.253906,25000000.000
10706,2035,-6.347656,25000000.000
10707,2030,-8.789062,25000000.000
10708,2036,-5.859375,25000000.000
10709,2037,-5.371094,25000000.000
10710,2042,-2.929688,25000000.000
10711,2040,-3.906250,25000000.000
10712,2041,-3.417969,25000000.000
10713,2047,-0.488281,25000000.000
10714,2049,0.488281,25000000.000
10715,2049,0.488281,25000000.000
10716,2049,0.488281,25000000.000
10717,2054,2.929688,25000000.000
10718,2054,2.929688,25000000.000
10719,2055,3.417969,25000000.000
10720,2056,3.906250,25000000.000
10721,2057,4.394531,25000000.000
10722,2055,3.417969,25000000.000
10723,2057,4.394531,25000000.000
10724,2058,4.882812,25000000.000
10725,2059,5.371094,25000000.000
10726,2056,3.906250,25000000.000
10727,2055,3.417969,25000000.000
10728,2055,3.417969,25000000.000
10729,2053,2.441406,25000000.000
10730,2051,1.464844,25000000.000
10731,2052,1.953125,25000000.000
10732,2049,0.488281,25000000.000
10733,2047,-0.488281,25000000.000
10734,2043,-2.441406,25000000.000
10735,2044,-1.953125,25000000.000
10736,2042,-2.929688,25000000.000
10737,2038,-4.882812,25000000.000
10738,2038,-4.882812,25000000.000
10739,2039,-4.394531,25000000.000
10740,2035,-6.347656,25000000.000
10741,2032,-7.812500,25000000.000
10742,2034,-6.835938,25000000.000
10743,2033,-7.324219,25000000.000
10744,2033,-7.324219,25000000.000
10745,2034,-6.835938,25000000.000
10746,2034,-6.835938,25000000.000
10747,2034,-6.835938,25000000.000
10748,2034,-6.835938,25000000.000
10749,2039,-4.394531,25000000.000
10750,2040,-3.906250,25000000.000
10751,2038,-4.882812,25000000.000
10752,2041,-3.417969,25000000.000
10753,2044,-1.953125,25000000.000
10754,2045,-1.464844,25000000.000
10755,2045,-1.464844,25000000.000
10756,2048,0.000000,25000000.000
10757,2051,1.464844,25000000.000
10758,2052,1.953125,25000000.000
10759,2052,1.953125,25000000.000
10760,2055,3.417969,25000000.000
10761,2056,3.906250,25000000.000
10762,2055,3.417969,25000000.000
10763,2057,4.394531,25000000.000
10764,2058,4.882812,25000000.000
10765,2059,5.371094,25000000.000
10766,2057,4.394531,25000000.000
10767,2058,4.882812,25000000.000
10768,2056,3.906250,25000000.000
10769,2054,2.929688,25000000.000
10770,2053,2.441406,25000000.000
10771,2054,2.929688,25000000.000
10772,2051,1.464844,25000000.000
10773,2047,-0.488281,25000000.000
10774,2047,-0.488281,25000000.000
10775,2046,-0.976562,25000000.000
10776,2044,-1.953125,25000000.000
10777,2042,-2.929688,25000000.000
10778,2039,-4.394531,25000000.000
10779,2040,-3.906250,25000000.000
10780,2035,-6.347656,25000000.000
10781,2037,-5.371094,25000000.000
10782,2035,-6.347656,25000000.000
10783,2035,-6.347656,25000000.000
10784,2033,-7.324219,25000000.000
10785,2036,-5.859375,25000000.000
10786,2034,-6.835938,25000000.000
10787,2035,-6.347656,25000000.000
10788,2034,-6.835938,25000000.000
10789,2036,-5.859375,25000000.000
10790,2036,-5.859375,25000000.000
10791,2037,-5.371094,25000000.000
10792,2040,-3.906250,25000000.000
10793,2042,-2.929688,25000000.000
10794,2044,-1.953125,25000000.000
10795,2042,-2.929688,25000000.000
10796,2047,-0.488281,25000000.000
10797,2050,0.976562,25000000.000
10798,2049,0.488281,25000000.000
10799,2051,1.464844,25000000.000
10800,2053,2.441406,25000000.000
10801,2055,3.417969,25000000.000
10802,2054,2.929688,25000000.000
10803,2055,3.417969,25000000.000
10804,2057,4.394531,25000000.000
10805,2055,3.417969,25000000.000
10806,2057,4.394531,25000000.000
10807,2058,4.882812,25000000.000
10808,2056,3.906250,25000000.000
10809,2054,2.929688,25000000.000
10810,2055,3.417969,25000000.000
10811,2054,2.929688,25000000.000
10812,2051,1.464844,25000000.000
10813,2050,0.976562,25000000.000
10814,2049,0.488281,25000000.000
10815,2047,-0.488281,25000000.000
10816,2044,-1.953125,25000000.000
10817,2045,-1.464844,25000000.000
10818,2042,-2.929688,25000000.000
10819,2041,-3.417969,25000000.000
10820,2037,-5.371094,25000000.000
10821,2036,-5.859375,25000000.000
10822,2036,-5.859375,25000000.000
10823,2035,-6.347656,25000000.000
10824,2034,-6.835938,25000000.000
10825,2032,-7.812500,25000000.000
10826,2033,-7.324219,25000000.000
10827,2032,-7.812500,25000000.000
10828,2033,-7.324219,25000000.000
10829,2034,-6.835938,25000000.000
10830,2035,-6.347656,25000000.000
10831,2034,-6.835938,25000000.000
10832,2038,-4.882812,25000000.000
10833,2039,-4.394531,25000000.000
10834,2040,-3.906250,25000000.000
10835,2041,-3.417969,25000000.000
10836,2045,-1.464844,25000000.000
10837,2045,-1.464844,25000000.000
10838,2047,-0.488281,25000000.000
10839,2047,-0.488281,25000000.000
10840,2052,1.953125,25000000.000
10841,2052,1.953125,25000000.000
10842,2055,3.417969,25000000.000
10843,2054,2.929688,25000000.000
10844,2056,3.906250,25000000.000
10845,2057,4.394531,25000000.000
10846,2057,4.394531,25000000.000
10847,2056,3.906250,25000000.000
10848,2056,3.906250,25000000.000
10849,2055,3.417969,25000000.000
10850,2056,3.906250,25000000.000
10851,2055,3.417969,25000000.000
10852,2053,2.441406,25000000.000
10853,2051,1.464844,25000000.000
10854,2050,0.976562,25000000.000
10855,2050,0.976562,25000000.000
10856,2047,-0.488281,25000000.000
10857,2046,-0.976562,25000000.000
10858,2043,-2.441406,25000000.000
10859,2042,-2.929688,25000000.000
10860,2041,-3.417969,25000000.000
10861,2040,-3.906250,25000000.000
10862,2036,-5.859375,25000000.000
10863,2035,-6.347656,25000000.000
10864,2035,-6.347656,25000000.000
10865,2033,-7.324219,25000000.000
10866,2033,-7.324219,25000000.000
10867,2033,-7.324219,25000000.000
10868,2034,-6.835938,25000000.000
10869,2033,-7.324219,25000000.000
10870,2035,-6.347656,25000000.000
10871,2036,-5.859375,25000000.000
10872,2038,-4.882812,25000000.000
10873,2036,-5.859375,25000000.000
10874,2040,-3.906250,25000000.000
10875,2039,-4.394531,25000000.000
10876,2041,-3.417969,25000000.000
10877,2041,-3.417969,25000000.000
10878,2047,-0.488281,25000000.000
10879,2047,-0.488281,25000000.000
10880,2050,0.976562,25000000.000
10881,2052,1.953125,25000000.000
10882,2054,2.929688,25000000.000
10883,2054,2.929688,25000000.000
10884,2054,2.929688,25000000.000
10885,2056,3.906250,25000000.000
10886,2056,3.906250,25000000.000
10887,2056,3.906250,25000000.000
10888,2055,3.417969,25000000.000
10889,2057,4.394531,25000000.000
10890,2057,4.394531,25000000.000
10891,2056,3.906250,25000000.000
10892,2054,2.929688,25000000.000
10893,2054,2.929688,25000000.000
10894,2051,1.464844,25000000.000
10895,2052,1.953125,25000000.000
10896,2050,0.976562,25000000.000
10897,2048,0.000000,25000000.000
10898,2045,-1.464844,25000000.000
10899,2046,-0.976562,25000000.000
10900,2043,-2.441406,25000000.000
10901,2039,-4.394531,25000000.000
10902,2039,-4.394531,25000000.000
10903,2039,-4.394531,25000000.000
10904,2036,-5.859375,25000000.000
10905,2034,-6.835938,25000000.000
10906,2035,-6.347656,25000000.000
10907,2034,-6.835938,25000000.000
10908,2034,-6.835938,25000000.000
10909,2035,-6.347656,25000000.000
10910,2034,-6.835938,25000000.000
10911,2035,-6.347656,25000000.000
10912,2035,-6.347656,25000000.000
10913,2037,-5.371094,25000000.000
10914,2038,-4.882812,25000000.000
10915,2038,-4.882812,25000000.000
10916,2041,-3.417969,25000000.000
10917,2042,-2.929688,25000000.000
10918,2045,-1.464844,25000000.000
10919,2045,-1.464844,25000000.000
10920,2048,0.000000,25000000.000
10921,2050,0.976562,25000000.000
10922,2053,2.441406,25000000.000
10923,2053,2.441406,25000000.000
10924,2055,3.417969,25000000.000
10925,2055,3.417969,25000000.000
10926,2054,2.929688,25000000.000
10927,2056,3.906250,25000000.000
10928,2058,4.882812,25000000.000
10929,2059,5.371094,25000000.000
10930,2054,2.929688,25000000.000
10931,2055,3.417969,25000000.000
10932,2057,4.394531,25000000.000
10933,2052,1.953125,25000000.000
10934,2052,1.953125,25000000.000
10935,2053,2.441406,25000000.000
10936,2051,1.464844,25000000.000
10937,2047,-0.488281,25000000.000
10938,2047,-0.488281,25000000.000
10939,2048,0.000000,25000000.000
10940,2045,-1.464844,25000000.000
10941,2043,-2.441406,25000000.000
10942,2040,-3.906250,25000000.000
10943,2040,-3.906250,25000000.000
10944,2037,-5.371094,25000000.000
10945,2039,-4.394531,25000000.000
10946,2037,-5.371094,25000000.000
10947,2036,-5.859375,25000000.000
10948,2034,-6.835938,25000000.000
10949,2034,-6.835938,25000000.000
10950,2036,-5.859375,25000000.000
10951,2037,-5.371094,25000000.000
10952,2034,-6.835938,25000000.000
10953,2035,-6.347656,25000000.000
10954,2038,-4.882812,25000000.000
10955,2037,-5.371094,25000000.000
10956,2039,-4.394531,25000000.000
10957,2041,-3.417969,25000000.000
10958,2044,-1.953125,25000000.000
10959,2044,-1.953125,25000000.000
10960,2046,-0.976562,25000000.000
10961,2049,0.488281,25000000.000
10962,2051,1.464844,25000000.000
10963,2051,1.464844,25000000.000
10964,2052,1.953125,25000000.000
10965,2054,2.929688,25000000.000
10966,2055,3.417969,25000000.000
10967,2056,3.906250,25000000.000
10968,2059,5.371094,25000000.000
10969,2057,4.394531,25000000.000
10970,2058,4.882812,25000000.000
10971,2058,4.882812,25000000.000
10972,2056,3.906250,25000000.000
10973,2056,3.906250,25000000.000
10974,2058,4.882812,25000000.000
10975,2056,3.906250,25000000.000
10976,2052,1.953125,25000000.000
10977,2050,0.976562,25000000.000
10978,2051,1.464844,25000000.000
10979,2050,0.976562,25000000.000
10980,2045,-1.464844,25000000.000
10981,2045,-1.464844,25000000.000
10982,2042,-2.929688,25000000.000
10983,2042,-2.929688,25000000.000
10984,2039,-4.394531,25000000.000
10985,2039,-4.394531,25000000.000
10986,2037,-5.371094,25000000.000
10987,2038,-4.882812,25000000.000
10988,2036,-5.859375,25000000.000
10989,2034,-6.835938,25000000.000
10990,2035,-6.347656,25000000.000
10991,2033,-7.324219,25000000.000
10992,2036,-5.859375,25000000.000
10993,2035,-6.347656,25000000.000
10994,2035,-6.347656,25000000.000
10995,2035,-6.347656,25000000.000
10996,2038,-4.882812,25000000.000
10997,2041,-3.417969,25000000.000
10998,2040,-3.906250,25000000.000
10999,2041,-3.417969,25000000.000
11000,2044,-1.953125,25000000.000
11001,2046,-0.976562,25000000.000
11002,2047,-0.488281,25000000.000
11003,2047,-0.488281,25000000.000
11004,2051,1.464844,25000000.000
11005,2051,1.464844,25000000.000
11006,2053,2.441406,25000000.000
11007,2053,2.441406,25000000.000
11008,2055,3.417969,25000000.000
11009,2056,3.906250,25000000.000
11010,2055,3.417969,25000000.000
11011,2056,3.906250,25000000.000
11012,2060,5.859375,25000000.000
11013,2054,2.929688,25000000.000
11014,2059,5.371094,25000000.000
11015,2058,4.882812,25000000.000
11016,2051,1.464844,25000000.000
11017,2052,1.953125,25000000.000
11018,2052,1.953125,25000000.000
11019,2051,1.464844,25000000.000
11020,2046,-0.976562,25000000.000
11021,2046,-0.976562,25000000.000
11022,2043,-2.441406,25000000.000
11023,2043,-2.441406,25000000.000
11024,2042,-2.929688,25000000.000
11025,2040,-3.906250,25000000.000
11026,2037,-5.371094,25000000.000
11027,2036,-5.859375,25000000.000
11028,2035,-6.347656,25000000.000
11029,2035,-6.347656,25000000.000
11030,2033,-7.324219,25000000.000
11031,2033,-7.324219,25000000.000
11032,2034,-6.835938,25000000.000
11033,2034,-6.835938,25000000.000
11034,2033,-7.324219,25000000.000
11035,2034,-6.835938,25000000.000
11036,2037,-5.371094,25000000.000
11037,2036,-5.859375,25000000.000
11038,2038,-4.882812,25000000.000
11039,2038,-4.882812,25000000.000
11040,2042,-2.929688,25000000.000
11041,2042,-2.929688,25000000.000
11042,2044,-1.953125,25000000.000
11043,2046,-0.976562,25000000.000
11044,2048,0.000000,25000000.000
11045,2051,1.464844,25000000.000
11046,2050,0.976562,25000000.000
11047,2051,1.464844,25000000.000
11048,2051,1.464844,25000000.000
11049,2059,5.371094,25000000.000
11050,2054,2.929688,25000000.000
11051,2061,6.347656,25000000.000
11052,2062,6.835938,25000000.000
11053,2053,2.441406,25000000.000
11054,2056,3.906250,25000000.000
11055,2053,2.441406,25000000.000
11056,2054,2.929688,25000000.000
11057,2054,2.929688,25000000.000
11058,2056,3.906250,25000000.000
11059,2053,2.441406,25000000.000
11060,2048,0.000000,25000000.000
11061,2049,0.488281,25000000.000
11062,2046,-0.976562,25000000.000
11063,2046,-0.976562,25000000.000
11064,2042,-2.929688,25000000.000
11065,2043,-2.441406,25000000.000
11066,2038,-4.882812,25000000.000
11067,2039,-4.394531,25000000.000
11068,2037,-5.371094,25000000.000
11069,2034,-6.835938,25000000.000
11070,2035,-6.347656,25000000.000
11071,2036,-5.859375,25000000.000
11072,2033,-7.324219,25000000.000
11073,2032,-7.812500,25000000.000
11074,2033,-7.324219,25000000.000
11075,2033,-7.324219,25000000.000
11076,2034,-6.835938,25000000.000
11077,2036,-5.859375,25000000.000
11078,2036,-5.859375,25000000.000
11079,2037,-5.371094,25000000.000
11080,2039,-4.394531,25000000.000
11081,2040,-3.906250,25000000.000
11082,2044,-1.953125,25000000.000
11083,2044,-1.953125,25000000.000
11084,2046,-0.976562,25000000.000
11085,2048,0.000000,25000000.000
11086,2049,0.488281,25000000.000
11087,2050,0.976562,25000000.000
11088,2054,2.929688,25000000.000
11089,2054,2.929688,25000000.000
11090,2055,3.417969,25000000.000
11091,2055,3.417969,25000000.000
11092,2056,3.906250,25000000.000
11093,2056,3.906250,25000000.000
11094,2055,3.417969,25000000.000
11095,2056,3.906250,25000000.000
11096,2056,3.906250,25000000.000
11097,2055,3.417969,25000000.000
11098,2052,1.953125,25000000.000
11099,2053,2.441406,25000000.000
11100,2052,1.953125,25000000.000
11101,2049,0.488281,25000000.000
11102,2048,0.000000,25000000.000
11103,2047,-0.488281,25000000.000
11104,2044,-1.953125,25000000.000
11105,2043,-2.441406,25000000.000
11106,2042,-2.929688,25000000.000
11107,2041,-3.417969,25000000.000
11108,2038,-4.882812,25000000.000
11109,2036,-5.859375,25000000.000
11110,2036,-5.859375,25000000.000
11111,2037,-5.371094,25000000.000
11112,2033,-7.324219,25000000.000
11113,2035,-6.347656,25000000.000
11114,2033,-7.324219,25000000.000
11115,2033,-7.324219,25000000.000
11116,2036,-5.859375,25000000.000
11117,2037,-5.371094,25000000.000
11118,2037,-5.371094,25000000.000
11119,2033,-7.324219,25000000.000
11120,2038,-4.882812,25000000.000
11121,2042,-2.929688,25000000.000
11122,2043,-2.441406,25000000.000
11123,2040,-3.906250,25000000.000
11124,2047,-0.488281,25000000.000
11125,2048,0.000000,25000000.000
11126,2050,0.976562,25000000.000
11127,2048,0.000000,25000000.000
11128,2051,1.464844,25000000.000
11129,2054,2.929688,25000000.000
11130,2053,2.441406,25000000.000
11131,2055,3.417969,25000000.000
11132,2057,4.394531,25000000.000
11133,2058,4.882812,25000000.000
11134,2057,4.394531,25000000.000
11135,2059,5.371094,25000000.000
11136,2058,4.882812,25000000.000
11137,2055,3.417969,25000000.000
11138,2056,3.906250,25000000.000
11139,2057,4.394531,25000000.000
11140,2056,3.906250,25000000.000
11141,2051,1.464844,25000000.000
11142,2051,1.464844,25000000.000
11143,2050,0.976562,25000000.000
11144,2049,0.488281,25000000.000
11145,2044,-1.953125,25000000.000
11146,2046,-0.976562,25000000.000
11147,2047,-0.488281,25000000.000
11148,2040,-3.906250,25000000.000
11149,2037,-5.371094,25000000.000
11150,2039,-4.394531,25000000.000
11151,2037,-5.371094,25000000.000
11152,2036,-5.859375,25000000.000
11153,2035,-6.347656,25000000.000
11154,2035,-6.347656,25000000.000
11155,2035,-6.347656,25000000.000
11156,2034,-6.835938,25000000.000
11157,2033,-7.324219,25000000.000
11158,2034,-6.835938,25000000.000
11159,2035,-6.347656,25000000.000
11160,2036,-5.859375,25000000.000
11161,2041,-3.417969,25000000.000
11162,2040,-3.906250,25000000.000
11163,2041,-3.417969,25000000.000
11164,2045,-1.464844,25000000.000
11165,2044,-1.953125,25000000.000
11166,2046,-0.976562,25000000.000
11167,2047,-0.488281,25000000.000
11168,2051,1.464844,25000000.000
11169,2051,1.464844,25000000.000
11170,2054,2.929688,25000000.000
11171,2056,3.906250,25000000.000
11172,2056,3.906250,25000000.000
11173,2057,4.394531,25000000.000
11174,2054,2.929688,25000000.000
11175,2054,2.929688,25000000.000
11176,2052,1.953125,25000000.000
11177,2060,5.859375,25000000.000
11178,2054,2.929688,25000000.000
11179,2056,3.906250,25000000.000
11180,2053,2.441406,25000000.000
11181,2055,3.417969,25000000.000
11182,2052,1.953125,25000000.000
11183,2053,2.441406,25000000.000
11184,2049,0.488281,25000000.000
11185,2046,-0.976562,25000000.000
11186,2044,-1.953125,25000000.000
11187,2044,-1.953125,25000000.000
11188,2041,-3.417969,25000000.000
11189,2042,-2.929688,25000000.000
11190,2039,-4.394531,25000000.000
11191,2038,-4.882812,25000000.000
11192,2036,-5.859375,25000000.000
11193,2035,-6.347656,25000000.000
11194,2034,-6.835938,25000000.000
11195,2033,-7.324219,25000000.000
11196,2034,-6.835938,25000000.000
11197,2033,-7.324219,25000000.000
11198,2033,-7.324219,25000000.000
11199,2033,-7.324219,25000000.000
11200,2038,-4.882812,25000000.000
11201,2035,-6.347656,25000000.000
11202,2038,-4.882812,25000000.000
11203,2038,-4.882812,25000000.000
11204,2041,-3.417969,25000000.000
11205,2043,-2.441406,25000000.000
11206,2045,-1.464844,25000000.000
11207,2044,-1.953125,25000000.000
11208,2050,0.976562,25000000.000
11209,2051,1.464844,25000000.000
11210,2052,1.953125,25000000.000
11211,2053,2.441406,25000000.000
11212,2054,2.929688,25000000.000
11213,2056,3.906250,25000000.000
11214,2055,3.417969,25000000.000
11215,2055,3.417969,25000000.000
11216,2057,4.394531,25000000.000
11217,2058,4.882812,25000000.000
11218,2058,4.882812,25000000.000
11219,2057,4.394531,25000000.000
11220,2056,3.906250,25000000.000
11221,2055,3.417969,25000000.000
11222,2054,2.929688,25000000.000
11223,2053,2.441406,25000000.000
11224,2051,1.464844,25000000.000
11225,2049,0.488281,25000000.000
11226,2047,-0.488281,25000000.000
11227,2046,-0.976562,25000000.000
11228,2043,-2.441406,25000000.000
11229,2042,-2.929688,25000000.000
11230,2040,-3.906250,25000000.000
11231,2040,-3.906250,25000000.000
11232,2036,-5.859375,25000000.000
11233,2034,-6.835938,25000000.000
11234,2033,-7.324219,25000000.000
11235,2034,-6.835938,25000000.000
11236,2034,-6.835938,25000000.000
11237,2031,-8.300781,25000000.000
11238,2034,-6.835938,25000000.000
11239,2034,-6.835938,25000000.000
11240,2033,-7.324219,25000000.000
11241,2033,-7.324219,25000000.000
11242,2036,-5.859375,25000000.000
11243,2037,-5.371094,25000000.000
11244,2037,-5.371094,25000000.000
11245,2040,-3.906250,25000000.000
11246,2041,-3.417969,25000000.000
11247,2043,-2.441406,25000000.000
11248,2045,-1.464844,25000000.000
11249,2048,0.000000,25000000.000
11250,2052,1.953125,25000000.000
11251,2050,0.976562,25000000.000
11252,2052,1.953125,25000000.000
11253,2054,2.929688,25000000.000
11254,2054,2.929688,25000000.000
11255,2054,2.929688,25000000.000
11256,2055,3.417969,25000000.000
11257,2060,5.859375,25000000.000
11258,2057,4.394531,25000000.000
11259,2055,3.417969,25000000.000
11260,2057,4.394531,25000000.000
11261,2054,2.929688,25000000.000
11262,2056,3.906250,25000000.000
11263,2055,3.417969,25000000.000
11264,2053,2.441406,25000000.000
11265,2048,0.000000,25000000.000
11266,2049,0.488281,25000000.000
11267,2049,0.488281,25000000.000
11268,2046,-0.976562,25000000.000
11269,2041,-3.417969,25000000.000
11270,2043,-2.441406,25000000.000
11271,2041,-3.417969,25000000.000
11272,2040,-3.906250,25000000.000
11273,2034,-6.835938,25000000.000
11274,2035,-6.347656,25000000.000
11275,2035,-6.347656,25000000.000
11276,2033,-7.324219,25000000.000
11277,2034,-6.835938,25000000.000
11278,2032,-7.812500,25000000.000
11279,2031,-8.300781,25000000.000
11280,2032,-7.812500,25000000.000
11281,2034,-6.835938,25000000.000
11282,2036,-5.859375,25000000.000
11283,2036,-5.859375,25000000.000
11284,2036,-5.859375,25000000.000
11285,2038,-4.882812,25000000.000
11286,2042,-2.929688,25000000.000
11287,2040,-3.906250,25000000.000
11288,2044,-1.953125,25000000.000
11289,2046,-0.976562,25000000.000
11290,2047,-0.488281,25000000.000
11291,2046,-0.976562,25000000.000
11292,2054,2.929688,25000000.000
11293,2053,2.441406,25000000.000
11294,2053,2.441406,25000000.000
11295,2053,2.441406,25000000.000
11296,2056,3.906250,25000000.000
11297,2056,3.906250,25000000.000
11298,2056,3.906250,25000000.000
11299,2058,4.882812,25000000.000
11300,2057,4.394531,25000000.000
11301,2056,3.906250,25000000.000
11302,2056,3.906250,25000000.000
11303,2056,3.906250,25000000.000
11304,2054,2.929688,25000000.000
11305,2052,1.953125,25000000.000
11306,2052,1.953125,25000000.000
11307,2051,1.464844,25000000.000
11308,2048,0.000000,25000000.000
11309,2045,-1.464844,25000000.000
11310,2044,-1.953125,25000000.000
11311,2045,-1.464844,25000000.000
11312,2038,-4.882812,25000000.000
11313,2040,-3.906250,25000000.000
11314,2036,-5.859375,25000000.000
11315,2038,-4.882812,25000000.000
11316,2034,-6.835938,25000000.000
11317,2035,-6.347656,25000000.000
11318,2035,-6.347656,25000000.000
11319,2033,-7.324219,25000000.000
11320,2033,-7.324219,25000000.000
11321,2034,-6.835938,25000000.000
11322,2036,-5.859375,25000000.000
11323,2035,-6.347656,25000000.000
11324,2037,-5.371094,25000000.000
11325,2038,-4.882812,25000000.000
11326,2039,-4.394531,25000000.000
11327,2038,-4.882812,25000000.000
11328,2042,-2.929688,25000000.000
11329,2044,-1.953125,25000000.000
11330,2045,-1.464844,25000000.000
11331,2046,-0.976562,25000000.000
11332,2050,0.976562,25000000.000
11333,2050,0.976562,25000000.000
11334,2053,2.441406,25000000.000
11335,2053,2.441406,25000000.000
11336,2054,2.929688,25000000.000
11337,2054,2.929688,25000000.000
11338,2057,4.394531,25000000.000
11339,2056,3.906250,25000000.000
11340,2057,4.394531,25000000.000
11341,2057,4.394531,25000000.000
11342,2057,4.394531,25000000.000
11343,2057,4.394531,25000000.000
11344,2056,3.906250,25000000.000
11345,2054,2.929688,25000000.000
11346,2053,2.441406,25000000.000
11347,2053,2.441406,25000000.000
11348,2050,0.976562,25000000.000
11349,2048,0.000000,25000000.000
11350,2048,0.000000,25000000.000
11351,2047,-0.488281,25000000.000
11352,2043,-2.441406,25000000.000
11353,2041,-3.417969,25000000.000
11354,2041,-3.417969,25000000.000
11355,2041,-3.417969,25000000.000
11356,2038,-4.882812,25000000.000
11357,2040,-3.906250,25000000.000
11358,2031,-8.300781,25000000.000
11359,2035,-6.347656,25000000.000
11360,2034,-6.835938,25000000.000
11361,2033,-7.324219,25000000.000
11362,2035,-6.347656,25000000.000
11363,2034,-6.835938,25000000.000
11364,2034,-6.835938,25000000.000
11365,2037,-5.371094,25000000.000
11366,2038,-4.882812,25000000.000
11367,2038,-4.882812,25000000.000
11368,2042,-2.929688,25000000.000
11369,2043,-2.441406,25000000.000
11370,2044,-1.953125,25000000.000
11371,2046,-0.976562,25000000.000
11372,2049,0.488281,25000000.000
11373,2047,-0.488281,25000000.000
11374,2052,1.953125,25000000.000
11375,2053,2.441406,25000000.000
11376,2054,2.929688,25000000.000
11377,2054,2.929688,25000000.000
11378,2056,3.906250,25000000.000
11379,2056,3.906250,25000000.000
11380,2056,3.906250,25000000.000
11381,2060,5.859375,25000000.000
11382,2057,4.394531,25000000.000
11383,2058,4.882812,25000000.000
11384,2056,3.906250,25000000.000
11385,2055,3.417969,25000000.000
11386,2054,2.929688,25000000.000
11387,2055,3.417969,25000000.000
11388,2052,1.953125,25000000.000
11389,2050,0.976562,25000000.000
11390,2048,0.000000,25000000.000
11391,2047,-0.488281,25000000.000
11392,2045,-1.464844,25000000.000
11393,2042,-2.929688,25000000.000
11394,2044,-1.953125,25000000.000
11395,2041,-3.417969,25000000.000
11396,2038,-4.882812,25000000.000
11397,2040,-3.906250,25000000.000
11398,2032,-7.812500,25000000.000
11399,2039,-4.394531,25000000.000
11400,2039,-4.394531,25000000.000
11401,2030,-8.789062,25000000.000
11402,2030,-8.789062,25000000.000
11403,2031,-8.300781,25000000.000
11404,2031,-8.300781,25000000.000
11405,2033,-7.324219,25000000.000
11406,2036,-5.859375,25000000.000
11407,2033,-7.324219,25000000.000
11408,2035,-6.347656,25000000.000
11409,2041,-3.417969,25000000.000
11410,2040,-3.906250,25000000.000
11411,2041,-3.417969,25000000.000
11412,2044,-1.953125,25000000.000
11413,2048,0.000000,25000000.000
11414,2048,0.000000,25000000.000
11415,2048,0.000000,25000000.000
11416,2051,1.464844,25000000.000
11417,2054,2.929688,25000000.000
11418,2054,2.929688,25000000.000
11419,2054,2.929688,25000000.000
11420,2056,3.906250,25000000.000
11421,2057,4.394531,25000000.000
11422,2056,3.906250,25000000.000
11423,2056,3.906250,25000000.000
11424,2058,4.882812,25000000.000
11425,2055,3.417969,25000000.000
11426,2055,3.417969,25000000.000
11427,2055,3.417969,25000000.000
11428,2051,1.464844,25000000.000
11429,2051,1.464844,25000000.000
11430,2049,0.488281,25000000.000
11431,2048,0.000000,25000000.000
11432,2047,-0.488281,25000000.000
11433,2045,-1.464844,25000000.000
11434,2043,-2.441406,25000000.000
11435,2043,-2.441406,25000000.000
11436,2040,-3.906250,25000000.000
11437,2036,-5.859375,25000000.000
11438,2036,-5.859375,25000000.000
11439,2038,-4.882812,25000000.000
11440,2034,-6.835938,25000000.000
11441,2030,-8.789062,25000000.000
11442,2030,-8.789062,25000000.000
11443,2031,-8.300781,25000000.000
11444,2033,-7.324219,25000000.000
11445,2035,-6.347656,25000000.000
11446,2035,-6.347656,25000000.000
11447,2035,-6.347656,25000000.000
11448,2036,-5.859375,25000000.000
11449,2038,-4.882812,25000000.000
11450,2040,-3.906250,25000000.000
11451,2038,-4.882812,25000000.000
11452,2043,-2.441406,25000000.000
11453,2046,-0.976562,25000000.000
11454,2043,-2.441406,25000000.000
11455,2046,-0.976562,25000000.000
11456,2050,0.976562,25000000.000
11457,2052,1.953125,25000000.000
11458,2056,3.906250,25000000.000
11459,2052,1.953125,25000000.000
11460,2058,4.882812,25000000.000
11461,2055,3.417969,25000000.000
11462,2057,4.394531,25000000.000
11463,2055,3.417969,25000000.000
11464,2057,4.394531,25000000.000
11465,2058,4.882812,25000000.000
11466,2055,3.417969,25000000.000
11467,2055,3.417969,25000000.000
11468,2054,2.929688,25000000.000
11469,2053,2.441406,25000000.000
11470,2052,1.953125,25000000.000
11471,2051,1.464844,25000000.000
11472,2048,0.000000,25000000.000
11473,2046,-0.976562,25000000.000
11474,2044,-1.953125,25000000.000
11475,2044,-1.953125,25000000.000
11476,2039,-4.394531,25000000.000
11477,2040,-3.906250,25000000.000
11478,2037,-5.371094,25000000.000
11479,2037,-5.371094,25000000.000
11480,2034,-6.835938,25000000.000
11481,2035,-6.347656,25000000.000
11482,2034,-6.835938,25000000.000
11483,2033,-7.324219,25000000.000
11484,2032,-7.812500,25000000.000
11485,2034,-6.835938,25000000.000
11486,2034,-6.835938,25000000.000
11487,2034,-6.835938,25000000.000
11488,2036,-5.859375,25000000.000
11489,2035,-6.347656,25000000.000
11490,2038,-4.882812,25000000.000
11491,2038,-4.882812,25000000.000
11492,2043,-2.441406,25000000.000
11493,2044,-1.953125,25000000.000
11494,2046,-0.976562,25000000.000
11495,2044,-1.953125,25000000.000
11496,2049,0.488281,25000000.000
11497,2052,1.953125,25000000.000
11498,2053,2.441406,25000000.000
11499,2053,2.441406,25000000.000
11500,2054,2.929688,25000000.000
11501,2055,3.417969,25000000.000
11502,2056,3.906250,25000000.000
11503,2058,4.882812,25000000.000
11504,2058,4.882812,25000000.000
11505,2055,3.417969,25000000.000
11506,2058,4.882812,25000000.000
11507,2056,3.906250,25000000.000
11508,2055,3.417969,25000000.000
11509,2053,2.441406,25000000.000
11510,2054,2.929688,25000000.000
11511,2054,2.929688,25000000.000
11512,2050,0.976562,25000000.000
11513,2048,0.000000,25000000.000
11514,2045,-1.464844,25000000.000
11515,2047,-0.488281,25000000.000
11516,2042,-2.929688,25000000.000
11517,2041,-3.417969,25000000.000
11518,2040,-3.906250,25000000.000
11519,2039,-4.394531,25000000.000
11520,2037,-5.371094,25000000.000
11521,2035,-6.347656,25000000.000
11522,2035,-6.347656,25000000.000
11523,2035,-6.347656,25000000.000
11524,2036,-5.859375,25000000.000
11525,2034,-6.835938,25000000.000
11526,2033,-7.324219,25000000.000
11527,2034,-6.835938,25000000.000
11528,2036,-5.859375,25000000.000
11529,2037,-5.371094,25000000.000
11530,2037,-5.371094,25000000.000
11531,2038,-4.882812,25000000.000
11532,2039,-4.394531,25000000.000
11533,2043,-2.441406,25000000.000
11534,2044,-1.953125,25000000.000
11535,2045,-1.464844,25000000.000
11536,2046,-0.976562,25000000.000
11537,2048,0.000000,25000000.000
11538,2052,1.953125,25000000.000
11539,2052,1.953125,25000000.000
11540,2053,2.441406,25000000.000
11541,2052,1.953125,25000000.000
11542,2057,4.394531,25000000.000
11543,2057,4.394531,25000000.000
11544,2056,3.906250,25000000.000
11545,2057,4.394531,25000000.000
11546,2057,4.394531,25000000.000
11547,2058,4.882812,25000000.000
11548,2055,3.417969,25000000.000
11549,2056,3.906250,25000000.000
11550,2056,3.906250,25000000.000
11551,2056,3.906250,25000000.000
11552,2052,1.953125,25000000.000
11553,2050,0.976562,25000000.000
11554,2049,0.488281,25000000.000
11555,2049,0.488281,25000000.000
11556,2045,-1.464844,25000000.000
11557,2043,-2.441406,25000000.000
11558,2042,-2.929688,25000000.000
11559,2040,-3.906250,25000000.000
11560,2039,-4.394531,25000000.000
11561,2038,-4.882812,25000000.000
11562,2034,-6.835938,25000000.000
11563,2035,-6.347656,25000000.000
11564,2035,-6.347656,25000000.000
11565,2034,-6.835938,25000000.000
11566,2032,-7.812500,25000000.000
11567,2033,-7.324219,25000000.000
11568,2035,-6.347656,25000000.000
11569,2034,-6.835938,25000000.000
11570,2036,-5.859375,25000000.000
11571,2036,-5.859375,25000000.000
11572,2038,-4.882812,25000000.000
11573,2040,-3.906250,25000000.000
11574,2043,-2.441406,25000000.000
11575,2042,-2.929688,25000000.000
11576,2043,-2.441406,25000000.000
11577,2046,-0.976562,25000000.000
11578,2050,0.976562,25000000.000
11579,2050,0.976562,25000000.000
11580,2053,2.441406,25000000.000
11581,2055,3.417969,25000000.000
11582,2055,3.417969,25000000.000
11583,2056,3.906250,25000000.000
11584,2056,3.906250,25000000.000
11585,2058,4.882812,25000000.000
11586,2058,4.882812,25000000.000
11587,2057,4.394531,25000000.000
11588,2057,4.394531,25000000.000
11589,2057,4.394531,25000000.000
11590,2056,3.906250,25000000.000
11591,2056,3.906250,25000000.000
11592,2054,2.929688,25000000.000
11593,2053,2.441406,25000000.000
11594,2050,0.976562,25000000.000
11595,2050,0.976562,25000000.000
11596,2048,0.000000,25000000.000
11597,2046,-0.976562,25000000.000
11598,2043,-2.441406,25000000.000
11599,2045,-1.464844,25000000.000
11600,2041,-3.417969,25000000.000
11601,2036,-5.859375,25000000.000
11602,2038,-4.882812,25000000.000
11603,2038,-4.882812,25000000.000
11604,2035,-6.347656,25000000.000
11605,2033,-7.324219,25000000.000
11606,2034,-6.835938,25000000.000
11607,2034,-6.835938,25000000.000
11608,2033,-7.324219,25000000.000
11609,2033,-7.324219,25000000.000
11610,2036,-5.859375,25000000.000
11611,2036,-5.859375,25000000.000
11612,2037,-5.371094,25000000.000
11613,2038,-4.882812,25000000.000
11614,2038,-4.882812,25000000.000
11615,2039,-4.394531,25000000.000
11616,2042,-2.929688,25000000.000
11617,2046,-0.976562,25000000.000
11618,2048,0.000000,25000000.000
11619,2047,-0.488281,25000000.000
11620,2050,0.976562,25000000.000
11621,2052,1.953125,25000000.000
11622,2052,1.953125,25000000.000
11623,2052,1.953125,25000000.000
11624,2057,4.394531,25000000.000
11625,2056,3.906250,25000000.000
11626,2056,3.906250,25000000.000
11627,2054,2.929688,25000000.000
11628,2053,2.441406,25000000.000
11629,2057,4.394531,25000000.000
11630,2057,4.394531,25000000.000
11631,2055,3.417969,25000000.000
11632,2055,3.417969,25000000.000
11633,2053,2.441406,25000000.000
11634,2052,1.953125,25000000.000
11635,2054,2.929688,25000000.000
11636,2049,0.488281,25000000.000
11637,2045,-1.464844,25000000.000
11638,2044,-1.953125,25000000.000
11639,2044,-1.953125,25000000.000
11640,2040,-3.906250,25000000.000
11641,2039,-4.394531,25000000.000
11642,2036,-5.859375,25000000.000
11643,2036,-5.859375,25000000.000
11644,2036,-5.859375,25000000.000
11645,2035,-6.347656,25000000.000
11646,2033,-7.324219,25000000.000
11647,2033,-7.324219,25000000.000
11648,2032,-7.812500,25000000.000
11649,2033,-7.324219,25000000.000
11650,2033,-7.324219,25000000.000
11651,2034,-6.835938,25000000.000
11652,2035,-6.347656,25000000.000
11653,2037,-5.371094,25000000.000
11654,2038,-4.882812,25000000.000
11655,2038,-4.882812,25000000.000
11656,2041,-3.417969,25000000.000
11657,2043,-2.441406,25000000.000
11658,2043,-2.441406,25000000.000
11659,2043,-2.441406,25000000.000
11660,2047,-0.488281,25000000.000
11661,2050,0.976562,25000000.000
11662,2050,0.976562,25000000.000
11663,2050,0.976562,25000000.000
11664,2054,2.929688,25000000.000
11665,2054,2.929688,25000000.000
11666,2054,2.929688,25000000.000
11667,2055,3.417969,25000000.000
11668,2057,4.394531,25000000.000
11669,2056,3.906250,25000000.000
11670,2057,4.394531,25000000.000
11671,2057,4.394531,25000000.000
11672,2055,3.417969,25000000.000
11673,2053,2.441406,25000000.000
11674,2052,1.953125,25000000.000
11675,2052,1.953125,25000000.000
11676,2051,1.464844,25000000.000
11677,2050,0.976562,25000000.000
11678,2046,-0.976562,25000000.000
11679,2047,-0.488281,25000000.000
11680,2043,-2.441406,25000000.000
11681,2042,-2.929688,25000000.000
11682,2040,-3.906250,25000000.000
11683,2040,-3.906250,25000000.000
11684,2037,-5.371094,25000000.000
11685,2036,-5.859375,25000000.000
11686,2036,-5.859375,25000000.000
11687,2035,-6.347656,25000000.000
11688,2034,-6.835938,25000000.000
11689,2035,-6.347656,25000000.000
11690,2034,-6.835938,25000000.000
11691,2032,-7.812500,25000000.000
11692,2034,-6.835938,25000000.000
11693,2036,-5.859375,25000000.000
11694,2036,-5.859375,25000000.000
11695,2036,-5.859375,25000000.000
11696,2040,-3.906250,25000000.000
11697,2041,-3.417969,25000000.000
11698,2042,-2.929688,25000000.000
11699,2043,-2.441406,25000000.000
11700,2048,0.000000,25000000.000
11701,2048,0.000000,25000000.000
11702,2050,0.976562,25000000.000
11703,2050,0.976562,25000000.000
11704,2050,0.976562,25000000.000
11705,2056,3.906250,25000000.000
11706,2057,4.394531,25000000.000
11707,2057,4.394531,25000000.000
11708,2057,4.394531,25000000.000
11709,2058,4.882812,25000000.000
11710,2058,4.882812,25000000.000
11711,2058,4.882812,25000000.000
11712,2056,3.906250,25000000.000
11713,2056,3.906250,25000000.000
11714,2055,3.417969,25000000.000
11715,2056,3.906250,25000000.000
11716,2052,1.953125,25000000.000
11717,2053,2.441406,25000000.000
11718,2050,0.976562,25000000.000
11719,2049,0.488281,25000000.000
11720,2047,-0.488281,25000000.000
11721,2043,-2.441406,25000000.000
11722,2042,-2.929688,25000000.000
11723,2041,-3.417969,25000000.000
11724,2036,-5.859375,25000000.000
11725,2037,-5.371094,25000000.000
11726,2036,-5.859375,25000000.000
11727,2034,-6.835938,25000000.000
11728,2034,-6.835938,25000000.000
11729,2033,-7.324219,25000000.000
11730,2032,-7.812500,25000000.000
11731,2033,-7.324219,25000000.000
11732,2035,-6.347656,25000000.000
11733,2034,-6.835938,25000000.000
11734,2037,-5.371094,25000000.000
11735,2037,-5.371094,25000000.000
11736,2038,-4.882812,25000000.000
11737,2039,-4.394531,25000000.000
11738,2041,-3.417969,25000000.000
11739,2041,-3.417969,25000000.000
11740,2044,-1.953125,25000000.000
11741,2044,-1.953125,25000000.000
11742,2053,2.441406,25000000.000
11743,2050,0.976562,25000000.000
11744,2048,0.000000,25000000.000
11745,2059,5.371094,25000000.000
11746,2053,2.441406,25000000.000
11747,2058,4.882812,25000000.000
11748,2059,5.371094,25000000.000
11749,2058,4.882812,25000000.000
11750,2057,4.394531,25000000.000
11751,2058,4.882812,25000000.000
11752,2058,4.882812,25000000.000
11753,2055,3.417969,25000000.000
11754,2057,4.394531,25000000.000
11755,2054,2.929688,25000000.000
11756,2053,2.441406,25000000.000
11757,2054,2.929688,25000000.000
11758,2052,1.953125,25000000.000
11759,2051,1.464844,25000000.000
11760,2049,0.488281,25000000.000
11761,2047,-0.488281,25000000.000
11762,2043,-2.441406,25000000.000
11763,2044,-1.953125,25000000.000
11764,2043,-2.441406,25000000.000
11765,2039,-4.394531,25000000.000
11766,2037,-5.371094,25000000.000
11767,2039,-4.394531,25000000.000
11768,2037,-5.371094,25000000.000
11769,2034,-6.835938,25000000.000
11770,2035,-6.347656,25000000.000
11771,2035,-6.347656,25000000.000
11772,2034,-6.835938,25000000.000
11773,2032,-7.812500,25000000.000
11774,2033,-7.324219,25000000.000
11775,2034,-6.835938,25000000.000
11776,2036,-5.859375,25000000.000
11777,2038,-4.882812,25000000.000
11778,2037,-5.371094,25000000.000
11779,2041,-3.417969,25000000.000
11780,2041,-3.417969,25000000.000
11781,2045,-1.464844,25000000.000
11782,2048,0.000000,25000000.000
11783,2047,-0.488281,25000000.000
11784,2050,0.976562,25000000.000
11785,2050,0.976562,25000000.000
11786,2052,1.953125,25000000.000
11787,2052,1.953125,25000000.000
11788,2055,3.417969,25000000.000
11789,2057,4.394531,25000000.000
11790,2056,3.906250,25000000.000
11791,2055,3.417969,25000000.000
11792,2057,4.394531,25000000.000
11793,2058,4.882812,25000000.000
11794,2055,3.417969,25000000.000
11795,2056,3.906250,25000000.000
11796,2053,2.441406,25000000.000
11797,2054,2.929688,25000000.000
11798,2052,1.953125,25000000.000
11799,2053,2.441406,25000000.000
11800,2050,0.976562,25000000.000
11801,2046,-0.976562,25000000.000
11802,2046,-0.976562,25000000.000
11803,2046,-0.976562,25000000.000
11804,2042,-2.929688,25000000.000
11805,2039,-4.394531,25000000.000
11806,2039,-4.394531,25000000.000
11807,2038,-4.882812,25000000.000
11808,2035,-6.347656,25000000.000
11809,2034,-6.835938,25000000.000
11810,2034,-6.835938,25000000.000
11811,2034,-6.835938,25000000.000
11812,2033,-7.324219,25000000.000
11813,2034,-6.835938,25000000.000
11814,2033,-7.324219,25000000.000
11815,2034,-6.835938,25000000.000
11816,2034,-6.835938,25000000.000
11817,2036,-5.859375,25000000.000
11818,2038,-4.882812,25000000.000
11819,2038,-4.882812,25000000.000
11820,2039,-4.394531,25000000.000
11821,2042,-2.929688,25000000.000
11822,2043,-2.441406,25000000.000
11823,2043,-2.441406,25000000.000
11824,2046,-0.976562,25000000.000
11825,2050,0.976562,25000000.000
11826,2049,0.488281,25000000.000
11827,2050,0.976562,25000000.000
11828,2053,2.441406,25000000.000
11829,2054,2.929688,25000000.000
11830,2054,2.929688,25000000.000
11831,2055,3.417969,25000000.000
11832,2058,4.882812,25000000.000
11833,2056,3.906250,25000000.000
11834,2057,4.394531,25000000.000
11835,2057,4.394531,25000000.000
11836,2056,3.906250,25000000.000
11837,2053,2.441406,25000000.000
11838,2055,3.417969,25000000.000
11839,2053,2.441406,25000000.000
11840,2053,2.441406,25000000.000
11841,2049,0.488281,25000000.000
11842,2049,0.488281,25000000.000
11843,2050,0.976562,25000000.000
11844,2042,-2.929688,25000000.000
11845,2044,-1.953125,25000000.000
11846,2042,-2.929688,25000000.000
11847,2041,-3.417969,25000000.000
11848,2037,-5.371094,25000000.000
11849,2037,-5.371094,25000000.000
11850,2036,-5.859375,25000000.000
11851,2035,-6.347656,25000000.000
11852,2034,-6.835938,25000000.000
11853,2034,-6.835938,25000000.000
11854,2033,-7.324219,25000000.000
11855,2033,-7.324219,25000000.000
11856,2037,-5.371094,25000000.000
11857,2035,-6.347656,25000000.000
11858,2035,-6.347656,25000000.000
11859,2035,-6.347656,25000000.000
11860,2039,-4.394531,25000000.000
11861,2041,-3.417969,25000000.000
11862,2040,-3.906250,25000000.000
11863,2041,-3.417969,25000000.000
11864,2044,-1.953125,25000000.000
11865,2048,0.000000,25000000.000
11866,2049,0.488281,25000000.000
11867,2048,0.000000,25000000.000
11868,2053,2.441406,25000000.000
11869,2052,1.953125,25000000.000
11870,2056,3.906250,25000000.000
11871,2055,3.417969,25000000.000
11872,2057,4.394531,25000000.000
11873,2056,3.906250,25000000.000
11874,2057,4.394531,25000000.000
11875,2057,4.394531,25000000.000
11876,2057,4.394531,25000000.000
11877,2056,3.906250,25000000.000
11878,2055,3.417969,25000000.000
11879,2055,3.417969,25000000.000
11880,2052,1.953125,25000000.000
11881,2052,1.953125,25000000.000
11882,2052,1.953125,25000000.000
11883,2051,1.464844,25000000.000
11884,2048,0.000000,25000000.000
11885,2045,-1.464844,25000000.000
11886,2044,-1.953125,25000000.000
11887,2044,-1.953125,25000000.000
11888,2041,-3.417969,25000000.000
11889,2039,-4.394531,25000000.000
11890,2037,-5.371094,25000000.000
11891,2037,-5.371094,25000000.000
11892,2035,-6.347656,25000000.000
11893,2034,-6.835938,25000000.000
11894,2033,-7.324219,25000000.000
11895,2033,-7.324219,25000000.000
11896,2035,-6.347656,25000000.000
11897,2035,-6.347656,25000000.000
11898,2035,-6.347656,25000000.000
11899,2036,-5.859375,25000000.000
11900,2038,-4.882812,25000000.000
11901,2037,-5.371094,25000000.000
11902,2040,-3.906250,25000000.000
11903,2040,-3.906250,25000000.000
11904,2042,-2.929688,25000000.000
11905,2045,-1.464844,25000000.000
11906,2048,0.000000,25000000.000
11907,2047,-0.488281,25000000.000
11908,2052,1.953125,25000000.000
11909,2052,1.953125,25000000.000
11910,2053,2.441406,25000000.000
11911,2053,2.441406,25000000.000
11912,2055,3.417969,25000000.000
11913,2058,4.882812,25000000.000
11914,2057,4.394531,25000000.000
11915,2058,4.882812,25000000.000
11916,2056,3.906250,25000000.000
11917,2059,5.371094,25000000.000
11918,2057,4.394531,25000000.000
11919,2057,4.394531,25000000.000
11920,2056,3.906250,25000000.000
11921,2053,2.441406,25000000.000
11922,2052,1.953125,25000000.000
11923,2051,1.464844,25000000.000
11924,2049,0.488281,25000000.000
11925,2048,0.000000,25000000.000
11926,2044,-1.953125,25000000.000
11927,2043,-2.441406,25000000.000
11928,2042,-2.929688,25000000.000
11929,2041,-3.417969,25000000.000
11930,2038,-4.882812,25000000.000
11931,2038,-4.882812,25000000.000
11932,2036,-5.859375,25000000.000
11933,2034,-6.835938,25000000.000
11934,2034,-6.835938,25000000.000
11935,2034,-6.835938,25000000.000
11936,2033,-7.324219,25000000.000
11937,2033,-7.324219,25000000.000
11938,2034,-6.835938,25000000.000
11939,2034,-6.835938,25000000.000
11940,2035,-6.347656,25000000.000
11941,2035,-6.347656,25000000.000
11942,2037,-5.371094,25000000.000
11943,2037,-5.371094,25000000.000
11944,2039,-4.394531,25000000.000
11945,2043,-2.441406,25000000.000
11946,2046,-0.976562,25000000.000
11947,2046,-0.976562,25000000.000
11948,2047,-0.488281,25000000.000
11949,2051,1.464844,25000000.000
11950,2053,2.441406,25000000.000
11951,2052,1.953125,25000000.000
11952,2055,3.417969,25000000.000
11953,2056,3.906250,25000000.000
11954,2057,4.394531,25000000.000
11955,2056,3.906250,25000000.000
11956,2058,4.882812,25000000.000
11957,2058,4.882812,25000000.000
11958,2058,4.882812,25000000.000
11959,2057,4.394531,25000000.000
11960,2055,3.417969,25000000.000
11961,2055,3.417969,25000000.000
11962,2052,1.953125,25000000.000
11963,2054,2.929688,25000000.000
11964,2050,0.976562,25000000.000
11965,2049,0.488281,25000000.000
11966,2047,-0.488281,25000000.000
11967,2047,-0.488281,25000000.000
11968,2044,-1.953125,25000000.000
11969,2041,-3.417969,25000000.000
11970,2040,-3.906250,25000000.000
11971,2041,-3.417969,25000000.000
11972,2036,-5.859375,25000000.000
11973,2034,-6.835938,25000000.000
11974,2036,-5.859375,25000000.000
11975,2034,-6.835938,25000000.000
11976,2033,-7.324219,25000000.000
11977,2033,-7.324219,25000000.000
11978,2034,-6.835938,25000000.000
11979,2034,-6.835938,25000000.000
11980,2034,-6.835938,25000000.000
11981,2035,-6.347656,25000000.000
11982,2036,-5.859375,25000000.000
11983,2037,-5.371094,25000000.000
11984,2040,-3.906250,25000000.000
11985,2042,-2.929688,25000000.000
11986,2044,-1.953125,25000000.000
11987,2043,-2.441406,25000000.000
11988,2046,-0.976562,25000000.000
11989,2048,0.000000,25000000.000
11990,2050,0.976562,25000000.000
11991,2049,0.488281,25000000.000
11992,2052,1.953125,25000000.000
11993,2055,3.417969,25000000.000
11994,2054,2.929688,25000000.000
11995,2055,3.417969,25000000.000
11996,2057,4.394531,25000000.000
11997,2056,3.906250,25000000.000
11998,2055,3.417969,25000000.000
11999,2057,4.394531,25000000.000
12000,2060,5.859375,25000000.000
12001,2056,3.906250,25000000.000
12002,2056,3.906250,25000000.000
12003,2055,3.417969,25000000.000
12004,2050,0.976562,25000000.000
12005,2048,0.000000,25000000.000
12006,2048,0.000000,25000000.000
12007,2047,-0.488281,25000000.000
12008,2045,-1.464844,25000000.000
12009,2044,-1.953125,25000000.000
12010,2041,-3.417969,25000000.000
12011,2042,-2.929688,25000000.000
12012,2038,-4.882812,25000000.000
12013,2037,-5.371094,25000000.000
12014,2035,-6.347656,25000000.000
12015,2035,-6.347656,25000000.000
12016,2034,-6.835938,25000000.000
12017,2033,-7.324219,25000000.000
12018,2034,-6.835938,25000000.000
12019,2031,-8.300781,25000000.000
12020,2034,-6.835938,25000000.000
12021,2034,-6.835938,25000000.000
12022,2036,-5.859375,25000000.000
12023,2034,-6.835938,25000000.000
12024,2037,-5.371094,25000000.000
12025,2039,-4.394531,25000000.000
12026,2040,-3.906250,25000000.000
12027,2040,-3.906250,25000000.000
12028,2044,-1.953125,25000000.000
12029,2047,-0.488281,25000000.000
12030,2047,-0.488281,25000000.000
12031,2048,0.000000,25000000.000
12032,2051,1.464844,25000000.000
12033,2051,1.464844,25000000.000
12034,2054,2.929688,25000000.000
12035,2053,2.441406,25000000.000
12036,2056,3.906250,25000000.000
12037,2056,3.906250,25000000.000
12038,2057,4.394531,25000000.000
12039,2056,3.906250,25000000.000
12040,2056,3.906250,25000000.000
12041,2055,3.417969,25000000.000
12042,2057,4.394531,25000000.000
12043,2057,4.394531,25000000.000
12044,2052,1.953125,25000000.000
12045,2053,2.441406,25000000.000
12046,2052,1.953125,25000000.000
12047,2051,1.464844,25000000.000
12048,2046,-0.976562,25000000.000
12049,2047,-0.488281,25000000.000
12050,2045,-1.464844,25000000.000
12051,2045,-1.464844,25000000.000
12052,2039,-4.394531,25000000.000
12053,2039,-4.394531,25000000.000
12054,2036,-5.859375,25000000.000
12055,2036,-5.859375,25000000.000
12056,2035,-6.347656,25000000.000
12057,2034,-6.835938,25000000.000
12058,2033,-7.324219,25000000.000
12059,2032,-7.812500,25000000.000
12060,2034,-6.835938,25000000.000
12061,2033,-7.324219,25000000.000
12062,2032,-7.812500,25000000.000
12063,2032,-7.812500,25000000.000
12064,2035,-6.347656,25000000.000
12065,2036,-5.859375,25000000.000
12066,2038,-4.882812,25000000.000
12067,2038,-4.882812,25000000.000
12068,2042,-2.929688,25000000.000
12069,2044,-1.953125,25000000.000
12070,2044,-1.953125,25000000.000
12071,2047,-0.488281,25000000.000
12072,2051,1.464844,25000000.000
12073,2042,-2.929688,25000000.000
12074,2053,2.441406,25000000.000
12075,2055,3.417969,25000000.000
12076,2061,6.347656,25000000.000
12077,2055,3.417969,25000000.000
12078,2056,3.906250,25000000.000
12079,2057,4.394531,25000000.000
12080,2056,3.906250,25000000.000
12081,2059,5.371094,25000000.000
12082,2057,4.394531,25000000.000
12083,2057,4.394531,25000000.000
12084,2055,3.417969,25000000.000
12085,2054,2.929688,25000000.000
12086,2052,1.953125,25000000.000
12087,2050,0.976562,25000000.000
12088,2047,-0.488281,25000000.000
12089,2049,0.488281,25000000.000
12090,2046,-0.976562,25000000.000
12091,2044,-1.953125,25000000.000
12092,2037,-5.371094,25000000.000
12093,2044,-1.953125,25000000.000
12094,2038,-4.882812,25000000.000
12095,2041,-3.417969,25000000.000
12096,2036,-5.859375,25000000.000
12097,2037,-5.371094,25000000.000
12098,2032,-7.812500,25000000.000
12099,2036,-5.859375,25000000.000
12100,2034,-6.835938,25000000.000
12101,2034,-6.835938,25000000.000
12102,2035,-6.347656,25000000.000
12103,2034,-6.835938,25000000.000
12104,2036,-5.859375,25000000.000
12105,2036,-5.859375,25000000.000
12106,2039,-4.394531,25000000.000
12107,2039,-4.394531,25000000.000
12108,2041,-3.417969,25000000.000
12109,2044,-1.953125,25000000.000
12110,2045,-1.464844,25000000.000
12111,2046,-0.976562,25000000.000
12112,2046,-0.976562,25000000.000
12113,2050,0.976562,25000000.000
12114,2051,1.464844,25000000.000
12115,2053,2.441406,25000000.000
12116,2054,2.929688,25000000.000
12117,2056,3.906250,25000000.000
12118,2056,3.906250,25000000.000
12119,2057,4.394531,25000000.000
12120,2060,5.859375,25000000.000
12121,2058,4.882812,25000000.000
12122,2057,4.394531,25000000.000
12123,2057,4.394531,25000000.000
12124,2058,4.882812,25000000.000
12125,2057,4.394531,25000000.000
12126,2054,2.929688,25000000.000
12127,2054,2.929688,25000000.000
12128,2052,1.953125,25000000.000
12129,2050,0.976562,25000000.000
12130,2048,0.000000,25000000.000
12131,2049,0.488281,25000000.000
12132,2045,-1.464844,25000000.000
12133,2042,-2.929688,25000000.000
12134,2043,-2.441406,25000000.000
12135,2045,-1.464844,25000000.000
12136,2038,-4.882812,25000000.000
12137,2035,-6.347656,25000000.000
12138,2036,-5.859375,25000000.000
12139,2036,-5.859375,25000000.000
12140,2034,-6.835938,25000000.000
12141,2034,-6.835938,25000000.000
12142,2033,-7.324219,25000000.000
12143,2033,-7.324219,25000000.000
12144,2033,-7.324219,25000000.000
12145,2036,-5.859375,25000000.000
12146,2036,-5.859375,25000000.000
12147,2037,-5.371094,25000000.000
12148,2037,-5.371094,25000000.000
12149,2040,-3.906250,25000000.000
12150,2043,-2.441406,25000000.000
12151,2042,-2.929688,25000000.000
12152,2046,-0.976562,25000000.000
12153,2047,-0.488281,25000000.000
12154,2050,0.976562,25000000.000
12155,2049,0.488281,25000000.000
12156,2053,2.441406,25000000.000
12157,2055,3.417969,25000000.000
12158,2054,2.929688,25000000.000
12159,2055,3.417969,25000000.000
12160,2058,4.882812,25000000.000
12161,2058,4.882812,25000000.000
12162,2058,4.882812,25000000.000
12163,2058,4.882812,25000000.000
12164,2059,5.371094,25000000.000
12165,2057,4.394531,25000000.000
12166,2056,3.906250,25000000.000
12167,2055,3.417969,25000000.000
12168,2054,2.929688,25000000.000
12169,2049,0.488281,25000000.000
12170,2054,2.929688,25000000.000
12171,2050,0.976562,25000000.000
12172,2049,0.488281,25000000.000
12173,2043,-2.441406,25000000.000
12174,2046,-0.976562,25000000.000
12175,2043,-2.441406,25000000.000
12176,2037,-5.371094,25000000.000
12177,2039,-4.394531,25000000.000
12178,2037,-5.371094,25000000.000
12179,2036,-5.859375,25000000.000
12180,2033,-7.324219,25000000.000
12181,2035,-6.347656,25000000.000
12182,2034,-6.835938,25000000.000
12183,2033,-7.324219,25000000.000
12184,2034,-6.835938,25000000.000
12185,2035,-6.347656,25000000.000
12186,2033,-7.324219,25000000.000
12187,2034,-6.835938,25000000.000
12188,2036,-5.859375,25000000.000
12189,2037,-5.371094,25000000.000
12190,2039,-4.394531,25000000.000
12191,2039,-4.394531,25000000.000
12192,2043,-2.441406,25000000.000
12193,2046,-0.976562,25000000.000
12194,2045,-1.464844,25000000.000
12195,2046,-0.976562,25000000.000
12196,2050,0.976562,25000000.000
12197,2051,1.464844,25000000.000
12198,2053,2.441406,25000000.000
12199,2054,2.929688,25000000.000
12200,2056,3.906250,25000000.000
12201,2057,4.394531,25000000.000
12202,2056,3.906250,25000000.000
12203,2057,4.394531,25000000.000
12204,2057,4.394531,25000000.000
12205,2056,3.906250,25000000.000
12206,2056,3.906250,25000000.000
12207,2057,4.394531,25000000.000
12208,2054,2.929688,25000000.000
12209,2053,2.441406,25000000.000
12210,2051,1.464844,25000000.000
12211,2052,1.953125,25000000.000
12212,2046,-0.976562,25000000.000
12213,2054,2.929688,25000000.000
12214,2037,-5.371094,25000000.000
12215,2036,-5.859375,25000000.000
12216,2030,-8.789062,25000000.000
12217,2048,0.000000,25000000.000
12218,2031,-8.300781,25000000.000
12219,2033,-7.324219,25000000.000
12220,2033,-7.324219,25000000.000
12221,2037,-5.371094,25000000.000
12222,2031,-8.300781,25000000.000
12223,2033,-7.324219,25000000.000
12224,2032,-7.812500,25000000.000
12225,2035,-6.347656,25000000.000
12226,2032,-7.812500,25000000.000
12227,2032,-7.812500,25000000.000
12228,2034,-6.835938,25000000.000
12229,2036,-5.859375,25000000.000
12230,2038,-4.882812,25000000.000
12231,2040,-3.906250,25000000.000
12232,2042,-2.929688,25000000.000
12233,2041,-3.417969,25000000.000
12234,2044,-1.953125,25000000.000
12235,2047,-0.488281,25000000.000
12236,2049,0.488281,25000000.000
12237,2049,0.488281,25000000.000
12238,2051,1.464844,25000000.000
12239,2052,1.953125,25000000.000
12240,2053,2.441406,25000000.000
12241,2055,3.417969,25000000.000
12242,2057,4.394531,25000000.000
12243,2057,4.394531,25000000.000
12244,2057,4.394531,25000000.000
12245,2057,4.394531,25000000.000
12246,2056,3.906250,25000000.000
12247,2057,4.394531,25000000.000
12248,2057,4.394531,25000000.000
12249,2054,2.929688,25000000.000
12250,2053,2.441406,25000000.000
12251,2052,1.953125,25000000.000
12252,2050,0.976562,25000000.000
12253,2048,0.000000,25000000.000
12254,2048,0.000000,25000000.000
12255,2045,-1.464844,25000000.000
12256,2043,-2.441406,25000000.000
12257,2041,-3.417969,25000000.000
12258,2040,-3.906250,25000000.000
12259,2039,-4.394531,25000000.000
12260,2037,-5.371094,25000000.000
12261,2035,-6.347656,25000000.000
12262,2034,-6.835938,25000000.000
12263,2035,-6.347656,25000000.000
12264,2033,-7.324219,25000000.000
12265,2034,-6.835938,25000000.000
12266,2034,-6.835938,25000000.000
12267,2034,-6.835938,25000000.000
12268,2034,-6.835938,25000000.000
12269,2034,-6.835938,25000000.000
12270,2037,-5.371094,25000000.000
12271,2037,-5.371094,25000000.000
12272,2038,-4.882812,25000000.000
12273,2040,-3.906250,25000000.000
12274,2043,-2.441406,25000000.000
12275,2044,-1.953125,25000000.000
12276,2047,-0.488281,25000000.000
12277,2048,0.000000,25000000.000
12278,2049,0.488281,25000000.000
12279,2050,0.976562,25000000.000
12280,2054,2.929688,25000000.000
12281,2056,3.906250,25000000.000
12282,2057,4.394531,25000000.000
12283,2056,3.906250,25000000.000
12284,2061,6.347656,25000000.000
12285,2058,4.882812,25000000.000
12286,2057,4.394531,25000000.000
12287,2056,3.906250,25000000.000
12288,2058,4.882812,25000000.000
12289,2057,4.394531,25000000.000
12290,2054,2.929688,25000000.000
12291,2053,2.441406,25000000.000
12292,2053,2.441406,25000000.000
12293,2052,1.953125,25000000.000
12294,2049,0.488281,25000000.000
12295,2049,0.488281,25000000.000
12296,2045,-1.464844,25000000.000
12297,2044,-1.953125,25000000.000
12298,2041,-3.417969,25000000.000
12299,2041,-3.417969,25000000.000
12300,2039,-4.394531,25000000.000
12301,2036,-5.859375,25000000.000
12302,2035,-6.347656,25000000.000
12303,2036,-5.859375,25000000.000
12304,2033,-7.324219,25000000.000
12305,2034,-6.835938,25000000.000
12306,2034,-6.835938,25000000.000
12307,2034,-6.835938,25000000.000
12308,2034,-6.835938,25000000.000
12309,2035,-6.347656,25000000.000
12310,2036,-5.859375,25000000.000
12311,2036,-5.859375,25000000.000
12312,2038,-4.882812,25000000.000
12313,2039,-4.394531,25000000.000
12314,2041,-3.417969,25000000.000
12315,2042,-2.929688,25000000.000
12316,2046,-0.976562,25000000.000
12317,2047,-0.488281,25000000.000
12318,2049,0.488281,25000000.000
12319,2050,0.976562,25000000.000
12320,2052,1.953125,25000000.000
12321,2054,2.929688,25000000.000
12322,2055,3.417969,25000000.000
12323,2054,2.929688,25000000.000
12324,2057,4.394531,25000000.000
12325,2056,3.906250,25000000.000
12326,2058,4.882812,25000000.000
12327,2058,4.882812,25000000.000
12328,2057,4.394531,25000000.000
12329,2058,4.882812,25000000.000
12330,2056,3.906250,25000000.000
12331,2056,3.906250,25000000.000
12332,2056,3.906250,25000000.000
12333,2053,2.441406,25000000.000
12334,2050,0.976562,25000000.000
12335,2051,1.464844,25000000.000
12336,2047,-0.488281,25000000.000
12337,2045,-1.464844,25000000.000
12338,2044,-1.953125,25000000.000
12339,2044,-1.953125,25000000.000
12340,2040,-3.906250,25000000.000
12341,2038,-4.882812,25000000.000
12342,2038,-4.882812,25000000.000
12343,2037,-5.371094,25000000.000
12344,2034,-6.835938,25000000.000
12345,2035,-6.347656,25000000.000
12346,2033,-7.324219,25000000.000
12347,2034,-6.835938,25000000.000
12348,2033,-7.324219,25000000.000
12349,2035,-6.347656,25000000.000
12350,2036,-5.859375,25000000.000
12351,2034,-6.835938,25000000.000
12352,2036,-5.859375,25000000.000
12353,2038,-4.882812,25000000.000
12354,2039,-4.394531,25000000.000
12355,2039,-4.394531,25000000.000
12356,2042,-2.929688,25000000.000
12357,2045,-1.464844,25000000.000
12358,2044,-1.953125,25000000.000
12359,2045,-1.464844,25000000.000
12360,2050,0.976562,25000000.000
12361,2052,1.953125,25000000.000
12362,2052,1.953125,25000000.000
12363,2052,1.953125,25000000.000
12364,2056,3.906250,25000000.000
12365,2056,3.906250,25000000.000
12366,2056,3.906250,25000000.000
12367,2057,4.394531,25000000.000
12368,2058,4.882812,25000000.000
12369,2057,4.394531,25000000.000
12370,2059,5.371094,25000000.000
12371,2057,4.394531,25000000.000
12372,2056,3.906250,25000000.000
12373,2054,2.929688,25000000.000
12374,2053,2.441406,25000000.000
12375,2053,2.441406,25000000.000
12376,2049,0.488281,25000000.000
12377,2048,0.000000,25000000.000
12378,2047,-0.488281,25000000.000
12379,2048,0.000000,25000000.000
12380,2042,-2.929688,25000000.000
12381,2040,-3.906250,25000000.000
12382,2039,-4.394531,25000000.000
12383,2039,-4.394531,25000000.000
12384,2036,-5.859375,25000000.000
12385,2034,-6.835938,25000000.000
12386,2034,-6.835938,25000000.000
12387,2033,-7.324219,25000000.000
12388,2033,-7.324219,25000000.000
12389,2033,-7.324219,25000000.000
12390,2033,-7.324219,25000000.000
12391,2034,-6.835938,25000000.000
12392,2034,-6.835938,25000000.000
12393,2035,-6.347656,25000000.000
12394,2036,-5.859375,25000000.000
12395,2037,-5.371094,25000000.000
12396,2036,-5.859375,25000000.000
12397,2042,-2.929688,25000000.000
12398,2041,-3.417969,25000000.000
12399,2044,-1.953125,25000000.000
12400,2044,-1.953125,25000000.000
12401,2050,0.976562,25000000.000
12402,2052,1.953125,25000000.000
12403,2050,0.976562,25000000.000
12404,2054,2.929688,25000000.000
12405,2056,3.906250,25000000.000
12406,2060,5.859375,25000000.000
12407,2057,4.394531,25000000.000
12408,2057,4.394531,25000000.000
12409,2048,0.000000,25000000.000
12410,2061,6.347656,25000000.000
12411,2056,3.906250,25000000.000
12412,2057,4.394531,25000000.000
12413,2055,3.417969,25000000.000
12414,2054,2.929688,25000000.000
12415,2055,3.417969,25000000.000
12416,2055,3.417969,25000000.000
12417,2053,2.441406,25000000.000
12418,2052,1.953125,25000000.000
12419,2045,-1.464844,25000000.000
12420,2044,-1.953125,25000000.000
12421,2041,-3.417969,25000000.000
12422,2041,-3.417969,25000000.000
12423,2039,-4.394531,25000000.000
12424,2039,-4.394531,25000000.000
12425,2035,-6.347656,25000000.000
12426,2034,-6.835938,25000000.000
12427,2035,-6.347656,25000000.000
12428,2034,-6.835938,25000000.000
12429,2031,-8.300781,25000000.000
12430,2034,-6.835938,25000000.000
12431,2034,-6.835938,25000000.000
12432,2035,-6.347656,25000000.000
12433,2034,-6.835938,25000000.000
12434,2034,-6.835938,25000000.000
12435,2034,-6.835938,25000000.000
12436,2034,-6.835938,25000000.000
12437,2037,-5.371094,25000000.000
12438,2044,-1.953125,25000000.000
12439,2037,-5.371094,25000000.000
12440,2043,-2.441406,25000000.000
12441,2048,0.000000,25000000.000
12442,2051,1.464844,25000000.000
12443,2051,1.464844,25000000.000
12444,2051,1.464844,25000000.000
12445,2055,3.417969,25000000.000
12446,2054,2.929688,25000000.000
12447,2056,3.906250,25000000.000
12448,2057,4.394531,25000000.000
12449,2057,4.394531,25000000.000
12450,2057,4.394531,25000000.000
12451,2057,4.394531,25000000.000
12452,2057,4.394531,25000000.000
12453,2056,3.906250,25000000.000
12454,2055,3.417969,25000000.000
12455,2053,2.441406,25000000.000
12456,2053,2.441406,25000000.000
12457,2052,1.953125,25000000.000
12458,2049,0.488281,25000000.000
12459,2048,0.000000,25000000.000
12460,2046,-0.976562,25000000.000
12461,2045,-1.464844,25000000.000
12462,2040,-3.906250,25000000.000
12463,2042,-2.929688,25000000.000
12464,2040,-3.906250,25000000.000
12465,2037,-5.371094,25000000.000
12466,2035,-6.347656,25000000.000
12467,2036,-5.859375,25000000.000
12468,2036,-5.859375,25000000.000
12469,2033,-7.324219,25000000.000
12470,2033,-7.324219,25000000.000
12471,2033,-7.324219,25000000.000
12472,2033,-7.324219,25000000.000
12473,2034,-6.835938,25000000.000
12474,2035,-6.347656,25000000.000
12475,2035,-6.347656,25000000.000
12476,2036,-5.859375,25000000.000
12477,2038,-4.882812,25000000.000
12478,2041,-3.417969,25000000.000
12479,2041,-3.417969,25000000.000
12480,2043,-2.441406,25000000.000
12481,2046,-0.976562,25000000.000
12482,2047,-0.488281,25000000.000
12483,2047,-0.488281,25000000.000
12484,2052,1.953125,25000000.000
12485,2052,1.953125,25000000.000
12486,2053,2.441406,25000000.000
12487,2053,2.441406,25000000.000
12488,2057,4.394531,25000000.000
12489,2057,4.394531,25000000.000
12490,2056,3.906250,25000000.000
12491,2056,3.906250,25000000.000
12492,2058,4.882812,25000000.000
12493,2058,4.882812,25000000.000
12494,2054,2.929688,25000000.000
12495,2058,4.882812,25000000.000
12496,2056,3.906250,25000000.000
12497,2052,1.953125,25000000.000
12498,2053,2.441406,25000000.000
12499,2054,2.929688,25000000.000
12500,2050,0.976562,25000000.000
12501,2046,-0.976562,25000000.000
12502,2046,-0.976562,25000000.000
12503,2045,-1.464844,25000000.000
12504,2042,-2.929688,25000000.000
12505,2039,-4.394531,25000000.000
12506,2038,-4.882812,25000000.000
12507,2038,-4.882812,25000000.000
12508,2035,-6.347656,25000000.000
12509,2035,-6.347656,25000000.000
12510,2035,-6.347656,25000000.000
12511,2034,-6.835938,25000000.000
12512,2032,-7.812500,25000000.000
12513,2034,-6.835938,25000000.000
12514,2034,-6.835938,25000000.000
12515,2035,-6.347656,25000000.000
12516,2035,-6.347656,25000000.000
12517,2036,-5.859375,25000000.000
12518,2038,-4.882812,25000000.000
12519,2038,-4.882812,25000000.000
12520,2041,-3.417969,25000000.000
12521,2043,-2.441406,25000000.000
12522,2044,-1.953125,25000000.000
12523,2044,-1.953125,25000000.000
12524,2049,0.488281,25000000.000
12525,2051,1.464844,25000000.000
12526,2051,1.464844,25000000.000
12527,2051,1.464844,25000000.000
12528,2055,3.417969,25000000.000
12529,2056,3.906250,25000000.000
12530,2056,3.906250,25000000.000
12531,2056,3.906250,25000000.000
12532,2059,5.371094,25000000.000
12533,2056,3.906250,25000000.000
12534,2058,4.882812,25000000.000
12535,2058,4.882812,25000000.000
12536,2057,4.394531,25000000.000
12537,2055,3.417969,25000000.000
12538,2055,3.417969,25000000.000
12539,2054,2.929688,25000000.000
12540,2051,1.464844,25000000.000
12541,2050,0.976562,25000000.000
12542,2048,0.000000,25000000.000
12543,2048,0.000000,25000000.000
12544,2042,-2.929688,25000000.000
12545,2043,-2.441406,25000000.000
12546,2040,-3.906250,25000000.000
12547,2040,-3.906250,25000000.000
12548,2037,-5.371094,25000000.000
12549,2036,-5.859375,25000000.000
12550,2037,-5.371094,25000000.000
12551,2035,-6.347656,25000000.000
12552,2035,-6.347656,25000000.000
12553,2034,-6.835938,25000000.000
12554,2034,-6.835938,25000000.000
12555,2033,-7.324219,25000000.000
12556,2034,-6.835938,25000000.000
12557,2037,-5.371094,25000000.000
12558,2037,-5.371094,25000000.000
12559,2038,-4.882812,25000000.000
12560,2041,-3.417969,25000000.000
12561,2041,-3.417969,25000000.000
12562,2042,-2.929688,25000000.000
12563,2043,-2.441406,25000000.000
12564,2048,0.000000,25000000.000
12565,2050,0.976562,25000000.000
12566,2053,2.441406,25000000.000
12567,2053,2.441406,25000000.000
12568,2055,3.417969,25000000.000
12569,2053,2.441406,25000000.000
12570,2057,4.394531,25000000.000
12571,2057,4.394531,25000000.000
12572,2057,4.394531,25000000.000
12573,2058,4.882812,25000000.000
12574,2058,4.882812,25000000.000
12575,2058,4.882812,25000000.000
12576,2057,4.394531,25000000.000
12577,2058,4.882812,25000000.000
12578,2054,2.929688,25000000.000
12579,2055,3.417969,25000000.000
12580,2052,1.953125,25000000.000
12581,2051,1.464844,25000000.000
12582,2049,0.488281,25000000.000
12583,2048,0.000000,25000000.000
12584,2046,-0.976562,25000000.000
12585,2044,-1.953125,25000000.000
12586,2041,-3.417969,25000000.000
12587,2041,-3.417969,25000000.000
12588,2038,-4.882812,25000000.000
12589,2038,-4.882812,25000000.000
12590,2035,-6.347656,25000000.000
12591,2035,-6.347656,25000000.000
12592,2034,-6.835938,25000000.000
12593,2032,-7.812500,25000000.000
12594,2033,-7.324219,25000000.000
12595,2032,-7.812500,25000000.000
12596,2034,-6.835938,25000000.000
12597,2034,-6.835938,25000000.000
12598,2034,-6.835938,25000000.000
12599,2036,-5.859375,25000000.000
12600,2037,-5.371094,25000000.000
12601,2038,-4.882812,25000000.000
12602,2040,-3.906250,25000000.000
12603,2042,-2.929688,25000000.000
12604,2043,-2.441406,25000000.000
12605,2045,-1.464844,25000000.000
12606,2047,-0.488281,25000000.000
12607,2048,0.000000,25000000.000
12608,2050,0.976562,25000000.000
12609,2054,2.929688,25000000.000
12610,2054,2.929688,25000000.000
12611,2054,2.929688,25000000.000
12612,2055,3.417969,25000000.000
12613,2057,4.394531,25000000.000
12614,2057,4.394531,25000000.000
12615,2056,3.906250,25000000.000
12616,2057,4.394531,25000000.000
12617,2055,3.417969,25000000.000
12618,2055,3.417969,25000000.000
12619,2054,2.929688,25000000.000
12620,2055,3.417969,25000000.000
12621,2052,1.953125,25000000.000
12622,2049,0.488281,25000000.000
12623,2050,0.976562,25000000.000
12624,2048,0.000000,25000000.000
12625,2046,-0.976562,25000000.000
12626,2042,-2.929688,25000000.000
12627,2042,-2.929688,25000000.000
12628,2039,-4.394531,25000000.000
12629,2037,-5.371094,25000000.000
12630,2036,-5.859375,25000000.000
12631,2035,-6.347656,25000000.000
12632,2034,-6.835938,25000000.000
12633,2034,-6.835938,25000000.000
12634,2033,-7.324219,25000000.000
12635,2033,-7.324219,25000000.000
12636,2033,-7.324219,25000000.000
12637,2033,-7.324219,25000000.000
12638,2034,-6.835938,25000000.000
12639,2035,-6.347656,25000000.000
12640,2035,-6.347656,25000000.000
12641,2036,-5.859375,25000000.000
12642,2039,-4.394531,25000000.000
12643,2040,-3.906250,25000000.000
12644,2041,-3.417969,25000000.000
12645,2045,-1.464844,25000000.000
12646,2047,-0.488281,25000000.000
12647,2047,-0.488281,25000000.000
12648,2047,-0.488281,25000000.000
12649,2048,0.000000,25000000.000
12650,2053,2.441406,25000000.000
12651,2052,1.953125,25000000.000
12652,2056,3.906250,25000000.000
12653,2055,3.417969,25000000.000
12654,2058,4.882812,25000000.000
12655,2057,4.394531,25000000.000
12656,2057,4.394531,25000000.000
12657,2058,4.882812,25000000.000
12658,2056,3.906250,25000000.000
12659,2057,4.394531,25000000.000
12660,2055,3.417969,25000000.000
12661,2054,2.929688,25000000.000
12662,2051,1.464844,25000000.000
12663,2052,1.953125,25000000.000
12664,2051,1.464844,25000000.000
12665,2046,-0.976562,25000000.000
12666,2045,-1.464844,25000000.000
12667,2047,-0.488281,25000000.000
12668,2043,-2.441406,25000000.000
12669,2038,-4.882812,25000000.000
12670,2038,-4.882812,25000000.000
12671,2038,-4.882812,25000000.000
12672,2034,-6.835938,25000000.000
12673,2035,-6.347656,25000000.000
12674,2035,-6.347656,25000000.000
12675,2035,-6.347656,25000000.000
12676,2032,-7.812500,25000000.000
12677,2034,-6.835938,25000000.000
12678,2033,-7.324219,25000000.000
12679,2035,-6.347656,25000000.000
12680,2034,-6.835938,25000000.000
12681,2035,-6.347656,25000000.000
12682,2037,-5.371094,25000000.000
12683,2037,-5.371094,25000000.000
12684,2042,-2.929688,25000000.000
12685,2042,-2.929688,25000000.000
12686,2043,-2.441406,25000000.000
12687,2043,-2.441406,25000000.000
12688,2049,0.488281,25000000.000
12689,2049,0.488281,25000000.000
12690,2050,0.976562,25000000.000
12691,2051,1.464844,25000000.000
12692,2054,2.929688,25000000.000
12693,2056,3.906250,25000000.000
12694,2056,3.906250,25000000.000
12695,2056,3.906250,25000000.000
12696,2060,5.859375,25000000.000
12697,2058,4.882812,25000000.000
12698,2058,4.882812,25000000.000
12699,2058,4.882812,25000000.000
12700,2058,4.882812,25000000.000
12701,2054,2.929688,25000000.000
12702,2055,3.417969,25000000.000
12703,2055,3.417969,25000000.000
12704,2053,2.441406,25000000.000
12705,2051,1.464844,25000000.000
12706,2047,-0.488281,25000000.000
12707,2047,-0.488281,25000000.000
12708,2043,-2.441406,25000000.000
12709,2043,-2.441406,25000000.000
12710,2041,-3.417969,25000000.000
12711,2041,-3.417969,25000000.000
12712,2037,-5.371094,25000000.000
12713,2036,-5.859375,25000000.000
12714,2036,-5.859375,25000000.000
12715,2035,-6.347656,25000000.000
12716,2033,-7.324219,25000000.000
12717,2033,-7.324219,25000000.000
12718,2034,-6.835938,25000000.000
12719,2034,-6.835938,25000000.000
12720,2034,-6.835938,25000000.000
12721,2036,-5.859375,25000000.000
12722,2036,-5.859375,25000000.000
12723,2037,-5.371094,25000000.000
12724,2041,-3.417969,25000000.000
12725,2041,-3.417969,25000000.000
12726,2041,-3.417969,25000000.000
12727,2041,-3.417969,25000000.000
12728,2045,-1.464844,25000000.000
12729,2048,0.000000,25000000.000
12730,2050,0.976562,25000000.000
12731,2050,0.976562,25000000.000
12732,2055,3.417969,25000000.000
12733,2053,2.441406,25000000.000
12734,2058,4.882812,25000000.000
12735,2058,4.882812,25000000.000
12736,2057,4.394531,25000000.000
12737,2058,4.882812,25000000.000
12738,2058,4.882812,25000000.000
12739,2059,5.371094,25000000.000
12740,2058,4.882812,25000000.000
12741,2053,2.441406,25000000.000
12742,2058,4.882812,25000000.000
12743,2053,2.441406,25000000.000
12744,2052,1.953125,25000000.000
12745,2052,1.953125,25000000.000
12746,2052,1.953125,25000000.000
12747,2051,1.464844,25000000.000
12748,2047,-0.488281,25000000.000
12749,2043,-2.441406,25000000.000
12750,2042,-2.929688,25000000.000
12751,2042,-2.929688,25000000.000
12752,2039,-4.394531,25000000.000
12753,2038,-4.882812,25000000.000
12754,2035,-6.347656,25000000.000
12755,2034,-6.835938,25000000.000
12756,2033,-7.324219,25000000.000
12757,2034,-6.835938,25000000.000
12758,2032,-7.812500,25000000.000
12759,2033,-7.324219,25000000.000
12760,2034,-6.835938,25000000.000
12761,2033,-7.324219,25000000.000
12762,2034,-6.835938,25000000.000
12763,2036,-5.859375,25000000.000
12764,2037,-5.371094,25000000.000
12765,2037,-5.371094,25000000.000
12766,2040,-3.906250,25000000.000
12767,2041,-3.417969,25000000.000
12768,2043,-2.441406,25000000.000
12769,2044,-1.953125,25000000.000
12770,2048,0.000000,25000000.000
12771,2048,0.000000,25000000.000
12772,2051,1.464844,25000000.000
12773,2053,2.441406,25000000.000
12774,2055,3.417969,25000000.000
12775,2055,3.417969,25000000.000
12776,2056,3.906250,25000000.000
12777,2059,5.371094,25000000.000
12778,2058,4.882812,25000000.000
12779,2058,4.882812,25000000.000
12780,2057,4.394531,25000000.000
12781,2057,4.394531,25000000.000
12782,2061,6.347656,25000000.000
12783,2060,5.859375,25000000.000
12784,2054,2.929688,25000000.000
12785,2054,2.929688,25000000.000
12786,2055,3.417969,25000000.000
12787,2054,2.929688,25000000.000
12788,2049,0.488281,25000000.000
12789,2047,-0.488281,25000000.000
12790,2041,-3.417969,25000000.000
12791,2043,-2.441406,25000000.000
12792,2040,-3.906250,25000000.000
12793,2038,-4.882812,25000000.000
12794,2035,-6.347656,25000000.000
12795,2036,-5.859375,25000000.000
12796,2035,-6.347656,25000000.000
12797,2033,-7.324219,25000000.000
12798,2033,-7.324219,25000000.000
12799,2032,-7.812500,25000000.000
12800,2033,-7.324219,25000000.000
12801,2032,-7.812500,25000000.000
12802,2033,-7.324219,25000000.000
12803,2034,-6.835938,25000000.000
12804,2036,-5.859375,25000000.000
12805,2035,-6.347656,25000000.000
12806,2037,-5.371094,25000000.000
12807,2039,-4.394531,25000000.000
12808,2042,-2.929688,25000000.000
12809,2043,-2.441406,25000000.000
12810,2045,-1.464844,25000000.000
12811,2046,-0.976562,25000000.000
12812,2048,0.000000,25000000.000
12813,2052,1.953125,25000000.000
12814,2054,2.929688,25000000.000
12815,2054,2.929688,25000000.000
12816,2055,3.417969,25000000.000
12817,2057,4.394531,25000000.000
12818,2057,4.394531,25000000.000
12819,2057,4.394531,25000000.000
12820,2059,5.371094,25000000.000
12821,2058,4.882812,25000000.000
12822,2057,4.394531,25000000.000
12823,2055,3.417969,25000000.000
12824,2055,3.417969,25000000.000
12825,2054,2.929688,25000000.000
12826,2052,1.953125,25000000.000
12827,2052,1.953125,25000000.000
12828,2050,0.976562,25000000.000
12829,2047,-0.488281,25000000.000
12830,2046,-0.976562,25000000.000
12831,2046,-0.976562,25000000.000
12832,2042,-2.929688,25000000.000
12833,2040,-3.906250,25000000.000
12834,2039,-4.394531,25000000.000
12835,2038,-4.882812,25000000.000
12836,2035,-6.347656,25000000.000
12837,2034,-6.835938,25000000.000
12838,2033,-7.324219,25000000.000
12839,2034,-6.835938,25000000.000
12840,2032,-7.812500,25000000.000
12841,2034,-6.835938,25000000.000
12842,2032,-7.812500,25000000.000
12843,2033,-7.324219,25000000.000
12844,2032,-7.812500,25000000.000
12845,2035,-6.347656,25000000.000
12846,2038,-4.882812,25000000.000
12847,2035,-6.347656,25000000.000
12848,2039,-4.394531,25000000.000
12849,2042,-2.929688,25000000.000
12850,2044,-1.953125,25000000.000
12851,2044,-1.953125,25000000.000
12852,2048,0.000000,25000000.000
12853,2051,1.464844,25000000.000
12854,2049,0.488281,25000000.000
12855,2050,0.976562,25000000.000
12856,2055,3.417969,25000000.000
12857,2056,3.906250,25000000.000
12858,2054,2.929688,25000000.000
12859,2053,2.441406,25000000.000
12860,2058,4.882812,25000000.000
12861,2057,4.394531,25000000.000
12862,2057,4.394531,25000000.000
12863,2057,4.394531,25000000.000
12864,2057,4.394531,25000000.000
12865,2055,3.417969,25000000.000
12866,2054,2.929688,25000000.000
12867,2055,3.417969,25000000.000
12868,2052,1.953125,25000000.000
12869,2050,0.976562,25000000.000
12870,2050,0.976562,25000000.000
12871,2049,0.488281,25000000.000
12872,2043,-2.441406,25000000.000
12873,2043,-2.441406,25000000.000
12874,2040,-3.906250,25000000.000
12875,2041,-3.417969,25000000.000
12876,2037,-5.371094,25000000.000
12877,2037,-5.371094,25000000.000
12878,2035,-6.347656,25000000.000
12879,2035,-6.347656,25000000.000
12880,2033,-7.324219,25000000.000
12881,2032,-7.812500,25000000.000
12882,2033,-7.324219,25000000.000
12883,2032,-7.812500,25000000.000
12884,2034,-6.835938,25000000.000
12885,2035,-6.347656,25000000.000
12886,2035,-6.347656,25000000.000
12887,2034,-6.835938,25000000.000
12888,2038,-4.882812,25000000.000
12889,2040,-3.906250,25000000.000
12890,2040,-3.906250,25000000.000
12891,2040,-3.906250,25000000.000
12892,2045,-1.464844,25000000.000
12893,2047,-0.488281,25000000.000
12894,2050,0.976562,25000000.000
12895,2049,0.488281,25000000.000
12896,2052,1.953125,25000000.000
12897,2054,2.929688,25000000.000
12898,2055,3.417969,25000000.000
12899,2056,3.906250,25000000.000
12900,2058,4.882812,25000000.000
12901,2056,3.906250,25000000.000
12902,2058,4.882812,25000000.000
12903,2058,4.882812,25000000.000
12904,2057,4.394531,25000000.000
12905,2057,4.394531,25000000.000
12906,2056,3.906250,25000000.000
12907,2056,3.906250,25000000.000
12908,2052,1.953125,25000000.000
12909,2052,1.953125,25000000.000
12910,2050,0.976562,25000000.000
12911,2050,0.976562,25000000.000
12912,2045,-1.464844,25000000.000
12913,2044,-1.953125,25000000.000
12914,2044,-1.953125,25000000.000
12915,2043,-2.441406,25000000.000
12916,2040,-3.906250,25000000.000
12917,2038,-4.882812,25000000.000
12918,2038,-4.882812,25000000.000
12919,2036,-5.859375,25000000.000
12920,2035,-6.347656,25000000.000
12921,2034,-6.835938,25000000.000
12922,2032,-7.812500,25000000.000
12923,2032,-7.812500,25000000.000
12924,2033,-7.324219,25000000.000
12925,2034,-6.835938,25000000.000
12926,2034,-6.835938,25000000.000
12927,2035,-6.347656,25000000.000
12928,2037,-5.371094,25000000.000
12929,2039,-4.394531,25000000.000
12930,2041,-3.417969,25000000.000
12931,2041,-3.417969,25000000.000
12932,2043,-2.441406,25000000.000
12933,2045,-1.464844,25000000.000
12934,2047,-0.488281,25000000.000
12935,2047,-0.488281,25000000.000
12936,2052,1.953125,25000000.000
12937,2052,1.953125,25000000.000
12938,2054,2.929688,25000000.000
12939,2055,3.417969,25000000.000
12940,2057,4.394531,25000000.000
12941,2057,4.394531,25000000.000
12942,2057,4.394531,25000000.000
12943,2058,4.882812,25000000.000
12944,2057,4.394531,25000000.000
12945,2058,4.882812,25000000.000
12946,2058,4.882812,25000000.000
12947,2057,4.394531,25000000.000
12948,2056,3.906250,25000000.000
12949,2054,2.929688,25000000.000
12950,2053,2.441406,25000000.000
12951,2052,1.953125,25000000.000
12952,2052,1.953125,25000000.000
12953,2047,-0.488281,25000000.000
12954,2046,-0.976562,25000000.000
12955,2045,-1.464844,25000000.000
12956,2041,-3.417969,25000000.000
12957,2040,-3.906250,25000000.000
12958,2036,-5.859375,25000000.000
12959,2037,-5.371094,25000000.000
12960,2036,-5.859375,25000000.000
12961,2036,-5.859375,25000000.000
12962,2032,-7.812500,25000000.000
12963,2034,-6.835938,25000000.000
12964,2032,-7.812500,25000000.000
12965,2033,-7.324219,25000000.000
12966,2034,-6.835938,25000000.000
12967,2034,-6.835938,25000000.000
12968,2035,-6.347656,25000000.000
12969,2036,-5.859375,25000000.000
12970,2038,-4.882812,25000000.000
12971,2038,-4.882812,25000000.000
12972,2042,-2.929688,25000000.000
12973,2044,-1.953125,25000000.000
12974,2045,-1.464844,25000000.000
12975,2045,-1.464844,25000000.000
12976,2047,-0.488281,25000000.000
12977,2051,1.464844,25000000.000
12978,2050,0.976562,25000000.000
12979,2049,0.488281,25000000.000
12980,2056,3.906250,25000000.000
12981,2057,4.394531,25000000.000
12982,2057,4.394531,25000000.000
12983,2057,4.394531,25000000.000
12984,2057,4.394531,25000000.000
12985,2058,4.882812,25000000.000
12986,2057,4.394531,25000000.000
12987,2057,4.394531,25000000.000
12988,2056,3.906250,25000000.000
12989,2055,3.417969,25000000.000
12990,2052,1.953125,25000000.000
12991,2053,2.441406,25000000.000
12992,2051,1.464844,25000000.000
12993,2049,0.488281,25000000.000
12994,2046,-0.976562,25000000.000
12995,2046,-0.976562,25000000.000
12996,2042,-2.929688,25000000.000
12997,2041,-3.417969,25000000.000
12998,2039,-4.394531,25000000.000
12999,2040,-3.906250,25000000.000
13000,2035,-6.347656,25000000.000
13001,2033,-7.324219,25000000.000
13002,2034,-6.835938,25000000.000
13003,2033,-7.324219,25000000.000
13004,2033,-7.324219,25000000.000
13005,2032,-7.812500,25000000.000
13006,2033,-7.324219,25000000.000
13007,2032,-7.812500,25000000.000
13008,2032,-7.812500,25000000.000
13009,2035,-6.347656,25000000.000
13010,2035,-6.347656,25000000.000
13011,2036,-5.859375,25000000.000
13012,2039,-4.394531,25000000.000
13013,2041,-3.417969,25000000.000
13014,2043,-2.441406,25000000.000
13015,2042,-2.929688,25000000.000
13016,2045,-1.464844,25000000.000
13017,2048,0.000000,25000000.000
13018,2051,1.464844,25000000.000
13019,2050,0.976562,25000000.000
13020,2054,2.929688,25000000.000
13021,2055,3.417969,25000000.000
13022,2055,3.417969,25000000.000
13023,2054,2.929688,25000000.000
13024,2059,5.371094,25000000.000
13025,2059,5.371094,25000000.000
13026,2056,3.906250,25000000.000
13027,2058,4.882812,25000000.000
13028,2050,0.976562,25000000.000
13029,2055,3.417969,25000000.000
13030,2053,2.441406,25000000.000
13031,2055,3.417969,25000000.000
13032,2055,3.417969,25000000.000
13033,2048,0.000000,25000000.000
13034,2050,0.976562,25000000.000
13035,2050,0.976562,25000000.000
13036,2046,-0.976562,25000000.000
13037,2042,-2.929688,25000000.000
13038,2041,-3.417969,25000000.000
13039,2041,-3.417969,25000000.000
13040,2036,-5.859375,25000000.000
13041,2037,-5.371094,25000000.000
13042,2034,-6.835938,25000000.000
13043,2035,-6.347656,25000000.000
13044,2034,-6.835938,25000000.000
13045,2034,-6.835938,25000000.000
13046,2034,-6.835938,25000000.000
13047,2032,-7.812500,25000000.000
13048,2031,-8.300781,25000000.000
13049,2035,-6.347656,25000000.000
13050,2036,-5.859375,25000000.000
13051,2035,-6.347656,25000000.000
13052,2038,-4.882812,25000000.000
13053,2040,-3.906250,25000000.000
13054,2040,-3.906250,25000000.000
13055,2040,-3.906250,25000000.000
13056,2046,-0.976562,25000000.000
13057,2050,0.976562,25000000.000
13058,2046,-0.976562,25000000.000
13059,2044,-1.953125,25000000.000
13060,2051,1.464844,25000000.000
13061,2056,3.906250,25000000.000
13062,2053,2.441406,25000000.000
13063,2055,3.417969,25000000.000
13064,2057,4.394531,25000000.000
13065,2059,5.371094,25000000.000
13066,2057,4.394531,25000000.000
13067,2057,4.394531,25000000.000
13068,2057,4.394531,25000000.000
13069,2057,4.394531,25000000.000
13070,2057,4.394531,25000000.000
13071,2056,3.906250,25000000.000
13072,2054,2.929688,25000000.000
13073,2053,2.441406,25000000.000
13074,2050,0.976562,25000000.000
13075,2051,1.464844,25000000.000
13076,2047,-0.488281,25000000.000
13077,2047,-0.488281,25000000.000
13078,2044,-1.953125,25000000.000
13079,2046,-0.976562,25000000.000
13080,2040,-3.906250,25000000.000
13081,2038,-4.882812,25000000.000
13082,2038,-4.882812,25000000.000
13083,2037,-5.371094,25000000.000
13084,2036,-5.859375,25000000.000
13085,2035,-6.347656,25000000.000
13086,2033,-7.324219,25000000.000
13087,2033,-7.324219,25000000.000
13088,2037,-5.371094,25000000.000
13089,2037,-5.371094,25000000.000
13090,2036,-5.859375,25000000.000
13091,2037,-5.371094,25000000.000
13092,2036,-5.859375,25000000.000
13093,2038,-4.882812,25000000.000
13094,2038,-4.882812,25000000.000
13095,2039,-4.394531,25000000.000
13096,2045,-1.464844,25000000.000
13097,2043,-2.441406,25000000.000
13098,2046,-0.976562,25000000.000
13099,2048,0.000000,25000000.000
13100,2049,0.488281,25000000.000
13101,2051,1.464844,25000000.000
13102,2054,2.929688,25000000.000
13103,2054,2.929688,25000000.000
13104,2056,3.906250,25000000.000
13105,2057,4.394531,25000000.000
13106,2059,5.371094,25000000.000
13107,2058,4.882812,25000000.000
13108,2058,4.882812,25000000.000
13109,2059,5.371094,25000000.000
13110,2059,5.371094,25000000.000
13111,2058,4.882812,25000000.000
13112,2056,3.906250,25000000.000
13113,2056,3.906250,25000000.000
13114,2054,2.929688,25000000.000
13115,2053,2.441406,25000000.000
13116,2050,0.976562,25000000.000
13117,2048,0.000000,25000000.000
13118,2048,0.000000,25000000.000
13119,2046,-0.976562,25000000.000
13120,2040,-3.906250,25000000.000
13121,2039,-4.394531,25000000.000
13122,2035,-6.347656,25000000.000
13123,2031,-8.300781,25000000.000
13124,2033,-7.324219,25000000.000
13125,2040,-3.906250,25000000.000
13126,2029,-9.277344,25000000.000
13127,2030,-8.789062,25000000.000
13128,2032,-7.812500,25000000.000
13129,2032,-7.812500,25000000.000
13130,2031,-8.300781,25000000.000
13131,2031,-8.300781,25000000.000
13132,2034,-6.835938,25000000.000
13133,2037,-5.371094,25000000.000
13134,2035,-6.347656,25000000.000
13135,2039,-4.394531,25000000.000
13136,2042,-2.929688,25000000.000
13137,2040,-3.906250,25000000.000
13138,2045,-1.464844,25000000.000
13139,2043,-2.441406,25000000.000
13140,2048,0.000000,25000000.000
13141,2050,0.976562,25000000.000
13142,2052,1.953125,25000000.000
13143,2052,1.953125,25000000.000
13144,2053,2.441406,25000000.000
13145,2056,3.906250,25000000.000
13146,2058,4.882812,25000000.000
13147,2058,4.882812,25000000.000
13148,2058,4.882812,25000000.000
13149,2060,5.859375,25000000.000
13150,2059,5.371094,25000000.000
13151,2057,4.394531,25000000.000
13152,2059,5.371094,25000000.000
13153,2055,3.417969,25000000.000
13154,2053,2.441406,25000000.000
13155,2052,1.953125,25000000.000
13156,2052,1.953125,25000000.000
13157,2050,0.976562,25000000.000
13158,2047,-0.488281,25000000.000
13159,2047,-0.488281,25000000.000
13160,2044,-1.953125,25000000.000
13161,2043,-2.441406,25000000.000
13162,2042,-2.929688,25000000.000
13163,2041,-3.417969,25000000.000
13164,2038,-4.882812,25000000.000
13165,2034,-6.835938,25000000.000
13166,2035,-6.347656,25000000.000
13167,2033,-7.324219,25000000.000
13168,2032,-7.812500,25000000.000
13169,2031,-8.300781,25000000.000
13170,2033,-7.324219,25000000.000
13171,2032,-7.812500,25000000.000
13172,2032,-7.812500,25000000.000
13173,2034,-6.835938,25000000.000
13174,2035,-6.347656,25000000.000
13175,2034,-6.835938,25000000.000
13176,2029,-9.277344,25000000.000
13177,2045,-1.464844,25000000.000
13178,2033,-7.324219,25000000.000
13179,2034,-6.835938,25000000.000
13180,2041,-3.417969,25000000.000
13181,2051,1.464844,25000000.000
13182,2045,-1.464844,25000000.000
13183,2048,0.000000,25000000.000
13184,2051,1.464844,25000000.000
13185,2057,4.394531,25000000.000
13186,2052,1.953125,25000000.000
13187,2052,1.953125,25000000.000
13188,2056,3.906250,25000000.000
13189,2059,5.371094,25000000.000
13190,2056,3.906250,25000000.000
13191,2057,4.394531,25000000.000
13192,2058,4.882812,25000000.000
13193,2058,4.882812,25000000.000
13194,2056,3.906250,25000000.000
13195,2057,4.394531,25000000.000
13196,2053,2.441406,25000000.000
13197,2051,1.464844,25000000.000
13198,2049,0.488281,25000000.000
13199,2050,0.976562,25000000.000
13200,2045,-1.464844,25000000.000
13201,2043,-2.441406,25000000.000
13202,2044,-1.953125,25000000.000
13203,2042,-2.929688,25000000.000
13204,2037,-5.371094,25000000.000
13205,2037,-5.371094,25000000.000
13206,2036,-5.859375,25000000.000
13207,2036,-5.859375,25000000.000
13208,2032,-7.812500,25000000.000
13209,2032,-7.812500,25000000.000
13210,2032,-7.812500,25000000.000
13211,2032,-7.812500,25000000.000
13212,2033,-7.324219,25000000.000
13213,2032,-7.812500,25000000.000
13214,2035,-6.347656,25000000.000
13215,2034,-6.835938,25000000.000
13216,2036,-5.859375,25000000.000
13217,2038,-4.882812,25000000.000
13218,2040,-3.906250,25000000.000
13219,2040,-3.906250,25000000.000
13220,2044,-1.953125,25000000.000
13221,2047,-0.488281,25000000.000
13222,2047,-0.488281,25000000.000
13223,2046,-0.976562,25000000.000
13224,2052,1.953125,25000000.000
13225,2055,3.417969,25000000.000
13226,2053,2.441406,25000000.000
13227,2054,2.929688,25000000.000
13228,2056,3.906250,25000000.000
13229,2058,4.882812,25000000.000
13230,2058,4.882812,25000000.000
13231,2059,5.371094,25000000.000
13232,2059,5.371094,25000000.000
13233,2057,4.394531,25000000.000
13234,2057,4.394531,25000000.000
13235,2056,3.906250,25000000.000
13236,2054,2.929688,25000000.000
13237,2053,2.441406,25000000.000
13238,2051,1.464844,25000000.000
13239,2052,1.953125,25000000.000
13240,2047,-0.488281,25000000.000
13241,2046,-0.976562,25000000.000
13242,2044,-1.953125,25000000.000
13243,2045,-1.464844,25000000.000
13244,2040,-3.906250,25000000.000
13245,2038,-4.882812,25000000.000
13246,2038,-4.882812,25000000.000
13247,2038,-4.882812,25000000.000
13248,2035,-6.347656,25000000.000
13249,2034,-6.835938,25000000.000
13250,2034,-6.835938,25000000.000
13251,2033,-7.324219,25000000.000
13252,2033,-7.324219,25000000.000
13253,2034,-6.835938,25000000.000
13254,2033,-7.324219,25000000.000
13255,2033,-7.324219,25000000.000
13256,2036,-5.859375,25000000.000
13257,2037,-5.371094,25000000.000
13258,2037,-5.371094,25000000.000
13259,2038,-4.882812,25000000.000
13260,2040,-3.906250,25000000.000
13261,2042,-2.929688,25000000.000
13262,2044,-1.953125,25000000.000
13263,2047,-0.488281,25000000.000
13264,2048,0.000000,25000000.000
13265,2050,0.976562,25000000.000
13266,2053,2.441406,25000000.000
13267,2053,2.441406,25000000.000
13268,2055,3.417969,25000000.000
13269,2056,3.906250,25000000.000
13270,2058,4.882812,25000000.000
13271,2057,4.394531,25000000.000
13272,2058,4.882812,25000000.000
13273,2058,4.882812,25000000.000
13274,2059,5.371094,25000000.000
13275,2058,4.882812,25000000.000
13276,2055,3.417969,25000000.000
13277,2057,4.394531,25000000.000
13278,2054,2.929688,25000000.000
13279,2054,2.929688,25000000.000
13280,2051,1.464844,25000000.000
13281,2049,0.488281,25000000.000
13282,2047,-0.488281,25000000.000
13283,2046,-0.976562,25000000.000
13284,2045,-1.464844,25000000.000
13285,2042,-2.929688,25000000.000
13286,2039,-4.394531,25000000.000
13287,2039,-4.394531,25000000.000
13288,2037,-5.371094,25000000.000
13289,2036,-5.859375,25000000.000
13290,2033,-7.324219,25000000.000
13291,2032,-7.812500,25000000.000
13292,2033,-7.324219,25000000.000
13293,2034,-6.835938,25000000.000
13294,2034,-6.835938,25000000.000
13295,2035,-6.347656,25000000.000
13296,2035,-6.347656,25000000.000
13297,2035,-6.347656,25000000.000
13298,2037,-5.371094,25000000.000
13299,2039,-4.394531,25000000.000
13300,2038,-4.882812,25000000.000
13301,2041,-3.417969,25000000.000
13302,2045,-1.464844,25000000.000
13303,2044,-1.953125,25000000.000
13304,2046,-0.976562,25000000.000
13305,2050,0.976562,25000000.000
13306,2053,2.441406,25000000.000
13307,2053,2.441406,25000000.000
13308,2054,2.929688,25000000.000
13309,2058,4.882812,25000000.000
13310,2056,3.906250,25000000.000
13311,2057,4.394531,25000000.000
13312,2057,4.394531,25000000.000
13313,2060,5.859375,25000000.000
13314,2059,5.371094,25000000.000
13315,2059,5.371094,25000000.000
13316,2059,5.371094,25000000.000
13317,2057,4.394531,25000000.000
13318,2055,3.417969,25000000.000
13319,2054,2.929688,25000000.000
13320,2053,2.441406,25000000.000
13321,2051,1.464844,25000000.000
13322,2048,0.000000,25000000.000
13323,2048,0.000000,25000000.000
13324,2045,-1.464844,25000000.000
13325,2043,-2.441406,25000000.000
13326,2040,-3.906250,25000000.000
13327,2041,-3.417969,25000000.000
13328,2038,-4.882812,25000000.000
13329,2036,-5.859375,25000000.000
13330,2034,-6.835938,25000000.000
13331,2035,-6.347656,25000000.000
13332,2035,-6.347656,25000000.000
13333,2033,-7.324219,25000000.000
13334,2032,-7.812500,25000000.000
13335,2033,-7.324219,25000000.000
13336,2033,-7.324219,25000000.000
13337,2034,-6.835938,25000000.000
13338,2036,-5.859375,25000000.000
13339,2036,-5.859375,25000000.000
13340,2038,-4.882812,25000000.000
13341,2038,-4.882812,25000000.000
13342,2041,-3.417969,25000000.000
13343,2042,-2.929688,25000000.000
13344,2044,-1.953125,25000000.000
13345,2047,-0.488281,25000000.000
13346,2050,0.976562,25000000.000
13347,2049,0.488281,25000000.000
13348,2052,1.953125,25000000.000
13349,2054,2.929688,25000000.000
13350,2056,3.906250,25000000.000
13351,2055,3.417969,25000000.000
13352,2058,4.882812,25000000.000
13353,2059,5.371094,25000000.000
13354,2058,4.882812,25000000.000
13355,2057,4.394531,25000000.000
13356,2058,4.882812,25000000.000
13357,2059,5.371094,25000000.000
13358,2055,3.417969,25000000.000
13359,2055,3.417969,25000000.000
13360,2054,2.929688,25000000.000
13361,2049,0.488281,25000000.000
13362,2055,3.417969,25000000.000
13363,2055,3.417969,25000000.000
13364,2048,0.000000,25000000.000
13365,2048,0.000000,25000000.000
13366,2048,0.000000,25000000.000
13367,2044,-1.953125,25000000.000
13368,2042,-2.929688,25000000.000
13369,2036,-5.859375,25000000.000
13370,2038,-4.882812,25000000.000
13371,2037,-5.371094,25000000.000
13372,2035,-6.347656,25000000.000
13373,2031,-8.300781,25000000.000
13374,2035,-6.347656,25000000.000
13375,2034,-6.835938,25000000.000
13376,2032,-7.812500,25000000.000
13377,2032,-7.812500,25000000.000
13378,2035,-6.347656,25000000.000
13379,2034,-6.835938,25000000.000
13380,2033,-7.324219,25000000.000
13381,2040,-3.906250,25000000.000
13382,2038,-4.882812,25000000.000
13383,2037,-5.371094,25000000.000
13384,2043,-2.441406,25000000.000
13385,2045,-1.464844,25000000.000
13386,2045,-1.464844,25000000.000
13387,2045,-1.464844,25000000.000
13388,2050,0.976562,25000000.000
13389,2052,1.953125,25000000.000
13390,2052,1.953125,25000000.000
13391,2052,1.953125,25000000.000
13392,2056,3.906250,25000000.000
13393,2057,4.394531,25000000.000
13394,2056,3.906250,25000000.000
13395,2058,4.882812,25000000.000
13396,2058,4.882812,25000000.000
13397,2058,4.882812,25000000.000
13398,2051,1.464844,25000000.000
13399,2056,3.906250,25000000.000
13400,2053,2.441406,25000000.000
13401,2054,2.929688,25000000.000
13402,2053,2.441406,25000000.000
13403,2050,0.976562,25000000.000
13404,2050,0.976562,25000000.000
13405,2045,-1.464844,25000000.000
13406,2046,-0.976562,25000000.000
13407,2046,-0.976562,25000000.000
13408,2039,-4.394531,25000000.000
13409,2039,-4.394531,25000000.000
13410,2039,-4.394531,25000000.000
13411,2039,-4.394531,25000000.000
13412,2035,-6.347656,25000000.000
13413,2034,-6.835938,25000000.000
13414,2033,-7.324219,25000000.000
13415,2032,-7.812500,25000000.000
13416,2033,-7.324219,25000000.000
13417,2032,-7.812500,25000000.000
13418,2032,-7.812500,25000000.000
13419,2031,-8.300781,25000000.000
13420,2034,-6.835938,25000000.000
13421,2036,-5.859375,25000000.000
13422,2037,-5.371094,25000000.000
13423,2036,-5.859375,25000000.000
13424,2039,-4.394531,25000000.000
13425,2042,-2.929688,25000000.000
13426,2044,-1.953125,25000000.000
13427,2045,-1.464844,25000000.000
13428,2048,0.000000,25000000.000
13429,2049,0.488281,25000000.000
13430,2052,1.953125,25000000.000
13431,2052,1.953125,25000000.000
13432,2055,3.417969,25000000.000
13433,2054,2.929688,25000000.000
13434,2054,2.929688,25000000.000
13435,2060,5.859375,25000000.000
13436,2057,4.394531,25000000.000
13437,2059,5.371094,25000000.000
13438,2058,4.882812,25000000.000
13439,2058,4.882812,25000000.000
13440,2054,2.929688,25000000.000
13441,2056,3.906250,25000000.000
13442,2055,3.417969,25000000.000
13443,2055,3.417969,25000000.000
13444,2051,1.464844,25000000.000
13445,2049,0.488281,25000000.000
13446,2048,0.000000,25000000.000
13447,2047,-0.488281,25000000.000
13448,2042,-2.929688,25000000.000
13449,2042,-2.929688,25000000.000
13450,2039,-4.394531,25000000.000
13451,2040,-3.906250,25000000.000
13452,2038,-4.882812,25000000.000
13453,2035,-6.347656,25000000.000
13454,2033,-7.324219,25000000.000
13455,2034,-6.835938,25000000.000
13456,2033,-7.324219,25000000.000
13457,2034,-6.835938,25000000.000
13458,2031,-8.300781,25000000.000
13459,2032,-7.812500,25000000.000
13460,2033,-7.324219,25000000.000
13461,2034,-6.835938,25000000.000
13462,2036,-5.859375,25000000.000
13463,2037,-5.371094,25000000.000
13464,2039,-4.394531,25000000.000
13465,2040,-3.906250,25000000.000
13466,2043,-2.441406,25000000.000
13467,2043,-2.441406,25000000.000
13468,2047,-0.488281,25000000.000
13469,2048,0.000000,25000000.000
13470,2051,1.464844,25000000.000
13471,2050,0.976562,25000000.000
13472,2053,2.441406,25000000.000
13473,2055,3.417969,25000000.000
13474,2056,3.906250,25000000.000
13475,2057,4.394531,25000000.000
13476,2056,3.906250,25000000.000
13477,2059,5.371094,25000000.000
13478,2058,4.882812,25000000.000
13479,2050,0.976562,25000000.000
13480,2055,3.417969,25000000.000
13481,2058,4.882812,25000000.000
13482,2058,4.882812,25000000.000
13483,2057,4.394531,25000000.000
13484,2054,2.929688,25000000.000
13485,2054,2.929688,25000000.000
13486,2050,0.976562,25000000.000
13487,2050,0.976562,25000000.000
13488,2046,-0.976562,25000000.000
13489,2045,-1.464844,25000000.000
13490,2042,-2.929688,25000000.000
13491,2042,-2.929688,25000000.000
13492,2040,-3.906250,25000000.000
13493,2037,-5.371094,25000000.000
13494,2036,-5.859375,25000000.000
13495,2036,-5.859375,25000000.000
13496,2033,-7.324219,25000000.000
13497,2032,-7.812500,25000000.000
13498,2033,-7.324219,25000000.000
13499,2032,-7.812500,25000000.000
13500,2032,-7.812500,25000000.000
13501,2032,-7.812500,25000000.000
13502,2035,-6.347656,25000000.000
13503,2034,-6.835938,25000000.000
13504,2036,-5.859375,25000000.000
13505,2039,-4.394531,25000000.000
13506,2041,-3.417969,25000000.000
13507,2039,-4.394531,25000000.000
13508,2044,-1.953125,25000000.000
13509,2047,-0.488281,25000000.000
13510,2049,0.488281,25000000.000
13511,2050,0.976562,25000000.000
13512,2052,1.953125,25000000.000
13513,2054,2.929688,25000000.000
13514,2056,3.906250,25000000.000
13515,2055,3.417969,25000000.000
13516,2057,4.394531,25000000.000
13517,2058,4.882812,25000000.000
13518,2059,5.371094,25000000.000
13519,2058,4.882812,25000000.000
13520,2060,5.859375,25000000.000
13521,2059,5.371094,25000000.000
13522,2056,3.906250,25000000.000
13523,2056,3.906250,25000000.000
13524,2056,3.906250,25000000.000
13525,2053,2.441406,25000000.000
13526,2050,0.976562,25000000.000
13527,2051,1.464844,25000000.000
13528,2049,0.488281,25000000.000
13529,2047,-0.488281,25000000.000
13530,2044,-1.953125,25000000.000
13531,2043,-2.441406,25000000.000
13532,2040,-3.906250,25000000.000
13533,2039,-4.394531,25000000.000
13534,2038,-4.882812,25000000.000
13535,2036,-5.859375,25000000.000
13536,2034,-6.835938,25000000.000
13537,2035,-6.347656,25000000.000
13538,2033,-7.324219,25000000.000
13539,2034,-6.835938,25000000.000
13540,2031,-8.300781,25000000.000
13541,2035,-6.347656,25000000.000
13542,2035,-6.347656,25000000.000
13543,2035,-6.347656,25000000.000
13544,2036,-5.859375,25000000.000
13545,2037,-5.371094,25000000.000
13546,2039,-4.394531,25000000.000
13547,2039,-4.394531,25000000.000
13548,2041,-3.417969,25000000.000
13549,2044,-1.953125,25000000.000
13550,2046,-0.976562,25000000.000
13551,2046,-0.976562,25000000.000
13552,2050,0.976562,25000000.000
13553,2052,1.953125,25000000.000
13554,2052,1.953125,25000000.000
13555,2053,2.441406,25000000.000
13556,2054,2.929688,25000000.000
13557,2057,4.394531,25000000.000
13558,2057,4.394531,25000000.000
13559,2056,3.906250,25000000.000
13560,2058,4.882812,25000000.000
13561,2057,4.394531,25000000.000
13562,2059,5.371094,25000000.000
13563,2059,5.371094,25000000.000
13564,2058,4.882812,25000000.000
13565,2054,2.929688,25000000.000
13566,2053,2.441406,25000000.000
13567,2053,2.441406,25000000.000
13568,2049,0.488281,25000000.000
13569,2048,0.000000,25000000.000
13570,2047,-0.488281,25000000.000
13571,2046,-0.976562,25000000.000
13572,2042,-2.929688,25000000.000
13573,2040,-3.906250,25000000.000
13574,2038,-4.882812,25000000.000
13575,2038,-4.882812,25000000.000
13576,2035,-6.347656,25000000.000
13577,2034,-6.835938,25000000.000
13578,2034,-6.835938,25000000.000
13579,2032,-7.812500,25000000.000
13580,2031,-8.300781,25000000.000
13581,2031,-8.300781,25000000.000
13582,2033,-7.324219,25000000.000
13583,2032,-7.812500,25000000.000
13584,2034,-6.835938,25000000.000
13585,2035,-6.347656,25000000.000
13586,2036,-5.859375,25000000.000
13587,2035,-6.347656,25000000.000
13588,2041,-3.417969,25000000.000
13589,2042,-2.929688,25000000.000
13590,2043,-2.441406,25000000.000
13591,2043,-2.441406,25000000.000
13592,2047,-0.488281,25000000.000
13593,2048,0.000000,25000000.000
13594,2051,1.464844,25000000.000
13595,2051,1.464844,25000000.000
13596,2054,2.929688,25000000.000
13597,2054,2.929688,25000000.000
13598,2056,3.906250,25000000.000
13599,2057,4.394531,25000000.000
13600,2058,4.882812,25000000.000
13601,2058,4.882812,25000000.000
13602,2059,5.371094,25000000.000
13603,2058,4.882812,25000000.000
13604,2056,3.906250,25000000.000
13605,2056,3.906250,25000000.000
13606,2054,2.929688,25000000.000
13607,2055,3.417969,25000000.000
13608,2051,1.464844,25000000.000
13609,2050,0.976562,25000000.000
13610,2049,0.488281,25000000.000
13611,2048,0.000000,25000000.000
13612,2043,-2.441406,25000000.000
13613,2042,-2.929688,25000000.000
13614,2041,-3.417969,25000000.000
13615,2041,-3.417969,25000000.000
13616,2038,-4.882812,25000000.000
13617,2035,-6.347656,25000000.000
13618,2034,-6.835938,25000000.000
13619,2034,-6.835938,25000000.000
13620,2032,-7.812500,25000000.000
13621,2033,-7.324219,25000000.000
13622,2032,-7.812500,25000000.000
13623,2030,-8.789062,25000000.000
13624,2033,-7.324219,25000000.000
13625,2034,-6.835938,25000000.000
13626,2034,-6.835938,25000000.000
13627,2035,-6.347656,25000000.000
13628,2036,-5.859375,25000000.000
13629,2039,-4.394531,25000000.000
13630,2042,-2.929688,25000000.000
13631,2042,-2.929688,25000000.000
13632,2045,-1.464844,25000000.000
13633,2045,-1.464844,25000000.000
13634,2050,0.976562,25000000.000
13635,2049,0.488281,25000000.000
13636,2052,1.953125,25000000.000
13637,2054,2.929688,25000000.000
13638,2057,4.394531,25000000.000
13639,2055,3.417969,25000000.000
13640,2055,3.417969,25000000.000
13641,2058,4.882812,25000000.000
13642,2059,5.371094,25000000.000
13643,2059,5.371094,25000000.000
13644,2058,4.882812,25000000.000
13645,2057,4.394531,25000000.000
13646,2056,3.906250,25000000.000
13647,2056,3.906250,25000000.000
13648,2054,2.929688,25000000.000
13649,2054,2.929688,25000000.000
13650,2051,1.464844,25000000.000
13651,2050,0.976562,25000000.000
13652,2047,-0.488281,25000000.000
13653,2046,-0.976562,25000000.000
13654,2043,-2.441406,25000000.000
13655,2042,-2.929688,25000000.000
13656,2039,-4.394531,25000000.000
13657,2038,-4.882812,25000000.000
13658,2035,-6.347656,25000000.000
13659,2036,-5.859375,25000000.000
13660,2035,-6.347656,25000000.000
13661,2031,-8.300781,25000000.000
13662,2033,-7.324219,25000000.000
13663,2033,-7.324219,25000000.000
13664,2033,-7.324219,25000000.000
13665,2032,-7.812500,25000000.000
13666,2034,-6.835938,25000000.000
13667,2034,-6.835938,25000000.000
13668,2036,-5.859375,25000000.000
13669,2038,-4.882812,25000000.000
13670,2039,-4.394531,25000000.000
13671,2040,-3.906250,25000000.000
13672,2042,-2.929688,25000000.000
13673,2044,-1.953125,25000000.000
13674,2047,-0.488281,25000000.000
13675,2048,0.000000,25000000.000
13676,2051,1.464844,25000000.000
13677,2052,1.953125,25000000.000
13678,2053,2.441406,25000000.000
13679,2054,2.929688,25000000.000
13680,2059,5.371094,25000000.000
13681,2059,5.371094,25000000.000
13682,2057,4.394531,25000000.000
13683,2058,4.882812,25000000.000
13684,2059,5.371094,25000000.000
13685,2060,5.859375,25000000.000
13686,2059,5.371094,25000000.000
13687,2056,3.906250,25000000.000
13688,2055,3.417969,25000000.000
13689,2052,1.953125,25000000.000
13690,2050,0.976562,25000000.000
13691,2052,1.953125,25000000.000
13692,2049,0.488281,25000000.000
13693,2046,-0.976562,25000000.000
13694,2043,-2.441406,25000000.000
13695,2045,-1.464844,25000000.000
13696,2043,-2.441406,25000000.000
13697,2036,-5.859375,25000000.000
13698,2036,-5.859375,25000000.000
13699,2037,-5.371094,25000000.000
13700,2037,-5.371094,25000000.000
13701,2031,-8.300781,25000000.000
13702,2033,-7.324219,25000000.000
13703,2033,-7.324219,25000000.000
13704,2033,-7.324219,25000000.000
13705,2033,-7.324219,25000000.000
13706,2031,-8.300781,25000000.000
13707,2033,-7.324219,25000000.000
13708,2034,-6.835938,25000000.000
13709,2038,-4.882812,25000000.000
13710,2038,-4.882812,25000000.000
13711,2038,-4.882812,25000000.000
13712,2041,-3.417969,25000000.000
13713,2044,-1.953125,25000000.000
13714,2046,-0.976562,25000000.000
13715,2045,-1.464844,25000000.000
13716,2049,0.488281,25000000.000
13717,2052,1.953125,25000000.000
13718,2053,2.441406,25000000.000
13719,2053,2.441406,25000000.000
13720,2056,3.906250,25000000.000
13721,2059,5.371094,25000000.000
13722,2058,4.882812,25000000.000
13723,2058,4.882812,25000000.000
13724,2060,5.859375,25000000.000
13725,2058,4.882812,25000000.000
13726,2057,4.394531,25000000.000
13727,2059,5.371094,25000000.000
13728,2058,4.882812,25000000.000
13729,2055,3.417969,25000000.000
13730,2054,2.929688,25000000.000
13731,2055,3.417969,25000000.000
13732,2052,1.953125,25000000.000
13733,2049,0.488281,25000000.000
13734,2048,0.000000,25000000.000
13735,2047,-0.488281,25000000.000
13736,2044,-1.953125,25000000.000
13737,2042,-2.929688,25000000.000
13738,2041,-3.417969,25000000.000
13739,2038,-4.882812,25000000.000
13740,2036,-5.859375,25000000.000
13741,2035,-6.347656,25000000.000
13742,2033,-7.324219,25000000.000
13743,2034,-6.835938,25000000.000
13744,2032,-7.812500,25000000.000
13745,2033,-7.324219,25000000.000
13746,2033,-7.324219,25000000.000
13747,2032,-7.812500,25000000.000
13748,2034,-6.835938,25000000.000
13749,2035,-6.347656,25000000.000
13750,2036,-5.859375,25000000.000
13751,2035,-6.347656,25000000.000
13752,2039,-4.394531,25000000.000
13753,2042,-2.929688,25000000.000
13754,2042,-2.929688,25000000.000
13755,2042,-2.929688,25000000.000
13756,2047,-0.488281,25000000.000
13757,2050,0.976562,25000000.000
13758,2049,0.488281,25000000.000
13759,2052,1.953125,25000000.000
13760,2056,3.906250,25000000.000
13761,2054,2.929688,25000000.000
13762,2056,3.906250,25000000.000
13763,2057,4.394531,25000000.000
13764,2058,4.882812,25000000.000
13765,2057,4.394531,25000000.000
13766,2058,4.882812,25000000.000
13767,2057,4.394531,25000000.000
13768,2057,4.394531,25000000.000
13769,2057,4.394531,25000000.000
13770,2056,3.906250,25000000.000
13771,2055,3.417969,25000000.000
13772,2053,2.441406,25000000.000
13773,2050,0.976562,25000000.000
13774,2048,0.000000,25000000.000
13775,2049,0.488281,25000000.000
13776,2044,-1.953125,25000000.000
13777,2043,-2.441406,25000000.000
13778,2041,-3.417969,25000000.000
13779,2042,-2.929688,25000000.000
13780,2038,-4.882812,25000000.000
13781,2032,-7.812500,25000000.000
13782,2035,-6.347656,25000000.000
13783,2032,-7.812500,25000000.000
13784,2032,-7.812500,25000000.000
13785,2033,-7.324219,25000000.000
13786,2032,-7.812500,25000000.000
13787,2030,-8.789062,25000000.000
13788,2033,-7.324219,25000000.000
13789,2034,-6.835938,25000000.000
13790,2033,-7.324219,25000000.000
13791,2035,-6.347656,25000000.000
13792,2037,-5.371094,25000000.000
13793,2037,-5.371094,25000000.000
13794,2039,-4.394531,25000000.000
13795,2040,-3.906250,25000000.000
13796,2044,-1.953125,25000000.000
13797,2045,-1.464844,25000000.000
13798,2047,-0.488281,25000000.000
13799,2049,0.488281,25000000.000
13800,2051,1.464844,25000000.000
13801,2052,1.953125,25000000.000
13802,2055,3.417969,25000000.000
13803,2055,3.417969,25000000.000
13804,2057,4.394531,25000000.000
13805,2059,5.371094,25000000.000
13806,2057,4.394531,25000000.000
13807,2057,4.394531,25000000.000
13808,2057,4.394531,25000000.000
13809,2059,5.371094,25000000.000
13810,2058,4.882812,25000000.000
13811,2057,4.394531,25000000.000
13812,2055,3.417969,25000000.000
13813,2054,2.929688,25000000.000
13814,2051,1.464844,25000000.000
13815,2051,1.464844,25000000.000
13816,2047,-0.488281,25000000.000
13817,2045,-1.464844,25000000.000
13818,2042,-2.929688,25000000.000
13819,2043,-2.441406,25000000.000
13820,2039,-4.394531,25000000.000
13821,2039,-4.394531,25000000.000
13822,2035,-6.347656,25000000.000
13823,2040,-3.906250,25000000.000
13824,2030,-8.789062,25000000.000
13825,2033,-7.324219,25000000.000
13826,2034,-6.835938,25000000.000
13827,2037,-5.371094,25000000.000
13828,2033,-7.324219,25000000.000
13829,2033,-7.324219,25000000.000
13830,2031,-8.300781,25000000.000
13831,2034,-6.835938,25000000.000
13832,2036,-5.859375,25000000.000
13833,2035,-6.347656,25000000.000
13834,2038,-4.882812,25000000.000
13835,2037,-5.371094,25000000.000
13836,2042,-2.929688,25000000.000
13837,2043,-2.441406,25000000.000
13838,2046,-0.976562,25000000.000
13839,2046,-0.976562,25000000.000
13840,2049,0.488281,25000000.000
13841,2052,1.953125,25000000.000
13842,2053,2.441406,25000000.000
13843,2054,2.929688,25000000.000
13844,2055,3.417969,25000000.000
13845,2057,4.394531,25000000.000
13846,2059,5.371094,25000000.000
13847,2057,4.394531,25000000.000
13848,2058,4.882812,25000000.000
13849,2059,5.371094,25000000.000
13850,2058,4.882812,25000000.000
13851,2057,4.394531,25000000.000
13852,2057,4.394531,25000000.000
13853,2056,3.906250,25000000.000
13854,2053,2.441406,25000000.000
13855,2052,1.953125,25000000.000
13856,2051,1.464844,25000000.000
13857,2048,0.000000,25000000.000
13858,2045,-1.464844,25000000.000
13859,2046,-0.976562,25000000.000
13860,2043,-2.441406,25000000.000
13861,2040,-3.906250,25000000.000
13862,2039,-4.394531,25000000.000
13863,2039,-4.394531,25000000.000
13864,2035,-6.347656,25000000.000
13865,2033,-7.324219,25000000.000
13866,2033,-7.324219,25000000.000
13867,2033,-7.324219,25000000.000
13868,2032,-7.812500,25000000.000
13869,2032,-7.812500,25000000.000
13870,2033,-7.324219,25000000.000
13871,2033,-7.324219,25000000.000
13872,2034,-6.835938,25000000.000
13873,2038,-4.882812,25000000.000
13874,2037,-5.371094,25000000.000
13875,2039,-4.394531,25000000.000
13876,2038,-4.882812,25000000.000
13877,2042,-2.929688,25000000.000
13878,2044,-1.953125,25000000.000
13879,2045,-1.464844,25000000.000
13880,2049,0.488281,25000000.000
13881,2050,0.976562,25000000.000
13882,2052,1.953125,25000000.000
13883,2051,1.464844,25000000.000
13884,2056,3.906250,25000000.000
13885,2057,4.394531,25000000.000
13886,2056,3.906250,25000000.000
13887,2056,3.906250,25000000.000
13888,2058,4.882812,25000000.000
13889,2058,4.882812,25000000.000
13890,2057,4.394531,25000000.000
13891,2057,4.394531,25000000.000
13892,2057,4.394531,25000000.000
13893,2056,3.906250,25000000.000
13894,2054,2.929688,25000000.000
13895,2054,2.929688,25000000.000
13896,2053,2.441406,25000000.000
13897,2049,0.488281,25000000.000
13898,2048,0.000000,25000000.000
13899,2049,0.488281,25000000.000
13900,2045,-1.464844,25000000.000
13901,2042,-2.929688,25000000.000
13902,2041,-3.417969,25000000.000
13903,2041,-3.417969,25000000.000
13904,2037,-5.371094,25000000.000
13905,2037,-5.371094,25000000.000
13906,2035,-6.347656,25000000.000
13907,2034,-6.835938,25000000.000
13908,2031,-8.300781,25000000.000
13909,2032,-7.812500,25000000.000
13910,2033,-7.324219,25000000.000
13911,2032,-7.812500,25000000.000
13912,2034,-6.835938,25000000.000
13913,2035,-6.347656,25000000.000
13914,2036,-5.859375,25000000.000
13915,2034,-6.835938,25000000.000
13916,2039,-4.394531,25000000.000
13917,2041,-3.417969,25000000.000
13918,2041,-3.417969,25000000.000
13919,2041,-3.417969,25000000.000
13920,2045,-1.464844,25000000.000
13921,2049,0.488281,25000000.000
13922,2049,0.488281,25000000.000
13923,2050,0.976562,25000000.000
13924,2053,2.441406,25000000.000
13925,2054,2.929688,25000000.000
13926,2056,3.906250,25000000.000
13927,2056,3.906250,25000000.000
13928,2059,5.371094,25000000.000
13929,2059,5.371094,25000000.000
13930,2059,5.371094,25000000.000
13931,2058,4.882812,25000000.000
13932,2058,4.882812,25000000.000
13933,2057,4.394531,25000000.000
13934,2057,4.394531,25000000.000
13935,2055,3.417969,25000000.000
13936,2053,2.441406,25000000.000
13937,2051,1.464844,25000000.000
13938,2049,0.488281,25000000.000
13939,2049,0.488281,25000000.000
13940,2046,-0.976562,25000000.000
13941,2045,-1.464844,25000000.000
13942,2043,-2.441406,25000000.000
13943,2044,-1.953125,25000000.000
13944,2039,-4.394531,25000000.000
13945,2038,-4.882812,25000000.000
13946,2036,-5.859375,25000000.000
13947,2036,-5.859375,25000000.000
13948,2033,-7.324219,25000000.000
13949,2032,-7.812500,25000000.000
13950,2031,-8.300781,25000000.000
13951,2031,-8.300781,25000000.000
13952,2034,-6.835938,25000000.000
13953,2033,-7.324219,25000000.000
13954,2032,-7.812500,25000000.000
13955,2033,-7.324219,25000000.000
13956,2036,-5.859375,25000000.000
13957,2037,-5.371094,25000000.000
13958,2038,-4.882812,25000000.000
13959,2040,-3.906250,25000000.000
13960,2044,-1.953125,25000000.000
13961,2044,-1.953125,25000000.000
13962,2046,-0.976562,25000000.000
13963,2047,-0.488281,25000000.000
13964,2052,1.953125,25000000.000
13965,2051,1.464844,25000000.000
13966,2054,2.929688,25000000.000
13967,2055,3.417969,25000000.000
13968,2058,4.882812,25000000.000
13969,2058,4.882812,25000000.000
13970,2058,4.882812,25000000.000
13971,2059,5.371094,25000000.000
13972,2058,4.882812,25000000.000
13973,2059,5.371094,25000000.000
13974,2057,4.394531,25000000.000
13975,2059,5.371094,25000000.000
13976,2055,3.417969,25000000.000
13977,2053,2.441406,25000000.000
13978,2052,1.953125,25000000.000
13979,2052,1.953125,25000000.000
13980,2048,0.000000,25000000.000
13981,2046,-0.976562,25000000.000
13982,2044,-1.953125,25000000.000
13983,2042,-2.929688,25000000.000
13984,2041,-3.417969,25000000.000
13985,2038,-4.882812,25000000.000
13986,2043,-2.441406,25000000.000
13987,2039,-4.394531,25000000.000
13988,2039,-4.394531,25000000.000
13989,2030,-8.789062,25000000.000
13990,2032,-7.812500,25000000.000
13991,2030,-8.789062,25000000.000
13992,2034,-6.835938,25000000.000
13993,2029,-9.277344,25000000.000
13994,2035,-6.347656,25000000.000
13995,2033,-7.324219,25000000.000
13996,2036,-5.859375,25000000.000
13997,2034,-6.835938,25000000.000
13998,2039,-4.394531,25000000.000
13999,2037,-5.371094,25000000.000
14000,2040,-3.906250,25000000.000
14001,2043,-2.441406,25000000.000
14002,2045,-1.464844,25000000.000
14003,2043,-2.441406,25000000.000
14004,2047,-0.488281,25000000.000
14005,2052,1.953125,25000000.000
14006,2052,1.953125,25000000.000
14007,2052,1.953125,25000000.000
14008,2053,2.441406,25000000.000
14009,2057,4.394531,25000000.000
14010,2059,5.371094,25000000.000
14011,2058,4.882812,25000000.000
14012,2057,4.394531,25000000.000
14013,2058,4.882812,25000000.000
14014,2058,4.882812,25000000.000
14015,2057,4.394531,25000000.000
14016,2056,3.906250,25000000.000
14017,2056,3.906250,25000000.000
14018,2054,2.929688,25000000.000
14019,2053,2.441406,25000000.000
14020,2049,0.488281,25000000.000
14021,2049,0.488281,25000000.000
14022,2047,-0.488281,25000000.000
14023,2046,-0.976562,25000000.000
14024,2044,-1.953125,25000000.000
14025,2041,-3.417969,25000000.000
14026,2037,-5.371094,25000000.000
14027,2039,-4.394531,25000000.000
14028,2036,-5.859375,25000000.000
14029,2034,-6.835938,25000000.000
14030,2035,-6.347656,25000000.000
14031,2035,-6.347656,25000000.000
14032,2032,-7.812500,25000000.000
14033,2031,-8.300781,25000000.000
14034,2033,-7.324219,25000000.000
14035,2034,-6.835938,25000000.000
14036,2033,-7.324219,25000000.000
14037,2035,-6.347656,25000000.000
14038,2038,-4.882812,25000000.000
14039,2036,-5.859375,25000000.000
14040,2037,-5.371094,25000000.000
14041,2042,-2.929688,25000000.000
14042,2045,-1.464844,25000000.000
14043,2044,-1.953125,25000000.000
14044,2046,-0.976562,25000000.000
14045,2049,0.488281,25000000.000
14046,2051,1.464844,25000000.000
14047,2051,1.464844,25000000.000
14048,2056,3.906250,25000000.000
14049,2055,3.417969,25000000.000
14050,2056,3.906250,25000000.000
14051,2056,3.906250,25000000.000
14052,2059,5.371094,25000000.000
14053,2060,5.859375,25000000.000
14054,2058,4.882812,25000000.000
14055,2057,4.394531,25000000.000
14056,2059,5.371094,25000000.000
14057,2058,4.882812,25000000.000
14058,2055,3.417969,25000000.000
14059,2056,3.906250,25000000.000
14060,2053,2.441406,25000000.000
14061,2050,0.976562,25000000.000
14062,2049,0.488281,25000000.000
14063,2049,0.488281,25000000.000
14064,2046,-0.976562,25000000.000
14065,2043,-2.441406,25000000.000
14066,2043,-2.441406,25000000.000
14067,2042,-2.929688,25000000.000
14068,2037,-5.371094,25000000.000
14069,2037,-5.371094,25000000.000
14070,2036,-5.859375,25000000.000
14071,2035,-6.347656,25000000.000
14072,2033,-7.324219,25000000.000
14073,2033,-7.324219,25000000.000
14074,2034,-6.835938,25000000.000
14075,2034,-6.835938,25000000.000
14076,2033,-7.324219,25000000.000
14077,2035,-6.347656,25000000.000
14078,2035,-6.347656,25000000.000
14079,2036,-5.859375,25000000.000
14080,2038,-4.882812,25000000.000
14081,2040,-3.906250,25000000.000
14082,2041,-3.417969,25000000.000
14083,2041,-3.417969,25000000.000
14084,2046,-0.976562,25000000.000
14085,2048,0.000000,25000000.000
14086,2047,-0.488281,25000000.000
14087,2050,0.976562,25000000.000
14088,2056,3.906250,25000000.000
14089,2055,3.417969,25000000.000
14090,2057,4.394531,25000000.000
14091,2056,3.906250,25000000.000
14092,2058,4.882812,25000000.000
14093,2057,4.394531,25000000.000
14094,2060,5.859375,25000000.000
14095,2060,5.859375,25000000.000
14096,2059,5.371094,25000000.000
14097,2056,3.906250,25000000.000
14098,2057,4.394531,25000000.000
14099,2057,4.394531,25000000.000
14100,2056,3.906250,25000000.000
14101,2053,2.441406,25000000.000
14102,2053,2.441406,25000000.000
14103,2051,1.464844,25000000.000
14104,2047,-0.488281,25000000.000
14105,2046,-0.976562,25000000.000
14106,2045,-1.464844,25000000.000
14107,2045,-1.464844,25000000.000
14108,2039,-4.394531,25000000.000
14109,2039,-4.394531,25000000.000
14110,2038,-4.882812,25000000.000
14111,2036,-5.859375,25000000.000
14112,2035,-6.347656,25000000.000
14113,2035,-6.347656,25000000.000
14114,2033,-7.324219,25000000.000
14115,2033,-7.324219,25000000.000
14116,2033,-7.324219,25000000.000
14117,2033,-7.324219,25000000.000
14118,2033,-7.324219,25000000.000
14119,2034,-6.835938,25000000.000
14120,2037,-5.371094,25000000.000
14121,2038,-4.882812,25000000.000
14122,2039,-4.394531,25000000.000
14123,2039,-4.394531,25000000.000
14124,2043,-2.441406,25000000.000
14125,2045,-1.464844,25000000.000
14126,2045,-1.464844,25000000.000
14127,2046,-0.976562,25000000.000
14128,2051,1.464844,25000000.000
14129,2051,1.464844,25000000.000
14130,2053,2.441406,25000000.000
14131,2054,2.929688,25000000.000
14132,2058,4.882812,25000000.000
14133,2054,2.929688,25000000.000
14134,2057,4.394531,25000000.000
14135,2058,4.882812,25000000.000
14136,2057,4.394531,25000000.000
14137,2057,4.394531,25000000.000
14138,2057,4.394531,25000000.000
14139,2055,3.417969,25000000.000
14140,2048,0.000000,25000000.000
14141,2058,4.882812,25000000.000
14142,2051,1.464844,25000000.000
14143,2047,-0.488281,25000000.000
14144,2043,-2.441406,25000000.000
14145,2055,3.417969,25000000.000
14146,2044,-1.953125,25000000.000
14147,2044,-1.953125,25000000.000
14148,2040,-3.906250,25000000.000
14149,2044,-1.953125,25000000.000
14150,2034,-6.835938,25000000.000
14151,2034,-6.835938,25000000.000
14152,2034,-6.835938,25000000.000
14153,2036,-5.859375,25000000.000
14154,2031,-8.300781,25000000.000
14155,2032,-7.812500,25000000.000
14156,2032,-7.812500,25000000.000
14157,2032,-7.812500,25000000.000
14158,2030,-8.789062,25000000.000
14159,2033,-7.324219,25000000.000
14160,2035,-6.347656,25000000.000
14161,2033,-7.324219,25000000.000
14162,2037,-5.371094,25000000.000
14163,2038,-4.882812,25000000.000
14164,2040,-3.906250,25000000.000
14165,2042,-2.929688,25000000.000
14166,2045,-1.464844,25000000.000
14167,2045,-1.464844,25000000.000
14168,2047,-0.488281,25000000.000
14169,2051,1.464844,25000000.000
14170,2048,0.000000,25000000.000
14171,2048,0.000000,25000000.000
14172,2047,-0.488281,25000000.000
14173,2060,5.859375,25000000.000
14174,2058,4.882812,25000000.000
14175,2060,5.859375,25000000.000
14176,2057,4.394531,25000000.000
14177,2059,5.371094,25000000.000
14178,2057,4.394531,25000000.000
14179,2058,4.882812,25000000.000
14180,2057,4.394531,25000000.000
14181,2055,3.417969,25000000.000
14182,2054,2.929688,25000000.000
14183,2053,2.441406,25000000.000
14184,2053,2.441406,25000000.000
14185,2050,0.976562,25000000.000
14186,2048,0.000000,25000000.000
14187,2047,-0.488281,25000000.000
14188,2043,-2.441406,25000000.000
14189,2042,-2.929688,25000000.000
14190,2039,-4.394531,25000000.000
14191,2039,-4.394531,25000000.000
14192,2038,-4.882812,25000000.000
14193,2035,-6.347656,25000000.000
14194,2034,-6.835938,25000000.000
14195,2034,-6.835938,25000000.000
14196,2032,-7.812500,25000000.000
14197,2031,-8.300781,25000000.000
14198,2033,-7.324219,25000000.000
14199,2032,-7.812500,25000000.000
14200,2032,-7.812500,25000000.000
14201,2032,-7.812500,25000000.000
14202,2034,-6.835938,25000000.000
14203,2034,-6.835938,25000000.000
14204,2036,-5.859375,25000000.000
14205,2040,-3.906250,25000000.000
14206,2041,-3.417969,25000000.000
14207,2041,-3.417969,25000000.000
14208,2046,-0.976562,25000000.000
14209,2047,-0.488281,25000000.000
14210,2051,1.464844,25000000.000
14211,2050,0.976562,25000000.000
14212,2052,1.953125,25000000.000
14213,2055,3.417969,25000000.000
14214,2056,3.906250,25000000.000
14215,2055,3.417969,25000000.000
14216,2058,4.882812,25000000.000
14217,2058,4.882812,25000000.000
14218,2057,4.394531,25000000.000
14219,2057,4.394531,25000000.000
14220,2058,4.882812,25000000.000
14221,2057,4.394531,25000000.000
14222,2056,3.906250,25000000.000
14223,2057,4.394531,25000000.000
14224,2053,2.441406,25000000.000
14225,2052,1.953125,25000000.000
14226,2050,0.976562,25000000.000
14227,2050,0.976562,25000000.000
14228,2046,-0.976562,25000000.000
14229,2043,-2.441406,25000000.000
14230,2042,-2.929688,25000000.000
14231,2043,-2.441406,25000000.000
14232,2039,-4.394531,25000000.000
14233,2036,-5.859375,25000000.000
14234,2036,-5.859375,25000000.000
14235,2035,-6.347656,25000000.000
14236,2033,-7.324219,25000000.000
14237,2032,-7.812500,25000000.000
14238,2033,-7.324219,25000000.000
14239,2034,-6.835938,25000000.000
14240,2032,-7.812500,25000000.000
14241,2033,-7.324219,25000000.000
14242,2034,-6.835938,25000000.000
14243,2035,-6.347656,25000000.000
14244,2035,-6.347656,25000000.000
14245,2040,-3.906250,25000000.000
14246,2041,-3.417969,25000000.000
14247,2039,-4.394531,25000000.000
14248,2045,-1.464844,25000000.000
14249,2048,0.000000,25000000.000
14250,2050,0.976562,25000000.000
14251,2048,0.000000,25000000.000
14252,2053,2.441406,25000000.000
14253,2054,2.929688,25000000.000
14254,2054,2.929688,25000000.000
14255,2054,2.929688,25000000.000
14256,2059,5.371094,25000000.000
14257,2058,4.882812,25000000.000
14258,2058,4.882812,25000000.000
14259,2059,5.371094,25000000.000
14260,2058,4.882812,25000000.000
14261,2058,4.882812,25000000.000
14262,2058,4.882812,25000000.000
14263,2058,4.882812,25000000.000
14264,2056,3.906250,25000000.000
14265,2053,2.441406,25000000.000
14266,2053,2.441406,25000000.000
14267,2053,2.441406,25000000.000
14268,2048,0.000000,25000000.000
14269,2046,-0.976562,25000000.000
14270,2046,-0.976562,25000000.000
14271,2045,-1.464844,25000000.000
14272,2040,-3.906250,25000000.000
14273,2039,-4.394531,25000000.000
14274,2039,-4.394531,25000000.000
14275,2040,-3.906250,25000000.000
14276,2035,-6.347656,25000000.000
14277,2034,-6.835938,25000000.000
14278,2033,-7.324219,25000000.000
14279,2034,-6.835938,25000000.000
14280,2034,-6.835938,25000000.000
14281,2034,-6.835938,25000000.000
14282,2034,-6.835938,25000000.000
14283,2032,-7.812500,25000000.000
14284,2035,-6.347656,25000000.000
14285,2038,-4.882812,25000000.000
14286,2038,-4.882812,25000000.000
14287,2037,-5.371094,25000000.000
14288,2041,-3.417969,25000000.000
14289,2043,-2.441406,25000000.000
14290,2045,-1.464844,25000000.000
14291,2045,-1.464844,25000000.000
14292,2049,0.488281,25000000.000
14293,2050,0.976562,25000000.000
14294,2052,1.953125,25000000.000
14295,2051,1.464844,25000000.000
14296,2055,3.417969,25000000.000
14297,2056,3.906250,25000000.000
14298,2058,4.882812,25000000.000
14299,2059,5.371094,25000000.000
14300,2059,5.371094,25000000.000
14301,2058,4.882812,25000000.000
14302,2058,4.882812,25000000.000
14303,2059,5.371094,25000000.000
14304,2055,3.417969,25000000.000
14305,2055,3.417969,25000000.000
14306,2056,3.906250,25000000.000
14307,2056,3.906250,25000000.000
14308,2047,-0.488281,25000000.000
14309,2050,0.976562,25000000.000
14310,2050,0.976562,25000000.000
14311,2050,0.976562,25000000.000
14312,2044,-1.953125,25000000.000
14313,2041,-3.417969,25000000.000
14314,2040,-3.906250,25000000.000
14315,2040,-3.906250,25000000.000
14316,2037,-5.371094,25000000.000
14317,2036,-5.859375,25000000.000
14318,2034,-6.835938,25000000.000
14319,2033,-7.324219,25000000.000
14320,2030,-8.789062,25000000.000
14321,2034,-6.835938,25000000.000
14322,2033,-7.324219,25000000.000
14323,2035,-6.347656,25000000.000
14324,2037,-5.371094,25000000.000
14325,2035,-6.347656,25000000.000
14326,2040,-3.906250,25000000.000
14327,2040,-3.906250,25000000.000
14328,2043,-2.441406,25000000.000
14329,2038,-4.882812,25000000.000
14330,2046,-0.976562,25000000.000
14331,2044,-1.953125,25000000.000
14332,2048,0.000000,25000000.000
14333,2048,0.000000,25000000.000
14334,2051,1.464844,25000000.000
14335,2052,1.953125,25000000.000
14336,2052,1.953125,25000000.000
14337,2049,0.488281,25000000.000
14338,2058,4.882812,25000000.000
14339,2059,5.371094,25000000.000
14340,2059,5.371094,25000000.000
14341,2058,4.882812,25000000.000
14342,2059,5.371094,25000000.000
14343,2058,4.882812,25000000.000
14344,2055,3.417969,25000000.000
14345,2058,4.882812,25000000.000
14346,2053,2.441406,25000000.000
14347,2055,3.417969,25000000.000
14348,2052,1.953125,25000000.000
14349,2048,0.000000,25000000.000
14350,2048,0.000000,25000000.000
14351,2047,-0.488281,25000000.000
14352,2043,-2.441406,25000000.000
14353,2042,-2.929688,25000000.000
14354,2038,-4.882812,25000000.000
14355,2039,-4.394531,25000000.000
14356,2037,-5.371094,25000000.000
14357,2036,-5.859375,25000000.000
14358,2033,-7.324219,25000000.000
14359,2033,-7.324219,25000000.000
14360,2032,-7.812500,25000000.000
14361,2032,-7.812500,25000000.000
14362,2031,-8.300781,25000000.000
14363,2032,-7.812500,25000000.000
14364,2033,-7.324219,25000000.000
14365,2031,-8.300781,25000000.000
14366,2036,-5.859375,25000000.000
14367,2034,-6.835938,25000000.000
14368,2037,-5.371094,25000000.000
14369,2039,-4.394531,25000000.000
14370,2041,-3.417969,25000000.000
14371,2041,-3.417969,25000000.000
14372,2046,-0.976562,25000000.000
14373,2048,0.000000,25000000.000
14374,2048,0.000000,25000000.000
14375,2049,0.488281,25000000.000
14376,2050,0.976562,25000000.000
14377,2054,2.929688,25000000.000
14378,2055,3.417969,25000000.000
14379,2056,3.906250,25000000.000
14380,2057,4.394531,25000000.000
14381,2057,4.394531,25000000.000
14382,2059,5.371094,25000000.000
14383,2057,4.394531,25000000.000
14384,2057,4.394531,25000000.000
14385,2060,5.859375,25000000.000
14386,2056,3.906250,25000000.000
14387,2055,3.417969,25000000.000
14388,2053,2.441406,25000000.000
14389,2052,1.953125,25000000.000
14390,2052,1.953125,25000000.000
14391,2053,2.441406,25000000.000
14392,2046,-0.976562,25000000.000
14393,2044,-1.953125,25000000.000
14394,2041,-3.417969,25000000.000
14395,2044,-1.953125,25000000.000
14396,2043,-2.441406,25000000.000
14397,2037,-5.371094,25000000.000
14398,2034,-6.835938,25000000.000
14399,2035,-6.347656,25000000.000
14400,2035,-6.347656,25000000.000
14401,2031,-8.300781,25000000.000
14402,2033,-7.324219,25000000.000
14403,2034,-6.835938,25000000.000
14404,2032,-7.812500,25000000.000
14405,2032,-7.812500,25000000.000
14406,2035,-6.347656,25000000.000
14407,2035,-6.347656,25000000.000
14408,2035,-6.347656,25000000.000
14409,2037,-5.371094,25000000.000
14410,2040,-3.906250,25000000.000
14411,2039,-4.394531,25000000.000
14412,2042,-2.929688,25000000.000
14413,2045,-1.464844,25000000.000
14414,2047,-0.488281,25000000.000
14415,2047,-0.488281,25000000.000
14416,2050,0.976562,25000000.000
14417,2053,2.441406,25000000.000
14418,2053,2.441406,25000000.000
14419,2053,2.441406,25000000.000
14420,2056,3.906250,25000000.000
14421,2058,4.882812,25000000.000
14422,2059,5.371094,25000000.000
14423,2058,4.882812,25000000.000
14424,2058,4.882812,25000000.000
14425,2057,4.394531,25000000.000
14426,2058,4.882812,25000000.000
14427,2058,4.882812,25000000.000
14428,2058,4.882812,25000000.000
14429,2054,2.929688,25000000.000
14430,2054,2.929688,25000000.000
14431,2053,2.441406,25000000.000
14432,2050,0.976562,25000000.000
14433,2048,0.000000,25000000.000
14434,2046,-0.976562,25000000.000
14435,2046,-0.976562,25000000.000
14436,2041,-3.417969,25000000.000
14437,2040,-3.906250,25000000.000
14438,2038,-4.882812,25000000.000
14439,2039,-4.394531,25000000.000
14440,2035,-6.347656,25000000.000
14441,2034,-6.835938,25000000.000
14442,2034,-6.835938,25000000.000
14443,2034,-6.835938,25000000.000
14444,2032,-7.812500,25000000.000
14445,2033,-7.324219,25000000.000
14446,2034,-6.835938,25000000.000
14447,2031,-8.300781,25000000.000
14448,2036,-5.859375,25000000.000
14449,2037,-5.371094,25000000.000
14450,2036,-5.859375,25000000.000
14451,2036,-5.859375,25000000.000
14452,2041,-3.417969,25000000.000
14453,2044,-1.953125,25000000.000
14454,2045,-1.464844,25000000.000
14455,2044,-1.953125,25000000.000
14456,2049,0.488281,25000000.000
14457,2051,1.464844,25000000.000
14458,2053,2.441406,25000000.000
14459,2054,2.929688,25000000.000
14460,2056,3.906250,25000000.000
14461,2057,4.394531,25000000.000
14462,2058,4.882812,25000000.000
14463,2059,5.371094,25000000.000
14464,2060,5.859375,25000000.000
14465,2059,5.371094,25000000.000
14466,2060,5.859375,25000000.000
14467,2059,5.371094,25000000.000
14468,2058,4.882812,25000000.000
14469,2056,3.906250,25000000.000
14470,2055,3.417969,25000000.000
14471,2056,3.906250,25000000.000
14472,2051,1.464844,25000000.000
14473,2048,0.000000,25000000.000
14474,2045,-1.464844,25000000.000
14475,2047,-0.488281,25000000.000
14476,2044,-1.953125,25000000.000
14477,2041,-3.417969,25000000.000
14478,2040,-3.906250,25000000.000
14479,2040,-3.906250,25000000.000
14480,2037,-5.371094,25000000.000
14481,2034,-6.835938,25000000.000
14482,2034,-6.835938,25000000.000
14483,2033,-7.324219,25000000.000
14484,2033,-7.324219,25000000.000
14485,2033,-7.324219,25000000.000
14486,2031,-8.300781,25000000.000
14487,2032,-7.812500,25000000.000
14488,2033,-7.324219,25000000.000
14489,2035,-6.347656,25000000.000
14490,2037,-5.371094,25000000.000
14491,2038,-4.882812,25000000.000
14492,2040,-3.906250,25000000.000
14493,2040,-3.906250,25000000.000
14494,2044,-1.953125,25000000.000
14495,2044,-1.953125,25000000.000
14496,2046,-0.976562,25000000.000
14497,2050,0.976562,25000000.000
14498,2052,1.953125,25000000.000
14499,2051,1.464844,25000000.000
14500,2054,2.929688,25000000.000
14501,2056,3.906250,25000000.000
14502,2058,4.882812,25000000.000
14503,2057,4.394531,25000000.000
14504,2057,4.394531,25000000.000
14505,2059,5.371094,25000000.000
14506,2059,5.371094,25000000.000
14507,2059,5.371094,25000000.000
14508,2057,4.394531,25000000.000
14509,2058,4.882812,25000000.000
14510,2057,4.394531,25000000.000
14511,2057,4.394531,25000000.000
14512,2055,3.417969,25000000.000
14513,2053,2.441406,25000000.000
14514,2052,1.953125,25000000.000
14515,2051,1.464844,25000000.000
14516,2047,-0.488281,25000000.000
14517,2047,-0.488281,25000000.000
14518,2043,-2.441406,25000000.000
14519,2048,0.000000,25000000.000
14520,2040,-3.906250,25000000.000
14521,2040,-3.906250,25000000.000
14522,2033,-7.324219,25000000.000
14523,2034,-6.835938,25000000.000
14524,2034,-6.835938,25000000.000
14525,2032,-7.812500,25000000.000
14526,2033,-7.324219,25000000.000
14527,2033,-7.324219,25000000.000
14528,2030,-8.789062,25000000.000
14529,2032,-7.812500,25000000.000
14530,2035,-6.347656,25000000.000
14531,2033,-7.324219,25000000.000
14532,2037,-5.371094,25000000.000
14533,2039,-4.394531,25000000.000
14534,2039,-4.394531,25000000.000
14535,2041,-3.417969,25000000.000
14536,2043,-2.441406,25000000.000
14537,2046,-0.976562,25000000.000
14538,2047,-0.488281,25000000.000
14539,2049,0.488281,25000000.000
14540,2050,0.976562,25000000.000
14541,2054,2.929688,25000000.000
14542,2054,2.929688,25000000.000
14543,2054,2.929688,25000000.000
14544,2057,4.394531,25000000.000
14545,2057,4.394531,25000000.000
14546,2057,4.394531,25000000.000
14547,2057,4.394531,25000000.000
14548,2058,4.882812,25000000.000
14549,2059,5.371094,25000000.000
14550,2056,3.906250,25000000.000
14551,2055,3.417969,25000000.000
14552,2055,3.417969,25000000.000
14553,2053,2.441406,25000000.000
14554,2051,1.464844,25000000.000
14555,2051,1.464844,25000000.000
14556,2049,0.488281,25000000.000
14557,2045,-1.464844,25000000.000
14558,2043,-2.441406,25000000.000
14559,2044,-1.953125,25000000.000
14560,2040,-3.906250,25000000.000
14561,2038,-4.882812,25000000.000
14562,2036,-5.859375,25000000.000
14563,2036,-5.859375,25000000.000
14564,2033,-7.324219,25000000.000
14565,2032,-7.812500,25000000.000
14566,2032,-7.812500,25000000.000
14567,2032,-7.812500,25000000.000
14568,2031,-8.300781,25000000.000
14569,2031,-8.300781,25000000.000
14570,2033,-7.324219,25000000.000
14571,2033,-7.324219,25000000.000
14572,2034,-6.835938,25000000.000
14573,2035,-6.347656,25000000.000
14574,2038,-4.882812,25000000.000
14575,2038,-4.882812,25000000.000
14576,2041,-3.417969,25000000.000
14577,2044,-1.953125,25000000.000
14578,2045,-1.464844,25000000.000
14579,2045,-1.464844,25000000.000
14580,2050,0.976562,25000000.000
14581,2052,1.953125,25000000.000
14582,2054,2.929688,25000000.000
14583,2052,1.953125,25000000.000
14584,2055,3.417969,25000000.000
14585,2057,4.394531,25000000.000
14586,2057,4.394531,25000000.000
14587,2057,4.394531,25000000.000
14588,2059,5.371094,25000000.000
14589,2059,5.371094,25000000.000
14590,2057,4.394531,25000000.000
14591,2059,5.371094,25000000.000
14592,2056,3.906250,25000000.000
14593,2054,2.929688,25000000.000
14594,2052,1.953125,25000000.000
14595,2053,2.441406,25000000.000
14596,2050,0.976562,25000000.000
14597,2047,-0.488281,25000000.000
14598,2046,-0.976562,25000000.000
14599,2045,-1.464844,25000000.000
14600,2041,-3.417969,25000000.000
14601,2040,-3.906250,25000000.000
14602,2038,-4.882812,25000000.000
14603,2038,-4.882812,25000000.000
14604,2033,-7.324219,25000000.000
14605,2035,-6.347656,25000000.000
14606,2031,-8.300781,25000000.000
14607,2033,-7.324219,25000000.000
14608,2031,-8.300781,25000000.000
14609,2032,-7.812500,25000000.000
14610,2033,-7.324219,25000000.000
14611,2032,-7.812500,25000000.000
14612,2034,-6.835938,25000000.000
14613,2036,-5.859375,25000000.000
14614,2035,-6.347656,25000000.000
14615,2035,-6.347656,25000000.000
14616,2040,-3.906250,25000000.000
14617,2042,-2.929688,25000000.000
14618,2042,-2.929688,25000000.000
14619,2043,-2.441406,25000000.000
14620,2049,0.488281,25000000.000
14621,2049,0.488281,25000000.000
14622,2049,0.488281,25000000.000
14623,2051,1.464844,25000000.000
14624,2055,3.417969,25000000.000
14625,2056,3.906250,25000000.000
14626,2056,3.906250,25000000.000
14627,2057,4.394531,25000000.000
14628,2058,4.882812,25000000.000
14629,2058,4.882812,25000000.000
14630,2059,5.371094,25000000.000
14631,2058,4.882812,25000000.000
14632,2059,5.371094,25000000.000
14633,2058,4.882812,25000000.000
14634,2055,3.417969,25000000.000
14635,2055,3.417969,25000000.000
14636,2052,1.953125,25000000.000
14637,2051,1.464844,25000000.000
14638,2049,0.488281,25000000.000
14639,2050,0.976562,25000000.000
14640,2044,-1.953125,25000000.000
14641,2043,-2.441406,25000000.000
14642,2041,-3.417969,25000000.000
14643,2041,-3.417969,25000000.000
14644,2037,-5.371094,25000000.000
14645,2035,-6.347656,25000000.000
14646,2035,-6.347656,25000000.000
14647,2034,-6.835938,25000000.000
14648,2035,-6.347656,25000000.000
14649,2033,-7.324219,25000000.000
14650,2033,-7.324219,25000000.000
14651,2031,-8.300781,25000000.000
14652,2032,-7.812500,25000000.000
14653,2035,-6.347656,25000000.000
14654,2035,-6.347656,25000000.000
14655,2036,-5.859375,25000000.000
14656,2039,-4.394531,25000000.000
14657,2039,-4.394531,25000000.000
14658,2040,-3.906250,25000000.000
14659,2042,-2.929688,25000000.000
14660,2047,-0.488281,25000000.000
14661,2048,0.000000,25000000.000
14662,2050,0.976562,25000000.000
14663,2050,0.976562,25000000.000
14664,2054,2.929688,25000000.000
14665,2054,2.929688,25000000.000
14666,2056,3.906250,25000000.000
14667,2056,3.906250,25000000.000
14668,2057,4.394531,25000000.000
14669,2060,5.859375,25000000.000
14670,2060,5.859375,25000000.000
14671,2060,5.859375,25000000.000
14672,2057,4.394531,25000000.000
14673,2059,5.371094,25000000.000
14674,2058,4.882812,25000000.000
14675,2058,4.882812,25000000.000
14676,2054,2.929688,25000000.000
14677,2053,2.441406,25000000.000
14678,2051,1.464844,25000000.000
14679,2052,1.953125,25000000.000
14680,2049,0.488281,25000000.000
14681,2045,-1.464844,25000000.000
14682,2043,-2.441406,25000000.000
14683,2042,-2.929688,25000000.000
14684,2039,-4.394531,25000000.000
14685,2038,-4.882812,25000000.000
14686,2035,-6.347656,25000000.000
14687,2035,-6.347656,25000000.000
14688,2032,-7.812500,25000000.000
14689,2033,-7.324219,25000000.000
14690,2031,-8.300781,25000000.000
14691,2032,-7.812500,25000000.000
14692,2032,-7.812500,25000000.000
14693,2032,-7.812500,25000000.000
14694,2034,-6.835938,25000000.000
14695,2034,-6.835938,25000000.000
14696,2035,-6.347656,25000000.000
14697,2036,-5.859375,25000000.000
14698,2040,-3.906250,25000000.000
14699,2040,-3.906250,25000000.000
14700,2045,-1.464844,25000000.000
14701,2045,-1.464844,25000000.000
14702,2048,0.000000,25000000.000
14703,2050,0.976562,25000000.000
14704,2052,1.953125,25000000.000
14705,2050,0.976562,25000000.000
14706,2058,4.882812,25000000.000
14707,2057,4.394531,25000000.000
14708,2057,4.394531,25000000.000
14709,2057,4.394531,25000000.000
14710,2061,6.347656,25000000.000
14711,2060,5.859375,25000000.000
14712,2060,5.859375,25000000.000
14713,2059,5.371094,25000000.000
14714,2058,4.882812,25000000.000
14715,2057,4.394531,25000000.000
14716,2057,4.394531,25000000.000
14717,2056,3.906250,25000000.000
14718,2052,1.953125,25000000.000
14719,2051,1.464844,25000000.000
14720,2049,0.488281,25000000.000
14721,2049,0.488281,25000000.000
14722,2044,-1.953125,25000000.000
14723,2045,-1.464844,25000000.000
14724,2042,-2.929688,25000000.000
14725,2040,-3.906250,25000000.000
14726,2037,-5.371094,25000000.000
14727,2037,-5.371094,25000000.000
14728,2035,-6.347656,25000000.000
14729,2033,-7.324219,25000000.000
14730,2033,-7.324219,25000000.000
14731,2034,-6.835938,25000000.000
14732,2031,-8.300781,25000000.000
14733,2032,-7.812500,25000000.000
14734,2031,-8.300781,25000000.000
14735,2033,-7.324219,25000000.000
14736,2034,-6.835938,25000000.000
14737,2036,-5.859375,25000000.000
14738,2037,-5.371094,25000000.000
14739,2037,-5.371094,25000000.000
14740,2039,-4.394531,25000000.000
14741,2041,-3.417969,25000000.000
14742,2045,-1.464844,25000000.000
14743,2045,-1.464844,25000000.000
14744,2048,0.000000,25000000.000
14745,2051,1.464844,25000000.000
14746,2053,2.441406,25000000.000
14747,2052,1.953125,25000000.000
14748,2055,3.417969,25000000.000
14749,2058,4.882812,25000000.000
14750,2058,4.882812,25000000.000
14751,2057,4.394531,25000000.000
14752,2060,5.859375,25000000.000
14753,2059,5.371094,25000000.000
14754,2057,4.394531,25000000.000
14755,2057,4.394531,25000000.000
14756,2057,4.394531,25000000.000
14757,2056,3.906250,25000000.000
14758,2053,2.441406,25000000.000
14759,2054,2.929688,25000000.000
14760,2052,1.953125,25000000.000
14761,2048,0.000000,25000000.000
14762,2046,-0.976562,25000000.000
14763,2047,-0.488281,25000000.000
14764,2043,-2.441406,25000000.000
14765,2041,-3.417969,25000000.000
14766,2039,-4.394531,25000000.000
14767,2040,-3.906250,25000000.000
14768,2034,-6.835938,25000000.000
14769,2036,-5.859375,25000000.000
14770,2033,-7.324219,25000000.000
14771,2033,-7.324219,25000000.000
14772,2032,-7.812500,25000000.000
14773,2032,-7.812500,25000000.000
14774,2032,-7.812500,25000000.000
14775,2032,-7.812500,25000000.000
14776,2033,-7.324219,25000000.000
14777,2035,-6.347656,25000000.000
14778,2035,-6.347656,25000000.000
14779,2036,-5.859375,25000000.000
14780,2039,-4.394531,25000000.000
14781,2039,-4.394531,25000000.000
14782,2043,-2.441406,25000000.000
14783,2041,-3.417969,25000000.000
14784,2046,-0.976562,25000000.000
14785,2049,0.488281,25000000.000
14786,2050,0.976562,25000000.000
14787,2050,0.976562,25000000.000
14788,2054,2.929688,25000000.000
14789,2054,2.929688,25000000.000
14790,2055,3.417969,25000000.000
14791,2056,3.906250,25000000.000
14792,2059,5.371094,25000000.000
14793,2058,4.882812,25000000.000
14794,2059,5.371094,25000000.000
14795,2058,4.882812,25000000.000
14796,2058,4.882812,25000000.000
14797,2056,3.906250,25000000.000
14798,2057,4.394531,25000000.000
14799,2056,3.906250,25000000.000
14800,2052,1.953125,25000000.000
14801,2052,1.953125,25000000.000
14802,2049,0.488281,25000000.000
14803,2050,0.976562,25000000.000
14804,2045,-1.464844,25000000.000
14805,2044,-1.953125,25000000.000
14806,2042,-2.929688,25000000.000
14807,2041,-3.417969,25000000.000
14808,2036,-5.859375,25000000.000
14809,2035,-6.347656,25000000.000
14810,2034,-6.835938,25000000.000
14811,2034,-6.835938,25000000.000
14812,2031,-8.300781,25000000.000
14813,2031,-8.300781,25000000.000
14814,2031,-8.300781,25000000.000
14815,2031,-8.300781,25000000.000
14816,2032,-7.812500,25000000.000
14817,2033,-7.324219,25000000.000
14818,2032,-7.812500,25000000.000
14819,2032,-7.812500,25000000.000
14820,2040,-3.906250,25000000.000
14821,2036,-5.859375,25000000.000
14822,2040,-3.906250,25000000.000
14823,2041,-3.417969,25000000.000
14824,2046,-0.976562,25000000.000
14825,2045,-1.464844,25000000.000
14826,2048,0.000000,25000000.000
14827,2048,0.000000,25000000.000
14828,2051,1.464844,25000000.000
14829,2053,2.441406,25000000.000
14830,2057,4.394531,25000000.000
14831,2056,3.906250,25000000.000
14832,2058,4.882812,25000000.000
14833,2058,4.882812,25000000.000
14834,2060,5.859375,25000000.000
14835,2060,5.859375,25000000.000
14836,2059,5.371094,25000000.000
14837,2058,4.882812,25000000.000
14838,2057,4.394531,25000000.000
14839,2057,4.394531,25000000.000
14840,2056,3.906250,25000000.000
14841,2054,2.929688,25000000.000
14842,2052,1.953125,25000000.000
14843,2052,1.953125,25000000.000
14844,2049,0.488281,25000000.000
14845,2045,-1.464844,25000000.000
14846,2044,-1.953125,25000000.000
14847,2043,-2.441406,25000000.000
14848,2039,-4.394531,25000000.000
14849,2039,-4.394531,25000000.000
14850,2036,-5.859375,25000000.000
14851,2036,-5.859375,25000000.000
14852,2035,-6.347656,25000000.000
14853,2033,-7.324219,25000000.000
14854,2031,-8.300781,25000000.000
14855,2031,-8.300781,25000000.000
14856,2032,-7.812500,25000000.000
14857,2034,-6.835938,25000000.000
14858,2033,-7.324219,25000000.000
14859,2034,-6.835938,25000000.000
14860,2036,-5.859375,25000000.000
14861,2038,-4.882812,25000000.000
14862,2036,-5.859375,25000000.000
14863,2037,-5.371094,25000000.000
14864,2033,-7.324219,25000000.000
14865,2051,1.464844,25000000.000
14866,2045,-1.464844,25000000.000
14867,2048,0.000000,25000000.000
14868,2050,0.976562,25000000.000
14869,2053,2.441406,25000000.000
14870,2052,1.953125,25000000.000
14871,2055,3.417969,25000000.000
14872,2056,3.906250,25000000.000
14873,2058,4.882812,25000000.000
14874,2059,5.371094,25000000.000
14875,2058,4.882812,25000000.000
14876,2059,5.371094,25000000.000
14877,2059,5.371094,25000000.000
14878,2058,4.882812,25000000.000
14879,2057,4.394531,25000000.000
14880,2058,4.882812,25000000.000
14881,2056,3.906250,25000000.000
14882,2054,2.929688,25000000.000
14883,2054,2.929688,25000000.000
14884,2049,0.488281,25000000.000
14885,2049,0.488281,25000000.000
14886,2047,-0.488281,25000000.000
14887,2045,-1.464844,25000000.000
14888,2042,-2.929688,25000000.000
14889,2041,-3.417969,25000000.000
14890,2039,-4.394531,25000000.000
14891,2040,-3.906250,25000000.000
14892,2036,-5.859375,25000000.000
14893,2033,-7.324219,25000000.000
14894,2035,-6.347656,25000000.000
14895,2035,-6.347656,25000000.000
14896,2032,-7.812500,25000000.000
14897,2032,-7.812500,25000000.000
14898,2035,-6.347656,25000000.000
14899,2034,-6.835938,25000000.000
14900,2034,-6.835938,25000000.000
14901,2035,-6.347656,25000000.000
14902,2037,-5.371094,25000000.000
14903,2037,-5.371094,25000000.000
14904,2039,-4.394531,25000000.000
14905,2041,-3.417969,25000000.000
14906,2045,-1.464844,25000000.000
14907,2046,-0.976562,25000000.000
14908,2048,0.000000,25000000.000
14909,2050,0.976562,25000000.000
14910,2051,1.464844,25000000.000
14911,2051,1.464844,25000000.000
14912,2055,3.417969,25000000.000
14913,2057,4.394531,25000000.000
14914,2058,4.882812,25000000.000
14915,2056,3.906250,25000000.000
14916,2059,5.371094,25000000.000
14917,2060,5.859375,25000000.000
14918,2059,5.371094,25000000.000
14919,2058,4.882812,25000000.000
14920,2057,4.394531,25000000.000
14921,2057,4.394531,25000000.000
14922,2056,3.906250,25000000.000
14923,2056,3.906250,25000000.000
14924,2053,2.441406,25000000.000
14925,2050,0.976562,25000000.000
14926,2049,0.488281,25000000.000
14927,2048,0.000000,25000000.000
14928,2044,-1.953125,25000000.000
14929,2043,-2.441406,25000000.000
14930,2039,-4.394531,25000000.000
14931,2040,-3.906250,25000000.000
14932,2036,-5.859375,25000000.000
14933,2035,-6.347656,25000000.000
14934,2033,-7.324219,25000000.000
14935,2034,-6.835938,25000000.000
14936,2031,-8.300781,25000000.000
14937,2032,-7.812500,25000000.000
14938,2032,-7.812500,25000000.000
14939,2033,-7.324219,25000000.000
14940,2035,-6.347656,25000000.000
14941,2029,-9.277344,25000000.000
14942,2038,-4.882812,25000000.000
14943,2040,-3.906250,25000000.000
14944,2040,-3.906250,25000000.000
14945,2038,-4.882812,25000000.000
14946,2041,-3.417969,25000000.000
14947,2042,-2.929688,25000000.000
14948,2048,0.000000,25000000.000
14949,2047,-0.488281,25000000.000
14950,2050,0.976562,25000000.000
14951,2049,0.488281,25000000.000
14952,2054,2.929688,25000000.000
14953,2055,3.417969,25000000.000
14954,2057,4.394531,25000000.000
14955,2057,4.394531,25000000.000
14956,2059,5.371094,25000000.000
14957,2058,4.882812,25000000.000
14958,2058,4.882812,25000000.000
14959,2059,5.371094,25000000.000
14960,2059,5.371094,25000000.000
14961,2056,3.906250,25000000.000
14962,2058,4.882812,25000000.000
14963,2057,4.394531,25000000.000
14964,2053,2.441406,25000000.000
14965,2051,1.464844,25000000.000
14966,2050,0.976562,25000000.000
14967,2050,0.976562,25000000.000
14968,2044,-1.953125,25000000.000
14969,2045,-1.464844,25000000.000
14970,2042,-2.929688,25000000.000
14971,2041,-3.417969,25000000.000
14972,2039,-4.394531,25000000.000
14973,2037,-5.371094,25000000.000
14974,2035,-6.347656,25000000.000
14975,2035,-6.347656,25000000.000
14976,2032,-7.812500,25000000.000
14977,2035,-6.347656,25000000.000
14978,2033,-7.324219,25000000.000
14979,2029,-9.277344,25000000.000
14980,2030,-8.789062,25000000.000
14981,2036,-5.859375,25000000.000
14982,2032,-7.812500,25000000.000
14983,2030,-8.789062,25000000.000
14984,2034,-6.835938,25000000.000
14985,2039,-4.394531,25000000.000
14986,2037,-5.371094,25000000.000
14987,2037,-5.371094,25000000.000
14988,2042,-2.929688,25000000.000
14989,2047,-0.488281,25000000.000
14990,2046,-0.976562,25000000.000
14991,2047,-0.488281,25000000.000
14992,2052,1.953125,25000000.000
14993,2053,2.441406,25000000.000
14994,2055,3.417969,25000000.000
14995,2055,3.417969,25000000.000
14996,2058,4.882812,25000000.000
14997,2058,4.882812,25000000.000
14998,2059,5.371094,25000000.000
14999,2059,5.371094,25000000.000
15000,2058,4.882812,25000000.000
15001,2059,5.371094,25000000.000
15002,2058,4.882812,25000000.000
15003,2058,4.882812,25000000.000
15004,2055,3.417969,25000000.000
15005,2056,3.906250,25000000.000
15006,2054,2.929688,25000000.000
15007,2053,2.441406,25000000.000
15008,2049,0.488281,25000000.000
15009,2047,-0.488281,25000000.000
15010,2045,-1.464844,25000000.000
15011,2044,-1.953125,25000000.000
15012,2041,-3.417969,25000000.000
15013,2039,-4.394531,25000000.000
15014,2037,-5.371094,25000000.000
15015,2036,-5.859375,25000000.000
15016,2035,-6.347656,25000000.000
15017,2034,-6.835938,25000000.000
15018,2032,-7.812500,25000000.000
15019,2032,-7.812500,25000000.000
15020,2032,-7.812500,25000000.000
15021,2032,-7.812500,25000000.000
15022,2032,-7.812500,25000000.000
15023,2033,-7.324219,25000000.000
15024,2036,-5.859375,25000000.000
15025,2036,-5.859375,25000000.000
15026,2037,-5.371094,25000000.000
15027,2038,-4.882812,25000000.000
15028,2043,-2.441406,25000000.000
15029,2042,-2.929688,25000000.000
15030,2046,-0.976562,25000000.000
15031,2045,-1.464844,25000000.000
15032,2048,0.000000,25000000.000
15033,2051,1.464844,25000000.000
15034,2052,1.953125,25000000.000
15035,2054,2.929688,25000000.000
15036,2055,3.417969,25000000.000
15037,2058,4.882812,25000000.000
15038,2059,5.371094,25000000.000
15039,2060,5.859375,25000000.000
15040,2058,4.882812,25000000.000
15041,2060,5.859375,25000000.000
15042,2060,5.859375,25000000.000
15043,2060,5.859375,25000000.000
15044,2058,4.882812,25000000.000
15045,2057,4.394531,25000000.000
15046,2055,3.417969,25000000.000
15047,2055,3.417969,25000000.000
15048,2053,2.441406,25000000.000
15049,2050,0.976562,25000000.000
15050,2047,-0.488281,25000000.000
15051,2046,-0.976562,25000000.000
15052,2044,-1.953125,25000000.000
15053,2042,-2.929688,25000000.000
15054,2037,-5.371094,25000000.000
15055,2037,-5.371094,25000000.000
15056,2036,-5.859375,25000000.000
15057,2034,-6.835938,25000000.000
15058,2031,-8.300781,25000000.000
15059,2033,-7.324219,25000000.000
15060,2030,-8.789062,25000000.000
15061,2034,-6.835938,25000000.000
15062,2029,-9.277344,25000000.000
15063,2030,-8.789062,25000000.000
15064,2032,-7.812500,25000000.000
15065,2035,-6.347656,25000000.000
15066,2036,-5.859375,25000000.000
15067,2037,-5.371094,25000000.000
15068,2039,-4.394531,25000000.000
15069,2042,-2.929688,25000000.000
15070,2044,-1.953125,25000000.000
15071,2046,-0.976562,25000000.000
15072,2047,-0.488281,25000000.000
15073,2049,0.488281,25000000.000
15074,2051,1.464844,25000000.000
15075,2050,0.976562,25000000.000
15076,2055,3.417969,25000000.000
15077,2057,4.394531,25000000.000
15078,2056,3.906250,25000000.000
15079,2056,3.906250,25000000.000
15080,2059,5.371094,25000000.000
15081,2059,5.371094,25000000.000
15082,2059,5.371094,25000000.000
15083,2058,4.882812,25000000.000
15084,2058,4.882812,25000000.000
15085,2059,5.371094,25000000.000
15086,2055,3.417969,25000000.000
15087,2055,3.417969,25000000.000
15088,2053,2.441406,25000000.000
15089,2053,2.441406,25000000.000
15090,2050,0.976562,25000000.000
15091,2050,0.976562,25000000.000
15092,2043,-2.441406,25000000.000
15093,2042,-2.929688,25000000.000
15094,2041,-3.417969,25000000.000
15095,2041,-3.417969,25000000.000
15096,2038,-4.882812,25000000.000
15097,2036,-5.859375,25000000.000
15098,2035,-6.347656,25000000.000
15099,2033,-7.324219,25000000.000
15100,2033,-7.324219,25000000.000
15101,2031,-8.300781,25000000.000
15102,2031,-8.300781,25000000.000
15103,2032,-7.812500,25000000.000
15104,2032,-7.812500,25000000.000
15105,2032,-7.812500,25000000.000
15106,2034,-6.835938,25000000.000
15107,2035,-6.347656,25000000.000
15108,2033,-7.324219,25000000.000
15109,2037,-5.371094,25000000.000
15110,2039,-4.394531,25000000.000
15111,2039,-4.394531,25000000.000
15112,2045,-1.464844,25000000.000
15113,2042,-2.929688,25000000.000
15114,2049,0.488281,25000000.000
15115,2047,-0.488281,25000000.000
15116,2053,2.441406,25000000.000
15117,2055,3.417969,25000000.000
15118,2055,3.417969,25000000.000
15119,2055,3.417969,25000000.000
15120,2058,4.882812,25000000.000
15121,2057,4.394531,25000000.000
15122,2058,4.882812,25000000.000
15123,2060,5.859375,25000000.000
15124,2059,5.371094,25000000.000
15125,2058,4.882812,25000000.000
15126,2058,4.882812,25000000.000
15127,2058,4.882812,25000000.000
15128,2054,2.929688,25000000.000
15129,2052,1.953125,25000000.000
15130,2051,1.464844,25000000.000
15131,2051,1.464844,25000000.000
15132,2046,-0.976562,25000000.000
15133,2045,-1.464844,25000000.000
15134,2044,-1.953125,25000000.000
15135,2043,-2.441406,25000000.000
15136,2038,-4.882812,25000000.000
15137,2038,-4.882812,25000000.000
15138,2035,-6.347656,25000000.000
15139,2036,-5.859375,25000000.000
15140,2032,-7.812500,25000000.000
15141,2033,-7.324219,25000000.000
15142,2032,-7.812500,25000000.000
15143,2031,-8.300781,25000000.000
15144,2033,-7.324219,25000000.000
15145,2033,-7.324219,25000000.000
15146,2032,-7.812500,25000000.000
15147,2030,-8.789062,25000000.000
15148,2034,-6.835938,25000000.000
15149,2039,-4.394531,25000000.000
15150,2037,-5.371094,25000000.000
15151,2036,-5.859375,25000000.000
15152,2042,-2.929688,25000000.000
15153,2044,-1.953125,25000000.000
15154,2045,-1.464844,25000000.000
15155,2047,-0.488281,25000000.000
15156,2050,0.976562,25000000.000
15157,2051,1.464844,25000000.000
15158,2054,2.929688,25000000.000
15159,2055,3.417969,25000000.000
15160,2057,4.394531,25000000.000
15161,2057,4.394531,25000000.000
15162,2058,4.882812,25000000.000
15163,2058,4.882812,25000000.000
15164,2060,5.859375,25000000.000
15165,2063,7.324219,25000000.000
15166,2057,4.394531,25000000.000
15167,2055,3.417969,25000000.000
15168,2054,2.929688,25000000.000
15169,2054,2.929688,25000000.000
15170,2053,2.441406,25000000.000
15171,2055,3.417969,25000000.000
15172,2047,-0.488281,25000000.000
15173,2048,0.000000,25000000.000
15174,2046,-0.976562,25000000.000
15175,2046,-0.976562,25000000.000
15176,2042,-2.929688,25000000.000
15177,2039,-4.394531,25000000.000
15178,2037,-5.371094,25000000.000
15179,2037,-5.371094,25000000.000
15180,2034,-6.835938,25000000.000
15181,2033,-7.324219,25000000.000
15182,2031,-8.300781,25000000.000
15183,2032,-7.812500,25000000.000
15184,2030,-8.789062,25000000.000
15185,2032,-7.812500,25000000.000
15186,2032,-7.812500,25000000.000
15187,2032,-7.812500,25000000.000
15188,2035,-6.347656,25000000.000
15189,2034,-6.835938,25000000.000
15190,2035,-6.347656,25000000.000
15191,2037,-5.371094,25000000.000
15192,2042,-2.929688,25000000.000
15193,2041,-3.417969,25000000.000
15194,2045,-1.464844,25000000.000
15195,2045,-1.464844,25000000.000
15196,2048,0.000000,25000000.000
15197,2050,0.976562,25000000.000
15198,2053,2.441406,25000000.000
15199,2052,1.953125,25000000.000
15200,2055,3.417969,25000000.000
15201,2058,4.882812,25000000.000
15202,2058,4.882812,25000000.000
15203,2058,4.882812,25000000.000
15204,2059,5.371094,25000000.000
15205,2060,5.859375,25000000.000
15206,2060,5.859375,25000000.000
15207,2059,5.371094,25000000.000
15208,2060,5.859375,25000000.000
15209,2054,2.929688,25000000.000
15210,2055,3.417969,25000000.000
15211,2046,-0.976562,25000000.000
15212,2050,0.976562,25000000.000
15213,2051,1.464844,25000000.000
15214,2050,0.976562,25000000.000
15215,2047,-0.488281,25000000.000
15216,2044,-1.953125,25000000.000
15217,2042,-2.929688,25000000.000
15218,2038,-4.882812,25000000.000
15219,2040,-3.906250,25000000.000
15220,2037,-5.371094,25000000.000
15221,2035,-6.347656,25000000.000
15222,2033,-7.324219,25000000.000
15223,2034,-6.835938,25000000.000
15224,2032,-7.812500,25000000.000
15225,2031,-8.300781,25000000.000
15226,2032,-7.812500,25000000.000
15227,2032,-7.812500,25000000.000
15228,2032,-7.812500,25000000.000
15229,2032,-7.812500,25000000.000
15230,2037,-5.371094,25000000.000
15231,2036,-5.859375,25000000.000
15232,2037,-5.371094,25000000.000
15233,2040,-3.906250,25000000.000
15234,2042,-2.929688,25000000.000
15235,2043,-2.441406,25000000.000
15236,2045,-1.464844,25000000.000
15237,2048,0.000000,25000000.000
15238,2050,0.976562,25000000.000
15239,2051,1.464844,25000000.000
15240,2056,3.906250,25000000.000
15241,2055,3.417969,25000000.000
15242,2058,4.882812,25000000.000
15243,2057,4.394531,25000000.000
15244,2060,5.859375,25000000.000
15245,2061,6.347656,25000000.000
15246,2060,5.859375,25000000.000
15247,2058,4.882812,25000000.000
15248,2060,5.859375,25000000.000
15249,2059,5.371094,25000000.000
15250,2057,4.394531,25000000.000
15251,2057,4.394531,25000000.000
15252,2055,3.417969,25000000.000
15253,2053,2.441406,25000000.000
15254,2049,0.488281,25000000.000
15255,2051,1.464844,25000000.000
15256,2048,0.000000,25000000.000
15257,2046,-0.976562,25000000.000
15258,2043,-2.441406,25000000.000
15259,2043,-2.441406,25000000.000
15260,2040,-3.906250,25000000.000
15261,2037,-5.371094,25000000.000
15262,2036,-5.859375,25000000.000
15263,2036,-5.859375,25000000.000
15264,2034,-6.835938,25000000.000
15265,2032,-7.812500,25000000.000
15266,2032,-7.812500,25000000.000
15267,2031,-8.300781,25000000.000
15268,2030,-8.789062,25000000.000
15269,2036,-5.859375,25000000.000
15270,2033,-7.324219,25000000.000
15271,2035,-6.347656,25000000.000
15272,2031,-8.300781,25000000.000
15273,2041,-3.417969,25000000.000
15274,2038,-4.882812,25000000.000
15275,2037,-5.371094,25000000.000
15276,2042,-2.929688,25000000.000
15277,2049,0.488281,25000000.000
15278,2046,-0.976562,25000000.000
15279,2048,0.000000,25000000.000
15280,2051,1.464844,25000000.000
15281,2055,3.417969,25000000.000
15282,2055,3.417969,25000000.000
15283,2055,3.417969,25000000.000
15284,2057,4.394531,25000000.000
15285,2058,4.882812,25000000.000
15286,2058,4.882812,25000000.000
15287,2059,5.371094,25000000.000
15288,2060,5.859375,25000000.000
15289,2059,5.371094,25000000.000
15290,2057,4.394531,25000000.000
15291,2057,4.394531,25000000.000
15292,2059,5.371094,25000000.000
15293,2053,2.441406,25000000.000
15294,2052,1.953125,25000000.000
15295,2052,1.953125,25000000.000
15296,2048,0.000000,25000000.000
15297,2046,-0.976562,25000000.000
15298,2043,-2.441406,25000000.000
15299,2043,-2.441406,25000000.000
15300,2041,-3.417969,25000000.000
15301,2038,-4.882812,25000000.000
15302,2037,-5.371094,25000000.000
15303,2037,-5.371094,25000000.000
15304,2033,-7.324219,25000000.000
15305,2032,-7.812500,25000000.000
15306,2032,-7.812500,25000000.000
15307,2032,-7.812500,25000000.000
15308,2030,-8.789062,25000000.000
15309,2031,-8.300781,25000000.000
15310,2033,-7.324219,25000000.000
15311,2032,-7.812500,25000000.000
15312,2034,-6.835938,25000000.000
15313,2035,-6.347656,25000000.000
15314,2038,-4.882812,25000000.000
15315,2038,-4.882812,25000000.000
15316,2040,-3.906250,25000000.000
15317,2045,-1.464844,25000000.000
15318,2043,-2.441406,25000000.000
15319,2045,-1.464844,25000000.000
15320,2047,-0.488281,25000000.000
15321,2052,1.953125,25000000.000
15322,2053,2.441406,25000000.000
15323,2053,2.441406,25000000.000
15324,2057,4.394531,25000000.000
15325,2056,3.906250,25000000.000
15326,2059,5.371094,25000000.000
15327,2059,5.371094,25000000.000
15328,2059,5.371094,25000000.000
15329,2059,5.371094,25000000.000
15330,2058,4.882812,25000000.000
15331,2058,4.882812,25000000.000
15332,2057,4.394531,25000000.000
15333,2055,3.417969,25000000.000
15334,2053,2.441406,25000000.000
15335,2053,2.441406,25000000.000
15336,2051,1.464844,25000000.000
15337,2050,0.976562,25000000.000
15338,2046,-0.976562,25000000.000
15339,2046,-0.976562,25000000.000
15340,2042,-2.929688,25000000.000
15341,2042,-2.929688,25000000.000
15342,2040,-3.906250,25000000.000
15343,2038,-4.882812,25000000.000
15344,2035,-6.347656,25000000.000
15345,2035,-6.347656,25000000.000
15346,2033,-7.324219,25000000.000
15347,2032,-7.812500,25000000.000
15348,2031,-8.300781,25000000.000
15349,2031,-8.300781,25000000.000
15350,2031,-8.300781,25000000.000
15351,2031,-8.300781,25000000.000
15352,2033,-7.324219,25000000.000
15353,2033,-7.324219,25000000.000
15354,2034,-6.835938,25000000.000
15355,2036,-5.859375,25000000.000
15356,2039,-4.394531,25000000.000
15357,2040,-3.906250,25000000.000
15358,2043,-2.441406,25000000.000
15359,2044,-1.953125,25000000.000
15360,2048,0.000000,25000000.000
15361,2048,0.000000,25000000.000
15362,2052,1.953125,25000000.000
15363,2052,1.953125,25000000.000
15364,2054,2.929688,25000000.000
15365,2055,3.417969,25000000.000
15366,2060,5.859375,25000000.000
15367,2057,4.394531,25000000.000
15368,2057,4.394531,25000000.000
15369,2054,2.929688,25000000.000
15370,2062,6.835938,25000000.000
15371,2060,5.859375,25000000.000
15372,2057,4.394531,25000000.000
15373,2053,2.441406,25000000.000
15374,2058,4.882812,25000000.000
15375,2055,3.417969,25000000.000
15376,2051,1.464844,25000000.000
15377,2052,1.953125,25000000.000
15378,2050,0.976562,25000000.000
15379,2048,0.000000,25000000.000
15380,2043,-2.441406,25000000.000
15381,2044,-1.953125,25000000.000
15382,2038,-4.882812,25000000.000
15383,2038,-4.882812,25000000.000
15384,2036,-5.859375,25000000.000
15385,2034,-6.835938,25000000.000
15386,2030,-8.789062,25000000.000
15387,2034,-6.835938,25000000.000
15388,2033,-7.324219,25000000.000
15389,2030,-8.789062,25000000.000
15390,2031,-8.300781,25000000.000
15391,2032,-7.812500,25000000.000
15392,2033,-7.324219,25000000.000
15393,2032,-7.812500,25000000.000
15394,2034,-6.835938,25000000.000
15395,2035,-6.347656,25000000.000
15396,2036,-5.859375,25000000.000
15397,2038,-4.882812,25000000.000
15398,2041,-3.417969,25000000.000
15399,2041,-3.417969,25000000.000
15400,2045,-1.464844,25000000.000
15401,2048,0.000000,25000000.000
15402,2050,0.976562,25000000.000
15403,2050,0.976562,25000000.000
15404,2051,1.464844,25000000.000
15405,2055,3.417969,25000000.000
15406,2058,4.882812,25000000.000
15407,2057,4.394531,25000000.000
15408,2057,4.394531,25000000.000
15409,2059,5.371094,25000000.000
15410,2059,5.371094,25000000.000
15411,2058,4.882812,25000000.000
15412,2059,5.371094,25000000.000
15413,2059,5.371094,25000000.000
15414,2058,4.882812,25000000.000
15415,2056,3.906250,25000000.000
15416,2055,3.417969,25000000.000
15417,2053,2.441406,25000000.000
15418,2050,0.976562,25000000.000
15419,2051,1.464844,25000000.000
15420,2048,0.000000,25000000.000
15421,2045,-1.464844,25000000.000
15422,2042,-2.929688,25000000.000
15423,2044,-1.953125,25000000.000
15424,2041,-3.417969,25000000.000
15425,2037,-5.371094,25000000.000
15426,2035,-6.347656,25000000.000
15427,2035,-6.347656,25000000.000
15428,2035,-6.347656,25000000.000
15429,2033,-7.324219,25000000.000
15430,2034,-6.835938,25000000.000
15431,2033,-7.324219,25000000.000
15432,2031,-8.300781,25000000.000
15433,2033,-7.324219,25000000.000
15434,2033,-7.324219,25000000.000
15435,2034,-6.835938,25000000.000
15436,2035,-6.347656,25000000.000
15437,2038,-4.882812,25000000.000
15438,2040,-3.906250,25000000.000
15439,2039,-4.394531,25000000.000
15440,2043,-2.441406,25000000.000
15441,2045,-1.464844,25000000.000
15442,2048,0.000000,25000000.000
15443,2048,0.000000,25000000.000
15444,2052,1.953125,25000000.000
15445,2052,1.953125,25000000.000
15446,2054,2.929688,25000000.000
15447,2054,2.929688,25000000.000
15448,2058,4.882812,25000000.000
15449,2057,4.394531,25000000.000
15450,2058,4.882812,25000000.000
15451,2059,5.371094,25000000.000
15452,2058,4.882812,25000000.000
15453,2059,5.371094,25000000.000
15454,2058,4.882812,25000000.000
15455,2059,5.371094,25000000.000
15456,2058,4.882812,25000000.000
15457,2054,2.929688,25000000.000
15458,2053,2.441406,25000000.000
15459,2054,2.929688,25000000.000
15460,2050,0.976562,25000000.000
15461,2047,-0.488281,25000000.000
15462,2046,-0.976562,25000000.000
15463,2045,-1.464844,25000000.000
15464,2042,-2.929688,25000000.000
15465,2038,-4.882812,25000000.000
15466,2038,-4.882812,25000000.000
15467,2039,-4.394531,25000000.000
15468,2034,-6.835938,25000000.000
15469,2032,-7.812500,25000000.000
15470,2033,-7.324219,25000000.000
15471,2033,-7.324219,25000000.000
15472,2031,-8.300781,25000000.000
15473,2031,-8.300781,25000000.000
15474,2034,-6.835938,25000000.000
15475,2034,-6.835938,25000000.000
15476,2034,-6.835938,25000000.000
15477,2036,-5.859375,25000000.000
15478,2037,-5.371094,25000000.000
15479,2036,-5.859375,25000000.000
15480,2040,-3.906250,25000000.000
15481,2043,-2.441406,25000000.000
15482,2043,-2.441406,25000000.000
15483,2044,-1.953125,25000000.000
15484,2049,0.488281,25000000.000
15485,2052,1.953125,25000000.000
15486,2051,1.464844,25000000.000
15487,2053,2.441406,25000000.000
15488,2057,4.394531,25000000.000
15489,2057,4.394531,25000000.000
15490,2057,4.394531,25000000.000
15491,2059,5.371094,25000000.000
15492,2059,5.371094,25000000.000
15493,2059,5.371094,25000000.000
15494,2061,6.347656,25000000.000
15495,2060,5.859375,25000000.000
15496,2058,4.882812,25000000.000
15497,2055,3.417969,25000000.000
15498,2056,3.906250,25000000.000
15499,2055,3.417969,25000000.000
15500,2051,1.464844,25000000.000
15501,2052,1.953125,25000000.000
15502,2047,-0.488281,25000000.000
15503,2050,0.976562,25000000.000
15504,2043,-2.441406,25000000.000
15505,2042,-2.929688,25000000.000
15506,2040,-3.906250,25000000.000
15507,2039,-4.394531,25000000.000
15508,2036,-5.859375,25000000.000
15509,2034,-6.835938,25000000.000
15510,2035,-6.347656,25000000.000
15511,2032,-7.812500,25000000.000
15512,2028,-9.765625,25000000.000
15513,2032,-7.812500,25000000.000
15514,2032,-7.812500,25000000.000
15515,2031,-8.300781,25000000.000
15516,2033,-7.324219,25000000.000
15517,2035,-6.347656,25000000.000
15518,2034,-6.835938,25000000.000
15519,2035,-6.347656,25000000.000
15520,2038,-4.882812,25000000.000
15521,2040,-3.906250,25000000.000
15522,2040,-3.906250,25000000.000
15523,2042,-2.929688,25000000.000
15524,2045,-1.464844,25000000.000
15525,2046,-0.976562,25000000.000
15526,2049,0.488281,25000000.000
15527,2051,1.464844,25000000.000
15528,2053,2.441406,25000000.000
15529,2054,2.929688,25000000.000
15530,2056,3.906250,25000000.000
15531,2057,4.394531,25000000.000
15532,2058,4.882812,25000000.000
15533,2058,4.882812,25000000.000
15534,2058,4.882812,25000000.000
15535,2059,5.371094,25000000.000
15536,2057,4.394531,25000000.000
15537,2058,4.882812,25000000.000
15538,2056,3.906250,25000000.000
15539,2057,4.394531,25000000.000
15540,2053,2.441406,25000000.000
15541,2052,1.953125,25000000.000
15542,2050,0.976562,25000000.000
15543,2050,0.976562,25000000.000
15544,2046,-0.976562,25000000.000
15545,2044,-1.953125,25000000.000
15546,2040,-3.906250,25000000.000
15547,2039,-4.394531,25000000.000
15548,2038,-4.882812,25000000.000
15549,2037,-5.371094,25000000.000
15550,2034,-6.835938,25000000.000
15551,2032,-7.812500,25000000.000
15552,2032,-7.812500,25000000.000
15553,2035,-6.347656,25000000.000
15554,2025,-11.230469,25000000.000
15555,2029,-9.277344,25000000.000
15556,2023,-12.207031,25000000.000
15557,2039,-4.394531,25000000.000
15558,2031,-8.300781,25000000.000
15559,2035,-6.347656,25000000.000
15560,2036,-5.859375,25000000.000
15561,2038,-4.882812,25000000.000
15562,2039,-4.394531,25000000.000
15563,2041,-3.417969,25000000.000
15564,2043,-2.441406,25000000.000
15565,2045,-1.464844,25000000.000
15566,2047,-0.488281,25000000.000
15567,2048,0.000000,25000000.000
15568,2050,0.976562,25000000.000
15569,2054,2.929688,25000000.000
15570,2055,3.417969,25000000.000
15571,2056,3.906250,25000000.000
15572,2057,4.394531,25000000.000
15573,2058,4.882812,25000000.000
15574,2059,5.371094,25000000.000
15575,2059,5.371094,25000000.000
15576,2058,4.882812,25000000.000
15577,2058,4.882812,25000000.000
15578,2057,4.394531,25000000.000
15579,2057,4.394531,25000000.000
15580,2057,4.394531,25000000.000
15581,2053,2.441406,25000000.000
15582,2050,0.976562,25000000.000
15583,2048,0.000000,25000000.000
15584,2047,-0.488281,25000000.000
15585,2046,-0.976562,25000000.000
15586,2042,-2.929688,25000000.000
15587,2043,-2.441406,25000000.000
15588,2041,-3.417969,25000000.000
15589,2036,-5.859375,25000000.000
15590,2036,-5.859375,25000000.000
15591,2037,-5.371094,25000000.000
15592,2035,-6.347656,25000000.000
15593,2031,-8.300781,25000000.000
15594,2032,-7.812500,25000000.000
15595,2033,-7.324219,25000000.000
15596,2033,-7.324219,25000000.000
15597,2032,-7.812500,25000000.000
15598,2033,-7.324219,25000000.000
15599,2033,-7.324219,25000000.000
15600,2033,-7.324219,25000000.000
15601,2037,-5.371094,25000000.000
15602,2039,-4.394531,25000000.000
15603,2039,-4.394531,25000000.000
15604,2040,-3.906250,25000000.000
15605,2045,-1.464844,25000000.000
15606,2046,-0.976562,25000000.000
15607,2046,-0.976562,25000000.000
15608,2050,0.976562,25000000.000
15609,2052,1.953125,25000000.000
15610,2054,2.929688,25000000.000
15611,2054,2.929688,25000000.000
15612,2056,3.906250,25000000.000
15613,2058,4.882812,25000000.000
15614,2058,4.882812,25000000.000
15615,2057,4.394531,25000000.000
15616,2055,3.417969,25000000.000
15617,2060,5.859375,25000000.000
15618,2057,4.394531,25000000.000
15619,2060,5.859375,25000000.000
15620,2055,3.417969,25000000.000
15621,2057,4.394531,25000000.000
15622,2051,1.464844,25000000.000
15623,2053,2.441406,25000000.000
15624,2049,0.488281,25000000.000
15625,2049,0.488281,25000000.000
15626,2047,-0.488281,25000000.000
15627,2045,-1.464844,25000000.000
15628,2041,-3.417969,25000000.000
15629,2039,-4.394531,25000000.000
15630,2038,-4.882812,25000000.000
15631,2038,-4.882812,25000000.000
15632,2035,-6.347656,25000000.000
15633,2033,-7.324219,25000000.000
15634,2032,-7.812500,25000000.000
15635,2033,-7.324219,25000000.000
15636,2030,-8.789062,25000000.000
15637,2031,-8.300781,25000000.000
15638,2031,-8.300781,25000000.000
15639,2033,-7.324219,25000000.000
15640,2034,-6.835938,25000000.000
15641,2034,-6.835938,25000000.000
15642,2037,-5.371094,25000000.000
15643,2036,-5.859375,25000000.000
15644,2040,-3.906250,25000000.000
15645,2043,-2.441406,25000000.000
15646,2044,-1.953125,25000000.000
15647,2043,-2.441406,25000000.000
15648,2048,0.000000,25000000.000
15649,2051,1.464844,25000000.000
15650,2051,1.464844,25000000.000
15651,2052,1.953125,25000000.000
15652,2056,3.906250,25000000.000
15653,2058,4.882812,25000000.000
15654,2060,5.859375,25000000.000
15655,2061,6.347656,25000000.000
15656,2059,5.371094,25000000.000
15657,2058,4.882812,25000000.000
15658,2059,5.371094,25000000.000
15659,2059,5.371094,25000000.000
15660,2059,5.371094,25000000.000
15661,2056,3.906250,25000000.000
15662,2055,3.417969,25000000.000
15663,2054,2.929688,25000000.000
15664,2051,1.464844,25000000.000
15665,2050,0.976562,25000000.000
15666,2048,0.000000,25000000.000
15667,2048,0.000000,25000000.000
15668,2043,-2.441406,25000000.000
15669,2043,-2.441406,25000000.000
15670,2041,-3.417969,25000000.000
15671,2042,-2.929688,25000000.000
15672,2037,-5.371094,25000000.000
15673,2034,-6.835938,25000000.000
15674,2034,-6.835938,25000000.000
15675,2034,-6.835938,25000000.000
15676,2034,-6.835938,25000000.000
15677,2032,-7.812500,25000000.000
15678,2032,-7.812500,25000000.000
15679,2031,-8.300781,25000000.000
15680,2034,-6.835938,25000000.000
15681,2036,-5.859375,25000000.000
15682,2034,-6.835938,25000000.000
15683,2034,-6.835938,25000000.000
15684,2038,-4.882812,25000000.000
15685,2040,-3.906250,25000000.000
15686,2042,-2.929688,25000000.000
15687,2042,-2.929688,25000000.000
15688,2046,-0.976562,25000000.000
15689,2046,-0.976562,25000000.000
15690,2050,0.976562,25000000.000
15691,2051,1.464844,25000000.000
15692,2052,1.953125,25000000.000
15693,2054,2.929688,25000000.000
15694,2057,4.394531,25000000.000
15695,2056,3.906250,25000000.000
15696,2058,4.882812,25000000.000
15697,2058,4.882812,25000000.000
15698,2060,5.859375,25000000.000
15699,2060,5.859375,25000000.000
15700,2057,4.394531,25000000.000
15701,2059,5.371094,25000000.000
15702,2055,3.417969,25000000.000
15703,2057,4.394531,25000000.000
15704,2054,2.929688,25000000.000
15705,2052,1.953125,25000000.000
15706,2051,1.464844,25000000.000
15707,2049,0.488281,25000000.000
15708,2047,-0.488281,25000000.000
15709,2045,-1.464844,25000000.000
15710,2043,-2.441406,25000000.000
15711,2042,-2.929688,25000000.000
15712,2039,-4.394531,25000000.000
15713,2037,-5.371094,25000000.000
15714,2035,-6.347656,25000000.000
15715,2034,-6.835938,25000000.000
15716,2032,-7.812500,25000000.000
15717,2032,-7.812500,25000000.000
15718,2030,-8.789062,25000000.000
15719,2032,-7.812500,25000000.000
15720,2033,-7.324219,25000000.000
15721,2028,-9.765625,25000000.000
15722,2032,-7.812500,25000000.000
15723,2030,-8.789062,25000000.000
15724,2037,-5.371094,25000000.000
15725,2035,-6.347656,25000000.000
15726,2037,-5.371094,25000000.000
15727,2036,-5.859375,25000000.000
15728,2042,-2.929688,25000000.000
15729,2044,-1.953125,25000000.000
15730,2048,0.000000,25000000.000
15731,2047,-0.488281,25000000.000
15732,2050,0.976562,25000000.000
15733,2053,2.441406,25000000.000
15734,2055,3.417969,25000000.000
15735,2056,3.906250,25000000.000
15736,2057,4.394531,25000000.000
15737,2058,4.882812,25000000.000
15738,2060,5.859375,25000000.000
15739,2059,5.371094,25000000.000
15740,2060,5.859375,25000000.000
15741,2058,4.882812,25000000.000
15742,2058,4.882812,25000000.000
15743,2057,4.394531,25000000.000
15744,2057,4.394531,25000000.000
15745,2053,2.441406,25000000.000
15746,2053,2.441406,25000000.000
15747,2052,1.953125,25000000.000
15748,2048,0.000000,25000000.000
15749,2047,-0.488281,25000000.000
15750,2044,-1.953125,25000000.000
15751,2044,-1.953125,25000000.000
15752,2040,-3.906250,25000000.000
15753,2038,-4.882812,25000000.000
15754,2035,-6.347656,25000000.000
15755,2036,-5.859375,25000000.000
15756,2034,-6.835938,25000000.000
15757,2032,-7.812500,25000000.000
15758,2032,-7.812500,25000000.000
15759,2032,-7.812500,25000000.000
15760,2032,-7.812500,25000000.000
15761,2031,-8.300781,25000000.000
15762,2032,-7.812500,25000000.000
15763,2033,-7.324219,25000000.000
15764,2033,-7.324219,25000000.000
15765,2036,-5.859375,25000000.000
15766,2038,-4.882812,25000000.000
15767,2037,-5.371094,25000000.000
15768,2040,-3.906250,25000000.000
15769,2044,-1.953125,25000000.000
15770,2045,-1.464844,25000000.000
15771,2045,-1.464844,25000000.000
15772,2050,0.976562,25000000.000
15773,2050,0.976562,25000000.000
15774,2054,2.929688,25000000.000
15775,2052,1.953125,25000000.000
15776,2056,3.906250,25000000.000
15777,2057,4.394531,25000000.000
15778,2057,4.394531,25000000.000
15779,2057,4.394531,25000000.000
15780,2060,5.859375,25000000.000
15781,2060,5.859375,25000000.000
15782,2057,4.394531,25000000.000
15783,2057,4.394531,25000000.000
15784,2058,4.882812,25000000.000
15785,2056,3.906250,25000000.000
15786,2054,2.929688,25000000.000
15787,2054,2.929688,25000000.000
15788,2051,1.464844,25000000.000
15789,2049,0.488281,25000000.000
15790,2047,-0.488281,25000000.000
15791,2048,0.000000,25000000.000
15792,2043,-2.441406,25000000.000
15793,2044,-1.953125,25000000.000
15794,2040,-3.906250,25000000.000
15795,2040,-3.906250,25000000.000
15796,2035,-6.347656,25000000.000
15797,2034,-6.835938,25000000.000
15798,2034,-6.835938,25000000.000
15799,2034,-6.835938,25000000.000
15800,2031,-8.300781,25000000.000
15801,2032,-7.812500,25000000.000
15802,2032,-7.812500,25000000.000
15803,2032,-7.812500,25000000.000
15804,2033,-7.324219,25000000.000
15805,2035,-6.347656,25000000.000
15806,2037,-5.371094,25000000.000
15807,2036,-5.859375,25000000.000
15808,2039,-4.394531,25000000.000
15809,2042,-2.929688,25000000.000
15810,2043,-2.441406,25000000.000
15811,2043,-2.441406,25000000.000
15812,2047,-0.488281,25000000.000
15813,2049,0.488281,25000000.000
15814,2051,1.464844,25000000.000
15815,2049,0.488281,25000000.000
15816,2053,2.441406,25000000.000
15817,2058,4.882812,25000000.000
15818,2057,4.394531,25000000.000
15819,2058,4.882812,25000000.000
15820,2061,6.347656,25000000.000
15821,2058,4.882812,25000000.000
15822,2059,5.371094,25000000.000
15823,2060,5.859375,25000000.000
15824,2059,5.371094,25000000.000
15825,2057,4.394531,25000000.000
15826,2056,3.906250,25000000.000
15827,2056,3.906250,25000000.000
15828,2054,2.929688,25000000.000
15829,2051,1.464844,25000000.000
15830,2051,1.464844,25000000.000
15831,2049,0.488281,25000000.000
15832,2045,-1.464844,25000000.000
15833,2044,-1.953125,25000000.000
15834,2043,-2.441406,25000000.000
15835,2043,-2.441406,25000000.000
15836,2037,-5.371094,25000000.000
15837,2037,-5.371094,25000000.000
15838,2035,-6.347656,25000000.000
15839,2035,-6.347656,25000000.000
15840,2033,-7.324219,25000000.000
15841,2033,-7.324219,25000000.000
15842,2033,-7.324219,25000000.000
15843,2032,-7.812500,25000000.000
15844,2033,-7.324219,25000000.000
15845,2034,-6.835938,25000000.000
15846,2034,-6.835938,25000000.000
15847,2034,-6.835938,25000000.000
15848,2038,-4.882812,25000000.000
15849,2039,-4.394531,25000000.000
15850,2040,-3.906250,25000000.000
15851,2041,-3.417969,25000000.000
15852,2045,-1.464844,25000000.000
15853,2047,-0.488281,25000000.000
15854,2049,0.488281,25000000.000
15855,2050,0.976562,25000000.000
15856,2054,2.929688,25000000.000
15857,2053,2.441406,25000000.000
15858,2059,5.371094,25000000.000
15859,2055,3.417969,25000000.000
15860,2061,6.347656,25000000.000
15861,2059,5.371094,25000000.000
15862,2059,5.371094,25000000.000
15863,2060,5.859375,25000000.000
15864,2059,5.371094,25000000.000
15865,2058,4.882812,25000000.000
15866,2057,4.394531,25000000.000
15867,2058,4.882812,25000000.000
15868,2054,2.929688,25000000.000
15869,2054,2.929688,25000000.000
15870,2052,1.953125,25000000.000
15871,2052,1.953125,25000000.000
15872,2048,0.000000,25000000.000
15873,2046,-0.976562,25000000.000
15874,2043,-2.441406,25000000.000
15875,2043,-2.441406,25000000.000
15876,2039,-4.394531,25000000.000
15877,2037,-5.371094,25000000.000
15878,2037,-5.371094,25000000.000
15879,2035,-6.347656,25000000.000
15880,2034,-6.835938,25000000.000
15881,2034,-6.835938,25000000.000
15882,2031,-8.300781,25000000.000
15883,2031,-8.300781,25000000.000
15884,2033,-7.324219,25000000.000
15885,2033,-7.324219,25000000.000
15886,2032,-7.812500,25000000.000
15887,2033,-7.324219,25000000.000
15888,2036,-5.859375,25000000.000
15889,2036,-5.859375,25000000.000
15890,2039,-4.394531,25000000.000
15891,2040,-3.906250,25000000.000
15892,2044,-1.953125,25000000.000
15893,2044,-1.953125,25000000.000
15894,2045,-1.464844,25000000.000
15895,2044,-1.953125,25000000.000
15896,2050,0.976562,25000000.000
15897,2050,0.976562,25000000.000
15898,2053,2.441406,25000000.000
15899,2052,1.953125,25000000.000
15900,2050,0.976562,25000000.000
15901,2065,8.300781,25000000.000
15902,2052,1.953125,25000000.000
15903,2059,5.371094,25000000.000
15904,2057,4.394531,25000000.000
15905,2058,4.882812,25000000.000
15906,2058,4.882812,25000000.000
15907,2058,4.882812,25000000.000
15908,2056,3.906250,25000000.000
15909,2056,3.906250,25000000.000
15910,2054,2.929688,25000000.000
15911,2052,1.953125,25000000.000
15912,2049,0.488281,25000000.000
15913,2047,-0.488281,25000000.000
15914,2047,-0.488281,25000000.000
15915,2048,0.000000,25000000.000
15916,2041,-3.417969,25000000.000
15917,2042,-2.929688,25000000.000
15918,2039,-4.394531,25000000.000
15919,2041,-3.417969,25000000.000
15920,2035,-6.347656,25000000.000
15921,2032,-7.812500,25000000.000
15922,2034,-6.835938,25000000.000
15923,2034,-6.835938,25000000.000
15924,2035,-6.347656,25000000.000
15925,2029,-9.277344,25000000.000
15926,2033,-7.324219,25000000.000
15927,2032,-7.812500,25000000.000
15928,2035,-6.347656,25000000.000
15929,2033,-7.324219,25000000.000
15930,2037,-5.371094,25000000.000
15931,2038,-4.882812,25000000.000
15932,2037,-5.371094,25000000.000
15933,2042,-2.929688,25000000.000
15934,2045,-1.464844,25000000.000
15935,2046,-0.976562,25000000.000
15936,2048,0.000000,25000000.000
15937,2051,1.464844,25000000.000
15938,2052,1.953125,25000000.000
15939,2052,1.953125,25000000.000
15940,2057,4.394531,25000000.000
15941,2057,4.394531,25000000.000
15942,2057,4.394531,25000000.000
15943,2059,5.371094,25000000.000
15944,2060,5.859375,25000000.000
15945,2059,5.371094,25000000.000
15946,2058,4.882812,25000000.000
15947,2057,4.394531,25000000.000
15948,2057,4.394531,25000000.000
15949,2057,4.394531,25000000.000
15950,2053,2.441406,25000000.000
15951,2053,2.441406,25000000.000
15952,2052,1.953125,25000000.000
15953,2051,1.464844,25000000.000
15954,2047,-0.488281,25000000.000
15955,2048,0.000000,25000000.000
15956,2044,-1.953125,25000000.000
15957,2040,-3.906250,25000000.000
15958,2040,-3.906250,25000000.000
15959,2040,-3.906250,25000000.000
15960,2036,-5.859375,25000000.000
15961,2033,-7.324219,25000000.000
15962,2035,-6.347656,25000000.000
15963,2035,-6.347656,25000000.000
15964,2030,-8.789062,25000000.000
15965,2031,-8.300781,25000000.000
15966,2032,-7.812500,25000000.000
15967,2032,-7.812500,25000000.000
15968,2032,-7.812500,25000000.000
15969,2033,-7.324219,25000000.000
15970,2035,-6.347656,25000000.000
15971,2037,-5.371094,25000000.000
15972,2037,-5.371094,25000000.000
15973,2040,-3.906250,25000000.000
15974,2042,-2.929688,25000000.000
15975,2042,-2.929688,25000000.000
15976,2046,-0.976562,25000000.000
15977,2049,0.488281,25000000.000
15978,2049,0.488281,25000000.000
15979,2049,0.488281,25000000.000
15980,2054,2.929688,25000000.000
15981,2055,3.417969,25000000.000
15982,2056,3.906250,25000000.000
15983,2056,3.906250,25000000.000
15984,2060,5.859375,25000000.000
15985,2059,5.371094,25000000.000
15986,2059,5.371094,25000000.000
15987,2057,4.394531,25000000.000
15988,2058,4.882812,25000000.000
15989,2057,4.394531,25000000.000
15990,2057,4.394531,25000000.000
15991,2057,4.394531,25000000.000
15992,2054,2.929688,25000000.000
15993,2051,1.464844,25000000.000
15994,2051,1.464844,25000000.000
15995,2050,0.976562,25000000.000
15996,2045,-1.464844,25000000.000
15997,2044,-1.953125,25000000.000
15998,2042,-2.929688,25000000.000
15999,2044,-1.953125,25000000.000
16000,2038,-4.882812,25000000.000
16001,2037,-5.371094,25000000.000
16002,2037,-5.371094,25000000.000
16003,2037,-5.371094,25000000.000
16004,2033,-7.324219,25000000.000
16005,2033,-7.324219,25000000.000
16006,2033,-7.324219,25000000.000
16007,2032,-7.812500,25000000.000
16008,2033,-7.324219,25000000.000
16009,2033,-7.324219,25000000.000
16010,2033,-7.324219,25000000.000
16011,2033,-7.324219,25000000.000
16012,2037,-5.371094,25000000.000
16013,2039,-4.394531,25000000.000
16014,2039,-4.394531,25000000.000
16015,2039,-4.394531,25000000.000
16016,2044,-1.953125,25000000.000
16017,2044,-1.953125,25000000.000
16018,2046,-0.976562,25000000.000
16019,2047,-0.488281,25000000.000
16020,2053,2.441406,25000000.000
16021,2053,2.441406,25000000.000
16022,2054,2.929688,25000000.000
16023,2056,3.906250,25000000.000
16024,2059,5.371094,25000000.000
16025,2058,4.882812,25000000.000
16026,2059,5.371094,25000000.000
16027,2058,4.882812,25000000.000
16028,2060,5.859375,25000000.000
16029,2059,5.371094,25000000.000
16030,2059,5.371094,25000000.000
16031,2059,5.371094,25000000.000
16032,2053,2.441406,25000000.000
16033,2054,2.929688,25000000.000
16034,2056,3.906250,25000000.000
16035,2052,1.953125,25000000.000
16036,2048,0.000000,25000000.000
16037,2046,-0.976562,25000000.000
16038,2044,-1.953125,25000000.000
16039,2048,0.000000,25000000.000
16040,2041,-3.417969,25000000.000
16041,2040,-3.906250,25000000.000
16042,2037,-5.371094,25000000.000
16043,2037,-5.371094,25000000.000
16044,2034,-6.835938,25000000.000
16045,2033,-7.324219,25000000.000
16046,2032,-7.812500,25000000.000
16047,2031,-8.300781,25000000.000
16048,2032,-7.812500,25000000.000
16049,2033,-7.324219,25000000.000
16050,2031,-8.300781,25000000.000
16051,2033,-7.324219,25000000.000
16052,2035,-6.347656,25000000.000
16053,2036,-5.859375,25000000.000
16054,2038,-4.882812,25000000.000
16055,2038,-4.882812,25000000.000
16056,2041,-3.417969,25000000.000
16057,2043,-2.441406,25000000.000
16058,2047,-0.488281,25000000.000
16059,2047,-0.488281,25000000.000
16060,2049,0.488281,25000000.000
16061,2049,0.488281,25000000.000
16062,2053,2.441406,25000000.000
16063,2054,2.929688,25000000.000
16064,2056,3.906250,25000000.000
16065,2057,4.394531,25000000.000
16066,2058,4.882812,25000000.000
16067,2059,5.371094,25000000.000
16068,2058,4.882812,25000000.000
16069,2059,5.371094,25000000.000
16070,2059,5.371094,25000000.000
16071,2059,5.371094,25000000.000
16072,2057,4.394531,25000000.000
16073,2053,2.441406,25000000.000
16074,2056,3.906250,25000000.000
16075,2054,2.929688,25000000.000
16076,2052,1.953125,25000000.000
16077,2048,0.000000,25000000.000
16078,2046,-0.976562,25000000.000
16079,2045,-1.464844,25000000.000
16080,2048,0.000000,25000000.000
16081,2038,-4.882812,25000000.000
16082,2041,-3.417969,25000000.000
16083,2044,-1.953125,25000000.000
16084,2041,-3.417969,25000000.000
16085,2030,-8.789062,25000000.000
16086,2034,-6.835938,25000000.000
16087,2032,-7.812500,25000000.000
16088,2034,-6.835938,25000000.000
16089,2030,-8.789062,25000000.000
16090,2034,-6.835938,25000000.000
16091,2032,-7.812500,25000000.000
16092,2033,-7.324219,25000000.000
16093,2033,-7.324219,25000000.000
16094,2036,-5.859375,25000000.000
16095,2036,-5.859375,25000000.000
16096,2039,-4.394531,25000000.000
16097,2041,-3.417969,25000000.000
16098,2042,-2.929688,25000000.000
16099,2043,-2.441406,25000000.000
16100,2046,-0.976562,25000000.000
16101,2049,0.488281,25000000.000
16102,2049,0.488281,25000000.000
16103,2050,0.976562,25000000.000
16104,2054,2.929688,25000000.000
16105,2056,3.906250,25000000.000
16106,2056,3.906250,25000000.000
16107,2056,3.906250,25000000.000
16108,2060,5.859375,25000000.000
16109,2057,4.394531,25000000.000
16110,2058,4.882812,25000000.000
16111,2059,5.371094,25000000.000
16112,2058,4.882812,25000000.000
16113,2057,4.394531,25000000.000
16114,2053,2.441406,25000000.000
16115,2054,2.929688,25000000.000
16116,2053,2.441406,25000000.000
16117,2053,2.441406,25000000.000
16118,2046,-0.976562,25000000.000
16119,2048,0.000000,25000000.000
16120,2045,-1.464844,25000000.000
16121,2043,-2.441406,25000000.000
16122,2042,-2.929688,25000000.000
16123,2042,-2.929688,25000000.000
16124,2038,-4.882812,25000000.000
16125,2035,-6.347656,25000000.000
16126,2035,-6.347656,25000000.000
16127,2035,-6.347656,25000000.000
16128,2032,-7.812500,25000000.000
16129,2032,-7.812500,25000000.000
16130,2032,-7.812500,25000000.000
16131,2032,-7.812500,25000000.000
16132,2031,-8.300781,25000000.000
16133,2034,-6.835938,25000000.000
16134,2034,-6.835938,25000000.000
16135,2035,-6.347656,25000000.000
16136,2034,-6.835938,25000000.000
16137,2039,-4.394531,25000000.000
16138,2040,-3.906250,25000000.000
16139,2041,-3.417969,25000000.000
16140,2043,-2.441406,25000000.000
16141,2045,-1.464844,25000000.000
16142,2049,0.488281,25000000.000
16143,2049,0.488281,25000000.000
16144,2052,1.953125,25000000.000
16145,2054,2.929688,25000000.000
16146,2054,2.929688,25000000.000
16147,2054,2.929688,25000000.000
16148,2058,4.882812,25000000.000
16149,2059,5.371094,25000000.000
16150,2057,4.394531,25000000.000
16151,2059,5.371094,25000000.000
16152,2059,5.371094,25000000.000
16153,2057,4.394531,25000000.000
16154,2057,4.394531,25000000.000
16155,2058,4.882812,25000000.000
16156,2056,3.906250,25000000.000
16157,2051,1.464844,25000000.000
16158,2052,1.953125,25000000.000
16159,2052,1.953125,25000000.000
16160,2048,0.000000,25000000.000
16161,2045,-1.464844,25000000.000
16162,2043,-2.441406,25000000.000
16163,2044,-1.953125,25000000.000
16164,2039,-4.394531,25000000.000
16165,2038,-4.882812,25000000.000
16166,2034,-6.835938,25000000.000
16167,2035,-6.347656,25000000.000
16168,2032,-7.812500,25000000.000
16169,2033,-7.324219,25000000.000
16170,2032,-7.812500,25000000.000
16171,2033,-7.324219,25000000.000
16172,2031,-8.300781,25000000.000
16173,2032,-7.812500,25000000.000
16174,2034,-6.835938,25000000.000
16175,2033,-7.324219,25000000.000
16176,2035,-6.347656,25000000.000
16177,2037,-5.371094,25000000.000
16178,2039,-4.394531,25000000.000
16179,2039,-4.394531,25000000.000
16180,2043,-2.441406,25000000.000
16181,2045,-1.464844,25000000.000
16182,2045,-1.464844,25000000.000
16183,2046,-0.976562,25000000.000
16184,2052,1.953125,25000000.000
16185,2053,2.441406,25000000.000
16186,2055,3.417969,25000000.000
16187,2057,4.394531,25000000.000
16188,2058,4.882812,25000000.000
16189,2058,4.882812,25000000.000
16190,2059,5.371094,25000000.000
16191,2059,5.371094,25000000.000
16192,2060,5.859375,25000000.000
16193,2058,4.882812,25000000.000
16194,2058,4.882812,25000000.000
16195,2058,4.882812,25000000.000
16196,2055,3.417969,25000000.000
16197,2056,3.906250,25000000.000
16198,2053,2.441406,25000000.000
16199,2052,1.953125,25000000.000
16200,2049,0.488281,25000000.000
16201,2048,0.000000,25000000.000
16202,2045,-1.464844,25000000.000
16203,2045,-1.464844,25000000.000
16204,2044,-1.953125,25000000.000
16205,2045,-1.464844,25000000.000
16206,2039,-4.394531,25000000.000
16207,2038,-4.882812,25000000.000
16208,2036,-5.859375,25000000.000
16209,2034,-6.835938,25000000.000
16210,2033,-7.324219,25000000.000
16211,2033,-7.324219,25000000.000
16212,2031,-8.300781,25000000.000
16213,2030,-8.789062,25000000.000
16214,2032,-7.812500,25000000.000
16215,2032,-7.812500,25000000.000
16216,2036,-5.859375,25000000.000
16217,2036,-5.859375,25000000.000
16218,2039,-4.394531,25000000.000
16219,2037,-5.371094,25000000.000
16220,2041,-3.417969,25000000.000
16221,2042,-2.929688,25000000.000
16222,2046,-0.976562,25000000.000
16223,2047,-0.488281,25000000.000
16224,2050,0.976562,25000000.000
16225,2050,0.976562,25000000.000
16226,2053,2.441406,25000000.000
16227,2051,1.464844,25000000.000
16228,2059,5.371094,25000000.000
16229,2057,4.394531,25000000.000
16230,2058,4.882812,25000000.000
16231,2059,5.371094,25000000.000
16232,2055,3.417969,25000000.000
16233,2056,3.906250,25000000.000
16234,2058,4.882812,25000000.000
16235,2058,4.882812,25000000.000
16236,2053,2.441406,25000000.000
16237,2058,4.882812,25000000.000
16238,2053,2.441406,25000000.000
16239,2055,3.417969,25000000.000
16240,2050,0.976562,25000000.000
16241,2051,1.464844,25000000.000
16242,2047,-0.488281,25000000.000
16243,2048,0.000000,25000000.000
16244,2043,-2.441406,25000000.000
16245,2040,-3.906250,25000000.000
16246,2043,-2.441406,25000000.000
16247,2042,-2.929688,25000000.000
16248,2037,-5.371094,25000000.000
16249,2033,-7.324219,25000000.000
16250,2034,-6.835938,25000000.000
16251,2034,-6.835938,25000000.000
16252,2033,-7.324219,25000000.000
16253,2034,-6.835938,25000000.000
16254,2032,-7.812500,25000000.000
16255,2033,-7.324219,25000000.000
16256,2034,-6.835938,25000000.000
16257,2033,-7.324219,25000000.000
16258,2036,-5.859375,25000000.000
16259,2037,-5.371094,25000000.000
16260,2038,-4.882812,25000000.000
16261,2044,-1.953125,25000000.000
16262,2039,-4.394531,25000000.000
16263,2039,-4.394531,25000000.000
16264,2044,-1.953125,25000000.000
16265,2050,0.976562,25000000.000
16266,2050,0.976562,25000000.000
16267,2048,0.000000,25000000.000
16268,2053,2.441406,25000000.000
16269,2056,3.906250,25000000.000
16270,2058,4.882812,25000000.000
16271,2057,4.394531,25000000.000
16272,2060,5.859375,25000000.000
16273,2058,4.882812,25000000.000
16274,2059,5.371094,25000000.000
16275,2059,5.371094,25000000.000
16276,2059,5.371094,25000000.000
16277,2057,4.394531,25000000.000
16278,2055,3.417969,25000000.000
16279,2055,3.417969,25000000.000
16280,2054,2.929688,25000000.000
16281,2053,2.441406,25000000.000
16282,2048,0.000000,25000000.000
16283,2050,0.976562,25000000.000
16284,2046,-0.976562,25000000.000
16285,2044,-1.953125,25000000.000
16286,2042,-2.929688,25000000.000
16287,2040,-3.906250,25000000.000
16288,2037,-5.371094,25000000.000
16289,2033,-7.324219,25000000.000
16290,2034,-6.835938,25000000.000
16291,2034,-6.835938,25000000.000
16292,2031,-8.300781,25000000.000
16293,2030,-8.789062,25000000.000
16294,2031,-8.300781,25000000.000
16295,2033,-7.324219,25000000.000
16296,2031,-8.300781,25000000.000
16297,2032,-7.812500,25000000.000
16298,2033,-7.324219,25000000.000
16299,2034,-6.835938,25000000.000
16300,2035,-6.347656,25000000.000
16301,2038,-4.882812,25000000.000
16302,2040,-3.906250,25000000.000
16303,2040,-3.906250,25000000.000
16304,2044,-1.953125,25000000.000
16305,2045,-1.464844,25000000.000
16306,2049,0.488281,25000000.000
16307,2049,0.488281,25000000.000
16308,2051,1.464844,25000000.000
16309,2053,2.441406,25000000.000
16310,2055,3.417969,25000000.000
16311,2054,2.929688,25000000.000
16312,2057,4.394531,25000000.000
16313,2058,4.882812,25000000.000
16314,2058,4.882812,25000000.000
16315,2057,4.394531,25000000.000
16316,2060,5.859375,25000000.000
16317,2059,5.371094,25000000.000
16318,2056,3.906250,25000000.000
16319,2056,3.906250,25000000.000
16320,2055,3.417969,25000000.000
16321,2053,2.441406,25000000.000
16322,2051,1.464844,25000000.000
16323,2052,1.953125,25000000.000
16324,2049,0.488281,25000000.000
16325,2044,-1.953125,25000000.000
16326,2044,-1.953125,25000000.000
16327,2043,-2.441406,25000000.000
16328,2040,-3.906250,25000000.000
16329,2038,-4.882812,25000000.000
16330,2036,-5.859375,25000000.000
16331,2036,-5.859375,25000000.000
16332,2032,-7.812500,25000000.000
16333,2033,-7.324219,25000000.000
16334,2032,-7.812500,25000000.000
16335,2033,-7.324219,25000000.000
16336,2031,-8.300781,25000000.000
16337,2031,-8.300781,25000000.000
16338,2033,-7.324219,25000000.000
16339,2034,-6.835938,25000000.000
16340,2034,-6.835938,25000000.000
16341,2036,-5.859375,25000000.000
16342,2039,-4.394531,25000000.000
16343,2038,-4.882812,25000000.000
16344,2041,-3.417969,25000000.000
16345,2043,-2.441406,25000000.000
16346,2044,-1.953125,25000000.000
16347,2044,-1.953125,25000000.000
16348,2049,0.488281,25000000.000
16349,2052,1.953125,25000000.000
16350,2052,1.953125,25000000.000
16351,2052,1.953125,25000000.000
16352,2056,3.906250,25000000.000
16353,2057,4.394531,25000000.000
16354,2057,4.394531,25000000.000
16355,2058,4.882812,25000000.000
16356,2057,4.394531,25000000.000
16357,2057,4.394531,25000000.000
16358,2059,5.371094,25000000.000
16359,2058,4.882812,25000000.000
16360,2055,3.417969,25000000.000
16361,2053,2.441406,25000000.000
16362,2053,2.441406,25000000.000
16363,2054,2.929688,25000000.000
16364,2049,0.488281,25000000.000
16365,2051,1.464844,25000000.000
16366,2046,-0.976562,25000000.000
16367,2048,0.000000,25000000.000
16368,2041,-3.417969,25000000.000
16369,2042,-2.929688,25000000.000
16370,2039,-4.394531,25000000.000
16371,2039,-4.394531,25000000.000
16372,2034,-6.835938,25000000.000
16373,2035,-6.347656,25000000.000
16374,2034,-6.835938,25000000.000
16375,2033,-7.324219,25000000.000
16376,2032,-7.812500,25000000.000
16377,2033,-7.324219,25000000.000
16378,2030,-8.789062,25000000.000
16379,2031,-8.300781,25000000.000
16380,2034,-6.835938,25000000.000
16381,2036,-5.859375,25000000.000
16382,2034,-6.835938,25000000.000
16383,2035,-6.347656,25000000.000
16384,2040,-3.906250,25000000.000
16385,2042,-2.929688,25000000.000
16386,2042,-2.929688,25000000.000
16387,2045,-1.464844,25000000.000
16388,2048,0.000000,25000000.000
16389,2049,0.488281,25000000.000
16390,2052,1.953125,25000000.000
16391,2052,1.953125,25000000.000
16392,2054,2.929688,25000000.000
16393,2057,4.394531,25000000.000
16394,2059,5.371094,25000000.000
16395,2058,4.882812,25000000.000
16396,2058,4.882812,25000000.000
16397,2060,5.859375,25000000.000
16398,2059,5.371094,25000000.000
16399,2059,5.371094,25000000.000
16400,2057,4.394531,25000000.000
16401,2057,4.394531,25000000.000
16402,2056,3.906250,25000000.000
16403,2056,3.906250,25000000.000
16404,2053,2.441406,25000000.000
16405,2050,0.976562,25000000.000
16406,2050,0.976562,25000000.000
16407,2048,0.000000,25000000.000
16408,2044,-1.953125,25000000.000
16409,2043,-2.441406,25000000.000
16410,2041,-3.417969,25000000.000
16411,2041,-3.417969,25000000.000
16412,2037,-5.371094,25000000.000
16413,2036,-5.859375,25000000.000
16414,2034,-6.835938,25000000.000
16415,2035,-6.347656,25000000.000
16416,2033,-7.324219,25000000.000
16417,2032,-7.812500,25000000.000
16418,2032,-7.812500,25000000.000
16419,2032,-7.812500,25000000.000
16420,2034,-6.835938,25000000.000
16421,2035,-6.347656,25000000.000
16422,2034,-6.835938,25000000.000
16423,2035,-6.347656,25000000.000
16424,2038,-4.882812,25000000.000
16425,2038,-4.882812,25000000.000
16426,2042,-2.929688,25000000.000
16427,2041,-3.417969,25000000.000
16428,2044,-1.953125,25000000.000
16429,2047,-0.488281,25000000.000
16430,2050,0.976562,25000000.000
16431,2048,0.000000,25000000.000
16432,2050,0.976562,25000000.000
16433,2055,3.417969,25000000.000
16434,2055,3.417969,25000000.000
16435,2056,3.906250,25000000.000
16436,2056,3.906250,25000000.000
16437,2060,5.859375,25000000.000
16438,2059,5.371094,25000000.000
16439,2058,4.882812,25000000.000
16440,2058,4.882812,25000000.000
16441,2059,5.371094,25000000.000
16442,2058,4.882812,25000000.000
16443,2055,3.417969,25000000.000
16444,2055,3.417969,25000000.000
16445,2055,3.417969,25000000.000
16446,2052,1.953125,25000000.000
16447,2051,1.464844,25000000.000
16448,2048,0.000000,25000000.000
16449,2046,-0.976562,25000000.000
16450,2041,-3.417969,25000000.000
16451,2042,-2.929688,25000000.000
16452,2040,-3.906250,25000000.000
16453,2038,-4.882812,25000000.000
16454,2035,-6.347656,25000000.000
16455,2036,-5.859375,25000000.000
16456,2035,-6.347656,25000000.000
16457,2032,-7.812500,25000000.000
16458,2032,-7.812500,25000000.000
16459,2032,-7.812500,25000000.000
16460,2032,-7.812500,25000000.000
16461,2033,-7.324219,25000000.000
16462,2035,-6.347656,25000000.000
16463,2035,-6.347656,25000000.000
16464,2035,-6.347656,25000000.000
16465,2037,-5.371094,25000000.000
16466,2038,-4.882812,25000000.000
16467,2040,-3.906250,25000000.000
16468,2042,-2.929688,25000000.000
16469,2046,-0.976562,25000000.000
16470,2047,-0.488281,25000000.000
16471,2048,0.000000,25000000.000
16472,2050,0.976562,25000000.000
16473,2053,2.441406,25000000.000
16474,2054,2.929688,25000000.000
16475,2053,2.441406,25000000.000
16476,2058,4.882812,25000000.000
16477,2060,5.859375,25000000.000
16478,2059,5.371094,25000000.000
16479,2058,4.882812,25000000.000
16480,2059,5.371094,25000000.000
16481,2058,4.882812,25000000.000
16482,2056,3.906250,25000000.000
16483,2058,4.882812,25000000.000
16484,2056,3.906250,25000000.000
16485,2053,2.441406,25000000.000
16486,2051,1.464844,25000000.000
16487,2052,1.953125,25000000.000
16488,2050,0.976562,25000000.000
16489,2047,-0.488281,25000000.000
16490,2046,-0.976562,25000000.000
16491,2046,-0.976562,25000000.000
16492,2041,-3.417969,25000000.000
16493,2037,-5.371094,25000000.000
16494,2037,-5.371094,25000000.000
16495,2037,-5.371094,25000000.000
16496,2031,-8.300781,25000000.000
16497,2032,-7.812500,25000000.000
16498,2033,-7.324219,25000000.000
16499,2032,-7.812500,25000000.000
16500,2032,-7.812500,25000000.000
16501,2031,-8.300781,25000000.000
16502,2032,-7.812500,25000000.000
16503,2031,-8.300781,25000000.000
16504,2033,-7.324219,25000000.000
16505,2035,-6.347656,25000000.000
16506,2037,-5.371094,25000000.000
16507,2037,-5.371094,25000000.000
16508,2041,-3.417969,25000000.000
16509,2042,-2.929688,25000000.000
16510,2044,-1.953125,25000000.000
16511,2044,-1.953125,25000000.000
16512,2048,0.000000,25000000.000
16513,2051,1.464844,25000000.000
16514,2051,1.464844,25000000.000
16515,2052,1.953125,25000000.000
16516,2056,3.906250,25000000.000
16517,2056,3.906250,25000000.000
16518,2056,3.906250,25000000.000
16519,2057,4.394531,25000000.000
16520,2059,5.371094,25000000.000
16521,2057,4.394531,25000000.000
16522,2058,4.882812,25000000.000
16523,2058,4.882812,25000000.000
16524,2058,4.882812,25000000.000
16525,2055,3.417969,25000000.000
16526,2053,2.441406,25000000.000
16527,2052,1.953125,25000000.000
16528,2050,0.976562,25000000.000
16529,2048,0.000000,25000000.000
16530,2047,-0.488281,25000000.000
16531,2047,-0.488281,25000000.000
16532,2043,-2.441406,25000000.000
16533,2041,-3.417969,25000000.000
16534,2039,-4.394531,25000000.000
16535,2039,-4.394531,25000000.000
16536,2036,-5.859375,25000000.000
16537,2034,-6.835938,25000000.000
16538,2034,-6.835938,25000000.000
16539,2034,-6.835938,25000000.000
16540,2032,-7.812500,25000000.000
16541,2032,-7.812500,25000000.000
16542,2029,-9.277344,25000000.000
16543,2030,-8.789062,25000000.000
16544,2033,-7.324219,25000000.000
16545,2034,-6.835938,25000000.000
16546,2035,-6.347656,25000000.000
16547,2033,-7.324219,25000000.000
16548,2038,-4.882812,25000000.000
16549,2041,-3.417969,25000000.000
16550,2044,-1.953125,25000000.000
16551,2044,-1.953125,25000000.000
16552,2045,-1.464844,25000000.000
16553,2045,-1.464844,25000000.000
16554,2051,1.464844,25000000.000
16555,2051,1.464844,25000000.000
16556,2053,2.441406,25000000.000
16557,2054,2.929688,25000000.000
16558,2057,4.394531,25000000.000
16559,2056,3.906250,25000000.000
16560,2059,5.371094,25000000.000
16561,2057,4.394531,25000000.000
16562,2059,5.371094,25000000.000
16563,2059,5.371094,25000000.000
16564,2058,4.882812,25000000.000
16565,2058,4.882812,25000000.000
16566,2056,3.906250,25000000.000
16567,2055,3.417969,25000000.000
16568,2053,2.441406,25000000.000
16569,2052,1.953125,25000000.000
16570,2051,1.464844,25000000.000
16571,2049,0.488281,25000000.000
16572,2045,-1.464844,25000000.000
16573,2045,-1.464844,25000000.000
16574,2041,-3.417969,25000000.000
16575,2041,-3.417969,25000000.000
16576,2039,-4.394531,25000000.000
16577,2036,-5.859375,25000000.000
16578,2036,-5.859375,25000000.000
16579,2034,-6.835938,25000000.000
16580,2034,-6.835938,25000000.000
16581,2032,-7.812500,25000000.000
16582,2032,-7.812500,25000000.000
16583,2033,-7.324219,25000000.000
16584,2033,-7.324219,25000000.000
16585,2033,-7.324219,25000000.000
16586,2034,-6.835938,25000000.000
16587,2035,-6.347656,25000000.000
16588,2037,-5.371094,25000000.000
16589,2038,-4.882812,25000000.000
16590,2042,-2.929688,25000000.000
16591,2041,-3.417969,25000000.000
16592,2043,-2.441406,25000000.000
16593,2044,-1.953125,25000000.000
16594,2050,0.976562,25000000.000
16595,2044,-1.953125,25000000.000
16596,2049,0.488281,25000000.000
16597,2055,3.417969,25000000.000
16598,2057,4.394531,25000000.000
16599,2057,4.394531,25000000.000
16600,2056,3.906250,25000000.000
16601,2060,5.859375,25000000.000
16602,2059,5.371094,25000000.000
16603,2059,5.371094,25000000.000
16604,2059,5.371094,25000000.000
16605,2059,5.371094,25000000.000
16606,2058,4.882812,25000000.000
16607,2057,4.394531,25000000.000
16608,2057,4.394531,25000000.000
16609,2054,2.929688,25000000.000
16610,2052,1.953125,25000000.000
16611,2051,1.464844,25000000.000
16612,2048,0.000000,25000000.000
16613,2047,-0.488281,25000000.000
16614,2043,-2.441406,25000000.000
16615,2043,-2.441406,25000000.000
16616,2041,-3.417969,25000000.000
16617,2039,-4.394531,25000000.000
16618,2036,-5.859375,25000000.000
16619,2037,-5.371094,25000000.000
16620,2036,-5.859375,25000000.000
16621,2033,-7.324219,25000000.000
16622,2033,-7.324219,25000000.000
16623,2033,-7.324219,25000000.000
16624,2033,-7.324219,25000000.000
16625,2031,-8.300781,25000000.000
16626,2035,-6.347656,25000000.000
16627,2034,-6.835938,25000000.000
16628,2035,-6.347656,25000000.000
16629,2036,-5.859375,25000000.000
16630,2037,-5.371094,25000000.000
16631,2038,-4.882812,25000000.000
16632,2040,-3.906250,25000000.000
16633,2045,-1.464844,25000000.000
16634,2046,-0.976562,25000000.000
16635,2046,-0.976562,25000000.000
16636,2051,1.464844,25000000.000
16637,2054,2.929688,25000000.000
16638,2052,1.953125,25000000.000
16639,2053,2.441406,25000000.000
16640,2057,4.394531,25000000.000
16641,2059,5.371094,25000000.000
16642,2058,4.882812,25000000.000
16643,2057,4.394531,25000000.000
16644,2060,5.859375,25000000.000
16645,2058,4.882812,25000000.000
16646,2059,5.371094,25000000.000
16647,2057,4.394531,25000000.000
16648,2056,3.906250,25000000.000
16649,2056,3.906250,25000000.000
16650,2053,2.441406,25000000.000
16651,2054,2.929688,25000000.000
16652,2052,1.953125,25000000.000
16653,2048,0.000000,25000000.000
16654,2047,-0.488281,25000000.000
16655,2047,-0.488281,25000000.000
16656,2043,-2.441406,25000000.000
16657,2039,-4.394531,25000000.000
16658,2039,-4.394531,25000000.000
16659,2037,-5.371094,25000000.000
16660,2036,-5.859375,25000000.000
16661,2034,-6.835938,25000000.000
16662,2033,-7.324219,25000000.000
16663,2032,-7.812500,25000000.000
16664,2031,-8.300781,25000000.000
16665,2032,-7.812500,25000000.000
16666,2032,-7.812500,25000000.000
16667,2033,-7.324219,25000000.000
16668,2034,-6.835938,25000000.000
16669,2035,-6.347656,25000000.000
16670,2038,-4.882812,25000000.000
16671,2037,-5.371094,25000000.000
16672,2040,-3.906250,25000000.000
16673,2042,-2.929688,25000000.000
16674,2044,-1.953125,25000000.000
16675,2043,-2.441406,25000000.000
16676,2049,0.488281,25000000.000
16677,2051,1.464844,25000000.000
16678,2051,1.464844,25000000.000
16679,2051,1.464844,25000000.000
16680,2055,3.417969,25000000.000
16681,2057,4.394531,25000000.000
16682,2054,2.929688,25000000.000
16683,2056,3.906250,25000000.000
16684,2058,4.882812,25000000.000
16685,2058,4.882812,25000000.000
16686,2059,5.371094,25000000.000
16687,2058,4.882812,25000000.000
16688,2056,3.906250,25000000.000
16689,2056,3.906250,25000000.000
16690,2055,3.417969,25000000.000
16691,2056,3.906250,25000000.000
16692,2052,1.953125,25000000.000
16693,2050,0.976562,25000000.000
16694,2047,-0.488281,25000000.000
16695,2047,-0.488281,25000000.000
16696,2043,-2.441406,25000000.000
16697,2042,-2.929688,25000000.000
16698,2041,-3.417969,25000000.000
16699,2042,-2.929688,25000000.000
16700,2037,-5.371094,25000000.000
16701,2036,-5.859375,25000000.000
16702,2033,-7.324219,25000000.000
16703,2034,-6.835938,25000000.000
16704,2032,-7.812500,25000000.000
16705,2031,-8.300781,25000000.000
16706,2032,-7.812500,25000000.000
16707,2031,-8.300781,25000000.000
16708,2033,-7.324219,25000000.000
16709,2034,-6.835938,25000000.000
16710,2035,-6.347656,25000000.000
16711,2034,-6.835938,25000000.000
16712,2038,-4.882812,25000000.000
16713,2040,-3.906250,25000000.000
16714,2040,-3.906250,25000000.000
16715,2040,-3.906250,25000000.000
16716,2046,-0.976562,25000000.000
16717,2047,-0.488281,25000000.000
16718,2049,0.488281,25000000.000
16719,2049,0.488281,25000000.000
16720,2054,2.929688,25000000.000
16721,2053,2.441406,25000000.000
16722,2056,3.906250,25000000.000
16723,2056,3.906250,25000000.000
16724,2058,4.882812,25000000.000
16725,2057,4.394531,25000000.000
16726,2059,5.371094,25000000.000
16727,2058,4.882812,25000000.000
16728,2057,4.394531,25000000.000
16729,2058,4.882812,25000000.000
16730,2056,3.906250,25000000.000
16731,2055,3.417969,25000000.000
16732,2053,2.441406,25000000.000
16733,2053,2.441406,25000000.000
16734,2049,0.488281,25000000.000
16735,2050,0.976562,25000000.000
16736,2046,-0.976562,25000000.000
16737,2044,-1.953125,25000000.000
16738,2044,-1.953125,25000000.000
16739,2042,-2.929688,25000000.000
16740,2039,-4.394531,25000000.000
16741,2036,-5.859375,25000000.000
16742,2035,-6.347656,25000000.000
16743,2035,-6.347656,25000000.000
16744,2034,-6.835938,25000000.000
16745,2034,-6.835938,25000000.000
16746,2032,-7.812500,25000000.000
16747,2030,-8.789062,25000000.000
16748,2033,-7.324219,25000000.000
16749,2031,-8.300781,25000000.000
16750,2028,-9.765625,25000000.000
16751,2033,-7.324219,25000000.000
16752,2035,-6.347656,25000000.000
16753,2039,-4.394531,25000000.000
16754,2041,-3.417969,25000000.000
16755,2039,-4.394531,25000000.000
16756,2042,-2.929688,25000000.000
16757,2044,-1.953125,25000000.000
16758,2048,0.000000,25000000.000
16759,2048,0.000000,25000000.000
16760,2050,0.976562,25000000.000
16761,2052,1.953125,25000000.000
16762,2055,3.417969,25000000.000
16763,2055,3.417969,25000000.000
16764,2057,4.394531,25000000.000
16765,2057,4.394531,25000000.000
16766,2059,5.371094,25000000.000
16767,2059,5.371094,25000000.000
16768,2059,5.371094,25000000.000
16769,2059,5.371094,25000000.000
16770,2058,4.882812,25000000.000
16771,2058,4.882812,25000000.000
16772,2055,3.417969,25000000.000
16773,2053,2.441406,25000000.000
16774,2054,2.929688,25000000.000
16775,2053,2.441406,25000000.000
16776,2048,0.000000,25000000.000
16777,2045,-1.464844,25000000.000
16778,2043,-2.441406,25000000.000
16779,2043,-2.441406,25000000.000
16780,2041,-3.417969,25000000.000
16781,2041,-3.417969,25000000.000
16782,2038,-4.882812,25000000.000
16783,2038,-4.882812,25000000.000
16784,2034,-6.835938,25000000.000
16785,2033,-7.324219,25000000.000
16786,2032,-7.812500,25000000.000
16787,2033,-7.324219,25000000.000
16788,2033,-7.324219,25000000.000
16789,2030,-8.789062,25000000.000
16790,2033,-7.324219,25000000.000
16791,2032,-7.812500,25000000.000
16792,2036,-5.859375,25000000.000
16793,2035,-6.347656,25000000.000
16794,2037,-5.371094,25000000.000
16795,2039,-4.394531,25000000.000
16796,2040,-3.906250,25000000.000
16797,2043,-2.441406,25000000.000
16798,2045,-1.464844,25000000.000
16799,2045,-1.464844,25000000.000
16800,2049,0.488281,25000000.000
16801,2052,1.953125,25000000.000
16802,2054,2.929688,25000000.000
16803,2053,2.441406,25000000.000
16804,2056,3.906250,25000000.000
16805,2058,4.882812,25000000.000
16806,2059,5.371094,25000000.000
16807,2059,5.371094,25000000.000
16808,2059,5.371094,25000000.000
16809,2059,5.371094,25000000.000
16810,2058,4.882812,25000000.000
16811,2058,4.882812,25000000.000
16812,2058,4.882812,25000000.000
16813,2057,4.394531,25000000.000
16814,2053,2.441406,25000000.000
16815,2053,2.441406,25000000.000
16816,2051,1.464844,25000000.000
16817,2049,0.488281,25000000.000
16818,2046,-0.976562,25000000.000
16819,2046,-0.976562,25000000.000
16820,2044,-1.953125,25000000.000
16821,2040,-3.906250,25000000.000
16822,2039,-4.394531,25000000.000
16823,2040,-3.906250,25000000.000
16824,2036,-5.859375,25000000.000
16825,2034,-6.835938,25000000.000
16826,2034,-6.835938,25000000.000
16827,2033,-7.324219,25000000.000
16828,2032,-7.812500,25000000.000
16829,2034,-6.835938,25000000.000
16830,2032,-7.812500,25000000.000
16831,2033,-7.324219,25000000.000
16832,2034,-6.835938,25000000.000
16833,2035,-6.347656,25000000.000
16834,2036,-5.859375,25000000.000
16835,2036,-5.859375,25000000.000
16836,2039,-4.394531,25000000.000
16837,2042,-2.929688,25000000.000
16838,2044,-1.953125,25000000.000
16839,2042,-2.929688,25000000.000
16840,2047,-0.488281,25000000.000
16841,2049,0.488281,25000000.000
16842,2051,1.464844,25000000.000
16843,2050,0.976562,25000000.000
16844,2055,3.417969,25000000.000
16845,2055,3.417969,25000000.000
16846,2057,4.394531,25000000.000
16847,2057,4.394531,25000000.000
16848,2059,5.371094,25000000.000
16849,2059,5.371094,25000000.000
16850,2058,4.882812,25000000.000
16851,2060,5.859375,25000000.000
16852,2059,5.371094,25000000.000
16853,2058,4.882812,25000000.000
16854,2049,0.488281,25000000.000
16855,2053,2.441406,25000000.000
16856,2050,0.976562,25000000.000
16857,2054,2.929688,25000000.000
16858,2048,0.000000,25000000.000
16859,2050,0.976562,25000000.000
16860,2045,-1.464844,25000000.000
16861,2042,-2.929688,25000000.000
16862,2041,-3.417969,25000000.000
16863,2043,-2.441406,25000000.000
16864,2038,-4.882812,25000000.000
16865,2035,-6.347656,25000000.000
16866,2036,-5.859375,25000000.000
16867,2035,-6.347656,25000000.000
16868,2033,-7.324219,25000000.000
16869,2032,-7.812500,25000000.000
16870,2033,-7.324219,25000000.000
16871,2032,-7.812500,25000000.000
16872,2034,-6.835938,25000000.000
16873,2033,-7.324219,25000000.000
16874,2033,-7.324219,25000000.000
16875,2033,-7.324219,25000000.000
16876,2038,-4.882812,25000000.000
16877,2039,-4.394531,25000000.000
16878,2039,-4.394531,25000000.000
16879,2040,-3.906250,25000000.000
16880,2044,-1.953125,25000000.000
16881,2047,-0.488281,25000000.000
16882,2047,-0.488281,25000000.000
16883,2048,0.000000,25000000.000
16884,2052,1.953125,25000000.000
16885,2053,2.441406,25000000.000
16886,2055,3.417969,25000000.000
16887,2056,3.906250,25000000.000
16888,2058,4.882812,25000000.000
16889,2056,3.906250,25000000.000
16890,2058,4.882812,25000000.000
16891,2059,5.371094,25000000.000
16892,2057,4.394531,25000000.000
16893,2057,4.394531,25000000.000
16894,2056,3.906250,25000000.000
16895,2057,4.394531,25000000.000
16896,2053,2.441406,25000000.000
16897,2055,3.417969,25000000.000
16898,2050,0.976562,25000000.000
16899,2053,2.441406,25000000.000
16900,2046,-0.976562,25000000.000
16901,2048,0.000000,25000000.000
16902,2043,-2.441406,25000000.000
16903,2043,-2.441406,25000000.000
16904,2038,-4.882812,25000000.000
16905,2039,-4.394531,25000000.000
16906,2033,-7.324219,25000000.000
16907,2032,-7.812500,25000000.000
16908,2033,-7.324219,25000000.000
16909,2035,-6.347656,25000000.000
16910,2031,-8.300781,25000000.000
16911,2029,-9.277344,25000000.000
16912,2031,-8.300781,25000000.000
16913,2033,-7.324219,25000000.000
16914,2031,-8.300781,25000000.000
16915,2032,-7.812500,25000000.000
16916,2035,-6.347656,25000000.000
16917,2038,-4.882812,25000000.000
16918,2040,-3.906250,25000000.000
16919,2039,-4.394531,25000000.000
16920,2042,-2.929688,25000000.000
16921,2042,-2.929688,25000000.000
16922,2046,-0.976562,25000000.000
16923,2047,-0.488281,25000000.000
16924,2050,0.976562,25000000.000
16925,2052,1.953125,25000000.000
16926,2053,2.441406,25000000.000
16927,2053,2.441406,25000000.000
16928,2056,3.906250,25000000.000
16929,2057,4.394531,25000000.000
16930,2058,4.882812,25000000.000
16931,2058,4.882812,25000000.000
16932,2059,5.371094,25000000.000
16933,2059,5.371094,25000000.000
16934,2058,4.882812,25000000.000
16935,2059,5.371094,25000000.000
16936,2054,2.929688,25000000.000
16937,2056,3.906250,25000000.000
16938,2053,2.441406,25000000.000
16939,2056,3.906250,25000000.000
16940,2046,-0.976562,25000000.000
16941,2050,0.976562,25000000.000
16942,2047,-0.488281,25000000.000
16943,2047,-0.488281,25000000.000
16944,2041,-3.417969,25000000.000
16945,2041,-3.417969,25000000.000
16946,2037,-5.371094,25000000.000
16947,2037,-5.371094,25000000.000
16948,2035,-6.347656,25000000.000
16949,2033,-7.324219,25000000.000
16950,2032,-7.812500,25000000.000
16951,2033,-7.324219,25000000.000
16952,2033,-7.324219,25000000.000
16953,2031,-8.300781,25000000.000
16954,2032,-7.812500,25000000.000
16955,2032,-7.812500,25000000.000
16956,2032,-7.812500,25000000.000
16957,2035,-6.347656,25000000.000
16958,2037,-5.371094,25000000.000
16959,2037,-5.371094,25000000.000
16960,2040,-3.906250,25000000.000
16961,2042,-2.929688,25000000.000
16962,2044,-1.953125,25000000.000
16963,2045,-1.464844,25000000.000
16964,2046,-0.976562,25000000.000
16965,2052,1.953125,25000000.000
16966,2053,2.441406,25000000.000
16967,2053,2.441406,25000000.000
16968,2055,3.417969,25000000.000
16969,2057,4.394531,25000000.000
16970,2058,4.882812,25000000.000
16971,2058,4.882812,25000000.000
16972,2059,5.371094,25000000.000
16973,2061,6.347656,25000000.000
16974,2060,5.859375,25000000.000
16975,2058,4.882812,25000000.000
16976,2059,5.371094,25000000.000
16977,2057,4.394531,25000000.000
16978,2054,2.929688,25000000.000
16979,2055,3.417969,25000000.000
16980,2053,2.441406,25000000.000
16981,2050,0.976562,25000000.000
16982,2048,0.000000,25000000.000
16983,2047,-0.488281,25000000.000
16984,2044,-1.953125,25000000.000
16985,2042,-2.929688,25000000.000
16986,2039,-4.394531,25000000.000
16987,2040,-3.906250,25000000.000
16988,2036,-5.859375,25000000.000
16989,2034,-6.835938,25000000.000
16990,2034,-6.835938,25000000.000
16991,2034,-6.835938,25000000.000
16992,2032,-7.812500,25000000.000
16993,2033,-7.324219,25000000.000
16994,2033,-7.324219,25000000.000
16995,2033,-7.324219,25000000.000
16996,2032,-7.812500,25000000.000
16997,2035,-6.347656,25000000.000
16998,2037,-5.371094,25000000.000
16999,2037,-5.371094,25000000.000
17000,2038,-4.882812,25000000.000
17001,2039,-4.394531,25000000.000
17002,2043,-2.441406,25000000.000
17003,2044,-1.953125,25000000.000
17004,2046,-0.976562,25000000.000
17005,2048,0.000000,25000000.000
17006,2051,1.464844,25000000.000
17007,2049,0.488281,25000000.000
17008,2054,2.929688,25000000.000
17009,2055,3.417969,25000000.000
17010,2055,3.417969,25000000.000
17011,2052,1.953125,25000000.000
17012,2057,4.394531,25000000.000
17013,2058,4.882812,25000000.000
17014,2057,4.394531,25000000.000
17015,2058,4.882812,25000000.000
17016,2058,4.882812,25000000.000
17017,2056,3.906250,25000000.000
17018,2057,4.394531,25000000.000
17019,2059,5.371094,25000000.000
17020,2055,3.417969,25000000.000
17021,2053,2.441406,25000000.000
17022,2050,0.976562,25000000.000
17023,2049,0.488281,25000000.000
17024,2046,-0.976562,25000000.000
17025,2046,-0.976562,25000000.000
17026,2043,-2.441406,25000000.000
17027,2042,-2.929688,25000000.000
17028,2039,-4.394531,25000000.000
17029,2038,-4.882812,25000000.000
17030,2035,-6.347656,25000000.000
17031,2036,-5.859375,25000000.000
17032,2033,-7.324219,25000000.000
17033,2034,-6.835938,25000000.000
17034,2033,-7.324219,25000000.000
17035,2033,-7.324219,25000000.000
17036,2023,-12.207031,25000000.000
17037,2034,-6.835938,25000000.000
17038,2034,-6.835938,25000000.000
17039,2034,-6.835938,25000000.000
17040,2038,-4.882812,25000000.000
17041,2038,-4.882812,25000000.000
17042,2039,-4.394531,25000000.000
17043,2039,-4.394531,25000000.000
17044,2045,-1.464844,25000000.000
17045,2045,-1.464844,25000000.000
17046,2048,0.000000,25000000.000
17047,2045,-1.464844,25000000.000
17048,2052,1.953125,25000000.000
17049,2055,3.417969,25000000.000
17050,2053,2.441406,25000000.000
17051,2052,1.953125,25000000.000
17052,2058,4.882812,25000000.000
17053,2057,4.394531,25000000.000
17054,2058,4.882812,25000000.000
17055,2059,5.371094,25000000.000
17056,2060,5.859375,25000000.000
17057,2057,4.394531,25000000.000
17058,2057,4.394531,25000000.000
17059,2057,4.394531,25000000.000
17060,2053,2.441406,25000000.000
17061,2052,1.953125,25000000.000
17062,2053,2.441406,25000000.000
17063,2052,1.953125,25000000.000
17064,2048,0.000000,25000000.000
17065,2045,-1.464844,25000000.000
17066,2044,-1.953125,25000000.000
17067,2044,-1.953125,25000000.000
17068,2039,-4.394531,25000000.000
17069,2039,-4.394531,25000000.000
17070,2037,-5.371094,25000000.000
17071,2037,-5.371094,25000000.000
17072,2034,-6.835938,25000000.000
17073,2032,-7.812500,25000000.000
17074,2031,-8.300781,25000000.000
17075,2031,-8.300781,25000000.000
17076,2032,-7.812500,25000000.000
17077,2031,-8.300781,25000000.000
17078,2031,-8.300781,25000000.000
17079,2030,-8.789062,25000000.000
17080,2036,-5.859375,25000000.000
17081,2035,-6.347656,25000000.000
17082,2036,-5.859375,25000000.000
17083,2037,-5.371094,25000000.000
17084,2042,-2.929688,25000000.000
17085,2042,-2.929688,25000000.000
17086,2044,-1.953125,25000000.000
17087,2045,-1.464844,25000000.000
17088,2049,0.488281,25000000.000
17089,2050,0.976562,25000000.000
17090,2052,1.953125,25000000.000
17091,2053,2.441406,25000000.000
17092,2056,3.906250,25000000.000
17093,2057,4.394531,25000000.000
17094,2057,4.394531,25000000.000
17095,2057,4.394531,25000000.000
17096,2057,4.394531,25000000.000
17097,2059,5.371094,25000000.000
17098,2058,4.882812,25000000.000
17099,2059,5.371094,25000000.000
17100,2056,3.906250,25000000.000
17101,2056,3.906250,25000000.000
17102,2053,2.441406,25000000.000
17103,2054,2.929688,25000000.000
17104,2050,0.976562,25000000.000
17105,2048,0.000000,25000000.000
17106,2046,-0.976562,25000000.000
17107,2045,-1.464844,25000000.000
17108,2042,-2.929688,25000000.000
17109,2040,-3.906250,25000000.000
17110,2037,-5.371094,25000000.000
17111,2038,-4.882812,25000000.000
17112,2034,-6.835938,25000000.000
17113,2034,-6.835938,25000000.000
17114,2033,-7.324219,25000000.000
17115,2034,-6.835938,25000000.000
17116,2033,-7.324219,25000000.000
17117,2031,-8.300781,25000000.000
17118,2033,-7.324219,25000000.000
17119,2034,-6.835938,25000000.000
17120,2034,-6.835938,25000000.000
17121,2033,-7.324219,25000000.000
17122,2034,-6.835938,25000000.000
17123,2036,-5.859375,25000000.000
17124,2038,-4.882812,25000000.000
17125,2040,-3.906250,25000000.000
17126,2042,-2.929688,25000000.000
17127,2042,-2.929688,25000000.000
17128,2046,-0.976562,25000000.000
17129,2049,0.488281,25000000.000
17130,2051,1.464844,25000000.000
17131,2051,1.464844,25000000.000
17132,2053,2.441406,25000000.000
17133,2055,3.417969,25000000.000
17134,2057,4.394531,25000000.000
17135,2057,4.394531,25000000.000
17136,2059,5.371094,25000000.000
17137,2059,5.371094,25000000.000
17138,2058,4.882812,25000000.000
17139,2059,5.371094,25000000.000
17140,2056,3.906250,25000000.000
17141,2057,4.394531,25000000.000
17142,2055,3.417969,25000000.000
17143,2054,2.929688,25000000.000
17144,2053,2.441406,25000000.000
17145,2052,1.953125,25000000.000
17146,2049,0.488281,25000000.000
17147,2050,0.976562,25000000.000
17148,2045,-1.464844,25000000.000
17149,2042,-2.929688,25000000.000
17150,2040,-3.906250,25000000.000
17151,2041,-3.417969,25000000.000
17152,2038,-4.882812,25000000.000
17153,2034,-6.835938,25000000.000
17154,2037,-5.371094,25000000.000
17155,2036,-5.859375,25000000.000
17156,2034,-6.835938,25000000.000
17157,2033,-7.324219,25000000.000
17158,2033,-7.324219,25000000.000
17159,2032,-7.812500,25000000.000
17160,2033,-7.324219,25000000.000
17161,2034,-6.835938,25000000.000
17162,2034,-6.835938,25000000.000
17163,2036,-5.859375,25000000.000
17164,2037,-5.371094,25000000.000
17165,2040,-3.906250,25000000.000
17166,2041,-3.417969,25000000.000
17167,2042,-2.929688,25000000.000
17168,2046,-0.976562,25000000.000
17169,2047,-0.488281,25000000.000
17170,2050,0.976562,25000000.000
17171,2050,0.976562,25000000.000
17172,2054,2.929688,25000000.000
17173,2054,2.929688,25000000.000
17174,2056,3.906250,25000000.000
17175,2055,3.417969,25000000.000
17176,2059,5.371094,25000000.000
17177,2059,5.371094,25000000.000
17178,2059,5.371094,25000000.000
17179,2061,6.347656,25000000.000
17180,2054,2.929688,25000000.000
17181,2059,5.371094,25000000.000
17182,2053,2.441406,25000000.000
17183,2049,0.488281,25000000.000
17184,2054,2.929688,25000000.000
17185,2058,4.882812,25000000.000
17186,2050,0.976562,25000000.000
17187,2054,2.929688,25000000.000
17188,2046,-0.976562,25000000.000
17189,2043,-2.441406,25000000.000
17190,2045,-1.464844,25000000.000
17191,2046,-0.976562,25000000.000
17192,2039,-4.394531,25000000.000
17193,2036,-5.859375,25000000.000
17194,2038,-4.882812,25000000.000
17195,2038,-4.882812,25000000.000
17196,2033,-7.324219,25000000.000
17197,2032,-7.812500,25000000.000
17198,2033,-7.324219,25000000.000
17199,2033,-7.324219,25000000.000
17200,2032,-7.812500,25000000.000
17201,2029,-9.277344,25000000.000
17202,2034,-6.835938,25000000.000
17203,2034,-6.835938,25000000.000
17204,2035,-6.347656,25000000.000
17205,2036,-5.859375,25000000.000
17206,2038,-4.882812,25000000.000
17207,2037,-5.371094,25000000.000
17208,2044,-1.953125,25000000.000
17209,2046,-0.976562,25000000.000
17210,2047,-0.488281,25000000.000
17211,2047,-0.488281,25000000.000
17212,2050,0.976562,25000000.000
17213,2053,2.441406,25000000.000
17214,2055,3.417969,25000000.000
17215,2054,2.929688,25000000.000
17216,2058,4.882812,25000000.000
17217,2059,5.371094,25000000.000
17218,2058,4.882812,25000000.000
17219,2060,5.859375,25000000.000
17220,2061,6.347656,25000000.000
17221,2058,4.882812,25000000.000
17222,2060,5.859375,25000000.000
17223,2060,5.859375,25000000.000
17224,2057,4.394531,25000000.000
17225,2055,3.417969,25000000.000
17226,2054,2.929688,25000000.000
17227,2053,2.441406,25000000.000
17228,2049,0.488281,25000000.000
17229,2048,0.000000,25000000.000
17230,2047,-0.488281,25000000.000
17231,2047,-0.488281,25000000.000
17232,2042,-2.929688,25000000.000
17233,2041,-3.417969,25000000.000
17234,2039,-4.394531,25000000.000
17235,2039,-4.394531,25000000.000
17236,2035,-6.347656,25000000.000
17237,2035,-6.347656,25000000.000
17238,2034,-6.835938,25000000.000
17239,2032,-7.812500,25000000.000
17240,2033,-7.324219,25000000.000
17241,2033,-7.324219,25000000.000
17242,2032,-7.812500,25000000.000
17243,2034,-6.835938,25000000.000
17244,2033,-7.324219,25000000.000
17245,2036,-5.859375,25000000.000
17246,2037,-5.371094,25000000.000
17247,2037,-5.371094,25000000.000
17248,2041,-3.417969,25000000.000
17249,2042,-2.929688,25000000.000
17250,2043,-2.441406,25000000.000
17251,2045,-1.464844,25000000.000
17252,2049,0.488281,25000000.000
17253,2049,0.488281,25000000.000
17254,2052,1.953125,25000000.000
17255,2053,2.441406,25000000.000
17256,2054,2.929688,25000000.000
17257,2054,2.929688,25000000.000
17258,2058,4.882812,25000000.000
17259,2058,4.882812,25000000.000
17260,2058,4.882812,25000000.000
17261,2059,5.371094,25000000.000
17262,2059,5.371094,25000000.000
17263,2060,5.859375,25000000.000
17264,2055,3.417969,25000000.000
17265,2056,3.906250,25000000.000
17266,2056,3.906250,25000000.000
17267,2056,3.906250,25000000.000
17268,2050,0.976562,25000000.000
17269,2049,0.488281,25000000.000
17270,2049,0.488281,25000000.000
17271,2048,0.000000,25000000.000
17272,2044,-1.953125,25000000.000
17273,2041,-3.417969,25000000.000
17274,2039,-4.394531,25000000.000
17275,2038,-4.882812,25000000.000
17276,2036,-5.859375,25000000.000
17277,2035,-6.347656,25000000.000
17278,2031,-8.300781,25000000.000
17279,2031,-8.300781,25000000.000
17280,2031,-8.300781,25000000.000
17281,2031,-8.300781,25000000.000
17282,2028,-9.765625,25000000.000
17283,2031,-8.300781,25000000.000
17284,2031,-8.300781,25000000.000
17285,2036,-5.859375,25000000.000
17286,2030,-8.789062,25000000.000
17287,2034,-6.835938,25000000.000
17288,2036,-5.859375,25000000.000
17289,2038,-4.882812,25000000.000
17290,2043,-2.441406,25000000.000
17291,2042,-2.929688,25000000.000
17292,2045,-1.464844,25000000.000
17293,2047,-0.488281,25000000.000
17294,2049,0.488281,25000000.000
17295,2051,1.464844,25000000.000
17296,2053,2.441406,25000000.000
17297,2055,3.417969,25000000.000
17298,2055,3.417969,25000000.000
17299,2057,4.394531,25000000.000
17300,2057,4.394531,25000000.000
17301,2058,4.882812,25000000.000
17302,2059,5.371094,25000000.000
17303,2057,4.394531,25000000.000
17304,2058,4.882812,25000000.000
17305,2057,4.394531,25000000.000
17306,2057,4.394531,25000000.000
17307,2055,3.417969,25000000.000
17308,2054,2.929688,25000000.000
17309,2052,1.953125,25000000.000
17310,2049,0.488281,25000000.000
17311,2048,0.000000,25000000.000
17312,2046,-0.976562,25000000.000
17313,2045,-1.464844,25000000.000
17314,2042,-2.929688,25000000.000
17315,2041,-3.417969,25000000.000
17316,2037,-5.371094,25000000.000
17317,2037,-5.371094,25000000.000
17318,2035,-6.347656,25000000.000
17319,2035,-6.347656,25000000.000
17320,2033,-7.324219,25000000.000
17321,2031,-8.300781,25000000.000
17322,2033,-7.324219,25000000.000
17323,2031,-8.300781,25000000.000
17324,2032,-7.812500,25000000.000
17325,2031,-8.300781,25000000.000
17326,2035,-6.347656,25000000.000
17327,2034,-6.835938,25000000.000
17328,2035,-6.347656,25000000.000
17329,2038,-4.882812,25000000.000
17330,2040,-3.906250,25000000.000
17331,2041,-3.417969,25000000.000
17332,2043,-2.441406,25000000.000
17333,2045,-1.464844,25000000.000
17334,2048,0.000000,25000000.000
17335,2048,0.000000,25000000.000
17336,2052,1.953125,25000000.000
17337,2055,3.417969,25000000.000
17338,2057,4.394531,25000000.000
17339,2056,3.906250,25000000.000
17340,2058,4.882812,25000000.000
17341,2058,4.882812,25000000.000
17342,2058,4.882812,25000000.000
17343,2057,4.394531,25000000.000
17344,2060,5.859375,25000000.000
17345,2060,5.859375,25000000.000
17346,2056,3.906250,25000000.000
17347,2057,4.394531,25000000.000
17348,2056,3.906250,25000000.000
17349,2054,2.929688,25000000.000
17350,2051,1.464844,25000000.000
17351,2053,2.441406,25000000.000
17352,2050,0.976562,25000000.000
17353,2047,-0.488281,25000000.000
17354,2043,-2.441406,25000000.000
17355,2043,-2.441406,25000000.000
17356,2040,-3.906250,25000000.000
17357,2038,-4.882812,25000000.000
17358,2037,-5.371094,25000000.000
17359,2036,-5.859375,25000000.000
17360,2033,-7.324219,25000000.000
17361,2034,-6.835938,25000000.000
17362,2033,-7.324219,25000000.000
17363,2033,-7.324219,25000000.000
17364,2032,-7.812500,25000000.000
17365,2034,-6.835938,25000000.000
17366,2033,-7.324219,25000000.000
17367,2034,-6.835938,25000000.000
17368,2035,-6.347656,25000000.000
17369,2036,-5.859375,25000000.000
17370,2040,-3.906250,25000000.000
17371,2039,-4.394531,25000000.000
17372,2044,-1.953125,25000000.000
17373,2045,-1.464844,25000000.000
17374,2046,-0.976562,25000000.000
17375,2044,-1.953125,25000000.000
17376,2051,1.464844,25000000.000
17377,2053,2.441406,25000000.000
17378,2054,2.929688,25000000.000
17379,2053,2.441406,25000000.000
17380,2054,2.929688,25000000.000
17381,2059,5.371094,25000000.000
17382,2057,4.394531,25000000.000
17383,2058,4.882812,25000000.000
17384,2057,4.394531,25000000.000
17385,2057,4.394531,25000000.000
17386,2060,5.859375,25000000.000
17387,2067,9.277344,25000000.000
17388,2059,5.371094,25000000.000
17389,2054,2.929688,25000000.000
17390,2051,1.464844,25000000.000
17391,2053,2.441406,25000000.000
17392,2048,0.000000,25000000.000
17393,2050,0.976562,25000000.000
17394,2045,-1.464844,25000000.000
17395,2047,-0.488281,25000000.000
17396,2041,-3.417969,25000000.000
17397,2043,-2.441406,25000000.000
17398,2040,-3.906250,25000000.000
17399,2041,-3.417969,25000000.000
17400,2035,-6.347656,25000000.000
17401,2034,-6.835938,25000000.000
17402,2034,-6.835938,25000000.000
17403,2034,-6.835938,25000000.000
17404,2033,-7.324219,25000000.000
17405,2033,-7.324219,25000000.000
17406,2032,-7.812500,25000000.000
17407,2032,-7.812500,25000000.000
17408,2035,-6.347656,25000000.000
17409,2035,-6.347656,25000000.000
17410,2036,-5.859375,25000000.000
17411,2036,-5.859375,25000000.000
17412,2039,-4.394531,25000000.000
17413,2041,-3.417969,25000000.000
17414,2043,-2.441406,25000000.000
17415,2045,-1.464844,25000000.000
17416,2048,0.000000,25000000.000
17417,2049,0.488281,25000000.000
17418,2050,0.976562,25000000.000
17419,2052,1.953125,25000000.000
17420,2056,3.906250,25000000.000
17421,2055,3.417969,25000000.000
17422,2057,4.394531,25000000.000
17423,2057,4.394531,25000000.000
17424,2058,4.882812,25000000.000
17425,2059,5.371094,25000000.000
17426,2059,5.371094,25000000.000
17427,2058,4.882812,25000000.000
17428,2058,4.882812,25000000.000
17429,2057,4.394531,25000000.000
17430,2057,4.394531,25000000.000
17431,2057,4.394531,25000000.000
17432,2051,1.464844,25000000.000
17433,2050,0.976562,25000000.000
17434,2050,0.976562,25000000.000
17435,2050,0.976562,25000000.000
17436,2045,-1.464844,25000000.000
17437,2043,-2.441406,25000000.000
17438,2042,-2.929688,25000000.000
17439,2041,-3.417969,25000000.000
17440,2038,-4.882812,25000000.000
17441,2037,-5.371094,25000000.000
17442,2034,-6.835938,25000000.000
17443,2034,-6.835938,25000000.000
17444,2033,-7.324219,25000000.000
17445,2032,-7.812500,25000000.000
17446,2032,-7.812500,25000000.000
17447,2032,-7.812500,25000000.000
17448,2032,-7.812500,25000000.000
17449,2032,-7.812500,25000000.000
17450,2034,-6.835938,25000000.000
17451,2035,-6.347656,25000000.000
17452,2038,-4.882812,25000000.000
17453,2038,-4.882812,25000000.000
17454,2043,-2.441406,25000000.000
17455,2042,-2.929688,25000000.000
17456,2045,-1.464844,25000000.000
17457,2045,-1.464844,25000000.000
17458,2048,0.000000,25000000.000
17459,2049,0.488281,25000000.000
17460,2052,1.953125,25000000.000
17461,2054,2.929688,25000000.000
17462,2056,3.906250,25000000.000
17463,2056,3.906250,25000000.000
17464,2056,3.906250,25000000.000
17465,2057,4.394531,25000000.000
17466,2058,4.882812,25000000.000
17467,2060,5.859375,25000000.000
17468,2057,4.394531,25000000.000
17469,2057,4.394531,25000000.000
17470,2056,3.906250,25000000.000
17471,2056,3.906250,25000000.000
17472,2054,2.929688,25000000.000
17473,2053,2.441406,25000000.000
17474,2051,1.464844,25000000.000
17475,2050,0.976562,25000000.000
17476,2046,-0.976562,25000000.000
17477,2045,-1.464844,25000000.000
17478,2042,-2.929688,25000000.000
17479,2041,-3.417969,25000000.000
17480,2040,-3.906250,25000000.000
17481,2036,-5.859375,25000000.000
17482,2036,-5.859375,25000000.000
17483,2035,-6.347656,25000000.000
17484,2035,-6.347656,25000000.000
17485,2032,-7.812500,25000000.000
17486,2032,-7.812500,25000000.000
17487,2032,-7.812500,25000000.000
17488,2033,-7.324219,25000000.000
17489,2031,-8.300781,25000000.000
17490,2034,-6.835938,25000000.000
17491,2034,-6.835938,25000000.000
17492,2034,-6.835938,25000000.000
17493,2035,-6.347656,25000000.000
17494,2039,-4.394531,25000000.000
17495,2040,-3.906250,25000000.000
17496,2042,-2.929688,25000000.000
17497,2044,-1.953125,25000000.000
17498,2046,-0.976562,25000000.000
17499,2046,-0.976562,25000000.000
17500,2050,0.976562,25000000.000
17501,2053,2.441406,25000000.000
17502,2054,2.929688,25000000.000
17503,2053,2.441406,25000000.000
17504,2058,4.882812,25000000.000
17505,2057,4.394531,25000000.000
17506,2058,4.882812,25000000.000
17507,2057,4.394531,25000000.000
17508,2059,5.371094,25000000.000
17509,2056,3.906250,25000000.000
17510,2057,4.394531,25000000.000
17511,2056,3.906250,25000000.000
17512,2055,3.417969,25000000.000
17513,2053,2.441406,25000000.000
17514,2051,1.464844,25000000.000
17515,2052,1.953125,25000000.000
17516,2049,0.488281,25000000.000
17517,2046,-0.976562,25000000.000
17518,2044,-1.953125,25000000.000
17519,2045,-1.464844,25000000.000
17520,2041,-3.417969,25000000.000
17521,2039,-4.394531,25000000.000
17522,2036,-5.859375,25000000.000
17523,2037,-5.371094,25000000.000
17524,2034,-6.835938,25000000.000
17525,2032,-7.812500,25000000.000
17526,2033,-7.324219,25000000.000
17527,2032,-7.812500,25000000.000
17528,2031,-8.300781,25000000.000
17529,2032,-7.812500,25000000.000
17530,2032,-7.812500,25000000.000
17531,2032,-7.812500,25000000.000
17532,2032,-7.812500,25000000.000
17533,2036,-5.859375,25000000.000
17534,2037,-5.371094,25000000.000
17535,2038,-4.882812,25000000.000
17536,2040,-3.906250,25000000.000
17537,2043,-2.441406,25000000.000
17538,2044,-1.953125,25000000.000
17539,2045,-1.464844,25000000.000
17540,2049,0.488281,25000000.000
17541,2050,0.976562,25000000.000
17542,2052,1.953125,25000000.000
17543,2052,1.953125,25000000.000
17544,2055,3.417969,25000000.000
17545,2052,1.953125,25000000.000
17546,2056,3.906250,25000000.000
17547,2058,4.882812,25000000.000
17548,2060,5.859375,25000000.000
17549,2058,4.882812,25000000.000
17550,2059,5.371094,25000000.000
17551,2059,5.371094,25000000.000
17552,2058,4.882812,25000000.000
17553,2056,3.906250,25000000.000
17554,2055,3.417969,25000000.000
17555,2054,2.929688,25000000.000
17556,2051,1.464844,25000000.000
17557,2050,0.976562,25000000.000
17558,2048,0.000000,25000000.000
17559,2048,0.000000,25000000.000
17560,2043,-2.441406,25000000.000
17561,2044,-1.953125,25000000.000
17562,2040,-3.906250,25000000.000
17563,2040,-3.906250,25000000.000
17564,2035,-6.347656,25000000.000
17565,2036,-5.859375,25000000.000
17566,2034,-6.835938,25000000.000
17567,2034,-6.835938,25000000.000
17568,2032,-7.812500,25000000.000
17569,2033,-7.324219,25000000.000
17570,2034,-6.835938,25000000.000
17571,2032,-7.812500,25000000.000
17572,2033,-7.324219,25000000.000
17573,2034,-6.835938,25000000.000
17574,2035,-6.347656,25000000.000
17575,2036,-5.859375,25000000.000
17576,2039,-4.394531,25000000.000
17577,2042,-2.929688,25000000.000
17578,2041,-3.417969,25000000.000
17579,2042,-2.929688,25000000.000
17580,2047,-0.488281,25000000.000
17581,2048,0.000000,25000000.000
17582,2049,0.488281,25000000.000
17583,2051,1.464844,25000000.000
17584,2054,2.929688,25000000.000
17585,2055,3.417969,25000000.000
17586,2056,3.906250,25000000.000
17587,2056,3.906250,25000000.000
17588,2059,5.371094,25000000.000
17589,2060,5.859375,25000000.000
17590,2062,6.835938,25000000.000
17591,2061,6.347656,25000000.000
17592,2059,5.371094,25000000.000
17593,2056,3.906250,25000000.000
17594,2056,3.906250,25000000.000
17595,2056,3.906250,25000000.000
17596,2053,2.441406,25000000.000
17597,2053,2.441406,25000000.000
17598,2050,0.976562,25000000.000
17599,2050,0.976562,25000000.000
17600,2046,-0.976562,25000000.000
17601,2044,-1.953125,25000000.000
17602,2043,-2.441406,25000000.000
17603,2042,-2.929688,25000000.000
17604,2039,-4.394531,25000000.000
17605,2038,-4.882812,25000000.000
17606,2035,-6.347656,25000000.000
17607,2034,-6.835938,25000000.000
17608,2033,-7.324219,25000000.000
17609,2034,-6.835938,25000000.000
17610,2033,-7.324219,25000000.000
17611,2031,-8.300781,25000000.000
17612,2033,-7.324219,25000000.000
17613,2035,-6.347656,25000000.000
17614,2034,-6.835938,25000000.000
17615,2036,-5.859375,25000000.000
17616,2036,-5.859375,25000000.000
17617,2038,-4.882812,25000000.000
17618,2041,-3.417969,25000000.000
17619,2040,-3.906250,25000000.000
17620,2047,-0.488281,25000000.000
17621,2046,-0.976562,25000000.000
17622,2049,0.488281,25000000.000
17623,2050,0.976562,25000000.000
17624,2050,0.976562,25000000.000
17625,2054,2.929688,25000000.000
17626,2056,3.906250,25000000.000
17627,2056,3.906250,25000000.000
17628,2059,5.371094,25000000.000
17629,2057,4.394531,25000000.000
17630,2061,6.347656,25000000.000
17631,2060,5.859375,25000000.000
17632,2062,6.835938,25000000.000
17633,2054,2.929688,25000000.000
17634,2058,4.882812,25000000.000
17635,2056,3.906250,25000000.000
17636,2056,3.906250,25000000.000
17637,2053,2.441406,25000000.000
17638,2054,2.929688,25000000.000
17639,2051,1.464844,25000000.000
17640,2047,-0.488281,25000000.000
17641,2046,-0.976562,25000000.000
17642,2044,-1.953125,25000000.000
17643,2042,-2.929688,25000000.000
17644,2040,-3.906250,25000000.000
17645,2039,-4.394531,25000000.000
17646,2035,-6.347656,25000000.000
17647,2035,-6.347656,25000000.000
17648,2034,-6.835938,25000000.000
17649,2032,-7.812500,25000000.000
17650,2031,-8.300781,25000000.000
17651,2032,-7.812500,25000000.000
17652,2032,-7.812500,25000000.000
17653,2031,-8.300781,25000000.000
17654,2034,-6.835938,25000000.000
17655,2033,-7.324219,25000000.000
17656,2035,-6.347656,25000000.000
17657,2035,-6.347656,25000000.000
17658,2038,-4.882812,25000000.000
17659,2038,-4.882812,25000000.000
17660,2040,-3.906250,25000000.000
17661,2044,-1.953125,25000000.000
17662,2046,-0.976562,25000000.000
17663,2046,-0.976562,25000000.000
17664,2049,0.488281,25000000.000
17665,2052,1.953125,25000000.000
17666,2052,1.953125,25000000.000
17667,2053,2.441406,25000000.000
17668,2056,3.906250,25000000.000
17669,2058,4.882812,25000000.000
17670,2057,4.394531,25000000.000
17671,2056,3.906250,25000000.000
17672,2060,5.859375,25000000.000
17673,2058,4.882812,25000000.000
17674,2057,4.394531,25000000.000
17675,2057,4.394531,25000000.000
17676,2057,4.394531,25000000.000
17677,2056,3.906250,25000000.000
17678,2052,1.953125,25000000.000
17679,2050,0.976562,25000000.000
17680,2049,0.488281,25000000.000
17681,2047,-0.488281,25000000.000
17682,2046,-0.976562,25000000.000
17683,2046,-0.976562,25000000.000
17684,2042,-2.929688,25000000.000
17685,2039,-4.394531,25000000.000
17686,2038,-4.882812,25000000.000
17687,2037,-5.371094,25000000.000
17688,2035,-6.347656,25000000.000
17689,2033,-7.324219,25000000.000
17690,2034,-6.835938,25000000.000
17691,2033,-7.324219,25000000.000
17692,2032,-7.812500,25000000.000
17693,2032,-7.812500,25000000.000
17694,2031,-8.300781,25000000.000
17695,2032,-7.812500,25000000.000
17696,2033,-7.324219,25000000.000
17697,2035,-6.347656,25000000.000
17698,2036,-5.859375,25000000.000
17699,2037,-5.371094,25000000.000
17700,2039,-4.394531,25000000.000
17701,2041,-3.417969,25000000.000
17702,2044,-1.953125,25000000.000
17703,2044,-1.953125,25000000.000
17704,2048,0.000000,25000000.000
17705,2049,0.488281,25000000.000
17706,2051,1.464844,25000000.000
17707,2050,0.976562,25000000.000
17708,2055,3.417969,25000000.000
17709,2057,4.394531,25000000.000
17710,2055,3.417969,25000000.000
17711,2055,3.417969,25000000.000
17712,2057,4.394531,25000000.000
17713,2058,4.882812,25000000.000
17714,2058,4.882812,25000000.000
17715,2057,4.394531,25000000.000
17716,2058,4.882812,25000000.000
17717,2056,3.906250,25000000.000
17718,2055,3.417969,25000000.000
17719,2054,2.929688,25000000.000
17720,2051,1.464844,25000000.000
17721,2049,0.488281,25000000.000
17722,2047,-0.488281,25000000.000
17723,2048,0.000000,25000000.000
17724,2045,-1.464844,25000000.000
17725,2041,-3.417969,25000000.000
17726,2039,-4.394531,25000000.000
17727,2040,-3.906250,25000000.000
17728,2036,-5.859375,25000000.000
17729,2036,-5.859375,25000000.000
17730,2034,-6.835938,25000000.000
17731,2035,-6.347656,25000000.000
17732,2033,-7.324219,25000000.000
17733,2032,-7.812500,25000000.000
17734,2032,-7.812500,25000000.000
17735,2030,-8.789062,25000000.000
17736,2032,-7.812500,25000000.000
17737,2034,-6.835938,25000000.000
17738,2035,-6.347656,25000000.000
17739,2034,-6.835938,25000000.000
17740,2038,-4.882812,25000000.000
17741,2040,-3.906250,25000000.000
17742,2041,-3.417969,25000000.000
17743,2041,-3.417969,25000000.000
17744,2046,-0.976562,25000000.000
17745,2048,0.000000,25000000.000
17746,2048,0.000000,25000000.000
17747,2050,0.976562,25000000.000
17748,2054,2.929688,25000000.000
17749,2055,3.417969,25000000.000
17750,2055,3.417969,25000000.000
17751,2056,3.906250,25000000.000
17752,2059,5.371094,25000000.000
17753,2058,4.882812,25000000.000
17754,2059,5.371094,25000000.000
17755,2059,5.371094,25000000.000
17756,2058,4.882812,25000000.000
17757,2058,4.882812,25000000.000
17758,2058,4.882812,25000000.000
17759,2058,4.882812,25000000.000
17760,2055,3.417969,25000000.000
17761,2053,2.441406,25000000.000
17762,2051,1.464844,25000000.000
17763,2052,1.953125,25000000.000
17764,2046,-0.976562,25000000.000
17765,2045,-1.464844,25000000.000
17766,2042,-2.929688,25000000.000
17767,2042,-2.929688,25000000.000
17768,2040,-3.906250,25000000.000
17769,2039,-4.394531,25000000.000
17770,2035,-6.347656,25000000.000
17771,2033,-7.324219,25000000.000
17772,2035,-6.347656,25000000.000
17773,2033,-7.324219,25000000.000
17774,2033,-7.324219,25000000.000
17775,2035,-6.347656,25000000.000
17776,2032,-7.812500,25000000.000
17777,2033,-7.324219,25000000.000
17778,2032,-7.812500,25000000.000
17779,2034,-6.835938,25000000.000
17780,2036,-5.859375,25000000.000
17781,2039,-4.394531,25000000.000
17782,2038,-4.882812,25000000.000
17783,2039,-4.394531,25000000.000
17784,2044,-1.953125,25000000.000
17785,2045,-1.464844,25000000.000
17786,2048,0.000000,25000000.000
17787,2048,0.000000,25000000.000
17788,2051,1.464844,25000000.000
17789,2053,2.441406,25000000.000
17790,2056,3.906250,25000000.000
17791,2056,3.906250,25000000.000
17792,2056,3.906250,25000000.000
17793,2059,5.371094,25000000.000
17794,2060,5.859375,25000000.000
17795,2060,5.859375,25000000.000
17796,2059,5.371094,25000000.000
17797,2059,5.371094,25000000.000
17798,2057,4.394531,25000000.000
17799,2058,4.882812,25000000.000
17800,2056,3.906250,25000000.000
17801,2055,3.417969,25000000.000
17802,2054,2.929688,25000000.000
17803,2053,2.441406,25000000.000
17804,2050,0.976562,25000000.000
17805,2048,0.000000,25000000.000
17806,2045,-1.464844,25000000.000
17807,2045,-1.464844,25000000.000
17808,2041,-3.417969,25000000.000
17809,2040,-3.906250,25000000.000
17810,2036,-5.859375,25000000.000
17811,2035,-6.347656,25000000.000
17812,2034,-6.835938,25000000.000
17813,2034,-6.835938,25000000.000
17814,2031,-8.300781,25000000.000
17815,2033,-7.324219,25000000.000
17816,2032,-7.812500,25000000.000
17817,2033,-7.324219,25000000.000
17818,2035,-6.347656,25000000.000
17819,2034,-6.835938,25000000.000
17820,2035,-6.347656,25000000.000
17821,2036,-5.859375,25000000.000
17822,2038,-4.882812,25000000.000
17823,2038,-4.882812,25000000.000
17824,2041,-3.417969,25000000.000
17825,2042,-2.929688,25000000.000
17826,2045,-1.464844,25000000.000
17827,2046,-0.976562,25000000.000
17828,2050,0.976562,25000000.000
17829,2052,1.953125,25000000.000
17830,2050,0.976562,25000000.000
17831,2051,1.464844,25000000.000
17832,2053,2.441406,25000000.000
17833,2058,4.882812,25000000.000
17834,2059,5.371094,25000000.000
17835,2059,5.371094,25000000.000
17836,2057,4.394531,25000000.000
17837,2059,5.371094,25000000.000
17838,2057,4.394531,25000000.000
17839,2056,3.906250,25000000.000
17840,2055,3.417969,25000000.000
17841,2057,4.394531,25000000.000
17842,2052,1.953125,25000000.000
17843,2052,1.953125,25000000.000
17844,2049,0.488281,25000000.000
17845,2050,0.976562,25000000.000
17846,2046,-0.976562,25000000.000
17847,2046,-0.976562,25000000.000
17848,2043,-2.441406,25000000.000
17849,2041,-3.417969,25000000.000
17850,2038,-4.882812,25000000.000
17851,2039,-4.394531,25000000.000
17852,2037,-5.371094,25000000.000
17853,2035,-6.347656,25000000.000
17854,2033,-7.324219,25000000.000
17855,2032,-7.812500,25000000.000
17856,2033,-7.324219,25000000.000
17857,2032,-7.812500,25000000.000
17858,2033,-7.324219,25000000.000
17859,2033,-7.324219,25000000.000
17860,2032,-7.812500,25000000.000
17861,2034,-6.835938,25000000.000
17862,2035,-6.347656,25000000.000
17863,2035,-6.347656,25000000.000
17864,2037,-5.371094,25000000.000
17865,2040,-3.906250,25000000.000
17866,2041,-3.417969,25000000.000
17867,2041,-3.417969,25000000.000
17868,2046,-0.976562,25000000.000
17869,2049,0.488281,25000000.000
17870,2050,0.976562,25000000.000
17871,2049,0.488281,25000000.000
17872,2054,2.929688,25000000.000
17873,2057,4.394531,25000000.000
17874,2056,3.906250,25000000.000
17875,2055,3.417969,25000000.000
17876,2058,4.882812,25000000.000
17877,2058,4.882812,25000000.000
17878,2058,4.882812,25000000.000
17879,2059,5.371094,25000000.000
17880,2057,4.394531,25000000.000
17881,2056,3.906250,25000000.000
17882,2055,3.417969,25000000.000
17883,2056,3.906250,25000000.000
17884,2053,2.441406,25000000.000
17885,2051,1.464844,25000000.000
17886,2049,0.488281,25000000.000
17887,2049,0.488281,25000000.000
17888,2045,-1.464844,25000000.000
17889,2042,-2.929688,25000000.000
17890,2040,-3.906250,25000000.000
17891,2041,-3.417969,25000000.000
17892,2035,-6.347656,25000000.000
17893,2036,-5.859375,25000000.000
17894,2034,-6.835938,25000000.000
17895,2036,-5.859375,25000000.000
17896,2032,-7.812500,25000000.000
17897,2032,-7.812500,25000000.000
17898,2030,-8.789062,25000000.000
17899,2031,-8.300781,25000000.000
17900,2032,-7.812500,25000000.000
17901,2033,-7.324219,25000000.000
17902,2035,-6.347656,25000000.000
17903,2034,-6.835938,25000000.000
17904,2038,-4.882812,25000000.000
17905,2037,-5.371094,25000000.000
17906,2038,-4.882812,25000000.000
17907,2039,-4.394531,25000000.000
17908,2045,-1.464844,25000000.000
17909,2047,-0.488281,25000000.000
17910,2047,-0.488281,25000000.000
17911,2047,-0.488281,25000000.000
17912,2052,1.953125,25000000.000
17913,2053,2.441406,25000000.000
17914,2054,2.929688,25000000.000
17915,2055,3.417969,25000000.000
17916,2056,3.906250,25000000.000
17917,2057,4.394531,25000000.000
17918,2057,4.394531,25000000.000
17919,2058,4.882812,25000000.000
17920,2060,5.859375,25000000.000
17921,2057,4.394531,25000000.000
17922,2058,4.882812,25000000.000
17923,2057,4.394531,25000000.000
17924,2054,2.929688,25000000.000
17925,2051,1.464844,25000000.000
17926,2052,1.953125,25000000.000
17927,2052,1.953125,25000000.000
17928,2046,-0.976562,25000000.000
17929,2046,-0.976562,25000000.000
17930,2043,-2.441406,25000000.000
17931,2044,-1.953125,25000000.000
17932,2039,-4.394531,25000000.000
17933,2037,-5.371094,25000000.000
17934,2038,-4.882812,25000000.000
17935,2037,-5.371094,25000000.000
17936,2037,-5.371094,25000000.000
17937,2033,-7.324219,25000000.000
17938,2033,-7.324219,25000000.000
17939,2034,-6.835938,25000000.000
17940,2033,-7.324219,25000000.000
17941,2034,-6.835938,25000000.000
17942,2032,-7.812500,25000000.000
17943,2032,-7.812500,25000000.000
17944,2035,-6.347656,25000000.000
17945,2039,-4.394531,25000000.000
17946,2038,-4.882812,25000000.000
17947,2038,-4.882812,25000000.000
17948,2043,-2.441406,25000000.000
17949,2044,-1.953125,25000000.000
17950,2045,-1.464844,25000000.000
17951,2047,-0.488281,25000000.000
17952,2051,1.464844,25000000.000
17953,2052,1.953125,25000000.000
17954,2054,2.929688,25000000.000
17955,2054,2.929688,25000000.000
17956,2058,4.882812,25000000.000
17957,2058,4.882812,25000000.000
17958,2059,5.371094,25000000.000
17959,2058,4.882812,25000000.000
17960,2058,4.882812,25000000.000
17961,2060,5.859375,25000000.000
17962,2060,5.859375,25000000.000
17963,2059,5.371094,25000000.000
17964,2057,4.394531,25000000.000
17965,2056,3.906250,25000000.000
17966,2055,3.417969,25000000.000
17967,2054,2.929688,25000000.000
17968,2051,1.464844,25000000.000
17969,2049,0.488281,25000000.000
17970,2047,-0.488281,25000000.000
17971,2046,-0.976562,25000000.000
17972,2043,-2.441406,25000000.000
17973,2045,-1.464844,25000000.000
17974,2035,-6.347656,25000000.000
17975,2038,-4.882812,25000000.000
17976,2036,-5.859375,25000000.000
17977,2037,-5.371094,25000000.000
17978,2030,-8.789062,25000000.000
17979,2031,-8.300781,25000000.000
17980,2032,-7.812500,25000000.000
17981,2032,-7.812500,25000000.000
17982,2033,-7.324219,25000000.000
17983,2033,-7.324219,25000000.000
17984,2033,-7.324219,25000000.000
17985,2035,-6.347656,25000000.000
17986,2039,-4.394531,25000000.000
17987,2037,-5.371094,25000000.000
17988,2039,-4.394531,25000000.000
17989,2042,-2.929688,25000000.000
17990,2044,-1.953125,25000000.000
17991,2044,-1.953125,25000000.000
17992,2048,0.000000,25000000.000
17993,2050,0.976562,25000000.000
17994,2052,1.953125,25000000.000
17995,2053,2.441406,25000000.000
17996,2055,3.417969,25000000.000
17997,2058,4.882812,25000000.000
17998,2058,4.882812,25000000.000
17999,2058,4.882812,25000000.000
18000,2058,4.882812,25000000.000
18001,2059,5.371094,25000000.000
18002,2059,5.371094,25000000.000
18003,2058,4.882812,25000000.000
18004,2057,4.394531,25000000.000
18005,2057,4.394531,25000000.000
18006,2053,2.441406,25000000.000
18007,2054,2.929688,25000000.000
18008,2054,2.929688,25000000.000
18009,2052,1.953125,25000000.000
18010,2048,0.000000,25000000.000
18011,2049,0.488281,25000000.000
18012,2047,-0.488281,25000000.000
18013,2042,-2.929688,25000000.000
18014,2038,-4.882812,25000000.000
18015,2040,-3.906250,25000000.000
18016,2036,-5.859375,25000000.000
18017,2034,-6.835938,25000000.000
18018,2032,-7.812500,25000000.000
18019,2037,-5.371094,25000000.000
18020,2033,-7.324219,25000000.000
18021,2029,-9.277344,25000000.000
18022,2032,-7.812500,25000000.000
18023,2032,-7.812500,25000000.000
18024,2034,-6.835938,25000000.000
18025,2033,-7.324219,25000000.000
18026,2036,-5.859375,25000000.000
18027,2036,-5.859375,25000000.000
18028,2037,-5.371094,25000000.000
18029,2037,-5.371094,25000000.000
18030,2042,-2.929688,25000000.000
18031,2041,-3.417969,25000000.000
18032,2044,-1.953125,25000000.000
18033,2047,-0.488281,25000000.000
18034,2050,0.976562,25000000.000
18035,2049,0.488281,25000000.000
18036,2054,2.929688,25000000.000
18037,2054,2.929688,25000000.000
18038,2055,3.417969,25000000.000
18039,2055,3.417969,25000000.000
18040,2059,5.371094,25000000.000
18041,2058,4.882812,25000000.000
18042,2058,4.882812,25000000.000
18043,2057,4.394531,25000000.000
18044,2060,5.859375,25000000.000
18045,2060,5.859375,25000000.000
18046,2055,3.417969,25000000.000
18047,2055,3.417969,25000000.000
18048,2053,2.441406,25000000.000
18049,2051,1.464844,25000000.000
18050,2050,0.976562,25000000.000
18051,2050,0.976562,25000000.000
18052,2047,-0.488281,25000000.000
18053,2044,-1.953125,25000000.000
18054,2042,-2.929688,25000000.000
18055,2042,-2.929688,25000000.000
18056,2036,-5.859375,25000000.000
18057,2038,-4.882812,25000000.000
18058,2035,-6.347656,25000000.000
18059,2035,-6.347656,25000000.000
18060,2031,-8.300781,25000000.000
18061,2031,-8.300781,25000000.000
18062,2032,-7.812500,25000000.000
18063,2034,-6.835938,25000000.000
18064,2031,-8.300781,25000000.000
18065,2033,-7.324219,25000000.000
18066,2035,-6.347656,25000000.000
18067,2033,-7.324219,25000000.000
18068,2036,-5.859375,25000000.000
18069,2038,-4.882812,25000000.000
18070,2039,-4.394531,25000000.000
18071,2038,-4.882812,25000000.000
18072,2044,-1.953125,25000000.000
18073,2044,-1.953125,25000000.000
18074,2047,-0.488281,25000000.000
18075,2048,0.000000,25000000.000
18076,2051,1.464844,25000000.000
18077,2054,2.929688,25000000.000
18078,2054,2.929688,25000000.000
18079,2054,2.929688,25000000.000
18080,2056,3.906250,25000000.000
18081,2056,3.906250,25000000.000
18082,2057,4.394531,25000000.000
18083,2059,5.371094,25000000.000
18084,2059,5.371094,25000000.000
18085,2058,4.882812,25000000.000
18086,2058,4.882812,25000000.000
18087,2057,4.394531,25000000.000
18088,2055,3.417969,25000000.000
18089,2054,2.929688,25000000.000
18090,2052,1.953125,25000000.000
18091,2052,1.953125,25000000.000
18092,2048,0.000000,25000000.000
18093,2045,-1.464844,25000000.000
18094,2045,-1.464844,25000000.000
18095,2045,-1.464844,25000000.000
18096,2039,-4.394531,25000000.000
18097,2040,-3.906250,25000000.000
18098,2037,-5.371094,25000000.000
18099,2037,-5.371094,25000000.000
18100,2033,-7.324219,25000000.000
18101,2032,-7.812500,25000000.000
18102,2032,-7.812500,25000000.000
18103,2031,-8.300781,25000000.000
18104,2033,-7.324219,25000000.000
18105,2033,-7.324219,25000000.000
18106,2032,-7.812500,25000000.000
18107,2031,-8.300781,25000000.000
18108,2035,-6.347656,25000000.000
18109,2037,-5.371094,25000000.000
18110,2036,-5.859375,25000000.000
18111,2038,-4.882812,25000000.000
18112,2041,-3.417969,25000000.000
18113,2043,-2.441406,25000000.000
18114,2045,-1.464844,25000000.000
18115,2046,-0.976562,25000000.000
18116,2051,1.464844,25000000.000
18117,2051,1.464844,25000000.000
18118,2053,2.441406,25000000.000
18119,2053,2.441406,25000000.000
18120,2057,4.394531,25000000.000
18121,2057,4.394531,25000000.000
18122,2059,5.371094,25000000.000
18123,2059,5.371094,25000000.000
18124,2061,6.347656,25000000.000
18125,2059,5.371094,25000000.000
18126,2059,5.371094,25000000.000
18127,2060,5.859375,25000000.000
18128,2057,4.394531,25000000.000
18129,2056,3.906250,25000000.000
18130,2055,3.417969,25000000.000
18131,2055,3.417969,25000000.000
18132,2051,1.464844,25000000.000
18133,2049,0.488281,25000000.000
18134,2047,-0.488281,25000000.000
18135,2046,-0.976562,25000000.000
18136,2043,-2.441406,25000000.000
18137,2039,-4.394531,25000000.000
18138,2039,-4.394531,25000000.000
18139,2038,-4.882812,25000000.000
18140,2033,-7.324219,25000000.000
18141,2038,-4.882812,25000000.000
18142,2030,-8.789062,25000000.000
18143,2030,-8.789062,25000000.000
18144,2034,-6.835938,25000000.000
18145,2039,-4.394531,25000000.000
18146,2031,-8.300781,25000000.000
18147,2031,-8.300781,25000000.000
18148,2033,-7.324219,25000000.000
18149,2035,-6.347656,25000000.000
18150,2036,-5.859375,25000000.000
18151,2038,-4.882812,25000000.000
18152,2041,-3.417969,25000000.000
18153,2041,-3.417969,25000000.000
18154,2045,-1.464844,25000000.000
18155,2045,-1.464844,25000000.000
18156,2047,-0.488281,25000000.000
18157,2049,0.488281,25000000.000
18158,2052,1.953125,25000000.000
18159,2052,1.953125,25000000.000
18160,2055,3.417969,25000000.000
18161,2056,3.906250,25000000.000
18162,2057,4.394531,25000000.000
18163,2058,4.882812,25000000.000
18164,2058,4.882812,25000000.000
18165,2059,5.371094,25000000.000
18166,2059,5.371094,25000000.000
18167,2058,4.882812,25000000.000
18168,2058,4.882812,25000000.000
18169,2057,4.394531,25000000.000
18170,2056,3.906250,25000000.000
18171,2055,3.417969,25000000.000
18172,2052,1.953125,25000000.000
18173,2052,1.953125,25000000.000
18174,2050,0.976562,25000000.000
18175,2048,0.000000,25000000.000
18176,2045,-1.464844,25000000.000
18177,2044,-1.953125,25000000.000
18178,2040,-3.906250,25000000.000
18179,2041,-3.417969,25000000.000
18180,2037,-5.371094,25000000.000
18181,2035,-6.347656,25000000.000
18182,2034,-6.835938,25000000.000
18183,2034,-6.835938,25000000.000
18184,2034,-6.835938,25000000.000
18185,2032,-7.812500,25000000.000
18186,2031,-8.300781,25000000.000
18187,2031,-8.300781,25000000.000
18188,2033,-7.324219,25000000.000
18189,2032,-7.812500,25000000.000
18190,2038,-4.882812,25000000.000
18191,2036,-5.859375,25000000.000
18192,2039,-4.394531,25000000.000
18193,2037,-5.371094,25000000.000
18194,2043,-2.441406,25000000.000
18195,2043,-2.441406,25000000.000
18196,2045,-1.464844,25000000.000
18197,2047,-0.488281,25000000.000
18198,2051,1.464844,25000000.000
18199,2051,1.464844,25000000.000
18200,2054,2.929688,25000000.000
18201,2055,3.417969,25000000.000
18202,2059,5.371094,25000000.000
18203,2057,4.394531,25000000.000
18204,2058,4.882812,25000000.000
18205,2060,5.859375,25000000.000
18206,2058,4.882812,25000000.000
18207,2058,4.882812,25000000.000
18208,2060,5.859375,25000000.000
18209,2060,5.859375,25000000.000
18210,2058,4.882812,25000000.000
18211,2057,4.394531,25000000.000
18212,2056,3.906250,25000000.000
18213,2054,2.929688,25000000.000
18214,2051,1.464844,25000000.000
18215,2052,1.953125,25000000.000
18216,2047,-0.488281,25000000.000
18217,2045,-1.464844,25000000.000
18218,2042,-2.929688,25000000.000
18219,2043,-2.441406,25000000.000
18220,2039,-4.394531,25000000.000
18221,2039,-4.394531,25000000.000
18222,2036,-5.859375,25000000.000
18223,2035,-6.347656,25000000.000
18224,2032,-7.812500,25000000.000
18225,2034,-6.835938,25000000.000
18226,2031,-8.300781,25000000.000
18227,2032,-7.812500,25000000.000
18228,2031,-8.300781,25000000.000
18229,2033,-7.324219,25000000.000
18230,2034,-6.835938,25000000.000
18231,2034,-6.835938,25000000.000
18232,2035,-6.347656,25000000.000
18233,2037,-5.371094,25000000.000
18234,2038,-4.882812,25000000.000
18235,2038,-4.882812,25000000.000
18236,2043,-2.441406,25000000.000
18237,2043,-2.441406,25000000.000
18238,2046,-0.976562,25000000.000
18239,2046,-0.976562,25000000.000
18240,2052,1.953125,25000000.000
18241,2054,2.929688,25000000.000
18242,2053,2.441406,25000000.000
18243,2053,2.441406,25000000.000
18244,2057,4.394531,25000000.000
18245,2059,5.371094,25000000.000
18246,2056,3.906250,25000000.000
18247,2057,4.394531,25000000.000
18248,2060,5.859375,25000000.000
18249,2058,4.882812,25000000.000
18250,2058,4.882812,25000000.000
18251,2057,4.394531,25000000.000
18252,2055,3.417969,25000000.000
18253,2054,2.929688,25000000.000
18254,2054,2.929688,25000000.000
18255,2053,2.441406,25000000.000
18256,2049,0.488281,25000000.000
18257,2046,-0.976562,25000000.000
18258,2045,-1.464844,25000000.000
18259,2045,-1.464844,25000000.000
18260,2040,-3.906250,25000000.000
18261,2039,-4.394531,25000000.000
18262,2037,-5.371094,25000000.000
18263,2038,-4.882812,25000000.000
18264,2033,-7.324219,25000000.000
18265,2034,-6.835938,25000000.000
18266,2033,-7.324219,25000000.000
18267,2032,-7.812500,25000000.000
18268,2030,-8.789062,25000000.000
18269,2032,-7.812500,25000000.000
18270,2032,-7.812500,25000000.000
18271,2032,-7.812500,25000000.000
18272,2035,-6.347656,25000000.000
18273,2036,-5.859375,25000000.000
18274,2036,-5.859375,25000000.000
18275,2036,-5.859375,25000000.000
18276,2040,-3.906250,25000000.000
18277,2042,-2.929688,25000000.000
18278,2044,-1.953125,25000000.000
18279,2044,-1.953125,25000000.000
18280,2049,0.488281,25000000.000
18281,2049,0.488281,25000000.000
18282,2052,1.953125,25000000.000
18283,2054,2.929688,25000000.000
18284,2055,3.417969,25000000.000
18285,2055,3.417969,25000000.000
18286,2058,4.882812,25000000.000
18287,2057,4.394531,25000000.000
18288,2058,4.882812,25000000.000
18289,2058,4.882812,25000000.000
18290,2058,4.882812,25000000.000
18291,2058,4.882812,25000000.000
18292,2054,2.929688,25000000.000
18293,2054,2.929688,25000000.000
18294,2055,3.417969,25000000.000
18295,2056,3.906250,25000000.000
18296,2049,0.488281,25000000.000
18297,2050,0.976562,25000000.000
18298,2048,0.000000,25000000.000
18299,2047,-0.488281,25000000.000
18300,2043,-2.441406,25000000.000
18301,2042,-2.929688,25000000.000
18302,2040,-3.906250,25000000.000
18303,2039,-4.394531,25000000.000
18304,2036,-5.859375,25000000.000
18305,2036,-5.859375,25000000.000
18306,2033,-7.324219,25000000.000
18307,2032,-7.812500,25000000.000
18308,2034,-6.835938,25000000.000
18309,2032,-7.812500,25000000.000
18310,2031,-8.300781,25000000.000
18311,2033,-7.324219,25000000.000
18312,2035,-6.347656,25000000.000
18313,2033,-7.324219,25000000.000
18314,2034,-6.835938,25000000.000
18315,2035,-6.347656,25000000.000
18316,2039,-4.394531,25000000.000
18317,2039,-4.394531,25000000.000
18318,2042,-2.929688,25000000.000
18319,2042,-2.929688,25000000.000
18320,2042,-2.929688,25000000.000
18321,2050,0.976562,25000000.000
18322,2051,1.464844,25000000.000
18323,2049,0.488281,25000000.000
18324,2051,1.464844,25000000.000
18325,2057,4.394531,25000000.000
18326,2056,3.906250,25000000.000
18327,2056,3.906250,25000000.000
18328,2059,5.371094,25000000.000
18329,2060,5.859375,25000000.000
18330,2059,5.371094,25000000.000
18331,2061,6.347656,25000000.000
18332,2058,4.882812,25000000.000
18333,2058,4.882812,25000000.000
18334,2058,4.882812,25000000.000
18335,2057,4.394531,25000000.000
18336,2054,2.929688,25000000.000
18337,2051,1.464844,25000000.000
18338,2050,0.976562,25000000.000
18339,2048,0.000000,25000000.000
18340,2046,-0.976562,25000000.000
18341,2043,-2.441406,25000000.000
18342,2042,-2.929688,25000000.000
18343,2043,-2.441406,25000000.000
18344,2040,-3.906250,25000000.000
18345,2037,-5.371094,25000000.000
18346,2035,-6.347656,25000000.000
18347,2035,-6.347656,25000000.000
18348,2034,-6.835938,25000000.000
18349,2032,-7.812500,25000000.000
18350,2033,-7.324219,25000000.000
18351,2035,-6.347656,25000000.000
18352,2033,-7.324219,25000000.000
18353,2033,-7.324219,25000000.000
18354,2034,-6.835938,25000000.000
18355,2034,-6.835938,25000000.000
18356,2036,-5.859375,25000000.000
18357,2038,-4.882812,25000000.000
18358,2040,-3.906250,25000000.000
18359,2040,-3.906250,25000000.000
18360,2042,-2.929688,25000000.000
18361,2047,-0.488281,25000000.000
18362,2048,0.000000,25000000.000
18363,2048,0.000000,25000000.000
18364,2049,0.488281,25000000.000
18365,2053,2.441406,25000000.000
18366,2054,2.929688,25000000.000
18367,2054,2.929688,25000000.000
18368,2053,2.441406,25000000.000
18369,2059,5.371094,25000000.000
18370,2053,2.441406,25000000.000
18371,2056,3.906250,25000000.000
18372,2057,4.394531,25000000.000
18373,2061,6.347656,25000000.000
18374,2054,2.929688,25000000.000
18375,2056,3.906250,25000000.000
18376,2055,3.417969,25000000.000
18377,2054,2.929688,25000000.000
18378,2050,0.976562,25000000.000
18379,2052,1.953125,25000000.000
18380,2048,0.000000,25000000.000
18381,2044,-1.953125,25000000.000
18382,2045,-1.464844,25000000.000
18383,2045,-1.464844,25000000.000
18384,2041,-3.417969,25000000.000
18385,2037,-5.371094,25000000.000
18386,2037,-5.371094,25000000.000
18387,2038,-4.882812,25000000.000
18388,2035,-6.347656,25000000.000
18389,2032,-7.812500,25000000.000
18390,2034,-6.835938,25000000.000
18391,2033,-7.324219,25000000.000
18392,2032,-7.812500,25000000.000
18393,2032,-7.812500,25000000.000
18394,2034,-6.835938,25000000.000
18395,2034,-6.835938,25000000.000
18396,2035,-6.347656,25000000.000
18397,2037,-5.371094,25000000.000
18398,2039,-4.394531,25000000.000
18399,2037,-5.371094,25000000.000
18400,2041,-3.417969,25000000.000
18401,2044,-1.953125,25000000.000
18402,2045,-1.464844,25000000.000
18403,2045,-1.464844,25000000.000
18404,2050,0.976562,25000000.000
18405,2051,1.464844,25000000.000
18406,2054,2.929688,25000000.000
18407,2052,1.953125,25000000.000
18408,2056,3.906250,25000000.000
18409,2058,4.882812,25000000.000
18410,2058,4.882812,25000000.000
18411,2058,4.882812,25000000.000
18412,2059,5.371094,25000000.000
18413,2060,5.859375,25000000.000
18414,2058,4.882812,25000000.000
18415,2059,5.371094,25000000.000
18416,2058,4.882812,25000000.000
18417,2054,2.929688,25000000.000
18418,2054,2.929688,25000000.000
18419,2055,3.417969,25000000.000
18420,2051,1.464844,25000000.000
18421,2048,0.000000,25000000.000
18422,2047,-0.488281,25000000.000
18423,2047,-0.488281,25000000.000
18424,2041,-3.417969,25000000.000
18425,2040,-3.906250,25000000.000
18426,2038,-4.882812,25000000.000
18427,2038,-4.882812,25000000.000
18428,2033,-7.324219,25000000.000
18429,2035,-6.347656,25000000.000
18430,2034,-6.835938,25000000.000
18431,2035,-6.347656,25000000.000
18432,2031,-8.300781,25000000.000
18433,2031,-8.300781,25000000.000
18434,2030,-8.789062,25000000.000
18435,2030,-8.789062,25000000.000
18436,2033,-7.324219,25000000.000
18437,2033,-7.324219,25000000.000
18438,2035,-6.347656,25000000.000
18439,2033,-7.324219,25000000.000
18440,2039,-4.394531,25000000.000
18441,2042,-2.929688,25000000.000
18442,2042,-2.929688,25000000.000
18443,2042,-2.929688,25000000.000
18444,2048,0.000000,25000000.000
18445,2049,0.488281,25000000.000
18446,2049,0.488281,25000000.000
18447,2050,0.976562,25000000.000
18448,2056,3.906250,25000000.000
18449,2055,3.417969,25000000.000
18450,2057,4.394531,25000000.000
18451,2057,4.394531,25000000.000
18452,2058,4.882812,25000000.000
18453,2058,4.882812,25000000.000
18454,2059,5.371094,25000000.000
18455,2058,4.882812,25000000.000
18456,2057,4.394531,25000000.000
18457,2057,4.394531,25000000.000
18458,2055,3.417969,25000000.000
18459,2055,3.417969,25000000.000
18460,2051,1.464844,25000000.000
18461,2051,1.464844,25000000.000
18462,2047,-0.488281,25000000.000
18463,2047,-0.488281,25000000.000
18464,2043,-2.441406,25000000.000
18465,2042,-2.929688,25000000.000
18466,2042,-2.929688,25000000.000
18467,2040,-3.906250,25000000.000
18468,2037,-5.371094,25000000.000
18469,2035,-6.347656,25000000.000
18470,2035,-6.347656,25000000.000
18471,2034,-6.835938,25000000.000
18472,2033,-7.324219,25000000.000
18473,2032,-7.812500,25000000.000
18474,2030,-8.789062,25000000.000
18475,2030,-8.789062,25000000.000
18476,2033,-7.324219,25000000.000
18477,2034,-6.835938,25000000.000
18478,2033,-7.324219,25000000.000
18479,2034,-6.835938,25000000.000
18480,2038,-4.882812,25000000.000
18481,2038,-4.882812,25000000.000
18482,2041,-3.417969,25000000.000
18483,2040,-3.906250,25000000.000
18484,2045,-1.464844,25000000.000
18485,2045,-1.464844,25000000.000
18486,2049,0.488281,25000000.000
18487,2049,0.488281,25000000.000
18488,2052,1.953125,25000000.000
18489,2053,2.441406,25000000.000
18490,2055,3.417969,25000000.000
18491,2055,3.417969,25000000.000
18492,2057,4.394531,25000000.000
18493,2057,4.394531,25000000.000
18494,2058,4.882812,25000000.000
18495,2058,4.882812,25000000.000
18496,2057,4.394531,25000000.000
18497,2059,5.371094,25000000.000
18498,2058,4.882812,25000000.000
18499,2055,3.417969,25000000.000
18500,2054,2.929688,25000000.000
18501,2053,2.441406,25000000.000
18502,2051,1.464844,25000000.000
18503,2049,0.488281,25000000.000
18504,2047,-0.488281,25000000.000
18505,2045,-1.464844,25000000.000
18506,2042,-2.929688,25000000.000
18507,2041,-3.417969,25000000.000
18508,2038,-4.882812,25000000.000
18509,2037,-5.371094,25000000.000
18510,2036,-5.859375,25000000.000
18511,2036,-5.859375,25000000.000
18512,2033,-7.324219,25000000.000
18513,2033,-7.324219,25000000.000
18514,2033,-7.324219,25000000.000
18515,2033,-7.324219,25000000.000
18516,2032,-7.812500,25000000.000
18517,2031,-8.300781,25000000.000
18518,2034,-6.835938,25000000.000
18519,2032,-7.812500,25000000.000
18520,2037,-5.371094,25000000.000
18521,2036,-5.859375,25000000.000
18522,2039,-4.394531,25000000.000
18523,2039,-4.394531,25000000.000
18524,2043,-2.441406,25000000.000
18525,2047,-0.488281,25000000.000
18526,2047,-0.488281,25000000.000
18527,2047,-0.488281,25000000.000
18528,2050,0.976562,25000000.000
18529,2054,2.929688,25000000.000
18530,2055,3.417969,25000000.000
18531,2055,3.417969,25000000.000
18532,2056,3.906250,25000000.000
18533,2058,4.882812,25000000.000
18534,2059,5.371094,25000000.000
18535,2059,5.371094,25000000.000
18536,2059,5.371094,25000000.000
18537,2059,5.371094,25000000.000
18538,2059,5.371094,25000000.000
18539,2057,4.394531,25000000.000
18540,2056,3.906250,25000000.000
18541,2055,3.417969,25000000.000
18542,2052,1.953125,25000000.000
18543,2052,1.953125,25000000.000
18544,2049,0.488281,25000000.000
18545,2048,0.000000,25000000.000
18546,2045,-1.464844,25000000.000
18547,2045,-1.464844,25000000.000
18548,2043,-2.441406,25000000.000
18549,2039,-4.394531,25000000.000
18550,2038,-4.882812,25000000.000
18551,2038,-4.882812,25000000.000
18552,2035,-6.347656,25000000.000
18553,2033,-7.324219,25000000.000
18554,2034,-6.835938,25000000.000
18555,2033,-7.324219,25000000.000
18556,2032,-7.812500,25000000.000
18557,2032,-7.812500,25000000.000
18558,2034,-6.835938,25000000.000
18559,2033,-7.324219,25000000.000
18560,2034,-6.835938,25000000.000
18561,2035,-6.347656,25000000.000
18562,2038,-4.882812,25000000.000
18563,2038,-4.882812,25000000.000
18564,2040,-3.906250,25000000.000
18565,2043,-2.441406,25000000.000
18566,2045,-1.464844,25000000.000
18567,2044,-1.953125,25000000.000
18568,2049,0.488281,25000000.000
18569,2051,1.464844,25000000.000
18570,2053,2.441406,25000000.000
18571,2052,1.953125,25000000.000
18572,2055,3.417969,25000000.000
18573,2058,4.882812,25000000.000
18574,2057,4.394531,25000000.000
18575,2058,4.882812,25000000.000
18576,2059,5.371094,25000000.000
18577,2059,5.371094,25000000.000
18578,2057,4.394531,25000000.000
18579,2059,5.371094,25000000.000
18580,2059,5.371094,25000000.000
18581,2054,2.929688,25000000.000
18582,2054,2.929688,25000000.000
18583,2055,3.417969,25000000.000
18584,2053,2.441406,25000000.000
18585,2047,-0.488281,25000000.000
18586,2048,0.000000,25000000.000
18587,2049,0.488281,25000000.000
18588,2043,-2.441406,25000000.000
18589,2041,-3.417969,25000000.000
18590,2042,-2.929688,25000000.000
18591,2040,-3.906250,25000000.000
18592,2037,-5.371094,25000000.000
18593,2037,-5.371094,25000000.000
18594,2034,-6.835938,25000000.000
18595,2034,-6.835938,25000000.000
18596,2030,-8.789062,25000000.000
18597,2035,-6.347656,25000000.000
18598,2033,-7.324219,25000000.000
18599,2032,-7.812500,25000000.000
18600,2033,-7.324219,25000000.000
18601,2035,-6.347656,25000000.000
18602,2038,-4.882812,25000000.000
18603,2036,-5.859375,25000000.000
18604,2039,-4.394531,25000000.000
18605,2043,-2.441406,25000000.000
18606,2043,-2.441406,25000000.000
18607,2042,-2.929688,25000000.000
18608,2050,0.976562,25000000.000
18609,2048,0.000000,25000000.000
18610,2049,0.488281,25000000.000
18611,2050,0.976562,25000000.000
18612,2056,3.906250,25000000.000
18613,2055,3.417969,25000000.000
18614,2055,3.417969,25000000.000
18615,2057,4.394531,25000000.000
18616,2058,4.882812,25000000.000
18617,2058,4.882812,25000000.000
18618,2059,5.371094,25000000.000
18619,2059,5.371094,25000000.000
18620,2058,4.882812,25000000.000
18621,2056,3.906250,25000000.000
18622,2056,3.906250,25000000.000
18623,2057,4.394531,25000000.000
18624,2053,2.441406,25000000.000
18625,2052,1.953125,25000000.000
18626,2050,0.976562,25000000.000
18627,2050,0.976562,25000000.000
18628,2038,-4.882812,25000000.000
18629,2045,-1.464844,25000000.000
18630,2039,-4.394531,25000000.000
18631,2040,-3.906250,25000000.000
18632,2037,-5.371094,25000000.000
18633,2037,-5.371094,25000000.000
18634,2033,-7.324219,25000000.000
18635,2035,-6.347656,25000000.000
18636,2033,-7.324219,25000000.000
18637,2033,-7.324219,25000000.000
18638,2031,-8.300781,25000000.000
18639,2030,-8.789062,25000000.000
18640,2031,-8.300781,25000000.000
18641,2033,-7.324219,25000000.000
18642,2033,-7.324219,25000000.000
18643,2033,-7.324219,25000000.000
18644,2037,-5.371094,25000000.000
18645,2037,-5.371094,25000000.000
18646,2038,-4.882812,25000000.000
18647,2040,-3.906250,25000000.000
18648,2044,-1.953125,25000000.000
18649,2044,-1.953125,25000000.000
18650,2047,-0.488281,25000000.000
18651,2048,0.000000,25000000.000
18652,2052,1.953125,25000000.000
18653,2052,1.953125,25000000.000
18654,2055,3.417969,25000000.000
18655,2055,3.417969,25000000.000
18656,2057,4.394531,25000000.000
18657,2058,4.882812,25000000.000
18658,2058,4.882812,25000000.000
18659,2059,5.371094,25000000.000
18660,2058,4.882812,25000000.000
18661,2058,4.882812,25000000.000
18662,2058,4.882812,25000000.000
18663,2057,4.394531,25000000.000
18664,2053,2.441406,25000000.000
18665,2054,2.929688,25000000.000
18666,2049,0.488281,25000000.000
18667,2049,0.488281,25000000.000
18668,2052,1.953125,25000000.000
18669,2042,-2.929688,25000000.000
18670,2044,-1.953125,25000000.000
18671,2040,-3.906250,25000000.000
18672,2038,-4.882812,25000000.000
18673,2037,-5.371094,25000000.000
18674,2037,-5.371094,25000000.000
18675,2035,-6.347656,25000000.000
18676,2033,-7.324219,25000000.000
18677,2033,-7.324219,25000000.000
18678,2031,-8.300781,25000000.000
18679,2032,-7.812500,25000000.000
18680,2033,-7.324219,25000000.000
18681,2033,-7.324219,25000000.000
18682,2033,-7.324219,25000000.000
18683,2035,-6.347656,25000000.000
18684,2036,-5.859375,25000000.000
18685,2035,-6.347656,25000000.000
18686,2037,-5.371094,25000000.000
18687,2038,-4.882812,25000000.000
18688,2042,-2.929688,25000000.000
18689,2043,-2.441406,25000000.000
18690,2046,-0.976562,25000000.000
18691,2048,0.000000,25000000.000
18692,2048,0.000000,25000000.000
18693,2051,1.464844,25000000.000
18694,2054,2.929688,25000000.000
18695,2053,2.441406,25000000.000
18696,2055,3.417969,25000000.000
18697,2057,4.394531,25000000.000
18698,2058,4.882812,25000000.000
18699,2059,5.371094,25000000.000
18700,2059,5.371094,25000000.000
18701,2057,4.394531,25000000.000
18702,2059,5.371094,25000000.000
18703,2058,4.882812,25000000.000
18704,2056,3.906250,25000000.000
18705,2055,3.417969,25000000.000
18706,2053,2.441406,25000000.000
18707,2051,1.464844,25000000.000
18708,2050,0.976562,25000000.000
18709,2048,0.000000,25000000.000
18710,2046,-0.976562,25000000.000
18711,2047,-0.488281,25000000.000
18712,2042,-2.929688,25000000.000
18713,2040,-3.906250,25000000.000
18714,2038,-4.882812,25000000.000
18715,2038,-4.882812,25000000.000
18716,2036,-5.859375,25000000.000
18717,2035,-6.347656,25000000.000
18718,2034,-6.835938,25000000.000
18719,2033,-7.324219,25000000.000
18720,2031,-8.300781,25000000.000
18721,2032,-7.812500,25000000.000
18722,2034,-6.835938,25000000.000
18723,2033,-7.324219,25000000.000
18724,2032,-7.812500,25000000.000
18725,2035,-6.347656,25000000.000
18726,2037,-5.371094,25000000.000
18727,2037,-5.371094,25000000.000
18728,2039,-4.394531,25000000.000
18729,2043,-2.441406,25000000.000
18730,2046,-0.976562,25000000.000
18731,2045,-1.464844,25000000.000
18732,2048,0.000000,25000000.000
18733,2052,1.953125,25000000.000
18734,2054,2.929688,25000000.000
18735,2053,2.441406,25000000.000
18736,2055,3.417969,25000000.000
18737,2056,3.906250,25000000.000
18738,2059,5.371094,25000000.000
18739,2057,4.394531,25000000.000
18740,2061,6.347656,25000000.000
18741,2060,5.859375,25000000.000
18742,2057,4.394531,25000000.000
18743,2059,5.371094,25000000.000
18744,2056,3.906250,25000000.000
18745,2055,3.417969,25000000.000
18746,2053,2.441406,25000000.000
18747,2053,2.441406,25000000.000
18748,2053,2.441406,25000000.000
18749,2049,0.488281,25000000.000
18750,2047,-0.488281,25000000.000
18751,2048,0.000000,25000000.000
18752,2045,-1.464844,25000000.000
18753,2040,-3.906250,25000000.000
18754,2048,0.000000,25000000.000
18755,2042,-2.929688,25000000.000
18756,2037,-5.371094,25000000.000
18757,2034,-6.835938,25000000.000
18758,2035,-6.347656,25000000.000
18759,2033,-7.324219,25000000.000
18760,2031,-8.300781,25000000.000
18761,2034,-6.835938,25000000.000
18762,2032,-7.812500,25000000.000
18763,2031,-8.300781,25000000.000
18764,2033,-7.324219,25000000.000
18765,2035,-6.347656,25000000.000
18766,2035,-6.347656,25000000.000
18767,2033,-7.324219,25000000.000
18768,2039,-4.394531,25000000.000
18769,2038,-4.882812,25000000.000
18770,2042,-2.929688,25000000.000
18771,2041,-3.417969,25000000.000
18772,2045,-1.464844,25000000.000
18773,2047,-0.488281,25000000.000
18774,2049,0.488281,25000000.000
18775,2050,0.976562,25000000.000
18776,2053,2.441406,25000000.000
18777,2055,3.417969,25000000.000
18778,2055,3.417969,25000000.000
18779,2056,3.906250,25000000.000
18780,2058,4.882812,25000000.000
18781,2058,4.882812,25000000.000
18782,2058,4.882812,25000000.000
18783,2059,5.371094,25000000.000
18784,2060,5.859375,25000000.000
18785,2058,4.882812,25000000.000
18786,2057,4.394531,25000000.000
18787,2057,4.394531,25000000.000
18788,2053,2.441406,25000000.000
18789,2053,2.441406,25000000.000
18790,2053,2.441406,25000000.000
18791,2052,1.953125,25000000.000
18792,2046,-0.976562,25000000.000
18793,2045,-1.464844,25000000.000
18794,2044,-1.953125,25000000.000
18795,2043,-2.441406,25000000.000
18796,2043,-2.441406,25000000.000
18797,2036,-5.859375,25000000.000
18798,2039,-4.394531,25000000.000
18799,2037,-5.371094,25000000.000
18800,2036,-5.859375,25000000.000
18801,2033,-7.324219,25000000.000
18802,2032,-7.812500,25000000.000
18803,2032,-7.812500,25000000.000
18804,2033,-7.324219,25000000.000
18805,2034,-6.835938,25000000.000
18806,2031,-8.300781,25000000.000
18807,2031,-8.300781,25000000.000
18808,2036,-5.859375,25000000.000
18809,2038,-4.882812,25000000.000
18810,2039,-4.394531,25000000.000
18811,2038,-4.882812,25000000.000
18812,2043,-2.441406,25000000.000
18813,2046,-0.976562,25000000.000
18814,2046,-0.976562,25000000.000
18815,2048,0.000000,25000000.000
18816,2051,1.464844,25000000.000
18817,2051,1.464844,25000000.000
18818,2054,2.929688,25000000.000
18819,2054,2.929688,25000000.000
18820,2055,3.417969,25000000.000
18821,2058,4.882812,25000000.000
18822,2058,4.882812,25000000.000
18823,2059,5.371094,25000000.000
18824,2057,4.394531,25000000.000
18825,2058,4.882812,25000000.000
18826,2057,4.394531,25000000.000
18827,2058,4.882812,25000000.000
18828,2054,2.929688,25000000.000
18829,2054,2.929688,25000000.000
18830,2053,2.441406,25000000.000
18831,2052,1.953125,25000000.000
18832,2048,0.000000,25000000.000
18833,2047,-0.488281,25000000.000
18834,2049,0.488281,25000000.000
18835,2051,1.464844,25000000.000
18836,2043,-2.441406,25000000.000
18837,2037,-5.371094,25000000.000
18838,2037,-5.371094,25000000.000
18839,2037,-5.371094,25000000.000
18840,2035,-6.347656,25000000.000
18841,2033,-7.324219,25000000.000
18842,2032,-7.812500,25000000.000
18843,2032,-7.812500,25000000.000
18844,2032,-7.812500,25000000.000
18845,2032,-7.812500,25000000.000
18846,2032,-7.812500,25000000.000
18847,2033,-7.324219,25000000.000
18848,2035,-6.347656,25000000.000
18849,2034,-6.835938,25000000.000
18850,2037,-5.371094,25000000.000
18851,2038,-4.882812,25000000.000
18852,2041,-3.417969,25000000.000
18853,2043,-2.441406,25000000.000
18854,2044,-1.953125,25000000.000
18855,2044,-1.953125,25000000.000
18856,2049,0.488281,25000000.000
18857,2051,1.464844,25000000.000
18858,2052,1.953125,25000000.000
18859,2052,1.953125,25000000.000
18860,2053,2.441406,25000000.000
18861,2057,4.394531,25000000.000
18862,2057,4.394531,25000000.000
18863,2057,4.394531,25000000.000
18864,2058,4.882812,25000000.000
18865,2058,4.882812,25000000.000
18866,2059,5.371094,25000000.000
18867,2058,4.882812,25000000.000
18868,2056,3.906250,25000000.000
18869,2056,3.906250,25000000.000
18870,2054,2.929688,25000000.000
18871,2054,2.929688,25000000.000
18872,2051,1.464844,25000000.000
18873,2050,0.976562,25000000.000
18874,2048,0.000000,25000000.000
18875,2047,-0.488281,25000000.000
18876,2041,-3.417969,25000000.000
18877,2040,-3.906250,25000000.000
18878,2039,-4.394531,25000000.000
18879,2040,-3.906250,25000000.000
18880,2036,-5.859375,25000000.000
18881,2033,-7.324219,25000000.000
18882,2031,-8.300781,25000000.000
18883,2034,-6.835938,25000000.000
18884,2033,-7.324219,25000000.000
18885,2031,-8.300781,25000000.000
18886,2032,-7.812500,25000000.000
18887,2032,-7.812500,25000000.000
18888,2034,-6.835938,25000000.000
18889,2033,-7.324219,25000000.000
18890,2036,-5.859375,25000000.000
18891,2035,-6.347656,25000000.000
18892,2039,-4.394531,25000000.000
18893,2041,-3.417969,25000000.000
18894,2042,-2.929688,25000000.000
18895,2044,-1.953125,25000000.000
18896,2048,0.000000,25000000.000
18897,2050,0.976562,25000000.000
18898,2051,1.464844,25000000.000
18899,2050,0.976562,25000000.000
18900,2056,3.906250,25000000.000
18901,2056,3.906250,25000000.000
18902,2056,3.906250,25000000.000
18903,2056,3.906250,25000000.000
18904,2059,5.371094,25000000.000
18905,2058,4.882812,25000000.000
18906,2058,4.882812,25000000.000
18907,2057,4.394531,25000000.000
18908,2059,5.371094,25000000.000
18909,2058,4.882812,25000000.000
18910,2056,3.906250,25000000.000
18911,2056,3.906250,25000000.000
18912,2053,2.441406,25000000.000
18913,2052,1.953125,25000000.000
18914,2049,0.488281,25000000.000
18915,2050,0.976562,25000000.000
18916,2045,-1.464844,25000000.000
18917,2041,-3.417969,25000000.000
18918,2042,-2.929688,25000000.000
18919,2042,-2.929688,25000000.000
18920,2038,-4.882812,25000000.000
18921,2036,-5.859375,25000000.000
18922,2036,-5.859375,25000000.000
18923,2035,-6.347656,25000000.000
18924,2033,-7.324219,25000000.000
18925,2034,-6.835938,25000000.000
18926,2033,-7.324219,25000000.000
18927,2033,-7.324219,25000000.000
18928,2032,-7.812500,25000000.000
18929,2035,-6.347656,25000000.000
18930,2036,-5.859375,25000000.000
18931,2035,-6.347656,25000000.000
18932,2038,-4.882812,25000000.000
18933,2040,-3.906250,25000000.000
18934,2042,-2.929688,25000000.000
18935,2042,-2.929688,25000000.000
18936,2047,-0.488281,25000000.000
18937,2047,-0.488281,25000000.000
18938,2048,0.000000,25000000.000
18939,2048,0.000000,25000000.000
18940,2054,2.929688,25000000.000
18941,2055,3.417969,25000000.000
18942,2054,2.929688,25000000.000
18943,2055,3.417969,25000000.000
18944,2059,5.371094,25000000.000
18945,2058,4.882812,25000000.000
18946,2058,4.882812,25000000.000
18947,2059,5.371094,25000000.000
18948,2059,5.371094,25000000.000
18949,2057,4.394531,25000000.000
18950,2056,3.906250,25000000.000
18951,2056,3.906250,25000000.000
18952,2053,2.441406,25000000.000
18953,2053,2.441406,25000000.000
18954,2052,1.953125,25000000.000
18955,2050,0.976562,25000000.000
18956,2046,-0.976562,25000000.000
18957,2047,-0.488281,25000000.000
18958,2044,-1.953125,25000000.000
18959,2044,-1.953125,25000000.000
18960,2038,-4.882812,25000000.000
18961,2039,-4.394531,25000000.000
18962,2038,-4.882812,25000000.000
18963,2036,-5.859375,25000000.000
18964,2033,-7.324219,25000000.000
18965,2033,-7.324219,25000000.000
18966,2033,-7.324219,25000000.000
18967,2032,-7.812500,25000000.000
18968,2033,-7.324219,25000000.000
18969,2033,-7.324219,25000000.000
18970,2034,-6.835938,25000000.000
18971,2033,-7.324219,25000000.000
18972,2036,-5.859375,25000000.000
18973,2034,-6.835938,25000000.000
18974,2039,-4.394531,25000000.000
18975,2039,-4.394531,25000000.000
18976,2046,-0.976562,25000000.000
18977,2045,-1.464844,25000000.000
18978,2045,-1.464844,25000000.000
18979,2046,-0.976562,25000000.000
18980,2052,1.953125,25000000.000
18981,2051,1.464844,25000000.000
18982,2051,1.464844,25000000.000
18983,2053,2.441406,25000000.000
18984,2053,2.441406,25000000.000
18985,2063,7.324219,25000000.000
18986,2050,0.976562,25000000.000
18987,2055,3.417969,25000000.000
18988,2051,1.464844,25000000.000
18989,2064,7.812500,25000000.000
18990,2055,3.417969,25000000.000
18991,2056,3.906250,25000000.000
18992,2055,3.417969,25000000.000
18993,2057,4.394531,25000000.000
18994,2053,2.441406,25000000.000
18995,2055,3.417969,25000000.000
18996,2047,-0.488281,25000000.000
18997,2048,0.000000,25000000.000
18998,2045,-1.464844,25000000.000
18999,2045,-1.464844,25000000.000
19000,2043,-2.441406,25000000.000
19001,2038,-4.882812,25000000.000
19002,2038,-4.882812,25000000.000
19003,2037,-5.371094,25000000.000
19004,2035,-6.347656,25000000.000
19005,2036,-5.859375,25000000.000
19006,2033,-7.324219,25000000.000
19007,2031,-8.300781,25000000.000
19008,2033,-7.324219,25000000.000
19009,2032,-7.812500,25000000.000
19010,2032,-7.812500,25000000.000
19011,2030,-8.789062,25000000.000
19012,2032,-7.812500,25000000.000
19013,2037,-5.371094,25000000.000
19014,2035,-6.347656,25000000.000
19015,2042,-2.929688,25000000.000
19016,2044,-1.953125,25000000.000
19017,2040,-3.906250,25000000.000
19018,2040,-3.906250,25000000.000
19019,2042,-2.929688,25000000.000
19020,2049,0.488281,25000000.000
19021,2048,0.000000,25000000.000
19022,2055,3.417969,25000000.000
19023,2051,1.464844,25000000.000
19024,2054,2.929688,25000000.000
19025,2056,3.906250,25000000.000
19026,2057,4.394531,25000000.000
19027,2057,4.394531,25000000.000
19028,2057,4.394531,25000000.000
19029,2059,5.371094,25000000.000
19030,2059,5.371094,25000000.000
19031,2059,5.371094,25000000.000
19032,2056,3.906250,25000000.000
19033,2056,3.906250,25000000.000
19034,2056,3.906250,25000000.000
19035,2053,2.441406,25000000.000
19036,2052,1.953125,25000000.000
19037,2051,1.464844,25000000.000
19038,2048,0.000000,25000000.000
19039,2046,-0.976562,25000000.000
19040,2044,-1.953125,25000000.000
19041,2042,-2.929688,25000000.000
19042,2039,-4.394531,25000000.000
19043,2040,-3.906250,25000000.000
19044,2036,-5.859375,25000000.000
19045,2034,-6.835938,25000000.000
19046,2033,-7.324219,25000000.000
19047,2033,-7.324219,25000000.000
19048,2032,-7.812500,25000000.000
19049,2031,-8.300781,25000000.000
19050,2030,-8.789062,25000000.000
19051,2030,-8.789062,25000000.000
19052,2033,-7.324219,25000000.000
19053,2033,-7.324219,25000000.000
19054,2034,-6.835938,25000000.000
19055,2036,-5.859375,25000000.000
19056,2036,-5.859375,25000000.000
19057,2039,-4.394531,25000000.000
19058,2042,-2.929688,25000000.000
19059,2042,-2.929688,25000000.000
19060,2045,-1.464844,25000000.000
19061,2048,0.000000,25000000.000
19062,2050,0.976562,25000000.000
19063,2051,1.464844,25000000.000
19064,2054,2.929688,25000000.000
19065,2055,3.417969,25000000.000
19066,2057,4.394531,25000000.000
19067,2056,3.906250,25000000.000
19068,2058,4.882812,25000000.000
19069,2058,4.882812,25000000.000
19070,2059,5.371094,25000000.000
19071,2059,5.371094,25000000.000
19072,2057,4.394531,25000000.000
19073,2057,4.394531,25000000.000
19074,2055,3.417969,25000000.000
19075,2056,3.906250,25000000.000
19076,2054,2.929688,25000000.000
19077,2051,1.464844,25000000.000
19078,2048,0.000000,25000000.000
19079,2050,0.976562,25000000.000
19080,2046,-0.976562,25000000.000
19081,2043,-2.441406,25000000.000
19082,2042,-2.929688,25000000.000
19083,2043,-2.441406,25000000.000
19084,2038,-4.882812,25000000.000
19085,2034,-6.835938,25000000.000
19086,2035,-6.347656,25000000.000
19087,2035,-6.347656,25000000.000
19088,2033,-7.324219,25000000.000
19089,2032,-7.812500,25000000.000
19090,2032,-7.812500,25000000.000
19091,2032,-7.812500,25000000.000
19092,2035,-6.347656,25000000.000
19093,2037,-5.371094,25000000.000
19094,2033,-7.324219,25000000.000
19095,2033,-7.324219,25000000.000
19096,2027,-10.253906,25000000.000
19097,2039,-4.394531,25000000.000
19098,2039,-4.394531,25000000.000
19099,2042,-2.929688,25000000.000
19100,2048,0.000000,25000000.000
19101,2045,-1.464844,25000000.000
19102,2048,0.000000,25000000.000
19103,2047,-0.488281,25000000.000
19104,2054,2.929688,25000000.000
19105,2054,2.929688,25000000.000
19106,2055,3.417969,25000000.000
19107,2055,3.417969,25000000.000
19108,2057,4.394531,25000000.000
19109,2057,4.394531,25000000.000
19110,2058,4.882812,25000000.000
19111,2059,5.371094,25000000.000
19112,2060,5.859375,25000000.000
19113,2056,3.906250,25000000.000
19114,2058,4.882812,25000000.000
19115,2057,4.394531,25000000.000
19116,2055,3.417969,25000000.000
19117,2052,1.953125,25000000.000
19118,2051,1.464844,25000000.000
19119,2052,1.953125,25000000.000
19120,2048,0.000000,25000000.000
19121,2045,-1.464844,25000000.000
19122,2044,-1.953125,25000000.000
19123,2044,-1.953125,25000000.000
19124,2039,-4.394531,25000000.000
19125,2038,-4.882812,25000000.000
19126,2035,-6.347656,25000000.000
19127,2035,-6.347656,25000000.000
19128,2033,-7.324219,25000000.000
19129,2034,-6.835938,25000000.000
19130,2035,-6.347656,25000000.000
19131,2032,-7.812500,25000000.000
19132,2033,-7.324219,25000000.000
19133,2034,-6.835938,25000000.000
19134,2035,-6.347656,25000000.000
19135,2034,-6.835938,25000000.000
19136,2036,-5.859375,25000000.000
19137,2038,-4.882812,25000000.000
19138,2039,-4.394531,25000000.000
19139,2038,-4.882812,25000000.000
19140,2042,-2.929688,25000000.000
19141,2044,-1.953125,25000000.000
19142,2046,-0.976562,25000000.000
19143,2046,-0.976562,25000000.000
19144,2050,0.976562,25000000.000
19145,2052,1.953125,25000000.000
19146,2052,1.953125,25000000.000
19147,2053,2.441406,25000000.000
19148,2058,4.882812,25000000.000
19149,2057,4.394531,25000000.000
19150,2060,5.859375,25000000.000
19151,2060,5.859375,25000000.000
19152,2060,5.859375,25000000.000
19153,2059,5.371094,25000000.000
19154,2061,6.347656,25000000.000
19155,2060,5.859375,25000000.000
19156,2056,3.906250,25000000.000
19157,2057,4.394531,25000000.000
19158,2056,3.906250,25000000.000
19159,2055,3.417969,25000000.000
19160,2051,1.464844,25000000.000
19161,2049,0.488281,25000000.000
19162,2049,0.488281,25000000.000
19163,2047,-0.488281,25000000.000
19164,2043,-2.441406,25000000.000
19165,2042,-2.929688,25000000.000
19166,2039,-4.394531,25000000.000
19167,2038,-4.882812,25000000.000
19168,2033,-7.324219,25000000.000
19169,2034,-6.835938,25000000.000
19170,2034,-6.835938,25000000.000
19171,2034,-6.835938,25000000.000
19172,2032,-7.812500,25000000.000
19173,2032,-7.812500,25000000.000
19174,2031,-8.300781,25000000.000
19175,2032,-7.812500,25000000.000
19176,2035,-6.347656,25000000.000
19177,2036,-5.859375,25000000.000
19178,2035,-6.347656,25000000.000
19179,2036,-5.859375,25000000.000
19180,2040,-3.906250,25000000.000
19181,2041,-3.417969,25000000.000
19182,2044,-1.953125,25000000.000
19183,2045,-1.464844,25000000.000
19184,2047,-0.488281,25000000.000
19185,2049,0.488281,25000000.000
19186,2052,1.953125,25000000.000
19187,2051,1.464844,25000000.000
19188,2054,2.929688,25000000.000
19189,2054,2.929688,25000000.000
19190,2058,4.882812,25000000.000
19191,2056,3.906250,25000000.000
19192,2055,3.417969,25000000.000
19193,2060,5.859375,25000000.000
19194,2058,4.882812,25000000.000
19195,2057,4.394531,25000000.000
19196,2057,4.394531,25000000.000
19197,2058,4.882812,25000000.000
19198,2056,3.906250,25000000.000
19199,2056,3.906250,25000000.000
19200,2054,2.929688,25000000.000
19201,2052,1.953125,25000000.000
19202,2049,0.488281,25000000.000
19203,2048,0.000000,25000000.000
19204,2044,-1.953125,25000000.000
19205,2043,-2.441406,25000000.000
19206,2039,-4.394531,25000000.000
19207,2040,-3.906250,25000000.000
19208,2038,-4.882812,25000000.000
19209,2036,-5.859375,25000000.000
19210,2033,-7.324219,25000000.000
19211,2034,-6.835938,25000000.000
19212,2032,-7.812500,25000000.000
19213,2031,-8.300781,25000000.000
19214,2032,-7.812500,25000000.000
19215,2032,-7.812500,25000000.000
19216,2033,-7.324219,25000000.000
19217,2032,-7.812500,25000000.000
19218,2035,-6.347656,25000000.000
19219,2035,-6.347656,25000000.000
19220,2037,-5.371094,25000000.000
19221,2038,-4.882812,25000000.000
19222,2040,-3.906250,25000000.000
19223,2041,-3.417969,25000000.000
19224,2043,-2.441406,25000000.000
19225,2047,-0.488281,25000000.000
19226,2049,0.488281,25000000.000
19227,2049,0.488281,25000000.000
19228,2052,1.953125,25000000.000
19229,2055,3.417969,25000000.000
19230,2056,3.906250,25000000.000
19231,2056,3.906250,25000000.000
19232,2059,5.371094,25000000.000
19233,2058,4.882812,25000000.000
19234,2058,4.882812,25000000.000
19235,2057,4.394531,25000000.000
19236,2059,5.371094,25000000.000
19237,2058,4.882812,25000000.000
19238,2056,3.906250,25000000.000
19239,2055,3.417969,25000000.000
19240,2054,2.929688,25000000.000
19241,2053,2.441406,25000000.000
19242,2050,0.976562,25000000.000
19243,2049,0.488281,25000000.000
19244,2047,-0.488281,25000000.000
19245,2045,-1.464844,25000000.000
19246,2043,-2.441406,25000000.000
19247,2043,-2.441406,25000000.000
19248,2039,-4.394531,25000000.000
19249,2037,-5.371094,25000000.000
19250,2036,-5.859375,25000000.000
19251,2035,-6.347656,25000000.000
19252,2034,-6.835938,25000000.000
19253,2032,-7.812500,25000000.000
19254,2030,-8.789062,25000000.000
19255,2032,-7.812500,25000000.000
19256,2031,-8.300781,25000000.000
19257,2032,-7.812500,25000000.000
19258,2033,-7.324219,25000000.000
19259,2035,-6.347656,25000000.000
19260,2034,-6.835938,25000000.000
19261,2036,-5.859375,25000000.000
19262,2039,-4.394531,25000000.000
19263,2040,-3.906250,25000000.000
19264,2042,-2.929688,25000000.000
19265,2044,-1.953125,25000000.000
19266,2046,-0.976562,25000000.000
19267,2046,-0.976562,25000000.000
19268,2050,0.976562,25000000.000
19269,2053,2.441406,25000000.000
19270,2053,2.441406,25000000.000
19271,2053,2.441406,25000000.000
19272,2056,3.906250,25000000.000
19273,2057,4.394531,25000000.000
19274,2057,4.394531,25000000.000
19275,2057,4.394531,25000000.000
19276,2058,4.882812,25000000.000
19277,2058,4.882812,25000000.000
19278,2056,3.906250,25000000.000
19279,2057,4.394531,25000000.000
19280,2055,3.417969,25000000.000
19281,2054,2.929688,25000000.000
19282,2052,1.953125,25000000.000
19283,2054,2.929688,25000000.000
19284,2051,1.464844,25000000.000
19285,2046,-0.976562,25000000.000
19286,2045,-1.464844,25000000.000
19287,2044,-1.953125,25000000.000
19288,2040,-3.906250,25000000.000
19289,2039,-4.394531,25000000.000
19290,2037,-5.371094,25000000.000
19291,2039,-4.394531,25000000.000
19292,2034,-6.835938,25000000.000
19293,2032,-7.812500,25000000.000
19294,2034,-6.835938,25000000.000
19295,2034,-6.835938,25000000.000
19296,2033,-7.324219,25000000.000
19297,2032,-7.812500,25000000.000
19298,2032,-7.812500,25000000.000
19299,2032,-7.812500,25000000.000
19300,2035,-6.347656,25000000.000
19301,2035,-6.347656,25000000.000
19302,2036,-5.859375,25000000.000
19303,2034,-6.835938,25000000.000
19304,2042,-2.929688,25000000.000
19305,2045,-1.464844,25000000.000
19306,2045,-1.464844,25000000.000
19307,2046,-0.976562,25000000.000
19308,2048,0.000000,25000000.000
19309,2050,0.976562,25000000.000
19310,2052,1.953125,25000000.000
19311,2053,2.441406,25000000.000
19312,2058,4.882812,25000000.000
19313,2056,3.906250,25000000.000
19314,2058,4.882812,25000000.000
19315,2059,5.371094,25000000.000
19316,2060,5.859375,25000000.000
19317,2058,4.882812,25000000.000
19318,2059,5.371094,25000000.000
19319,2060,5.859375,25000000.000
19320,2060,5.859375,25000000.000
19321,2058,4.882812,25000000.000
19322,2056,3.906250,25000000.000
19323,2054,2.929688,25000000.000
19324,2052,1.953125,25000000.000
19325,2049,0.488281,25000000.000
19326,2049,0.488281,25000000.000
19327,2046,-0.976562,25000000.000
19328,2043,-2.441406,25000000.000
19329,2041,-3.417969,25000000.000
19330,2041,-3.417969,25000000.000
19331,2041,-3.417969,25000000.000
19332,2038,-4.882812,25000000.000
19333,2036,-5.859375,25000000.000
19334,2035,-6.347656,25000000.000
19335,2034,-6.835938,25000000.000
19336,2033,-7.324219,25000000.000
19337,2034,-6.835938,25000000.000
19338,2032,-7.812500,25000000.000
19339,2030,-8.789062,25000000.000
19340,2034,-6.835938,25000000.000
19341,2035,-6.347656,25000000.000
19342,2035,-6.347656,25000000.000
19343,2034,-6.835938,25000000.000
19344,2039,-4.394531,25000000.000
19345,2041,-3.417969,25000000.000
19346,2042,-2.929688,25000000.000
19347,2043,-2.441406,25000000.000
19348,2047,-0.488281,25000000.000
19349,2047,-0.488281,25000000.000
19350,2050,0.976562,25000000.000
19351,2051,1.464844,25000000.000
19352,2054,2.929688,25000000.000
19353,2055,3.417969,25000000.000
19354,2058,4.882812,25000000.000
19355,2058,4.882812,25000000.000
19356,2060,5.859375,25000000.000
19357,2057,4.394531,25000000.000
19358,2063,7.324219,25000000.000
19359,2056,3.906250,25000000.000
19360,2056,3.906250,25000000.000
19361,2062,6.835938,25000000.000
19362,2056,3.906250,25000000.000
19363,2057,4.394531,25000000.000
19364,2050,0.976562,25000000.000
19365,2054,2.929688,25000000.000
19366,2045,-1.464844,25000000.000
19367,2042,-2.929688,25000000.000
19368,2042,-2.929688,25000000.000
19369,2048,0.000000,25000000.000
19370,2036,-5.859375,25000000.000
19371,2038,-4.882812,25000000.000
19372,2036,-5.859375,25000000.000
19373,2039,-4.394531,25000000.000
19374,2032,-7.812500,25000000.000
19375,2032,-7.812500,25000000.000
19376,2033,-7.324219,25000000.000
19377,2033,-7.324219,25000000.000
19378,2031,-8.300781,25000000.000
19379,2032,-7.812500,25000000.000
19380,2032,-7.812500,25000000.000
19381,2034,-6.835938,25000000.000
19382,2035,-6.347656,25000000.000
19383,2036,-5.859375,25000000.000
19384,2038,-4.882812,25000000.000
19385,2038,-4.882812,25000000.000
19386,2040,-3.906250,25000000.000
19387,2041,-3.417969,25000000.000
19388,2044,-1.953125,25000000.000
19389,2046,-0.976562,25000000.000
19390,2050,0.976562,25000000.000
19391,2050,0.976562,25000000.000
19392,2053,2.441406,25000000.000
19393,2054,2.929688,25000000.000
19394,2056,3.906250,25000000.000
19395,2056,3.906250,25000000.000
19396,2058,4.882812,25000000.000
19397,2058,4.882812,25000000.000
19398,2058,4.882812,25000000.000
19399,2058,4.882812,25000000.000
19400,2058,4.882812,25000000.000
19401,2058,4.882812,25000000.000
19402,2057,4.394531,25000000.000
19403,2056,3.906250,25000000.000
19404,2055,3.417969,25000000.000
19405,2053,2.441406,25000000.000
19406,2050,0.976562,25000000.000
19407,2050,0.976562,25000000.000
19408,2047,-0.488281,25000000.000
19409,2046,-0.976562,25000000.000
19410,2043,-2.441406,25000000.000
19411,2045,-1.464844,25000000.000
19412,2039,-4.394531,25000000.000
19413,2037,-5.371094,25000000.000
19414,2037,-5.371094,25000000.000
19415,2036,-5.859375,25000000.000
19416,2034,-6.835938,25000000.000
19417,2031,-8.300781,25000000.000
19418,2031,-8.300781,25000000.000
19419,2032,-7.812500,25000000.000
19420,2033,-7.324219,25000000.000
19421,2031,-8.300781,25000000.000
19422,2031,-8.300781,25000000.000
19423,2030,-8.789062,25000000.000
19424,2033,-7.324219,25000000.000
19425,2036,-5.859375,25000000.000
19426,2038,-4.882812,25000000.000
19427,2037,-5.371094,25000000.000
19428,2041,-3.417969,25000000.000
19429,2043,-2.441406,25000000.000
19430,2044,-1.953125,25000000.000
19431,2046,-0.976562,25000000.000
19432,2050,0.976562,25000000.000
19433,2052,1.953125,25000000.000
19434,2053,2.441406,25000000.000
19435,2053,2.441406,25000000.000
19436,2055,3.417969,25000000.000
19437,2059,5.371094,25000000.000
19438,2057,4.394531,25000000.000
19439,2056,3.906250,25000000.000
19440,2057,4.394531,25000000.000
19441,2060,5.859375,25000000.000
19442,2057,4.394531,25000000.000
19443,2057,4.394531,25000000.000
19444,2055,3.417969,25000000.000
19445,2054,2.929688,25000000.000
19446,2054,2.929688,25000000.000
19447,2054,2.929688,25000000.000
19448,2051,1.464844,25000000.000
19449,2048,0.000000,25000000.000
19450,2047,-0.488281,25000000.000
19451,2045,-1.464844,25000000.000
19452,2041,-3.417969,25000000.000
19453,2040,-3.906250,25000000.000
19454,2037,-5.371094,25000000.000
19455,2037,-5.371094,25000000.000
19456,2034,-6.835938,25000000.000
19457,2033,-7.324219,25000000.000
19458,2033,-7.324219,25000000.000
19459,2033,-7.324219,25000000.000
19460,2030,-8.789062,25000000.000
19461,2032,-7.812500,25000000.000
19462,2033,-7.324219,25000000.000
19463,2033,-7.324219,25000000.000
19464,2033,-7.324219,25000000.000
19465,2034,-6.835938,25000000.000
19466,2036,-5.859375,25000000.000
19467,2036,-5.859375,25000000.000
19468,2040,-3.906250,25000000.000
19469,2042,-2.929688,25000000.000
19470,2044,-1.953125,25000000.000
19471,2044,-1.953125,25000000.000
19472,2047,-0.488281,25000000.000
19473,2050,0.976562,25000000.000
19474,2049,0.488281,25000000.000
19475,2051,1.464844,25000000.000
19476,2053,2.441406,25000000.000
19477,2050,0.976562,25000000.000
19478,2056,3.906250,25000000.000
19479,2059,5.371094,25000000.000
19480,2060,5.859375,25000000.000
19481,2055,3.417969,25000000.000
19482,2060,5.859375,25000000.000
19483,2059,5.371094,25000000.000
19484,2057,4.394531,25000000.000
19485,2054,2.929688,25000000.000
19486,2055,3.417969,25000000.000
19487,2055,3.417969,25000000.000
19488,2052,1.953125,25000000.000
19489,2050,0.976562,25000000.000
19490,2046,-0.976562,25000000.000
19491,2047,-0.488281,25000000.000
19492,2043,-2.441406,25000000.000
19493,2042,-2.929688,25000000.000
19494,2040,-3.906250,25000000.000
19495,2040,-3.906250,25000000.000
19496,2037,-5.371094,25000000.000
19497,2035,-6.347656,25000000.000
19498,2034,-6.835938,25000000.000
19499,2035,-6.347656,25000000.000
19500,2034,-6.835938,25000000.000
19501,2033,-7.324219,25000000.000
19502,2032,-7.812500,25000000.000
19503,2031,-8.300781,25000000.000
19504,2034,-6.835938,25000000.000
19505,2035,-6.347656,25000000.000
19506,2036,-5.859375,25000000.000
19507,2035,-6.347656,25000000.000
19508,2038,-4.882812,25000000.000
19509,2039,-4.394531,25000000.000
19510,2041,-3.417969,25000000.000
19511,2043,-2.441406,25000000.000
19512,2046,-0.976562,25000000.000
19513,2048,0.000000,25000000.000
19514,2049,0.488281,25000000.000
19515,2050,0.976562,25000000.000
19516,2053,2.441406,25000000.000
19517,2055,3.417969,25000000.000
19518,2056,3.906250,25000000.000
19519,2057,4.394531,25000000.000
19520,2057,4.394531,25000000.000
19521,2059,5.371094,25000000.000
19522,2059,5.371094,25000000.000
19523,2059,5.371094,25000000.000
19524,2057,4.394531,25000000.000
19525,2058,4.882812,25000000.000
19526,2055,3.417969,25000000.000
19527,2058,4.882812,25000000.000
19528,2054,2.929688,25000000.000
19529,2052,1.953125,25000000.000
19530,2051,1.464844,25000000.000
19531,2050,0.976562,25000000.000
19532,2047,-0.488281,25000000.000
19533,2044,-1.953125,25000000.000
19534,2042,-2.929688,25000000.000
19535,2042,-2.929688,25000000.000
19536,2041,-3.417969,25000000.000
19537,2038,-4.882812,25000000.000
19538,2034,-6.835938,25000000.000
19539,2034,-6.835938,25000000.000
19540,2035,-6.347656,25000000.000
19541,2033,-7.324219,25000000.000
19542,2031,-8.300781,25000000.000
19543,2032,-7.812500,25000000.000
19544,2033,-7.324219,25000000.000
19545,2032,-7.812500,25000000.000
19546,2033,-7.324219,25000000.000
19547,2034,-6.835938,25000000.000
19548,2037,-5.371094,25000000.000
19549,2038,-4.882812,25000000.000
19550,2040,-3.906250,25000000.000
19551,2040,-3.906250,25000000.000
19552,2043,-2.441406,25000000.000
19553,2045,-1.464844,25000000.000
19554,2047,-0.488281,25000000.000
19555,2048,0.000000,25000000.000
19556,2051,1.464844,25000000.000
19557,2054,2.929688,25000000.000
19558,2054,2.929688,25000000.000
19559,2056,3.906250,25000000.000
19560,2057,4.394531,25000000.000
19561,2059,5.371094,25000000.000
19562,2059,5.371094,25000000.000
19563,2059,5.371094,25000000.000
19564,2060,5.859375,25000000.000
19565,2059,5.371094,25000000.000
19566,2058,4.882812,25000000.000
19567,2057,4.394531,25000000.000
19568,2056,3.906250,25000000.000
19569,2055,3.417969,25000000.000
19570,2053,2.441406,25000000.000
19571,2052,1.953125,25000000.000
19572,2048,0.000000,25000000.000
19573,2048,0.000000,25000000.000
19574,2044,-1.953125,25000000.000
19575,2045,-1.464844,25000000.000
19576,2040,-3.906250,25000000.000
19577,2041,-3.417969,25000000.000
19578,2036,-5.859375,25000000.000
19579,2037,-5.371094,25000000.000
19580,2036,-5.859375,25000000.000
19581,2034,-6.835938,25000000.000
19582,2033,-7.324219,25000000.000
19583,2031,-8.300781,25000000.000
19584,2032,-7.812500,25000000.000
19585,2032,-7.812500,25000000.000
19586,2035,-6.347656,25000000.000
19587,2033,-7.324219,25000000.000
19588,2035,-6.347656,25000000.000
19589,2037,-5.371094,25000000.000
19590,2037,-5.371094,25000000.000
19591,2038,-4.882812,25000000.000
19592,2041,-3.417969,25000000.000
19593,2043,-2.441406,25000000.000
19594,2047,-0.488281,25000000.000
19595,2046,-0.976562,25000000.000
19596,2049,0.488281,25000000.000
19597,2052,1.953125,25000000.000
19598,2055,3.417969,25000000.000
19599,2053,2.441406,25000000.000
19600,2056,3.906250,25000000.000
19601,2056,3.906250,25000000.000
19602,2057,4.394531,25000000.000
19603,2056,3.906250,25000000.000
19604,2060,5.859375,25000000.000
19605,2058,4.882812,25000000.000
19606,2057,4.394531,25000000.000
19607,2058,4.882812,25000000.000
19608,2058,4.882812,25000000.000
19609,2056,3.906250,25000000.000
19610,2052,1.953125,25000000.000
19611,2054,2.929688,25000000.000
19612,2052,1.953125,25000000.000
19613,2047,-0.488281,25000000.000
19614,2045,-1.464844,25000000.000
19615,2046,-0.976562,25000000.000
19616,2043,-2.441406,25000000.000
19617,2040,-3.906250,25000000.000
19618,2040,-3.906250,25000000.000
19619,2038,-4.882812,25000000.000
19620,2035,-6.347656,25000000.000
19621,2035,-6.347656,25000000.000
19622,2034,-6.835938,25000000.000
19623,2034,-6.835938,25000000.000
19624,2030,-8.789062,25000000.000
19625,2031,-8.300781,25000000.000
19626,2032,-7.812500,25000000.000
19627,2032,-7.812500,25000000.000
19628,2033,-7.324219,25000000.000
19629,2034,-6.835938,25000000.000
19630,2037,-5.371094,25000000.000
19631,2036,-5.859375,25000000.000
19632,2039,-4.394531,25000000.000
19633,2041,-3.417969,25000000.000
19634,2041,-3.417969,25000000.000
19635,2042,-2.929688,25000000.000
19636,2046,-0.976562,25000000.000
19637,2049,0.488281,25000000.000
19638,2050,0.976562,25000000.000
19639,2050,0.976562,25000000.000
19640,2053,2.441406,25000000.000
19641,2056,3.906250,25000000.000
19642,2056,3.906250,25000000.000
19643,2058,4.882812,25000000.000
19644,2059,5.371094,25000000.000
19645,2058,4.882812,25000000.000
19646,2058,4.882812,25000000.000
19647,2058,4.882812,25000000.000
19648,2057,4.394531,25000000.000
19649,2054,2.929688,25000000.000
19650,2055,3.417969,25000000.000
19651,2055,3.417969,25000000.000
19652,2052,1.953125,25000000.000
19653,2049,0.488281,25000000.000
19654,2048,0.000000,25000000.000
19655,2050,0.976562,25000000.000
19656,2045,-1.464844,25000000.000
19657,2044,-1.953125,25000000.000
19658,2040,-3.906250,25000000.000
19659,2040,-3.906250,25000000.000
19660,2037,-5.371094,25000000.000
19661,2034,-6.835938,25000000.000
19662,2035,-6.347656,25000000.000
19663,2034,-6.835938,25000000.000
19664,2031,-8.300781,25000000.000
19665,2033,-7.324219,25000000.000
19666,2034,-6.835938,25000000.000
19667,2027,-10.253906,25000000.000
19668,2027,-10.253906,25000000.000
19669,2033,-7.324219,25000000.000
19670,2035,-6.347656,25000000.000
19671,2031,-8.300781,25000000.000
19672,2036,-5.859375,25000000.000
19673,2039,-4.394531,25000000.000
19674,2038,-4.882812,25000000.000
19675,2040,-3.906250,25000000.000
19676,2044,-1.953125,25000000.000
19677,2047,-0.488281,25000000.000
19678,2047,-0.488281,25000000.000
19679,2049,0.488281,25000000.000
19680,2053,2.441406,25000000.000
19681,2052,1.953125,25000000.000
19682,2056,3.906250,25000000.000
19683,2056,3.906250,25000000.000
19684,2057,4.394531,25000000.000
19685,2057,4.394531,25000000.000
19686,2059,5.371094,25000000.000
19687,2058,4.882812,25000000.000
19688,2058,4.882812,25000000.000
19689,2059,5.371094,25000000.000
19690,2057,4.394531,25000000.000
19691,2057,4.394531,25000000.000
19692,2054,2.929688,25000000.000
19693,2053,2.441406,25000000.000
19694,2052,1.953125,25000000.000
19695,2050,0.976562,25000000.000
19696,2048,0.000000,25000000.000
19697,2046,-0.976562,25000000.000
19698,2043,-2.441406,25000000.000
19699,2044,-1.953125,25000000.000
19700,2041,-3.417969,25000000.000
19701,2038,-4.882812,25000000.000
19702,2035,-6.347656,25000000.000
19703,2036,-5.859375,25000000.000
19704,2034,-6.835938,25000000.000
19705,2034,-6.835938,25000000.000
19706,2032,-7.812500,25000000.000
19707,2039,-4.394531,25000000.000
19708,2034,-6.835938,25000000.000
19709,2033,-7.324219,25000000.000
19710,2030,-8.789062,25000000.000
19711,2035,-6.347656,25000000.000
19712,2038,-4.882812,25000000.000
19713,2035,-6.347656,25000000.000
19714,2039,-4.394531,25000000.000
19715,2040,-3.906250,25000000.000
19716,2045,-1.464844,25000000.000
19717,2043,-2.441406,25000000.000
19718,2048,0.000000,25000000.000
19719,2049,0.488281,25000000.000
19720,2051,1.464844,25000000.000
19721,2053,2.441406,25000000.000
19722,2055,3.417969,25000000.000
19723,2054,2.929688,25000000.000
19724,2056,3.906250,25000000.000
19725,2058,4.882812,25000000.000
19726,2060,5.859375,25000000.000
19727,2060,5.859375,25000000.000
19728,2060,5.859375,25000000.000
19729,2058,4.882812,25000000.000
19730,2060,5.859375,25000000.000
19731,2061,6.347656,25000000.000
19732,2057,4.394531,25000000.000
19733,2055,3.417969,25000000.000
19734,2053,2.441406,25000000.000
19735,2052,1.953125,25000000.000
19736,2050,0.976562,25000000.000
19737,2049,0.488281,25000000.000
19738,2044,-1.953125,25000000.000
19739,2045,-1.464844,25000000.000
19740,2043,-2.441406,25000000.000
19741,2040,-3.906250,25000000.000
19742,2037,-5.371094,25000000.000
19743,2038,-4.882812,25000000.000
19744,2035,-6.347656,25000000.000
19745,2034,-6.835938,25000000.000
19746,2032,-7.812500,25000000.000
19747,2032,-7.812500,25000000.000
19748,2033,-7.324219,25000000.000
19749,2033,-7.324219,25000000.000
19750,2034,-6.835938,25000000.000
19751,2034,-6.835938,25000000.000
19752,2035,-6.347656,25000000.000
19753,2036,-5.859375,25000000.000
19754,2037,-5.371094,25000000.000
19755,2038,-4.882812,25000000.000
19756,2039,-4.394531,25000000.000
19757,2043,-2.441406,25000000.000
19758,2045,-1.464844,25000000.000
19759,2045,-1.464844,25000000.000
19760,2048,0.000000,25000000.000
19761,2050,0.976562,25000000.000
19762,2053,2.441406,25000000.000
19763,2053,2.441406,25000000.000
19764,2054,2.929688,25000000.000
19765,2057,4.394531,25000000.000
19766,2057,4.394531,25000000.000
19767,2056,3.906250,25000000.000
19768,2058,4.882812,25000000.000
19769,2059,5.371094,25000000.000
19770,2057,4.394531,25000000.000
19771,2057,4.394531,25000000.000
19772,2057,4.394531,25000000.000
19773,2057,4.394531,25000000.000
19774,2055,3.417969,25000000.000
19775,2055,3.417969,25000000.000
19776,2052,1.953125,25000000.000
19777,2049,0.488281,25000000.000
19778,2048,0.000000,25000000.000
19779,2049,0.488281,25000000.000
19780,2045,-1.464844,25000000.000
19781,2041,-3.417969,25000000.000
19782,2040,-3.906250,25000000.000
19783,2040,-3.906250,25000000.000
19784,2037,-5.371094,25000000.000
19785,2035,-6.347656,25000000.000
19786,2035,-6.347656,25000000.000
19787,2035,-6.347656,25000000.000
19788,2031,-8.300781,25000000.000
19789,2033,-7.324219,25000000.000
19790,2034,-6.835938,25000000.000
19791,2033,-7.324219,25000000.000
19792,2034,-6.835938,25000000.000
19793,2035,-6.347656,25000000.000
19794,2037,-5.371094,25000000.000
19795,2035,-6.347656,25000000.000
19796,2038,-4.882812,25000000.000
19797,2040,-3.906250,25000000.000
19798,2042,-2.929688,25000000.000
19799,2042,-2.929688,25000000.000
19800,2047,-0.488281,25000000.000
19801,2048,0.000000,25000000.000
19802,2049,0.488281,25000000.000
19803,2049,0.488281,25000000.000
19804,2052,1.953125,25000000.000
19805,2056,3.906250,25000000.000
19806,2055,3.417969,25000000.000
19807,2054,2.929688,25000000.000
19808,2058,4.882812,25000000.000
19809,2057,4.394531,25000000.000
19810,2058,4.882812,25000000.000
19811,2059,5.371094,25000000.000
19812,2058,4.882812,25000000.000
19813,2057,4.394531,25000000.000
19814,2056,3.906250,25000000.000
19815,2058,4.882812,25000000.000
19816,2055,3.417969,25000000.000
19817,2048,0.000000,25000000.000
19818,2053,2.441406,25000000.000
19819,2051,1.464844,25000000.000
19820,2048,0.000000,25000000.000
19821,2040,-3.906250,25000000.000
19822,2042,-2.929688,25000000.000
19823,2040,-3.906250,25000000.000
19824,2038,-4.882812,25000000.000
19825,2037,-5.371094,25000000.000
19826,2034,-6.835938,25000000.000
19827,2033,-7.324219,25000000.000
19828,2033,-7.324219,25000000.000
19829,2032,-7.812500,25000000.000
19830,2031,-8.300781,25000000.000
19831,2030,-8.789062,25000000.000
19832,2033,-7.324219,25000000.000
19833,2033,-7.324219,25000000.000
19834,2032,-7.812500,25000000.000
19835,2032,-7.812500,25000000.000
19836,2036,-5.859375,25000000.000
19837,2038,-4.882812,25000000.000
19838,2038,-4.882812,25000000.000
19839,2038,-4.882812,25000000.000
19840,2043,-2.441406,25000000.000
19841,2046,-0.976562,25000000.000
19842,2046,-0.976562,25000000.000
19843,2049,0.488281,25000000.000
19844,2051,1.464844,25000000.000
19845,2052,1.953125,25000000.000
19846,2054,2.929688,25000000.000
19847,2055,3.417969,25000000.000
19848,2059,5.371094,25000000.000
19849,2057,4.394531,25000000.000
19850,2058,4.882812,25000000.000
19851,2058,4.882812,25000000.000
19852,2058,4.882812,25000000.000
19853,2058,4.882812,25000000.000
19854,2057,4.394531,25000000.000
19855,2059,5.371094,25000000.000
19856,2054,2.929688,25000000.000
19857,2054,2.929688,25000000.000
19858,2052,1.953125,25000000.000
19859,2052,1.953125,25000000.000
19860,2048,0.000000,25000000.000
19861,2045,-1.464844,25000000.000
19862,2046,-0.976562,25000000.000
19863,2044,-1.953125,25000000.000
19864,2040,-3.906250,25000000.000
19865,2038,-4.882812,25000000.000
19866,2034,-6.835938,25000000.000
19867,2035,-6.347656,25000000.000
19868,2035,-6.347656,25000000.000
19869,2034,-6.835938,25000000.000
19870,2033,-7.324219,25000000.000
19871,2033,-7.324219,25000000.000
19872,2031,-8.300781,25000000.000
19873,2032,-7.812500,25000000.000
19874,2032,-7.812500,25000000.000
19875,2033,-7.324219,25000000.000
19876,2035,-6.347656,25000000.000
19877,2035,-6.347656,25000000.000
19878,2037,-5.371094,25000000.000
19879,2038,-4.882812,25000000.000
19880,2041,-3.417969,25000000.000
19881,2042,-2.929688,25000000.000
19882,2045,-1.464844,25000000.000
19883,2044,-1.953125,25000000.000
19884,2050,0.976562,25000000.000
19885,2051,1.464844,25000000.000
19886,2054,2.929688,25000000.000
19887,2053,2.441406,25000000.000
19888,2055,3.417969,25000000.000
19889,2057,4.394531,25000000.000
19890,2059,5.371094,25000000.000
19891,2059,5.371094,25000000.000
19892,2058,4.882812,25000000.000
19893,2058,4.882812,25000000.000
19894,2058,4.882812,25000000.000
19895,2057,4.394531,25000000.000
19896,2057,4.394531,25000000.000
19897,2057,4.394531,25000000.000
19898,2054,2.929688,25000000.000
19899,2053,2.441406,25000000.000
19900,2051,1.464844,25000000.000
19901,2050,0.976562,25000000.000
19902,2046,-0.976562,25000000.000
19903,2046,-0.976562,25000000.000
19904,2045,-1.464844,25000000.000
19905,2041,-3.417969,25000000.000
19906,2038,-4.882812,25000000.000
19907,2039,-4.394531,25000000.000
19908,2037,-5.371094,25000000.000
19909,2034,-6.835938,25000000.000
19910,2033,-7.324219,25000000.000
19911,2035,-6.347656,25000000.000
19912,2032,-7.812500,25000000.000
19913,2031,-8.300781,25000000.000
19914,2033,-7.324219,25000000.000
19915,2033,-7.324219,25000000.000
19916,2033,-7.324219,25000000.000
19917,2033,-7.324219,25000000.000
19918,2036,-5.859375,25000000.000
19919,2037,-5.371094,25000000.000
19920,2037,-5.371094,25000000.000
19921,2040,-3.906250,25000000.000
19922,2042,-2.929688,25000000.000
19923,2043,-2.441406,25000000.000
19924,2045,-1.464844,25000000.000
19925,2049,0.488281,25000000.000
19926,2052,1.953125,25000000.000
19927,2051,1.464844,25000000.000
19928,2054,2.929688,25000000.000
19929,2055,3.417969,25000000.000
19930,2057,4.394531,25000000.000
19931,2058,4.882812,25000000.000
19932,2060,5.859375,25000000.000
19933,2059,5.371094,25000000.000
19934,2058,4.882812,25000000.000
19935,2058,4.882812,25000000.000
19936,2059,5.371094,25000000.000
19937,2059,5.371094,25000000.000
19938,2056,3.906250,25000000.000
19939,2055,3.417969,25000000.000
19940,2055,3.417969,25000000.000
19941,2051,1.464844,25000000.000
19942,2049,0.488281,25000000.000
19943,2049,0.488281,25000000.000
19944,2046,-0.976562,25000000.000
19945,2042,-2.929688,25000000.000
19946,2042,-2.929688,25000000.000
19947,2038,-4.882812,25000000.000
19948,2038,-4.882812,25000000.000
19949,2035,-6.347656,25000000.000
19950,2029,-9.277344,25000000.000
19951,2033,-7.324219,25000000.000
19952,2026,-10.742188,25000000.000
19953,2039,-4.394531,25000000.000
19954,2031,-8.300781,25000000.000
19955,2032,-7.812500,25000000.000
19956,2030,-8.789062,25000000.000
19957,2037,-5.371094,25000000.000
19958,2033,-7.324219,25000000.000
19959,2036,-5.859375,25000000.000
19960,2037,-5.371094,25000000.000
19961,2040,-3.906250,25000000.000
19962,2041,-3.417969,25000000.000
19963,2041,-3.417969,25000000.000
19964,2046,-0.976562,25000000.000
19965,2048,0.000000,25000000.000
19966,2050,0.976562,25000000.000
19967,2048,0.000000,25000000.000
19968,2054,2.929688,25000000.000
19969,2056,3.906250,25000000.000
19970,2057,4.394531,25000000.000
19971,2057,4.394531,25000000.000
19972,2058,4.882812,25000000.000
19973,2059,5.371094,25000000.000
19974,2059,5.371094,25000000.000
19975,2059,5.371094,25000000.000
19976,2059,5.371094,25000000.000
19977,2057,4.394531,25000000.000
19978,2057,4.394531,25000000.000
19979,2058,4.882812,25000000.000
19980,2056,3.906250,25000000.000
19981,2051,1.464844,25000000.000
19982,2052,1.953125,25000000.000
19983,2051,1.464844,25000000.000
19984,2047,-0.488281,25000000.000
19985,2045,-1.464844,25000000.000
19986,2042,-2.929688,25000000.000
19987,2043,-2.441406,25000000.000
19988,2037,-5.371094,25000000.000
19989,2037,-5.371094,25000000.000
19990,2035,-6.347656,25000000.000
19991,2035,-6.347656,25000000.000
19992,2033,-7.324219,25000000.000
19993,2032,-7.812500,25000000.000
19994,2032,-7.812500,25000000.000
19995,2033,-7.324219,25000000.000
19996,2031,-8.300781,25000000.000
19997,2032,-7.812500,25000000.000
19998,2033,-7.324219,25000000.000
19999,2032,-7.812500,25000000.000
20000,2037,-5.371094,25000000.000
20001,2037,-5.371094,25000000.000
20002,2037,-5.371094,25000000.000
20003,2037,-5.371094,25000000.000
20004,2043,-2.441406,25000000.000
20005,2046,-0.976562,25000000.000
20006,2045,-1.464844,25000000.000
20007,2047,-0.488281,25000000.000
20008,2051,1.464844,25000000.000
20009,2053,2.441406,25000000.000
20010,2054,2.929688,25000000.000
20011,2054,2.929688,25000000.000
20012,2057,4.394531,25000000.000
20013,2046,-0.976562,25000000.000
20014,2062,6.835938,25000000.000
20015,2054,2.929688,25000000.000
20016,2057,4.394531,25000000.000
20017,2055,3.417969,25000000.000
20018,2060,5.859375,25000000.000
20019,2059,5.371094,25000000.000
20020,2055,3.417969,25000000.000
20021,2054,2.929688,25000000.000
20022,2052,1.953125,25000000.000
20023,2054,2.929688,25000000.000
20024,2048,0.000000,25000000.000
20025,2046,-0.976562,25000000.000
20026,2044,-1.953125,25000000.000
20027,2045,-1.464844,25000000.000
20028,2042,-2.929688,25000000.000
20029,2039,-4.394531,25000000.000
20030,2037,-5.371094,25000000.000
20031,2036,-5.859375,25000000.000
20032,2034,-6.835938,25000000.000
20033,2034,-6.835938,25000000.000
20034,2033,-7.324219,25000000.000
20035,2032,-7.812500,25000000.000
20036,2032,-7.812500,25000000.000
20037,2033,-7.324219,25000000.000
20038,2031,-8.300781,25000000.000
20039,2031,-8.300781,25000000.000
20040,2034,-6.835938,25000000.000
20041,2034,-6.835938,25000000.000
20042,2037,-5.371094,25000000.000
20043,2036,-5.859375,25000000.000
20044,2040,-3.906250,25000000.000
20045,2041,-3.417969,25000000.000
20046,2044,-1.953125,25000000.000
20047,2045,-1.464844,25000000.000
20048,2047,-0.488281,25000000.000
20049,2049,0.488281,25000000.000
20050,2057,4.394531,25000000.000
20051,2052,1.953125,25000000.000
20052,2058,4.882812,25000000.000
20053,2061,6.347656,25000000.000
20054,2060,5.859375,25000000.000
20055,2057,4.394531,25000000.000
20056,2058,4.882812,25000000.000
20057,2057,4.394531,25000000.000
20058,2058,4.882812,25000000.000
20059,2056,3.906250,25000000.000
20060,2057,4.394531,25000000.000
20061,2055,3.417969,25000000.000
20062,2056,3.906250,25000000.000
20063,2053,2.441406,25000000.000
20064,2051,1.464844,25000000.000
20065,2050,0.976562,25000000.000
20066,2047,-0.488281,25000000.000
20067,2047,-0.488281,25000000.000
20068,2043,-2.441406,25000000.000
20069,2042,-2.929688,25000000.000
20070,2039,-4.394531,25000000.000
20071,2040,-3.906250,25000000.000
20072,2036,-5.859375,25000000.000
20073,2035,-6.347656,25000000.000
20074,2034,-6.835938,25000000.000
20075,2035,-6.347656,25000000.000
20076,2032,-7.812500,25000000.000
20077,2031,-8.300781,25000000.000
20078,2031,-8.300781,25000000.000
20079,2033,-7.324219,25000000.000
20080,2033,-7.324219,25000000.000
20081,2033,-7.324219,25000000.000
20082,2037,-5.371094,25000000.000
20083,2036,-5.859375,25000000.000
20084,2039,-4.394531,25000000.000
20085,2039,-4.394531,25000000.000
20086,2042,-2.929688,25000000.000
20087,2041,-3.417969,25000000.000
20088,2045,-1.464844,25000000.000
20089,2049,0.488281,25000000.000
20090,2050,0.976562,25000000.000
20091,2051,1.464844,25000000.000
20092,2053,2.441406,25000000.000
20093,2056,3.906250,25000000.000
20094,2056,3.906250,25000000.000
20095,2058,4.882812,25000000.000
20096,2058,4.882812,25000000.000
20097,2058,4.882812,25000000.000
20098,2060,5.859375,25000000.000
20099,2059,5.371094,25000000.000
20100,2059,5.371094,25000000.000
20101,2058,4.882812,25000000.000
20102,2056,3.906250,25000000.000
20103,2057,4.394531,25000000.000
20104,2052,1.953125,25000000.000
20105,2051,1.464844,25000000.000
20106,2051,1.464844,25000000.000
20107,2050,0.976562,25000000.000
20108,2046,-0.976562,25000000.000
20109,2043,-2.441406,25000000.000
20110,2041,-3.417969,25000000.000
20111,2042,-2.929688,25000000.000
20112,2040,-3.906250,25000000.000
20113,2036,-5.859375,25000000.000
20114,2036,-5.859375,25000000.000
20115,2035,-6.347656,25000000.000
20116,2034,-6.835938,25000000.000
20117,2032,-7.812500,25000000.000
20118,2033,-7.324219,25000000.000
20119,2034,-6.835938,25000000.000
20120,2036,-5.859375,25000000.000
20121,2035,-6.347656,25000000.000
20122,2027,-10.253906,25000000.000
20123,2034,-6.835938,25000000.000
20124,2036,-5.859375,25000000.000
20125,2040,-3.906250,25000000.000
20126,2039,-4.394531,25000000.000
20127,2038,-4.882812,25000000.000
20128,2043,-2.441406,25000000.000
20129,2046,-0.976562,25000000.000
20130,2047,-0.488281,25000000.000
20131,2047,-0.488281,25000000.000
20132,2052,1.953125,25000000.000
20133,2054,2.929688,25000000.000
20134,2055,3.417969,25000000.000
20135,2054,2.929688,25000000.000
20136,2058,4.882812,25000000.000
20137,2059,5.371094,25000000.000
20138,2058,4.882812,25000000.000
20139,2058,4.882812,25000000.000
20140,2059,5.371094,25000000.000
20141,2058,4.882812,25000000.000
20142,2058,4.882812,25000000.000
20143,2058,4.882812,25000000.000
20144,2056,3.906250,25000000.000
20145,2055,3.417969,25000000.000
20146,2052,1.953125,25000000.000
20147,2052,1.953125,25000000.000
20148,2047,-0.488281,25000000.000
20149,2044,-1.953125,25000000.000
20150,2043,-2.441406,25000000.000
20151,2044,-1.953125,25000000.000
20152,2042,-2.929688,25000000.000
20153,2038,-4.882812,25000000.000
20154,2037,-5.371094,25000000.000
20155,2039,-4.394531,25000000.000
20156,2034,-6.835938,25000000.000
20157,2033,-7.324219,25000000.000
20158,2033,-7.324219,25000000.000
20159,2033,-7.324219,25000000.000
20160,2032,-7.812500,25000000.000
20161,2033,-7.324219,25000000.000
20162,2034,-6.835938,25000000.000
20163,2034,-6.835938,25000000.000
20164,2035,-6.347656,25000000.000
20165,2037,-5.371094,25000000.000
20166,2040,-3.906250,25000000.000
20167,2037,-5.371094,25000000.000
20168,2042,-2.929688,25000000.000
20169,2043,-2.441406,25000000.000
20170,2045,-1.464844,25000000.000
20171,2045,-1.464844,25000000.000
20172,2050,0.976562,25000000.000
20173,2051,1.464844,25000000.000
20174,2053,2.441406,25000000.000
20175,2053,2.441406,25000000.000
20176,2056,3.906250,25000000.000
20177,2056,3.906250,25000000.000
20178,2058,4.882812,25000000.000
20179,2059,5.371094,25000000.000
20180,2060,5.859375,25000000.000
20181,2058,4.882812,25000000.000
20182,2058,4.882812,25000000.000
20183,2059,5.371094,25000000.000
20184,2056,3.906250,25000000.000
20185,2055,3.417969,25000000.000
20186,2053,2.441406,25000000.000
20187,2053,2.441406,25000000.000
20188,2050,0.976562,25000000.000
20189,2048,0.000000,25000000.000
20190,2046,-0.976562,25000000.000
20191,2047,-0.488281,25000000.000
20192,2042,-2.929688,25000000.000
20193,2040,-3.906250,25000000.000
20194,2038,-4.882812,25000000.000
20195,2038,-4.882812,25000000.000
20196,2035,-6.347656,25000000.000
20197,2033,-7.324219,25000000.000
20198,2033,-7.324219,25000000.000
20199,2032,-7.812500,25000000.000
20200,2032,-7.812500,25000000.000
20201,2031,-8.300781,25000000.000
20202,2031,-8.300781,25000000.000
20203,2030,-8.789062,25000000.000
20204,2032,-7.812500,25000000.000
20205,2033,-7.324219,25000000.000
20206,2035,-6.347656,25000000.000
20207,2036,-5.859375,25000000.000
20208,2040,-3.906250,25000000.000
20209,2040,-3.906250,25000000.000
20210,2043,-2.441406,25000000.000
20211,2044,-1.953125,25000000.000
20212,2048,0.000000,25000000.000
20213,2051,1.464844,25000000.000
20214,2053,2.441406,25000000.000
20215,2053,2.441406,25000000.000
20216,2054,2.929688,25000000.000
20217,2055,3.417969,25000000.000
20218,2058,4.882812,25000000.000
20219,2059,5.371094,25000000.000
20220,2056,3.906250,25000000.000
20221,2058,4.882812,25000000.000
20222,2057,4.394531,25000000.000
20223,2058,4.882812,25000000.000
20224,2056,3.906250,25000000.000
20225,2056,3.906250,25000000.000
20226,2056,3.906250,25000000.000
20227,2055,3.417969,25000000.000
20228,2051,1.464844,25000000.000
20229,2049,0.488281,25000000.000
20230,2048,0.000000,25000000.000
20231,2047,-0.488281,25000000.000
20232,2045,-1.464844,25000000.000
20233,2042,-2.929688,25000000.000
20234,2039,-4.394531,25000000.000
20235,2038,-4.882812,25000000.000
20236,2037,-5.371094,25000000.000
20237,2036,-5.859375,25000000.000
20238,2034,-6.835938,25000000.000
20239,2033,-7.324219,25000000.000
20240,2032,-7.812500,25000000.000
20241,2033,-7.324219,25000000.000
20242,2032,-7.812500,25000000.000
20243,2032,-7.812500,25000000.000
20244,2033,-7.324219,25000000.000
20245,2032,-7.812500,25000000.000
20246,2034,-6.835938,25000000.000
20247,2035,-6.347656,25000000.000
20248,2038,-4.882812,25000000.000
20249,2040,-3.906250,25000000.000
20250,2041,-3.417969,25000000.000
20251,2042,-2.929688,25000000.000
20252,2043,-2.441406,25000000.000
20253,2047,-0.488281,25000000.000
20254,2049,0.488281,25000000.000
20255,2050,0.976562,25000000.000
20256,2052,1.953125,25000000.000
20257,2054,2.929688,25000000.000
20258,2055,3.417969,25000000.000
20259,2057,4.394531,25000000.000
20260,2057,4.394531,25000000.000
20261,2056,3.906250,25000000.000
20262,2059,5.371094,25000000.000
20263,2057,4.394531,25000000.000
20264,2058,4.882812,25000000.000
20265,2057,4.394531,25000000.000
20266,2057,4.394531,25000000.000
20267,2056,3.906250,25000000.000
20268,2054,2.929688,25000000.000
20269,2053,2.441406,25000000.000
20270,2050,0.976562,25000000.000
20271,2049,0.488281,25000000.000
20272,2047,-0.488281,25000000.000
20273,2045,-1.464844,25000000.000
20274,2042,-2.929688,25000000.000
20275,2043,-2.441406,25000000.000
20276,2039,-4.394531,25000000.000
20277,2036,-5.859375,25000000.000
20278,2035,-6.347656,25000000.000
20279,2035,-6.347656,25000000.000
20280,2035,-6.347656,25000000.000
20281,2033,-7.324219,25000000.000
20282,2032,-7.812500,25000000.000
20283,2031,-8.300781,25000000.000
20284,2032,-7.812500,25000000.000
20285,2033,-7.324219,25000000.000
20286,2032,-7.812500,25000000.000
20287,2033,-7.324219,25000000.000
20288,2033,-7.324219,25000000.000
20289,2039,-4.394531,25000000.000
20290,2039,-4.394531,25000000.000
20291,2041,-3.417969,25000000.000
20292,2042,-2.929688,25000000.000
20293,2045,-1.464844,25000000.000
20294,2048,0.000000,25000000.000
20295,2048,0.000000,25000000.000
20296,2053,2.441406,25000000.000
20297,2053,2.441406,25000000.000
20298,2054,2.929688,25000000.000
20299,2054,2.929688,25000000.000
20300,2059,5.371094,25000000.000
20301,2059,5.371094,25000000.000
20302,2058,4.882812,25000000.000
20303,2058,4.882812,25000000.000
20304,2060,5.859375,25000000.000
20305,2060,5.859375,25000000.000
20306,2058,4.882812,25000000.000
20307,2058,4.882812,25000000.000
20308,2058,4.882812,25000000.000
20309,2054,2.929688,25000000.000
20310,2053,2.441406,25000000.000
20311,2055,3.417969,25000000.000
20312,2050,0.976562,25000000.000
20313,2046,-0.976562,25000000.000
20314,2046,-0.976562,25000000.000
20315,2046,-0.976562,25000000.000
20316,2041,-3.417969,25000000.000
20317,2040,-3.906250,25000000.000
20318,2038,-4.882812,25000000.000
20319,2038,-4.882812,25000000.000
20320,2035,-6.347656,25000000.000
20321,2034,-6.835938,25000000.000
20322,2034,-6.835938,25000000.000
20323,2034,-6.835938,25000000.000
20324,2032,-7.812500,25000000.000
20325,2033,-7.324219,25000000.000
20326,2032,-7.812500,25000000.000
20327,2033,-7.324219,25000000.000
20328,2034,-6.835938,25000000.000
20329,2037,-5.371094,25000000.000
20330,2039,-4.394531,25000000.000
20331,2037,-5.371094,25000000.000
20332,2042,-2.929688,25000000.000
20333,2044,-1.953125,25000000.000
20334,2045,-1.464844,25000000.000
20335,2045,-1.464844,25000000.000
20336,2050,0.976562,25000000.000
20337,2052,1.953125,25000000.000
20338,2053,2.441406,25000000.000
20339,2053,2.441406,25000000.000
20340,2057,4.394531,25000000.000
20341,2057,4.394531,25000000.000
20342,2058,4.882812,25000000.000
20343,2060,5.859375,25000000.000
20344,2059,5.371094,25000000.000
20345,2058,4.882812,25000000.000
20346,2059,5.371094,25000000.000
20347,2058,4.882812,25000000.000
20348,2056,3.906250,25000000.000
20349,2053,2.441406,25000000.000
20350,2054,2.929688,25000000.000
20351,2056,3.906250,25000000.000
20352,2050,0.976562,25000000.000
20353,2050,0.976562,25000000.000
20354,2048,0.000000,25000000.000
20355,2046,-0.976562,25000000.000
20356,2043,-2.441406,25000000.000
20357,2042,-2.929688,25000000.000
20358,2036,-5.859375,25000000.000
20359,2037,-5.371094,25000000.000
20360,2038,-4.882812,25000000.000
20361,2039,-4.394531,25000000.000
20362,2034,-6.835938,25000000.000
20363,2037,-5.371094,25000000.000
20364,2033,-7.324219,25000000.000
20365,2029,-9.277344,25000000.000
20366,2033,-7.324219,25000000.000
20367,2031,-8.300781,25000000.000
20368,2036,-5.859375,25000000.000
20369,2034,-6.835938,25000000.000
20370,2036,-5.859375,25000000.000
20371,2036,-5.859375,25000000.000
20372,2039,-4.394531,25000000.000
20373,2040,-3.906250,25000000.000
20374,2043,-2.441406,25000000.000
20375,2043,-2.441406,25000000.000
20376,2047,-0.488281,25000000.000
20377,2047,-0.488281,25000000.000
20378,2051,1.464844,25000000.000
20379,2052,1.953125,25000000.000
20380,2053,2.441406,25000000.000
20381,2053,2.441406,25000000.000
20382,2058,4.882812,25000000.000
20383,2057,4.394531,25000000.000
20384,2056,3.906250,25000000.000
20385,2058,4.882812,25000000.000
20386,2059,5.371094,25000000.000
20387,2059,5.371094,25000000.000
20388,2058,4.882812,25000000.000
20389,2057,4.394531,25000000.000
20390,2055,3.417969,25000000.000
20391,2056,3.906250,25000000.000
20392,2053,2.441406,25000000.000
20393,2050,0.976562,25000000.000
20394,2051,1.464844,25000000.000
20395,2048,0.000000,25000000.000
20396,2044,-1.953125,25000000.000
20397,2046,-0.976562,25000000.000
20398,2041,-3.417969,25000000.000
20399,2046,-0.976562,25000000.000
20400,2040,-3.906250,25000000.000
20401,2038,-4.882812,25000000.000
20402,2033,-7.324219,25000000.000
20403,2035,-6.347656,25000000.000
20404,2033,-7.324219,25000000.000
20405,2031,-8.300781,25000000.000
20406,2032,-7.812500,25000000.000
20407,2031,-8.300781,25000000.000
20408,2031,-8.300781,25000000.000
20409,2032,-7.812500,25000000.000
20410,2033,-7.324219,25000000.000
20411,2035,-6.347656,25000000.000
20412,2037,-5.371094,25000000.000
20413,2037,-5.371094,25000000.000
20414,2040,-3.906250,25000000.000
20415,2041,-3.417969,25000000.000
20416,2044,-1.953125,25000000.000
20417,2045,-1.464844,25000000.000
20418,2046,-0.976562,25000000.000
20419,2045,-1.464844,25000000.000
20420,2051,1.464844,25000000.000
20421,2052,1.953125,25000000.000
20422,2055,3.417969,25000000.000
20423,2054,2.929688,25000000.000
20424,2058,4.882812,25000000.000
20425,2061,6.347656,25000000.000
20426,2060,5.859375,25000000.000
20427,2058,4.882812,25000000.000
20428,2058,4.882812,25000000.000
20429,2057,4.394531,25000000.000
20430,2057,4.394531,25000000.000
20431,2056,3.906250,25000000.000
20432,2055,3.417969,25000000.000
20433,2054,2.929688,25000000.000
20434,2051,1.464844,25000000.000
20435,2051,1.464844,25000000.000
20436,2047,-0.488281,25000000.000
20437,2045,-1.464844,25000000.000
20438,2042,-2.929688,25000000.000
20439,2043,-2.441406,25000000.000
20440,2040,-3.906250,25000000.000
20441,2036,-5.859375,25000000.000
20442,2036,-5.859375,25000000.000
20443,2036,-5.859375,25000000.000
20444,2034,-6.835938,25000000.000
20445,2032,-7.812500,25000000.000
20446,2034,-6.835938,25000000.000
20447,2033,-7.324219,25000000.000
20448,2032,-7.812500,25000000.000
20449,2031,-8.300781,25000000.000
20450,2033,-7.324219,25000000.000
20451,2033,-7.324219,25000000.000
20452,2034,-6.835938,25000000.000
20453,2036,-5.859375,25000000.000
20454,2038,-4.882812,25000000.000
20455,2037,-5.371094,25000000.000
20456,2041,-3.417969,25000000.000
20457,2044,-1.953125,25000000.000
20458,2046,-0.976562,25000000.000
20459,2045,-1.464844,25000000.000
20460,2049,0.488281,25000000.000
20461,2052,1.953125,25000000.000
20462,2053,2.441406,25000000.000
20463,2053,2.441406,25000000.000
20464,2056,3.906250,25000000.000
20465,2058,4.882812,25000000.000
20466,2057,4.394531,25000000.000
20467,2058,4.882812,25000000.000
20468,2058,4.882812,25000000.000
20469,2058,4.882812,25000000.000
20470,2057,4.394531,25000000.000
20471,2058,4.882812,25000000.000
20472,2057,4.394531,25000000.000
20473,2055,3.417969,25000000.000
20474,2053,2.441406,25000000.000
20475,2054,2.929688,25000000.000
20476,2050,0.976562,25000000.000
20477,2047,-0.488281,25000000.000
20478,2046,-0.976562,25000000.000
20479,2046,-0.976562,25000000.000
20480,2043,-2.441406,25000000.000
20481,2039,-4.394531,25000000.000
20482,2038,-4.882812,25000000.000
20483,2038,-4.882812,25000000.000
20484,2035,-6.347656,25000000.000
20485,2035,-6.347656,25000000.000
20486,2033,-7.324219,25000000.000
20487,2034,-6.835938,25000000.000
20488,2030,-8.789062,25000000.000
20489,2034,-6.835938,25000000.000
20490,2033,-7.324219,25000000.000
20491,2034,-6.835938,25000000.000
20492,2033,-7.324219,25000000.000
20493,2035,-6.347656,25000000.000
20494,2039,-4.394531,25000000.000
20495,2038,-4.882812,25000000.000
20496,2041,-3.417969,25000000.000
20497,2042,-2.929688,25000000.000
20498,2044,-1.953125,25000000.000
20499,2044,-1.953125,25000000.000
20500,2048,0.000000,25000000.000
20501,2050,0.976562,25000000.000
20502,2051,1.464844,25000000.000
20503,2051,1.464844,25000000.000
20504,2054,2.929688,25000000.000
20505,2057,4.394531,25000000.000
20506,2056,3.906250,25000000.000
20507,2058,4.882812,25000000.000
20508,2059,5.371094,25000000.000
20509,2059,5.371094,25000000.000
20510,2058,4.882812,25000000.000
20511,2059,5.371094,25000000.000
20512,2059,5.371094,25000000.000
20513,2056,3.906250,25000000.000
20514,2055,3.417969,25000000.000
20515,2054,2.929688,25000000.000
20516,2053,2.441406,25000000.000
20517,2050,0.976562,25000000.000
20518,2048,0.000000,25000000.000
20519,2049,0.488281,25000000.000
20520,2044,-1.953125,25000000.000
20521,2044,-1.953125,25000000.000
20522,2041,-3.417969,25000000.000
20523,2040,-3.906250,25000000.000
20524,2037,-5.371094,25000000.000
20525,2036,-5.859375,25000000.000
20526,2035,-6.347656,25000000.000
20527,2035,-6.347656,25000000.000
20528,2033,-7.324219,25000000.000
20529,2033,-7.324219,25000000.000
20530,2034,-6.835938,25000000.000
20531,2031,-8.300781,25000000.000
20532,2033,-7.324219,25000000.000
20533,2034,-6.835938,25000000.000
20534,2035,-6.347656,25000000.000
20535,2035,-6.347656,25000000.000
20536,2038,-4.882812,25000000.000
20537,2039,-4.394531,25000000.000
20538,2040,-3.906250,25000000.000
20539,2041,-3.417969,25000000.000
20540,2046,-0.976562,25000000.000
20541,2047,-0.488281,25000000.000
20542,2050,0.976562,25000000.000
20543,2050,0.976562,25000000.000
20544,2053,2.441406,25000000.000
20545,2054,2.929688,25000000.000
20546,2055,3.417969,25000000.000
20547,2055,3.417969,25000000.000
20548,2058,4.882812,25000000.000
20549,2058,4.882812,25000000.000
20550,2060,5.859375,25000000.000
20551,2059,5.371094,25000000.000
20552,2056,3.906250,25000000.000
20553,2058,4.882812,25000000.000
20554,2057,4.394531,25000000.000
20555,2057,4.394531,25000000.000
20556,2053,2.441406,25000000.000
20557,2053,2.441406,25000000.000
20558,2051,1.464844,25000000.000
20559,2050,0.976562,25000000.000
20560,2046,-0.976562,25000000.000
20561,2046,-0.976562,25000000.000
20562,2044,-1.953125,25000000.000
20563,2042,-2.929688,25000000.000
20564,2039,-4.394531,25000000.000
20565,2038,-4.882812,25000000.000
20566,2037,-5.371094,25000000.000
20567,2036,-5.859375,25000000.000
20568,2035,-6.347656,25000000.000
20569,2034,-6.835938,25000000.000
20570,2032,-7.812500,25000000.000
20571,2033,-7.324219,25000000.000
20572,2033,-7.324219,25000000.000
20573,2034,-6.835938,25000000.000
20574,2033,-7.324219,25000000.000
20575,2034,-6.835938,25000000.000
20576,2036,-5.859375,25000000.000
20577,2038,-4.882812,25000000.000
20578,2039,-4.394531,25000000.000
20579,2041,-3.417969,25000000.000
20580,2044,-1.953125,25000000.000
20581,2044,-1.953125,25000000.000
20582,2048,0.000000,25000000.000
20583,2048,0.000000,25000000.000
20584,2049,0.488281,25000000.000
20585,2052,1.953125,25000000.000
20586,2053,2.441406,25000000.000
20587,2055,3.417969,25000000.000
20588,2056,3.906250,25000000.000
20589,2058,4.882812,25000000.000
20590,2057,4.394531,25000000.000
20591,2058,4.882812,25000000.000
20592,2058,4.882812,25000000.000
20593,2057,4.394531,25000000.000
20594,2057,4.394531,25000000.000
20595,2057,4.394531,25000000.000
20596,2055,3.417969,25000000.000
20597,2052,1.953125,25000000.000
20598,2052,1.953125,25000000.000
20599,2051,1.464844,25000000.000
20600,2050,0.976562,25000000.000
20601,2047,-0.488281,25000000.000
20602,2044,-1.953125,25000000.000
20603,2042,-2.929688,25000000.000
20604,2041,-3.417969,25000000.000
20605,2039,-4.394531,25000000.000
20606,2036,-5.859375,25000000.000
20607,2037,-5.371094,25000000.000
20608,2035,-6.347656,25000000.000
20609,2034,-6.835938,25000000.000
20610,2031,-8.300781,25000000.000
20611,2033,-7.324219,25000000.000
20612,2032,-7.812500,25000000.000
20613,2031,-8.300781,25000000.000
20614,2033,-7.324219,25000000.000
20615,2032,-7.812500,25000000.000
20616,2033,-7.324219,25000000.000
20617,2035,-6.347656,25000000.000
20618,2037,-5.371094,25000000.000
20619,2037,-5.371094,25000000.000
20620,2040,-3.906250,25000000.000
20621,2043,-2.441406,25000000.000
20622,2045,-1.464844,25000000.000
20623,2045,-1.464844,25000000.000
20624,2049,0.488281,25000000.000
20625,2051,1.464844,25000000.000
20626,2052,1.953125,25000000.000
20627,2052,1.953125,25000000.000
20628,2056,3.906250,25000000.000
20629,2056,3.906250,25000000.000
20630,2057,4.394531,25000000.000
20631,2057,4.394531,25000000.000
20632,2059,5.371094,25000000.000
20633,2058,4.882812,25000000.000
20634,2057,4.394531,25000000.000
20635,2057,4.394531,25000000.000
20636,2055,3.417969,25000000.000
20637,2056,3.906250,25000000.000
20638,2052,1.953125,25000000.000
20639,2053,2.441406,25000000.000
20640,2050,0.976562,25000000.000
20641,2048,0.000000,25000000.000
20642,2047,-0.488281,25000000.000
20643,2048,0.000000,25000000.000
20644,2043,-2.441406,25000000.000
20645,2039,-4.394531,25000000.000
20646,2038,-4.882812,25000000.000
20647,2038,-4.882812,25000000.000
20648,2036,-5.859375,25000000.000
20649,2034,-6.835938,25000000.000
20650,2033,-7.324219,25000000.000
20651,2033,-7.324219,25000000.000
20652,2030,-8.789062,25000000.000
20653,2032,-7.812500,25000000.000
20654,2034,-6.835938,25000000.000
20655,2033,-7.324219,25000000.000
20656,2032,-7.812500,25000000.000
20657,2033,-7.324219,25000000.000
20658,2037,-5.371094,25000000.000
20659,2037,-5.371094,25000000.000
20660,2037,-5.371094,25000000.000
20661,2043,-2.441406,25000000.000
20662,2042,-2.929688,25000000.000
20663,2043,-2.441406,25000000.000
20664,2048,0.000000,25000000.000
20665,2048,0.000000,25000000.000
20666,2049,0.488281,25000000.000
20667,2051,1.464844,25000000.000
20668,2055,3.417969,25000000.000
20669,2053,2.441406,25000000.000
20670,2059,5.371094,25000000.000
20671,2059,5.371094,25000000.000
20672,2059,5.371094,25000000.000
20673,2057,4.394531,25000000.000
20674,2059,5.371094,25000000.000
20675,2059,5.371094,25000000.000
20676,2059,5.371094,25000000.000
20677,2056,3.906250,25000000.000
20678,2057,4.394531,25000000.000
20679,2056,3.906250,25000000.000
20680,2053,2.441406,25000000.000
20681,2051,1.464844,25000000.000
20682,2050,0.976562,25000000.000
20683,2049,0.488281,25000000.000
20684,2045,-1.464844,25000000.000
20685,2045,-1.464844,25000000.000
20686,2041,-3.417969,25000000.000
20687,2041,-3.417969,25000000.000
20688,2037,-5.371094,25000000.000
20689,2037,-5.371094,25000000.000
20690,2036,-5.859375,25000000.000
20691,2035,-6.347656,25000000.000
20692,2033,-7.324219,25000000.000
20693,2033,-7.324219,25000000.000
20694,2033,-7.324219,25000000.000
20695,2034,-6.835938,25000000.000
20696,2035,-6.347656,25000000.000
20697,2035,-6.347656,25000000.000
20698,2036,-5.859375,25000000.000
20699,2033,-7.324219,25000000.000
20700,2038,-4.882812,25000000.000
20701,2039,-4.394531,25000000.000
20702,2039,-4.394531,25000000.000
20703,2039,-4.394531,25000000.000
20704,2044,-1.953125,25000000.000
20705,2055,3.417969,25000000.000
20706,2048,0.000000,25000000.000
20707,2054,2.929688,25000000.000
20708,2053,2.441406,25000000.000
20709,2054,2.929688,25000000.000
20710,2057,4.394531,25000000.000
20711,2056,3.906250,25000000.000
20712,2054,2.929688,25000000.000
20713,2056,3.906250,25000000.000
20714,2059,5.371094,25000000.000
20715,2059,5.371094,25000000.000
20716,2058,4.882812,25000000.000
20717,2059,5.371094,25000000.000
20718,2057,4.394531,25000000.000
20719,2058,4.882812,25000000.000
20720,2054,2.929688,25000000.000
20721,2054,2.929688,25000000.000
20722,2051,1.464844,25000000.000
20723,2051,1.464844,25000000.000
20724,2047,-0.488281,25000000.000
20725,2046,-0.976562,25000000.000
20726,2045,-1.464844,25000000.000
20727,2044,-1.953125,25000000.000
20728,2040,-3.906250,25000000.000
20729,2039,-4.394531,25000000.000
20730,2037,-5.371094,25000000.000
20731,2036,-5.859375,25000000.000
20732,2036,-5.859375,25000000.000
20733,2035,-6.347656,25000000.000
20734,2033,-7.324219,25000000.000
20735,2031,-8.300781,25000000.000
20736,2034,-6.835938,25000000.000
20737,2034,-6.835938,25000000.000
20738,2034,-6.835938,25000000.000
20739,2034,-6.835938,25000000.000
20740,2033,-7.324219,25000000.000
20741,2039,-4.394531,25000000.000
20742,2042,-2.929688,25000000.000
20743,2041,-3.417969,25000000.000
20744,2048,0.000000,25000000.000
20745,2044,-1.953125,25000000.000
20746,2045,-1.464844,25000000.000
20747,2046,-0.976562,25000000.000
20748,2052,1.953125,25000000.000
20749,2051,1.464844,25000000.000
20750,2055,3.417969,25000000.000
20751,2054,2.929688,25000000.000
20752,2055,3.417969,25000000.000
20753,2056,3.906250,25000000.000
20754,2058,4.882812,25000000.000
20755,2059,5.371094,25000000.000
20756,2059,5.371094,25000000.000
20757,2059,5.371094,25000000.000
20758,2058,4.882812,25000000.000
20759,2060,5.859375,25000000.000
20760,2057,4.394531,25000000.000
20761,2055,3.417969,25000000.000
20762,2054,2.929688,25000000.000
20763,2054,2.929688,25000000.000
20764,2050,0.976562,25000000.000
20765,2049,0.488281,25000000.000
20766,2042,-2.929688,25000000.000
20767,2044,-1.953125,25000000.000
20768,2049,0.488281,25000000.000
20769,2037,-5.371094,25000000.000
20770,2038,-4.882812,25000000.000
20771,2039,-4.394531,25000000.000
20772,2036,-5.859375,25000000.000
20773,2033,-7.324219,25000000.000
20774,2033,-7.324219,25000000.000
20775,2034,-6.835938,25000000.000
20776,2033,-7.324219,25000000.000
20777,2030,-8.789062,25000000.000
20778,2033,-7.324219,25000000.000
20779,2034,-6.835938,25000000.000
20780,2034,-6.835938,25000000.000
20781,2034,-6.835938,25000000.000
20782,2036,-5.859375,25000000.000
20783,2035,-6.347656,25000000.000
20784,2039,-4.394531,25000000.000
20785,2041,-3.417969,25000000.000
20786,2044,-1.953125,25000000.000
20787,2045,-1.464844,25000000.000
20788,2046,-0.976562,25000000.000
20789,2050,0.976562,25000000.000
20790,2051,1.464844,25000000.000
20791,2051,1.464844,25000000.000
20792,2053,2.441406,25000000.000
20793,2055,3.417969,25000000.000
20794,2056,3.906250,25000000.000
20795,2055,3.417969,25000000.000
20796,2057,4.394531,25000000.000
20797,2059,5.371094,25000000.000
20798,2058,4.882812,25000000.000
20799,2057,4.394531,25000000.000
20800,2059,5.371094,25000000.000
20801,2055,3.417969,25000000.000
20802,2054,2.929688,25000000.000
20803,2054,2.929688,25000000.000
20804,2052,1.953125,25000000.000
20805,2049,0.488281,25000000.000
20806,2047,-0.488281,25000000.000
20807,2047,-0.488281,25000000.000
20808,2044,-1.953125,25000000.000
20809,2041,-3.417969,25000000.000
20810,2040,-3.906250,25000000.000
20811,2040,-3.906250,25000000.000
20812,2036,-5.859375,25000000.000
20813,2035,-6.347656,25000000.000
20814,2034,-6.835938,25000000.000
20815,2033,-7.324219,25000000.000
20816,2032,-7.812500,25000000.000
20817,2032,-7.812500,25000000.000
20818,2031,-8.300781,25000000.000
20819,2033,-7.324219,25000000.000
20820,2032,-7.812500,25000000.000
20821,2034,-6.835938,25000000.000
20822,2035,-6.347656,25000000.000
20823,2036,-5.859375,25000000.000
20824,2037,-5.371094,25000000.000
20825,2040,-3.906250,25000000.000
20826,2042,-2.929688,25000000.000
20827,2041,-3.417969,25000000.000
20828,2046,-0.976562,25000000.000
20829,2047,-0.488281,25000000.000
20830,2050,0.976562,25000000.000
20831,2048,0.000000,25000000.000
20832,2054,2.929688,25000000.000
20833,2057,4.394531,25000000.000
20834,2055,3.417969,25000000.000
20835,2056,3.906250,25000000.000
20836,2056,3.906250,25000000.000
20837,2056,3.906250,25000000.000
20838,2059,5.371094,25000000.000
20839,2061,6.347656,25000000.000
20840,2058,4.882812,25000000.000
20841,2055,3.417969,25000000.000
20842,2055,3.417969,25000000.000
20843,2057,4.394531,25000000.000
20844,2055,3.417969,25000000.000
20845,2052,1.953125,25000000.000
20846,2048,0.000000,25000000.000
20847,2048,0.000000,25000000.000
20848,2045,-1.464844,25000000.000
20849,2045,-1.464844,25000000.000
20850,2042,-2.929688,25000000.000
20851,2041,-3.417969,25000000.000
20852,2037,-5.371094,25000000.000
20853,2037,-5.371094,25000000.000
20854,2036,-5.859375,25000000.000
20855,2036,-5.859375,25000000.000
20856,2032,-7.812500,25000000.000
20857,2032,-7.812500,25000000.000
20858,2030,-8.789062,25000000.000
20859,2029,-9.277344,25000000.000
20860,2032,-7.812500,25000000.000
20861,2036,-5.859375,25000000.000
20862,2033,-7.324219,25000000.000
20863,2033,-7.324219,25000000.000
20864,2036,-5.859375,25000000.000
20865,2039,-4.394531,25000000.000
20866,2039,-4.394531,25000000.000
20867,2039,-4.394531,25000000.000
20868,2043,-2.441406,25000000.000
20869,2045,-1.464844,25000000.000
20870,2046,-0.976562,25000000.000
20871,2046,-0.976562,25000000.000
20872,2052,1.953125,25000000.000
20873,2053,2.441406,25000000.000
20874,2054,2.929688,25000000.000
20875,2056,3.906250,25000000.000
20876,2058,4.882812,25000000.000
20877,2057,4.394531,25000000.000
20878,2058,4.882812,25000000.000
20879,2060,5.859375,25000000.000
20880,2058,4.882812,25000000.000
20881,2058,4.882812,25000000.000
20882,2058,4.882812,25000000.000
20883,2058,4.882812,25000000.000
20884,2055,3.417969,25000000.000
20885,2054,2.929688,25000000.000
20886,2052,1.953125,25000000.000
20887,2053,2.441406,25000000.000
20888,2047,-0.488281,25000000.000
20889,2046,-0.976562,25000000.000
20890,2046,-0.976562,25000000.000
20891,2046,-0.976562,25000000.000
20892,2040,-3.906250,25000000.000
20893,2038,-4.882812,25000000.000
20894,2038,-4.882812,25000000.000
20895,2038,-4.882812,25000000.000
20896,2036,-5.859375,25000000.000
20897,2033,-7.324219,25000000.000
20898,2032,-7.812500,25000000.000
20899,2032,-7.812500,25000000.000
20900,2032,-7.812500,25000000.000
20901,2033,-7.324219,25000000.000
20902,2033,-7.324219,25000000.000
20903,2032,-7.812500,25000000.000
20904,2036,-5.859375,25000000.000
20905,2037,-5.371094,25000000.000
20906,2036,-5.859375,25000000.000
20907,2038,-4.882812,25000000.000
20908,2042,-2.929688,25000000.000
20909,2042,-2.929688,25000000.000
20910,2045,-1.464844,25000000.000
20911,2046,-0.976562,25000000.000
20912,2050,0.976562,25000000.000
20913,2050,0.976562,25000000.000
20914,2054,2.929688,25000000.000
20915,2054,2.929688,25000000.000
20916,2055,3.417969,25000000.000
20917,2057,4.394531,25000000.000
20918,2061,6.347656,25000000.000
20919,2061,6.347656,25000000.000
20920,2060,5.859375,25000000.000
20921,2060,5.859375,25000000.000
20922,2054,2.929688,25000000.000
20923,2054,2.929688,25000000.000
20924,2056,3.906250,25000000.000
20925,2055,3.417969,25000000.000
20926,2055,3.417969,25000000.000
20927,2054,2.929688,25000000.000
20928,2049,0.488281,25000000.000
20929,2048,0.000000,25000000.000
20930,2048,0.000000,25000000.000
20931,2046,-0.976562,25000000.000
20932,2044,-1.953125,25000000.000
20933,2042,-2.929688,25000000.000
20934,2037,-5.371094,25000000.000
20935,2037,-5.371094,25000000.000
20936,2036,-5.859375,25000000.000
20937,2038,-4.882812,25000000.000
20938,2034,-6.835938,25000000.000
20939,2031,-8.300781,25000000.000
20940,2029,-9.277344,25000000.000
20941,2033,-7.324219,25000000.000
20942,2032,-7.812500,25000000.000
20943,2029,-9.277344,25000000.000
20944,2034,-6.835938,25000000.000
20945,2036,-5.859375,25000000.000
20946,2037,-5.371094,25000000.000
20947,2036,-5.859375,25000000.000
20948,2040,-3.906250,25000000.000
20949,2040,-3.906250,25000000.000
20950,2043,-2.441406,25000000.000
20951,2043,-2.441406,25000000.000
20952,2047,-0.488281,25000000.000
20953,2051,1.464844,25000000.000
20954,2052,1.953125,25000000.000
20955,2052,1.953125,25000000.000
20956,2053,2.441406,25000000.000
20957,2055,3.417969,25000000.000
20958,2059,5.371094,25000000.000
20959,2057,4.394531,25000000.000
20960,2059,5.371094,25000000.000
20961,2058,4.882812,25000000.000
20962,2058,4.882812,25000000.000
20963,2059,5.371094,25000000.000
20964,2060,5.859375,25000000.000
20965,2056,3.906250,25000000.000
20966,2053,2.441406,25000000.000
20967,2053,2.441406,25000000.000
20968,2053,2.441406,25000000.000
20969,2051,1.464844,25000000.000
20970,2048,0.000000,25000000.000
20971,2048,0.000000,25000000.000
20972,2045,-1.464844,25000000.000
20973,2043,-2.441406,25000000.000
20974,2041,-3.417969,25000000.000
20975,2041,-3.417969,25000000.000
20976,2037,-5.371094,25000000.000
20977,2034,-6.835938,25000000.000
20978,2035,-6.347656,25000000.000
20979,2036,-5.859375,25000000.000
20980,2033,-7.324219,25000000.000
20981,2032,-7.812500,25000000.000
20982,2032,-7.812500,25000000.000
20983,2031,-8.300781,25000000.000
20984,2033,-7.324219,25000000.000
20985,2034,-6.835938,25000000.000
20986,2034,-6.835938,25000000.000
20987,2033,-7.324219,25000000.000
20988,2035,-6.347656,25000000.000
20989,2040,-3.906250,25000000.000
20990,2043,-2.441406,25000000.000
20991,2042,-2.929688,25000000.000
20992,2045,-1.464844,25000000.000
20993,2047,-0.488281,25000000.000
20994,2048,0.000000,25000000.000
20995,2047,-0.488281,25000000.000
20996,2053,2.441406,25000000.000
20997,2054,2.929688,25000000.000
20998,2055,3.417969,25000000.000
20999,2054,2.929688,25000000.000
21000,2058,4.882812,25000000.000
21001,2059,5.371094,25000000.000
21002,2057,4.394531,25000000.000
21003,2058,4.882812,25000000.000
21004,2058,4.882812,25000000.000
21005,2056,3.906250,25000000.000
21006,2058,4.882812,25000000.000
21007,2058,4.882812,25000000.000
21008,2056,3.906250,25000000.000
21009,2055,3.417969,25000000.000
21010,2054,2.929688,25000000.000
21011,2048,0.000000,25000000.000
21012,2046,-0.976562,25000000.000
21013,2043,-2.441406,25000000.000
21014,2043,-2.441406,25000000.000
21015,2040,-3.906250,25000000.000
21016,2038,-4.882812,25000000.000
21017,2037,-5.371094,25000000.000
21018,2034,-6.835938,25000000.000
21019,2033,-7.324219,25000000.000
21020,2032,-7.812500,25000000.000
21021,2034,-6.835938,25000000.000
21022,2032,-7.812500,25000000.000
21023,2032,-7.812500,25000000.000
21024,2030,-8.789062,25000000.000
21025,2032,-7.812500,25000000.000
21026,2033,-7.324219,25000000.000
21027,2032,-7.812500,25000000.000
21028,2034,-6.835938,25000000.000
21029,2037,-5.371094,25000000.000
21030,2038,-4.882812,25000000.000
21031,2038,-4.882812,25000000.000
21032,2042,-2.929688,25000000.000
21033,2046,-0.976562,25000000.000
21034,2046,-0.976562,25000000.000
21035,2046,-0.976562,25000000.000
21036,2050,0.976562,25000000.000
21037,2053,2.441406,25000000.000
21038,2053,2.441406,25000000.000
21039,2054,2.929688,25000000.000
21040,2056,3.906250,25000000.000
21041,2056,3.906250,25000000.000
21042,2057,4.394531,25000000.000
21043,2058,4.882812,25000000.000
21044,2057,4.394531,25000000.000
21045,2057,4.394531,25000000.000
21046,2057,4.394531,25000000.000
21047,2057,4.394531,25000000.000
21048,2055,3.417969,25000000.000
21049,2053,2.441406,25000000.000
21050,2052,1.953125,25000000.000
21051,2053,2.441406,25000000.000
21052,2039,-4.394531,25000000.000
21053,2046,-0.976562,25000000.000
21054,2044,-1.953125,25000000.000
21055,2045,-1.464844,25000000.000
21056,2041,-3.417969,25000000.000
21057,2040,-3.906250,25000000.000
21058,2036,-5.859375,25000000.000
21059,2037,-5.371094,25000000.000
21060,2038,-4.882812,25000000.000
21061,2034,-6.835938,25000000.000
21062,2032,-7.812500,25000000.000
21063,2031,-8.300781,25000000.000
21064,2032,-7.812500,25000000.000
21065,2032,-7.812500,25000000.000
21066,2032,-7.812500,25000000.000
21067,2032,-7.812500,25000000.000
21068,2033,-7.324219,25000000.000
21069,2036,-5.859375,25000000.000
21070,2038,-4.882812,25000000.000
21071,2039,-4.394531,25000000.000
21072,2041,-3.417969,25000000.000
21073,2042,-2.929688,25000000.000
21074,2045,-1.464844,25000000.000
21075,2044,-1.953125,25000000.000
21076,2049,0.488281,25000000.000
21077,2049,0.488281,25000000.000
21078,2053,2.441406,25000000.000
21079,2053,2.441406,25000000.000
21080,2055,3.417969,25000000.000
21081,2056,3.906250,25000000.000
21082,2058,4.882812,25000000.000
21083,2057,4.394531,25000000.000
21084,2058,4.882812,25000000.000
21085,2059,5.371094,25000000.000
21086,2059,5.371094,25000000.000
21087,2058,4.882812,25000000.000
21088,2056,3.906250,25000000.000
21089,2055,3.417969,25000000.000
21090,2060,5.859375,25000000.000
21091,2054,2.929688,25000000.000
21092,2054,2.929688,25000000.000
21093,2050,0.976562,25000000.000
21094,2047,-0.488281,25000000.000
21095,2047,-0.488281,25000000.000
21096,2045,-1.464844,25000000.000
21097,2041,-3.417969,25000000.000
21098,2040,-3.906250,25000000.000
21099,2039,-4.394531,25000000.000
21100,2036,-5.859375,25000000.000
21101,2034,-6.835938,25000000.000
21102,2033,-7.324219,25000000.000
21103,2033,-7.324219,25000000.000
21104,2033,-7.324219,25000000.000
21105,2033,-7.324219,25000000.000
21106,2032,-7.812500,25000000.000
21107,2032,-7.812500,25000000.000
21108,2035,-6.347656,25000000.000
21109,2035,-6.347656,25000000.000
21110,2036,-5.859375,25000000.000
21111,2036,-5.859375,25000000.000
21112,2039,-4.394531,25000000.000
21113,2040,-3.906250,25000000.000
21114,2043,-2.441406,25000000.000
21115,2043,-2.441406,25000000.000
21116,2045,-1.464844,25000000.000
21117,2049,0.488281,25000000.000
21118,2051,1.464844,25000000.000
21119,2051,1.464844,25000000.000
21120,2053,2.441406,25000000.000
21121,2056,3.906250,25000000.000
21122,2058,4.882812,25000000.000
21123,2058,4.882812,25000000.000
21124,2057,4.394531,25000000.000
21125,2060,5.859375,25000000.000
21126,2060,5.859375,25000000.000
21127,2060,5.859375,25000000.000
21128,2061,6.347656,25000000.000
21129,2057,4.394531,25000000.000
21130,2058,4.882812,25000000.000
21131,2056,3.906250,25000000.000
21132,2055,3.417969,25000000.000
21133,2052,1.953125,25000000.000
21134,2049,0.488281,25000000.000
21135,2048,0.000000,25000000.000
21136,2046,-0.976562,25000000.000
21137,2045,-1.464844,25000000.000
21138,2043,-2.441406,25000000.000
21139,2045,-1.464844,25000000.000
21140,2037,-5.371094,25000000.000
21141,2037,-5.371094,25000000.000
21142,2035,-6.347656,25000000.000
21143,2035,-6.347656,25000000.000
21144,2033,-7.324219,25000000.000
21145,2032,-7.812500,25000000.000
21146,2033,-7.324219,25000000.000
21147,2032,-7.812500,25000000.000
21148,2032,-7.812500,25000000.000
21149,2033,-7.324219,25000000.000
21150,2034,-6.835938,25000000.000
21151,2035,-6.347656,25000000.000
21152,2036,-5.859375,25000000.000
21153,2038,-4.882812,25000000.000
21154,2040,-3.906250,25000000.000
21155,2041,-3.417969,25000000.000
21156,2044,-1.953125,25000000.000
21157,2046,-0.976562,25000000.000
21158,2048,0.000000,25000000.000
21159,2048,0.000000,25000000.000
21160,2052,1.953125,25000000.000
21161,2055,3.417969,25000000.000
21162,2055,3.417969,25000000.000
21163,2054,2.929688,25000000.000
21164,2057,4.394531,25000000.000
21165,2058,4.882812,25000000.000
21166,2058,4.882812,25000000.000
21167,2058,4.882812,25000000.000
21168,2059,5.371094,25000000.000
21169,2058,4.882812,25000000.000
21170,2055,3.417969,25000000.000
21171,2057,4.394531,25000000.000
21172,2055,3.417969,25000000.000
21173,2053,2.441406,25000000.000
21174,2053,2.441406,25000000.000
21175,2053,2.441406,25000000.000
21176,2049,0.488281,25000000.000
21177,2045,-1.464844,25000000.000
21178,2044,-1.953125,25000000.000
21179,2043,-2.441406,25000000.000
21180,2040,-3.906250,25000000.000
21181,2038,-4.882812,25000000.000
21182,2036,-5.859375,25000000.000
21183,2036,-5.859375,25000000.000
21184,2033,-7.324219,25000000.000
21185,2033,-7.324219,25000000.000
21186,2032,-7.812500,25000000.000
21187,2032,-7.812500,25000000.000
21188,2030,-8.789062,25000000.000
21189,2031,-8.300781,25000000.000
21190,2033,-7.324219,25000000.000
21191,2033,-7.324219,25000000.000
21192,2034,-6.835938,25000000.000
21193,2036,-5.859375,25000000.000
21194,2039,-4.394531,25000000.000
21195,2037,-5.371094,25000000.000
21196,2042,-2.929688,25000000.000
21197,2044,-1.953125,25000000.000
21198,2045,-1.464844,25000000.000
21199,2045,-1.464844,25000000.000
21200,2049,0.488281,25000000.000
21201,2051,1.464844,25000000.000
21202,2052,1.953125,25000000.000
21203,2052,1.953125,25000000.000
21204,2056,3.906250,25000000.000
21205,2057,4.394531,25000000.000
21206,2057,4.394531,25000000.000
21207,2057,4.394531,25000000.000
21208,2057,4.394531,25000000.000
21209,2057,4.394531,25000000.000
21210,2057,4.394531,25000000.000
21211,2058,4.882812,25000000.000
21212,2056,3.906250,25000000.000
21213,2054,2.929688,25000000.000
21214,2053,2.441406,25000000.000
21215,2052,1.953125,25000000.000
21216,2049,0.488281,25000000.000
21217,2048,0.000000,25000000.000
21218,2046,-0.976562,25000000.000
21219,2047,-0.488281,25000000.000
21220,2040,-3.906250,25000000.000
21221,2039,-4.394531,25000000.000
21222,2038,-4.882812,25000000.000
21223,2038,-4.882812,25000000.000
21224,2034,-6.835938,25000000.000
21225,2034,-6.835938,25000000.000
21226,2034,-6.835938,25000000.000
21227,2032,-7.812500,25000000.000
21228,2031,-8.300781,25000000.000
21229,2032,-7.812500,25000000.000
21230,2032,-7.812500,25000000.000
21231,2031,-8.300781,25000000.000
21232,2034,-6.835938,25000000.000
21233,2036,-5.859375,25000000.000
21234,2036,-5.859375,25000000.000
21235,2037,-5.371094,25000000.000
21236,2039,-4.394531,25000000.000
21237,2040,-3.906250,25000000.000
21238,2043,-2.441406,25000000.000
21239,2045,-1.464844,25000000.000
21240,2048,0.000000,25000000.000
21241,2049,0.488281,25000000.000
21242,2051,1.464844,25000000.000
21243,2051,1.464844,25000000.000
21244,2055,3.417969,25000000.000
21245,2055,3.417969,25000000.000
21246,2057,4.394531,25000000.000
21247,2056,3.906250,25000000.000
21248,2058,4.882812,25000000.000
21249,2058,4.882812,25000000.000
21250,2059,5.371094,25000000.000
21251,2058,4.882812,25000000.000
21252,2057,4.394531,25000000.000
21253,2057,4.394531,25000000.000
21254,2056,3.906250,25000000.000
21255,2056,3.906250,25000000.000
21256,2052,1.953125,25000000.000
21257,2051,1.464844,25000000.000
21258,2048,0.000000,25000000.000
21259,2049,0.488281,25000000.000
21260,2045,-1.464844,25000000.000
21261,2043,-2.441406,25000000.000
21262,2042,-2.929688,25000000.000
21263,2040,-3.906250,25000000.000
21264,2037,-5.371094,25000000.000
21265,2036,-5.859375,25000000.000
21266,2033,-7.324219,25000000.000
21267,2034,-6.835938,25000000.000
21268,2033,-7.324219,25000000.000
21269,2030,-8.789062,25000000.000
21270,2029,-9.277344,25000000.000
21271,2030,-8.789062,25000000.000
21272,2035,-6.347656,25000000.000
21273,2034,-6.835938,25000000.000
21274,2034,-6.835938,25000000.000
21275,2037,-5.371094,25000000.000
21276,2038,-4.882812,25000000.000
21277,2039,-4.394531,25000000.000
21278,2042,-2.929688,25000000.000
21279,2042,-2.929688,25000000.000
21280,2047,-0.488281,25000000.000
21281,2049,0.488281,25000000.000
21282,2049,0.488281,25000000.000
21283,2050,0.976562,25000000.000
21284,2053,2.441406,25000000.000
21285,2056,3.906250,25000000.000
21286,2057,4.394531,25000000.000
21287,2057,4.394531,25000000.000
21288,2056,3.906250,25000000.000
21289,2059,5.371094,25000000.000
21290,2059,5.371094,25000000.000
21291,2059,5.371094,25000000.000
21292,2058,4.882812,25000000.000
21293,2057,4.394531,25000000.000
21294,2057,4.394531,25000000.000
21295,2056,3.906250,25000000.000
21296,2053,2.441406,25000000.000
21297,2053,2.441406,25000000.000
21298,2051,1.464844,25000000.000
21299,2050,0.976562,25000000.000
21300,2048,0.000000,25000000.000
21301,2046,-0.976562,25000000.000
21302,2043,-2.441406,25000000.000
21303,2042,-2.929688,25000000.000
21304,2039,-4.394531,25000000.000
21305,2038,-4.882812,25000000.000
21306,2036,-5.859375,25000000.000
21307,2036,-5.859375,25000000.000
21308,2036,-5.859375,25000000.000
21309,2033,-7.324219,25000000.000
21310,2034,-6.835938,25000000.000
21311,2033,-7.324219,25000000.000
21312,2034,-6.835938,25000000.000
21313,2033,-7.324219,25000000.000
21314,2034,-6.835938,25000000.000
21315,2033,-7.324219,25000000.000
21316,2035,-6.347656,25000000.000
21317,2037,-5.371094,25000000.000
21318,2039,-4.394531,25000000.000
21319,2040,-3.906250,25000000.000
21320,2042,-2.929688,25000000.000
21321,2044,-1.953125,25000000.000
21322,2047,-0.488281,25000000.000
21323,2047,-0.488281,25000000.000
21324,2050,0.976562,25000000.000
21325,2053,2.441406,25000000.000
21326,2055,3.417969,25000000.000
21327,2055,3.417969,25000000.000
21328,2057,4.394531,25000000.000
21329,2057,4.394531,25000000.000
21330,2058,4.882812,25000000.000
21331,2058,4.882812,25000000.000
21332,2059,5.371094,25000000.000
21333,2060,5.859375,25000000.000
21334,2057,4.394531,25000000.000
21335,2058,4.882812,25000000.000
21336,2057,4.394531,25000000.000
21337,2054,2.929688,25000000.000
21338,2053,2.441406,25000000.000
21339,2052,1.953125,25000000.000
21340,2051,1.464844,25000000.000
21341,2047,-0.488281,25000000.000
21342,2043,-2.441406,25000000.000
21343,2044,-1.953125,25000000.000
21344,2042,-2.929688,25000000.000
21345,2040,-3.906250,25000000.000
21346,2037,-5.371094,25000000.000
21347,2036,-5.859375,25000000.000
21348,2033,-7.324219,25000000.000
21349,2034,-6.835938,25000000.000
21350,2034,-6.835938,25000000.000
21351,2034,-6.835938,25000000.000
21352,2032,-7.812500,25000000.000
21353,2031,-8.300781,25000000.000
21354,2033,-7.324219,25000000.000
21355,2033,-7.324219,25000000.000
21356,2034,-6.835938,25000000.000
21357,2036,-5.859375,25000000.000
21358,2039,-4.394531,25000000.000
21359,2037,-5.371094,25000000.000
21360,2042,-2.929688,25000000.000
21361,2043,-2.441406,25000000.000
21362,2044,-1.953125,25000000.000
21363,2044,-1.953125,25000000.000
21364,2047,-0.488281,25000000.000
21365,2051,1.464844,25000000.000
21366,2051,1.464844,25000000.000
21367,2050,0.976562,25000000.000
21368,2057,4.394531,25000000.000
21369,2055,3.417969,25000000.000
21370,2056,3.906250,25000000.000
21371,2056,3.906250,25000000.000
21372,2060,5.859375,25000000.000
21373,2058,4.882812,25000000.000
21374,2058,4.882812,25000000.000
21375,2057,4.394531,25000000.000
21376,2057,4.394531,25000000.000
21377,2053,2.441406,25000000.000
21378,2054,2.929688,25000000.000
21379,2054,2.929688,25000000.000
21380,2049,0.488281,25000000.000
21381,2048,0.000000,25000000.000
21382,2048,0.000000,25000000.000
21383,2047,-0.488281,25000000.000
21384,2041,-3.417969,25000000.000
21385,2041,-3.417969,25000000.000
21386,2040,-3.906250,25000000.000
21387,2039,-4.394531,25000000.000
21388,2035,-6.347656,25000000.000
21389,2035,-6.347656,25000000.000
21390,2034,-6.835938,25000000.000
21391,2033,-7.324219,25000000.000
21392,2033,-7.324219,25000000.000
21393,2031,-8.300781,25000000.000
21394,2033,-7.324219,25000000.000
21395,2032,-7.812500,25000000.000
21396,2033,-7.324219,25000000.000
21397,2029,-9.277344,25000000.000
21398,2037,-5.371094,25000000.000
21399,2032,-7.812500,25000000.000
21400,2042,-2.929688,25000000.000
21401,2041,-3.417969,25000000.000
21402,2040,-3.906250,25000000.000
21403,2040,-3.906250,25000000.000
21404,2046,-0.976562,25000000.000
21405,2047,-0.488281,25000000.000
21406,2050,0.976562,25000000.000
21407,2049,0.488281,25000000.000
21408,2054,2.929688,25000000.000
21409,2054,2.929688,25000000.000
21410,2056,3.906250,25000000.000
21411,2056,3.906250,25000000.000
21412,2056,3.906250,25000000.000
21413,2055,3.417969,25000000.000
21414,2064,7.812500,25000000.000
21415,2061,6.347656,25000000.000
21416,2059,5.371094,25000000.000
21417,2054,2.929688,25000000.000
21418,2059,5.371094,25000000.000
21419,2060,5.859375,25000000.000
21420,2054,2.929688,25000000.000
21421,2050,0.976562,25000000.000
21422,2051,1.464844,25000000.000
21423,2051,1.464844,25000000.000
21424,2046,-0.976562,25000000.000
21425,2042,-2.929688,25000000.000
21426,2041,-3.417969,25000000.000
21427,2040,-3.906250,25000000.000
21428,2038,-4.882812,25000000.000
21429,2036,-5.859375,25000000.000
21430,2035,-6.347656,25000000.000
21431,2034,-6.835938,25000000.000
21432,2032,-7.812500,25000000.000
21433,2032,-7.812500,25000000.000
21434,2030,-8.789062,25000000.000
21435,2030,-8.789062,25000000.000
21436,2031,-8.300781,25000000.000
21437,2032,-7.812500,25000000.000
21438,2035,-6.347656,25000000.000
21439,2036,-5.859375,25000000.000
21440,2039,-4.394531,25000000.000
21441,2039,-4.394531,25000000.000
21442,2040,-3.906250,25000000.000
21443,2041,-3.417969,25000000.000
21444,2046,-0.976562,25000000.000
21445,2045,-1.464844,25000000.000
21446,2048,0.000000,25000000.000
21447,2048,0.000000,25000000.000
21448,2053,2.441406,25000000.000
21449,2054,2.929688,25000000.000
21450,2055,3.417969,25000000.000
21451,2054,2.929688,25000000.000
21452,2057,4.394531,25000000.000
21453,2058,4.882812,25000000.000
21454,2058,4.882812,25000000.000
21455,2058,4.882812,25000000.000
21456,2058,4.882812,25000000.000
21457,2057,4.394531,25000000.000
21458,2058,4.882812,25000000.000
21459,2057,4.394531,25000000.000
21460,2054,2.929688,25000000.000
21461,2053,2.441406,25000000.000
21462,2052,1.953125,25000000.000
21463,2050,0.976562,25000000.000
21464,2048,0.000000,25000000.000
21465,2047,-0.488281,25000000.000
21466,2043,-2.441406,25000000.000
21467,2043,-2.441406,25000000.000
21468,2040,-3.906250,25000000.000
21469,2038,-4.882812,25000000.000
21470,2036,-5.859375,25000000.000
21471,2037,-5.371094,25000000.000
21472,2035,-6.347656,25000000.000
21473,2033,-7.324219,25000000.000
21474,2033,-7.324219,25000000.000
21475,2034,-6.835938,25000000.000
21476,2034,-6.835938,25000000.000
21477,2033,-7.324219,25000000.000
21478,2035,-6.347656,25000000.000
21479,2034,-6.835938,25000000.000
21480,2034,-6.835938,25000000.000
21481,2037,-5.371094,25000000.000
21482,2041,-3.417969,25000000.000
21483,2041,-3.417969,25000000.000
21484,2041,-3.417969,25000000.000
21485,2044,-1.953125,25000000.000
21486,2048,0.000000,25000000.000
21487,2047,-0.488281,25000000.000
21488,2050,0.976562,25000000.000
21489,2052,1.953125,25000000.000
21490,2054,2.929688,25000000.000
21491,2055,3.417969,25000000.000
21492,2058,4.882812,25000000.000
21493,2058,4.882812,25000000.000
21494,2059,5.371094,25000000.000
21495,2060,5.859375,25000000.000
21496,2059,5.371094,25000000.000
21497,2059,5.371094,25000000.000
21498,2058,4.882812,25000000.000
21499,2057,4.394531,25000000.000
21500,2056,3.906250,25000000.000
21501,2056,3.906250,25000000.000
21502,2054,2.929688,25000000.000
21503,2055,3.417969,25000000.000
21504,2050,0.976562,25000000.000
21505,2049,0.488281,25000000.000
21506,2046,-0.976562,25000000.000
21507,2046,-0.976562,25000000.000
21508,2043,-2.441406,25000000.000
21509,2040,-3.906250,25000000.000
21510,2040,-3.906250,25000000.000
21511,2040,-3.906250,25000000.000
21512,2036,-5.859375,25000000.000
21513,2033,-7.324219,25000000.000
21514,2033,-7.324219,25000000.000
21515,2034,-6.835938,25000000.000
21516,2031,-8.300781,25000000.000
21517,2032,-7.812500,25000000.000
21518,2033,-7.324219,25000000.000
21519,2033,-7.324219,25000000.000
21520,2034,-6.835938,25000000.000
21521,2036,-5.859375,25000000.000
21522,2037,-5.371094,25000000.000
21523,2038,-4.882812,25000000.000
21524,2042,-2.929688,25000000.000
21525,2041,-3.417969,25000000.000
21526,2044,-1.953125,25000000.000
21527,2043,-2.441406,25000000.000
21528,2050,0.976562,25000000.000
21529,2050,0.976562,25000000.000
21530,2052,1.953125,25000000.000
21531,2051,1.464844,25000000.000
21532,2055,3.417969,25000000.000
21533,2056,3.906250,25000000.000
21534,2057,4.394531,25000000.000
21535,2058,4.882812,25000000.000
21536,2061,6.347656,25000000.000
21537,2060,5.859375,25000000.000
21538,2058,4.882812,25000000.000
21539,2059,5.371094,25000000.000
21540,2058,4.882812,25000000.000
21541,2054,2.929688,25000000.000
21542,2055,3.417969,25000000.000
21543,2055,3.417969,25000000.000
21544,2052,1.953125,25000000.000
21545,2050,0.976562,25000000.000
21546,2048,0.000000,25000000.000
21547,2049,0.488281,25000000.000
21548,2044,-1.953125,25000000.000
21549,2043,-2.441406,25000000.000
21550,2041,-3.417969,25000000.000
21551,2039,-4.394531,25000000.000
21552,2035,-6.347656,25000000.000
21553,2036,-5.859375,25000000.000
21554,2036,-5.859375,25000000.000
21555,2034,-6.835938,25000000.000
21556,2033,-7.324219,25000000.000
21557,2032,-7.812500,25000000.000
21558,2033,-7.324219,25000000.000
21559,2032,-7.812500,25000000.000
21560,2034,-6.835938,25000000.000
21561,2034,-6.835938,25000000.000
21562,2035,-6.347656,25000000.000
21563,2033,-7.324219,25000000.000
21564,2037,-5.371094,25000000.000
21565,2041,-3.417969,25000000.000
21566,2041,-3.417969,25000000.000
21567,2041,-3.417969,25000000.000
21568,2045,-1.464844,25000000.000
21569,2047,-0.488281,25000000.000
21570,2047,-0.488281,25000000.000
21571,2049,0.488281,25000000.000
21572,2053,2.441406,25000000.000
21573,2053,2.441406,25000000.000
21574,2055,3.417969,25000000.000
21575,2056,3.906250,25000000.000
21576,2057,4.394531,25000000.000
21577,2058,4.882812,25000000.000
21578,2059,5.371094,25000000.000
21579,2057,4.394531,25000000.000
21580,2057,4.394531,25000000.000
21581,2056,3.906250,25000000.000
21582,2057,4.394531,25000000.000
21583,2056,3.906250,25000000.000
21584,2053,2.441406,25000000.000
21585,2053,2.441406,25000000.000
21586,2051,1.464844,25000000.000
21587,2050,0.976562,25000000.000
21588,2046,-0.976562,25000000.000
21589,2044,-1.953125,25000000.000
21590,2042,-2.929688,25000000.000
21591,2043,-2.441406,25000000.000
21592,2038,-4.882812,25000000.000
21593,2037,-5.371094,25000000.000
21594,2035,-6.347656,25000000.000
21595,2035,-6.347656,25000000.000
21596,2033,-7.324219,25000000.000
21597,2031,-8.300781,25000000.000
21598,2031,-8.300781,25000000.000
21599,2031,-8.300781,25000000.000
21600,2032,-7.812500,25000000.000
21601,2032,-7.812500,25000000.000
21602,2033,-7.324219,25000000.000
21603,2035,-6.347656,25000000.000
21604,2035,-6.347656,25000000.000
21605,2036,-5.859375,25000000.000
21606,2038,-4.882812,25000000.000
21607,2038,-4.882812,25000000.000
21608,2045,-1.464844,25000000.000
21609,2045,-1.464844,25000000.000
21610,2046,-0.976562,25000000.000
21611,2047,-0.488281,25000000.000
21612,2050,0.976562,25000000.000
21613,2049,0.488281,25000000.000
21614,2057,4.394531,25000000.000
21615,2055,3.417969,25000000.000
21616,2058,4.882812,25000000.000
21617,2058,4.882812,25000000.000
21618,2053,2.441406,25000000.000
21619,2057,4.394531,25000000.000
21620,2056,3.906250,25000000.000
21621,2060,5.859375,25000000.000
21622,2054,2.929688,25000000.000
21623,2056,3.906250,25000000.000
21624,2055,3.417969,25000000.000
21625,2055,3.417969,25000000.000
21626,2051,1.464844,25000000.000
21627,2050,0.976562,25000000.000
21628,2047,-0.488281,25000000.000
21629,2048,0.000000,25000000.000
21630,2043,-2.441406,25000000.000
21631,2043,-2.441406,25000000.000
21632,2039,-4.394531,25000000.000
21633,2038,-4.882812,25000000.000
21634,2036,-5.859375,25000000.000
21635,2037,-5.371094,25000000.000
21636,2035,-6.347656,25000000.000
21637,2033,-7.324219,25000000.000
21638,2031,-8.300781,25000000.000
21639,2032,-7.812500,25000000.000
21640,2034,-6.835938,25000000.000
21641,2031,-8.300781,25000000.000
21642,2034,-6.835938,25000000.000
21643,2034,-6.835938,25000000.000
21644,2035,-6.347656,25000000.000
21645,2034,-6.835938,25000000.000
21646,2038,-4.882812,25000000.000
21647,2037,-5.371094,25000000.000
21648,2040,-3.906250,25000000.000
21649,2043,-2.441406,25000000.000
21650,2046,-0.976562,25000000.000
21651,2046,-0.976562,25000000.000
21652,2049,0.488281,25000000.000
21653,2052,1.953125,25000000.000
21654,2053,2.441406,25000000.000
21655,2054,2.929688,25000000.000
21656,2055,3.417969,25000000.000
21657,2055,3.417969,25000000.000
21658,2058,4.882812,25000000.000
21659,2059,5.371094,25000000.000
21660,2059,5.371094,25000000.000
21661,2060,5.859375,25000000.000
21662,2058,4.882812,25000000.000
21663,2058,4.882812,25000000.000
21664,2057,4.394531,25000000.000
21665,2057,4.394531,25000000.000
21666,2052,1.953125,25000000.000
21667,2054,2.929688,25000000.000
21668,2051,1.464844,25000000.000
21669,2050,0.976562,25000000.000
21670,2046,-0.976562,25000000.000
21671,2046,-0.976562,25000000.000
21672,2044,-1.953125,25000000.000
21673,2042,-2.929688,25000000.000
21674,2040,-3.906250,25000000.000
21675,2040,-3.906250,25000000.000
21676,2036,-5.859375,25000000.000
21677,2034,-6.835938,25000000.000
21678,2034,-6.835938,25000000.000
21679,2036,-5.859375,25000000.000
21680,2032,-7.812500,25000000.000
21681,2032,-7.812500,25000000.000
21682,2033,-7.324219,25000000.000
21683,2033,-7.324219,25000000.000
21684,2033,-7.324219,25000000.000
21685,2036,-5.859375,25000000.000
21686,2036,-5.859375,25000000.000
21687,2037,-5.371094,25000000.000
21688,2040,-3.906250,25000000.000
21689,2041,-3.417969,25000000.000
21690,2043,-2.441406,25000000.000
21691,2045,-1.464844,25000000.000
21692,2046,-0.976562,25000000.000
21693,2048,0.000000,25000000.000
21694,2051,1.464844,25000000.000
21695,2050,0.976562,25000000.000
21696,2055,3.417969,25000000.000
21697,2056,3.906250,25000000.000
21698,2055,3.417969,25000000.000
21699,2056,3.906250,25000000.000
21700,2059,5.371094,25000000.000
21701,2059,5.371094,25000000.000
21702,2061,6.347656,25000000.000
21703,2062,6.835938,25000000.000
21704,2058,4.882812,25000000.000
21705,2055,3.417969,25000000.000
21706,2056,3.906250,25000000.000
21707,2055,3.417969,25000000.000
21708,2054,2.929688,25000000.000
21709,2051,1.464844,25000000.000
21710,2050,0.976562,25000000.000
21711,2050,0.976562,25000000.000
21712,2045,-1.464844,25000000.000
21713,2043,-2.441406,25000000.000
21714,2042,-2.929688,25000000.000
21715,2042,-2.929688,25000000.000
21716,2036,-5.859375,25000000.000
21717,2036,-5.859375,25000000.000
21718,2035,-6.347656,25000000.000
21719,2035,-6.347656,25000000.000
21720,2033,-7.324219,25000000.000
21721,2032,-7.812500,25000000.000
21722,2033,-7.324219,25000000.000
21723,2032,-7.812500,25000000.000
21724,2033,-7.324219,25000000.000
21725,2033,-7.324219,25000000.000
21726,2035,-6.347656,25000000.000
21727,2034,-6.835938,25000000.000
21728,2036,-5.859375,25000000.000
21729,2039,-4.394531,25000000.000
21730,2039,-4.394531,25000000.000
21731,2039,-4.394531,25000000.000
21732,2044,-1.953125,25000000.000
21733,2048,0.000000,25000000.000
21734,2048,0.000000,25000000.000
21735,2048,0.000000,25000000.000
21736,2053,2.441406,25000000.000
21737,2054,2.929688,25000000.000
21738,2055,3.417969,25000000.000
21739,2057,4.394531,25000000.000
21740,2059,5.371094,25000000.000
21741,2058,4.882812,25000000.000
21742,2060,5.859375,25000000.000
21743,2060,5.859375,25000000.000
21744,2064,7.812500,25000000.000
21745,2054,2.929688,25000000.000
21746,2061,6.347656,25000000.000
21747,2058,4.882812,25000000.000
21748,2054,2.929688,25000000.000
21749,2053,2.441406,25000000.000
21750,2053,2.441406,25000000.000
21751,2051,1.464844,25000000.000
21752,2048,0.000000,25000000.000
21753,2046,-0.976562,25000000.000
21754,2042,-2.929688,25000000.000
21755,2042,-2.929688,25000000.000
21756,2040,-3.906250,25000000.000
21757,2038,-4.882812,25000000.000
21758,2037,-5.371094,25000000.000
21759,2034,-6.835938,25000000.000
21760,2034,-6.835938,25000000.000
21761,2031,-8.300781,25000000.000
21762,2032,-7.812500,25000000.000
21763,2032,-7.812500,25000000.000
21764,2032,-7.812500,25000000.000
21765,2032,-7.812500,25000000.000
21766,2032,-7.812500,25000000.000
21767,2033,-7.324219,25000000.000
21768,2036,-5.859375,25000000.000
21769,2036,-5.859375,25000000.000
21770,2038,-4.882812,25000000.000
21771,2039,-4.394531,25000000.000
21772,2043,-2.441406,25000000.000
21773,2044,-1.953125,25000000.000
21774,2045,-1.464844,25000000.000
21775,2047,-0.488281,25000000.000
21776,2050,0.976562,25000000.000
21777,2051,1.464844,25000000.000
21778,2054,2.929688,25000000.000
21779,2054,2.929688,25000000.000
21780,2058,4.882812,25000000.000
21781,2055,3.417969,25000000.000
21782,2055,3.417969,25000000.000
21783,2054,2.929688,25000000.000
21784,2052,1.953125,25000000.000
21785,2060,5.859375,25000000.000
21786,2059,5.371094,25000000.000
21787,2058,4.882812,25000000.000
21788,2055,3.417969,25000000.000
21789,2055,3.417969,25000000.000
21790,2052,1.953125,25000000.000
21791,2053,2.441406,25000000.000
21792,2051,1.464844,25000000.000
21793,2048,0.000000,25000000.000
21794,2045,-1.464844,25000000.000
21795,2045,-1.464844,25000000.000
21796,2042,-2.929688,25000000.000
21797,2039,-4.394531,25000000.000
21798,2036,-5.859375,25000000.000
21799,2037,-5.371094,25000000.000
21800,2035,-6.347656,25000000.000
21801,2033,-7.324219,25000000.000
21802,2031,-8.300781,25000000.000
21803,2031,-8.300781,25000000.000
21804,2033,-7.324219,25000000.000
21805,2031,-8.300781,25000000.000
21806,2033,-7.324219,25000000.000
21807,2032,-7.812500,25000000.000
21808,2034,-6.835938,25000000.000
21809,2035,-6.347656,25000000.000
21810,2037,-5.371094,25000000.000
21811,2037,-5.371094,25000000.000
21812,2040,-3.906250,25000000.000
21813,2043,-2.441406,25000000.000
21814,2043,-2.441406,25000000.000
21815,2044,-1.953125,25000000.000
21816,2047,-0.488281,25000000.000
21817,2051,1.464844,25000000.000
21818,2052,1.953125,25000000.000
21819,2053,2.441406,25000000.000
21820,2055,3.417969,25000000.000
21821,2057,4.394531,25000000.000
21822,2058,4.882812,25000000.000
21823,2057,4.394531,25000000.000
21824,2059,5.371094,25000000.000
21825,2060,5.859375,25000000.000
21826,2060,5.859375,25000000.000
21827,2058,4.882812,25000000.000
21828,2055,3.417969,25000000.000
21829,2058,4.882812,25000000.000
21830,2056,3.906250,25000000.000
21831,2055,3.417969,25000000.000
21832,2049,0.488281,25000000.000
21833,2048,0.000000,25000000.000
21834,2046,-0.976562,25000000.000
21835,2046,-0.976562,25000000.000
21836,2045,-1.464844,25000000.000
21837,2042,-2.929688,25000000.000
21838,2038,-4.882812,25000000.000
21839,2039,-4.394531,25000000.000
21840,2036,-5.859375,25000000.000
21841,2034,-6.835938,25000000.000
21842,2036,-5.859375,25000000.000
21843,2034,-6.835938,25000000.000
21844,2032,-7.812500,25000000.000
21845,2031,-8.300781,25000000.000
21846,2034,-6.835938,25000000.000
21847,2033,-7.324219,25000000.000
21848,2033,-7.324219,25000000.000
21849,2035,-6.347656,25000000.000
21850,2037,-5.371094,25000000.000
21851,2037,-5.371094,25000000.000
21852,2037,-5.371094,25000000.000
21853,2041,-3.417969,25000000.000
21854,2042,-2.929688,25000000.000
21855,2043,-2.441406,25000000.000
21856,2046,-0.976562,25000000.000
21857,2048,0.000000,25000000.000
21858,2048,0.000000,25000000.000
21859,2051,1.464844,25000000.000
21860,2052,1.953125,25000000.000
21861,2059,5.371094,25000000.000
21862,2053,2.441406,25000000.000
21863,2055,3.417969,25000000.000
21864,2056,3.906250,25000000.000
21865,2060,5.859375,25000000.000
21866,2057,4.394531,25000000.000
21867,2059,5.371094,25000000.000
21868,2058,4.882812,25000000.000
21869,2059,5.371094,25000000.000
21870,2053,2.441406,25000000.000
21871,2053,2.441406,25000000.000
21872,2057,4.394531,25000000.000
21873,2054,2.929688,25000000.000
21874,2046,-0.976562,25000000.000
21875,2047,-0.488281,25000000.000
21876,2044,-1.953125,25000000.000
21877,2047,-0.488281,25000000.000
21878,2042,-2.929688,25000000.000
21879,2042,-2.929688,25000000.000
21880,2037,-5.371094,25000000.000
21881,2036,-5.859375,25000000.000
21882,2036,-5.859375,25000000.000
21883,2036,-5.859375,25000000.000
21884,2034,-6.835938,25000000.000
21885,2031,-8.300781,25000000.000
21886,2035,-6.347656,25000000.000
21887,2031,-8.300781,25000000.000
21888,2037,-5.371094,25000000.000
21889,2029,-9.277344,25000000.000
21890,2034,-6.835938,25000000.000
21891,2034,-6.835938,25000000.000
21892,2034,-6.835938,25000000.000
21893,2039,-4.394531,25000000.000
21894,2040,-3.906250,25000000.000
21895,2038,-4.882812,25000000.000
21896,2044,-1.953125,25000000.000
21897,2046,-0.976562,25000000.000
21898,2046,-0.976562,25000000.000
21899,2048,0.000000,25000000.000
21900,2052,1.953125,25000000.000
21901,2054,2.929688,25000000.000
21902,2055,3.417969,25000000.000
21903,2055,3.417969,25000000.000
21904,2058,4.882812,25000000.000
21905,2059,5.371094,25000000.000
21906,2059,5.371094,25000000.000
21907,2060,5.859375,25000000.000
21908,2060,5.859375,25000000.000
21909,2057,4.394531,25000000.000
21910,2059,5.371094,25000000.000
21911,2059,5.371094,25000000.000
21912,2057,4.394531,25000000.000
21913,2053,2.441406,25000000.000
21914,2053,2.441406,25000000.000
21915,2052,1.953125,25000000.000
21916,2049,0.488281,25000000.000
21917,2048,0.000000,25000000.000
21918,2045,-1.464844,25000000.000
21919,2044,-1.953125,25000000.000
21920,2040,-3.906250,25000000.000
21921,2039,-4.394531,25000000.000
21922,2037,-5.371094,25000000.000
21923,2037,-5.371094,25000000.000
21924,2034,-6.835938,25000000.000
21925,2035,-6.347656,25000000.000
21926,2034,-6.835938,25000000.000
21927,2033,-7.324219,25000000.000
21928,2034,-6.835938,25000000.000
21929,2034,-6.835938,25000000.000
21930,2033,-7.324219,25000000.000
21931,2035,-6.347656,25000000.000
21932,2036,-5.859375,25000000.000
21933,2037,-5.371094,25000000.000
21934,2038,-4.882812,25000000.000
21935,2039,-4.394531,25000000.000
21936,2042,-2.929688,25000000.000
21937,2043,-2.441406,25000000.000
21938,2045,-1.464844,25000000.000
21939,2047,-0.488281,25000000.000
21940,2050,0.976562,25000000.000
21941,2050,0.976562,25000000.000
21942,2053,2.441406,25000000.000
21943,2053,2.441406,25000000.000
21944,2057,4.394531,25000000.000
21945,2057,4.394531,25000000.000
21946,2058,4.882812,25000000.000
21947,2057,4.394531,25000000.000
21948,2058,4.882812,25000000.000
21949,2059,5.371094,25000000.000
21950,2058,4.882812,25000000.000
21951,2059,5.371094,25000000.000
21952,2057,4.394531,25000000.000
21953,2056,3.906250,25000000.000
21954,2055,3.417969,25000000.000
21955,2055,3.417969,25000000.000
21956,2050,0.976562,25000000.000
21957,2048,0.000000,25000000.000
21958,2047,-0.488281,25000000.000
21959,2048,0.000000,25000000.000
21960,2040,-3.906250,25000000.000
21961,2041,-3.417969,25000000.000
21962,2033,-7.324219,25000000.000
21963,2031,-8.300781,25000000.000
21964,2035,-6.347656,25000000.000
21965,2040,-3.906250,25000000.000
21966,2033,-7.324219,25000000.000
21967,2034,-6.835938,25000000.000
21968,2031,-8.300781,25000000.000
21969,2031,-8.300781,25000000.000
21970,2034,-6.835938,25000000.000
21971,2034,-6.835938,25000000.000
21972,2036,-5.859375,25000000.000
21973,2033,-7.324219,25000000.000
21974,2037,-5.371094,25000000.000
21975,2036,-5.859375,25000000.000
21976,2040,-3.906250,25000000.000
21977,2038,-4.882812,25000000.000
21978,2044,-1.953125,25000000.000
21979,2044,-1.953125,25000000.000
21980,2046,-0.976562,25000000.000
21981,2050,0.976562,25000000.000
21982,2051,1.464844,25000000.000
21983,2052,1.953125,25000000.000
21984,2052,1.953125,25000000.000
21985,2056,3.906250,25000000.000
21986,2057,4.394531,25000000.000
21987,2057,4.394531,25000000.000
21988,2058,4.882812,25000000.000
21989,2057,4.394531,25000000.000
21990,2057,4.394531,25000000.000
21991,2057,4.394531,25000000.000
21992,2057,4.394531,25000000.000
21993,2054,2.929688,25000000.000
21994,2056,3.906250,25000000.000
21995,2056,3.906250,25000000.000
21996,2053,2.441406,25000000.000
21997,2050,0.976562,25000000.000
21998,2048,0.000000,25000000.000
21999,2048,0.000000,25000000.000
22000,2046,-0.976562,25000000.000
22001,2043,-2.441406,25000000.000
22002,2040,-3.906250,25000000.000
22003,2041,-3.417969,25000000.000
22004,2038,-4.882812,25000000.000
22005,2035,-6.347656,25000000.000
22006,2034,-6.835938,25000000.000
22007,2035,-6.347656,25000000.000
22008,2032,-7.812500,25000000.000
22009,2031,-8.300781,25000000.000
22010,2032,-7.812500,25000000.000
22011,2031,-8.300781,25000000.000
22012,2032,-7.812500,25000000.000
22013,2033,-7.324219,25000000.000
22014,2034,-6.835938,25000000.000
22015,2034,-6.835938,25000000.000
22016,2035,-6.347656,25000000.000
22017,2038,-4.882812,25000000.000
22018,2040,-3.906250,25000000.000
22019,2041,-3.417969,25000000.000
22020,2043,-2.441406,25000000.000
22021,2046,-0.976562,25000000.000
22022,2049,0.488281,25000000.000
22023,2049,0.488281,25000000.000
22024,2053,2.441406,25000000.000
22025,2055,3.417969,25000000.000
22026,2056,3.906250,25000000.000
22027,2055,3.417969,25000000.000
22028,2058,4.882812,25000000.000
22029,2059,5.371094,25000000.000
22030,2057,4.394531,25000000.000
22031,2057,4.394531,25000000.000
22032,2057,4.394531,25000000.000
22033,2059,5.371094,25000000.000
22034,2055,3.417969,25000000.000
22035,2056,3.906250,25000000.000
22036,2053,2.441406,25000000.000
22037,2051,1.464844,25000000.000
22038,2050,0.976562,25000000.000
22039,2050,0.976562,25000000.000
22040,2048,0.000000,25000000.000
22041,2044,-1.953125,25000000.000
22042,2044,-1.953125,25000000.000
22043,2042,-2.929688,25000000.000
22044,2039,-4.394531,25000000.000
22045,2037,-5.371094,25000000.000
22046,2036,-5.859375,25000000.000
22047,2035,-6.347656,25000000.000
22048,2033,-7.324219,25000000.000
22049,2033,-7.324219,25000000.000
22050,2032,-7.812500,25000000.000
22051,2032,-7.812500,25000000.000
22052,2032,-7.812500,25000000.000
22053,2033,-7.324219,25000000.000
22054,2034,-6.835938,25000000.000
22055,2035,-6.347656,25000000.000
22056,2035,-6.347656,25000000.000
22057,2039,-4.394531,25000000.000
22058,2044,-1.953125,25000000.000
22059,2044,-1.953125,25000000.000
22060,2043,-2.441406,25000000.000
22061,2045,-1.464844,25000000.000
22062,2048,0.000000,25000000.000
22063,2048,0.000000,25000000.000
22064,2054,2.929688,25000000.000
22065,2053,2.441406,25000000.000
22066,2054,2.929688,25000000.000
22067,2055,3.417969,25000000.000
22068,2059,5.371094,25000000.000
22069,2058,4.882812,25000000.000
22070,2059,5.371094,25000000.000
22071,2060,5.859375,25000000.000
22072,2061,6.347656,25000000.000
22073,2058,4.882812,25000000.000
22074,2058,4.882812,25000000.000
22075,2056,3.906250,25000000.000
22076,2055,3.417969,25000000.000
22077,2054,2.929688,25000000.000
22078,2053,2.441406,25000000.000
22079,2053,2.441406,25000000.000
22080,2049,0.488281,25000000.000
22081,2048,0.000000,25000000.000
22082,2046,-0.976562,25000000.000
22083,2046,-0.976562,25000000.000
22084,2041,-3.417969,25000000.000
22085,2041,-3.417969,25000000.000
22086,2038,-4.882812,25000000.000
22087,2038,-4.882812,25000000.000
22088,2034,-6.835938,25000000.000
22089,2036,-5.859375,25000000.000
22090,2033,-7.324219,25000000.000
22091,2033,-7.324219,25000000.000
22092,2030,-8.789062,25000000.000
22093,2030,-8.789062,25000000.000
22094,2034,-6.835938,25000000.000
22095,2034,-6.835938,25000000.000
22096,2036,-5.859375,25000000.000
22097,2037,-5.371094,25000000.000
22098,2037,-5.371094,25000000.000
22099,2037,-5.371094,25000000.000
22100,2043,-2.441406,25000000.000
22101,2044,-1.953125,25000000.000
22102,2044,-1.953125,25000000.000
22103,2045,-1.464844,25000000.000
22104,2050,0.976562,25000000.000
22105,2049,0.488281,25000000.000
22106,2053,2.441406,25000000.000
22107,2053,2.441406,25000000.000
22108,2056,3.906250,25000000.000
22109,2056,3.906250,25000000.000
22110,2059,5.371094,25000000.000
22111,2059,5.371094,25000000.000
22112,2059,5.371094,25000000.000
22113,2058,4.882812,25000000.000
22114,2056,3.906250,25000000.000
22115,2057,4.394531,25000000.000
22116,2055,3.417969,25000000.000
22117,2056,3.906250,25000000.000
22118,2055,3.417969,25000000.000
22119,2055,3.417969,25000000.000
22120,2051,1.464844,25000000.000
22121,2049,0.488281,25000000.000
22122,2048,0.000000,25000000.000
22123,2048,0.000000,25000000.000
22124,2043,-2.441406,25000000.000
22125,2044,-1.953125,25000000.000
22126,2038,-4.882812,25000000.000
22127,2040,-3.906250,25000000.000
22128,2040,-3.906250,25000000.000
22129,2031,-8.300781,25000000.000
22130,2038,-4.882812,25000000.000
22131,2033,-7.324219,25000000.000
22132,2033,-7.324219,25000000.000
22133,2032,-7.812500,25000000.000
22134,2032,-7.812500,25000000.000
22135,2034,-6.835938,25000000.000
22136,2034,-6.835938,25000000.000
22137,2034,-6.835938,25000000.000
22138,2036,-5.859375,25000000.000
22139,2036,-5.859375,25000000.000
22140,2040,-3.906250,25000000.000
22141,2039,-4.394531,25000000.000
22142,2042,-2.929688,25000000.000
22143,2043,-2.441406,25000000.000
22144,2048,0.000000,25000000.000
22145,2047,-0.488281,25000000.000
22146,2050,0.976562,25000000.000
22147,2050,0.976562,25000000.000
22148,2053,2.441406,25000000.000
22149,2054,2.929688,25000000.000
22150,2057,4.394531,25000000.000
22151,2058,4.882812,25000000.000
22152,2059,5.371094,25000000.000
22153,2060,5.859375,25000000.000
22154,2059,5.371094,25000000.000
22155,2058,4.882812,25000000.000
22156,2057,4.394531,25000000.000
22157,2057,4.394531,25000000.000
22158,2058,4.882812,25000000.000
22159,2057,4.394531,25000000.000
22160,2053,2.441406,25000000.000
22161,2052,1.953125,25000000.000
22162,2048,0.000000,25000000.000
22163,2047,-0.488281,25000000.000
22164,2045,-1.464844,25000000.000
22165,2045,-1.464844,25000000.000
22166,2041,-3.417969,25000000.000
22167,2041,-3.417969,25000000.000
22168,2037,-5.371094,25000000.000
22169,2036,-5.859375,25000000.000
22170,2034,-6.835938,25000000.000
22171,2035,-6.347656,25000000.000
22172,2034,-6.835938,25000000.000
22173,2031,-8.300781,25000000.000
22174,2032,-7.812500,25000000.000
22175,2032,-7.812500,25000000.000
22176,2033,-7.324219,25000000.000
22177,2032,-7.812500,25000000.000
22178,2034,-6.835938,25000000.000
22179,2034,-6.835938,25000000.000
22180,2035,-6.347656,25000000.000
22181,2036,-5.859375,25000000.000
22182,2039,-4.394531,25000000.000
22183,2041,-3.417969,25000000.000
22184,2043,-2.441406,25000000.000
22185,2046,-0.976562,25000000.000
22186,2048,0.000000,25000000.000
22187,2048,0.000000,25000000.000
22188,2050,0.976562,25000000.000
22189,2053,2.441406,25000000.000
22190,2054,2.929688,25000000.000
22191,2055,3.417969,25000000.000
22192,2058,4.882812,25000000.000
22193,2057,4.394531,25000000.000
22194,2057,4.394531,25000000.000
22195,2057,4.394531,25000000.000
22196,2058,4.882812,25000000.000
22197,2058,4.882812,25000000.000
22198,2056,3.906250,25000000.000
22199,2057,4.394531,25000000.000
22200,2055,3.417969,25000000.000
22201,2054,2.929688,25000000.000
22202,2050,0.976562,25000000.000
22203,2050,0.976562,25000000.000
22204,2049,0.488281,25000000.000
22205,2043,-2.441406,25000000.000
22206,2042,-2.929688,25000000.000
22207,2043,-2.441406,25000000.000
22208,2041,-3.417969,25000000.000
22209,2037,-5.371094,25000000.000
22210,2037,-5.371094,25000000.000
22211,2036,-5.859375,25000000.000
22212,2034,-6.835938,25000000.000
22213,2033,-7.324219,25000000.000
22214,2031,-8.300781,25000000.000
22215,2032,-7.812500,25000000.000
22216,2031,-8.300781,25000000.000
22217,2032,-7.812500,25000000.000
22218,2033,-7.324219,25000000.000
22219,2033,-7.324219,25000000.000
22220,2034,-6.835938,25000000.000
22221,2037,-5.371094,25000000.000
22222,2039,-4.394531,25000000.000
22223,2038,-4.882812,25000000.000
22224,2041,-3.417969,25000000.000
22225,2045,-1.464844,25000000.000
22226,2046,-0.976562,25000000.000
22227,2045,-1.464844,25000000.000
22228,2050,0.976562,25000000.000
22229,2051,1.464844,25000000.000
22230,2052,1.953125,25000000.000
22231,2052,1.953125,25000000.000
22232,2055,3.417969,25000000.000
22233,2057,4.394531,25000000.000
22234,2057,4.394531,25000000.000
22235,2057,4.394531,25000000.000
22236,2059,5.371094,25000000.000
22237,2058,4.882812,25000000.000
22238,2057,4.394531,25000000.000
22239,2058,4.882812,25000000.000
22240,2056,3.906250,25000000.000
22241,2053,2.441406,25000000.000
22242,2055,3.417969,25000000.000
22243,2053,2.441406,25000000.000
22244,2050,0.976562,25000000.000
22245,2048,0.000000,25000000.000
22246,2045,-1.464844,25000000.000
22247,2046,-0.976562,25000000.000
22248,2041,-3.417969,25000000.000
22249,2038,-4.882812,25000000.000
22250,2039,-4.394531,25000000.000
22251,2039,-4.394531,25000000.000
22252,2035,-6.347656,25000000.000
22253,2035,-6.347656,25000000.000
22254,2033,-7.324219,25000000.000
22255,2034,-6.835938,25000000.000
22256,2033,-7.324219,25000000.000
22257,2033,-7.324219,25000000.000
22258,2033,-7.324219,25000000.000
22259,2032,-7.812500,25000000.000
22260,2035,-6.347656,25000000.000
22261,2037,-5.371094,25000000.000
22262,2038,-4.882812,25000000.000
22263,2036,-5.859375,25000000.000
22264,2041,-3.417969,25000000.000
22265,2042,-2.929688,25000000.000
22266,2043,-2.441406,25000000.000
22267,2044,-1.953125,25000000.000
22268,2049,0.488281,25000000.000
22269,2050,0.976562,25000000.000
22270,2052,1.953125,25000000.000
22271,2052,1.953125,25000000.000
22272,2054,2.929688,25000000.000
22273,2056,3.906250,25000000.000
22274,2058,4.882812,25000000.000
22275,2058,4.882812,25000000.000
22276,2060,5.859375,25000000.000
22277,2058,4.882812,25000000.000
22278,2060,5.859375,25000000.000
22279,2060,5.859375,25000000.000
22280,2057,4.394531,25000000.000
22281,2058,4.882812,25000000.000
22282,2056,3.906250,25000000.000
22283,2055,3.417969,25000000.000
22284,2051,1.464844,25000000.000
22285,2052,1.953125,25000000.000
22286,2048,0.000000,25000000.000
22287,2049,0.488281,25000000.000
22288,2044,-1.953125,25000000.000
22289,2043,-2.441406,25000000.000
22290,2041,-3.417969,25000000.000
22291,2040,-3.906250,25000000.000
22292,2037,-5.371094,25000000.000
22293,2036,-5.859375,25000000.000
22294,2034,-6.835938,25000000.000
22295,2033,-7.324219,25000000.000
22296,2033,-7.324219,25000000.000
22297,2033,-7.324219,25000000.000
22298,2032,-7.812500,25000000.000
22299,2032,-7.812500,25000000.000
22300,2034,-6.835938,25000000.000
22301,2034,-6.835938,25000000.000
22302,2035,-6.347656,25000000.000
22303,2035,-6.347656,25000000.000
22304,2040,-3.906250,25000000.000
22305,2040,-3.906250,25000000.000
22306,2042,-2.929688,25000000.000
22307,2043,-2.441406,25000000.000
22308,2046,-0.976562,25000000.000
22309,2047,-0.488281,25000000.000
22310,2050,0.976562,25000000.000
22311,2051,1.464844,25000000.000
22312,2053,2.441406,25000000.000
22313,2055,3.417969,25000000.000
22314,2056,3.906250,25000000.000
22315,2056,3.906250,25000000.000
22316,2057,4.394531,25000000.000
22317,2058,4.882812,25000000.000
22318,2060,5.859375,25000000.000
22319,2060,5.859375,25000000.000
22320,2058,4.882812,25000000.000
22321,2057,4.394531,25000000.000
22322,2058,4.882812,25000000.000
22323,2057,4.394531,25000000.000
22324,2054,2.929688,25000000.000
22325,2053,2.441406,25000000.000
22326,2051,1.464844,25000000.000
22327,2049,0.488281,25000000.000
22328,2048,0.000000,25000000.000
22329,2045,-1.464844,25000000.000
22330,2042,-2.929688,25000000.000
22331,2041,-3.417969,25000000.000
22332,2040,-3.906250,25000000.000
22333,2038,-4.882812,25000000.000
22334,2036,-5.859375,25000000.000
22335,2037,-5.371094,25000000.000
22336,2035,-6.347656,25000000.000
22337,2033,-7.324219,25000000.000
22338,2033,-7.324219,25000000.000
22339,2032,-7.812500,25000000.000
22340,2032,-7.812500,25000000.000
22341,2032,-7.812500,25000000.000
22342,2034,-6.835938,25000000.000
22343,2035,-6.347656,25000000.000
22344,2037,-5.371094,25000000.000
22345,2038,-4.882812,25000000.000
22346,2039,-4.394531,25000000.000
22347,2039,-4.394531,25000000.000
22348,2042,-2.929688,25000000.000
22349,2046,-0.976562,25000000.000
22350,2048,0.000000,25000000.000
22351,2048,0.000000,25000000.000
22352,2050,0.976562,25000000.000
22353,2051,1.464844,25000000.000
22354,2056,3.906250,25000000.000
22355,2054,2.929688,25000000.000
22356,2057,4.394531,25000000.000
22357,2057,4.394531,25000000.000
22358,2059,5.371094,25000000.000
22359,2059,5.371094,25000000.000
22360,2059,5.371094,25000000.000
22361,2058,4.882812,25000000.000
22362,2057,4.394531,25000000.000
22363,2056,3.906250,25000000.000
22364,2056,3.906250,25000000.000
22365,2054,2.929688,25000000.000
22366,2051,1.464844,25000000.000
22367,2051,1.464844,25000000.000
22368,2053,2.441406,25000000.000
22369,2043,-2.441406,25000000.000
22370,2043,-2.441406,25000000.000
22371,2046,-0.976562,25000000.000
22372,2042,-2.929688,25000000.000
22373,2035,-6.347656,25000000.000
22374,2043,-2.441406,25000000.000
22375,2039,-4.394531,25000000.000
22376,2035,-6.347656,25000000.000
22377,2032,-7.812500,25000000.000
22378,2034,-6.835938,25000000.000
22379,2032,-7.812500,25000000.000
22380,2032,-7.812500,25000000.000
22381,2032,-7.812500,25000000.000
22382,2032,-7.812500,25000000.000
22383,2034,-6.835938,25000000.000
22384,2034,-6.835938,25000000.000
22385,2036,-5.859375,25000000.000
22386,2039,-4.394531,25000000.000
22387,2038,-4.882812,25000000.000
22388,2043,-2.441406,25000000.000
22389,2042,-2.929688,25000000.000
22390,2046,-0.976562,25000000.000
22391,2044,-1.953125,25000000.000
22392,2049,0.488281,25000000.000
22393,2052,1.953125,25000000.000
22394,2054,2.929688,25000000.000
22395,2053,2.441406,25000000.000
22396,2055,3.417969,25000000.000
22397,2057,4.394531,25000000.000
22398,2056,3.906250,25000000.000
22399,2056,3.906250,25000000.000
22400,2058,4.882812,25000000.000
22401,2058,4.882812,25000000.000
22402,2057,4.394531,25000000.000
22403,2057,4.394531,25000000.000
22404,2056,3.906250,25000000.000
22405,2054,2.929688,25000000.000
22406,2054,2.929688,25000000.000
22407,2054,2.929688,25000000.000
22408,2051,1.464844,25000000.000
22409,2048,0.000000,25000000.000
22410,2047,-0.488281,25000000.000
22411,2046,-0.976562,25000000.000
22412,2042,-2.929688,25000000.000
22413,2040,-3.906250,25000000.000
22414,2040,-3.906250,25000000.000
22415,2040,-3.906250,25000000.000
22416,2034,-6.835938,25000000.000
22417,2036,-5.859375,25000000.000
22418,2034,-6.835938,25000000.000
22419,2034,-6.835938,25000000.000
22420,2032,-7.812500,25000000.000
22421,2032,-7.812500,25000000.000
22422,2033,-7.324219,25000000.000
22423,2032,-7.812500,25000000.000
22424,2033,-7.324219,25000000.000
22425,2034,-6.835938,25000000.000
22426,2036,-5.859375,25000000.000
22427,2034,-6.835938,25000000.000
22428,2039,-4.394531,25000000.000
22429,2042,-2.929688,25000000.000
22430,2042,-2.929688,25000000.000
22431,2042,-2.929688,25000000.000
22432,2046,-0.976562,25000000.000
22433,2048,0.000000,25000000.000
22434,2051,1.464844,25000000.000
22435,2050,0.976562,25000000.000
22436,2053,2.441406,25000000.000
22437,2059,5.371094,25000000.000
22438,2058,4.882812,25000000.000
22439,2061,6.347656,25000000.000
22440,2057,4.394531,25000000.000
22441,2058,4.882812,25000000.000
22442,2058,4.882812,25000000.000
22443,2059,5.371094,25000000.000
22444,2058,4.882812,25000000.000
22445,2056,3.906250,25000000.000
22446,2056,3.906250,25000000.000
22447,2056,3.906250,25000000.000
22448,2052,1.953125,25000000.000
22449,2051,1.464844,25000000.000
22450,2050,0.976562,25000000.000
22451,2051,1.464844,25000000.000
22452,2045,-1.464844,25000000.000
22453,2044,-1.953125,25000000.000
22454,2044,-1.953125,25000000.000
22455,2042,-2.929688,25000000.000
22456,2038,-4.882812,25000000.000
22457,2036,-5.859375,25000000.000
22458,2035,-6.347656,25000000.000
22459,2034,-6.835938,25000000.000
22460,2033,-7.324219,25000000.000
22461,2032,-7.812500,25000000.000
22462,2032,-7.812500,25000000.000
22463,2032,-7.812500,25000000.000
22464,2033,-7.324219,25000000.000
22465,2035,-6.347656,25000000.000
22466,2035,-6.347656,25000000.000
22467,2035,-6.347656,25000000.000
22468,2037,-5.371094,25000000.000
22469,2039,-4.394531,25000000.000
22470,2041,-3.417969,25000000.000
22471,2042,-2.929688,25000000.000
22472,2045,-1.464844,25000000.000
22473,2049,0.488281,25000000.000
22474,2052,1.953125,25000000.000
22475,2051,1.464844,25000000.000
22476,2058,4.882812,25000000.000
22477,2051,1.464844,25000000.000
22478,2055,3.417969,25000000.000
22479,2054,2.929688,25000000.000
22480,2057,4.394531,25000000.000
22481,2058,4.882812,25000000.000
22482,2059,5.371094,25000000.000
22483,2058,4.882812,25000000.000
22484,2057,4.394531,25000000.000
22485,2059,5.371094,25000000.000
22486,2058,4.882812,25000000.000
22487,2057,4.394531,25000000.000
22488,2056,3.906250,25000000.000
22489,2054,2.929688,25000000.000
22490,2052,1.953125,25000000.000
22491,2051,1.464844,25000000.000
22492,2049,0.488281,25000000.000
22493,2046,-0.976562,25000000.000
22494,2044,-1.953125,25000000.000
22495,2042,-2.929688,25000000.000
22496,2038,-4.882812,25000000.000
22497,2039,-4.394531,25000000.000
22498,2036,-5.859375,25000000.000
22499,2036,-5.859375,25000000.000
22500,2035,-6.347656,25000000.000
22501,2033,-7.324219,25000000.000
22502,2033,-7.324219,25000000.000
22503,2033,-7.324219,25000000.000
22504,2034,-6.835938,25000000.000
22505,2033,-7.324219,25000000.000
22506,2035,-6.347656,25000000.000
22507,2035,-6.347656,25000000.000
22508,2037,-5.371094,25000000.000
22509,2036,-5.859375,25000000.000
22510,2039,-4.394531,25000000.000
22511,2040,-3.906250,25000000.000
22512,2042,-2.929688,25000000.000
22513,2045,-1.464844,25000000.000
22514,2046,-0.976562,25000000.000
22515,2046,-0.976562,25000000.000
22516,2050,0.976562,25000000.000
22517,2052,1.953125,25000000.000
22518,2055,3.417969,25000000.000
22519,2054,2.929688,25000000.000
22520,2056,3.906250,25000000.000
22521,2057,4.394531,25000000.000
22522,2057,4.394531,25000000.000
22523,2057,4.394531,25000000.000
22524,2059,5.371094,25000000.000
22525,2058,4.882812,25000000.000
22526,2058,4.882812,25000000.000
22527,2057,4.394531,25000000.000
22528,2056,3.906250,25000000.000
22529,2055,3.417969,25000000.000
22530,2053,2.441406,25000000.000
22531,2053,2.441406,25000000.000
22532,2051,1.464844,25000000.000
22533,2049,0.488281,25000000.000
22534,2044,-1.953125,25000000.000
22535,2046,-0.976562,25000000.000
22536,2043,-2.441406,25000000.000
22537,2041,-3.417969,25000000.000
22538,2039,-4.394531,25000000.000
22539,2039,-4.394531,25000000.000
22540,2035,-6.347656,25000000.000
22541,2033,-7.324219,25000000.000
22542,2034,-6.835938,25000000.000
22543,2033,-7.324219,25000000.000
22544,2033,-7.324219,25000000.000
22545,2032,-7.812500,25000000.000
22546,2033,-7.324219,25000000.000
22547,2033,-7.324219,25000000.000
22548,2034,-6.835938,25000000.000
22549,2037,-5.371094,25000000.000
22550,2037,-5.371094,25000000.000
22551,2037,-5.371094,25000000.000
22552,2039,-4.394531,25000000.000
22553,2043,-2.441406,25000000.000
22554,2045,-1.464844,25000000.000
22555,2044,-1.953125,25000000.000
22556,2047,-0.488281,25000000.000
22557,2051,1.464844,25000000.000
22558,2053,2.441406,25000000.000
22559,2051,1.464844,25000000.000
22560,2055,3.417969,25000000.000
22561,2057,4.394531,25000000.000
22562,2057,4.394531,25000000.000
22563,2056,3.906250,25000000.000
22564,2057,4.394531,25000000.000
22565,2058,4.882812,25000000.000
22566,2056,3.906250,25000000.000
22567,2057,4.394531,25000000.000
22568,2055,3.417969,25000000.000
22569,2055,3.417969,25000000.000
22570,2050,0.976562,25000000.000
22571,2055,3.417969,25000000.000
22572,2051,1.464844,25000000.000
22573,2049,0.488281,25000000.000
22574,2048,0.000000,25000000.000
22575,2050,0.976562,25000000.000
22576,2043,-2.441406,25000000.000
22577,2040,-3.906250,25000000.000
22578,2039,-4.394531,25000000.000
22579,2040,-3.906250,25000000.000
22580,2037,-5.371094,25000000.000
22581,2036,-5.859375,25000000.000
22582,2033,-7.324219,25000000.000
22583,2034,-6.835938,25000000.000
22584,2032,-7.812500,25000000.000
22585,2033,-7.324219,25000000.000
22586,2031,-8.300781,25000000.000
22587,2032,-7.812500,25000000.000
22588,2033,-7.324219,25000000.000
22589,2033,-7.324219,25000000.000
22590,2035,-6.347656,25000000.000
22591,2035,-6.347656,25000000.000
22592,2037,-5.371094,25000000.000
22593,2040,-3.906250,25000000.000
22594,2041,-3.417969,25000000.000
22595,2041,-3.417969,25000000.000
22596,2046,-0.976562,25000000.000
22597,2048,0.000000,25000000.000
22598,2048,0.000000,25000000.000
22599,2049,0.488281,25000000.000
22600,2052,1.953125,25000000.000
22601,2054,2.929688,25000000.000
22602,2056,3.906250,25000000.000
22603,2057,4.394531,25000000.000
22604,2058,4.882812,25000000.000
22605,2056,3.906250,25000000.000
22606,2058,4.882812,25000000.000
22607,2059,5.371094,25000000.000
22608,2057,4.394531,25000000.000
22609,2056,3.906250,25000000.000
22610,2056,3.906250,25000000.000
22611,2056,3.906250,25000000.000
22612,2052,1.953125,25000000.000
22613,2053,2.441406,25000000.000
22614,2049,0.488281,25000000.000
22615,2050,0.976562,25000000.000
22616,2044,-1.953125,25000000.000
22617,2044,-1.953125,25000000.000
22618,2042,-2.929688,25000000.000
22619,2042,-2.929688,25000000.000
22620,2037,-5.371094,25000000.000
22621,2037,-5.371094,25000000.000
22622,2034,-6.835938,25000000.000
22623,2033,-7.324219,25000000.000
22624,2032,-7.812500,25000000.000
22625,2034,-6.835938,25000000.000
22626,2032,-7.812500,25000000.000
22627,2031,-8.300781,25000000.000
22628,2034,-6.835938,25000000.000
22629,2035,-6.347656,25000000.000
22630,2034,-6.835938,25000000.000
22631,2034,-6.835938,25000000.000
22632,2036,-5.859375,25000000.000
22633,2038,-4.882812,25000000.000
22634,2040,-3.906250,25000000.000
22635,2039,-4.394531,25000000.000
22636,2043,-2.441406,25000000.000
22637,2044,-1.953125,25000000.000
22638,2046,-0.976562,25000000.000
22639,2048,0.000000,25000000.000
22640,2051,1.464844,25000000.000
22641,2052,1.953125,25000000.000
22642,2055,3.417969,25000000.000
22643,2054,2.929688,25000000.000
22644,2055,3.417969,25000000.000
22645,2057,4.394531,25000000.000
22646,2059,5.371094,25000000.000
22647,2059,5.371094,25000000.000
22648,2057,4.394531,25000000.000
22649,2058,4.882812,25000000.000
22650,2057,4.394531,25000000.000
22651,2058,4.882812,25000000.000
22652,2056,3.906250,25000000.000
22653,2054,2.929688,25000000.000
22654,2052,1.953125,25000000.000
22655,2052,1.953125,25000000.000
22656,2049,0.488281,25000000.000
22657,2047,-0.488281,25000000.000
22658,2045,-1.464844,25000000.000
22659,2044,-1.953125,25000000.000
22660,2041,-3.417969,25000000.000
22661,2039,-4.394531,25000000.000
22662,2037,-5.371094,25000000.000
22663,2035,-6.347656,25000000.000
22664,2037,-5.371094,25000000.000
22665,2033,-7.324219,25000000.000
22666,2032,-7.812500,25000000.000
22667,2033,-7.324219,25000000.000
22668,2034,-6.835938,25000000.000
22669,2033,-7.324219,25000000.000
22670,2034,-6.835938,25000000.000
22671,2034,-6.835938,25000000.000
22672,2035,-6.347656,25000000.000
22673,2036,-5.859375,25000000.000
22674,2039,-4.394531,25000000.000
22675,2039,-4.394531,25000000.000
22676,2042,-2.929688,25000000.000
22677,2043,-2.441406,25000000.000
22678,2046,-0.976562,25000000.000
22679,2045,-1.464844,25000000.000
22680,2048,0.000000,25000000.000
22681,2052,1.953125,25000000.000
22682,2054,2.929688,25000000.000
22683,2054,2.929688,25000000.000
22684,2056,3.906250,25000000.000
22685,2058,4.882812,25000000.000
22686,2060,5.859375,25000000.000
22687,2058,4.882812,25000000.000
22688,2060,5.859375,25000000.000
22689,2058,4.882812,25000000.000
22690,2060,5.859375,25000000.000
22691,2057,4.394531,25000000.000
22692,2058,4.882812,25000000.000
22693,2057,4.394531,25000000.000
22694,2055,3.417969,25000000.000
22695,2054,2.929688,25000000.000
22696,2050,0.976562,25000000.000
22697,2050,0.976562,25000000.000
22698,2048,0.000000,25000000.000
22699,2049,0.488281,25000000.000
22700,2043,-2.441406,25000000.000
22701,2041,-3.417969,25000000.000
22702,2040,-3.906250,25000000.000
22703,2038,-4.882812,25000000.000
22704,2041,-3.417969,25000000.000
22705,2031,-8.300781,25000000.000
22706,2033,-7.324219,25000000.000
22707,2033,-7.324219,25000000.000
22708,2034,-6.835938,25000000.000
22709,2031,-8.300781,25000000.000
22710,2033,-7.324219,25000000.000
22711,2033,-7.324219,25000000.000
22712,2034,-6.835938,25000000.000
22713,2035,-6.347656,25000000.000
22714,2037,-5.371094,25000000.000
22715,2037,-5.371094,25000000.000
22716,2040,-3.906250,25000000.000
22717,2042,-2.929688,25000000.000
22718,2045,-1.464844,25000000.000
22719,2045,-1.464844,25000000.000
22720,2047,-0.488281,25000000.000
22721,2049,0.488281,25000000.000
22722,2053,2.441406,25000000.000
22723,2050,0.976562,25000000.000
22724,2055,3.417969,25000000.000
22725,2055,3.417969,25000000.000
22726,2057,4.394531,25000000.000
22727,2056,3.906250,25000000.000
22728,2059,5.371094,25000000.000
22729,2058,4.882812,25000000.000
22730,2058,4.882812,25000000.000
22731,2059,5.371094,25000000.000
22732,2057,4.394531,25000000.000
22733,2056,3.906250,25000000.000
22734,2055,3.417969,25000000.000
22735,2055,3.417969,25000000.000
22736,2053,2.441406,25000000.000
22737,2050,0.976562,25000000.000
22738,2050,0.976562,25000000.000
22739,2049,0.488281,25000000.000
22740,2046,-0.976562,25000000.000
22741,2042,-2.929688,25000000.000
22742,2042,-2.929688,25000000.000
22743,2041,-3.417969,25000000.000
22744,2038,-4.882812,25000000.000
22745,2035,-6.347656,25000000.000
22746,2034,-6.835938,25000000.000
22747,2035,-6.347656,25000000.000
22748,2032,-7.812500,25000000.000
22749,2032,-7.812500,25000000.000
22750,2033,-7.324219,25000000.000
22751,2034,-6.835938,25000000.000
22752,2031,-8.300781,25000000.000
22753,2033,-7.324219,25000000.000
22754,2034,-6.835938,25000000.000
22755,2035,-6.347656,25000000.000
22756,2039,-4.394531,25000000.000
22757,2039,-4.394531,25000000.000
22758,2040,-3.906250,25000000.000
22759,2040,-3.906250,25000000.000
22760,2046,-0.976562,25000000.000
22761,2047,-0.488281,25000000.000
22762,2045,-1.464844,25000000.000
22763,2047,-0.488281,25000000.000
22764,2051,1.464844,25000000.000
22765,2054,2.929688,25000000.000
22766,2053,2.441406,25000000.000
22767,2054,2.929688,25000000.000
22768,2057,4.394531,25000000.000
22769,2057,4.394531,25000000.000
22770,2058,4.882812,25000000.000
22771,2058,4.882812,25000000.000
22772,2058,4.882812,25000000.000
22773,2057,4.394531,25000000.000
22774,2056,3.906250,25000000.000
22775,2056,3.906250,25000000.000
22776,2053,2.441406,25000000.000
22777,2052,1.953125,25000000.000
22778,2052,1.953125,25000000.000
22779,2051,1.464844,25000000.000
22780,2047,-0.488281,25000000.000
22781,2046,-0.976562,25000000.000
22782,2044,-1.953125,25000000.000
22783,2042,-2.929688,25000000.000
22784,2033,-7.324219,25000000.000
22785,2037,-5.371094,25000000.000
22786,2037,-5.371094,25000000.000
22787,2035,-6.347656,25000000.000
22788,2032,-7.812500,25000000.000
22789,2034,-6.835938,25000000.000
22790,2033,-7.324219,25000000.000
22791,2032,-7.812500,25000000.000
22792,2032,-7.812500,25000000.000
22793,2033,-7.324219,25000000.000
22794,2033,-7.324219,25000000.000
22795,2033,-7.324219,25000000.000
22796,2036,-5.859375,25000000.000
22797,2037,-5.371094,25000000.000
22798,2036,-5.859375,25000000.000
22799,2038,-4.882812,25000000.000
22800,2043,-2.441406,25000000.000
22801,2044,-1.953125,25000000.000
22802,2047,-0.488281,25000000.000
22803,2046,-0.976562,25000000.000
22804,2050,0.976562,25000000.000
22805,2051,1.464844,25000000.000
22806,2052,1.953125,25000000.000
22807,2054,2.929688,25000000.000
22808,2055,3.417969,25000000.000
22809,2056,3.906250,25000000.000
22810,2058,4.882812,25000000.000
22811,2058,4.882812,25000000.000
22812,2058,4.882812,25000000.000
22813,2059,5.371094,25000000.000
22814,2057,4.394531,25000000.000
22815,2058,4.882812,25000000.000
22816,2054,2.929688,25000000.000
22817,2055,3.417969,25000000.000
22818,2053,2.441406,25000000.000
22819,2053,2.441406,25000000.000
22820,2046,-0.976562,25000000.000
22821,2054,2.929688,25000000.000
22822,2039,-4.394531,25000000.000
22823,2046,-0.976562,25000000.000
22824,2042,-2.929688,25000000.000
22825,2036,-5.859375,25000000.000
22826,2037,-5.371094,25000000.000
22827,2034,-6.835938,25000000.000
22828,2033,-7.324219,25000000.000
22829,2032,-7.812500,25000000.000
22830,2035,-6.347656,25000000.000
22831,2031,-8.300781,25000000.000
22832,2034,-6.835938,25000000.000
22833,2032,-7.812500,25000000.000
22834,2032,-7.812500,25000000.000
22835,2037,-5.371094,25000000.000
22836,2036,-5.859375,25000000.000
22837,2034,-6.835938,25000000.000
22838,2038,-4.882812,25000000.000
22839,2039,-4.394531,25000000.000
22840,2041,-3.417969,25000000.000
22841,2043,-2.441406,25000000.000
22842,2045,-1.464844,25000000.000
22843,2044,-1.953125,25000000.000
22844,2048,0.000000,25000000.000
22845,2050,0.976562,25000000.000
22846,2054,2.929688,25000000.000
22847,2052,1.953125,25000000.000
22848,2055,3.417969,25000000.000
22849,2056,3.906250,25000000.000
22850,2058,4.882812,25000000.000
22851,2058,4.882812,25000000.000
22852,2058,4.882812,25000000.000
22853,2060,5.859375,25000000.000
22854,2059,5.371094,25000000.000
22855,2059,5.371094,25000000.000
22856,2058,4.882812,25000000.000
22857,2058,4.882812,25000000.000
22858,2054,2.929688,25000000.000
22859,2053,2.441406,25000000.000
22860,2043,-2.441406,25000000.000
22861,2051,1.464844,25000000.000
22862,2050,0.976562,25000000.000
22863,2040,-3.906250,25000000.000
22864,2039,-4.394531,25000000.000
22865,2049,0.488281,25000000.000
22866,2037,-5.371094,25000000.000
22867,2038,-4.882812,25000000.000
22868,2035,-6.347656,25000000.000
22869,2039,-4.394531,25000000.000
22870,2032,-7.812500,25000000.000
22871,2033,-7.324219,25000000.000
22872,2033,-7.324219,25000000.000
22873,2031,-8.300781,25000000.000
22874,2032,-7.812500,25000000.000
22875,2032,-7.812500,25000000.000
22876,2033,-7.324219,25000000.000
22877,2034,-6.835938,25000000.000
22878,2036,-5.859375,25000000.000
22879,2036,-5.859375,25000000.000
22880,2037,-5.371094,25000000.000
22881,2041,-3.417969,25000000.000
22882,2043,-2.441406,25000000.000
22883,2043,-2.441406,25000000.000
22884,2046,-0.976562,25000000.000
22885,2047,-0.488281,25000000.000
22886,2052,1.953125,25000000.000
22887,2052,1.953125,25000000.000
22888,2054,2.929688,25000000.000
22889,2057,4.394531,25000000.000
22890,2056,3.906250,25000000.000
22891,2056,3.906250,25000000.000
22892,2058,4.882812,25000000.000
22893,2060,5.859375,25000000.000
22894,2058,4.882812,25000000.000
22895,2058,4.882812,25000000.000
22896,2058,4.882812,25000000.000
22897,2057,4.394531,25000000.000
22898,2055,3.417969,25000000.000
22899,2055,3.417969,25000000.000
22900,2054,2.929688,25000000.000
22901,2052,1.953125,25000000.000
22902,2049,0.488281,25000000.000
22903,2050,0.976562,25000000.000
22904,2046,-0.976562,25000000.000
22905,2042,-2.929688,25000000.000
22906,2043,-2.441406,25000000.000
22907,2042,-2.929688,25000000.000
22908,2037,-5.371094,25000000.000
22909,2036,-5.859375,25000000.000
22910,2036,-5.859375,25000000.000
22911,2036,-5.859375,25000000.000
22912,2033,-7.324219,25000000.000
22913,2034,-6.835938,25000000.000
22914,2031,-8.300781,25000000.000
22915,2031,-8.300781,25000000.000
22916,2034,-6.835938,25000000.000
22917,2035,-6.347656,25000000.000
22918,2037,-5.371094,25000000.000
22919,2040,-3.906250,25000000.000
22920,2041,-3.417969,25000000.000
22921,2035,-6.347656,25000000.000
22922,2046,-0.976562,25000000.000
22923,2043,-2.441406,25000000.000
22924,2048,0.000000,25000000.000
22925,2042,-2.929688,25000000.000
22926,2054,2.929688,25000000.000
22927,2049,0.488281,25000000.000
22928,2053,2.441406,25000000.000
22929,2053,2.441406,25000000.000
22930,2057,4.394531,25000000.000
22931,2056,3.906250,25000000.000
22932,2056,3.906250,25000000.000
22933,2059,5.371094,25000000.000
22934,2059,5.371094,25000000.000
22935,2060,5.859375,25000000.000
22936,2059,5.371094,25000000.000
22937,2056,3.906250,25000000.000
22938,2057,4.394531,25000000.000
22939,2059,5.371094,25000000.000
22940,2057,4.394531,25000000.000
22941,2052,1.953125,25000000.000
22942,2051,1.464844,25000000.000
22943,2051,1.464844,25000000.000
22944,2048,0.000000,25000000.000
22945,2047,-0.488281,25000000.000
22946,2045,-1.464844,25000000.000
22947,2044,-1.953125,25000000.000
22948,2040,-3.906250,25000000.000
22949,2039,-4.394531,25000000.000
22950,2036,-5.859375,25000000.000
22951,2038,-4.882812,25000000.000
22952,2033,-7.324219,25000000.000
22953,2031,-8.300781,25000000.000
22954,2032,-7.812500,25000000.000
22955,2032,-7.812500,25000000.000
22956,2033,-7.324219,25000000.000
22957,2033,-7.324219,25000000.000
22958,2032,-7.812500,25000000.000
22959,2032,-7.812500,25000000.000
22960,2034,-6.835938,25000000.000
22961,2037,-5.371094,25000000.000
22962,2037,-5.371094,25000000.000
22963,2036,-5.859375,25000000.000
22964,2041,-3.417969,25000000.000
22965,2044,-1.953125,25000000.000
22966,2045,-1.464844,25000000.000
22967,2046,-0.976562,25000000.000
22968,2049,0.488281,25000000.000
22969,2050,0.976562,25000000.000
22970,2053,2.441406,25000000.000
22971,2053,2.441406,25000000.000
22972,2056,3.906250,25000000.000
22973,2057,4.394531,25000000.000
22974,2059,5.371094,25000000.000
22975,2058,4.882812,25000000.000
22976,2059,5.371094,25000000.000
22977,2058,4.882812,25000000.000
22978,2059,5.371094,25000000.000
22979,2059,5.371094,25000000.000
22980,2054,2.929688,25000000.000
22981,2055,3.417969,25000000.000
22982,2054,2.929688,25000000.000
22983,2055,3.417969,25000000.000
22984,2049,0.488281,25000000.000
22985,2048,0.000000,25000000.000
22986,2046,-0.976562,25000000.000
22987,2046,-0.976562,25000000.000
22988,2041,-3.417969,25000000.000
22989,2040,-3.906250,25000000.000
22990,2038,-4.882812,25000000.000
22991,2037,-5.371094,25000000.000
22992,2036,-5.859375,25000000.000
22993,2034,-6.835938,25000000.000
22994,2032,-7.812500,25000000.000
22995,2032,-7.812500,25000000.000
22996,2033,-7.324219,25000000.000
22997,2033,-7.324219,25000000.000
22998,2030,-8.789062,25000000.000
22999,2032,-7.812500,25000000.000
23000,2033,-7.324219,25000000.000
23001,2034,-6.835938,25000000.000
23002,2036,-5.859375,25000000.000
23003,2037,-5.371094,25000000.000
23004,2039,-4.394531,25000000.000
23005,2041,-3.417969,25000000.000
23006,2042,-2.929688,25000000.000
23007,2043,-2.441406,25000000.000
23008,2047,-0.488281,25000000.000
23009,2048,0.000000,25000000.000
23010,2051,1.464844,25000000.000
23011,2051,1.464844,25000000.000
23012,2052,1.953125,25000000.000
23013,2056,3.906250,25000000.000
23014,2056,3.906250,25000000.000
23015,2058,4.882812,25000000.000
23016,2057,4.394531,25000000.000
23017,2059,5.371094,25000000.000
23018,2059,5.371094,25000000.000
23019,2058,4.882812,25000000.000
23020,2058,4.882812,25000000.000
23021,2055,3.417969,25000000.000
23022,2057,4.394531,25000000.000
23023,2054,2.929688,25000000.000
23024,2052,1.953125,25000000.000
23025,2052,1.953125,25000000.000
23026,2048,0.000000,25000000.000
23027,2046,-0.976562,25000000.000
23028,2045,-1.464844,25000000.000
23029,2043,-2.441406,25000000.000
23030,2041,-3.417969,25000000.000
23031,2041,-3.417969,25000000.000
23032,2038,-4.882812,25000000.000
23033,2035,-6.347656,25000000.000
23034,2033,-7.324219,25000000.000
23035,2035,-6.347656,25000000.000
23036,2035,-6.347656,25000000.000
23037,2032,-7.812500,25000000.000
23038,2032,-7.812500,25000000.000
23039,2033,-7.324219,25000000.000
23040,2033,-7.324219,25000000.000
23041,2034,-6.835938,25000000.000
23042,2035,-6.347656,25000000.000
23043,2035,-6.347656,25000000.000
23044,2037,-5.371094,25000000.000
23045,2039,-4.394531,25000000.000
23046,2042,-2.929688,25000000.000
23047,2042,-2.929688,25000000.000
23048,2045,-1.464844,25000000.000
23049,2048,0.000000,25000000.000
23050,2049,0.488281,25000000.000
23051,2050,0.976562,25000000.000
23052,2052,1.953125,25000000.000
23053,2055,3.417969,25000000.000
23054,2056,3.906250,25000000.000
23055,2055,3.417969,25000000.000
23056,2059,5.371094,25000000.000
23057,2059,5.371094,25000000.000
23058,2059,5.371094,25000000.000
23059,2059,5.371094,25000000.000
23060,2058,4.882812,25000000.000
23061,2059,5.371094,25000000.000
23062,2057,4.394531,25000000.000
23063,2057,4.394531,25000000.000
23064,2054,2.929688,25000000.000
23065,2053,2.441406,25000000.000
23066,2050,0.976562,25000000.000
23067,2051,1.464844,25000000.000
23068,2046,-0.976562,25000000.000
23069,2047,-0.488281,25000000.000
23070,2041,-3.417969,25000000.000
23071,2044,-1.953125,25000000.000
23072,2040,-3.906250,25000000.000
23073,2036,-5.859375,25000000.000
23074,2036,-5.859375,25000000.000
23075,2036,-5.859375,25000000.000
23076,2032,-7.812500,25000000.000
23077,2032,-7.812500,25000000.000
23078,2033,-7.324219,25000000.000
23079,2033,-7.324219,25000000.000
23080,2030,-8.789062,25000000.000
23081,2032,-7.812500,25000000.000
23082,2032,-7.812500,25000000.000
23083,2034,-6.835938,25000000.000
23084,2036,-5.859375,25000000.000
23085,2037,-5.371094,25000000.000
23086,2040,-3.906250,25000000.000
23087,2039,-4.394531,25000000.000
23088,2043,-2.441406,25000000.000
23089,2046,-0.976562,25000000.000
23090,2048,0.000000,25000000.000
23091,2048,0.000000,25000000.000
23092,2051,1.464844,25000000.000
23093,2055,3.417969,25000000.000
23094,2053,2.441406,25000000.000
23095,2053,2.441406,25000000.000
23096,2058,4.882812,25000000.000
23097,2059,5.371094,25000000.000
23098,2059,5.371094,25000000.000
23099,2058,4.882812,25000000.000
23100,2061,6.347656,25000000.000
23101,2059,5.371094,25000000.000
23102,2057,4.394531,25000000.000
23103,2058,4.882812,25000000.000
23104,2057,4.394531,25000000.000
23105,2053,2.441406,25000000.000
23106,2054,2.929688,25000000.000
23107,2053,2.441406,25000000.000
23108,2052,1.953125,25000000.000
23109,2049,0.488281,25000000.000
23110,2044,-1.953125,25000000.000
23111,2044,-1.953125,25000000.000
23112,2040,-3.906250,25000000.000
23113,2041,-3.417969,25000000.000
23114,2039,-4.394531,25000000.000
23115,2040,-3.906250,25000000.000
23116,2034,-6.835938,25000000.000
23117,2033,-7.324219,25000000.000
23118,2035,-6.347656,25000000.000
23119,2034,-6.835938,25000000.000
23120,2033,-7.324219,25000000.000
23121,2034,-6.835938,25000000.000
23122,2033,-7.324219,25000000.000
23123,2033,-7.324219,25000000.000
23124,2035,-6.347656,25000000.000
23125,2037,-5.371094,25000000.000
23126,2037,-5.371094,25000000.000
23127,2036,-5.859375,25000000.000
23128,2042,-2.929688,25000000.000
23129,2036,-5.859375,25000000.000
23130,2048,0.000000,25000000.000
23131,2041,-3.417969,25000000.000
23132,2049,0.488281,25000000.000
23133,2051,1.464844,25000000.000
23134,2053,2.441406,25000000.000
23135,2054,2.929688,25000000.000
23136,2056,3.906250,25000000.000
23137,2057,4.394531,25000000.000
23138,2058,4.882812,25000000.000
23139,2059,5.371094,25000000.000
23140,2059,5.371094,25000000.000
23141,2057,4.394531,25000000.000
23142,2059,5.371094,25000000.000
23143,2058,4.882812,25000000.000
23144,2057,4.394531,25000000.000
23145,2057,4.394531,25000000.000
23146,2053,2.441406,25000000.000
23147,2053,2.441406,25000000.000
23148,2050,0.976562,25000000.000
23149,2050,0.976562,25000000.000
23150,2047,-0.488281,25000000.000
23151,2046,-0.976562,25000000.000
23152,2043,-2.441406,25000000.000
23153,2041,-3.417969,25000000.000
23154,2039,-4.394531,25000000.000
23155,2038,-4.882812,25000000.000
23156,2036,-5.859375,25000000.000
23157,2035,-6.347656,25000000.000
23158,2034,-6.835938,25000000.000
23159,2032,-7.812500,25000000.000
23160,2032,-7.812500,25000000.000
23161,2033,-7.324219,25000000.000
23162,2032,-7.812500,25000000.000
23163,2033,-7.324219,25000000.000
23164,2035,-6.347656,25000000.000
23165,2032,-7.812500,25000000.000
23166,2033,-7.324219,25000000.000
23167,2034,-6.835938,25000000.000
23168,2037,-5.371094,25000000.000
23169,2038,-4.882812,25000000.000
23170,2044,-1.953125,25000000.000
23171,2042,-2.929688,25000000.000
23172,2044,-1.953125,25000000.000
23173,2047,-0.488281,25000000.000
23174,2050,0.976562,25000000.000
23175,2051,1.464844,25000000.000
23176,2053,2.441406,25000000.000
23177,2056,3.906250,25000000.000
23178,2056,3.906250,25000000.000
23179,2056,3.906250,25000000.000
23180,2057,4.394531,25000000.000
23181,2059,5.371094,25000000.000
23182,2057,4.394531,25000000.000
23183,2059,5.371094,25000000.000
23184,2056,3.906250,25000000.000
23185,2057,4.394531,25000000.000
23186,2055,3.417969,25000000.000
23187,2055,3.417969,25000000.000
23188,2053,2.441406,25000000.000
23189,2052,1.953125,25000000.000
23190,2049,0.488281,25000000.000
23191,2048,0.000000,25000000.000
23192,2045,-1.464844,25000000.000
23193,2045,-1.464844,25000000.000
23194,2040,-3.906250,25000000.000
23195,2040,-3.906250,25000000.000
23196,2038,-4.882812,25000000.000
23197,2037,-5.371094,25000000.000
23198,2034,-6.835938,25000000.000
23199,2035,-6.347656,25000000.000
23200,2033,-7.324219,25000000.000
23201,2031,-8.300781,25000000.000
23202,2031,-8.300781,25000000.000
23203,2033,-7.324219,25000000.000
23204,2034,-6.835938,25000000.000
23205,2031,-8.300781,25000000.000
23206,2034,-6.835938,25000000.000
23207,2034,-6.835938,25000000.000
23208,2035,-6.347656,25000000.000
23209,2037,-5.371094,25000000.000
23210,2040,-3.906250,25000000.000
23211,2039,-4.394531,25000000.000
23212,2042,-2.929688,25000000.000
23213,2046,-0.976562,25000000.000
23214,2049,0.488281,25000000.000
23215,2049,0.488281,25000000.000
23216,2051,1.464844,25000000.000
23217,2054,2.929688,25000000.000
23218,2055,3.417969,25000000.000
23219,2055,3.417969,25000000.000
23220,2058,4.882812,25000000.000
23221,2058,4.882812,25000000.000
23222,2058,4.882812,25000000.000
23223,2057,4.394531,25000000.000
23224,2058,4.882812,25000000.000
23225,2058,4.882812,25000000.000
23226,2057,4.394531,25000000.000
23227,2057,4.394531,25000000.000
23228,2055,3.417969,25000000.000
23229,2054,2.929688,25000000.000
23230,2052,1.953125,25000000.000
23231,2052,1.953125,25000000.000
23232,2048,0.000000,25000000.000
23233,2044,-1.953125,25000000.000
23234,2042,-2.929688,25000000.000
23235,2043,-2.441406,25000000.000
23236,2040,-3.906250,25000000.000
23237,2038,-4.882812,25000000.000
23238,2037,-5.371094,25000000.000
23239,2037,-5.371094,25000000.000
23240,2035,-6.347656,25000000.000
23241,2033,-7.324219,25000000.000
23242,2033,-7.324219,25000000.000
23243,2033,-7.324219,25000000.000
23244,2032,-7.812500,25000000.000
23245,2034,-6.835938,25000000.000
23246,2034,-6.835938,25000000.000
23247,2034,-6.835938,25000000.000
23248,2034,-6.835938,25000000.000
23249,2038,-4.882812,25000000.000
23250,2040,-3.906250,25000000.000
23251,2040,-3.906250,25000000.000
23252,2042,-2.929688,25000000.000
23253,2045,-1.464844,25000000.000
23254,2047,-0.488281,25000000.000
23255,2045,-1.464844,25000000.000
23256,2052,1.953125,25000000.000
23257,2052,1.953125,25000000.000
23258,2055,3.417969,25000000.000
23259,2053,2.441406,25000000.000
23260,2057,4.394531,25000000.000
23261,2058,4.882812,25000000.000
23262,2058,4.882812,25000000.000
23263,2059,5.371094,25000000.000
23264,2059,5.371094,25000000.000
23265,2060,5.859375,25000000.000
23266,2056,3.906250,25000000.000
23267,2058,4.882812,25000000.000
23268,2057,4.394531,25000000.000
23269,2054,2.929688,25000000.000
23270,2055,3.417969,25000000.000
23271,2054,2.929688,25000000.000
23272,2050,0.976562,25000000.000
23273,2048,0.000000,25000000.000
23274,2047,-0.488281,25000000.000
23275,2047,-0.488281,25000000.000
23276,2043,-2.441406,25000000.000
23277,2040,-3.906250,25000000.000
23278,2038,-4.882812,25000000.000
23279,2039,-4.394531,25000000.000
23280,2036,-5.859375,25000000.000
23281,2034,-6.835938,25000000.000
23282,2034,-6.835938,25000000.000
23283,2033,-7.324219,25000000.000
23284,2031,-8.300781,25000000.000
23285,2033,-7.324219,25000000.000
23286,2034,-6.835938,25000000.000
23287,2033,-7.324219,25000000.000
23288,2035,-6.347656,25000000.000
23289,2035,-6.347656,25000000.000
23290,2037,-5.371094,25000000.000
23291,2036,-5.859375,25000000.000
23292,2040,-3.906250,25000000.000
23293,2042,-2.929688,25000000.000
23294,2044,-1.953125,25000000.000
23295,2044,-1.953125,25000000.000
23296,2049,0.488281,25000000.000
23297,2050,0.976562,25000000.000
23298,2051,1.464844,25000000.000
23299,2053,2.441406,25000000.000
23300,2054,2.929688,25000000.000
23301,2056,3.906250,25000000.000
23302,2058,4.882812,25000000.000
23303,2058,4.882812,25000000.000
23304,2058,4.882812,25000000.000
23305,2058,4.882812,25000000.000
23306,2059,5.371094,25000000.000
23307,2059,5.371094,25000000.000
23308,2056,3.906250,25000000.000
23309,2056,3.906250,25000000.000
23310,2055,3.417969,25000000.000
23311,2055,3.417969,25000000.000
23312,2051,1.464844,25000000.000
23313,2051,1.464844,25000000.000
23314,2048,0.000000,25000000.000
23315,2049,0.488281,25000000.000
23316,2043,-2.441406,25000000.000
23317,2042,-2.929688,25000000.000
23318,2041,-3.417969,25000000.000
23319,2040,-3.906250,25000000.000
23320,2039,-4.394531,25000000.000
23321,2035,-6.347656,25000000.000
23322,2036,-5.859375,25000000.000
23323,2034,-6.835938,25000000.000
23324,2033,-7.324219,25000000.000
23325,2033,-7.324219,25000000.000
23326,2032,-7.812500,25000000.000
23327,2031,-8.300781,25000000.000
23328,2035,-6.347656,25000000.000
23329,2035,-6.347656,25000000.000
23330,2034,-6.835938,25000000.000
23331,2035,-6.347656,25000000.000
23332,2039,-4.394531,25000000.000
23333,2040,-3.906250,25000000.000
23334,2040,-3.906250,25000000.000
23335,2041,-3.417969,25000000.000
23336,2048,0.000000,25000000.000
23337,2047,-0.488281,25000000.000
23338,2049,0.488281,25000000.000
23339,2049,0.488281,25000000.000
23340,2053,2.441406,25000000.000
23341,2055,3.417969,25000000.000
23342,2057,4.394531,25000000.000
23343,2056,3.906250,25000000.000
23344,2058,4.882812,25000000.000
23345,2059,5.371094,25000000.000
23346,2058,4.882812,25000000.000
23347,2059,5.371094,25000000.000
23348,2057,4.394531,25000000.000
23349,2060,5.859375,25000000.000
23350,2057,4.394531,25000000.000
23351,2052,1.953125,25000000.000
23352,2051,1.464844,25000000.000
23353,2053,2.441406,25000000.000
23354,2051,1.464844,25000000.000
23355,2050,0.976562,25000000.000
23356,2045,-1.464844,25000000.000
23357,2045,-1.464844,25000000.000
23358,2040,-3.906250,25000000.000
23359,2041,-3.417969,25000000.000
23360,2037,-5.371094,25000000.000
23361,2038,-4.882812,25000000.000
23362,2034,-6.835938,25000000.000
23363,2034,-6.835938,25000000.000
23364,2033,-7.324219,25000000.000
23365,2032,-7.812500,25000000.000
23366,2033,-7.324219,25000000.000
23367,2032,-7.812500,25000000.000
23368,2033,-7.324219,25000000.000
23369,2029,-9.277344,25000000.000
23370,2036,-5.859375,25000000.000
23371,2036,-5.859375,25000000.000
23372,2041,-3.417969,25000000.000
23373,2039,-4.394531,25000000.000
23374,2040,-3.906250,25000000.000
23375,2038,-4.882812,25000000.000
23376,2040,-3.906250,25000000.000
23377,2045,-1.464844,25000000.000
23378,2048,0.000000,25000000.000
23379,2047,-0.488281,25000000.000
23380,2051,1.464844,25000000.000
23381,2050,0.976562,25000000.000
23382,2055,3.417969,25000000.000
23383,2057,4.394531,25000000.000
23384,2058,4.882812,25000000.000
23385,2055,3.417969,25000000.000
23386,2059,5.371094,25000000.000
23387,2058,4.882812,25000000.000
23388,2059,5.371094,25000000.000
23389,2060,5.859375,25000000.000
23390,2059,5.371094,25000000.000
23391,2057,4.394531,25000000.000
23392,2056,3.906250,25000000.000
23393,2055,3.417969,25000000.000
23394,2053,2.441406,25000000.000
23395,2052,1.953125,25000000.000
23396,2048,0.000000,25000000.000
23397,2047,-0.488281,25000000.000
23398,2043,-2.441406,25000000.000
23399,2044,-1.953125,25000000.000
23400,2042,-2.929688,25000000.000
23401,2039,-4.394531,25000000.000
23402,2037,-5.371094,25000000.000
23403,2037,-5.371094,25000000.000
23404,2034,-6.835938,25000000.000
23405,2032,-7.812500,25000000.000
23406,2034,-6.835938,25000000.000
23407,2033,-7.324219,25000000.000
23408,2032,-7.812500,25000000.000
23409,2032,-7.812500,25000000.000
23410,2033,-7.324219,25000000.000
23411,2033,-7.324219,25000000.000
23412,2033,-7.324219,25000000.000
23413,2036,-5.859375,25000000.000
23414,2038,-4.882812,25000000.000
23415,2037,-5.371094,25000000.000
23416,2040,-3.906250,25000000.000
23417,2042,-2.929688,25000000.000
23418,2046,-0.976562,25000000.000
23419,2046,-0.976562,25000000.000
23420,2048,0.000000,25000000.000
23421,2050,0.976562,25000000.000
23422,2052,1.953125,25000000.000
23423,2050,0.976562,25000000.000
23424,2055,3.417969,25000000.000
23425,2058,4.882812,25000000.000
23426,2057,4.394531,25000000.000
23427,2056,3.906250,25000000.000
23428,2059,5.371094,25000000.000
23429,2058,4.882812,25000000.000
23430,2056,3.906250,25000000.000
23431,2057,4.394531,25000000.000
23432,2057,4.394531,25000000.000
23433,2055,3.417969,25000000.000
23434,2054,2.929688,25000000.000
23435,2054,2.929688,25000000.000
23436,2052,1.953125,25000000.000
23437,2048,0.000000,25000000.000
23438,2046,-0.976562,25000000.000
23439,2047,-0.488281,25000000.000
23440,2044,-1.953125,25000000.000
23441,2040,-3.906250,25000000.000
23442,2039,-4.394531,25000000.000
23443,2039,-4.394531,25000000.000
23444,2036,-5.859375,25000000.000
23445,2036,-5.859375,25000000.000
23446,2033,-7.324219,25000000.000
23447,2034,-6.835938,25000000.000
23448,2032,-7.812500,25000000.000
23449,2033,-7.324219,25000000.000
23450,2035,-6.347656,25000000.000
23451,2034,-6.835938,25000000.000
23452,2034,-6.835938,25000000.000
23453,2035,-6.347656,25000000.000
23454,2038,-4.882812,25000000.000
23455,2037,-5.371094,25000000.000
23456,2039,-4.394531,25000000.000
23457,2041,-3.417969,25000000.000
23458,2043,-2.441406,25000000.000
23459,2043,-2.441406,25000000.000
23460,2047,-0.488281,25000000.000
23461,2049,0.488281,25000000.000
23462,2049,0.488281,25000000.000
23463,2050,0.976562,25000000.000
23464,2055,3.417969,25000000.000
23465,2055,3.417969,25000000.000
23466,2055,3.417969,25000000.000
23467,2056,3.906250,25000000.000
23468,2058,4.882812,25000000.000
23469,2057,4.394531,25000000.000
23470,2058,4.882812,25000000.000
23471,2060,5.859375,25000000.000
23472,2057,4.394531,25000000.000
23473,2055,3.417969,25000000.000
23474,2050,0.976562,25000000.000
23475,2055,3.417969,25000000.000
23476,2048,0.000000,25000000.000
23477,2054,2.929688,25000000.000
23478,2049,0.488281,25000000.000
23479,2051,1.464844,25000000.000
23480,2046,-0.976562,25000000.000
23481,2044,-1.953125,25000000.000
23482,2041,-3.417969,25000000.000
23483,2043,-2.441406,25000000.000
23484,2039,-4.394531,25000000.000
23485,2037,-5.371094,25000000.000
23486,2036,-5.859375,25000000.000
23487,2037,-5.371094,25000000.000
23488,2034,-6.835938,25000000.000
23489,2034,-6.835938,25000000.000
23490,2033,-7.324219,25000000.000
23491,2033,-7.324219,25000000.000
23492,2033,-7.324219,25000000.000
23493,2035,-6.347656,25000000.000
23494,2035,-6.347656,25000000.000
23495,2035,-6.347656,25000000.000
23496,2038,-4.882812,25000000.000
23497,2040,-3.906250,25000000.000
23498,2040,-3.906250,25000000.000
23499,2040,-3.906250,25000000.000
23500,2046,-0.976562,25000000.000
23501,2045,-1.464844,25000000.000
23502,2049,0.488281,25000000.000
23503,2049,0.488281,25000000.000
23504,2053,2.441406,25000000.000
23505,2053,2.441406,25000000.000
23506,2055,3.417969,25000000.000
23507,2055,3.417969,25000000.000
23508,2057,4.394531,25000000.000
23509,2058,4.882812,25000000.000
23510,2059,5.371094,25000000.000
23511,2061,6.347656,25000000.000
23512,2060,5.859375,25000000.000
23513,2063,7.324219,25000000.000
23514,2052,1.953125,25000000.000
23515,2061,6.347656,25000000.000
23516,2055,3.417969,25000000.000
23517,2051,1.464844,25000000.000
23518,2052,1.953125,25000000.000
23519,2050,0.976562,25000000.000
23520,2046,-0.976562,25000000.000
23521,2051,1.464844,25000000.000
23522,2043,-2.441406,25000000.000
23523,2041,-3.417969,25000000.000
23524,2039,-4.394531,25000000.000
23525,2041,-3.417969,25000000.000
23526,2035,-6.347656,25000000.000
23527,2034,-6.835938,25000000.000
23528,2034,-6.835938,25000000.000
23529,2034,-6.835938,25000000.000
23530,2032,-7.812500,25000000.000
23531,2031,-8.300781,25000000.000
23532,2033,-7.324219,25000000.000
23533,2033,-7.324219,25000000.000
23534,2032,-7.812500,25000000.000
23535,2033,-7.324219,25000000.000
23536,2035,-6.347656,25000000.000
23537,2037,-5.371094,25000000.000
23538,2039,-4.394531,25000000.000
23539,2039,-4.394531,25000000.000
23540,2041,-3.417969,25000000.000
23541,2044,-1.953125,25000000.000
23542,2045,-1.464844,25000000.000
23543,2046,-0.976562,25000000.000
23544,2049,0.488281,25000000.000
23545,2051,1.464844,25000000.000
23546,2054,2.929688,25000000.000
23547,2054,2.929688,25000000.000
23548,2056,3.906250,25000000.000
23549,2057,4.394531,25000000.000
23550,2058,4.882812,25000000.000
23551,2059,5.371094,25000000.000
23552,2059,5.371094,25000000.000
23553,2057,4.394531,25000000.000
23554,2058,4.882812,25000000.000
23555,2057,4.394531,25000000.000
23556,2057,4.394531,25000000.000
23557,2055,3.417969,25000000.000
23558,2052,1.953125,25000000.000
23559,2052,1.953125,25000000.000
23560,2049,0.488281,25000000.000
23561,2048,0.000000,25000000.000
23562,2045,-1.464844,25000000.000
23563,2045,-1.464844,25000000.000
23564,2042,-2.929688,25000000.000
23565,2038,-4.882812,25000000.000
23566,2037,-5.371094,25000000.000
23567,2037,-5.371094,25000000.000
23568,2036,-5.859375,25000000.000
23569,2033,-7.324219,25000000.000
23570,2033,-7.324219,25000000.000
23571,2033,-7.324219,25000000.000
23572,2031,-8.300781,25000000.000
23573,2032,-7.812500,25000000.000
23574,2032,-7.812500,25000000.000
23575,2033,-7.324219,25000000.000
23576,2033,-7.324219,25000000.000
23577,2036,-5.859375,25000000.000
23578,2037,-5.371094,25000000.000
23579,2037,-5.371094,25000000.000
23580,2038,-4.882812,25000000.000
23581,2042,-2.929688,25000000.000
23582,2043,-2.441406,25000000.000
23583,2044,-1.953125,25000000.000
23584,2048,0.000000,25000000.000
23585,2050,0.976562,25000000.000
23586,2051,1.464844,25000000.000
23587,2052,1.953125,25000000.000
23588,2055,3.417969,25000000.000
23589,2056,3.906250,25000000.000
23590,2057,4.394531,25000000.000
23591,2056,3.906250,25000000.000
23592,2058,4.882812,25000000.000
23593,2059,5.371094,25000000.000
23594,2057,4.394531,25000000.000
23595,2057,4.394531,25000000.000
23596,2055,3.417969,25000000.000
23597,2056,3.906250,25000000.000
23598,2053,2.441406,25000000.000
23599,2055,3.417969,25000000.000
23600,2051,1.464844,25000000.000
23601,2048,0.000000,25000000.000
23602,2047,-0.488281,25000000.000
23603,2049,0.488281,25000000.000
23604,2044,-1.953125,25000000.000
23605,2041,-3.417969,25000000.000
23606,2040,-3.906250,25000000.000
23607,2040,-3.906250,25000000.000
23608,2036,-5.859375,25000000.000
23609,2034,-6.835938,25000000.000
23610,2034,-6.835938,25000000.000
23611,2034,-6.835938,25000000.000
23612,2031,-8.300781,25000000.000
23613,2033,-7.324219,25000000.000
23614,2033,-7.324219,25000000.000
23615,2032,-7.812500,25000000.000
23616,2033,-7.324219,25000000.000
23617,2034,-6.835938,25000000.000
23618,2037,-5.371094,25000000.000
23619,2036,-5.859375,25000000.000
23620,2038,-4.882812,25000000.000
23621,2040,-3.906250,25000000.000
23622,2041,-3.417969,25000000.000
23623,2041,-3.417969,25000000.000
23624,2047,-0.488281,25000000.000
23625,2049,0.488281,25000000.000
23626,2049,0.488281,25000000.000
23627,2049,0.488281,25000000.000
23628,2053,2.441406,25000000.000
23629,2055,3.417969,25000000.000
23630,2055,3.417969,25000000.000
23631,2055,3.417969,25000000.000
23632,2057,4.394531,25000000.000
23633,2058,4.882812,25000000.000
23634,2060,5.859375,25000000.000
23635,2060,5.859375,25000000.000
23636,2057,4.394531,25000000.000
23637,2056,3.906250,25000000.000
23638,2057,4.394531,25000000.000
23639,2055,3.417969,25000000.000
23640,2053,2.441406,25000000.000
23641,2052,1.953125,25000000.000
23642,2052,1.953125,25000000.000
23643,2051,1.464844,25000000.000
23644,2046,-0.976562,25000000.000
23645,2045,-1.464844,25000000.000
23646,2043,-2.441406,25000000.000
23647,2044,-1.953125,25000000.000
23648,2038,-4.882812,25000000.000
23649,2037,-5.371094,25000000.000
23650,2037,-5.371094,25000000.000
23651,2037,-5.371094,25000000.000
23652,2035,-6.347656,25000000.000
23653,2034,-6.835938,25000000.000
23654,2034,-6.835938,25000000.000
23655,2032,-7.812500,25000000.000
23656,2031,-8.300781,25000000.000
23657,2034,-6.835938,25000000.000
23658,2035,-6.347656,25000000.000
23659,2034,-6.835938,25000000.000
23660,2035,-6.347656,25000000.000
23661,2039,-4.394531,25000000.000
23662,2040,-3.906250,25000000.000
23663,2041,-3.417969,25000000.000
23664,2043,-2.441406,25000000.000
23665,2046,-0.976562,25000000.000
23666,2047,-0.488281,25000000.000
23667,2049,0.488281,25000000.000
23668,2051,1.464844,25000000.000
23669,2051,1.464844,25000000.000
23670,2055,3.417969,25000000.000
23671,2055,3.417969,25000000.000
23672,2059,5.371094,25000000.000
23673,2056,3.906250,25000000.000
23674,2058,4.882812,25000000.000
23675,2059,5.371094,25000000.000
23676,2059,5.371094,25000000.000
23677,2058,4.882812,25000000.000
23678,2056,3.906250,25000000.000
23679,2057,4.394531,25000000.000
23680,2056,3.906250,25000000.000
23681,2055,3.417969,25000000.000
23682,2053,2.441406,25000000.000
23683,2053,2.441406,25000000.000
23684,2049,0.488281,25000000.000
23685,2046,-0.976562,25000000.000
23686,2045,-1.464844,25000000.000
23687,2044,-1.953125,25000000.000
23688,2042,-2.929688,25000000.000
23689,2039,-4.394531,25000000.000
23690,2037,-5.371094,25000000.000
23691,2036,-5.859375,25000000.000
23692,2035,-6.347656,25000000.000
23693,2035,-6.347656,25000000.000
23694,2032,-7.812500,25000000.000
23695,2032,-7.812500,25000000.000
23696,2033,-7.324219,25000000.000
23697,2033,-7.324219,25000000.000
23698,2032,-7.812500,25000000.000
23699,2034,-6.835938,25000000.000
23700,2034,-6.835938,25000000.000
23701,2036,-5.859375,25000000.000
23702,2038,-4.882812,25000000.000
23703,2040,-3.906250,25000000.000
23704,2043,-2.441406,25000000.000
23705,2043,-2.441406,25000000.000
23706,2046,-0.976562,25000000.000
23707,2045,-1.464844,25000000.000
23708,2049,0.488281,25000000.000
23709,2051,1.464844,25000000.000
23710,2053,2.441406,25000000.000
23711,2054,2.929688,25000000.000
23712,2056,3.906250,25000000.000
23713,2057,4.394531,25000000.000
23714,2058,4.882812,25000000.000
23715,2057,4.394531,25000000.000
23716,2059,5.371094,25000000.000
23717,2058,4.882812,25000000.000
23718,2060,5.859375,25000000.000
23719,2058,4.882812,25000000.000
23720,2056,3.906250,25000000.000
23721,2056,3.906250,25000000.000
23722,2055,3.417969,25000000.000
23723,2053,2.441406,25000000.000
23724,2051,1.464844,25000000.000
23725,2050,0.976562,25000000.000
23726,2046,-0.976562,25000000.000
23727,2046,-0.976562,25000000.000
23728,2044,-1.953125,25000000.000
23729,2040,-3.906250,25000000.000
23730,2039,-4.394531,25000000.000
23731,2040,-3.906250,25000000.000
23732,2036,-5.859375,25000000.000
23733,2035,-6.347656,25000000.000
23734,2033,-7.324219,25000000.000
23735,2033,-7.324219,25000000.000
23736,2032,-7.812500,25000000.000
23737,2032,-7.812500,25000000.000
23738,2032,-7.812500,25000000.000
23739,2033,-7.324219,25000000.000
23740,2033,-7.324219,25000000.000
23741,2035,-6.347656,25000000.000
23742,2036,-5.859375,25000000.000
23743,2038,-4.882812,25000000.000
23744,2038,-4.882812,25000000.000
23745,2041,-3.417969,25000000.000
23746,2043,-2.441406,25000000.000
23747,2043,-2.441406,25000000.000
23748,2047,-0.488281,25000000.000
23749,2049,0.488281,25000000.000
23750,2051,1.464844,25000000.000
23751,2051,1.464844,25000000.000
23752,2054,2.929688,25000000.000
23753,2055,3.417969,25000000.000
23754,2057,4.394531,25000000.000
23755,2057,4.394531,25000000.000
23756,2059,5.371094,25000000.000
23757,2058,4.882812,25000000.000
23758,2057,4.394531,25000000.000
23759,2058,4.882812,25000000.000
23760,2058,4.882812,25000000.000
23761,2056,3.906250,25000000.000
23762,2054,2.929688,25000000.000
23763,2054,2.929688,25000000.000
23764,2052,1.953125,25000000.000
23765,2050,0.976562,25000000.000
23766,2048,0.000000,25000000.000
23767,2048,0.000000,25000000.000
23768,2045,-1.464844,25000000.000
23769,2042,-2.929688,25000000.000
23770,2042,-2.929688,25000000.000
23771,2042,-2.929688,25000000.000
23772,2039,-4.394531,25000000.000
23773,2036,-5.859375,25000000.000
23774,2035,-6.347656,25000000.000
23775,2035,-6.347656,25000000.000
23776,2031,-8.300781,25000000.000
23777,2033,-7.324219,25000000.000
23778,2032,-7.812500,25000000.000
23779,2032,-7.812500,25000000.000
23780,2032,-7.812500,25000000.000
23781,2034,-6.835938,25000000.000
23782,2036,-5.859375,25000000.000
23783,2035,-6.347656,25000000.000
23784,2037,-5.371094,25000000.000
23785,2038,-4.882812,25000000.000
23786,2041,-3.417969,25000000.000
23787,2040,-3.906250,25000000.000
23788,2046,-0.976562,25000000.000
23789,2046,-0.976562,25000000.000
23790,2049,0.488281,25000000.000
23791,2049,0.488281,25000000.000
23792,2053,2.441406,25000000.000
23793,2054,2.929688,25000000.000
23794,2053,2.441406,25000000.000
23795,2054,2.929688,25000000.000
23796,2054,2.929688,25000000.000
23797,2061,6.347656,25000000.000
23798,2053,2.441406,25000000.000
23799,2053,2.441406,25000000.000
23800,2055,3.417969,25000000.000
23801,2059,5.371094,25000000.000
23802,2054,2.929688,25000000.000
23803,2056,3.906250,25000000.000
23804,2052,1.953125,25000000.000
23805,2053,2.441406,25000000.000
23806,2050,0.976562,25000000.000
23807,2050,0.976562,25000000.000
23808,2047,-0.488281,25000000.000
23809,2046,-0.976562,25000000.000
23810,2042,-2.929688,25000000.000
23811,2043,-2.441406,25000000.000
23812,2039,-4.394531,25000000.000
23813,2038,-4.882812,25000000.000
23814,2038,-4.882812,25000000.000
23815,2037,-5.371094,25000000.000
23816,2033,-7.324219,25000000.000
23817,2033,-7.324219,25000000.000
23818,2033,-7.324219,25000000.000
23819,2032,-7.812500,25000000.000
23820,2031,-8.300781,25000000.000
23821,2034,-6.835938,25000000.000
23822,2039,-4.394531,25000000.000
23823,2039,-4.394531,25000000.000
23824,2038,-4.882812,25000000.000
23825,2037,-5.371094,25000000.000
23826,2042,-2.929688,25000000.000
23827,2047,-0.488281,25000000.000
23828,2049,0.488281,25000000.000
23829,2033,-7.324219,25000000.000
23830,2055,3.417969,25000000.000
23831,2054,2.929688,25000000.000
23832,2053,2.441406,25000000.000
23833,2049,0.488281,25000000.000
23834,2058,4.882812,25000000.000
23835,2058,4.882812,25000000.000
23836,2058,4.882812,25000000.000
23837,2055,3.417969,25000000.000
23838,2059,5.371094,25000000.000
23839,2059,5.371094,25000000.000
23840,2058,4.882812,25000000.000
23841,2057,4.394531,25000000.000
23842,2058,4.882812,25000000.000
23843,2058,4.882812,25000000.000
23844,2054,2.929688,25000000.000
23845,2054,2.929688,25000000.000
23846,2052,1.953125,25000000.000
23847,2051,1.464844,25000000.000
23848,2048,0.000000,25000000.000
23849,2049,0.488281,25000000.000
23850,2045,-1.464844,25000000.000
23851,2046,-0.976562,25000000.000
23852,2041,-3.417969,25000000.000
23853,2039,-4.394531,25000000.000
23854,2037,-5.371094,25000000.000
23855,2036,-5.859375,25000000.000
23856,2037,-5.371094,25000000.000
23857,2037,-5.371094,25000000.000
23858,2030,-8.789062,25000000.000
23859,2034,-6.835938,25000000.000
23860,2029,-9.277344,25000000.000
23861,2039,-4.394531,25000000.000
23862,2028,-9.765625,25000000.000
23863,2031,-8.300781,25000000.000
23864,2037,-5.371094,25000000.000
23865,2034,-6.835938,25000000.000
23866,2036,-5.859375,25000000.000
23867,2037,-5.371094,25000000.000
23868,2041,-3.417969,25000000.000
23869,2043,-2.441406,25000000.000
23870,2045,-1.464844,25000000.000
23871,2046,-0.976562,25000000.000
23872,2050,0.976562,25000000.000
23873,2047,-0.488281,25000000.000
23874,2056,3.906250,25000000.000
23875,2061,6.347656,25000000.000
23876,2059,5.371094,25000000.000
23877,2053,2.441406,25000000.000
23878,2060,5.859375,25000000.000
23879,2059,5.371094,25000000.000
23880,2058,4.882812,25000000.000
23881,2059,5.371094,25000000.000
23882,2061,6.347656,25000000.000
23883,2058,4.882812,25000000.000
23884,2058,4.882812,25000000.000
23885,2058,4.882812,25000000.000
23886,2053,2.441406,25000000.000
23887,2054,2.929688,25000000.000
23888,2051,1.464844,25000000.000
23889,2053,2.441406,25000000.000
23890,2047,-0.488281,25000000.000
23891,2046,-0.976562,25000000.000
23892,2043,-2.441406,25000000.000
23893,2045,-1.464844,25000000.000
23894,2041,-3.417969,25000000.000
23895,2040,-3.906250,25000000.000
23896,2037,-5.371094,25000000.000
23897,2037,-5.371094,25000000.000
23898,2033,-7.324219,25000000.000
23899,2035,-6.347656,25000000.000
23900,2034,-6.835938,25000000.000
23901,2032,-7.812500,25000000.000
23902,2034,-6.835938,25000000.000
23903,2033,-7.324219,25000000.000
23904,2034,-6.835938,25000000.000
23905,2035,-6.347656,25000000.000
23906,2037,-5.371094,25000000.000
23907,2036,-5.859375,25000000.000
23908,2039,-4.394531,25000000.000
23909,2041,-3.417969,25000000.000
23910,2042,-2.929688,25000000.000
23911,2042,-2.929688,25000000.000
23912,2045,-1.464844,25000000.000
23913,2049,0.488281,25000000.000
23914,2050,0.976562,25000000.000
23915,2052,1.953125,25000000.000
23916,2053,2.441406,25000000.000
23917,2055,3.417969,25000000.000
23918,2058,4.882812,25000000.000
23919,2057,4.394531,25000000.000
23920,2058,4.882812,25000000.000
23921,2059,5.371094,25000000.000
23922,2059,5.371094,25000000.000
23923,2058,4.882812,25000000.000
23924,2058,4.882812,25000000.000
23925,2057,4.394531,25000000.000
23926,2055,3.417969,25000000.000
23927,2054,2.929688,25000000.000
23928,2053,2.441406,25000000.000
23929,2053,2.441406,25000000.000
23930,2048,0.000000,25000000.000
23931,2049,0.488281,25000000.000
23932,2046,-0.976562,25000000.000
23933,2042,-2.929688,25000000.000
23934,2042,-2.929688,25000000.000
23935,2042,-2.929688,25000000.000
23936,2038,-4.882812,25000000.000
23937,2036,-5.859375,25000000.000
23938,2037,-5.371094,25000000.000
23939,2036,-5.859375,25000000.000
23940,2032,-7.812500,25000000.000
23941,2032,-7.812500,25000000.000
23942,2033,-7.324219,25000000.000
23943,2032,-7.812500,25000000.000
23944,2030,-8.789062,25000000.000
23945,2034,-6.835938,25000000.000
23946,2035,-6.347656,25000000.000
23947,2034,-6.835938,25000000.000
23948,2037,-5.371094,25000000.000
23949,2040,-3.906250,25000000.000
23950,2040,-3.906250,25000000.000
23951,2043,-2.441406,25000000.000
23952,2042,-2.929688,25000000.000
23953,2045,-1.464844,25000000.000
23954,2047,-0.488281,25000000.000
23955,2047,-0.488281,25000000.000
23956,2052,1.953125,25000000.000
23957,2053,2.441406,25000000.000
23958,2050,0.976562,25000000.000
23959,2051,1.464844,25000000.000
23960,2056,3.906250,25000000.000
23961,2059,5.371094,25000000.000
23962,2058,4.882812,25000000.000
23963,2057,4.394531,25000000.000
23964,2057,4.394531,25000000.000
23965,2058,4.882812,25000000.000
23966,2056,3.906250,25000000.000
23967,2057,4.394531,25000000.000
23968,2055,3.417969,25000000.000
23969,2052,1.953125,25000000.000
23970,2051,1.464844,25000000.000
23971,2052,1.953125,25000000.000
23972,2049,0.488281,25000000.000
23973,2046,-0.976562,25000000.000
23974,2043,-2.441406,25000000.000
23975,2043,-2.441406,25000000.000
23976,2039,-4.394531,25000000.000
23977,2037,-5.371094,25000000.000
23978,2038,-4.882812,25000000.000
23979,2037,-5.371094,25000000.000
23980,2032,-7.812500,25000000.000
23981,2032,-7.812500,25000000.000
23982,2033,-7.324219,25000000.000
23983,2033,-7.324219,25000000.000
23984,2032,-7.812500,25000000.000
23985,2033,-7.324219,25000000.000
23986,2034,-6.835938,25000000.000
23987,2032,-7.812500,25000000.000
23988,2036,-5.859375,25000000.000
23989,2036,-5.859375,25000000.000
23990,2040,-3.906250,25000000.000
23991,2037,-5.371094,25000000.000
23992,2042,-2.929688,25000000.000
23993,2042,-2.929688,25000000.000
23994,2045,-1.464844,25000000.000
23995,2046,-0.976562,25000000.000
23996,2048,0.000000,25000000.000
23997,2052,1.953125,25000000.000
23998,2054,2.929688,25000000.000
23999,2056,3.906250,25000000.000
24000,2056,3.906250,25000000.000
24001,2056,3.906250,25000000.000
24002,2057,4.394531,25000000.000
24003,2056,3.906250,25000000.000
24004,2059,5.371094,25000000.000
24005,2059,5.371094,25000000.000
24006,2058,4.882812,25000000.000
24007,2057,4.394531,25000000.000
24008,2055,3.417969,25000000.000
24009,2056,3.906250,25000000.000
24010,2052,1.953125,25000000.000
24011,2054,2.929688,25000000.000
24012,2048,0.000000,25000000.000
24013,2049,0.488281,25000000.000
24014,2046,-0.976562,25000000.000
24015,2046,-0.976562,25000000.000
24016,2041,-3.417969,25000000.000
24017,2042,-2.929688,25000000.000
24018,2040,-3.906250,25000000.000
24019,2039,-4.394531,25000000.000
24020,2037,-5.371094,25000000.000
24021,2037,-5.371094,25000000.000
24022,2035,-6.347656,25000000.000
24023,2034,-6.835938,25000000.000
24024,2034,-6.835938,25000000.000
24025,2033,-7.324219,25000000.000
24026,2033,-7.324219,25000000.000
24027,2034,-6.835938,25000000.000
24028,2036,-5.859375,25000000.000
24029,2038,-4.882812,25000000.000
24030,2037,-5.371094,25000000.000
24031,2037,-5.371094,25000000.000
24032,2040,-3.906250,25000000.000
24033,2040,-3.906250,25000000.000
24034,2046,-0.976562,25000000.000
24035,2047,-0.488281,25000000.000
24036,2051,1.464844,25000000.000
24037,2047,-0.488281,25000000.000
24038,2053,2.441406,25000000.000
24039,2052,1.953125,25000000.000
24040,2055,3.417969,25000000.000
24041,2056,3.906250,25000000.000
24042,2058,4.882812,25000000.000
24043,2057,4.394531,25000000.000
24044,2057,4.394531,25000000.000
24045,2059,5.371094,25000000.000
24046,2058,4.882812,25000000.000
24047,2058,4.882812,25000000.000
24048,2058,4.882812,25000000.000
24049,2056,3.906250,25000000.000
24050,2055,3.417969,25000000.000
24051,2055,3.417969,25000000.000
24052,2053,2.441406,25000000.000
24053,2050,0.976562,25000000.000
24054,2050,0.976562,25000000.000
24055,2049,0.488281,25000000.000
24056,2046,-0.976562,25000000.000
24057,2043,-2.441406,25000000.000
24058,2040,-3.906250,25000000.000
24059,2040,-3.906250,25000000.000
24060,2036,-5.859375,25000000.000
24061,2036,-5.859375,25000000.000
24062,2035,-6.347656,25000000.000
24063,2035,-6.347656,25000000.000
24064,2034,-6.835938,25000000.000
24065,2033,-7.324219,25000000.000
24066,2032,-7.812500,25000000.000
24067,2033,-7.324219,25000000.000
24068,2035,-6.347656,25000000.000
24069,2034,-6.835938,25000000.000
24070,2036,-5.859375,25000000.000
24071,2035,-6.347656,25000000.000
24072,2038,-4.882812,25000000.000
24073,2035,-6.347656,25000000.000
24074,2043,-2.441406,25000000.000
24075,2043,-2.441406,25000000.000
24076,2048,0.000000,25000000.000
24077,2052,1.953125,25000000.000
24078,2051,1.464844,25000000.000
24079,2052,1.953125,25000000.000
24080,2050,0.976562,25000000.000
24081,2053,2.441406,25000000.000
24082,2057,4.394531,25000000.000
24083,2056,3.906250,25000000.000
24084,2058,4.882812,25000000.000
24085,2059,5.371094,25000000.000
24086,2058,4.882812,25000000.000
24087,2058,4.882812,25000000.000
24088,2060,5.859375,25000000.000
24089,2059,5.371094,25000000.000
24090,2056,3.906250,25000000.000
24091,2055,3.417969,25000000.000
24092,2053,2.441406,25000000.000
24093,2055,3.417969,25000000.000
24094,2050,0.976562,25000000.000
24095,2050,0.976562,25000000.000
24096,2047,-0.488281,25000000.000
24097,2045,-1.464844,25000000.000
24098,2042,-2.929688,25000000.000
24099,2042,-2.929688,25000000.000
24100,2040,-3.906250,25000000.000
24101,2038,-4.882812,25000000.000
24102,2037,-5.371094,25000000.000
24103,2037,-5.371094,25000000.000
24104,2033,-7.324219,25000000.000
24105,2032,-7.812500,25000000.000
24106,2034,-6.835938,25000000.000
24107,2033,-7.324219,25000000.000
24108,2032,-7.812500,25000000.000
24109,2033,-7.324219,25000000.000
24110,2032,-7.812500,25000000.000
24111,2034,-6.835938,25000000.000
24112,2035,-6.347656,25000000.000
24113,2037,-5.371094,25000000.000
24114,2041,-3.417969,25000000.000
24115,2039,-4.394531,25000000.000
24116,2043,-2.441406,25000000.000
24117,2045,-1.464844,25000000.000
24118,2047,-0.488281,25000000.000
24119,2047,-0.488281,25000000.000
24120,2051,1.464844,25000000.000
24121,2051,1.464844,25000000.000
24122,2054,2.929688,25000000.000
24123,2054,2.929688,25000000.000
24124,2056,3.906250,25000000.000
24125,2057,4.394531,25000000.000
24126,2058,4.882812,25000000.000
24127,2057,4.394531,25000000.000
24128,2058,4.882812,25000000.000
24129,2059,5.371094,25000000.000
24130,2058,4.882812,25000000.000
24131,2058,4.882812,25000000.000
24132,2055,3.417969,25000000.000
24133,2053,2.441406,25000000.000
24134,2052,1.953125,25000000.000
24135,2052,1.953125,25000000.000
24136,2049,0.488281,25000000.000
24137,2045,-1.464844,25000000.000
24138,2045,-1.464844,25000000.000
24139,2045,-1.464844,25000000.000
24140,2040,-3.906250,25000000.000
24141,2039,-4.394531,25000000.000
24142,2037,-5.371094,25000000.000
24143,2037,-5.371094,25000000.000
24144,2033,-7.324219,25000000.000
24145,2034,-6.835938,25000000.000
24146,2032,-7.812500,25000000.000
24147,2032,-7.812500,25000000.000
24148,2032,-7.812500,25000000.000
24149,2033,-7.324219,25000000.000
24150,2035,-6.347656,25000000.000
24151,2034,-6.835938,25000000.000
24152,2033,-7.324219,25000000.000
24153,2036,-5.859375,25000000.000
24154,2038,-4.882812,25000000.000
24155,2036,-5.859375,25000000.000
24156,2042,-2.929688,25000000.000
24157,2044,-1.953125,25000000.000
24158,2043,-2.441406,25000000.000
24159,2043,-2.441406,25000000.000
24160,2049,0.488281,25000000.000
24161,2051,1.464844,25000000.000
24162,2051,1.464844,25000000.000
24163,2052,1.953125,25000000.000
24164,2057,4.394531,25000000.000
24165,2055,3.417969,25000000.000
24166,2056,3.906250,25000000.000
24167,2057,4.394531,25000000.000
24168,2058,4.882812,25000000.000
24169,2059,5.371094,25000000.000
24170,2057,4.394531,25000000.000
24171,2060,5.859375,25000000.000
24172,2058,4.882812,25000000.000
24173,2054,2.929688,25000000.000
24174,2053,2.441406,25000000.000
24175,2054,2.929688,25000000.000
24176,2049,0.488281,25000000.000
24177,2048,0.000000,25000000.000
24178,2047,-0.488281,25000000.000
24179,2046,-0.976562,25000000.000
24180,2042,-2.929688,25000000.000
24181,2043,-2.441406,25000000.000
24182,2040,-3.906250,25000000.000
24183,2039,-4.394531,25000000.000
24184,2036,-5.859375,25000000.000
24185,2036,-5.859375,25000000.000
24186,2033,-7.324219,25000000.000
24187,2033,-7.324219,25000000.000
24188,2033,-7.324219,25000000.000
24189,2033,-7.324219,25000000.000
24190,2031,-8.300781,25000000.000
24191,2031,-8.300781,25000000.000
24192,2034,-6.835938,25000000.000
24193,2035,-6.347656,25000000.000
24194,2035,-6.347656,25000000.000
24195,2036,-5.859375,25000000.000
24196,2038,-4.882812,25000000.000
24197,2040,-3.906250,25000000.000
24198,2042,-2.929688,25000000.000
24199,2043,-2.441406,25000000.000
24200,2046,-0.976562,25000000.000
24201,2049,0.488281,25000000.000
24202,2051,1.464844,25000000.000
24203,2051,1.464844,25000000.000
24204,2051,1.464844,25000000.000
24205,2055,3.417969,25000000.000
24206,2053,2.441406,25000000.000
24207,2055,3.417969,25000000.000
24208,2053,2.441406,25000000.000
24209,2060,5.859375,25000000.000
24210,2059,5.371094,25000000.000
24211,2059,5.371094,25000000.000
24212,2056,3.906250,25000000.000
24213,2059,5.371094,25000000.000
24214,2055,3.417969,25000000.000
24215,2057,4.394531,25000000.000
24216,2054,2.929688,25000000.000
24217,2049,0.488281,25000000.000
24218,2048,0.000000,25000000.000
24219,2049,0.488281,25000000.000
24220,2045,-1.464844,25000000.000
24221,2044,-1.953125,25000000.000
24222,2040,-3.906250,25000000.000
24223,2039,-4.394531,25000000.000
24224,2038,-4.882812,25000000.000
24225,2036,-5.859375,25000000.000
24226,2034,-6.835938,25000000.000
24227,2034,-6.835938,25000000.000
24228,2033,-7.324219,25000000.000
24229,2033,-7.324219,25000000.000
24230,2032,-7.812500,25000000.000
24231,2032,-7.812500,25000000.000
24232,2035,-6.347656,25000000.000
24233,2034,-6.835938,25000000.000
24234,2034,-6.835938,25000000.000
24235,2035,-6.347656,25000000.000
24236,2038,-4.882812,25000000.000
24237,2040,-3.906250,25000000.000
24238,2041,-3.417969,25000000.000
24239,2043,-2.441406,25000000.000
24240,2045,-1.464844,25000000.000
24241,2046,-0.976562,25000000.000
24242,2050,0.976562,25000000.000
24243,2051,1.464844,25000000.000
24244,2052,1.953125,25000000.000
24245,2054,2.929688,25000000.000
24246,2056,3.906250,25000000.000
24247,2057,4.394531,25000000.000
24248,2058,4.882812,25000000.000
24249,2060,5.859375,25000000.000
24250,2060,5.859375,25000000.000
24251,2058,4.882812,25000000.000
24252,2060,5.859375,25000000.000
24253,2059,5.371094,25000000.000
24254,2059,5.371094,25000000.000
24255,2057,4.394531,25000000.000
24256,2055,3.417969,25000000.000
24257,2054,2.929688,25000000.000
24258,2051,1.464844,25000000.000
24259,2051,1.464844,25000000.000
24260,2049,0.488281,25000000.000
24261,2046,-0.976562,25000000.000
24262,2043,-2.441406,25000000.000
24263,2043,-2.441406,25000000.000
24264,2041,-3.417969,25000000.000
24265,2039,-4.394531,25000000.000
24266,2037,-5.371094,25000000.000
24267,2038,-4.882812,25000000.000
24268,2034,-6.835938,25000000.000
24269,2033,-7.324219,25000000.000
24270,2034,-6.835938,25000000.000
24271,2034,-6.835938,25000000.000
24272,2032,-7.812500,25000000.000
24273,2033,-7.324219,25000000.000
24274,2035,-6.347656,25000000.000
24275,2036,-5.859375,25000000.000
24276,2034,-6.835938,25000000.000
24277,2039,-4.394531,25000000.000
24278,2040,-3.906250,25000000.000
24279,2041,-3.417969,25000000.000
24280,2042,-2.929688,25000000.000
24281,2045,-1.464844,25000000.000
24282,2047,-0.488281,25000000.000
24283,2047,-0.488281,25000000.000
24284,2049,0.488281,25000000.000
24285,2051,1.464844,25000000.000
24286,2054,2.929688,25000000.000
24287,2054,2.929688,25000000.000
24288,2056,3.906250,25000000.000
24289,2057,4.394531,25000000.000
24290,2057,4.394531,25000000.000
24291,2057,4.394531,25000000.000
24292,2060,5.859375,25000000.000
24293,2059,5.371094,25000000.000
24294,2056,3.906250,25000000.000
24295,2057,4.394531,25000000.000
24296,2056,3.906250,25000000.000
24297,2054,2.929688,25000000.000
24298,2052,1.953125,25000000.000
24299,2053,2.441406,25000000.000
24300,2051,1.464844,25000000.000
24301,2048,0.000000,25000000.000
24302,2047,-0.488281,25000000.000
24303,2047,-0.488281,25000000.000
24304,2043,-2.441406,25000000.000
24305,2041,-3.417969,25000000.000
24306,2038,-4.882812,25000000.000
24307,2039,-4.394531,25000000.000
24308,2035,-6.347656,25000000.000
24309,2035,-6.347656,25000000.000
24310,2034,-6.835938,25000000.000
24311,2034,-6.835938,25000000.000
24312,2033,-7.324219,25000000.000
24313,2034,-6.835938,25000000.000
24314,2034,-6.835938,25000000.000
24315,2033,-7.324219,25000000.000
24316,2034,-6.835938,25000000.000
24317,2037,-5.371094,25000000.000
24318,2038,-4.882812,25000000.000
24319,2038,-4.882812,25000000.000
24320,2040,-3.906250,25000000.000
24321,2041,-3.417969,25000000.000
24322,2043,-2.441406,25000000.000
24323,2044,-1.953125,25000000.000
24324,2047,-0.488281,25000000.000
24325,2050,0.976562,25000000.000
24326,2050,0.976562,25000000.000
24327,2050,0.976562,25000000.000
24328,2054,2.929688,25000000.000
24329,2055,3.417969,25000000.000
24330,2056,3.906250,25000000.000
24331,2056,3.906250,25000000.000
24332,2059,5.371094,25000000.000
24333,2057,4.394531,25000000.000
24334,2058,4.882812,25000000.000
24335,2059,5.371094,25000000.000
24336,2057,4.394531,25000000.000
24337,2055,3.417969,25000000.000
24338,2054,2.929688,25000000.000
24339,2055,3.417969,25000000.000
24340,2052,1.953125,25000000.000
24341,2049,0.488281,25000000.000
24342,2048,0.000000,25000000.000
24343,2048,0.000000,25000000.000
24344,2043,-2.441406,25000000.000
24345,2043,-2.441406,25000000.000
24346,2040,-3.906250,25000000.000
24347,2040,-3.906250,25000000.000
24348,2036,-5.859375,25000000.000
24349,2036,-5.859375,25000000.000
24350,2034,-6.835938,25000000.000
24351,2033,-7.324219,25000000.000
24352,2033,-7.324219,25000000.000
24353,2032,-7.812500,25000000.000
24354,2033,-7.324219,25000000.000
24355,2032,-7.812500,25000000.000
24356,2033,-7.324219,25000000.000
24357,2035,-6.347656,25000000.000
24358,2034,-6.835938,25000000.000
24359,2035,-6.347656,25000000.000
24360,2040,-3.906250,25000000.000
24361,2040,-3.906250,25000000.000
24362,2039,-4.394531,25000000.000
24363,2041,-3.417969,25000000.000
24364,2046,-0.976562,25000000.000
24365,2047,-0.488281,25000000.000
24366,2049,0.488281,25000000.000
24367,2049,0.488281,25000000.000
24368,2051,1.464844,25000000.000
24369,2052,1.953125,25000000.000
24370,2058,4.882812,25000000.000
24371,2058,4.882812,25000000.000
24372,2057,4.394531,25000000.000
24373,2056,3.906250,25000000.000
24374,2060,5.859375,25000000.000
24375,2056,3.906250,25000000.000
24376,2060,5.859375,25000000.000
24377,2059,5.371094,25000000.000
24378,2057,4.394531,25000000.000
24379,2057,4.394531,25000000.000
24380,2052,1.953125,25000000.000
24381,2052,1.953125,25000000.000
24382,2050,0.976562,25000000.000
24383,2050,0.976562,25000000.000
24384,2048,0.000000,25000000.000
24385,2043,-2.441406,25000000.000
24386,2043,-2.441406,25000000.000
24387,2042,-2.929688,25000000.000
24388,2040,-3.906250,25000000.000
24389,2036,-5.859375,25000000.000
24390,2035,-6.347656,25000000.000
24391,2036,-5.859375,25000000.000
24392,2033,-7.324219,25000000.000
24393,2034,-6.835938,25000000.000
24394,2031,-8.300781,25000000.000
24395,2032,-7.812500,25000000.000
24396,2032,-7.812500,25000000.000
24397,2032,-7.812500,25000000.000
24398,2032,-7.812500,25000000.000
24399,2034,-6.835938,25000000.000
24400,2036,-5.859375,25000000.000
24401,2036,-5.859375,25000000.000
24402,2040,-3.906250,25000000.000
24403,2039,-4.394531,25000000.000
24404,2043,-2.441406,25000000.000
24405,2045,-1.464844,25000000.000
24406,2047,-0.488281,25000000.000
24407,2047,-0.488281,25000000.000
24408,2051,1.464844,25000000.000
24409,2053,2.441406,25000000.000
24410,2055,3.417969,25000000.000
24411,2054,2.929688,25000000.000
24412,2056,3.906250,25000000.000
24413,2058,4.882812,25000000.000
24414,2060,5.859375,25000000.000
24415,2059,5.371094,25000000.000
24416,2059,5.371094,25000000.000
24417,2058,4.882812,25000000.000
24418,2058,4.882812,25000000.000
24419,2058,4.882812,25000000.000
24420,2055,3.417969,25000000.000
24421,2054,2.929688,25000000.000
24422,2054,2.929688,25000000.000
24423,2052,1.953125,25000000.000
24424,2049,0.488281,25000000.000
24425,2048,0.000000,25000000.000
24426,2043,-2.441406,25000000.000
24427,2043,-2.441406,25000000.000
24428,2041,-3.417969,25000000.000
24429,2039,-4.394531,25000000.000
24430,2037,-5.371094,25000000.000
24431,2038,-4.882812,25000000.000
24432,2035,-6.347656,25000000.000
24433,2033,-7.324219,25000000.000
24434,2033,-7.324219,25000000.000
24435,2033,-7.324219,25000000.000
24436,2034,-6.835938,25000000.000
24437,2031,-8.300781,25000000.000
24438,2033,-7.324219,25000000.000
24439,2034,-6.835938,25000000.000
24440,2034,-6.835938,25000000.000
24441,2037,-5.371094,25000000.000
24442,2039,-4.394531,25000000.000
24443,2038,-4.882812,25000000.000
24444,2041,-3.417969,25000000.000
24445,2045,-1.464844,25000000.000
24446,2046,-0.976562,25000000.000
24447,2046,-0.976562,25000000.000
24448,2049,0.488281,25000000.000
24449,2051,1.464844,25000000.000
24450,2054,2.929688,25000000.000
24451,2053,2.441406,25000000.000
24452,2058,4.882812,25000000.000
24453,2058,4.882812,25000000.000
24454,2059,5.371094,25000000.000
24455,2057,4.394531,25000000.000
24456,2060,5.859375,25000000.000
24457,2059,5.371094,25000000.000
24458,2058,4.882812,25000000.000
24459,2057,4.394531,25000000.000
24460,2056,3.906250,25000000.000
24461,2056,3.906250,25000000.000
24462,2055,3.417969,25000000.000
24463,2054,2.929688,25000000.000
24464,2050,0.976562,25000000.000
24465,2048,0.000000,25000000.000
24466,2047,-0.488281,25000000.000
24467,2048,0.000000,25000000.000
24468,2044,-1.953125,25000000.000
24469,2041,-3.417969,25000000.000
24470,2040,-3.906250,25000000.000
24471,2039,-4.394531,25000000.000
24472,2037,-5.371094,25000000.000
24473,2035,-6.347656,25000000.000
24474,2037,-5.371094,25000000.000
24475,2036,-5.859375,25000000.000
24476,2031,-8.300781,25000000.000
24477,2037,-5.371094,25000000.000
24478,2024,-11.718750,25000000.000
24479,2033,-7.324219,25000000.000
24480,2034,-6.835938,25000000.000
24481,2035,-6.347656,25000000.000
24482,2038,-4.882812,25000000.000
24483,2038,-4.882812,25000000.000
24484,2040,-3.906250,25000000.000
24485,2039,-4.394531,25000000.000
24486,2045,-1.464844,25000000.000
24487,2042,-2.929688,25000000.000
24488,2048,0.000000,25000000.000
24489,2049,0.488281,25000000.000
24490,2051,1.464844,25000000.000
24491,2049,0.488281,25000000.000
24492,2054,2.929688,25000000.000
24493,2055,3.417969,25000000.000
24494,2056,3.906250,25000000.000
24495,2057,4.394531,25000000.000
24496,2059,5.371094,25000000.000
24497,2058,4.882812,25000000.000
24498,2058,4.882812,25000000.000
24499,2059,5.371094,25000000.000
24500,2056,3.906250,25000000.000
24501,2055,3.417969,25000000.000
24502,2057,4.394531,25000000.000
24503,2057,4.394531,25000000.000
24504,2053,2.441406,25000000.000
24505,2051,1.464844,25000000.000
24506,2050,0.976562,25000000.000
24507,2049,0.488281,25000000.000
24508,2045,-1.464844,25000000.000
24509,2045,-1.464844,25000000.000
24510,2042,-2.929688,25000000.000
24511,2042,-2.929688,25000000.000
24512,2038,-4.882812,25000000.000
24513,2036,-5.859375,25000000.000
24514,2025,-11.230469,25000000.000
24515,2037,-5.371094,25000000.000
24516,2034,-6.835938,25000000.000
24517,2032,-7.812500,25000000.000
24518,2031,-8.300781,25000000.000
24519,2031,-8.300781,25000000.000
24520,2033,-7.324219,25000000.000
24521,2035,-6.347656,25000000.000
24522,2035,-6.347656,25000000.000
24523,2032,-7.812500,25000000.000
24524,2037,-5.371094,25000000.000
24525,2040,-3.906250,25000000.000
24526,2041,-3.417969,25000000.000
24527,2040,-3.906250,25000000.000
24528,2044,-1.953125,25000000.000
24529,2047,-0.488281,25000000.000
24530,2048,0.000000,25000000.000
24531,2049,0.488281,25000000.000
24532,2053,2.441406,25000000.000
24533,2053,2.441406,25000000.000
24534,2054,2.929688,25000000.000
24535,2054,2.929688,25000000.000
24536,2057,4.394531,25000000.000
24537,2057,4.394531,25000000.000
24538,2059,5.371094,25000000.000
24539,2058,4.882812,25000000.000
24540,2056,3.906250,25000000.000
24541,2057,4.394531,25000000.000
24542,2057,4.394531,25000000.000
24543,2057,4.394531,25000000.000
24544,2054,2.929688,25000000.000
24545,2052,1.953125,25000000.000
24546,2051,1.464844,25000000.000
24547,2052,1.953125,25000000.000
24548,2046,-0.976562,25000000.000
24549,2045,-1.464844,25000000.000
24550,2046,-0.976562,25000000.000
24551,2045,-1.464844,25000000.000
24552,2043,-2.441406,25000000.000
24553,2033,-7.324219,25000000.000
24554,2041,-3.417969,25000000.000
24555,2034,-6.835938,25000000.000
24556,2032,-7.812500,25000000.000
24557,2035,-6.347656,25000000.000
24558,2032,-7.812500,25000000.000
24559,2032,-7.812500,25000000.000
24560,2033,-7.324219,25000000.000
24561,2033,-7.324219,25000000.000
24562,2032,-7.812500,25000000.000
24563,2034,-6.835938,25000000.000
24564,2035,-6.347656,25000000.000
24565,2035,-6.347656,25000000.000
24566,2038,-4.882812,25000000.000
24567,2040,-3.906250,25000000.000
24568,2042,-2.929688,25000000.000
24569,2043,-2.441406,25000000.000
24570,2047,-0.488281,25000000.000
24571,2046,-0.976562,25000000.000
24572,2049,0.488281,25000000.000
24573,2051,1.464844,25000000.000
24574,2053,2.441406,25000000.000
24575,2055,3.417969,25000000.000
24576,2055,3.417969,25000000.000
24577,2056,3.906250,25000000.000
24578,2058,4.882812,25000000.000
24579,2060,5.859375,25000000.000
24580,2058,4.882812,25000000.000
24581,2058,4.882812,25000000.000
24582,2058,4.882812,25000000.000
24583,2058,4.882812,25000000.000
24584,2056,3.906250,25000000.000
24585,2056,3.906250,25000000.000
24586,2053,2.441406,25000000.000
24587,2050,0.976562,25000000.000
24588,2049,0.488281,25000000.000
24589,2049,0.488281,25000000.000
24590,2046,-0.976562,25000000.000
24591,2044,-1.953125,25000000.000
24592,2042,-2.929688,25000000.000
24593,2040,-3.906250,25000000.000
24594,2037,-5.371094,25000000.000
24595,2037,-5.371094,25000000.000
24596,2035,-6.347656,25000000.000
24597,2034,-6.835938,25000000.000
24598,2033,-7.324219,25000000.000
24599,2033,-7.324219,25000000.000
24600,2033,-7.324219,25000000.000
24601,2032,-7.812500,25000000.000
24602,2034,-6.835938,25000000.000
24603,2032,-7.812500,25000000.000
24604,2035,-6.347656,25000000.000
24605,2036,-5.859375,25000000.000
24606,2037,-5.371094,25000000.000
24607,2038,-4.882812,25000000.000
24608,2039,-4.394531,25000000.000
24609,2042,-2.929688,25000000.000
24610,2044,-1.953125,25000000.000
24611,2044,-1.953125,25000000.000
24612,2047,-0.488281,25000000.000
24613,2050,0.976562,25000000.000
24614,2052,1.953125,25000000.000
24615,2053,2.441406,25000000.000
24616,2055,3.417969,25000000.000
24617,2056,3.906250,25000000.000
24618,2057,4.394531,25000000.000
24619,2057,4.394531,25000000.000
24620,2058,4.882812,25000000.000
24621,2058,4.882812,25000000.000
24622,2058,4.882812,25000000.000
24623,2059,5.371094,25000000.000
24624,2058,4.882812,25000000.000
24625,2057,4.394531,25000000.000
24626,2054,2.929688,25000000.000
24627,2054,2.929688,25000000.000
24628,2052,1.953125,25000000.000
24629,2050,0.976562,25000000.000
24630,2049,0.488281,25000000.000
24631,2048,0.000000,25000000.000
24632,2045,-1.464844,25000000.000
24633,2042,-2.929688,25000000.000
24634,2041,-3.417969,25000000.000
24635,2041,-3.417969,25000000.000
24636,2037,-5.371094,25000000.000
24637,2034,-6.835938,25000000.000
24638,2032,-7.812500,25000000.000
24639,2034,-6.835938,25000000.000
24640,2032,-7.812500,25000000.000
24641,2033,-7.324219,25000000.000
24642,2033,-7.324219,25000000.000
24643,2033,-7.324219,25000000.000
24644,2031,-8.300781,25000000.000
24645,2033,-7.324219,25000000.000
24646,2035,-6.347656,25000000.000
24647,2036,-5.859375,25000000.000
24648,2038,-4.882812,25000000.000
24649,2039,-4.394531,25000000.000
24650,2042,-2.929688,25000000.000
24651,2043,-2.441406,25000000.000
24652,2047,-0.488281,25000000.000
24653,2047,-0.488281,25000000.000
24654,2050,0.976562,25000000.000
24655,2048,0.000000,25000000.000
24656,2054,2.929688,25000000.000
24657,2056,3.906250,25000000.000
24658,2056,3.906250,25000000.000
24659,2055,3.417969,25000000.000
24660,2059,5.371094,25000000.000
24661,2058,4.882812,25000000.000
24662,2057,4.394531,25000000.000
24663,2058,4.882812,25000000.000
24664,2059,5.371094,25000000.000
24665,2057,4.394531,25000000.000
24666,2057,4.394531,25000000.000
24667,2058,4.882812,25000000.000
24668,2055,3.417969,25000000.000
24669,2051,1.464844,25000000.000
24670,2052,1.953125,25000000.000
24671,2050,0.976562,25000000.000
24672,2046,-0.976562,25000000.000
24673,2047,-0.488281,25000000.000
24674,2042,-2.929688,25000000.000
24675,2043,-2.441406,25000000.000
24676,2039,-4.394531,25000000.000
24677,2038,-4.882812,25000000.000
24678,2036,-5.859375,25000000.000
24679,2036,-5.859375,25000000.000
24680,2035,-6.347656,25000000.000
24681,2035,-6.347656,25000000.000
24682,2033,-7.324219,25000000.000
24683,2032,-7.812500,25000000.000
24684,2034,-6.835938,25000000.000
24685,2035,-6.347656,25000000.000
24686,2035,-6.347656,25000000.000
24687,2034,-6.835938,25000000.000
24688,2038,-4.882812,25000000.000
24689,2039,-4.394531,25000000.000
24690,2041,-3.417969,25000000.000
24691,2041,-3.417969,25000000.000
24692,2045,-1.464844,25000000.000
24693,2046,-0.976562,25000000.000
24694,2047,-0.488281,25000000.000
24695,2049,0.488281,25000000.000
24696,2053,2.441406,25000000.000
24697,2053,2.441406,25000000.000
24698,2055,3.417969,25000000.000
24699,2055,3.417969,25000000.000
24700,2057,4.394531,25000000.000
24701,2057,4.394531,25000000.000
24702,2060,5.859375,25000000.000
24703,2059,5.371094,25000000.000
24704,2059,5.371094,25000000.000
24705,2058,4.882812,25000000.000
24706,2058,4.882812,25000000.000
24707,2057,4.394531,25000000.000
24708,2054,2.929688,25000000.000
24709,2053,2.441406,25000000.000
24710,2052,1.953125,25000000.000
24711,2052,1.953125,25000000.000
24712,2049,0.488281,25000000.000
24713,2048,0.000000,25000000.000
24714,2045,-1.464844,25000000.000
24715,2044,-1.953125,25000000.000
24716,2042,-2.929688,25000000.000
24717,2039,-4.394531,25000000.000
24718,2038,-4.882812,25000000.000
24719,2036,-5.859375,25000000.000
24720,2035,-6.347656,25000000.000
24721,2034,-6.835938,25000000.000
24722,2033,-7.324219,25000000.000
24723,2032,-7.812500,25000000.000
24724,2033,-7.324219,25000000.000
24725,2033,-7.324219,25000000.000
24726,2032,-7.812500,25000000.000
24727,2033,-7.324219,25000000.000
24728,2036,-5.859375,25000000.000
24729,2036,-5.859375,25000000.000
24730,2037,-5.371094,25000000.000
24731,2038,-4.882812,25000000.000
24732,2042,-2.929688,25000000.000
24733,2043,-2.441406,25000000.000
24734,2045,-1.464844,25000000.000
24735,2046,-0.976562,25000000.000
24736,2049,0.488281,25000000.000
24737,2050,0.976562,25000000.000
24738,2053,2.441406,25000000.000
24739,2052,1.953125,25000000.000
24740,2055,3.417969,25000000.000
24741,2056,3.906250,25000000.000
24742,2058,4.882812,25000000.000
24743,2058,4.882812,25000000.000
24744,2058,4.882812,25000000.000
24745,2059,5.371094,25000000.000
24746,2058,4.882812,25000000.000
24747,2057,4.394531,25000000.000
24748,2056,3.906250,25000000.000
24749,2056,3.906250,25000000.000
24750,2056,3.906250,25000000.000
24751,2054,2.929688,25000000.000
24752,2050,0.976562,25000000.000
24753,2048,0.000000,25000000.000
24754,2047,-0.488281,25000000.000
24755,2046,-0.976562,25000000.000
24756,2042,-2.929688,25000000.000
24757,2041,-3.417969,25000000.000
24758,2038,-4.882812,25000000.000
24759,2038,-4.882812,25000000.000
24760,2036,-5.859375,25000000.000
24761,2035,-6.347656,25000000.000
24762,2034,-6.835938,25000000.000
24763,2035,-6.347656,25000000.000
24764,2033,-7.324219,25000000.000
24765,2032,-7.812500,25000000.000
24766,2033,-7.324219,25000000.000
24767,2033,-7.324219,25000000.000
24768,2035,-6.347656,25000000.000
24769,2033,-7.324219,25000000.000
24770,2036,-5.859375,25000000.000
24771,2036,-5.859375,25000000.000
24772,2038,-4.882812,25000000.000
24773,2041,-3.417969,25000000.000
24774,2043,-2.441406,25000000.000
24775,2043,-2.441406,25000000.000
24776,2046,-0.976562,25000000.000
24777,2050,0.976562,25000000.000
24778,2049,0.488281,25000000.000
24779,2051,1.464844,25000000.000
24780,2055,3.417969,25000000.000
24781,2057,4.394531,25000000.000
24782,2053,2.441406,25000000.000
24783,2056,3.906250,25000000.000
24784,2062,6.835938,25000000.000
24785,2055,3.417969,25000000.000
24786,2058,4.882812,25000000.000
24787,2059,5.371094,25000000.000
24788,2057,4.394531,25000000.000
24789,2056,3.906250,25000000.000
24790,2058,4.882812,25000000.000
24791,2057,4.394531,25000000.000
24792,2051,1.464844,25000000.000
24793,2050,0.976562,25000000.000
24794,2048,0.000000,25000000.000
24795,2048,0.000000,25000000.000
24796,2039,-4.394531,25000000.000
24797,2042,-2.929688,25000000.000
24798,2041,-3.417969,25000000.000
24799,2042,-2.929688,25000000.000
24800,2040,-3.906250,25000000.000
24801,2035,-6.347656,25000000.000
24802,2034,-6.835938,25000000.000
24803,2035,-6.347656,25000000.000
24804,2034,-6.835938,25000000.000
24805,2033,-7.324219,25000000.000
24806,2033,-7.324219,25000000.000
24807,2032,-7.812500,25000000.000
24808,2032,-7.812500,25000000.000
24809,2033,-7.324219,25000000.000
24810,2036,-5.859375,25000000.000
24811,2035,-6.347656,25000000.000
24812,2038,-4.882812,25000000.000
24813,2040,-3.906250,25000000.000
24814,2040,-3.906250,25000000.000
24815,2040,-3.906250,25000000.000
24816,2045,-1.464844,25000000.000
24817,2047,-0.488281,25000000.000
24818,2049,0.488281,25000000.000
24819,2049,0.488281,25000000.000
24820,2053,2.441406,25000000.000
24821,2056,3.906250,25000000.000
24822,2056,3.906250,25000000.000
24823,2055,3.417969,25000000.000
24824,2057,4.394531,25000000.000
24825,2060,5.859375,25000000.000
24826,2058,4.882812,25000000.000
24827,2058,4.882812,25000000.000
24828,2059,5.371094,25000000.000
24829,2058,4.882812,25000000.000
24830,2057,4.394531,25000000.000
24831,2057,4.394531,25000000.000
24832,2056,3.906250,25000000.000
24833,2051,1.464844,25000000.000
24834,2051,1.464844,25000000.000
24835,2051,1.464844,25000000.000
24836,2048,0.000000,25000000.000
24837,2047,-0.488281,25000000.000
24838,2043,-2.441406,25000000.000
24839,2041,-3.417969,25000000.000
24840,2035,-6.347656,25000000.000
24841,2037,-5.371094,25000000.000
24842,2035,-6.347656,25000000.000
24843,2035,-6.347656,25000000.000
24844,2033,-7.324219,25000000.000
24845,2036,-5.859375,25000000.000
24846,2033,-7.324219,25000000.000
24847,2033,-7.324219,25000000.000
24848,2032,-7.812500,25000000.000
24849,2034,-6.835938,25000000.000
24850,2033,-7.324219,25000000.000
24851,2033,-7.324219,25000000.000
24852,2037,-5.371094,25000000.000
24853,2038,-4.882812,25000000.000
24854,2039,-4.394531,25000000.000
24855,2039,-4.394531,25000000.000
24856,2043,-2.441406,25000000.000
24857,2047,-0.488281,25000000.000
24858,2047,-0.488281,25000000.000
24859,2048,0.000000,25000000.000
24860,2043,-2.441406,25000000.000
24861,2057,4.394531,25000000.000
24862,2052,1.953125,25000000.000
24863,2057,4.394531,25000000.000
24864,2055,3.417969,25000000.000
24865,2058,4.882812,25000000.000
24866,2057,4.394531,25000000.000
24867,2059,5.371094,25000000.000
24868,2060,5.859375,25000000.000
24869,2058,4.882812,25000000.000
24870,2060,5.859375,25000000.000
24871,2057,4.394531,25000000.000
24872,2055,3.417969,25000000.000
24873,2054,2.929688,25000000.000
24874,2054,2.929688,25000000.000
24875,2052,1.953125,25000000.000
24876,2048,0.000000,25000000.000
24877,2047,-0.488281,25000000.000
24878,2046,-0.976562,25000000.000
24879,2046,-0.976562,25000000.000
24880,2042,-2.929688,25000000.000
24881,2041,-3.417969,25000000.000
24882,2038,-4.882812,25000000.000
24883,2038,-4.882812,25000000.000
24884,2036,-5.859375,25000000.000
24885,2035,-6.347656,25000000.000
24886,2034,-6.835938,25000000.000
24887,2033,-7.324219,25000000.000
24888,2034,-6.835938,25000000.000
24889,2034,-6.835938,25000000.000
24890,2033,-7.324219,25000000.000
24891,2032,-7.812500,25000000.000
24892,2035,-6.347656,25000000.000
24893,2036,-5.859375,25000000.000
24894,2038,-4.882812,25000000.000
24895,2038,-4.882812,25000000.000
24896,2039,-4.394531,25000000.000
24897,2044,-1.953125,25000000.000
24898,2046,-0.976562,25000000.000
24899,2050,0.976562,25000000.000
24900,2053,2.441406,25000000.000
24901,2046,-0.976562,25000000.000
24902,2051,1.464844,25000000.000
24903,2052,1.953125,25000000.000
24904,2055,3.417969,25000000.000
24905,2054,2.929688,25000000.000
24906,2059,5.371094,25000000.000
24907,2057,4.394531,25000000.000
24908,2057,4.394531,25000000.000
24909,2060,5.859375,25000000.000
24910,2058,4.882812,25000000.000
24911,2059,5.371094,25000000.000
24912,2057,4.394531,25000000.000
24913,2057,4.394531,25000000.000
24914,2055,3.417969,25000000.000
24915,2055,3.417969,25000000.000
24916,2052,1.953125,25000000.000
24917,2050,0.976562,25000000.000
24918,2048,0.000000,25000000.000
24919,2047,-0.488281,25000000.000
24920,2042,-2.929688,25000000.000
24921,2042,-2.929688,25000000.000
24922,2041,-3.417969,25000000.000
24923,2039,-4.394531,25000000.000
24924,2038,-4.882812,25000000.000
24925,2036,-5.859375,25000000.000
24926,2033,-7.324219,25000000.000
24927,2035,-6.347656,25000000.000
24928,2034,-6.835938,25000000.000
24929,2031,-8.300781,25000000.000
24930,2033,-7.324219,25000000.000
24931,2032,-7.812500,25000000.000
24932,2035,-6.347656,25000000.000
24933,2034,-6.835938,25000000.000
24934,2035,-6.347656,25000000.000
24935,2036,-5.859375,25000000.000
24936,2038,-4.882812,25000000.000
24937,2039,-4.394531,25000000.000
24938,2042,-2.929688,25000000.000
24939,2042,-2.929688,25000000.000
24940,2045,-1.464844,25000000.000
24941,2048,0.000000,25000000.000
24942,2051,1.464844,25000000.000
24943,2051,1.464844,25000000.000
24944,2051,1.464844,25000000.000
24945,2055,3.417969,25000000.000
24946,2055,3.417969,25000000.000
24947,2055,3.417969,25000000.000
24948,2059,5.371094,25000000.000
24949,2058,4.882812,25000000.000
24950,2057,4.394531,25000000.000
24951,2058,4.882812,25000000.000
24952,2060,5.859375,25000000.000
24953,2057,4.394531,25000000.000
24954,2055,3.417969,25000000.000
24955,2056,3.906250,25000000.000
24956,2054,2.929688,25000000.000
24957,2053,2.441406,25000000.000
24958,2047,-0.488281,25000000.000
24959,2049,0.488281,25000000.000
24960,2046,-0.976562,25000000.000
24961,2043,-2.441406,25000000.000
24962,2041,-3.417969,25000000.000
24963,2042,-2.929688,25000000.000
24964,2039,-4.394531,25000000.000
24965,2036,-5.859375,25000000.000
24966,2036,-5.859375,25000000.000
24967,2035,-6.347656,25000000.000
24968,2033,-7.324219,25000000.000
24969,2032,-7.812500,25000000.000
24970,2033,-7.324219,25000000.000
24971,2033,-7.324219,25000000.000
24972,2031,-8.300781,25000000.000
24973,2033,-7.324219,25000000.000
24974,2035,-6.347656,25000000.000
24975,2035,-6.347656,25000000.000
24976,2036,-5.859375,25000000.000
24977,2038,-4.882812,25000000.000
24978,2040,-3.906250,25000000.000
24979,2040,-3.906250,25000000.000
24980,2045,-1.464844,25000000.000
24981,2044,-1.953125,25000000.000
24982,2051,1.464844,25000000.000
24983,2048,0.000000,25000000.000
24984,2054,2.929688,25000000.000
24985,2050,0.976562,25000000.000
24986,2055,3.417969,25000000.000
24987,2052,1.953125,25000000.000
24988,2056,3.906250,25000000.000
24989,2058,4.882812,25000000.000
24990,2057,4.394531,25000000.000
24991,2056,3.906250,25000000.000
24992,2058,4.882812,25000000.000
24993,2059,5.371094,25000000.000
24994,2055,3.417969,25000000.000
24995,2056,3.906250,25000000.000
24996,2054,2.929688,25000000.000
24997,2053,2.441406,25000000.000
24998,2051,1.464844,25000000.000
24999,2052,1.953125,25000000.000
