sample_index,raw_code,voltage_mV,sample_rate_hz
0,2046,-0.976562,25000000.000
1,2048,0.000000,25000000.000
2,2046,-0.976562,25000000.000
3,2048,0.000000,25000000.000
4,2047,-0.488281,25000000.000
5,2048,0.000000,25000000.000
6,2047,-0.488281,25000000.000
7,2048,0.000000,25000000.000
8,2047,-0.488281,25000000.000
9,2048,0.000000,25000000.000
10,2046,-0.976562,25000000.000
11,2046,-0.976562,25000000.000
12,2047,-0.488281,25000000.000
13,2050,0.976562,25000000.000
14,2045,-1.464844,25000000.000
15,2048,0.000000,25000000.000
16,2045,-1.464844,25000000.000
17,2047,-0.488281,25000000.000
18,2048,0.000000,25000000.000
19,2053,2.441406,25000000.000
20,2046,-0.976562,25000000.000
21,2048,0.000000,25000000.000
22,2047,-0.488281,25000000.000
23,2047,-0.488281,25000000.000
24,2048,0.000000,25000000.000
25,2045,-1.464844,25000000.000
26,2048,0.000000,25000000.000
27,2048,0.000000,25000000.000
28,2046,-0.976562,25000000.000
29,2048,0.000000,25000000.000
30,2048,0.000000,25000000.000
31,2048,0.000000,25000000.000
32,2046,-0.976562,25000000.000
33,2048,0.000000,25000000.000
34,2046,-0.976562,25000000.000
35,2047,-0.488281,25000000.000
36,2046,-0.976562,25000000.000
37,2047,-0.488281,25000000.000
38,2047,-0.488281,25000000.000
39,2047,-0.488281,25000000.000
40,2047,-0.488281,25000000.000
41,2046,-0.976562,25000000.000
42,2047,-0.488281,25000000.000
43,2046,-0.976562,25000000.000
44,2048,0.000000,25000000.000
45,2048,0.000000,25000000.000
46,2046,-0.976562,25000000.000
47,2046,-0.976562,25000000.000
48,2047,-0.488281,25000000.000
49,2049,0.488281,25000000.000
50,2046,-0.976562,25000000.000
51,2047,-0.488281,25000000.000
52,2047,-0.488281,25000000.000
53,2048,0.000000,25000000.000
54,2048,0.000000,25000000.000
55,2048,0.000000,25000000.000
56,2047,-0.488281,25000000.000
57,2047,-0.488281,25000000.000
58,2049,0.488281,25000000.000
59,2047,-0.488281,25000000.000
60,2047,-0.488281,25000000.000
61,2047,-0.488281,25000000.000
62,2049,0.488281,25000000.000
63,2049,0.488281,25000000.000
64,2046,-0.976562,25000000.000
65,2047,-0.488281,25000000.000
66,2046,-0.976562,25000000.000
67,2048,0.000000,25000000.000
68,2047,-0.488281,25000000.000
69,2047,-0.488281,25000000.000
70,2047,-0.488281,25000000.000
71,2046,-0.976562,25000000.000
72,2046,-0.976562,25000000.000
73,2045,-1.464844,25000000.000
74,2046,-0.976562,25000000.000
75,2045,-1.464844,25000000.000
76,2048,0.000000,25000000.000
77,2047,-0.488281,25000000.000
78,2045,-1.464844,25000000.000
79,2045,-1.464844,25000000.000
80,2047,-0.488281,25000000.000
81,2046,-0.976562,25000000.000
82,2045,-1.464844,25000000.000
83,2046,-0.976562,25000000.000
84,2046,-0.976562,25000000.000
85,2046,-0.976562,25000000.000
86,2046,-0.976562,25000000.000
87,2048,0.000000,25000000.000
88,2046,-0.976562,25000000.000
89,2046,-0.976562,25000000.000
90,2047,-0.488281,25000000.000
91,2046,-0.976562,25000000.000
92,2046,-0.976562,25000000.000
93,2047,-0.488281,25000000.000
94,2047,-0.488281,25000000.000
95,2046,-0.976562,25000000.000
96,2046,-0.976562,25000000.000
97,2047,-0.488281,25000000.000
98,2047,-0.488281,25000000.000
99,2047,-0.488281,25000000.000
100,2046,-0.976562,25000000.000
101,2047,-0.488281,25000000.000
102,2046,-0.976562,25000000.000
103,2047,-0.488281,25000000.000
104,2047,-0.488281,25000000.000
105,2046,-0.976562,25000000.000
106,2045,-1.464844,25000000.000
107,2046,-0.976562,25000000.000
108,2047,-0.488281,25000000.000
109,2046,-0.976562,25000000.000
110,2046,-0.976562,25000000.000
111,2045,-1.464844,25000000.000
112,2048,0.000000,25000000.000
113,2048,0.000000,25000000.000
114,2046,-0.976562,25000000.000
115,2047,-0.488281,25000000.000
116,2047,-0.488281,25000000.000
117,2048,0.000000,25000000.000
118,2047,-0.488281,25000000.000
119,2047,-0.488281,25000000.000
120,2048,0.000000,25000000.000
121,2046,-0.976562,25000000.000
122,2047,-0.488281,25000000.000
123,2047,-0.488281,25000000.000
124,2047,-0.488281,25000000.000
125,2046,-0.976562,25000000.000
126,2047,-0.488281,25000000.000
127,2047,-0.488281,25000000.000
128,2047,-0.488281,25000000.000
129,2046,-0.976562,25000000.000
130,2047,-0.488281,25000000.000
131,2047,-0.488281,25000000.000
132,2046,-0.976562,25000000.000
133,2048,0.000000,25000000.000
134,2045,-1.464844,25000000.000
135,2047,-0.488281,25000000.000
136,2045,-1.464844,25000000.000
137,2047,-0.488281,25000000.000
138,2046,-0.976562,25000000.000
139,2046,-0.976562,25000000.000
140,2046,-0.976562,25000000.000
141,2045,-1.464844,25000000.000
142,2046,-0.976562,25000000.000
143,2045,-1.464844,25000000.000
144,2047,-0.488281,25000000.000
145,2046,-0.976562,25000000.000
146,2044,-1.953125,25000000.000
147,2045,-1.464844,25000000.000
148,2045,-1.464844,25000000.000
149,2046,-0.976562,25000000.000
150,2045,-1.464844,25000000.000
151,2045,-1.464844,25000000.000
152,2045,-1.464844,25000000.000
153,2044,-1.953125,25000000.000
154,2047,-0.488281,25000000.000
155,2046,-0.976562,25000000.000
156,2040,-3.906250,25000000.000
157,2044,-1.953125,25000000.000
158,2046,-0.976562,25000000.000
159,2042,-2.929688,25000000.000
160,2047,-0.488281,25000000.000
161,2044,-1.953125,25000000.000
162,2046,-0.976562,25000000.000
163,2045,-1.464844,25000000.000
164,2044,-1.953125,25000000.000
165,2048,0.000000,25000000.000
166,2047,-0.488281,25000000.000
167,2046,-0.976562,25000000.000
168,2046,-0.976562,25000000.000
169,2047,-0.488281,25000000.000
170,2046,-0.976562,25000000.000
171,2046,-0.976562,25000000.000
172,2047,-0.488281,25000000.000
173,2047,-0.488281,25000000.000
174,2047,-0.488281,25000000.000
175,2046,-0.976562,25000000.000
176,2048,0.000000,25000000.000
177,2046,-0.976562,25000000.000
178,2046,-0.976562,25000000.000
179,2046,-0.976562,25000000.000
180,2046,-0.976562,25000000.000
181,2046,-0.976562,25000000.000
182,2046,-0.976562,25000000.000
183,2045,-1.464844,25000000.000
184,2047,-0.488281,25000000.000
185,2045,-1.464844,25000000.000
186,2046,-0.976562,25000000.000
187,2048,0.000000,25000000.000
188,2048,0.000000,25000000.000
189,2048,0.000000,25000000.000
190,2047,-0.488281,25000000.000
191,2048,0.000000,25000000.000
192,2048,0.000000,25000000.000
193,2047,-0.488281,25000000.000
194,2050,0.976562,25000000.000
195,2048,0.000000,25000000.000
196,2050,0.976562,25000000.000
197,2050,0.976562,25000000.000
198,2050,0.976562,25000000.000
199,2051,1.464844,25000000.000
200,2050,0.976562,25000000.000
201,2047,-0.488281,25000000.000
202,2053,2.441406,25000000.000
203,2051,1.464844,25000000.000
204,2050,0.976562,25000000.000
205,2051,1.464844,25000000.000
206,2049,0.488281,25000000.000
207,2049,0.488281,25000000.000
208,2051,1.464844,25000000.000
209,2050,0.976562,25000000.000
210,2048,0.000000,25000000.000
211,2050,0.976562,25000000.000
212,2048,0.000000,25000000.000
213,2048,0.000000,25000000.000
214,2047,-0.488281,25000000.000
215,2048,0.000000,25000000.000
216,2047,-0.488281,25000000.000
217,2046,-0.976562,25000000.000
218,2047,-0.488281,25000000.000
219,2046,-0.976562,25000000.000
220,2047,-0.488281,25000000.000
221,2044,-1.953125,25000000.000
222,2047,-0.488281,25000000.000
223,2047,-0.488281,25000000.000
224,2046,-0.976562,25000000.000
225,2041,-3.417969,25000000.000
226,2044,-1.953125,25000000.000
227,2043,-2.441406,25000000.000
228,2045,-1.464844,25000000.000
229,2047,-0.488281,25000000.000
230,2045,-1.464844,25000000.000
231,2046,-0.976562,25000000.000
232,2047,-0.488281,25000000.000
233,2047,-0.488281,25000000.000
234,2047,-0.488281,25000000.000
235,2045,-1.464844,25000000.000
236,2047,-0.488281,25000000.000
237,2047,-0.488281,25000000.000
238,2049,0.488281,25000000.000
239,2048,0.000000,25000000.000
240,2049,0.488281,25000000.000
241,2049,0.488281,25000000.000
242,2049,0.488281,25000000.000
243,2049,0.488281,25000000.000
244,2049,0.488281,25000000.000
245,2049,0.488281,25000000.000
246,2049,0.488281,25000000.000
247,2050,0.976562,25000000.000
248,2049,0.488281,25000000.000
249,2048,0.000000,25000000.000
250,2048,0.000000,25000000.000
251,2049,0.488281,25000000.000
252,2049,0.488281,25000000.000
253,2047,-0.488281,25000000.000
254,2047,-0.488281,25000000.000
255,2049,0.488281,25000000.000
256,2046,-0.976562,25000000.000
257,2046,-0.976562,25000000.000
258,2046,-0.976562,25000000.000
259,2046,-0.976562,25000000.000
260,2044,-1.953125,25000000.000
261,2043,-2.441406,25000000.000
262,2044,-1.953125,25000000.000
263,2044,-1.953125,25000000.000
264,2044,-1.953125,25000000.000
265,2044,-1.953125,25000000.000
266,2044,-1.953125,25000000.000
267,2044,-1.953125,25000000.000
268,2044,-1.953125,25000000.000
269,2044,-1.953125,25000000.000
270,2043,-2.441406,25000000.000
271,2044,-1.953125,25000000.000
272,2044,-1.953125,25000000.000
273,2045,-1.464844,25000000.000
274,2043,-2.441406,25000000.000
275,2045,-1.464844,25000000.000
276,2047,-0.488281,25000000.000
277,2045,-1.464844,25000000.000
278,2046,-0.976562,25000000.000
279,2046,-0.976562,25000000.000
280,2047,-0.488281,25000000.000
281,2047,-0.488281,25000000.000
282,2047,-0.488281,25000000.000
283,2048,0.000000,25000000.000
284,2048,0.000000,25000000.000
285,2047,-0.488281,25000000.000
286,2048,0.000000,25000000.000
287,2048,0.000000,25000000.000
288,2049,0.488281,25000000.000
289,2047,-0.488281,25000000.000
290,2048,0.000000,25000000.000
291,2048,0.000000,25000000.000
292,2047,-0.488281,25000000.000
293,2047,-0.488281,25000000.000
294,2048,0.000000,25000000.000
295,2046,-0.976562,25000000.000
296,2047,-0.488281,25000000.000
297,2046,-0.976562,25000000.000
298,2047,-0.488281,25000000.000
299,2046,-0.976562,25000000.000
300,2045,-1.464844,25000000.000
301,2046,-0.976562,25000000.000
302,2045,-1.464844,25000000.000
303,2045,-1.464844,25000000.000
304,2043,-2.441406,25000000.000
305,2044,-1.953125,25000000.000
306,2044,-1.953125,25000000.000
307,2045,-1.464844,25000000.000
308,2047,-0.488281,25000000.000
309,2044,-1.953125,25000000.000
310,2043,-2.441406,25000000.000
311,2045,-1.464844,25000000.000
312,2046,-0.976562,25000000.000
313,2047,-0.488281,25000000.000
314,2046,-0.976562,25000000.000
315,2046,-0.976562,25000000.000
316,2048,0.000000,25000000.000
317,2047,-0.488281,25000000.000
318,2047,-0.488281,25000000.000
319,2047,-0.488281,25000000.000
320,2049,0.488281,25000000.000
321,2048,0.000000,25000000.000
322,2049,0.488281,25000000.000
323,2050,0.976562,25000000.000
324,2049,0.488281,25000000.000
325,2049,0.488281,25000000.000
326,2052,1.953125,25000000.000
327,2046,-0.976562,25000000.000
328,2041,-3.417969,25000000.000
329,2045,-1.464844,25000000.000
330,2048,0.000000,25000000.000
331,2045,-1.464844,25000000.000
332,2049,0.488281,25000000.000
333,2048,0.000000,25000000.000
334,2051,1.464844,25000000.000
335,2049,0.488281,25000000.000
336,2047,-0.488281,25000000.000
337,2047,-0.488281,25000000.000
338,2048,0.000000,25000000.000
339,2047,-0.488281,25000000.000
340,2046,-0.976562,25000000.000
341,2045,-1.464844,25000000.000
342,2046,-0.976562,25000000.000
343,2046,-0.976562,25000000.000
344,2046,-0.976562,25000000.000
345,2048,0.000000,25000000.000
346,2044,-1.953125,25000000.000
347,2045,-1.464844,25000000.000
348,2044,-1.953125,25000000.000
349,2044,-1.953125,25000000.000
350,2046,-0.976562,25000000.000
351,2046,-0.976562,25000000.000
352,2044,-1.953125,25000000.000
353,2044,-1.953125,25000000.000
354,2046,-0.976562,25000000.000
355,2046,-0.976562,25000000.000
356,2047,-0.488281,25000000.000
357,2045,-1.464844,25000000.000
358,2048,0.000000,25000000.000
359,2046,-0.976562,25000000.000
360,2049,0.488281,25000000.000
361,2049,0.488281,25000000.000
362,2049,0.488281,25000000.000
363,2048,0.000000,25000000.000
364,2050,0.976562,25000000.000
365,2054,2.929688,25000000.000
366,2046,-0.976562,25000000.000
367,2049,0.488281,25000000.000
368,2052,1.953125,25000000.000
369,2050,0.976562,25000000.000
370,2051,1.464844,25000000.000
371,2049,0.488281,25000000.000
372,2050,0.976562,25000000.000
373,2047,-0.488281,25000000.000
374,2049,0.488281,25000000.000
375,2047,-0.488281,25000000.000
376,2048,0.000000,25000000.000
377,2047,-0.488281,25000000.000
378,2047,-0.488281,25000000.000
379,2046,-0.976562,25000000.000
380,2047,-0.488281,25000000.000
381,2047,-0.488281,25000000.000
382,2046,-0.976562,25000000.000
383,2045,-1.464844,25000000.000
384,2046,-0.976562,25000000.000
385,2044,-1.953125,25000000.000
386,2045,-1.464844,25000000.000
387,2044,-1.953125,25000000.000
388,2045,-1.464844,25000000.000
389,2044,-1.953125,25000000.000
390,2045,-1.464844,25000000.000
391,2044,-1.953125,25000000.000
392,2041,-3.417969,25000000.000
393,2048,0.000000,25000000.000
394,2044,-1.953125,25000000.000
395,2046,-0.976562,25000000.000
396,2049,0.488281,25000000.000
397,2046,-0.976562,25000000.000
398,2046,-0.976562,25000000.000
399,2048,0.000000,25000000.000
400,2048,0.000000,25000000.000
401,2048,0.000000,25000000.000
402,2046,-0.976562,25000000.000
403,2047,-0.488281,25000000.000
404,2049,0.488281,25000000.000
405,2048,0.000000,25000000.000
406,2048,0.000000,25000000.000
407,2047,-0.488281,25000000.000
408,2049,0.488281,25000000.000
409,2049,0.488281,25000000.000
410,2048,0.000000,25000000.000
411,2049,0.488281,25000000.000
412,2048,0.000000,25000000.000
413,2049,0.488281,25000000.000
414,2048,0.000000,25000000.000
415,2048,0.000000,25000000.000
416,2049,0.488281,25000000.000
417,2047,-0.488281,25000000.000
418,2048,0.000000,25000000.000
419,2049,0.488281,25000000.000
420,2047,-0.488281,25000000.000
421,2047,-0.488281,25000000.000
422,2047,-0.488281,25000000.000
423,2047,-0.488281,25000000.000
424,2047,-0.488281,25000000.000
425,2045,-1.464844,25000000.000
426,2046,-0.976562,25000000.000
427,2046,-0.976562,25000000.000
428,2045,-1.464844,25000000.000
429,2046,-0.976562,25000000.000
430,2045,-1.464844,25000000.000
431,2046,-0.976562,25000000.000
432,2043,-2.441406,25000000.000
433,2046,-0.976562,25000000.000
434,2046,-0.976562,25000000.000
435,2046,-0.976562,25000000.000
436,2046,-0.976562,25000000.000
437,2045,-1.464844,25000000.000
438,2046,-0.976562,25000000.000
439,2047,-0.488281,25000000.000
440,2047,-0.488281,25000000.000
441,2048,0.000000,25000000.000
442,2046,-0.976562,25000000.000
443,2047,-0.488281,25000000.000
444,2047,-0.488281,25000000.000
445,2049,0.488281,25000000.000
446,2050,0.976562,25000000.000
447,2050,0.976562,25000000.000
448,2049,0.488281,25000000.000
449,2049,0.488281,25000000.000
450,2051,1.464844,25000000.000
451,2050,0.976562,25000000.000
452,2050,0.976562,25000000.000
453,2049,0.488281,25000000.000
454,2050,0.976562,25000000.000
455,2050,0.976562,25000000.000
456,2050,0.976562,25000000.000
457,2050,0.976562,25000000.000
458,2049,0.488281,25000000.000
459,2049,0.488281,25000000.000
460,2048,0.000000,25000000.000
461,2049,0.488281,25000000.000
462,2047,-0.488281,25000000.000
463,2048,0.000000,25000000.000
464,2048,0.000000,25000000.000
465,2048,0.000000,25000000.000
466,2046,-0.976562,25000000.000
467,2047,-0.488281,25000000.000
468,2047,-0.488281,25000000.000
469,2047,-0.488281,25000000.000
470,2047,-0.488281,25000000.000
471,2045,-1.464844,25000000.000
472,2047,-0.488281,25000000.000
473,2047,-0.488281,25000000.000
474,2046,-0.976562,25000000.000
475,2045,-1.464844,25000000.000
476,2046,-0.976562,25000000.000
477,2047,-0.488281,25000000.000
478,2044,-1.953125,25000000.000
479,2045,-1.464844,25000000.000
480,2047,-0.488281,25000000.000
481,2047,-0.488281,25000000.000
482,2047,-0.488281,25000000.000
483,2048,0.000000,25000000.000
484,2048,0.000000,25000000.000
485,2047,-0.488281,25000000.000
486,2048,0.000000,25000000.000
487,2049,0.488281,25000000.000
488,2048,0.000000,25000000.000
489,2049,0.488281,25000000.000
490,2049,0.488281,25000000.000
491,2051,1.464844,25000000.000
492,2053,2.441406,25000000.000
493,2046,-0.976562,25000000.000
494,2045,-1.464844,25000000.000
495,2048,0.000000,25000000.000
496,2048,0.000000,25000000.000
497,2050,0.976562,25000000.000
498,2046,-0.976562,25000000.000
499,2047,-0.488281,25000000.000
500,2048,0.000000,25000000.000
501,2046,-0.976562,25000000.000
502,2046,-0.976562,25000000.000
503,2047,-0.488281,25000000.000
504,2046,-0.976562,25000000.000
505,2045,-1.464844,25000000.000
506,2045,-1.464844,25000000.000
507,2044,-1.953125,25000000.000
508,2044,-1.953125,25000000.000
509,2044,-1.953125,25000000.000
510,2043,-2.441406,25000000.000
511,2043,-2.441406,25000000.000
512,2043,-2.441406,25000000.000
513,2044,-1.953125,25000000.000
514,2043,-2.441406,25000000.000
515,2043,-2.441406,25000000.000
516,2044,-1.953125,25000000.000
517,2042,-2.929688,25000000.000
518,2043,-2.441406,25000000.000
519,2045,-1.464844,25000000.000
520,2044,-1.953125,25000000.000
521,2044,-1.953125,25000000.000
522,2046,-0.976562,25000000.000
523,2045,-1.464844,25000000.000
524,2046,-0.976562,25000000.000
525,2046,-0.976562,25000000.000
526,2046,-0.976562,25000000.000
527,2044,-1.953125,25000000.000
528,2045,-1.464844,25000000.000
529,2048,0.000000,25000000.000
530,2045,-1.464844,25000000.000
531,2047,-0.488281,25000000.000
532,2047,-0.488281,25000000.000
533,2048,0.000000,25000000.000
534,2047,-0.488281,25000000.000
535,2045,-1.464844,25000000.000
536,2046,-0.976562,25000000.000
537,2046,-0.976562,25000000.000
538,2046,-0.976562,25000000.000
539,2046,-0.976562,25000000.000
540,2047,-0.488281,25000000.000
541,2045,-1.464844,25000000.000
542,2044,-1.953125,25000000.000
543,2044,-1.953125,25000000.000
544,2046,-0.976562,25000000.000
545,2046,-0.976562,25000000.000
546,2045,-1.464844,25000000.000
547,2045,-1.464844,25000000.000
548,2043,-2.441406,25000000.000
549,2046,-0.976562,25000000.000
550,2047,-0.488281,25000000.000
551,2046,-0.976562,25000000.000
552,2044,-1.953125,25000000.000
553,2045,-1.464844,25000000.000
554,2047,-0.488281,25000000.000
555,2047,-0.488281,25000000.000
556,2046,-0.976562,25000000.000
557,2046,-0.976562,25000000.000
558,2047,-0.488281,25000000.000
559,2047,-0.488281,25000000.000
560,2046,-0.976562,25000000.000
561,2047,-0.488281,25000000.000
562,2047,-0.488281,25000000.000
563,2048,0.000000,25000000.000
564,2048,0.000000,25000000.000
565,2049,0.488281,25000000.000
566,2049,0.488281,25000000.000
567,2049,0.488281,25000000.000
568,2049,0.488281,25000000.000
569,2050,0.976562,25000000.000
570,2050,0.976562,25000000.000
571,2050,0.976562,25000000.000
572,2051,1.464844,25000000.000
573,2050,0.976562,25000000.000
574,2052,1.953125,25000000.000
575,2050,0.976562,25000000.000
576,2052,1.953125,25000000.000
577,2053,2.441406,25000000.000
578,2050,0.976562,25000000.000
579,2050,0.976562,25000000.000
580,2051,1.464844,25000000.000
581,2051,1.464844,25000000.000
582,2049,0.488281,25000000.000
583,2050,0.976562,25000000.000
584,2050,0.976562,25000000.000
585,2050,0.976562,25000000.000
586,2050,0.976562,25000000.000
587,2049,0.488281,25000000.000
588,2049,0.488281,25000000.000
589,2049,0.488281,25000000.000
590,2048,0.000000,25000000.000
591,2047,-0.488281,25000000.000
592,2047,-0.488281,25000000.000
593,2046,-0.976562,25000000.000
594,2047,-0.488281,25000000.000
595,2046,-0.976562,25000000.000
596,2044,-1.953125,25000000.000
597,2047,-0.488281,25000000.000
598,2045,-1.464844,25000000.000
599,2044,-1.953125,25000000.000
600,2044,-1.953125,25000000.000
601,2046,-0.976562,25000000.000
602,2045,-1.464844,25000000.000
603,2046,-0.976562,25000000.000
604,2047,-0.488281,25000000.000
605,2045,-1.464844,25000000.000
606,2045,-1.464844,25000000.000
607,2045,-1.464844,25000000.000
608,2047,-0.488281,25000000.000
609,2047,-0.488281,25000000.000
610,2047,-0.488281,25000000.000
611,2047,-0.488281,25000000.000
612,2048,0.000000,25000000.000
613,2048,0.000000,25000000.000
614,2048,0.000000,25000000.000
615,2049,0.488281,25000000.000
616,2048,0.000000,25000000.000
617,2048,0.000000,25000000.000
618,2048,0.000000,25000000.000
619,2049,0.488281,25000000.000
620,2048,0.000000,25000000.000
621,2046,-0.976562,25000000.000
622,2049,0.488281,25000000.000
623,2048,0.000000,25000000.000
624,2047,-0.488281,25000000.000
625,2047,-0.488281,25000000.000
626,2045,-1.464844,25000000.000
627,2046,-0.976562,25000000.000
628,2047,-0.488281,25000000.000
629,2045,-1.464844,25000000.000
630,2043,-2.441406,25000000.000
631,2045,-1.464844,25000000.000
632,2045,-1.464844,25000000.000
633,2045,-1.464844,25000000.000
634,2044,-1.953125,25000000.000
635,2044,-1.953125,25000000.000
636,2045,-1.464844,25000000.000
637,2045,-1.464844,25000000.000
638,2046,-0.976562,25000000.000
639,2044,-1.953125,25000000.000
640,2044,-1.953125,25000000.000
641,2046,-0.976562,25000000.000
642,2043,-2.441406,25000000.000
643,2045,-1.464844,25000000.000
644,2044,-1.953125,25000000.000
645,2047,-0.488281,25000000.000
646,2045,-1.464844,25000000.000
647,2046,-0.976562,25000000.000
648,2047,-0.488281,25000000.000
649,2048,0.000000,25000000.000
650,2046,-0.976562,25000000.000
651,2046,-0.976562,25000000.000
652,2048,0.000000,25000000.000
653,2048,0.000000,25000000.000
654,2049,0.488281,25000000.000
655,2049,0.488281,25000000.000
656,2049,0.488281,25000000.000
657,2048,0.000000,25000000.000
658,2049,0.488281,25000000.000
659,2049,0.488281,25000000.000
660,2048,0.000000,25000000.000
661,2049,0.488281,25000000.000
662,2049,0.488281,25000000.000
663,2049,0.488281,25000000.000
664,2048,0.000000,25000000.000
665,2050,0.976562,25000000.000
666,2048,0.000000,25000000.000
667,2048,0.000000,25000000.000
668,2048,0.000000,25000000.000
669,2048,0.000000,25000000.000
670,2047,-0.488281,25000000.000
671,2046,-0.976562,25000000.000
672,2047,-0.488281,25000000.000
673,2060,5.859375,25000000.000
674,2045,-1.464844,25000000.000
675,2058,4.882812,25000000.000
676,2049,0.488281,25000000.000
677,2051,1.464844,25000000.000
678,2044,-1.953125,25000000.000
679,2049,0.488281,25000000.000
680,2046,-0.976562,25000000.000
681,2046,-0.976562,25000000.000
682,2044,-1.953125,25000000.000
683,2045,-1.464844,25000000.000
684,2046,-0.976562,25000000.000
685,2045,-1.464844,25000000.000
686,2046,-0.976562,25000000.000
687,2047,-0.488281,25000000.000
688,2047,-0.488281,25000000.000
689,2047,-0.488281,25000000.000
690,2046,-0.976562,25000000.000
691,2047,-0.488281,25000000.000
692,2047,-0.488281,25000000.000
693,2047,-0.488281,25000000.000
694,2049,0.488281,25000000.000
695,2047,-0.488281,25000000.000
696,2049,0.488281,25000000.000
697,2049,0.488281,25000000.000
698,2049,0.488281,25000000.000
699,2048,0.000000,25000000.000
700,2048,0.000000,25000000.000
701,2049,0.488281,25000000.000
702,2050,0.976562,25000000.000
703,2048,0.000000,25000000.000
704,2048,0.000000,25000000.000
705,2048,0.000000,25000000.000
706,2049,0.488281,25000000.000
707,2047,-0.488281,25000000.000
708,2047,-0.488281,25000000.000
709,2049,0.488281,25000000.000
710,2046,-0.976562,25000000.000
711,2046,-0.976562,25000000.000
712,2045,-1.464844,25000000.000
713,2048,0.000000,25000000.000
714,2046,-0.976562,25000000.000
715,2046,-0.976562,25000000.000
716,2044,-1.953125,25000000.000
717,2045,-1.464844,25000000.000
718,2045,-1.464844,25000000.000
719,2046,-0.976562,25000000.000
720,2046,-0.976562,25000000.000
721,2045,-1.464844,25000000.000
722,2044,-1.953125,25000000.000
723,2044,-1.953125,25000000.000
724,2046,-0.976562,25000000.000
725,2045,-1.464844,25000000.000
726,2045,-1.464844,25000000.000
727,2045,-1.464844,25000000.000
728,2046,-0.976562,25000000.000
729,2046,-0.976562,25000000.000
730,2046,-0.976562,25000000.000
731,2047,-0.488281,25000000.000
732,2046,-0.976562,25000000.000
733,2047,-0.488281,25000000.000
734,2047,-0.488281,25000000.000
735,2047,-0.488281,25000000.000
736,2047,-0.488281,25000000.000
737,2046,-0.976562,25000000.000
738,2048,0.000000,25000000.000
739,2047,-0.488281,25000000.000
740,2048,0.000000,25000000.000
741,2047,-0.488281,25000000.000
742,2047,-0.488281,25000000.000
743,2049,0.488281,25000000.000
744,2048,0.000000,25000000.000
745,2048,0.000000,25000000.000
746,2047,-0.488281,25000000.000
747,2046,-0.976562,25000000.000
748,2047,-0.488281,25000000.000
749,2048,0.000000,25000000.000
750,2047,-0.488281,25000000.000
751,2047,-0.488281,25000000.000
752,2047,-0.488281,25000000.000
753,2046,-0.976562,25000000.000
754,2047,-0.488281,25000000.000
755,2047,-0.488281,25000000.000
756,2048,0.000000,25000000.000
757,2046,-0.976562,25000000.000
758,2047,-0.488281,25000000.000
759,2046,-0.976562,25000000.000
760,2046,-0.976562,25000000.000
761,2046,-0.976562,25000000.000
762,2047,-0.488281,25000000.000
763,2046,-0.976562,25000000.000
764,2045,-1.464844,25000000.000
765,2047,-0.488281,25000000.000
766,2045,-1.464844,25000000.000
767,2046,-0.976562,25000000.000
768,2048,0.000000,25000000.000
769,2045,-1.464844,25000000.000
770,2046,-0.976562,25000000.000
771,2046,-0.976562,25000000.000
772,2048,0.000000,25000000.000
773,2043,-2.441406,25000000.000
774,2049,0.488281,25000000.000
775,2043,-2.441406,25000000.000
776,2047,-0.488281,25000000.000
777,2047,-0.488281,25000000.000
778,2048,0.000000,25000000.000
779,2048,0.000000,25000000.000
780,2047,-0.488281,25000000.000
781,2048,0.000000,25000000.000
782,2047,-0.488281,25000000.000
783,2048,0.000000,25000000.000
784,2049,0.488281,25000000.000
785,2046,-0.976562,25000000.000
786,2049,0.488281,25000000.000
787,2049,0.488281,25000000.000
788,2049,0.488281,25000000.000
789,2048,0.000000,25000000.000
790,2049,0.488281,25000000.000
791,2048,0.000000,25000000.000
792,2047,-0.488281,25000000.000
793,2048,0.000000,25000000.000
794,2048,0.000000,25000000.000
795,2048,0.000000,25000000.000
796,2048,0.000000,25000000.000
797,2048,0.000000,25000000.000
798,2048,0.000000,25000000.000
799,2048,0.000000,25000000.000
800,2046,-0.976562,25000000.000
801,2047,-0.488281,25000000.000
802,2047,-0.488281,25000000.000
803,2046,-0.976562,25000000.000
804,2047,-0.488281,25000000.000
805,2046,-0.976562,25000000.000
806,2047,-0.488281,25000000.000
807,2045,-1.464844,25000000.000
808,2047,-0.488281,25000000.000
809,2047,-0.488281,25000000.000
810,2046,-0.976562,25000000.000
811,2046,-0.976562,25000000.000
812,2048,0.000000,25000000.000
813,2046,-0.976562,25000000.000
814,2047,-0.488281,25000000.000
815,2047,-0.488281,25000000.000
816,2047,-0.488281,25000000.000
817,2045,-1.464844,25000000.000
818,2047,-0.488281,25000000.000
819,2047,-0.488281,25000000.000
820,2047,-0.488281,25000000.000
821,2047,-0.488281,25000000.000
822,2048,0.000000,25000000.000
823,2048,0.000000,25000000.000
824,2047,-0.488281,25000000.000
825,2048,0.000000,25000000.000
826,2047,-0.488281,25000000.000
827,2046,-0.976562,25000000.000
828,2047,-0.488281,25000000.000
829,2048,0.000000,25000000.000
830,2047,-0.488281,25000000.000
831,2047,-0.488281,25000000.000
832,2044,-1.953125,25000000.000
833,2047,-0.488281,25000000.000
834,2047,-0.488281,25000000.000
835,2045,-1.464844,25000000.000
836,2046,-0.976562,25000000.000
837,2046,-0.976562,25000000.000
838,2046,-0.976562,25000000.000
839,2044,-1.953125,25000000.000
840,2046,-0.976562,25000000.000
841,2046,-0.976562,25000000.000
842,2046,-0.976562,25000000.000
843,2045,-1.464844,25000000.000
844,2047,-0.488281,25000000.000
845,2046,-0.976562,25000000.000
846,2045,-1.464844,25000000.000
847,2046,-0.976562,25000000.000
848,2047,-0.488281,25000000.000
849,2046,-0.976562,25000000.000
850,2046,-0.976562,25000000.000
851,2046,-0.976562,25000000.000
852,2047,-0.488281,25000000.000
853,2046,-0.976562,25000000.000
854,2047,-0.488281,25000000.000
855,2047,-0.488281,25000000.000
856,2047,-0.488281,25000000.000
857,2045,-1.464844,25000000.000
858,2047,-0.488281,25000000.000
859,2047,-0.488281,25000000.000
860,2047,-0.488281,25000000.000
861,2048,0.000000,25000000.000
862,2046,-0.976562,25000000.000
863,2047,-0.488281,25000000.000
864,2045,-1.464844,25000000.000
865,2047,-0.488281,25000000.000
866,2046,-0.976562,25000000.000
867,2046,-0.976562,25000000.000
868,2037,-5.371094,25000000.000
869,2049,0.488281,25000000.000
870,2052,1.953125,25000000.000
871,2047,-0.488281,25000000.000
872,2045,-1.464844,25000000.000
873,2047,-0.488281,25000000.000
874,2046,-0.976562,25000000.000
875,2046,-0.976562,25000000.000
876,2047,-0.488281,25000000.000
877,2046,-0.976562,25000000.000
878,2046,-0.976562,25000000.000
879,2047,-0.488281,25000000.000
880,2046,-0.976562,25000000.000
881,2046,-0.976562,25000000.000
882,2046,-0.976562,25000000.000
883,2047,-0.488281,25000000.000
884,2046,-0.976562,25000000.000
885,2045,-1.464844,25000000.000
886,2046,-0.976562,25000000.000
887,2047,-0.488281,25000000.000
888,2047,-0.488281,25000000.000
889,2045,-1.464844,25000000.000
890,2047,-0.488281,25000000.000
891,2046,-0.976562,25000000.000
892,2046,-0.976562,25000000.000
893,2046,-0.976562,25000000.000
894,2046,-0.976562,25000000.000
895,2047,-0.488281,25000000.000
896,2045,-1.464844,25000000.000
897,2046,-0.976562,25000000.000
898,2047,-0.488281,25000000.000
899,2048,0.000000,25000000.000
900,2046,-0.976562,25000000.000
901,2047,-0.488281,25000000.000
902,2046,-0.976562,25000000.000
903,2047,-0.488281,25000000.000
904,2048,0.000000,25000000.000
905,2047,-0.488281,25000000.000
906,2047,-0.488281,25000000.000
907,2045,-1.464844,25000000.000
908,2047,-0.488281,25000000.000
909,2047,-0.488281,25000000.000
910,2045,-1.464844,25000000.000
911,2045,-1.464844,25000000.000
912,2048,0.000000,25000000.000
913,2047,-0.488281,25000000.000
914,2046,-0.976562,25000000.000
915,2046,-0.976562,25000000.000
916,2047,-0.488281,25000000.000
917,2047,-0.488281,25000000.000
918,2048,0.000000,25000000.000
919,2047,-0.488281,25000000.000
920,2048,0.000000,25000000.000
921,2046,-0.976562,25000000.000
922,2047,-0.488281,25000000.000
923,2046,-0.976562,25000000.000
924,2046,-0.976562,25000000.000
925,2046,-0.976562,25000000.000
926,2046,-0.976562,25000000.000
927,2046,-0.976562,25000000.000
928,2045,-1.464844,25000000.000
929,2046,-0.976562,25000000.000
930,2046,-0.976562,25000000.000
931,2045,-1.464844,25000000.000
932,2046,-0.976562,25000000.000
933,2048,0.000000,25000000.000
934,2047,-0.488281,25000000.000
935,2045,-1.464844,25000000.000
936,2047,-0.488281,25000000.000
937,2047,-0.488281,25000000.000
938,2049,0.488281,25000000.000
939,2046,-0.976562,25000000.000
940,2048,0.000000,25000000.000
941,2048,0.000000,25000000.000
942,2047,-0.488281,25000000.000
943,2047,-0.488281,25000000.000
944,2048,0.000000,25000000.000
945,2048,0.000000,25000000.000
946,2047,-0.488281,25000000.000
947,2048,0.000000,25000000.000
948,2049,0.488281,25000000.000
949,2048,0.000000,25000000.000
950,2048,0.000000,25000000.000
951,2049,0.488281,25000000.000
952,2048,0.000000,25000000.000
953,2047,-0.488281,25000000.000
954,2049,0.488281,25000000.000
955,2049,0.488281,25000000.000
956,2047,-0.488281,25000000.000
957,2048,0.000000,25000000.000
958,2049,0.488281,25000000.000
959,2047,-0.488281,25000000.000
960,2048,0.000000,25000000.000
961,2047,-0.488281,25000000.000
962,2048,0.000000,25000000.000
963,2048,0.000000,25000000.000
964,2047,-0.488281,25000000.000
965,2047,-0.488281,25000000.000
966,2047,-0.488281,25000000.000
967,2047,-0.488281,25000000.000
968,2049,0.488281,25000000.000
969,2048,0.000000,25000000.000
970,2048,0.000000,25000000.000
971,2047,-0.488281,25000000.000
972,2049,0.488281,25000000.000
973,2048,0.000000,25000000.000
974,2047,-0.488281,25000000.000
975,2047,-0.488281,25000000.000
976,2047,-0.488281,25000000.000
977,2048,0.000000,25000000.000
978,2046,-0.976562,25000000.000
979,2048,0.000000,25000000.000
980,2048,0.000000,25000000.000
981,2047,-0.488281,25000000.000
982,2047,-0.488281,25000000.000
983,2050,0.976562,25000000.000
984,2049,0.488281,25000000.000
985,2047,-0.488281,25000000.000
986,2048,0.000000,25000000.000
987,2048,0.000000,25000000.000
988,2048,0.000000,25000000.000
989,2048,0.000000,25000000.000
990,2047,-0.488281,25000000.000
991,2046,-0.976562,25000000.000
992,2046,-0.976562,25000000.000
993,2047,-0.488281,25000000.000
994,2047,-0.488281,25000000.000
995,2047,-0.488281,25000000.000
996,2046,-0.976562,25000000.000
997,2047,-0.488281,25000000.000
998,2045,-1.464844,25000000.000
999,2047,-0.488281,25000000.000
1000,2046,-0.976562,25000000.000
1001,2046,-0.976562,25000000.000
1002,2046,-0.976562,25000000.000
1003,2045,-1.464844,25000000.000
1004,2046,-0.976562,25000000.000
1005,2046,-0.976562,25000000.000
1006,2047,-0.488281,25000000.000
1007,2046,-0.976562,25000000.000
1008,2047,-0.488281,25000000.000
1009,2047,-0.488281,25000000.000
1010,2045,-1.464844,25000000.000
1011,2046,-0.976562,25000000.000
1012,2048,0.000000,25000000.000
1013,2047,-0.488281,25000000.000
1014,2048,0.000000,25000000.000
1015,2046,-0.976562,25000000.000
1016,2049,0.488281,25000000.000
1017,2048,0.000000,25000000.000
1018,2048,0.000000,25000000.000
1019,2050,0.976562,25000000.000
1020,2038,-4.882812,25000000.000
1021,2053,2.441406,25000000.000
1022,2051,1.464844,25000000.000
1023,2048,0.000000,25000000.000
1024,2045,-1.464844,25000000.000
1025,2048,0.000000,25000000.000
1026,2050,0.976562,25000000.000
1027,2048,0.000000,25000000.000
1028,2045,-1.464844,25000000.000
1029,2047,-0.488281,25000000.000
1030,2048,0.000000,25000000.000
1031,2048,0.000000,25000000.000
1032,2045,-1.464844,25000000.000
1033,2047,-0.488281,25000000.000
1034,2047,-0.488281,25000000.000
1035,2046,-0.976562,25000000.000
1036,2046,-0.976562,25000000.000
1037,2046,-0.976562,25000000.000
1038,2046,-0.976562,25000000.000
1039,2046,-0.976562,25000000.000
1040,2047,-0.488281,25000000.000
1041,2046,-0.976562,25000000.000
1042,2045,-1.464844,25000000.000
1043,2046,-0.976562,25000000.000
1044,2046,-0.976562,25000000.000
1045,2046,-0.976562,25000000.000
1046,2047,-0.488281,25000000.000
1047,2047,-0.488281,25000000.000
1048,2046,-0.976562,25000000.000
1049,2046,-0.976562,25000000.000
1050,2048,0.000000,25000000.000
1051,2047,-0.488281,25000000.000
1052,2048,0.000000,25000000.000
1053,2046,-0.976562,25000000.000
1054,2048,0.000000,25000000.000
1055,2048,0.000000,25000000.000
1056,2046,-0.976562,25000000.000
1057,2046,-0.976562,25000000.000
1058,2046,-0.976562,25000000.000
1059,2046,-0.976562,25000000.000
1060,2047,-0.488281,25000000.000
1061,2047,-0.488281,25000000.000
1062,2046,-0.976562,25000000.000
1063,2047,-0.488281,25000000.000
1064,2048,0.000000,25000000.000
1065,2048,0.000000,25000000.000
1066,2047,-0.488281,25000000.000
1067,2047,-0.488281,25000000.000
1068,2046,-0.976562,25000000.000
1069,2047,-0.488281,25000000.000
1070,2046,-0.976562,25000000.000
1071,2045,-1.464844,25000000.000
1072,2047,-0.488281,25000000.000
1073,2045,-1.464844,25000000.000
1074,2046,-0.976562,25000000.000
1075,2045,-1.464844,25000000.000
1076,2045,-1.464844,25000000.000
1077,2046,-0.976562,25000000.000
1078,2044,-1.953125,25000000.000
1079,2045,-1.464844,25000000.000
1080,2045,-1.464844,25000000.000
1081,2044,-1.953125,25000000.000
1082,2045,-1.464844,25000000.000
1083,2045,-1.464844,25000000.000
1084,2047,-0.488281,25000000.000
1085,2044,-1.953125,25000000.000
1086,2044,-1.953125,25000000.000
1087,2046,-0.976562,25000000.000
1088,2045,-1.464844,25000000.000
1089,2047,-0.488281,25000000.000
1090,2046,-0.976562,25000000.000
1091,2045,-1.464844,25000000.000
1092,2045,-1.464844,25000000.000
1093,2046,-0.976562,25000000.000
1094,2045,-1.464844,25000000.000
1095,2045,-1.464844,25000000.000
1096,2047,-0.488281,25000000.000
1097,2046,-0.976562,25000000.000
1098,2047,-0.488281,25000000.000
1099,2047,-0.488281,25000000.000
1100,2047,-0.488281,25000000.000
1101,2047,-0.488281,25000000.000
1102,2048,0.000000,25000000.000
1103,2048,0.000000,25000000.000
1104,2048,0.000000,25000000.000
1105,2047,-0.488281,25000000.000
1106,2047,-0.488281,25000000.000
1107,2046,-0.976562,25000000.000
1108,2047,-0.488281,25000000.000
1109,2050,0.976562,25000000.000
1110,2046,-0.976562,25000000.000
1111,2047,-0.488281,25000000.000
1112,2047,-0.488281,25000000.000
1113,2047,-0.488281,25000000.000
1114,2046,-0.976562,25000000.000
1115,2046,-0.976562,25000000.000
1116,2046,-0.976562,25000000.000
1117,2045,-1.464844,25000000.000
1118,2046,-0.976562,25000000.000
1119,2047,-0.488281,25000000.000
1120,2048,0.000000,25000000.000
1121,2046,-0.976562,25000000.000
1122,2046,-0.976562,25000000.000
1123,2046,-0.976562,25000000.000
1124,2041,-3.417969,25000000.000
1125,2044,-1.953125,25000000.000
1126,2048,0.000000,25000000.000
1127,2044,-1.953125,25000000.000
1128,2045,-1.464844,25000000.000
1129,2046,-0.976562,25000000.000
1130,2047,-0.488281,25000000.000
1131,2046,-0.976562,25000000.000
1132,2047,-0.488281,25000000.000
1133,2047,-0.488281,25000000.000
1134,2046,-0.976562,25000000.000
1135,2047,-0.488281,25000000.000
1136,2048,0.000000,25000000.000
1137,2049,0.488281,25000000.000
1138,2047,-0.488281,25000000.000
1139,2047,-0.488281,25000000.000
1140,2049,0.488281,25000000.000
1141,2049,0.488281,25000000.000
1142,2048,0.000000,25000000.000
1143,2048,0.000000,25000000.000
1144,2048,0.000000,25000000.000
1145,2049,0.488281,25000000.000
1146,2049,0.488281,25000000.000
1147,2051,1.464844,25000000.000
1148,2050,0.976562,25000000.000
1149,2046,-0.976562,25000000.000
1150,2050,0.976562,25000000.000
1151,2048,0.000000,25000000.000
1152,2051,1.464844,25000000.000
1153,2048,0.000000,25000000.000
1154,2048,0.000000,25000000.000
1155,2048,0.000000,25000000.000
1156,2049,0.488281,25000000.000
1157,2048,0.000000,25000000.000
1158,2050,0.976562,25000000.000
1159,2048,0.000000,25000000.000
1160,2047,-0.488281,25000000.000
1161,2048,0.000000,25000000.000
1162,2048,0.000000,25000000.000
1163,2048,0.000000,25000000.000
1164,2046,-0.976562,25000000.000
1165,2047,-0.488281,25000000.000
1166,2049,0.488281,25000000.000
1167,2048,0.000000,25000000.000
1168,2047,-0.488281,25000000.000
1169,2047,-0.488281,25000000.000
1170,2047,-0.488281,25000000.000
1171,2046,-0.976562,25000000.000
1172,2047,-0.488281,25000000.000
1173,2047,-0.488281,25000000.000
1174,2046,-0.976562,25000000.000
1175,2046,-0.976562,25000000.000
1176,2047,-0.488281,25000000.000
1177,2047,-0.488281,25000000.000
1178,2047,-0.488281,25000000.000
1179,2048,0.000000,25000000.000
1180,2047,-0.488281,25000000.000
1181,2048,0.000000,25000000.000
1182,2047,-0.488281,25000000.000
1183,2048,0.000000,25000000.000
1184,2048,0.000000,25000000.000
1185,2046,-0.976562,25000000.000
1186,2049,0.488281,25000000.000
1187,2048,0.000000,25000000.000
1188,2047,-0.488281,25000000.000
1189,2048,0.000000,25000000.000
1190,2051,1.464844,25000000.000
1191,2050,0.976562,25000000.000
1192,2045,-1.464844,25000000.000
1193,2047,-0.488281,25000000.000
1194,2048,0.000000,25000000.000
1195,2048,0.000000,25000000.000
1196,2047,-0.488281,25000000.000
1197,2047,-0.488281,25000000.000
1198,2048,0.000000,25000000.000
1199,2047,-0.488281,25000000.000
1200,2046,-0.976562,25000000.000
1201,2047,-0.488281,25000000.000
1202,2046,-0.976562,25000000.000
1203,2047,-0.488281,25000000.000
1204,2047,-0.488281,25000000.000
1205,2045,-1.464844,25000000.000
1206,2045,-1.464844,25000000.000
1207,2045,-1.464844,25000000.000
1208,2045,-1.464844,25000000.000
1209,2045,-1.464844,25000000.000
1210,2045,-1.464844,25000000.000
1211,2044,-1.953125,25000000.000
1212,2044,-1.953125,25000000.000
1213,2045,-1.464844,25000000.000
1214,2045,-1.464844,25000000.000
1215,2045,-1.464844,25000000.000
1216,2044,-1.953125,25000000.000
1217,2045,-1.464844,25000000.000
1218,2046,-0.976562,25000000.000
1219,2046,-0.976562,25000000.000
1220,2046,-0.976562,25000000.000
1221,2046,-0.976562,25000000.000
1222,2048,0.000000,25000000.000
1223,2047,-0.488281,25000000.000
1224,2048,0.000000,25000000.000
1225,2048,0.000000,25000000.000
1226,2049,0.488281,25000000.000
1227,2047,-0.488281,25000000.000
1228,2049,0.488281,25000000.000
1229,2049,0.488281,25000000.000
1230,2048,0.000000,25000000.000
1231,2050,0.976562,25000000.000
1232,2049,0.488281,25000000.000
1233,2050,0.976562,25000000.000
1234,2049,0.488281,25000000.000
1235,2049,0.488281,25000000.000
1236,2049,0.488281,25000000.000
1237,2048,0.000000,25000000.000
1238,2048,0.000000,25000000.000
1239,2046,-0.976562,25000000.000
1240,2047,-0.488281,25000000.000
1241,2047,-0.488281,25000000.000
1242,2045,-1.464844,25000000.000
1243,2045,-1.464844,25000000.000
1244,2045,-1.464844,25000000.000
1245,2044,-1.953125,25000000.000
1246,2046,-0.976562,25000000.000
1247,2046,-0.976562,25000000.000
1248,2045,-1.464844,25000000.000
1249,2045,-1.464844,25000000.000
1250,2045,-1.464844,25000000.000
1251,2046,-0.976562,25000000.000
1252,2045,-1.464844,25000000.000
1253,2045,-1.464844,25000000.000
1254,2046,-0.976562,25000000.000
1255,2046,-0.976562,25000000.000
1256,2045,-1.464844,25000000.000
1257,2046,-0.976562,25000000.000
1258,2047,-0.488281,25000000.000
1259,2046,-0.976562,25000000.000
1260,2047,-0.488281,25000000.000
1261,2048,0.000000,25000000.000
1262,2048,0.000000,25000000.000
1263,2048,0.000000,25000000.000
1264,2048,0.000000,25000000.000
1265,2049,0.488281,25000000.000
1266,2050,0.976562,25000000.000
1267,2048,0.000000,25000000.000
1268,2050,0.976562,25000000.000
1269,2048,0.000000,25000000.000
1270,2052,1.953125,25000000.000
1271,2047,-0.488281,25000000.000
1272,2050,0.976562,25000000.000
1273,2049,0.488281,25000000.000
1274,2049,0.488281,25000000.000
1275,2048,0.000000,25000000.000
1276,2049,0.488281,25000000.000
1277,2049,0.488281,25000000.000
1278,2047,-0.488281,25000000.000
1279,2047,-0.488281,25000000.000
1280,2047,-0.488281,25000000.000
1281,2046,-0.976562,25000000.000
1282,2047,-0.488281,25000000.000
1283,2046,-0.976562,25000000.000
1284,2047,-0.488281,25000000.000
1285,2047,-0.488281,25000000.000
1286,2045,-1.464844,25000000.000
1287,2046,-0.976562,25000000.000
1288,2046,-0.976562,25000000.000
1289,2045,-1.464844,25000000.000
1290,2046,-0.976562,25000000.000
1291,2045,-1.464844,25000000.000
1292,2043,-2.441406,25000000.000
1293,2045,-1.464844,25000000.000
1294,2046,-0.976562,25000000.000
1295,2045,-1.464844,25000000.000
1296,2043,-2.441406,25000000.000
1297,2046,-0.976562,25000000.000
1298,2044,-1.953125,25000000.000
1299,2045,-1.464844,25000000.000
1300,2045,-1.464844,25000000.000
1301,2046,-0.976562,25000000.000
1302,2046,-0.976562,25000000.000
1303,2046,-0.976562,25000000.000
1304,2048,0.000000,25000000.000
1305,2046,-0.976562,25000000.000
1306,2046,-0.976562,25000000.000
1307,2046,-0.976562,25000000.000
1308,2048,0.000000,25000000.000
1309,2047,-0.488281,25000000.000
1310,2046,-0.976562,25000000.000
1311,2047,-0.488281,25000000.000
1312,2048,0.000000,25000000.000
1313,2046,-0.976562,25000000.000
1314,2046,-0.976562,25000000.000
1315,2047,-0.488281,25000000.000
1316,2048,0.000000,25000000.000
1317,2046,-0.976562,25000000.000
1318,2046,-0.976562,25000000.000
1319,2047,-0.488281,25000000.000
1320,2047,-0.488281,25000000.000
1321,2046,-0.976562,25000000.000
1322,2047,-0.488281,25000000.000
1323,2046,-0.976562,25000000.000
1324,2046,-0.976562,25000000.000
1325,2044,-1.953125,25000000.000
1326,2045,-1.464844,25000000.000
1327,2044,-1.953125,25000000.000
1328,2045,-1.464844,25000000.000
1329,2043,-2.441406,25000000.000
1330,2043,-2.441406,25000000.000
1331,2045,-1.464844,25000000.000
1332,2046,-0.976562,25000000.000
1333,2044,-1.953125,25000000.000
1334,2045,-1.464844,25000000.000
1335,2044,-1.953125,25000000.000
1336,2044,-1.953125,25000000.000
1337,2046,-0.976562,25000000.000
1338,2046,-0.976562,25000000.000
1339,2044,-1.953125,25000000.000
1340,2048,0.000000,25000000.000
1341,2048,0.000000,25000000.000
1342,2046,-0.976562,25000000.000
1343,2046,-0.976562,25000000.000
1344,2048,0.000000,25000000.000
1345,2048,0.000000,25000000.000
1346,2049,0.488281,25000000.000
1347,2050,0.976562,25000000.000
1348,2049,0.488281,25000000.000
1349,2048,0.000000,25000000.000
1350,2048,0.000000,25000000.000
1351,2050,0.976562,25000000.000
1352,2049,0.488281,25000000.000
1353,2050,0.976562,25000000.000
1354,2050,0.976562,25000000.000
1355,2050,0.976562,25000000.000
1356,2050,0.976562,25000000.000
1357,2050,0.976562,25000000.000
1358,2049,0.488281,25000000.000
1359,2048,0.000000,25000000.000
1360,2045,-1.464844,25000000.000
1361,2049,0.488281,25000000.000
1362,2051,1.464844,25000000.000
1363,2053,2.441406,25000000.000
1364,2049,0.488281,25000000.000
1365,2055,3.417969,25000000.000
1366,2066,8.789062,25000000.000
1367,2043,-2.441406,25000000.000
1368,2041,-3.417969,25000000.000
1369,2046,-0.976562,25000000.000
1370,2050,0.976562,25000000.000
1371,2047,-0.488281,25000000.000
1372,2046,-0.976562,25000000.000
1373,2047,-0.488281,25000000.000
1374,2046,-0.976562,25000000.000
1375,2045,-1.464844,25000000.000
1376,2046,-0.976562,25000000.000
1377,2047,-0.488281,25000000.000
1378,2046,-0.976562,25000000.000
1379,2046,-0.976562,25000000.000
1380,2047,-0.488281,25000000.000
1381,2046,-0.976562,25000000.000
1382,2047,-0.488281,25000000.000
1383,2047,-0.488281,25000000.000
1384,2048,0.000000,25000000.000
1385,2045,-1.464844,25000000.000
1386,2047,-0.488281,25000000.000
1387,2048,0.000000,25000000.000
1388,2047,-0.488281,25000000.000
1389,2047,-0.488281,25000000.000
1390,2048,0.000000,25000000.000
1391,2046,-0.976562,25000000.000
1392,2046,-0.976562,25000000.000
1393,2047,-0.488281,25000000.000
1394,2047,-0.488281,25000000.000
1395,2046,-0.976562,25000000.000
1396,2047,-0.488281,25000000.000
1397,2047,-0.488281,25000000.000
1398,2047,-0.488281,25000000.000
1399,2048,0.000000,25000000.000
1400,2047,-0.488281,25000000.000
1401,2049,0.488281,25000000.000
1402,2047,-0.488281,25000000.000
1403,2048,0.000000,25000000.000
1404,2048,0.000000,25000000.000
1405,2048,0.000000,25000000.000
1406,2047,-0.488281,25000000.000
1407,2047,-0.488281,25000000.000
1408,2047,-0.488281,25000000.000
1409,2048,0.000000,25000000.000
1410,2046,-0.976562,25000000.000
1411,2046,-0.976562,25000000.000
1412,2046,-0.976562,25000000.000
1413,2046,-0.976562,25000000.000
1414,2044,-1.953125,25000000.000
1415,2044,-1.953125,25000000.000
1416,2046,-0.976562,25000000.000
1417,2045,-1.464844,25000000.000
1418,2045,-1.464844,25000000.000
1419,2045,-1.464844,25000000.000
1420,2046,-0.976562,25000000.000
1421,2045,-1.464844,25000000.000
1422,2046,-0.976562,25000000.000
1423,2045,-1.464844,25000000.000
1424,2047,-0.488281,25000000.000
1425,2047,-0.488281,25000000.000
1426,2048,0.000000,25000000.000
1427,2046,-0.976562,25000000.000
1428,2047,-0.488281,25000000.000
1429,2048,0.000000,25000000.000
1430,2048,0.000000,25000000.000
1431,2048,0.000000,25000000.000
1432,2048,0.000000,25000000.000
1433,2049,0.488281,25000000.000
1434,2049,0.488281,25000000.000
1435,2048,0.000000,25000000.000
1436,2050,0.976562,25000000.000
1437,2049,0.488281,25000000.000
1438,2049,0.488281,25000000.000
1439,2048,0.000000,25000000.000
1440,2047,-0.488281,25000000.000
1441,2050,0.976562,25000000.000
1442,2051,1.464844,25000000.000
1443,2047,-0.488281,25000000.000
1444,2048,0.000000,25000000.000
1445,2047,-0.488281,25000000.000
1446,2047,-0.488281,25000000.000
1447,2047,-0.488281,25000000.000
1448,2047,-0.488281,25000000.000
1449,2046,-0.976562,25000000.000
1450,2044,-1.953125,25000000.000
1451,2046,-0.976562,25000000.000
1452,2046,-0.976562,25000000.000
1453,2045,-1.464844,25000000.000
1454,2045,-1.464844,25000000.000
1455,2045,-1.464844,25000000.000
1456,2044,-1.953125,25000000.000
1457,2045,-1.464844,25000000.000
1458,2045,-1.464844,25000000.000
1459,2044,-1.953125,25000000.000
1460,2044,-1.953125,25000000.000
1461,2045,-1.464844,25000000.000
1462,2044,-1.953125,25000000.000
1463,2046,-0.976562,25000000.000
1464,2047,-0.488281,25000000.000
1465,2046,-0.976562,25000000.000
1466,2047,-0.488281,25000000.000
1467,2046,-0.976562,25000000.000
1468,2046,-0.976562,25000000.000
1469,2047,-0.488281,25000000.000
1470,2047,-0.488281,25000000.000
1471,2046,-0.976562,25000000.000
1472,2049,0.488281,25000000.000
1473,2050,0.976562,25000000.000
1474,2049,0.488281,25000000.000
1475,2047,-0.488281,25000000.000
1476,2048,0.000000,25000000.000
1477,2047,-0.488281,25000000.000
1478,2049,0.488281,25000000.000
1479,2048,0.000000,25000000.000
1480,2047,-0.488281,25000000.000
1481,2047,-0.488281,25000000.000
1482,2048,0.000000,25000000.000
1483,2047,-0.488281,25000000.000
1484,2047,-0.488281,25000000.000
1485,2046,-0.976562,25000000.000
1486,2047,-0.488281,25000000.000
1487,2047,-0.488281,25000000.000
1488,2045,-1.464844,25000000.000
1489,2045,-1.464844,25000000.000
1490,2047,-0.488281,25000000.000
1491,2047,-0.488281,25000000.000
1492,2044,-1.953125,25000000.000
1493,2045,-1.464844,25000000.000
1494,2045,-1.464844,25000000.000
1495,2045,-1.464844,25000000.000
1496,2043,-2.441406,25000000.000
1497,2045,-1.464844,25000000.000
1498,2044,-1.953125,25000000.000
1499,2044,-1.953125,25000000.000
1500,2046,-0.976562,25000000.000
1501,2044,-1.953125,25000000.000
1502,2045,-1.464844,25000000.000
1503,2045,-1.464844,25000000.000
1504,2047,-0.488281,25000000.000
1505,2045,-1.464844,25000000.000
1506,2045,-1.464844,25000000.000
1507,2047,-0.488281,25000000.000
1508,2045,-1.464844,25000000.000
1509,2046,-0.976562,25000000.000
1510,2048,0.000000,25000000.000
1511,2048,0.000000,25000000.000
1512,2049,0.488281,25000000.000
1513,2049,0.488281,25000000.000
1514,2048,0.000000,25000000.000
1515,2046,-0.976562,25000000.000
1516,2049,0.488281,25000000.000
1517,2052,1.953125,25000000.000
1518,2048,0.000000,25000000.000
1519,2050,0.976562,25000000.000
1520,2049,0.488281,25000000.000
1521,2049,0.488281,25000000.000
1522,2050,0.976562,25000000.000
1523,2050,0.976562,25000000.000
1524,2049,0.488281,25000000.000
1525,2050,0.976562,25000000.000
1526,2048,0.000000,25000000.000
1527,2048,0.000000,25000000.000
1528,2048,0.000000,25000000.000
1529,2049,0.488281,25000000.000
1530,2047,-0.488281,25000000.000
1531,2048,0.000000,25000000.000
1532,2047,-0.488281,25000000.000
1533,2046,-0.976562,25000000.000
1534,2048,0.000000,25000000.000
1535,2045,-1.464844,25000000.000
1536,2046,-0.976562,25000000.000
1537,2044,-1.953125,25000000.000
1538,2046,-0.976562,25000000.000
1539,2044,-1.953125,25000000.000
1540,2045,-1.464844,25000000.000
1541,2046,-0.976562,25000000.000
1542,2043,-2.441406,25000000.000
1543,2044,-1.953125,25000000.000
1544,2045,-1.464844,25000000.000
1545,2045,-1.464844,25000000.000
1546,2044,-1.953125,25000000.000
1547,2046,-0.976562,25000000.000
1548,2046,-0.976562,25000000.000
1549,2046,-0.976562,25000000.000
1550,2046,-0.976562,25000000.000
1551,2047,-0.488281,25000000.000
1552,2049,0.488281,25000000.000
1553,2047,-0.488281,25000000.000
1554,2048,0.000000,25000000.000
1555,2048,0.000000,25000000.000
1556,2049,0.488281,25000000.000
1557,2049,0.488281,25000000.000
1558,2049,0.488281,25000000.000
1559,2049,0.488281,25000000.000
1560,2048,0.000000,25000000.000
1561,2050,0.976562,25000000.000
1562,2049,0.488281,25000000.000
1563,2050,0.976562,25000000.000
1564,2048,0.000000,25000000.000
1565,2049,0.488281,25000000.000
1566,2049,0.488281,25000000.000
1567,2050,0.976562,25000000.000
1568,2048,0.000000,25000000.000
1569,2046,-0.976562,25000000.000
1570,2048,0.000000,25000000.000
1571,2046,-0.976562,25000000.000
1572,2048,0.000000,25000000.000
1573,2045,-1.464844,25000000.000
1574,2045,-1.464844,25000000.000
1575,2044,-1.953125,25000000.000
1576,2046,-0.976562,25000000.000
1577,2046,-0.976562,25000000.000
1578,2043,-2.441406,25000000.000
1579,2045,-1.464844,25000000.000
1580,2044,-1.953125,25000000.000
1581,2041,-3.417969,25000000.000
1582,2043,-2.441406,25000000.000
1583,2044,-1.953125,25000000.000
1584,2042,-2.929688,25000000.000
1585,2043,-2.441406,25000000.000
1586,2044,-1.953125,25000000.000
1587,2045,-1.464844,25000000.000
1588,2044,-1.953125,25000000.000
1589,2043,-2.441406,25000000.000
1590,2045,-1.464844,25000000.000
1591,2044,-1.953125,25000000.000
1592,2045,-1.464844,25000000.000
1593,2046,-0.976562,25000000.000
1594,2048,0.000000,25000000.000
1595,2046,-0.976562,25000000.000
1596,2047,-0.488281,25000000.000
1597,2048,0.000000,25000000.000
1598,2049,0.488281,25000000.000
1599,2049,0.488281,25000000.000
1600,2050,0.976562,25000000.000
1601,2051,1.464844,25000000.000
1602,2050,0.976562,25000000.000
1603,2049,0.488281,25000000.000
1604,2051,1.464844,25000000.000
1605,2050,0.976562,25000000.000
1606,2050,0.976562,25000000.000
1607,2051,1.464844,25000000.000
1608,2050,0.976562,25000000.000
1609,2050,0.976562,25000000.000
1610,2049,0.488281,25000000.000
1611,2050,0.976562,25000000.000
1612,2049,0.488281,25000000.000
1613,2049,0.488281,25000000.000
1614,2048,0.000000,25000000.000
1615,2049,0.488281,25000000.000
1616,2049,0.488281,25000000.000
1617,2048,0.000000,25000000.000
1618,2048,0.000000,25000000.000
1619,2047,-0.488281,25000000.000
1620,2046,-0.976562,25000000.000
1621,2046,-0.976562,25000000.000
1622,2046,-0.976562,25000000.000
1623,2044,-1.953125,25000000.000
1624,2043,-2.441406,25000000.000
1625,2044,-1.953125,25000000.000
1626,2044,-1.953125,25000000.000
1627,2045,-1.464844,25000000.000
1628,2044,-1.953125,25000000.000
1629,2044,-1.953125,25000000.000
1630,2042,-2.929688,25000000.000
1631,2044,-1.953125,25000000.000
1632,2044,-1.953125,25000000.000
1633,2045,-1.464844,25000000.000
1634,2045,-1.464844,25000000.000
1635,2044,-1.953125,25000000.000
1636,2046,-0.976562,25000000.000
1637,2045,-1.464844,25000000.000
1638,2044,-1.953125,25000000.000
1639,2044,-1.953125,25000000.000
1640,2046,-0.976562,25000000.000
1641,2049,0.488281,25000000.000
1642,2047,-0.488281,25000000.000
1643,2048,0.000000,25000000.000
1644,2048,0.000000,25000000.000
1645,2049,0.488281,25000000.000
1646,2049,0.488281,25000000.000
1647,2048,0.000000,25000000.000
1648,2050,0.976562,25000000.000
1649,2048,0.000000,25000000.000
1650,2050,0.976562,25000000.000
1651,2050,0.976562,25000000.000
1652,2049,0.488281,25000000.000
1653,2049,0.488281,25000000.000
1654,2050,0.976562,25000000.000
1655,2049,0.488281,25000000.000
1656,2049,0.488281,25000000.000
1657,2047,-0.488281,25000000.000
1658,2048,0.000000,25000000.000
1659,2047,-0.488281,25000000.000
1660,2047,-0.488281,25000000.000
1661,2047,-0.488281,25000000.000
1662,2046,-0.976562,25000000.000
1663,2046,-0.976562,25000000.000
1664,2047,-0.488281,25000000.000
1665,2046,-0.976562,25000000.000
1666,2046,-0.976562,25000000.000
1667,2045,-1.464844,25000000.000
1668,2045,-1.464844,25000000.000
1669,2046,-0.976562,25000000.000
1670,2045,-1.464844,25000000.000
1671,2044,-1.953125,25000000.000
1672,2045,-1.464844,25000000.000
1673,2044,-1.953125,25000000.000
1674,2044,-1.953125,25000000.000
1675,2044,-1.953125,25000000.000
1676,2044,-1.953125,25000000.000
1677,2046,-0.976562,25000000.000
1678,2045,-1.464844,25000000.000
1679,2046,-0.976562,25000000.000
1680,2046,-0.976562,25000000.000
1681,2045,-1.464844,25000000.000
1682,2047,-0.488281,25000000.000
1683,2047,-0.488281,25000000.000
1684,2049,0.488281,25000000.000
1685,2048,0.000000,25000000.000
1686,2048,0.000000,25000000.000
1687,2048,0.000000,25000000.000
1688,2049,0.488281,25000000.000
1689,2049,0.488281,25000000.000
1690,2049,0.488281,25000000.000
1691,2049,0.488281,25000000.000
1692,2050,0.976562,25000000.000
1693,2049,0.488281,25000000.000
1694,2049,0.488281,25000000.000
1695,2050,0.976562,25000000.000
1696,2051,1.464844,25000000.000
1697,2050,0.976562,25000000.000
1698,2049,0.488281,25000000.000
1699,2049,0.488281,25000000.000
1700,2050,0.976562,25000000.000
1701,2048,0.000000,25000000.000
1702,2048,0.000000,25000000.000
1703,2048,0.000000,25000000.000
1704,2047,-0.488281,25000000.000
1705,2047,-0.488281,25000000.000
1706,2045,-1.464844,25000000.000
1707,2048,0.000000,25000000.000
1708,2045,-1.464844,25000000.000
1709,2046,-0.976562,25000000.000
1710,2044,-1.953125,25000000.000
1711,2045,-1.464844,25000000.000
1712,2045,-1.464844,25000000.000
1713,2028,-9.765625,25000000.000
1714,2046,-0.976562,25000000.000
1715,2036,-5.859375,25000000.000
1716,2050,0.976562,25000000.000
1717,2042,-2.929688,25000000.000
1718,2044,-1.953125,25000000.000
1719,2044,-1.953125,25000000.000
1720,2046,-0.976562,25000000.000
1721,2045,-1.464844,25000000.000
1722,2046,-0.976562,25000000.000
1723,2046,-0.976562,25000000.000
1724,2046,-0.976562,25000000.000
1725,2047,-0.488281,25000000.000
1726,2048,0.000000,25000000.000
1727,2047,-0.488281,25000000.000
1728,2048,0.000000,25000000.000
1729,2049,0.488281,25000000.000
1730,2049,0.488281,25000000.000
1731,2049,0.488281,25000000.000
1732,2049,0.488281,25000000.000
1733,2051,1.464844,25000000.000
1734,2050,0.976562,25000000.000
1735,2049,0.488281,25000000.000
1736,2050,0.976562,25000000.000
1737,2050,0.976562,25000000.000
1738,2049,0.488281,25000000.000
1739,2049,0.488281,25000000.000
1740,2049,0.488281,25000000.000
1741,2048,0.000000,25000000.000
1742,2046,-0.976562,25000000.000
1743,2047,-0.488281,25000000.000
1744,2048,0.000000,25000000.000
1745,2046,-0.976562,25000000.000
1746,2046,-0.976562,25000000.000
1747,2046,-0.976562,25000000.000
1748,2047,-0.488281,25000000.000
1749,2044,-1.953125,25000000.000
1750,2044,-1.953125,25000000.000
1751,2040,-3.906250,25000000.000
1752,2046,-0.976562,25000000.000
1753,2043,-2.441406,25000000.000
1754,2043,-2.441406,25000000.000
1755,2042,-2.929688,25000000.000
1756,2045,-1.464844,25000000.000
1757,2044,-1.953125,25000000.000
1758,2044,-1.953125,25000000.000
1759,2043,-2.441406,25000000.000
1760,2045,-1.464844,25000000.000
1761,2045,-1.464844,25000000.000
1762,2047,-0.488281,25000000.000
1763,2046,-0.976562,25000000.000
1764,2047,-0.488281,25000000.000
1765,2047,-0.488281,25000000.000
1766,2048,0.000000,25000000.000
1767,2047,-0.488281,25000000.000
1768,2048,0.000000,25000000.000
1769,2048,0.000000,25000000.000
1770,2049,0.488281,25000000.000
1771,2049,0.488281,25000000.000
1772,2052,1.953125,25000000.000
1773,2050,0.976562,25000000.000
1774,2047,-0.488281,25000000.000
1775,2049,0.488281,25000000.000
1776,2049,0.488281,25000000.000
1777,2046,-0.976562,25000000.000
1778,2046,-0.976562,25000000.000
1779,2047,-0.488281,25000000.000
1780,2047,-0.488281,25000000.000
1781,2047,-0.488281,25000000.000
1782,2046,-0.976562,25000000.000
1783,2046,-0.976562,25000000.000
1784,2046,-0.976562,25000000.000
1785,2045,-1.464844,25000000.000
1786,2045,-1.464844,25000000.000
1787,2046,-0.976562,25000000.000
1788,2044,-1.953125,25000000.000
1789,2045,-1.464844,25000000.000
1790,2044,-1.953125,25000000.000
1791,2043,-2.441406,25000000.000
1792,2042,-2.929688,25000000.000
1793,2044,-1.953125,25000000.000
1794,2044,-1.953125,25000000.000
1795,2043,-2.441406,25000000.000
1796,2043,-2.441406,25000000.000
1797,2045,-1.464844,25000000.000
1798,2046,-0.976562,25000000.000
1799,2044,-1.953125,25000000.000
1800,2046,-0.976562,25000000.000
1801,2046,-0.976562,25000000.000
1802,2046,-0.976562,25000000.000
1803,2047,-0.488281,25000000.000
1804,2047,-0.488281,25000000.000
1805,2049,0.488281,25000000.000
1806,2047,-0.488281,25000000.000
1807,2047,-0.488281,25000000.000
1808,2050,0.976562,25000000.000
1809,2051,1.464844,25000000.000
1810,2050,0.976562,25000000.000
1811,2050,0.976562,25000000.000
1812,2051,1.464844,25000000.000
1813,2049,0.488281,25000000.000
1814,2051,1.464844,25000000.000
1815,2050,0.976562,25000000.000
1816,2051,1.464844,25000000.000
1817,2051,1.464844,25000000.000
1818,2051,1.464844,25000000.000
1819,2050,0.976562,25000000.000
1820,2048,0.000000,25000000.000
1821,2050,0.976562,25000000.000
1822,2049,0.488281,25000000.000
1823,2049,0.488281,25000000.000
1824,2047,-0.488281,25000000.000
1825,2047,-0.488281,25000000.000
1826,2047,-0.488281,25000000.000
1827,2048,0.000000,25000000.000
1828,2045,-1.464844,25000000.000
1829,2045,-1.464844,25000000.000
1830,2046,-0.976562,25000000.000
1831,2045,-1.464844,25000000.000
1832,2044,-1.953125,25000000.000
1833,2043,-2.441406,25000000.000
1834,2045,-1.464844,25000000.000
1835,2044,-1.953125,25000000.000
1836,2046,-0.976562,25000000.000
1837,2044,-1.953125,25000000.000
1838,2044,-1.953125,25000000.000
1839,2045,-1.464844,25000000.000
1840,2047,-0.488281,25000000.000
1841,2045,-1.464844,25000000.000
1842,2045,-1.464844,25000000.000
1843,2046,-0.976562,25000000.000
1844,2047,-0.488281,25000000.000
1845,2047,-0.488281,25000000.000
1846,2048,0.000000,25000000.000
1847,2048,0.000000,25000000.000
1848,2047,-0.488281,25000000.000
1849,2049,0.488281,25000000.000
1850,2050,0.976562,25000000.000
1851,2051,1.464844,25000000.000
1852,2048,0.000000,25000000.000
1853,2048,0.000000,25000000.000
1854,2049,0.488281,25000000.000
1855,2049,0.488281,25000000.000
1856,2049,0.488281,25000000.000
1857,2049,0.488281,25000000.000
1858,2048,0.000000,25000000.000
1859,2048,0.000000,25000000.000
1860,2048,0.000000,25000000.000
1861,2048,0.000000,25000000.000
1862,2046,-0.976562,25000000.000
1863,2047,-0.488281,25000000.000
1864,2047,-0.488281,25000000.000
1865,2046,-0.976562,25000000.000
1866,2046,-0.976562,25000000.000
1867,2046,-0.976562,25000000.000
1868,2045,-1.464844,25000000.000
1869,2043,-2.441406,25000000.000
1870,2043,-2.441406,25000000.000
1871,2044,-1.953125,25000000.000
1872,2044,-1.953125,25000000.000
1873,2045,-1.464844,25000000.000
1874,2042,-2.929688,25000000.000
1875,2042,-2.929688,25000000.000
1876,2043,-2.441406,25000000.000
1877,2044,-1.953125,25000000.000
1878,2044,-1.953125,25000000.000
1879,2045,-1.464844,25000000.000
1880,2045,-1.464844,25000000.000
1881,2045,-1.464844,25000000.000
1882,2046,-0.976562,25000000.000
1883,2047,-0.488281,25000000.000
1884,2047,-0.488281,25000000.000
1885,2047,-0.488281,25000000.000
1886,2048,0.000000,25000000.000
1887,2047,-0.488281,25000000.000
1888,2050,0.976562,25000000.000
1889,2050,0.976562,25000000.000
1890,2051,1.464844,25000000.000
1891,2048,0.000000,25000000.000
1892,2049,0.488281,25000000.000
1893,2051,1.464844,25000000.000
1894,2050,0.976562,25000000.000
1895,2051,1.464844,25000000.000
1896,2051,1.464844,25000000.000
1897,2050,0.976562,25000000.000
1898,2051,1.464844,25000000.000
1899,2049,0.488281,25000000.000
1900,2053,2.441406,25000000.000
1901,2048,0.000000,25000000.000
1902,2050,0.976562,25000000.000
1903,2048,0.000000,25000000.000
1904,2050,0.976562,25000000.000
1905,2048,0.000000,25000000.000
1906,2047,-0.488281,25000000.000
1907,2048,0.000000,25000000.000
1908,2046,-0.976562,25000000.000
1909,2046,-0.976562,25000000.000
1910,2045,-1.464844,25000000.000
1911,2046,-0.976562,25000000.000
1912,2045,-1.464844,25000000.000
1913,2044,-1.953125,25000000.000
1914,2046,-0.976562,25000000.000
1915,2045,-1.464844,25000000.000
1916,2046,-0.976562,25000000.000
1917,2045,-1.464844,25000000.000
1918,2045,-1.464844,25000000.000
1919,2045,-1.464844,25000000.000
1920,2044,-1.953125,25000000.000
1921,2044,-1.953125,25000000.000
1922,2046,-0.976562,25000000.000
1923,2046,-0.976562,25000000.000
1924,2045,-1.464844,25000000.000
1925,2046,-0.976562,25000000.000
1926,2047,-0.488281,25000000.000
1927,2047,-0.488281,25000000.000
1928,2048,0.000000,25000000.000
1929,2048,0.000000,25000000.000
1930,2047,-0.488281,25000000.000
1931,2048,0.000000,25000000.000
1932,2048,0.000000,25000000.000
1933,2049,0.488281,25000000.000
1934,2050,0.976562,25000000.000
1935,2049,0.488281,25000000.000
1936,2051,1.464844,25000000.000
1937,2049,0.488281,25000000.000
1938,2050,0.976562,25000000.000
1939,2050,0.976562,25000000.000
1940,2049,0.488281,25000000.000
1941,2049,0.488281,25000000.000
1942,2047,-0.488281,25000000.000
1943,2048,0.000000,25000000.000
1944,2049,0.488281,25000000.000
1945,2048,0.000000,25000000.000
1946,2047,-0.488281,25000000.000
1947,2047,-0.488281,25000000.000
1948,2047,-0.488281,25000000.000
1949,2045,-1.464844,25000000.000
1950,2045,-1.464844,25000000.000
1951,2046,-0.976562,25000000.000
1952,2044,-1.953125,25000000.000
1953,2044,-1.953125,25000000.000
1954,2044,-1.953125,25000000.000
1955,2045,-1.464844,25000000.000
1956,2042,-2.929688,25000000.000
1957,2045,-1.464844,25000000.000
1958,2045,-1.464844,25000000.000
1959,2044,-1.953125,25000000.000
1960,2043,-2.441406,25000000.000
1961,2044,-1.953125,25000000.000
1962,2045,-1.464844,25000000.000
1963,2046,-0.976562,25000000.000
1964,2044,-1.953125,25000000.000
1965,2045,-1.464844,25000000.000
1966,2045,-1.464844,25000000.000
1967,2045,-1.464844,25000000.000
1968,2047,-0.488281,25000000.000
1969,2046,-0.976562,25000000.000
1970,2046,-0.976562,25000000.000
1971,2047,-0.488281,25000000.000
1972,2047,-0.488281,25000000.000
1973,2049,0.488281,25000000.000
1974,2049,0.488281,25000000.000
1975,2048,0.000000,25000000.000
1976,2049,0.488281,25000000.000
1977,2050,0.976562,25000000.000
1978,2048,0.000000,25000000.000
1979,2049,0.488281,25000000.000
1980,2049,0.488281,25000000.000
1981,2048,0.000000,25000000.000
1982,2050,0.976562,25000000.000
1983,2051,1.464844,25000000.000
1984,2050,0.976562,25000000.000
1985,2047,-0.488281,25000000.000
1986,2050,0.976562,25000000.000
1987,2048,0.000000,25000000.000
1988,2047,-0.488281,25000000.000
1989,2047,-0.488281,25000000.000
1990,2046,-0.976562,25000000.000
1991,2046,-0.976562,25000000.000
1992,2046,-0.976562,25000000.000
1993,2046,-0.976562,25000000.000
1994,2045,-1.464844,25000000.000
1995,2045,-1.464844,25000000.000
1996,2045,-1.464844,25000000.000
1997,2044,-1.953125,25000000.000
1998,2045,-1.464844,25000000.000
1999,2045,-1.464844,25000000.000
2000,2044,-1.953125,25000000.000
2001,2046,-0.976562,25000000.000
2002,2045,-1.464844,25000000.000
2003,2045,-1.464844,25000000.000
2004,2046,-0.976562,25000000.000
2005,2047,-0.488281,25000000.000
2006,2046,-0.976562,25000000.000
2007,2046,-0.976562,25000000.000
2008,2048,0.000000,25000000.000
2009,2048,0.000000,25000000.000
2010,2047,-0.488281,25000000.000
2011,2049,0.488281,25000000.000
2012,2048,0.000000,25000000.000
2013,2048,0.000000,25000000.000
2014,2049,0.488281,25000000.000
2015,2050,0.976562,25000000.000
2016,2049,0.488281,25000000.000
2017,2049,0.488281,25000000.000
2018,2050,0.976562,25000000.000
2019,2049,0.488281,25000000.000
2020,2049,0.488281,25000000.000
2021,2050,0.976562,25000000.000
2022,2050,0.976562,25000000.000
2023,2048,0.000000,25000000.000
2024,2047,-0.488281,25000000.000
2025,2048,0.000000,25000000.000
2026,2047,-0.488281,25000000.000
2027,2047,-0.488281,25000000.000
2028,2046,-0.976562,25000000.000
2029,2048,0.000000,25000000.000
2030,2047,-0.488281,25000000.000
2031,2047,-0.488281,25000000.000
2032,2046,-0.976562,25000000.000
2033,2045,-1.464844,25000000.000
2034,2045,-1.464844,25000000.000
2035,2043,-2.441406,25000000.000
2036,2047,-0.488281,25000000.000
2037,2045,-1.464844,25000000.000
2038,2043,-2.441406,25000000.000
2039,2043,-2.441406,25000000.000
2040,2045,-1.464844,25000000.000
2041,2044,-1.953125,25000000.000
2042,2045,-1.464844,25000000.000
2043,2045,-1.464844,25000000.000
2044,2045,-1.464844,25000000.000
2045,2046,-0.976562,25000000.000
2046,2046,-0.976562,25000000.000
2047,2046,-0.976562,25000000.000
2048,2047,-0.488281,25000000.000
2049,2047,-0.488281,25000000.000
2050,2049,0.488281,25000000.000
2051,2047,-0.488281,25000000.000
2052,2048,0.000000,25000000.000
2053,2048,0.000000,25000000.000
2054,2049,0.488281,25000000.000
2055,2048,0.000000,25000000.000
2056,2047,-0.488281,25000000.000
2057,2049,0.488281,25000000.000
2058,2057,4.394531,25000000.000
2059,2041,-3.417969,25000000.000
2060,2041,-3.417969,25000000.000
2061,2047,-0.488281,25000000.000
2062,2050,0.976562,25000000.000
2063,2044,-1.953125,25000000.000
2064,2047,-0.488281,25000000.000
2065,2048,0.000000,25000000.000
2066,2047,-0.488281,25000000.000
2067,2046,-0.976562,25000000.000
2068,2047,-0.488281,25000000.000
2069,2044,-1.953125,25000000.000
2070,2045,-1.464844,25000000.000
2071,2046,-0.976562,25000000.000
2072,2045,-1.464844,25000000.000
2073,2044,-1.953125,25000000.000
2074,2044,-1.953125,25000000.000
2075,2044,-1.953125,25000000.000
2076,2044,-1.953125,25000000.000
2077,2043,-2.441406,25000000.000
2078,2043,-2.441406,25000000.000
2079,2044,-1.953125,25000000.000
2080,2044,-1.953125,25000000.000
2081,2044,-1.953125,25000000.000
2082,2045,-1.464844,25000000.000
2083,2045,-1.464844,25000000.000
2084,2045,-1.464844,25000000.000
2085,2045,-1.464844,25000000.000
2086,2047,-0.488281,25000000.000
2087,2046,-0.976562,25000000.000
2088,2046,-0.976562,25000000.000
2089,2046,-0.976562,25000000.000
2090,2048,0.000000,25000000.000
2091,2046,-0.976562,25000000.000
2092,2047,-0.488281,25000000.000
2093,2049,0.488281,25000000.000
2094,2049,0.488281,25000000.000
2095,2049,0.488281,25000000.000
2096,2044,-1.953125,25000000.000
2097,2052,1.953125,25000000.000
2098,2047,-0.488281,25000000.000
2099,2046,-0.976562,25000000.000
2100,2050,0.976562,25000000.000
2101,2049,0.488281,25000000.000
2102,2048,0.000000,25000000.000
2103,2045,-1.464844,25000000.000
2104,2047,-0.488281,25000000.000
2105,2045,-1.464844,25000000.000
2106,2048,0.000000,25000000.000
2107,2048,0.000000,25000000.000
2108,2045,-1.464844,25000000.000
2109,2048,0.000000,25000000.000
2110,2045,-1.464844,25000000.000
2111,2046,-0.976562,25000000.000
2112,2044,-1.953125,25000000.000
2113,2045,-1.464844,25000000.000
2114,2046,-0.976562,25000000.000
2115,2045,-1.464844,25000000.000
2116,2045,-1.464844,25000000.000
2117,2044,-1.953125,25000000.000
2118,2046,-0.976562,25000000.000
2119,2046,-0.976562,25000000.000
2120,2044,-1.953125,25000000.000
2121,2046,-0.976562,25000000.000
2122,2046,-0.976562,25000000.000
2123,2046,-0.976562,25000000.000
2124,2047,-0.488281,25000000.000
2125,2047,-0.488281,25000000.000
2126,2047,-0.488281,25000000.000
2127,2048,0.000000,25000000.000
2128,2048,0.000000,25000000.000
2129,2049,0.488281,25000000.000
2130,2048,0.000000,25000000.000
2131,2048,0.000000,25000000.000
2132,2049,0.488281,25000000.000
2133,2050,0.976562,25000000.000
2134,2049,0.488281,25000000.000
2135,2049,0.488281,25000000.000
2136,2051,1.464844,25000000.000
2137,2051,1.464844,25000000.000
2138,2049,0.488281,25000000.000
2139,2050,0.976562,25000000.000
2140,2050,0.976562,25000000.000
2141,2051,1.464844,25000000.000
2142,2048,0.000000,25000000.000
2143,2049,0.488281,25000000.000
2144,2049,0.488281,25000000.000
2145,2049,0.488281,25000000.000
2146,2049,0.488281,25000000.000
2147,2048,0.000000,25000000.000
2148,2049,0.488281,25000000.000
2149,2047,-0.488281,25000000.000
2150,2047,-0.488281,25000000.000
2151,2048,0.000000,25000000.000
2152,2046,-0.976562,25000000.000
2153,2045,-1.464844,25000000.000
2154,2046,-0.976562,25000000.000
2155,2046,-0.976562,25000000.000
2156,2046,-0.976562,25000000.000
2157,2046,-0.976562,25000000.000
2158,2036,-5.859375,25000000.000
2159,2048,0.000000,25000000.000
2160,2049,0.488281,25000000.000
2161,2046,-0.976562,25000000.000
2162,2045,-1.464844,25000000.000
2163,2047,-0.488281,25000000.000
2164,2047,-0.488281,25000000.000
2165,2048,0.000000,25000000.000
2166,2048,0.000000,25000000.000
2167,2047,-0.488281,25000000.000
2168,2050,0.976562,25000000.000
2169,2049,0.488281,25000000.000
2170,2049,0.488281,25000000.000
2171,2048,0.000000,25000000.000
2172,2051,1.464844,25000000.000
2173,2050,0.976562,25000000.000
2174,2049,0.488281,25000000.000
2175,2050,0.976562,25000000.000
2176,2050,0.976562,25000000.000
2177,2050,0.976562,25000000.000
2178,2049,0.488281,25000000.000
2179,2050,0.976562,25000000.000
2180,2050,0.976562,25000000.000
2181,2048,0.000000,25000000.000
2182,2048,0.000000,25000000.000
2183,2049,0.488281,25000000.000
2184,2049,0.488281,25000000.000
2185,2049,0.488281,25000000.000
2186,2047,-0.488281,25000000.000
2187,2048,0.000000,25000000.000
2188,2046,-0.976562,25000000.000
2189,2047,-0.488281,25000000.000
2190,2046,-0.976562,25000000.000
2191,2046,-0.976562,25000000.000
2192,2044,-1.953125,25000000.000
2193,2046,-0.976562,25000000.000
2194,2045,-1.464844,25000000.000
2195,2044,-1.953125,25000000.000
2196,2045,-1.464844,25000000.000
2197,2044,-1.953125,25000000.000
2198,2046,-0.976562,25000000.000
2199,2044,-1.953125,25000000.000
2200,2044,-1.953125,25000000.000
2201,2044,-1.953125,25000000.000
2202,2043,-2.441406,25000000.000
2203,2044,-1.953125,25000000.000
2204,2045,-1.464844,25000000.000
2205,2045,-1.464844,25000000.000
2206,2045,-1.464844,25000000.000
2207,2046,-0.976562,25000000.000
2208,2047,-0.488281,25000000.000
2209,2046,-0.976562,25000000.000
2210,2047,-0.488281,25000000.000
2211,2047,-0.488281,25000000.000
2212,2048,0.000000,25000000.000
2213,2048,0.000000,25000000.000
2214,2048,0.000000,25000000.000
2215,2049,0.488281,25000000.000
2216,2050,0.976562,25000000.000
2217,2049,0.488281,25000000.000
2218,2050,0.976562,25000000.000
2219,2050,0.976562,25000000.000
2220,2049,0.488281,25000000.000
2221,2049,0.488281,25000000.000
2222,2049,0.488281,25000000.000
2223,2049,0.488281,25000000.000
2224,2048,0.000000,25000000.000
2225,2049,0.488281,25000000.000
2226,2047,-0.488281,25000000.000
2227,2049,0.488281,25000000.000
2228,2047,-0.488281,25000000.000
2229,2047,-0.488281,25000000.000
2230,2045,-1.464844,25000000.000
2231,2046,-0.976562,25000000.000
2232,2043,-2.441406,25000000.000
2233,2043,-2.441406,25000000.000
2234,2046,-0.976562,25000000.000
2235,2043,-2.441406,25000000.000
2236,2043,-2.441406,25000000.000
2237,2042,-2.929688,25000000.000
2238,2043,-2.441406,25000000.000
2239,2042,-2.929688,25000000.000
2240,2043,-2.441406,25000000.000
2241,2043,-2.441406,25000000.000
2242,2043,-2.441406,25000000.000
2243,2043,-2.441406,25000000.000
2244,2043,-2.441406,25000000.000
2245,2044,-1.953125,25000000.000
2246,2044,-1.953125,25000000.000
2247,2045,-1.464844,25000000.000
2248,2047,-0.488281,25000000.000
2249,2047,-0.488281,25000000.000
2250,2048,0.000000,25000000.000
2251,2048,0.000000,25000000.000
2252,2050,0.976562,25000000.000
2253,2050,0.976562,25000000.000
2254,2052,1.953125,25000000.000
2255,2051,1.464844,25000000.000
2256,2051,1.464844,25000000.000
2257,2052,1.953125,25000000.000
2258,2052,1.953125,25000000.000
2259,2052,1.953125,25000000.000
2260,2050,0.976562,25000000.000
2261,2052,1.953125,25000000.000
2262,2051,1.464844,25000000.000
2263,2051,1.464844,25000000.000
2264,2050,0.976562,25000000.000
2265,2051,1.464844,25000000.000
2266,2049,0.488281,25000000.000
2267,2048,0.000000,25000000.000
2268,2048,0.000000,25000000.000
2269,2046,-0.976562,25000000.000
2270,2047,-0.488281,25000000.000
2271,2046,-0.976562,25000000.000
2272,2045,-1.464844,25000000.000
2273,2045,-1.464844,25000000.000
2274,2043,-2.441406,25000000.000
2275,2044,-1.953125,25000000.000
2276,2044,-1.953125,25000000.000
2277,2043,-2.441406,25000000.000
2278,2043,-2.441406,25000000.000
2279,2042,-2.929688,25000000.000
2280,2043,-2.441406,25000000.000
2281,2043,-2.441406,25000000.000
2282,2044,-1.953125,25000000.000
2283,2044,-1.953125,25000000.000
2284,2045,-1.464844,25000000.000
2285,2044,-1.953125,25000000.000
2286,2046,-0.976562,25000000.000
2287,2045,-1.464844,25000000.000
2288,2046,-0.976562,25000000.000
2289,2048,0.000000,25000000.000
2290,2048,0.000000,25000000.000
2291,2047,-0.488281,25000000.000
2292,2049,0.488281,25000000.000
2293,2049,0.488281,25000000.000
2294,2050,0.976562,25000000.000
2295,2051,1.464844,25000000.000
2296,2051,1.464844,25000000.000
2297,2051,1.464844,25000000.000
2298,2052,1.953125,25000000.000
2299,2050,0.976562,25000000.000
2300,2051,1.464844,25000000.000
2301,2052,1.953125,25000000.000
2302,2050,0.976562,25000000.000
2303,2049,0.488281,25000000.000
2304,2050,0.976562,25000000.000
2305,2049,0.488281,25000000.000
2306,2048,0.000000,25000000.000
2307,2048,0.000000,25000000.000
2308,2047,-0.488281,25000000.000
2309,2046,-0.976562,25000000.000
2310,2046,-0.976562,25000000.000
2311,2045,-1.464844,25000000.000
2312,2044,-1.953125,25000000.000
2313,2044,-1.953125,25000000.000
2314,2044,-1.953125,25000000.000
2315,2044,-1.953125,25000000.000
2316,2042,-2.929688,25000000.000
2317,2042,-2.929688,25000000.000
2318,2043,-2.441406,25000000.000
2319,2042,-2.929688,25000000.000
2320,2041,-3.417969,25000000.000
2321,2041,-3.417969,25000000.000
2322,2041,-3.417969,25000000.000
2323,2040,-3.906250,25000000.000
2324,2040,-3.906250,25000000.000
2325,2043,-2.441406,25000000.000
2326,2043,-2.441406,25000000.000
2327,2043,-2.441406,25000000.000
2328,2043,-2.441406,25000000.000
2329,2046,-0.976562,25000000.000
2330,2046,-0.976562,25000000.000
2331,2046,-0.976562,25000000.000
2332,2044,-1.953125,25000000.000
2333,2048,0.000000,25000000.000
2334,2052,1.953125,25000000.000
2335,2050,0.976562,25000000.000
2336,2050,0.976562,25000000.000
2337,2052,1.953125,25000000.000
2338,2051,1.464844,25000000.000
2339,2051,1.464844,25000000.000
2340,2052,1.953125,25000000.000
2341,2053,2.441406,25000000.000
2342,2051,1.464844,25000000.000
2343,2050,0.976562,25000000.000
2344,2051,1.464844,25000000.000
2345,2051,1.464844,25000000.000
2346,2050,0.976562,25000000.000
2347,2051,1.464844,25000000.000
2348,2051,1.464844,25000000.000
2349,2049,0.488281,25000000.000
2350,2048,0.000000,25000000.000
2351,2049,0.488281,25000000.000
2352,2047,-0.488281,25000000.000
2353,2045,-1.464844,25000000.000
2354,2046,-0.976562,25000000.000
2355,2045,-1.464844,25000000.000
2356,2043,-2.441406,25000000.000
2357,2042,-2.929688,25000000.000
2358,2043,-2.441406,25000000.000
2359,2043,-2.441406,25000000.000
2360,2043,-2.441406,25000000.000
2361,2043,-2.441406,25000000.000
2362,2043,-2.441406,25000000.000
2363,2042,-2.929688,25000000.000
2364,2043,-2.441406,25000000.000
2365,2044,-1.953125,25000000.000
2366,2045,-1.464844,25000000.000
2367,2044,-1.953125,25000000.000
2368,2047,-0.488281,25000000.000
2369,2046,-0.976562,25000000.000
2370,2047,-0.488281,25000000.000
2371,2046,-0.976562,25000000.000
2372,2050,0.976562,25000000.000
2373,2050,0.976562,25000000.000
2374,2051,1.464844,25000000.000
2375,2051,1.464844,25000000.000
2376,2052,1.953125,25000000.000
2377,2052,1.953125,25000000.000
2378,2053,2.441406,25000000.000
2379,2054,2.929688,25000000.000
2380,2054,2.929688,25000000.000
2381,2055,3.417969,25000000.000
2382,2052,1.953125,25000000.000
2383,2055,3.417969,25000000.000
2384,2051,1.464844,25000000.000
2385,2052,1.953125,25000000.000
2386,2052,1.953125,25000000.000
2387,2051,1.464844,25000000.000
2388,2049,0.488281,25000000.000
2389,2049,0.488281,25000000.000
2390,2048,0.000000,25000000.000
2391,2047,-0.488281,25000000.000
2392,2046,-0.976562,25000000.000
2393,2046,-0.976562,25000000.000
2394,2044,-1.953125,25000000.000
2395,2045,-1.464844,25000000.000
2396,2041,-3.417969,25000000.000
2397,2044,-1.953125,25000000.000
2398,2044,-1.953125,25000000.000
2399,2044,-1.953125,25000000.000
2400,2048,0.000000,25000000.000
2401,2040,-3.906250,25000000.000
2402,2039,-4.394531,25000000.000
2403,2042,-2.929688,25000000.000
2404,2032,-7.812500,25000000.000
2405,2036,-5.859375,25000000.000
2406,2054,2.929688,25000000.000
2407,2043,-2.441406,25000000.000
2408,2039,-4.394531,25000000.000
2409,2046,-0.976562,25000000.000
2410,2047,-0.488281,25000000.000
2411,2046,-0.976562,25000000.000
2412,2047,-0.488281,25000000.000
2413,2047,-0.488281,25000000.000
2414,2051,1.464844,25000000.000
2415,2051,1.464844,25000000.000
2416,2051,1.464844,25000000.000
2417,2051,1.464844,25000000.000
2418,2053,2.441406,25000000.000
2419,2053,2.441406,25000000.000
2420,2053,2.441406,25000000.000
2421,2053,2.441406,25000000.000
2422,2055,3.417969,25000000.000
2423,2054,2.929688,25000000.000
2424,2053,2.441406,25000000.000
2425,2053,2.441406,25000000.000
2426,2052,1.953125,25000000.000
2427,2053,2.441406,25000000.000
2428,2053,2.441406,25000000.000
2429,2051,1.464844,25000000.000
2430,2049,0.488281,25000000.000
2431,2049,0.488281,25000000.000
2432,2048,0.000000,25000000.000
2433,2046,-0.976562,25000000.000
2434,2044,-1.953125,25000000.000
2435,2043,-2.441406,25000000.000
2436,2042,-2.929688,25000000.000
2437,2041,-3.417969,25000000.000
2438,2040,-3.906250,25000000.000
2439,2041,-3.417969,25000000.000
2440,2039,-4.394531,25000000.000
2441,2038,-4.882812,25000000.000
2442,2038,-4.882812,25000000.000
2443,2036,-5.859375,25000000.000
2444,2039,-4.394531,25000000.000
2445,2040,-3.906250,25000000.000
2446,2039,-4.394531,25000000.000
2447,2040,-3.906250,25000000.000
2448,2041,-3.417969,25000000.000
2449,2041,-3.417969,25000000.000
2450,2044,-1.953125,25000000.000
2451,2045,-1.464844,25000000.000
2452,2045,-1.464844,25000000.000
2453,2048,0.000000,25000000.000
2454,2049,0.488281,25000000.000
2455,2048,0.000000,25000000.000
2456,2051,1.464844,25000000.000
2457,2052,1.953125,25000000.000
2458,2053,2.441406,25000000.000
2459,2053,2.441406,25000000.000
2460,2054,2.929688,25000000.000
2461,2055,3.417969,25000000.000
2462,2056,3.906250,25000000.000
2463,2055,3.417969,25000000.000
2464,2056,3.906250,25000000.000
2465,2055,3.417969,25000000.000
2466,2054,2.929688,25000000.000
2467,2054,2.929688,25000000.000
2468,2054,2.929688,25000000.000
2469,2052,1.953125,25000000.000
2470,2051,1.464844,25000000.000
2471,2051,1.464844,25000000.000
2472,2049,0.488281,25000000.000
2473,2049,0.488281,25000000.000
2474,2047,-0.488281,25000000.000
2475,2045,-1.464844,25000000.000
2476,2044,-1.953125,25000000.000
2477,2044,-1.953125,25000000.000
2478,2042,-2.929688,25000000.000
2479,2043,-2.441406,25000000.000
2480,2039,-4.394531,25000000.000
2481,2039,-4.394531,25000000.000
2482,2039,-4.394531,25000000.000
2483,2039,-4.394531,25000000.000
2484,2039,-4.394531,25000000.000
2485,2039,-4.394531,25000000.000
2486,2040,-3.906250,25000000.000
2487,2038,-4.882812,25000000.000
2488,2039,-4.394531,25000000.000
2489,2041,-3.417969,25000000.000
2490,2041,-3.417969,25000000.000
2491,2042,-2.929688,25000000.000
2492,2043,-2.441406,25000000.000
2493,2047,-0.488281,25000000.000
2494,2046,-0.976562,25000000.000
2495,2046,-0.976562,25000000.000
2496,2048,0.000000,25000000.000
2497,2050,0.976562,25000000.000
2498,2052,1.953125,25000000.000
2499,2051,1.464844,25000000.000
2500,2054,2.929688,25000000.000
2501,2055,3.417969,25000000.000
2502,2054,2.929688,25000000.000
2503,2054,2.929688,25000000.000
2504,2056,3.906250,25000000.000
2505,2056,3.906250,25000000.000
2506,2055,3.417969,25000000.000
2507,2056,3.906250,25000000.000
2508,2056,3.906250,25000000.000
2509,2053,2.441406,25000000.000
2510,2052,1.953125,25000000.000
2511,2054,2.929688,25000000.000
2512,2050,0.976562,25000000.000
2513,2048,0.000000,25000000.000
2514,2047,-0.488281,25000000.000
2515,2048,0.000000,25000000.000
2516,2045,-1.464844,25000000.000
2517,2043,-2.441406,25000000.000
2518,2044,-1.953125,25000000.000
2519,2042,-2.929688,25000000.000
2520,2039,-4.394531,25000000.000
2521,2038,-4.882812,25000000.000
2522,2038,-4.882812,25000000.000
2523,2037,-5.371094,25000000.000
2524,2038,-4.882812,25000000.000
2525,2037,-5.371094,25000000.000
2526,2036,-5.859375,25000000.000
2527,2036,-5.859375,25000000.000
2528,2041,-3.417969,25000000.000
2529,2039,-4.394531,25000000.000
2530,2039,-4.394531,25000000.000
2531,2039,-4.394531,25000000.000
2532,2044,-1.953125,25000000.000
2533,2043,-2.441406,25000000.000
2534,2045,-1.464844,25000000.000
2535,2043,-2.441406,25000000.000
2536,2048,0.000000,25000000.000
2537,2049,0.488281,25000000.000
2538,2047,-0.488281,25000000.000
2539,2049,0.488281,25000000.000
2540,2052,1.953125,25000000.000
2541,2054,2.929688,25000000.000
2542,2053,2.441406,25000000.000
2543,2054,2.929688,25000000.000
2544,2055,3.417969,25000000.000
2545,2056,3.906250,25000000.000
2546,2056,3.906250,25000000.000
2547,2056,3.906250,25000000.000
2548,2055,3.417969,25000000.000
2549,2054,2.929688,25000000.000
2550,2054,2.929688,25000000.000
2551,2053,2.441406,25000000.000
2552,2052,1.953125,25000000.000
2553,2049,0.488281,25000000.000
2554,2048,0.000000,25000000.000
2555,2048,0.000000,25000000.000
2556,2046,-0.976562,25000000.000
2557,2045,-1.464844,25000000.000
2558,2043,-2.441406,25000000.000
2559,2045,-1.464844,25000000.000
2560,2040,-3.906250,25000000.000
2561,2040,-3.906250,25000000.000
2562,2038,-4.882812,25000000.000
2563,2038,-4.882812,25000000.000
2564,2037,-5.371094,25000000.000
2565,2037,-5.371094,25000000.000
2566,2037,-5.371094,25000000.000
2567,2036,-5.859375,25000000.000
2568,2038,-4.882812,25000000.000
2569,2038,-4.882812,25000000.000
2570,2038,-4.882812,25000000.000
2571,2038,-4.882812,25000000.000
2572,2041,-3.417969,25000000.000
2573,2043,-2.441406,25000000.000
2574,2043,-2.441406,25000000.000
2575,2043,-2.441406,25000000.000
2576,2047,-0.488281,25000000.000
2577,2048,0.000000,25000000.000
2578,2050,0.976562,25000000.000
2579,2050,0.976562,25000000.000
2580,2055,3.417969,25000000.000
2581,2055,3.417969,25000000.000
2582,2055,3.417969,25000000.000
2583,2056,3.906250,25000000.000
2584,2058,4.882812,25000000.000
2585,2058,4.882812,25000000.000
2586,2058,4.882812,25000000.000
2587,2059,5.371094,25000000.000
2588,2057,4.394531,25000000.000
2589,2058,4.882812,25000000.000
2590,2058,4.882812,25000000.000
2591,2056,3.906250,25000000.000
2592,2055,3.417969,25000000.000
2593,2054,2.929688,25000000.000
2594,2052,1.953125,25000000.000
2595,2052,1.953125,25000000.000
2596,2049,0.488281,25000000.000
2597,2047,-0.488281,25000000.000
2598,2047,-0.488281,25000000.000
2599,2047,-0.488281,25000000.000
2600,2045,-1.464844,25000000.000
2601,2042,-2.929688,25000000.000
2602,2041,-3.417969,25000000.000
2603,2040,-3.906250,25000000.000
2604,2041,-3.417969,25000000.000
2605,2039,-4.394531,25000000.000
2606,2038,-4.882812,25000000.000
2607,2039,-4.394531,25000000.000
2608,2040,-3.906250,25000000.000
2609,2040,-3.906250,25000000.000
2610,2040,-3.906250,25000000.000
2611,2040,-3.906250,25000000.000
2612,2041,-3.417969,25000000.000
2613,2042,-2.929688,25000000.000
2614,2044,-1.953125,25000000.000
2615,2044,-1.953125,25000000.000
2616,2047,-0.488281,25000000.000
2617,2047,-0.488281,25000000.000
2618,2049,0.488281,25000000.000
2619,2049,0.488281,25000000.000
2620,2051,1.464844,25000000.000
2621,2052,1.953125,25000000.000
2622,2054,2.929688,25000000.000
2623,2054,2.929688,25000000.000
2624,2054,2.929688,25000000.000
2625,2057,4.394531,25000000.000
2626,2056,3.906250,25000000.000
2627,2056,3.906250,25000000.000
2628,2054,2.929688,25000000.000
2629,2057,4.394531,25000000.000
2630,2054,2.929688,25000000.000
2631,2054,2.929688,25000000.000
2632,2054,2.929688,25000000.000
2633,2052,1.953125,25000000.000
2634,2051,1.464844,25000000.000
2635,2050,0.976562,25000000.000
2636,2049,0.488281,25000000.000
2637,2047,-0.488281,25000000.000
2638,2046,-0.976562,25000000.000
2639,2045,-1.464844,25000000.000
2640,2042,-2.929688,25000000.000
2641,2042,-2.929688,25000000.000
2642,2041,-3.417969,25000000.000
2643,2040,-3.906250,25000000.000
2644,2038,-4.882812,25000000.000
2645,2036,-5.859375,25000000.000
2646,2039,-4.394531,25000000.000
2647,2037,-5.371094,25000000.000
2648,2038,-4.882812,25000000.000
2649,2037,-5.371094,25000000.000
2650,2037,-5.371094,25000000.000
2651,2038,-4.882812,25000000.000
2652,2038,-4.882812,25000000.000
2653,2039,-4.394531,25000000.000
2654,2041,-3.417969,25000000.000
2655,2041,-3.417969,25000000.000
2656,2043,-2.441406,25000000.000
2657,2046,-0.976562,25000000.000
2658,2047,-0.488281,25000000.000
2659,2046,-0.976562,25000000.000
2660,2049,0.488281,25000000.000
2661,2051,1.464844,25000000.000
2662,2051,1.464844,25000000.000
2663,2051,1.464844,25000000.000
2664,2052,1.953125,25000000.000
2665,2054,2.929688,25000000.000
2666,2055,3.417969,25000000.000
2667,2053,2.441406,25000000.000
2668,2056,3.906250,25000000.000
2669,2055,3.417969,25000000.000
2670,2054,2.929688,25000000.000
2671,2054,2.929688,25000000.000
2672,2052,1.953125,25000000.000
2673,2053,2.441406,25000000.000
2674,2052,1.953125,25000000.000
2675,2050,0.976562,25000000.000
2676,2048,0.000000,25000000.000
2677,2047,-0.488281,25000000.000
2678,2046,-0.976562,25000000.000
2679,2046,-0.976562,25000000.000
2680,2044,-1.953125,25000000.000
2681,2042,-2.929688,25000000.000
2682,2043,-2.441406,25000000.000
2683,2042,-2.929688,25000000.000
2684,2040,-3.906250,25000000.000
2685,2039,-4.394531,25000000.000
2686,2039,-4.394531,25000000.000
2687,2038,-4.882812,25000000.000
2688,2038,-4.882812,25000000.000
2689,2038,-4.882812,25000000.000
2690,2038,-4.882812,25000000.000
2691,2038,-4.882812,25000000.000
2692,2039,-4.394531,25000000.000
2693,2041,-3.417969,25000000.000
2694,2042,-2.929688,25000000.000
2695,2042,-2.929688,25000000.000
2696,2044,-1.953125,25000000.000
2697,2045,-1.464844,25000000.000
2698,2047,-0.488281,25000000.000
2699,2046,-0.976562,25000000.000
2700,2048,0.000000,25000000.000
2701,2049,0.488281,25000000.000
2702,2052,1.953125,25000000.000
2703,2051,1.464844,25000000.000
2704,2054,2.929688,25000000.000
2705,2054,2.929688,25000000.000
2706,2053,2.441406,25000000.000
2707,2054,2.929688,25000000.000
2708,2055,3.417969,25000000.000
2709,2056,3.906250,25000000.000
2710,2055,3.417969,25000000.000
2711,2055,3.417969,25000000.000
2712,2055,3.417969,25000000.000
2713,2053,2.441406,25000000.000
2714,2052,1.953125,25000000.000
2715,2054,2.929688,25000000.000
2716,2051,1.464844,25000000.000
2717,2050,0.976562,25000000.000
2718,2049,0.488281,25000000.000
2719,2048,0.000000,25000000.000
2720,2046,-0.976562,25000000.000
2721,2045,-1.464844,25000000.000
2722,2044,-1.953125,25000000.000
2723,2043,-2.441406,25000000.000
2724,2042,-2.929688,25000000.000
2725,2041,-3.417969,25000000.000
2726,2040,-3.906250,25000000.000
2727,2040,-3.906250,25000000.000
2728,2038,-4.882812,25000000.000
2729,2039,-4.394531,25000000.000
2730,2039,-4.394531,25000000.000
2731,2039,-4.394531,25000000.000
2732,2040,-3.906250,25000000.000
2733,2040,-3.906250,25000000.000
2734,2041,-3.417969,25000000.000
2735,2039,-4.394531,25000000.000
2736,2044,-1.953125,25000000.000
2737,2045,-1.464844,25000000.000
2738,2045,-1.464844,25000000.000
2739,2046,-0.976562,25000000.000
2740,2048,0.000000,25000000.000
2741,2050,0.976562,25000000.000
2742,2050,0.976562,25000000.000
2743,2050,0.976562,25000000.000
2744,2053,2.441406,25000000.000
2745,2053,2.441406,25000000.000
2746,2054,2.929688,25000000.000
2747,2054,2.929688,25000000.000
2748,2056,3.906250,25000000.000
2749,2056,3.906250,25000000.000
2750,2058,4.882812,25000000.000
2751,2046,-0.976562,25000000.000
2752,2053,2.441406,25000000.000
2753,2049,0.488281,25000000.000
2754,2053,2.441406,25000000.000
2755,2050,0.976562,25000000.000
2756,2050,0.976562,25000000.000
2757,2050,0.976562,25000000.000
2758,2049,0.488281,25000000.000
2759,2049,0.488281,25000000.000
2760,2046,-0.976562,25000000.000
2761,2046,-0.976562,25000000.000
2762,2046,-0.976562,25000000.000
2763,2044,-1.953125,25000000.000
2764,2042,-2.929688,25000000.000
2765,2042,-2.929688,25000000.000
2766,2041,-3.417969,25000000.000
2767,2039,-4.394531,25000000.000
2768,2040,-3.906250,25000000.000
2769,2039,-4.394531,25000000.000
2770,2039,-4.394531,25000000.000
2771,2038,-4.882812,25000000.000
2772,2040,-3.906250,25000000.000
2773,2039,-4.394531,25000000.000
2774,2039,-4.394531,25000000.000
2775,2040,-3.906250,25000000.000
2776,2042,-2.929688,25000000.000
2777,2042,-2.929688,25000000.000
2778,2045,-1.464844,25000000.000
2779,2044,-1.953125,25000000.000
2780,2046,-0.976562,25000000.000
2781,2050,0.976562,25000000.000
2782,2046,-0.976562,25000000.000
2783,2048,0.000000,25000000.000
2784,2051,1.464844,25000000.000
2785,2056,3.906250,25000000.000
2786,2052,1.953125,25000000.000
2787,2053,2.441406,25000000.000
2788,2055,3.417969,25000000.000
2789,2055,3.417969,25000000.000
2790,2054,2.929688,25000000.000
2791,2052,1.953125,25000000.000
2792,2054,2.929688,25000000.000
2793,2053,2.441406,25000000.000
2794,2054,2.929688,25000000.000
2795,2053,2.441406,25000000.000
2796,2051,1.464844,25000000.000
2797,2053,2.441406,25000000.000
2798,2051,1.464844,25000000.000
2799,2052,1.953125,25000000.000
2800,2049,0.488281,25000000.000
2801,2048,0.000000,25000000.000
2802,2045,-1.464844,25000000.000
2803,2045,-1.464844,25000000.000
2804,2042,-2.929688,25000000.000
2805,2040,-3.906250,25000000.000
2806,2042,-2.929688,25000000.000
2807,2042,-2.929688,25000000.000
2808,2038,-4.882812,25000000.000
2809,2039,-4.394531,25000000.000
2810,2040,-3.906250,25000000.000
2811,2038,-4.882812,25000000.000
2812,2039,-4.394531,25000000.000
2813,2039,-4.394531,25000000.000
2814,2041,-3.417969,25000000.000
2815,2041,-3.417969,25000000.000
2816,2041,-3.417969,25000000.000
2817,2043,-2.441406,25000000.000
2818,2044,-1.953125,25000000.000
2819,2043,-2.441406,25000000.000
2820,2046,-0.976562,25000000.000
2821,2046,-0.976562,25000000.000
2822,2047,-0.488281,25000000.000
2823,2048,0.000000,25000000.000
2824,2051,1.464844,25000000.000
2825,2051,1.464844,25000000.000
2826,2053,2.441406,25000000.000
2827,2053,2.441406,25000000.000
2828,2055,3.417969,25000000.000
2829,2056,3.906250,25000000.000
2830,2056,3.906250,25000000.000
2831,2055,3.417969,25000000.000
2832,2055,3.417969,25000000.000
2833,2055,3.417969,25000000.000
2834,2055,3.417969,25000000.000
2835,2053,2.441406,25000000.000
2836,2053,2.441406,25000000.000
2837,2052,1.953125,25000000.000
2838,2050,0.976562,25000000.000
2839,2051,1.464844,25000000.000
2840,2049,0.488281,25000000.000
2841,2047,-0.488281,25000000.000
2842,2045,-1.464844,25000000.000
2843,2047,-0.488281,25000000.000
2844,2044,-1.953125,25000000.000
2845,2041,-3.417969,25000000.000
2846,2042,-2.929688,25000000.000
2847,2042,-2.929688,25000000.000
2848,2039,-4.394531,25000000.000
2849,2038,-4.882812,25000000.000
2850,2039,-4.394531,25000000.000
2851,2039,-4.394531,25000000.000
2852,2038,-4.882812,25000000.000
2853,2039,-4.394531,25000000.000
2854,2038,-4.882812,25000000.000
2855,2038,-4.882812,25000000.000
2856,2039,-4.394531,25000000.000
2857,2041,-3.417969,25000000.000
2858,2041,-3.417969,25000000.000
2859,2042,-2.929688,25000000.000
2860,2043,-2.441406,25000000.000
2861,2046,-0.976562,25000000.000
2862,2047,-0.488281,25000000.000
2863,2046,-0.976562,25000000.000
2864,2048,0.000000,25000000.000
2865,2049,0.488281,25000000.000
2866,2052,1.953125,25000000.000
2867,2051,1.464844,25000000.000
2868,2055,3.417969,25000000.000
2869,2054,2.929688,25000000.000
2870,2054,2.929688,25000000.000
2871,2055,3.417969,25000000.000
2872,2055,3.417969,25000000.000
2873,2055,3.417969,25000000.000
2874,2054,2.929688,25000000.000
2875,2055,3.417969,25000000.000
2876,2053,2.441406,25000000.000
2877,2053,2.441406,25000000.000
2878,2053,2.441406,25000000.000
2879,2053,2.441406,25000000.000
2880,2051,1.464844,25000000.000
2881,2048,0.000000,25000000.000
2882,2047,-0.488281,25000000.000
2883,2047,-0.488281,25000000.000
2884,2045,-1.464844,25000000.000
2885,2043,-2.441406,25000000.000
2886,2042,-2.929688,25000000.000
2887,2042,-2.929688,25000000.000
2888,2040,-3.906250,25000000.000
2889,2039,-4.394531,25000000.000
2890,2039,-4.394531,25000000.000
2891,2039,-4.394531,25000000.000
2892,2037,-5.371094,25000000.000
2893,2038,-4.882812,25000000.000
2894,2037,-5.371094,25000000.000
2895,2037,-5.371094,25000000.000
2896,2038,-4.882812,25000000.000
2897,2038,-4.882812,25000000.000
2898,2040,-3.906250,25000000.000
2899,2039,-4.394531,25000000.000
2900,2042,-2.929688,25000000.000
2901,2043,-2.441406,25000000.000
2902,2044,-1.953125,25000000.000
2903,2044,-1.953125,25000000.000
2904,2048,0.000000,25000000.000
2905,2049,0.488281,25000000.000
2906,2048,0.000000,25000000.000
2907,2050,0.976562,25000000.000
2908,2053,2.441406,25000000.000
2909,2053,2.441406,25000000.000
2910,2054,2.929688,25000000.000
2911,2054,2.929688,25000000.000
2912,2056,3.906250,25000000.000
2913,2056,3.906250,25000000.000
2914,2057,4.394531,25000000.000
2915,2057,4.394531,25000000.000
2916,2056,3.906250,25000000.000
2917,2055,3.417969,25000000.000
2918,2055,3.417969,25000000.000
2919,2055,3.417969,25000000.000
2920,2051,1.464844,25000000.000
2921,2052,1.953125,25000000.000
2922,2049,0.488281,25000000.000
2923,2049,0.488281,25000000.000
2924,2047,-0.488281,25000000.000
2925,2047,-0.488281,25000000.000
2926,2046,-0.976562,25000000.000
2927,2046,-0.976562,25000000.000
2928,2043,-2.441406,25000000.000
2929,2041,-3.417969,25000000.000
2930,2042,-2.929688,25000000.000
2931,2041,-3.417969,25000000.000
2932,2039,-4.394531,25000000.000
2933,2038,-4.882812,25000000.000
2934,2039,-4.394531,25000000.000
2935,2037,-5.371094,25000000.000
2936,2039,-4.394531,25000000.000
2937,2039,-4.394531,25000000.000
2938,2039,-4.394531,25000000.000
2939,2039,-4.394531,25000000.000
2940,2040,-3.906250,25000000.000
2941,2042,-2.929688,25000000.000
2942,2042,-2.929688,25000000.000
2943,2044,-1.953125,25000000.000
2944,2046,-0.976562,25000000.000
2945,2047,-0.488281,25000000.000
2946,2049,0.488281,25000000.000
2947,2050,0.976562,25000000.000
2948,2052,1.953125,25000000.000
2949,2051,1.464844,25000000.000
2950,2054,2.929688,25000000.000
2951,2053,2.441406,25000000.000
2952,2055,3.417969,25000000.000
2953,2055,3.417969,25000000.000
2954,2057,4.394531,25000000.000
2955,2056,3.906250,25000000.000
2956,2058,4.882812,25000000.000
2957,2057,4.394531,25000000.000
2958,2056,3.906250,25000000.000
2959,2057,4.394531,25000000.000
2960,2055,3.417969,25000000.000
2961,2054,2.929688,25000000.000
2962,2053,2.441406,25000000.000
2963,2052,1.953125,25000000.000
2964,2051,1.464844,25000000.000
2965,2048,0.000000,25000000.000
2966,2049,0.488281,25000000.000
2967,2048,0.000000,25000000.000
2968,2045,-1.464844,25000000.000
2969,2043,-2.441406,25000000.000
2970,2043,-2.441406,25000000.000
2971,2042,-2.929688,25000000.000
2972,2040,-3.906250,25000000.000
2973,2040,-3.906250,25000000.000
2974,2039,-4.394531,25000000.000
2975,2037,-5.371094,25000000.000
2976,2040,-3.906250,25000000.000
2977,2038,-4.882812,25000000.000
2978,2039,-4.394531,25000000.000
2979,2040,-3.906250,25000000.000
2980,2042,-2.929688,25000000.000
2981,2041,-3.417969,25000000.000
2982,2042,-2.929688,25000000.000
2983,2042,-2.929688,25000000.000
2984,2044,-1.953125,25000000.000
2985,2046,-0.976562,25000000.000
2986,2047,-0.488281,25000000.000
2987,2047,-0.488281,25000000.000
2988,2049,0.488281,25000000.000
2989,2051,1.464844,25000000.000
2990,2053,2.441406,25000000.000
2991,2052,1.953125,25000000.000
2992,2054,2.929688,25000000.000
2993,2056,3.906250,25000000.000
2994,2058,4.882812,25000000.000
2995,2056,3.906250,25000000.000
2996,2058,4.882812,25000000.000
2997,2057,4.394531,25000000.000
2998,2058,4.882812,25000000.000
2999,2056,3.906250,25000000.000
3000,2055,3.417969,25000000.000
3001,2054,2.929688,25000000.000
3002,2054,2.929688,25000000.000
3003,2053,2.441406,25000000.000
3004,2052,1.953125,25000000.000
3005,2049,0.488281,25000000.000
3006,2047,-0.488281,25000000.000
3007,2048,0.000000,25000000.000
3008,2045,-1.464844,25000000.000
3009,2043,-2.441406,25000000.000
3010,2042,-2.929688,25000000.000
3011,2042,-2.929688,25000000.000
3012,2040,-3.906250,25000000.000
3013,2038,-4.882812,25000000.000
3014,2039,-4.394531,25000000.000
3015,2038,-4.882812,25000000.000
3016,2036,-5.859375,25000000.000
3017,2036,-5.859375,25000000.000
3018,2039,-4.394531,25000000.000
3019,2036,-5.859375,25000000.000
3020,2036,-5.859375,25000000.000
3021,2038,-4.882812,25000000.000
3022,2039,-4.394531,25000000.000
3023,2039,-4.394531,25000000.000
3024,2041,-3.417969,25000000.000
3025,2043,-2.441406,25000000.000
3026,2044,-1.953125,25000000.000
3027,2043,-2.441406,25000000.000
3028,2047,-0.488281,25000000.000
3029,2049,0.488281,25000000.000
3030,2050,0.976562,25000000.000
3031,2050,0.976562,25000000.000
3032,2052,1.953125,25000000.000
3033,2053,2.441406,25000000.000
3034,2053,2.441406,25000000.000
3035,2052,1.953125,25000000.000
3036,2057,4.394531,25000000.000
3037,2055,3.417969,25000000.000
3038,2055,3.417969,25000000.000
3039,2055,3.417969,25000000.000
3040,2053,2.441406,25000000.000
3041,2055,3.417969,25000000.000
3042,2053,2.441406,25000000.000
3043,2054,2.929688,25000000.000
3044,2052,1.953125,25000000.000
3045,2049,0.488281,25000000.000
3046,2049,0.488281,25000000.000
3047,2050,0.976562,25000000.000
3048,2046,-0.976562,25000000.000
3049,2045,-1.464844,25000000.000
3050,2043,-2.441406,25000000.000
3051,2043,-2.441406,25000000.000
3052,2040,-3.906250,25000000.000
3053,2040,-3.906250,25000000.000
3054,2039,-4.394531,25000000.000
3055,2037,-5.371094,25000000.000
3056,2037,-5.371094,25000000.000
3057,2036,-5.859375,25000000.000
3058,2036,-5.859375,25000000.000
3059,2036,-5.859375,25000000.000
3060,2035,-6.347656,25000000.000
3061,2040,-3.906250,25000000.000
3062,2037,-5.371094,25000000.000
3063,2036,-5.859375,25000000.000
3064,2040,-3.906250,25000000.000
3065,2043,-2.441406,25000000.000
3066,2043,-2.441406,25000000.000
3067,2042,-2.929688,25000000.000
3068,2047,-0.488281,25000000.000
3069,2048,0.000000,25000000.000
3070,2048,0.000000,25000000.000
3071,2048,0.000000,25000000.000
3072,2051,1.464844,25000000.000
3073,2053,2.441406,25000000.000
3074,2053,2.441406,25000000.000
3075,2053,2.441406,25000000.000
3076,2056,3.906250,25000000.000
3077,2056,3.906250,25000000.000
3078,2056,3.906250,25000000.000
3079,2057,4.394531,25000000.000
3080,2057,4.394531,25000000.000
3081,2052,1.953125,25000000.000
3082,2062,6.835938,25000000.000
3083,2055,3.417969,25000000.000
3084,2052,1.953125,25000000.000
3085,2051,1.464844,25000000.000
3086,2054,2.929688,25000000.000
3087,2052,1.953125,25000000.000
3088,2049,0.488281,25000000.000
3089,2046,-0.976562,25000000.000
3090,2045,-1.464844,25000000.000
3091,2046,-0.976562,25000000.000
3092,2043,-2.441406,25000000.000
3093,2041,-3.417969,25000000.000
3094,2042,-2.929688,25000000.000
3095,2040,-3.906250,25000000.000
3096,2034,-6.835938,25000000.000
3097,2026,-10.742188,25000000.000
3098,2045,-1.464844,25000000.000
3099,2029,-9.277344,25000000.000
3100,2035,-6.347656,25000000.000
3101,2035,-6.347656,25000000.000
3102,2038,-4.882812,25000000.000
3103,2034,-6.835938,25000000.000
3104,2038,-4.882812,25000000.000
3105,2039,-4.394531,25000000.000
3106,2040,-3.906250,25000000.000
3107,2041,-3.417969,25000000.000
3108,2043,-2.441406,25000000.000
3109,2045,-1.464844,25000000.000
3110,2047,-0.488281,25000000.000
3111,2048,0.000000,25000000.000
3112,2050,0.976562,25000000.000
3113,2051,1.464844,25000000.000
3114,2053,2.441406,25000000.000
3115,2054,2.929688,25000000.000
3116,2055,3.417969,25000000.000
3117,2056,3.906250,25000000.000
3118,2057,4.394531,25000000.000
3119,2056,3.906250,25000000.000
3120,2057,4.394531,25000000.000
3121,2058,4.882812,25000000.000
3122,2056,3.906250,25000000.000
3123,2057,4.394531,25000000.000
3124,2055,3.417969,25000000.000
3125,2056,3.906250,25000000.000
3126,2053,2.441406,25000000.000
3127,2053,2.441406,25000000.000
3128,2051,1.464844,25000000.000
3129,2050,0.976562,25000000.000
3130,2048,0.000000,25000000.000
3131,2047,-0.488281,25000000.000
3132,2045,-1.464844,25000000.000
3133,2043,-2.441406,25000000.000
3134,2043,-2.441406,25000000.000
3135,2040,-3.906250,25000000.000
3136,2039,-4.394531,25000000.000
3137,2040,-3.906250,25000000.000
3138,2041,-3.417969,25000000.000
3139,2037,-5.371094,25000000.000
3140,2037,-5.371094,25000000.000
3141,2037,-5.371094,25000000.000
3142,2036,-5.859375,25000000.000
3143,2039,-4.394531,25000000.000
3144,2040,-3.906250,25000000.000
3145,2038,-4.882812,25000000.000
3146,2040,-3.906250,25000000.000
3147,2041,-3.417969,25000000.000
3148,2042,-2.929688,25000000.000
3149,2044,-1.953125,25000000.000
3150,2046,-0.976562,25000000.000
3151,2046,-0.976562,25000000.000
3152,2049,0.488281,25000000.000
3153,2049,0.488281,25000000.000
3154,2052,1.953125,25000000.000
3155,2054,2.929688,25000000.000
3156,2055,3.417969,25000000.000
3157,2054,2.929688,25000000.000
3158,2054,2.929688,25000000.000
3159,2059,5.371094,25000000.000
3160,2058,4.882812,25000000.000
3161,2059,5.371094,25000000.000
3162,2057,4.394531,25000000.000
3163,2058,4.882812,25000000.000
3164,2058,4.882812,25000000.000
3165,2058,4.882812,25000000.000
3166,2058,4.882812,25000000.000
3167,2056,3.906250,25000000.000
3168,2053,2.441406,25000000.000
3169,2053,2.441406,25000000.000
3170,2052,1.953125,25000000.000
3171,2051,1.464844,25000000.000
3172,2048,0.000000,25000000.000
3173,2046,-0.976562,25000000.000
3174,2044,-1.953125,25000000.000
3175,2044,-1.953125,25000000.000
3176,2040,-3.906250,25000000.000
3177,2040,-3.906250,25000000.000
3178,2038,-4.882812,25000000.000
3179,2039,-4.394531,25000000.000
3180,2037,-5.371094,25000000.000
3181,2035,-6.347656,25000000.000
3182,2037,-5.371094,25000000.000
3183,2038,-4.882812,25000000.000
3184,2037,-5.371094,25000000.000
3185,2036,-5.859375,25000000.000
3186,2038,-4.882812,25000000.000
3187,2037,-5.371094,25000000.000
3188,2039,-4.394531,25000000.000
3189,2041,-3.417969,25000000.000
3190,2043,-2.441406,25000000.000
3191,2043,-2.441406,25000000.000
3192,2046,-0.976562,25000000.000
3193,2047,-0.488281,25000000.000
3194,2050,0.976562,25000000.000
3195,2049,0.488281,25000000.000
3196,2052,1.953125,25000000.000
3197,2054,2.929688,25000000.000
3198,2054,2.929688,25000000.000
3199,2054,2.929688,25000000.000
3200,2058,4.882812,25000000.000
3201,2057,4.394531,25000000.000
3202,2057,4.394531,25000000.000
3203,2058,4.882812,25000000.000
3204,2058,4.882812,25000000.000
3205,2056,3.906250,25000000.000
3206,2056,3.906250,25000000.000
3207,2056,3.906250,25000000.000
3208,2055,3.417969,25000000.000
3209,2052,1.953125,25000000.000
3210,2052,1.953125,25000000.000
3211,2051,1.464844,25000000.000
3212,2049,0.488281,25000000.000
3213,2046,-0.976562,25000000.000
3214,2046,-0.976562,25000000.000
3215,2044,-1.953125,25000000.000
3216,2042,-2.929688,25000000.000
3217,2040,-3.906250,25000000.000
3218,2039,-4.394531,25000000.000
3219,2039,-4.394531,25000000.000
3220,2036,-5.859375,25000000.000
3221,2037,-5.371094,25000000.000
3222,2035,-6.347656,25000000.000
3223,2035,-6.347656,25000000.000
3224,2035,-6.347656,25000000.000
3225,2037,-5.371094,25000000.000
3226,2037,-5.371094,25000000.000
3227,2037,-5.371094,25000000.000
3228,2038,-4.882812,25000000.000
3229,2039,-4.394531,25000000.000
3230,2041,-3.417969,25000000.000
3231,2041,-3.417969,25000000.000
3232,2044,-1.953125,25000000.000
3233,2046,-0.976562,25000000.000
3234,2048,0.000000,25000000.000
3235,2046,-0.976562,25000000.000
3236,2051,1.464844,25000000.000
3237,2053,2.441406,25000000.000
3238,2054,2.929688,25000000.000
3239,2054,2.929688,25000000.000
3240,2056,3.906250,25000000.000
3241,2056,3.906250,25000000.000
3242,2056,3.906250,25000000.000
3243,2057,4.394531,25000000.000
3244,2058,4.882812,25000000.000
3245,2057,4.394531,25000000.000
3246,2057,4.394531,25000000.000
3247,2055,3.417969,25000000.000
3248,2058,4.882812,25000000.000
3249,2054,2.929688,25000000.000
3250,2054,2.929688,25000000.000
3251,2053,2.441406,25000000.000
3252,2049,0.488281,25000000.000
3253,2050,0.976562,25000000.000
3254,2047,-0.488281,25000000.000
3255,2046,-0.976562,25000000.000
3256,2041,-3.417969,25000000.000
3257,2043,-2.441406,25000000.000
3258,2040,-3.906250,25000000.000
3259,2040,-3.906250,25000000.000
3260,2037,-5.371094,25000000.000
3261,2039,-4.394531,25000000.000
3262,2037,-5.371094,25000000.000
3263,2036,-5.859375,25000000.000
3264,2036,-5.859375,25000000.000
3265,2035,-6.347656,25000000.000
3266,2036,-5.859375,25000000.000
3267,2036,-5.859375,25000000.000
3268,2038,-4.882812,25000000.000
3269,2039,-4.394531,25000000.000
3270,2038,-4.882812,25000000.000
3271,2038,-4.882812,25000000.000
3272,2041,-3.417969,25000000.000
3273,2044,-1.953125,25000000.000
3274,2045,-1.464844,25000000.000
3275,2045,-1.464844,25000000.000
3276,2048,0.000000,25000000.000
3277,2049,0.488281,25000000.000
3278,2052,1.953125,25000000.000
3279,2053,2.441406,25000000.000
3280,2054,2.929688,25000000.000
3281,2055,3.417969,25000000.000
3282,2058,4.882812,25000000.000
3283,2058,4.882812,25000000.000
3284,2057,4.394531,25000000.000
3285,2059,5.371094,25000000.000
3286,2059,5.371094,25000000.000
3287,2057,4.394531,25000000.000
3288,2055,3.417969,25000000.000
3289,2057,4.394531,25000000.000
3290,2056,3.906250,25000000.000
3291,2054,2.929688,25000000.000
3292,2052,1.953125,25000000.000
3293,2051,1.464844,25000000.000
3294,2049,0.488281,25000000.000
3295,2049,0.488281,25000000.000
3296,2046,-0.976562,25000000.000
3297,2046,-0.976562,25000000.000
3298,2043,-2.441406,25000000.000
3299,2043,-2.441406,25000000.000
3300,2040,-3.906250,25000000.000
3301,2040,-3.906250,25000000.000
3302,2037,-5.371094,25000000.000
3303,2038,-4.882812,25000000.000
3304,2036,-5.859375,25000000.000
3305,2037,-5.371094,25000000.000
3306,2035,-6.347656,25000000.000
3307,2035,-6.347656,25000000.000
3308,2036,-5.859375,25000000.000
3309,2036,-5.859375,25000000.000
3310,2038,-4.882812,25000000.000
3311,2038,-4.882812,25000000.000
3312,2041,-3.417969,25000000.000
3313,2041,-3.417969,25000000.000
3314,2042,-2.929688,25000000.000
3315,2042,-2.929688,25000000.000
3316,2048,0.000000,25000000.000
3317,2050,0.976562,25000000.000
3318,2051,1.464844,25000000.000
3319,2048,0.000000,25000000.000
3320,2050,0.976562,25000000.000
3321,2057,4.394531,25000000.000
3322,2058,4.882812,25000000.000
3323,2057,4.394531,25000000.000
3324,2058,4.882812,25000000.000
3325,2060,5.859375,25000000.000
3326,2059,5.371094,25000000.000
3327,2060,5.859375,25000000.000
3328,2058,4.882812,25000000.000
3329,2058,4.882812,25000000.000
3330,2058,4.882812,25000000.000
3331,2056,3.906250,25000000.000
3332,2056,3.906250,25000000.000
3333,2054,2.929688,25000000.000
3334,2051,1.464844,25000000.000
3335,2052,1.953125,25000000.000
3336,2049,0.488281,25000000.000
3337,2049,0.488281,25000000.000
3338,2044,-1.953125,25000000.000
3339,2046,-0.976562,25000000.000
3340,2042,-2.929688,25000000.000
3341,2040,-3.906250,25000000.000
3342,2039,-4.394531,25000000.000
3343,2040,-3.906250,25000000.000
3344,2037,-5.371094,25000000.000
3345,2036,-5.859375,25000000.000
3346,2035,-6.347656,25000000.000
3347,2037,-5.371094,25000000.000
3348,2036,-5.859375,25000000.000
3349,2035,-6.347656,25000000.000
3350,2038,-4.882812,25000000.000
3351,2039,-4.394531,25000000.000
3352,2039,-4.394531,25000000.000
3353,2035,-6.347656,25000000.000
3354,2041,-3.417969,25000000.000
3355,2039,-4.394531,25000000.000
3356,2043,-2.441406,25000000.000
3357,2042,-2.929688,25000000.000
3358,2050,0.976562,25000000.000
3359,2049,0.488281,25000000.000
3360,2051,1.464844,25000000.000
3361,2054,2.929688,25000000.000
3362,2056,3.906250,25000000.000
3363,2054,2.929688,25000000.000
3364,2058,4.882812,25000000.000
3365,2058,4.882812,25000000.000
3366,2060,5.859375,25000000.000
3367,2058,4.882812,25000000.000
3368,2061,6.347656,25000000.000
3369,2060,5.859375,25000000.000
3370,2060,5.859375,25000000.000
3371,2059,5.371094,25000000.000
3372,2058,4.882812,25000000.000
3373,2056,3.906250,25000000.000
3374,2054,2.929688,25000000.000
3375,2052,1.953125,25000000.000
3376,2050,0.976562,25000000.000
3377,2049,0.488281,25000000.000
3378,2048,0.000000,25000000.000
3379,2047,-0.488281,25000000.000
3380,2043,-2.441406,25000000.000
3381,2040,-3.906250,25000000.000
3382,2040,-3.906250,25000000.000
3383,2039,-4.394531,25000000.000
3384,2035,-6.347656,25000000.000
3385,2035,-6.347656,25000000.000
3386,2035,-6.347656,25000000.000
3387,2034,-6.835938,25000000.000
3388,2034,-6.835938,25000000.000
3389,2035,-6.347656,25000000.000
3390,2034,-6.835938,25000000.000
3391,2035,-6.347656,25000000.000
3392,2036,-5.859375,25000000.000
3393,2037,-5.371094,25000000.000
3394,2040,-3.906250,25000000.000
3395,2038,-4.882812,25000000.000
3396,2043,-2.441406,25000000.000
3397,2042,-2.929688,25000000.000
3398,2046,-0.976562,25000000.000
3399,2046,-0.976562,25000000.000
3400,2050,0.976562,25000000.000
3401,2052,1.953125,25000000.000
3402,2054,2.929688,25000000.000
3403,2054,2.929688,25000000.000
3404,2056,3.906250,25000000.000
3405,2058,4.882812,25000000.000
3406,2058,4.882812,25000000.000
3407,2059,5.371094,25000000.000
3408,2060,5.859375,25000000.000
3409,2060,5.859375,25000000.000
3410,2060,5.859375,25000000.000
3411,2060,5.859375,25000000.000
3412,2058,4.882812,25000000.000
3413,2056,3.906250,25000000.000
3414,2057,4.394531,25000000.000
3415,2056,3.906250,25000000.000
3416,2053,2.441406,25000000.000
3417,2050,0.976562,25000000.000
3418,2049,0.488281,25000000.000
3419,2050,0.976562,25000000.000
3420,2044,-1.953125,25000000.000
3421,2042,-2.929688,25000000.000
3422,2041,-3.417969,25000000.000
3423,2040,-3.906250,25000000.000
3424,2037,-5.371094,25000000.000
3425,2037,-5.371094,25000000.000
3426,2035,-6.347656,25000000.000
3427,2035,-6.347656,25000000.000
3428,2034,-6.835938,25000000.000
3429,2034,-6.835938,25000000.000
3430,2033,-7.324219,25000000.000
3431,2032,-7.812500,25000000.000
3432,2036,-5.859375,25000000.000
3433,2036,-5.859375,25000000.000
3434,2037,-5.371094,25000000.000
3435,2036,-5.859375,25000000.000
3436,2039,-4.394531,25000000.000
3437,2042,-2.929688,25000000.000
3438,2043,-2.441406,25000000.000
3439,2042,-2.929688,25000000.000
3440,2045,-1.464844,25000000.000
3441,2047,-0.488281,25000000.000
3442,2051,1.464844,25000000.000
3443,2051,1.464844,25000000.000
3444,2049,0.488281,25000000.000
3445,2062,6.835938,25000000.000
3446,2061,6.347656,25000000.000
3447,2058,4.882812,25000000.000
3448,2055,3.417969,25000000.000
3449,2069,10.253906,25000000.000
3450,2061,6.347656,25000000.000
3451,2055,3.417969,25000000.000
3452,2058,4.882812,25000000.000
3453,2060,5.859375,25000000.000
3454,2057,4.394531,25000000.000
3455,2057,4.394531,25000000.000
3456,2054,2.929688,25000000.000
3457,2053,2.441406,25000000.000
3458,2051,1.464844,25000000.000
3459,2051,1.464844,25000000.000
3460,2047,-0.488281,25000000.000
3461,2046,-0.976562,25000000.000
3462,2044,-1.953125,25000000.000
3463,2043,-2.441406,25000000.000
3464,2041,-3.417969,25000000.000
3465,2039,-4.394531,25000000.000
3466,2036,-5.859375,25000000.000
3467,2036,-5.859375,25000000.000
3468,2035,-6.347656,25000000.000
3469,2034,-6.835938,25000000.000
3470,2033,-7.324219,25000000.000
3471,2033,-7.324219,25000000.000
3472,2033,-7.324219,25000000.000
3473,2035,-6.347656,25000000.000
3474,2035,-6.347656,25000000.000
3475,2035,-6.347656,25000000.000
3476,2038,-4.882812,25000000.000
3477,2038,-4.882812,25000000.000
3478,2041,-3.417969,25000000.000
3479,2042,-2.929688,25000000.000
3480,2046,-0.976562,25000000.000
3481,2048,0.000000,25000000.000
3482,2050,0.976562,25000000.000
3483,2052,1.953125,25000000.000
3484,2054,2.929688,25000000.000
3485,2054,2.929688,25000000.000
3486,2056,3.906250,25000000.000
3487,2057,4.394531,25000000.000
3488,2059,5.371094,25000000.000
3489,2060,5.859375,25000000.000
3490,2060,5.859375,25000000.000
3491,2060,5.859375,25000000.000
3492,2058,4.882812,25000000.000
3493,2061,6.347656,25000000.000
3494,2059,5.371094,25000000.000
3495,2060,5.859375,25000000.000
3496,2058,4.882812,25000000.000
3497,2056,3.906250,25000000.000
3498,2055,3.417969,25000000.000
3499,2054,2.929688,25000000.000
3500,2052,1.953125,25000000.000
3501,2049,0.488281,25000000.000
3502,2046,-0.976562,25000000.000
3503,2046,-0.976562,25000000.000
3504,2044,-1.953125,25000000.000
3505,2042,-2.929688,25000000.000
3506,2040,-3.906250,25000000.000
3507,2040,-3.906250,25000000.000
3508,2037,-5.371094,25000000.000
3509,2035,-6.347656,25000000.000
3510,2035,-6.347656,25000000.000
3511,2036,-5.859375,25000000.000
3512,2033,-7.324219,25000000.000
3513,2033,-7.324219,25000000.000
3514,2035,-6.347656,25000000.000
3515,2036,-5.859375,25000000.000
3516,2035,-6.347656,25000000.000
3517,2038,-4.882812,25000000.000
3518,2041,-3.417969,25000000.000
3519,2039,-4.394531,25000000.000
3520,2042,-2.929688,25000000.000
3521,2046,-0.976562,25000000.000
3522,2045,-1.464844,25000000.000
3523,2047,-0.488281,25000000.000
3524,2050,0.976562,25000000.000
3525,2053,2.441406,25000000.000
3526,2054,2.929688,25000000.000
3527,2054,2.929688,25000000.000
3528,2057,4.394531,25000000.000
3529,2058,4.882812,25000000.000
3530,2060,5.859375,25000000.000
3531,2058,4.882812,25000000.000
3532,2060,5.859375,25000000.000
3533,2058,4.882812,25000000.000
3534,2059,5.371094,25000000.000
3535,2059,5.371094,25000000.000
3536,2059,5.371094,25000000.000
3537,2057,4.394531,25000000.000
3538,2056,3.906250,25000000.000
3539,2058,4.882812,25000000.000
3540,2053,2.441406,25000000.000
3541,2051,1.464844,25000000.000
3542,2047,-0.488281,25000000.000
3543,2049,0.488281,25000000.000
3544,2046,-0.976562,25000000.000
3545,2043,-2.441406,25000000.000
3546,2041,-3.417969,25000000.000
3547,2042,-2.929688,25000000.000
3548,2038,-4.882812,25000000.000
3549,2035,-6.347656,25000000.000
3550,2038,-4.882812,25000000.000
3551,2036,-5.859375,25000000.000
3552,2033,-7.324219,25000000.000
3553,2035,-6.347656,25000000.000
3554,2034,-6.835938,25000000.000
3555,2033,-7.324219,25000000.000
3556,2035,-6.347656,25000000.000
3557,2036,-5.859375,25000000.000
3558,2037,-5.371094,25000000.000
3559,2038,-4.882812,25000000.000
3560,2039,-4.394531,25000000.000
3561,2042,-2.929688,25000000.000
3562,2044,-1.953125,25000000.000
3563,2043,-2.441406,25000000.000
3564,2049,0.488281,25000000.000
3565,2049,0.488281,25000000.000
3566,2051,1.464844,25000000.000
3567,2051,1.464844,25000000.000
3568,2055,3.417969,25000000.000
3569,2058,4.882812,25000000.000
3570,2057,4.394531,25000000.000
3571,2059,5.371094,25000000.000
3572,2060,5.859375,25000000.000
3573,2061,6.347656,25000000.000
3574,2061,6.347656,25000000.000
3575,2060,5.859375,25000000.000
3576,2061,6.347656,25000000.000
3577,2060,5.859375,25000000.000
3578,2060,5.859375,25000000.000
3579,2060,5.859375,25000000.000
3580,2056,3.906250,25000000.000
3581,2055,3.417969,25000000.000
3582,2054,2.929688,25000000.000
3583,2053,2.441406,25000000.000
3584,2050,0.976562,25000000.000
3585,2047,-0.488281,25000000.000
3586,2046,-0.976562,25000000.000
3587,2045,-1.464844,25000000.000
3588,2042,-2.929688,25000000.000
3589,2042,-2.929688,25000000.000
3590,2037,-5.371094,25000000.000
3591,2039,-4.394531,25000000.000
3592,2036,-5.859375,25000000.000
3593,2036,-5.859375,25000000.000
3594,2036,-5.859375,25000000.000
3595,2034,-6.835938,25000000.000
3596,2036,-5.859375,25000000.000
3597,2035,-6.347656,25000000.000
3598,2036,-5.859375,25000000.000
3599,2036,-5.859375,25000000.000
3600,2039,-4.394531,25000000.000
3601,2040,-3.906250,25000000.000
3602,2041,-3.417969,25000000.000
3603,2042,-2.929688,25000000.000
3604,2045,-1.464844,25000000.000
3605,2049,0.488281,25000000.000
3606,2049,0.488281,25000000.000
3607,2050,0.976562,25000000.000
3608,2052,1.953125,25000000.000
3609,2053,2.441406,25000000.000
3610,2056,3.906250,25000000.000
3611,2055,3.417969,25000000.000
3612,2059,5.371094,25000000.000
3613,2058,4.882812,25000000.000
3614,2059,5.371094,25000000.000
3615,2059,5.371094,25000000.000
3616,2059,5.371094,25000000.000
3617,2059,5.371094,25000000.000
3618,2058,4.882812,25000000.000
3619,2059,5.371094,25000000.000
3620,2056,3.906250,25000000.000
3621,2054,2.929688,25000000.000
3622,2053,2.441406,25000000.000
3623,2053,2.441406,25000000.000
3624,2050,0.976562,25000000.000
3625,2048,0.000000,25000000.000
3626,2047,-0.488281,25000000.000
3627,2046,-0.976562,25000000.000
3628,2042,-2.929688,25000000.000
3629,2041,-3.417969,25000000.000
3630,2039,-4.394531,25000000.000
3631,2037,-5.371094,25000000.000
3632,2035,-6.347656,25000000.000
3633,2035,-6.347656,25000000.000
3634,2034,-6.835938,25000000.000
3635,2033,-7.324219,25000000.000
3636,2033,-7.324219,25000000.000
3637,2034,-6.835938,25000000.000
3638,2035,-6.347656,25000000.000
3639,2034,-6.835938,25000000.000
3640,2035,-6.347656,25000000.000
3641,2037,-5.371094,25000000.000
3642,2037,-5.371094,25000000.000
3643,2039,-4.394531,25000000.000
3644,2042,-2.929688,25000000.000
3645,2044,-1.953125,25000000.000
3646,2045,-1.464844,25000000.000
3647,2046,-0.976562,25000000.000
3648,2049,0.488281,25000000.000
3649,2051,1.464844,25000000.000
3650,2053,2.441406,25000000.000
3651,2053,2.441406,25000000.000
3652,2054,2.929688,25000000.000
3653,2057,4.394531,25000000.000
3654,2058,4.882812,25000000.000
3655,2057,4.394531,25000000.000
3656,2057,4.394531,25000000.000
3657,2059,5.371094,25000000.000
3658,2058,4.882812,25000000.000
3659,2059,5.371094,25000000.000
3660,2058,4.882812,25000000.000
3661,2056,3.906250,25000000.000
3662,2055,3.417969,25000000.000
3663,2054,2.929688,25000000.000
3664,2051,1.464844,25000000.000
3665,2050,0.976562,25000000.000
3666,2047,-0.488281,25000000.000
3667,2047,-0.488281,25000000.000
3668,2046,-0.976562,25000000.000
3669,2043,-2.441406,25000000.000
3670,2039,-4.394531,25000000.000
3671,2040,-3.906250,25000000.000
3672,2038,-4.882812,25000000.000
3673,2036,-5.859375,25000000.000
3674,2035,-6.347656,25000000.000
3675,2036,-5.859375,25000000.000
3676,2035,-6.347656,25000000.000
3677,2034,-6.835938,25000000.000
3678,2034,-6.835938,25000000.000
3679,2035,-6.347656,25000000.000
3680,2036,-5.859375,25000000.000
3681,2035,-6.347656,25000000.000
3682,2037,-5.371094,25000000.000
3683,2037,-5.371094,25000000.000
3684,2039,-4.394531,25000000.000
3685,2042,-2.929688,25000000.000
3686,2043,-2.441406,25000000.000
3687,2042,-2.929688,25000000.000
3688,2047,-0.488281,25000000.000
3689,2050,0.976562,25000000.000
3690,2050,0.976562,25000000.000
3691,2051,1.464844,25000000.000
3692,2053,2.441406,25000000.000
3693,2057,4.394531,25000000.000
3694,2057,4.394531,25000000.000
3695,2056,3.906250,25000000.000
3696,2059,5.371094,25000000.000
3697,2060,5.859375,25000000.000
3698,2060,5.859375,25000000.000
3699,2060,5.859375,25000000.000
3700,2060,5.859375,25000000.000
3701,2059,5.371094,25000000.000
3702,2058,4.882812,25000000.000
3703,2057,4.394531,25000000.000
3704,2056,3.906250,25000000.000
3705,2053,2.441406,25000000.000
3706,2050,0.976562,25000000.000
3707,2051,1.464844,25000000.000
3708,2046,-0.976562,25000000.000
3709,2045,-1.464844,25000000.000
3710,2045,-1.464844,25000000.000
3711,2044,-1.953125,25000000.000
3712,2041,-3.417969,25000000.000
3713,2038,-4.882812,25000000.000
3714,2037,-5.371094,25000000.000
3715,2037,-5.371094,25000000.000
3716,2033,-7.324219,25000000.000
3717,2035,-6.347656,25000000.000
3718,2034,-6.835938,25000000.000
3719,2035,-6.347656,25000000.000
3720,2034,-6.835938,25000000.000
3721,2035,-6.347656,25000000.000
3722,2035,-6.347656,25000000.000
3723,2037,-5.371094,25000000.000
3724,2039,-4.394531,25000000.000
3725,2040,-3.906250,25000000.000
3726,2042,-2.929688,25000000.000
3727,2042,-2.929688,25000000.000
3728,2045,-1.464844,25000000.000
3729,2048,0.000000,25000000.000
3730,2050,0.976562,25000000.000
3731,2050,0.976562,25000000.000
3732,2053,2.441406,25000000.000
3733,2055,3.417969,25000000.000
3734,2056,3.906250,25000000.000
3735,2056,3.906250,25000000.000
3736,2058,4.882812,25000000.000
3737,2059,5.371094,25000000.000
3738,2060,5.859375,25000000.000
3739,2060,5.859375,25000000.000
3740,2060,5.859375,25000000.000
3741,2059,5.371094,25000000.000
3742,2059,5.371094,25000000.000
3743,2059,5.371094,25000000.000
3744,2056,3.906250,25000000.000
3745,2054,2.929688,25000000.000
3746,2054,2.929688,25000000.000
3747,2053,2.441406,25000000.000
3748,2050,0.976562,25000000.000
3749,2048,0.000000,25000000.000
3750,2046,-0.976562,25000000.000
3751,2046,-0.976562,25000000.000
3752,2042,-2.929688,25000000.000
3753,2042,-2.929688,25000000.000
3754,2038,-4.882812,25000000.000
3755,2038,-4.882812,25000000.000
3756,2035,-6.347656,25000000.000
3757,2036,-5.859375,25000000.000
3758,2034,-6.835938,25000000.000
3759,2035,-6.347656,25000000.000
3760,2034,-6.835938,25000000.000
3761,2035,-6.347656,25000000.000
3762,2035,-6.347656,25000000.000
3763,2034,-6.835938,25000000.000
3764,2038,-4.882812,25000000.000
3765,2038,-4.882812,25000000.000
3766,2039,-4.394531,25000000.000
3767,2040,-3.906250,25000000.000
3768,2044,-1.953125,25000000.000
3769,2047,-0.488281,25000000.000
3770,2047,-0.488281,25000000.000
3771,2048,0.000000,25000000.000
3772,2052,1.953125,25000000.000
3773,2055,3.417969,25000000.000
3774,2056,3.906250,25000000.000
3775,2056,3.906250,25000000.000
3776,2061,6.347656,25000000.000
3777,2059,5.371094,25000000.000
3778,2065,8.300781,25000000.000
3779,2062,6.835938,25000000.000
3780,2067,9.277344,25000000.000
3781,2062,6.835938,25000000.000
3782,2062,6.835938,25000000.000
3783,2064,7.812500,25000000.000
3784,2059,5.371094,25000000.000
3785,2060,5.859375,25000000.000
3786,2056,3.906250,25000000.000
3787,2059,5.371094,25000000.000
3788,2051,1.464844,25000000.000
3789,2062,6.835938,25000000.000
3790,2060,5.859375,25000000.000
3791,2056,3.906250,25000000.000
3792,2040,-3.906250,25000000.000
3793,2044,-1.953125,25000000.000
3794,2044,-1.953125,25000000.000
3795,2040,-3.906250,25000000.000
3796,2037,-5.371094,25000000.000
3797,2037,-5.371094,25000000.000
3798,2034,-6.835938,25000000.000
3799,2035,-6.347656,25000000.000
3800,2035,-6.347656,25000000.000
3801,2034,-6.835938,25000000.000
3802,2032,-7.812500,25000000.000
3803,2033,-7.324219,25000000.000
3804,2036,-5.859375,25000000.000
3805,2037,-5.371094,25000000.000
3806,2038,-4.882812,25000000.000
3807,2038,-4.882812,25000000.000
3808,2041,-3.417969,25000000.000
3809,2044,-1.953125,25000000.000
3810,2046,-0.976562,25000000.000
3811,2046,-0.976562,25000000.000
3812,2050,0.976562,25000000.000
3813,2052,1.953125,25000000.000
3814,2054,2.929688,25000000.000
3815,2053,2.441406,25000000.000
3816,2056,3.906250,25000000.000
3817,2056,3.906250,25000000.000
3818,2059,5.371094,25000000.000
3819,2058,4.882812,25000000.000
3820,2059,5.371094,25000000.000
3821,2059,5.371094,25000000.000
3822,2059,5.371094,25000000.000
3823,2060,5.859375,25000000.000
3824,2058,4.882812,25000000.000
3825,2056,3.906250,25000000.000
3826,2057,4.394531,25000000.000
3827,2056,3.906250,25000000.000
3828,2051,1.464844,25000000.000
3829,2051,1.464844,25000000.000
3830,2054,2.929688,25000000.000
3831,2046,-0.976562,25000000.000
3832,2045,-1.464844,25000000.000
3833,2042,-2.929688,25000000.000
3834,2041,-3.417969,25000000.000
3835,2040,-3.906250,25000000.000
3836,2036,-5.859375,25000000.000
3837,2036,-5.859375,25000000.000
3838,2035,-6.347656,25000000.000
3839,2036,-5.859375,25000000.000
3840,2034,-6.835938,25000000.000
3841,2033,-7.324219,25000000.000
3842,2033,-7.324219,25000000.000
3843,2033,-7.324219,25000000.000
3844,2035,-6.347656,25000000.000
3845,2033,-7.324219,25000000.000
3846,2036,-5.859375,25000000.000
3847,2037,-5.371094,25000000.000
3848,2037,-5.371094,25000000.000
3849,2040,-3.906250,25000000.000
3850,2042,-2.929688,25000000.000
3851,2042,-2.929688,25000000.000
3852,2046,-0.976562,25000000.000
3853,2048,0.000000,25000000.000
3854,2050,0.976562,25000000.000
3855,2050,0.976562,25000000.000
3856,2052,1.953125,25000000.000
3857,2056,3.906250,25000000.000
3858,2055,3.417969,25000000.000
3859,2055,3.417969,25000000.000
3860,2056,3.906250,25000000.000
3861,2057,4.394531,25000000.000
3862,2058,4.882812,25000000.000
3863,2059,5.371094,25000000.000
3864,2059,5.371094,25000000.000
3865,2057,4.394531,25000000.000
3866,2056,3.906250,25000000.000
3867,2056,3.906250,25000000.000
3868,2055,3.417969,25000000.000
3869,2053,2.441406,25000000.000
3870,2051,1.464844,25000000.000
3871,2051,1.464844,25000000.000
3872,2048,0.000000,25000000.000
3873,2047,-0.488281,25000000.000
3874,2043,-2.441406,25000000.000
3875,2044,-1.953125,25000000.000
3876,2040,-3.906250,25000000.000
3877,2039,-4.394531,25000000.000
3878,2037,-5.371094,25000000.000
3879,2038,-4.882812,25000000.000
3880,2036,-5.859375,25000000.000
3881,2034,-6.835938,25000000.000
3882,2034,-6.835938,25000000.000
3883,2034,-6.835938,25000000.000
3884,2035,-6.347656,25000000.000
3885,2034,-6.835938,25000000.000
3886,2035,-6.347656,25000000.000
3887,2035,-6.347656,25000000.000
3888,2038,-4.882812,25000000.000
3889,2040,-3.906250,25000000.000
3890,2041,-3.417969,25000000.000
3891,2041,-3.417969,25000000.000
3892,2044,-1.953125,25000000.000
3893,2046,-0.976562,25000000.000
3894,2048,0.000000,25000000.000
3895,2048,0.000000,25000000.000
3896,2054,2.929688,25000000.000
3897,2054,2.929688,25000000.000
3898,2057,4.394531,25000000.000
3899,2056,3.906250,25000000.000
3900,2057,4.394531,25000000.000
3901,2059,5.371094,25000000.000
3902,2059,5.371094,25000000.000
3903,2059,5.371094,25000000.000
3904,2059,5.371094,25000000.000
3905,2060,5.859375,25000000.000
3906,2059,5.371094,25000000.000
3907,2058,4.882812,25000000.000
3908,2058,4.882812,25000000.000
3909,2055,3.417969,25000000.000
3910,2054,2.929688,25000000.000
3911,2055,3.417969,25000000.000
3912,2051,1.464844,25000000.000
3913,2049,0.488281,25000000.000
3914,2047,-0.488281,25000000.000
3915,2047,-0.488281,25000000.000
3916,2044,-1.953125,25000000.000
3917,2041,-3.417969,25000000.000
3918,2040,-3.906250,25000000.000
3919,2039,-4.394531,25000000.000
3920,2039,-4.394531,25000000.000
3921,2038,-4.882812,25000000.000
3922,2037,-5.371094,25000000.000
3923,2037,-5.371094,25000000.000
3924,2036,-5.859375,25000000.000
3925,2037,-5.371094,25000000.000
3926,2038,-4.882812,25000000.000
3927,2038,-4.882812,25000000.000
3928,2039,-4.394531,25000000.000
3929,2039,-4.394531,25000000.000
3930,2042,-2.929688,25000000.000
3931,2041,-3.417969,25000000.000
3932,2044,-1.953125,25000000.000
3933,2047,-0.488281,25000000.000
3934,2047,-0.488281,25000000.000
3935,2047,-0.488281,25000000.000
3936,2051,1.464844,25000000.000
3937,2052,1.953125,25000000.000
3938,2053,2.441406,25000000.000
3939,2054,2.929688,25000000.000
3940,2056,3.906250,25000000.000
3941,2056,3.906250,25000000.000
3942,2057,4.394531,25000000.000
3943,2058,4.882812,25000000.000
3944,2059,5.371094,25000000.000
3945,2059,5.371094,25000000.000
3946,2059,5.371094,25000000.000
3947,2059,5.371094,25000000.000
3948,2057,4.394531,25000000.000
3949,2056,3.906250,25000000.000
3950,2056,3.906250,25000000.000
3951,2055,3.417969,25000000.000
3952,2052,1.953125,25000000.000
3953,2052,1.953125,25000000.000
3954,2049,0.488281,25000000.000
3955,2048,0.000000,25000000.000
3956,2046,-0.976562,25000000.000
3957,2044,-1.953125,25000000.000
3958,2042,-2.929688,25000000.000
3959,2042,-2.929688,25000000.000
3960,2040,-3.906250,25000000.000
3961,2038,-4.882812,25000000.000
3962,2036,-5.859375,25000000.000
3963,2036,-5.859375,25000000.000
3964,2036,-5.859375,25000000.000
3965,2035,-6.347656,25000000.000
3966,2033,-7.324219,25000000.000
3967,2036,-5.859375,25000000.000
3968,2037,-5.371094,25000000.000
3969,2038,-4.882812,25000000.000
3970,2037,-5.371094,25000000.000
3971,2038,-4.882812,25000000.000
3972,2040,-3.906250,25000000.000
3973,2042,-2.929688,25000000.000
3974,2046,-0.976562,25000000.000
3975,2045,-1.464844,25000000.000
3976,2048,0.000000,25000000.000
3977,2050,0.976562,25000000.000
3978,2052,1.953125,25000000.000
3979,2052,1.953125,25000000.000
3980,2054,2.929688,25000000.000
3981,2055,3.417969,25000000.000
3982,2057,4.394531,25000000.000
3983,2057,4.394531,25000000.000
3984,2057,4.394531,25000000.000
3985,2060,5.859375,25000000.000
3986,2058,4.882812,25000000.000
3987,2058,4.882812,25000000.000
3988,2057,4.394531,25000000.000
3989,2058,4.882812,25000000.000
3990,2056,3.906250,25000000.000
3991,2056,3.906250,25000000.000
3992,2054,2.929688,25000000.000
3993,2053,2.441406,25000000.000
3994,2050,0.976562,25000000.000
3995,2051,1.464844,25000000.000
3996,2047,-0.488281,25000000.000
3997,2044,-1.953125,25000000.000
3998,2043,-2.441406,25000000.000
3999,2043,-2.441406,25000000.000
4000,2041,-3.417969,25000000.000
4001,2038,-4.882812,25000000.000
4002,2036,-5.859375,25000000.000
4003,2037,-5.371094,25000000.000
4004,2037,-5.371094,25000000.000
4005,2035,-6.347656,25000000.000
4006,2034,-6.835938,25000000.000
4007,2035,-6.347656,25000000.000
4008,2036,-5.859375,25000000.000
4009,2036,-5.859375,25000000.000
4010,2038,-4.882812,25000000.000
4011,2039,-4.394531,25000000.000
4012,2039,-4.394531,25000000.000
4013,2040,-3.906250,25000000.000
4014,2043,-2.441406,25000000.000
4015,2042,-2.929688,25000000.000
4016,2046,-0.976562,25000000.000
4017,2048,0.000000,25000000.000
4018,2048,0.000000,25000000.000
4019,2047,-0.488281,25000000.000
4020,2051,1.464844,25000000.000
4021,2055,3.417969,25000000.000
4022,2055,3.417969,25000000.000
4023,2056,3.906250,25000000.000
4024,2057,4.394531,25000000.000
4025,2059,5.371094,25000000.000
4026,2059,5.371094,25000000.000
4027,2058,4.882812,25000000.000
4028,2059,5.371094,25000000.000
4029,2059,5.371094,25000000.000
4030,2057,4.394531,25000000.000
4031,2057,4.394531,25000000.000
4032,2057,4.394531,25000000.000
4033,2054,2.929688,25000000.000
4034,2050,0.976562,25000000.000
4035,2053,2.441406,25000000.000
4036,2049,0.488281,25000000.000
4037,2048,0.000000,25000000.000
4038,2046,-0.976562,25000000.000
4039,2046,-0.976562,25000000.000
4040,2042,-2.929688,25000000.000
4041,2040,-3.906250,25000000.000
4042,2039,-4.394531,25000000.000
4043,2040,-3.906250,25000000.000
4044,2037,-5.371094,25000000.000
4045,2036,-5.859375,25000000.000
4046,2036,-5.859375,25000000.000
4047,2036,-5.859375,25000000.000
4048,2036,-5.859375,25000000.000
4049,2037,-5.371094,25000000.000
4050,2037,-5.371094,25000000.000
4051,2038,-4.882812,25000000.000
4052,2035,-6.347656,25000000.000
4053,2042,-2.929688,25000000.000
4054,2043,-2.441406,25000000.000
4055,2043,-2.441406,25000000.000
4056,2040,-3.906250,25000000.000
4057,2047,-0.488281,25000000.000
4058,2048,0.000000,25000000.000
4059,2047,-0.488281,25000000.000
4060,2049,0.488281,25000000.000
4061,2052,1.953125,25000000.000
4062,2054,2.929688,25000000.000
4063,2053,2.441406,25000000.000
4064,2057,4.394531,25000000.000
4065,2056,3.906250,25000000.000
4066,2056,3.906250,25000000.000
4067,2057,4.394531,25000000.000
4068,2057,4.394531,25000000.000
4069,2058,4.882812,25000000.000
4070,2056,3.906250,25000000.000
4071,2056,3.906250,25000000.000
4072,2055,3.417969,25000000.000
4073,2055,3.417969,25000000.000
4074,2053,2.441406,25000000.000
4075,2054,2.929688,25000000.000
4076,2050,0.976562,25000000.000
4077,2048,0.000000,25000000.000
4078,2047,-0.488281,25000000.000
4079,2048,0.000000,25000000.000
4080,2044,-1.953125,25000000.000
4081,2042,-2.929688,25000000.000
4082,2040,-3.906250,25000000.000
4083,2041,-3.417969,25000000.000
4084,2038,-4.882812,25000000.000
4085,2037,-5.371094,25000000.000
4086,2037,-5.371094,25000000.000
4087,2037,-5.371094,25000000.000
4088,2034,-6.835938,25000000.000
4089,2037,-5.371094,25000000.000
4090,2037,-5.371094,25000000.000
4091,2036,-5.859375,25000000.000
4092,2035,-6.347656,25000000.000
4093,2037,-5.371094,25000000.000
4094,2048,0.000000,25000000.000
4095,2042,-2.929688,25000000.000
4096,2039,-4.394531,25000000.000
4097,2044,-1.953125,25000000.000
4098,2046,-0.976562,25000000.000
4099,2045,-1.464844,25000000.000
4100,2047,-0.488281,25000000.000
4101,2050,0.976562,25000000.000
4102,2051,1.464844,25000000.000
4103,2051,1.464844,25000000.000
4104,2054,2.929688,25000000.000
4105,2055,3.417969,25000000.000
4106,2056,3.906250,25000000.000
4107,2056,3.906250,25000000.000
4108,2058,4.882812,25000000.000
4109,2057,4.394531,25000000.000
4110,2057,4.394531,25000000.000
4111,2058,4.882812,25000000.000
4112,2056,3.906250,25000000.000
4113,2056,3.906250,25000000.000
4114,2056,3.906250,25000000.000
4115,2054,2.929688,25000000.000
4116,2053,2.441406,25000000.000
4117,2052,1.953125,25000000.000
4118,2051,1.464844,25000000.000
4119,2049,0.488281,25000000.000
4120,2048,0.000000,25000000.000
4121,2047,-0.488281,25000000.000
4122,2043,-2.441406,25000000.000
4123,2043,-2.441406,25000000.000
4124,2041,-3.417969,25000000.000
4125,2040,-3.906250,25000000.000
4126,2039,-4.394531,25000000.000
4127,2038,-4.882812,25000000.000
4128,2037,-5.371094,25000000.000
4129,2038,-4.882812,25000000.000
4130,2037,-5.371094,25000000.000
4131,2036,-5.859375,25000000.000
4132,2037,-5.371094,25000000.000
4133,2038,-4.882812,25000000.000
4134,2039,-4.394531,25000000.000
4135,2039,-4.394531,25000000.000
4136,2033,-7.324219,25000000.000
4137,2050,0.976562,25000000.000
4138,2048,0.000000,25000000.000
4139,2045,-1.464844,25000000.000
4140,2045,-1.464844,25000000.000
4141,2049,0.488281,25000000.000
4142,2051,1.464844,25000000.000
4143,2051,1.464844,25000000.000
4144,2053,2.441406,25000000.000
4145,2054,2.929688,25000000.000
4146,2057,4.394531,25000000.000
4147,2057,4.394531,25000000.000
4148,2058,4.882812,25000000.000
4149,2058,4.882812,25000000.000
4150,2061,6.347656,25000000.000
4151,2058,4.882812,25000000.000
4152,2057,4.394531,25000000.000
4153,2059,5.371094,25000000.000
4154,2058,4.882812,25000000.000
4155,2058,4.882812,25000000.000
4156,2054,2.929688,25000000.000
4157,2055,3.417969,25000000.000
4158,2054,2.929688,25000000.000
4159,2054,2.929688,25000000.000
4160,2050,0.976562,25000000.000
4161,2049,0.488281,25000000.000
4162,2046,-0.976562,25000000.000
4163,2045,-1.464844,25000000.000
4164,2044,-1.953125,25000000.000
4165,2042,-2.929688,25000000.000
4166,2040,-3.906250,25000000.000
4167,2039,-4.394531,25000000.000
4168,2039,-4.394531,25000000.000
4169,2039,-4.394531,25000000.000
4170,2037,-5.371094,25000000.000
4171,2037,-5.371094,25000000.000
4172,2037,-5.371094,25000000.000
4173,2037,-5.371094,25000000.000
4174,2038,-4.882812,25000000.000
4175,2036,-5.859375,25000000.000
4176,2043,-2.441406,25000000.000
4177,2039,-4.394531,25000000.000
4178,2042,-2.929688,25000000.000
4179,2044,-1.953125,25000000.000
4180,2045,-1.464844,25000000.000
4181,2048,0.000000,25000000.000
4182,2048,0.000000,25000000.000
4183,2049,0.488281,25000000.000
4184,2050,0.976562,25000000.000
4185,2051,1.464844,25000000.000
4186,2054,2.929688,25000000.000
4187,2053,2.441406,25000000.000
4188,2056,3.906250,25000000.000
4189,2056,3.906250,25000000.000
4190,2057,4.394531,25000000.000
4191,2058,4.882812,25000000.000
4192,2056,3.906250,25000000.000
4193,2056,3.906250,25000000.000
4194,2057,4.394531,25000000.000
4195,2056,3.906250,25000000.000
4196,2056,3.906250,25000000.000
4197,2054,2.929688,25000000.000
4198,2052,1.953125,25000000.000
4199,2052,1.953125,25000000.000
4200,2049,0.488281,25000000.000
4201,2048,0.000000,25000000.000
4202,2043,-2.441406,25000000.000
4203,2045,-1.464844,25000000.000
4204,2043,-2.441406,25000000.000
4205,2041,-3.417969,25000000.000
4206,2039,-4.394531,25000000.000
4207,2039,-4.394531,25000000.000
4208,2038,-4.882812,25000000.000
4209,2037,-5.371094,25000000.000
4210,2035,-6.347656,25000000.000
4211,2037,-5.371094,25000000.000
4212,2035,-6.347656,25000000.000
4213,2035,-6.347656,25000000.000
4214,2037,-5.371094,25000000.000
4215,2035,-6.347656,25000000.000
4216,2036,-5.859375,25000000.000
4217,2039,-4.394531,25000000.000
4218,2040,-3.906250,25000000.000
4219,2038,-4.882812,25000000.000
4220,2041,-3.417969,25000000.000
4221,2044,-1.953125,25000000.000
4222,2046,-0.976562,25000000.000
4223,2046,-0.976562,25000000.000
4224,2049,0.488281,25000000.000
4225,2050,0.976562,25000000.000
4226,2051,1.464844,25000000.000
4227,2052,1.953125,25000000.000
4228,2053,2.441406,25000000.000
4229,2055,3.417969,25000000.000
4230,2055,3.417969,25000000.000
4231,2055,3.417969,25000000.000
4232,2056,3.906250,25000000.000
4233,2057,4.394531,25000000.000
4234,2055,3.417969,25000000.000
4235,2056,3.906250,25000000.000
4236,2055,3.417969,25000000.000
4237,2055,3.417969,25000000.000
4238,2052,1.953125,25000000.000
4239,2053,2.441406,25000000.000
4240,2051,1.464844,25000000.000
4241,2050,0.976562,25000000.000
4242,2048,0.000000,25000000.000
4243,2048,0.000000,25000000.000
4244,2045,-1.464844,25000000.000
4245,2044,-1.953125,25000000.000
4246,2042,-2.929688,25000000.000
4247,2042,-2.929688,25000000.000
4248,2039,-4.394531,25000000.000
4249,2039,-4.394531,25000000.000
4250,2039,-4.394531,25000000.000
4251,2037,-5.371094,25000000.000
4252,2037,-5.371094,25000000.000
4253,2035,-6.347656,25000000.000
4254,2037,-5.371094,25000000.000
4255,2036,-5.859375,25000000.000
4256,2038,-4.882812,25000000.000
4257,2038,-4.882812,25000000.000
4258,2040,-3.906250,25000000.000
4259,2040,-3.906250,25000000.000
4260,2041,-3.417969,25000000.000
4261,2042,-2.929688,25000000.000
4262,2044,-1.953125,25000000.000
4263,2043,-2.441406,25000000.000
4264,2048,0.000000,25000000.000
4265,2048,0.000000,25000000.000
4266,2050,0.976562,25000000.000
4267,2050,0.976562,25000000.000
4268,2052,1.953125,25000000.000
4269,2054,2.929688,25000000.000
4270,2055,3.417969,25000000.000
4271,2055,3.417969,25000000.000
4272,2054,2.929688,25000000.000
4273,2056,3.906250,25000000.000
4274,2057,4.394531,25000000.000
4275,2056,3.906250,25000000.000
4276,2057,4.394531,25000000.000
4277,2059,5.371094,25000000.000
4278,2050,0.976562,25000000.000
4279,2057,4.394531,25000000.000
4280,2051,1.464844,25000000.000
4281,2050,0.976562,25000000.000
4282,2046,-0.976562,25000000.000
4283,2052,1.953125,25000000.000
4284,2047,-0.488281,25000000.000
4285,2047,-0.488281,25000000.000
4286,2044,-1.953125,25000000.000
4287,2045,-1.464844,25000000.000
4288,2043,-2.441406,25000000.000
4289,2043,-2.441406,25000000.000
4290,2039,-4.394531,25000000.000
4291,2040,-3.906250,25000000.000
4292,2040,-3.906250,25000000.000
4293,2039,-4.394531,25000000.000
4294,2039,-4.394531,25000000.000
4295,2036,-5.859375,25000000.000
4296,2038,-4.882812,25000000.000
4297,2039,-4.394531,25000000.000
4298,2038,-4.882812,25000000.000
4299,2038,-4.882812,25000000.000
4300,2039,-4.394531,25000000.000
4301,2041,-3.417969,25000000.000
4302,2042,-2.929688,25000000.000
4303,2042,-2.929688,25000000.000
4304,2045,-1.464844,25000000.000
4305,2047,-0.488281,25000000.000
4306,2048,0.000000,25000000.000
4307,2048,0.000000,25000000.000
4308,2053,2.441406,25000000.000
4309,2052,1.953125,25000000.000
4310,2053,2.441406,25000000.000
4311,2054,2.929688,25000000.000
4312,2057,4.394531,25000000.000
4313,2056,3.906250,25000000.000
4314,2058,4.882812,25000000.000
4315,2057,4.394531,25000000.000
4316,2058,4.882812,25000000.000
4317,2057,4.394531,25000000.000
4318,2058,4.882812,25000000.000
4319,2058,4.882812,25000000.000
4320,2056,3.906250,25000000.000
4321,2056,3.906250,25000000.000
4322,2053,2.441406,25000000.000
4323,2054,2.929688,25000000.000
4324,2054,2.929688,25000000.000
4325,2047,-0.488281,25000000.000
4326,2049,0.488281,25000000.000
4327,2047,-0.488281,25000000.000
4328,2045,-1.464844,25000000.000
4329,2044,-1.953125,25000000.000
4330,2044,-1.953125,25000000.000
4331,2042,-2.929688,25000000.000
4332,2041,-3.417969,25000000.000
4333,2039,-4.394531,25000000.000
4334,2039,-4.394531,25000000.000
4335,2038,-4.882812,25000000.000
4336,2037,-5.371094,25000000.000
4337,2037,-5.371094,25000000.000
4338,2037,-5.371094,25000000.000
4339,2038,-4.882812,25000000.000
4340,2040,-3.906250,25000000.000
4341,2039,-4.394531,25000000.000
4342,2040,-3.906250,25000000.000
4343,2041,-3.417969,25000000.000
4344,2044,-1.953125,25000000.000
4345,2044,-1.953125,25000000.000
4346,2046,-0.976562,25000000.000
4347,2047,-0.488281,25000000.000
4348,2049,0.488281,25000000.000
4349,2051,1.464844,25000000.000
4350,2053,2.441406,25000000.000
4351,2053,2.441406,25000000.000
4352,2054,2.929688,25000000.000
4353,2056,3.906250,25000000.000
4354,2056,3.906250,25000000.000
4355,2057,4.394531,25000000.000
4356,2057,4.394531,25000000.000
4357,2057,4.394531,25000000.000
4358,2057,4.394531,25000000.000
4359,2056,3.906250,25000000.000
4360,2056,3.906250,25000000.000
4361,2054,2.929688,25000000.000
4362,2054,2.929688,25000000.000
4363,2053,2.441406,25000000.000
4364,2053,2.441406,25000000.000
4365,2050,0.976562,25000000.000
4366,2048,0.000000,25000000.000
4367,2048,0.000000,25000000.000
4368,2046,-0.976562,25000000.000
4369,2045,-1.464844,25000000.000
4370,2042,-2.929688,25000000.000
4371,2043,-2.441406,25000000.000
4372,2041,-3.417969,25000000.000
4373,2040,-3.906250,25000000.000
4374,2039,-4.394531,25000000.000
4375,2040,-3.906250,25000000.000
4376,2038,-4.882812,25000000.000
4377,2036,-5.859375,25000000.000
4378,2038,-4.882812,25000000.000
4379,2037,-5.371094,25000000.000
4380,2040,-3.906250,25000000.000
4381,2038,-4.882812,25000000.000
4382,2040,-3.906250,25000000.000
4383,2040,-3.906250,25000000.000
4384,2043,-2.441406,25000000.000
4385,2044,-1.953125,25000000.000
4386,2045,-1.464844,25000000.000
4387,2045,-1.464844,25000000.000
4388,2047,-0.488281,25000000.000
4389,2049,0.488281,25000000.000
4390,2051,1.464844,25000000.000
4391,2051,1.464844,25000000.000
4392,2053,2.441406,25000000.000
4393,2054,2.929688,25000000.000
4394,2055,3.417969,25000000.000
4395,2054,2.929688,25000000.000
4396,2056,3.906250,25000000.000
4397,2056,3.906250,25000000.000
4398,2055,3.417969,25000000.000
4399,2055,3.417969,25000000.000
4400,2054,2.929688,25000000.000
4401,2054,2.929688,25000000.000
4402,2054,2.929688,25000000.000
4403,2054,2.929688,25000000.000
4404,2052,1.953125,25000000.000
4405,2049,0.488281,25000000.000
4406,2049,0.488281,25000000.000
4407,2050,0.976562,25000000.000
4408,2047,-0.488281,25000000.000
4409,2045,-1.464844,25000000.000
4410,2042,-2.929688,25000000.000
4411,2048,0.000000,25000000.000
4412,2043,-2.441406,25000000.000
4413,2042,-2.929688,25000000.000
4414,2039,-4.394531,25000000.000
4415,2041,-3.417969,25000000.000
4416,2041,-3.417969,25000000.000
4417,2040,-3.906250,25000000.000
4418,2035,-6.347656,25000000.000
4419,2036,-5.859375,25000000.000
4420,2038,-4.882812,25000000.000
4421,2040,-3.906250,25000000.000
4422,2039,-4.394531,25000000.000
4423,2038,-4.882812,25000000.000
4424,2041,-3.417969,25000000.000
4425,2041,-3.417969,25000000.000
4426,2043,-2.441406,25000000.000
4427,2043,-2.441406,25000000.000
4428,2044,-1.953125,25000000.000
4429,2047,-0.488281,25000000.000
4430,2048,0.000000,25000000.000
4431,2048,0.000000,25000000.000
4432,2051,1.464844,25000000.000
4433,2053,2.441406,25000000.000
4434,2052,1.953125,25000000.000
4435,2052,1.953125,25000000.000
4436,2054,2.929688,25000000.000
4437,2054,2.929688,25000000.000
4438,2055,3.417969,25000000.000
4439,2055,3.417969,25000000.000
4440,2055,3.417969,25000000.000
4441,2055,3.417969,25000000.000
4442,2055,3.417969,25000000.000
4443,2054,2.929688,25000000.000
4444,2052,1.953125,25000000.000
4445,2051,1.464844,25000000.000
4446,2052,1.953125,25000000.000
4447,2050,0.976562,25000000.000
4448,2047,-0.488281,25000000.000
4449,2046,-0.976562,25000000.000
4450,2046,-0.976562,25000000.000
4451,2045,-1.464844,25000000.000
4452,2042,-2.929688,25000000.000
4453,2042,-2.929688,25000000.000
4454,2040,-3.906250,25000000.000
4455,2040,-3.906250,25000000.000
4456,2038,-4.882812,25000000.000
4457,2038,-4.882812,25000000.000
4458,2038,-4.882812,25000000.000
4459,2038,-4.882812,25000000.000
4460,2037,-5.371094,25000000.000
4461,2038,-4.882812,25000000.000
4462,2038,-4.882812,25000000.000
4463,2038,-4.882812,25000000.000
4464,2040,-3.906250,25000000.000
4465,2040,-3.906250,25000000.000
4466,2041,-3.417969,25000000.000
4467,2041,-3.417969,25000000.000
4468,2045,-1.464844,25000000.000
4469,2046,-0.976562,25000000.000
4470,2048,0.000000,25000000.000
4471,2047,-0.488281,25000000.000
4472,2050,0.976562,25000000.000
4473,2052,1.953125,25000000.000
4474,2052,1.953125,25000000.000
4475,2053,2.441406,25000000.000
4476,2054,2.929688,25000000.000
4477,2055,3.417969,25000000.000
4478,2057,4.394531,25000000.000
4479,2056,3.906250,25000000.000
4480,2056,3.906250,25000000.000
4481,2057,4.394531,25000000.000
4482,2048,0.000000,25000000.000
4483,2067,9.277344,25000000.000
4484,2049,0.488281,25000000.000
4485,2057,4.394531,25000000.000
4486,2052,1.953125,25000000.000
4487,2054,2.929688,25000000.000
4488,2048,0.000000,25000000.000
4489,2050,0.976562,25000000.000
4490,2047,-0.488281,25000000.000
4491,2047,-0.488281,25000000.000
4492,2046,-0.976562,25000000.000
4493,2043,-2.441406,25000000.000
4494,2041,-3.417969,25000000.000
4495,2041,-3.417969,25000000.000
4496,2041,-3.417969,25000000.000
4497,2039,-4.394531,25000000.000
4498,2038,-4.882812,25000000.000
4499,2038,-4.882812,25000000.000
4500,2037,-5.371094,25000000.000
4501,2039,-4.394531,25000000.000
4502,2037,-5.371094,25000000.000
4503,2037,-5.371094,25000000.000
4504,2039,-4.394531,25000000.000
4505,2040,-3.906250,25000000.000
4506,2042,-2.929688,25000000.000
4507,2042,-2.929688,25000000.000
4508,2044,-1.953125,25000000.000
4509,2045,-1.464844,25000000.000
4510,2047,-0.488281,25000000.000
4511,2048,0.000000,25000000.000
4512,2051,1.464844,25000000.000
4513,2052,1.953125,25000000.000
4514,2054,2.929688,25000000.000
4515,2053,2.441406,25000000.000
4516,2055,3.417969,25000000.000
4517,2057,4.394531,25000000.000
4518,2056,3.906250,25000000.000
4519,2056,3.906250,25000000.000
4520,2057,4.394531,25000000.000
4521,2058,4.882812,25000000.000
4522,2056,3.906250,25000000.000
4523,2060,5.859375,25000000.000
4524,2059,5.371094,25000000.000
4525,2056,3.906250,25000000.000
4526,2053,2.441406,25000000.000
4527,2054,2.929688,25000000.000
4528,2053,2.441406,25000000.000
4529,2050,0.976562,25000000.000
4530,2048,0.000000,25000000.000
4531,2049,0.488281,25000000.000
4532,2047,-0.488281,25000000.000
4533,2046,-0.976562,25000000.000
4534,2043,-2.441406,25000000.000
4535,2044,-1.953125,25000000.000
4536,2040,-3.906250,25000000.000
4537,2040,-3.906250,25000000.000
4538,2039,-4.394531,25000000.000
4539,2039,-4.394531,25000000.000
4540,2039,-4.394531,25000000.000
4541,2037,-5.371094,25000000.000
4542,2038,-4.882812,25000000.000
4543,2039,-4.394531,25000000.000
4544,2038,-4.882812,25000000.000
4545,2038,-4.882812,25000000.000
4546,2041,-3.417969,25000000.000
4547,2041,-3.417969,25000000.000
4548,2042,-2.929688,25000000.000
4549,2043,-2.441406,25000000.000
4550,2045,-1.464844,25000000.000
4551,2044,-1.953125,25000000.000
4552,2047,-0.488281,25000000.000
4553,2050,0.976562,25000000.000
4554,2050,0.976562,25000000.000
4555,2049,0.488281,25000000.000
4556,2053,2.441406,25000000.000
4557,2053,2.441406,25000000.000
4558,2055,3.417969,25000000.000
4559,2055,3.417969,25000000.000
4560,2056,3.906250,25000000.000
4561,2055,3.417969,25000000.000
4562,2056,3.906250,25000000.000
4563,2055,3.417969,25000000.000
4564,2056,3.906250,25000000.000
4565,2056,3.906250,25000000.000
4566,2053,2.441406,25000000.000
4567,2055,3.417969,25000000.000
4568,2053,2.441406,25000000.000
4569,2052,1.953125,25000000.000
4570,2050,0.976562,25000000.000
4571,2051,1.464844,25000000.000
4572,2048,0.000000,25000000.000
4573,2047,-0.488281,25000000.000
4574,2046,-0.976562,25000000.000
4575,2045,-1.464844,25000000.000
4576,2044,-1.953125,25000000.000
4577,2041,-3.417969,25000000.000
4578,2042,-2.929688,25000000.000
4579,2040,-3.906250,25000000.000
4580,2038,-4.882812,25000000.000
4581,2038,-4.882812,25000000.000
4582,2037,-5.371094,25000000.000
4583,2036,-5.859375,25000000.000
4584,2036,-5.859375,25000000.000
4585,2037,-5.371094,25000000.000
4586,2037,-5.371094,25000000.000
4587,2037,-5.371094,25000000.000
4588,2038,-4.882812,25000000.000
4589,2040,-3.906250,25000000.000
4590,2042,-2.929688,25000000.000
4591,2042,-2.929688,25000000.000
4592,2045,-1.464844,25000000.000
4593,2047,-0.488281,25000000.000
4594,2047,-0.488281,25000000.000
4595,2047,-0.488281,25000000.000
4596,2050,0.976562,25000000.000
4597,2052,1.953125,25000000.000
4598,2053,2.441406,25000000.000
4599,2052,1.953125,25000000.000
4600,2055,3.417969,25000000.000
4601,2058,4.882812,25000000.000
4602,2056,3.906250,25000000.000
4603,2056,3.906250,25000000.000
4604,2057,4.394531,25000000.000
4605,2057,4.394531,25000000.000
4606,2056,3.906250,25000000.000
4607,2056,3.906250,25000000.000
4608,2055,3.417969,25000000.000
4609,2053,2.441406,25000000.000
4610,2053,2.441406,25000000.000
4611,2053,2.441406,25000000.000
4612,2050,0.976562,25000000.000
4613,2048,0.000000,25000000.000
4614,2048,0.000000,25000000.000
4615,2046,-0.976562,25000000.000
4616,2043,-2.441406,25000000.000
4617,2042,-2.929688,25000000.000
4618,2041,-3.417969,25000000.000
4619,2040,-3.906250,25000000.000
4620,2038,-4.882812,25000000.000
4621,2039,-4.394531,25000000.000
4622,2036,-5.859375,25000000.000
4623,2037,-5.371094,25000000.000
4624,2037,-5.371094,25000000.000
4625,2036,-5.859375,25000000.000
4626,2037,-5.371094,25000000.000
4627,2037,-5.371094,25000000.000
4628,2039,-4.394531,25000000.000
4629,2039,-4.394531,25000000.000
4630,2040,-3.906250,25000000.000
4631,2040,-3.906250,25000000.000
4632,2043,-2.441406,25000000.000
4633,2045,-1.464844,25000000.000
4634,2046,-0.976562,25000000.000
4635,2047,-0.488281,25000000.000
4636,2049,0.488281,25000000.000
4637,2051,1.464844,25000000.000
4638,2052,1.953125,25000000.000
4639,2052,1.953125,25000000.000
4640,2054,2.929688,25000000.000
4641,2054,2.929688,25000000.000
4642,2055,3.417969,25000000.000
4643,2055,3.417969,25000000.000
4644,2056,3.906250,25000000.000
4645,2056,3.906250,25000000.000
4646,2058,4.882812,25000000.000
4647,2057,4.394531,25000000.000
4648,2054,2.929688,25000000.000
4649,2053,2.441406,25000000.000
4650,2052,1.953125,25000000.000
4651,2052,1.953125,25000000.000
4652,2051,1.464844,25000000.000
4653,2051,1.464844,25000000.000
4654,2047,-0.488281,25000000.000
4655,2047,-0.488281,25000000.000
4656,2046,-0.976562,25000000.000
4657,2044,-1.953125,25000000.000
4658,2042,-2.929688,25000000.000
4659,2042,-2.929688,25000000.000
4660,2041,-3.417969,25000000.000
4661,2039,-4.394531,25000000.000
4662,2039,-4.394531,25000000.000
4663,2038,-4.882812,25000000.000
4664,2038,-4.882812,25000000.000
4665,2038,-4.882812,25000000.000
4666,2036,-5.859375,25000000.000
4667,2037,-5.371094,25000000.000
4668,2037,-5.371094,25000000.000
4669,2038,-4.882812,25000000.000
4670,2039,-4.394531,25000000.000
4671,2040,-3.906250,25000000.000
4672,2041,-3.417969,25000000.000
4673,2042,-2.929688,25000000.000
4674,2044,-1.953125,25000000.000
4675,2044,-1.953125,25000000.000
4676,2047,-0.488281,25000000.000
4677,2049,0.488281,25000000.000
4678,2051,1.464844,25000000.000
4679,2050,0.976562,25000000.000
4680,2052,1.953125,25000000.000
4681,2054,2.929688,25000000.000
4682,2055,3.417969,25000000.000
4683,2054,2.929688,25000000.000
4684,2056,3.906250,25000000.000
4685,2058,4.882812,25000000.000
4686,2056,3.906250,25000000.000
4687,2057,4.394531,25000000.000
4688,2057,4.394531,25000000.000
4689,2056,3.906250,25000000.000
4690,2056,3.906250,25000000.000
4691,2055,3.417969,25000000.000
4692,2053,2.441406,25000000.000
4693,2052,1.953125,25000000.000
4694,2052,1.953125,25000000.000
4695,2051,1.464844,25000000.000
4696,2048,0.000000,25000000.000
4697,2046,-0.976562,25000000.000
4698,2045,-1.464844,25000000.000
4699,2045,-1.464844,25000000.000
4700,2042,-2.929688,25000000.000
4701,2042,-2.929688,25000000.000
4702,2040,-3.906250,25000000.000
4703,2039,-4.394531,25000000.000
4704,2039,-4.394531,25000000.000
4705,2038,-4.882812,25000000.000
4706,2037,-5.371094,25000000.000
4707,2039,-4.394531,25000000.000
4708,2039,-4.394531,25000000.000
4709,2038,-4.882812,25000000.000
4710,2039,-4.394531,25000000.000
4711,2040,-3.906250,25000000.000
4712,2041,-3.417969,25000000.000
4713,2042,-2.929688,25000000.000
4714,2045,-1.464844,25000000.000
4715,2044,-1.953125,25000000.000
4716,2046,-0.976562,25000000.000
4717,2048,0.000000,25000000.000
4718,2050,0.976562,25000000.000
4719,2050,0.976562,25000000.000
4720,2052,1.953125,25000000.000
4721,2052,1.953125,25000000.000
4722,2056,3.906250,25000000.000
4723,2055,3.417969,25000000.000
4724,2056,3.906250,25000000.000
4725,2057,4.394531,25000000.000
4726,2056,3.906250,25000000.000
4727,2055,3.417969,25000000.000
4728,2058,4.882812,25000000.000
4729,2058,4.882812,25000000.000
4730,2055,3.417969,25000000.000
4731,2055,3.417969,25000000.000
4732,2052,1.953125,25000000.000
4733,2052,1.953125,25000000.000
4734,2053,2.441406,25000000.000
4735,2050,0.976562,25000000.000
4736,2049,0.488281,25000000.000
4737,2041,-3.417969,25000000.000
4738,2046,-0.976562,25000000.000
4739,2046,-0.976562,25000000.000
4740,2042,-2.929688,25000000.000
4741,2040,-3.906250,25000000.000
4742,2041,-3.417969,25000000.000
4743,2038,-4.882812,25000000.000
4744,2038,-4.882812,25000000.000
4745,2037,-5.371094,25000000.000
4746,2038,-4.882812,25000000.000
4747,2037,-5.371094,25000000.000
4748,2037,-5.371094,25000000.000
4749,2038,-4.882812,25000000.000
4750,2038,-4.882812,25000000.000
4751,2038,-4.882812,25000000.000
4752,2040,-3.906250,25000000.000
4753,2043,-2.441406,25000000.000
4754,2042,-2.929688,25000000.000
4755,2043,-2.441406,25000000.000
4756,2045,-1.464844,25000000.000
4757,2046,-0.976562,25000000.000
4758,2049,0.488281,25000000.000
4759,2048,0.000000,25000000.000
4760,2052,1.953125,25000000.000
4761,2052,1.953125,25000000.000
4762,2054,2.929688,25000000.000
4763,2052,1.953125,25000000.000
4764,2056,3.906250,25000000.000
4765,2056,3.906250,25000000.000
4766,2055,3.417969,25000000.000
4767,2056,3.906250,25000000.000
4768,2057,4.394531,25000000.000
4769,2056,3.906250,25000000.000
4770,2054,2.929688,25000000.000
4771,2055,3.417969,25000000.000
4772,2054,2.929688,25000000.000
4773,2052,1.953125,25000000.000
4774,2051,1.464844,25000000.000
4775,2051,1.464844,25000000.000
4776,2050,0.976562,25000000.000
4777,2049,0.488281,25000000.000
4778,2047,-0.488281,25000000.000
4779,2046,-0.976562,25000000.000
4780,2044,-1.953125,25000000.000
4781,2040,-3.906250,25000000.000
4782,2040,-3.906250,25000000.000
4783,2041,-3.417969,25000000.000
4784,2040,-3.906250,25000000.000
4785,2035,-6.347656,25000000.000
4786,2038,-4.882812,25000000.000
4787,2035,-6.347656,25000000.000
4788,2035,-6.347656,25000000.000
4789,2037,-5.371094,25000000.000
4790,2038,-4.882812,25000000.000
4791,2037,-5.371094,25000000.000
4792,2039,-4.394531,25000000.000
4793,2040,-3.906250,25000000.000
4794,2041,-3.417969,25000000.000
4795,2040,-3.906250,25000000.000
4796,2044,-1.953125,25000000.000
4797,2046,-0.976562,25000000.000
4798,2046,-0.976562,25000000.000
4799,2047,-0.488281,25000000.000
4800,2048,0.000000,25000000.000
4801,2052,1.953125,25000000.000
4802,2051,1.464844,25000000.000
4803,2051,1.464844,25000000.000
4804,2053,2.441406,25000000.000
4805,2054,2.929688,25000000.000
4806,2056,3.906250,25000000.000
4807,2055,3.417969,25000000.000
4808,2055,3.417969,25000000.000
4809,2054,2.929688,25000000.000
4810,2055,3.417969,25000000.000
4811,2055,3.417969,25000000.000
4812,2052,1.953125,25000000.000
4813,2052,1.953125,25000000.000
4814,2053,2.441406,25000000.000
4815,2053,2.441406,25000000.000
4816,2049,0.488281,25000000.000
4817,2049,0.488281,25000000.000
4818,2047,-0.488281,25000000.000
4819,2048,0.000000,25000000.000
4820,2045,-1.464844,25000000.000
4821,2045,-1.464844,25000000.000
4822,2043,-2.441406,25000000.000
4823,2044,-1.953125,25000000.000
4824,2040,-3.906250,25000000.000
4825,2040,-3.906250,25000000.000
4826,2039,-4.394531,25000000.000
4827,2039,-4.394531,25000000.000
4828,2044,-1.953125,25000000.000
4829,2038,-4.882812,25000000.000
4830,2038,-4.882812,25000000.000
4831,2039,-4.394531,25000000.000
4832,2040,-3.906250,25000000.000
4833,2041,-3.417969,25000000.000
4834,2039,-4.394531,25000000.000
4835,2042,-2.929688,25000000.000
4836,2042,-2.929688,25000000.000
4837,2044,-1.953125,25000000.000
4838,2046,-0.976562,25000000.000
4839,2047,-0.488281,25000000.000
4840,2048,0.000000,25000000.000
4841,2048,0.000000,25000000.000
4842,2050,0.976562,25000000.000
4843,2051,1.464844,25000000.000
4844,2052,1.953125,25000000.000
4845,2051,1.464844,25000000.000
4846,2053,2.441406,25000000.000
4847,2053,2.441406,25000000.000
4848,2055,3.417969,25000000.000
4849,2054,2.929688,25000000.000
4850,2055,3.417969,25000000.000
4851,2054,2.929688,25000000.000
4852,2054,2.929688,25000000.000
4853,2054,2.929688,25000000.000
4854,2053,2.441406,25000000.000
4855,2053,2.441406,25000000.000
4856,2051,1.464844,25000000.000
4857,2050,0.976562,25000000.000
4858,2050,0.976562,25000000.000
4859,2049,0.488281,25000000.000
4860,2047,-0.488281,25000000.000
4861,2046,-0.976562,25000000.000
4862,2045,-1.464844,25000000.000
4863,2043,-2.441406,25000000.000
4864,2043,-2.441406,25000000.000
4865,2041,-3.417969,25000000.000
4866,2039,-4.394531,25000000.000
4867,2040,-3.906250,25000000.000
4868,2040,-3.906250,25000000.000
4869,2040,-3.906250,25000000.000
4870,2039,-4.394531,25000000.000
4871,2039,-4.394531,25000000.000
4872,2040,-3.906250,25000000.000
4873,2038,-4.882812,25000000.000
4874,2041,-3.417969,25000000.000
4875,2043,-2.441406,25000000.000
4876,2043,-2.441406,25000000.000
4877,2042,-2.929688,25000000.000
4878,2044,-1.953125,25000000.000
4879,2045,-1.464844,25000000.000
4880,2046,-0.976562,25000000.000
4881,2047,-0.488281,25000000.000
4882,2049,0.488281,25000000.000
4883,2048,0.000000,25000000.000
4884,2051,1.464844,25000000.000
4885,2052,1.953125,25000000.000
4886,2053,2.441406,25000000.000
4887,2052,1.953125,25000000.000
4888,2053,2.441406,25000000.000
4889,2055,3.417969,25000000.000
4890,2056,3.906250,25000000.000
4891,2055,3.417969,25000000.000
4892,2054,2.929688,25000000.000
4893,2055,3.417969,25000000.000
4894,2055,3.417969,25000000.000
4895,2054,2.929688,25000000.000
4896,2053,2.441406,25000000.000
4897,2052,1.953125,25000000.000
4898,2050,0.976562,25000000.000
4899,2051,1.464844,25000000.000
4900,2048,0.000000,25000000.000
4901,2047,-0.488281,25000000.000
4902,2046,-0.976562,25000000.000
4903,2047,-0.488281,25000000.000
4904,2043,-2.441406,25000000.000
4905,2043,-2.441406,25000000.000
4906,2042,-2.929688,25000000.000
4907,2042,-2.929688,25000000.000
4908,2041,-3.417969,25000000.000
4909,2040,-3.906250,25000000.000
4910,2039,-4.394531,25000000.000
4911,2040,-3.906250,25000000.000
4912,2039,-4.394531,25000000.000
4913,2039,-4.394531,25000000.000
4914,2041,-3.417969,25000000.000
4915,2040,-3.906250,25000000.000
4916,2041,-3.417969,25000000.000
4917,2043,-2.441406,25000000.000
4918,2042,-2.929688,25000000.000
4919,2044,-1.953125,25000000.000
4920,2045,-1.464844,25000000.000
4921,2047,-0.488281,25000000.000
4922,2048,0.000000,25000000.000
4923,2048,0.000000,25000000.000
4924,2050,0.976562,25000000.000
4925,2051,1.464844,25000000.000
4926,2051,1.464844,25000000.000
4927,2052,1.953125,25000000.000
4928,2054,2.929688,25000000.000
4929,2054,2.929688,25000000.000
4930,2053,2.441406,25000000.000
4931,2055,3.417969,25000000.000
4932,2055,3.417969,25000000.000
4933,2055,3.417969,25000000.000
4934,2053,2.441406,25000000.000
4935,2054,2.929688,25000000.000
4936,2054,2.929688,25000000.000
4937,2053,2.441406,25000000.000
4938,2051,1.464844,25000000.000
4939,2051,1.464844,25000000.000
4940,2052,1.953125,25000000.000
4941,2048,0.000000,25000000.000
4942,2047,-0.488281,25000000.000
4943,2047,-0.488281,25000000.000
4944,2046,-0.976562,25000000.000
4945,2045,-1.464844,25000000.000
4946,2045,-1.464844,25000000.000
4947,2043,-2.441406,25000000.000
4948,2042,-2.929688,25000000.000
4949,2042,-2.929688,25000000.000
4950,2040,-3.906250,25000000.000
4951,2038,-4.882812,25000000.000
4952,2039,-4.394531,25000000.000
4953,2046,-0.976562,25000000.000
4954,2039,-4.394531,25000000.000
4955,2039,-4.394531,25000000.000
4956,2041,-3.417969,25000000.000
4957,2043,-2.441406,25000000.000
4958,2043,-2.441406,25000000.000
4959,2043,-2.441406,25000000.000
4960,2044,-1.953125,25000000.000
4961,2045,-1.464844,25000000.000
4962,2046,-0.976562,25000000.000
4963,2045,-1.464844,25000000.000
4964,2048,0.000000,25000000.000
4965,2050,0.976562,25000000.000
4966,2049,0.488281,25000000.000
4967,2049,0.488281,25000000.000
4968,2051,1.464844,25000000.000
4969,2053,2.441406,25000000.000
4970,2053,2.441406,25000000.000
4971,2053,2.441406,25000000.000
4972,2053,2.441406,25000000.000
4973,2053,2.441406,25000000.000
4974,2054,2.929688,25000000.000
4975,2053,2.441406,25000000.000
4976,2054,2.929688,25000000.000
4977,2053,2.441406,25000000.000
4978,2054,2.929688,25000000.000
4979,2053,2.441406,25000000.000
4980,2050,0.976562,25000000.000
4981,2049,0.488281,25000000.000
4982,2049,0.488281,25000000.000
4983,2049,0.488281,25000000.000
4984,2045,-1.464844,25000000.000
4985,2046,-0.976562,25000000.000
4986,2044,-1.953125,25000000.000
4987,2045,-1.464844,25000000.000
4988,2043,-2.441406,25000000.000
4989,2042,-2.929688,25000000.000
4990,2042,-2.929688,25000000.000
4991,2041,-3.417969,25000000.000
4992,2039,-4.394531,25000000.000
4993,2041,-3.417969,25000000.000
4994,2040,-3.906250,25000000.000
4995,2038,-4.882812,25000000.000
4996,2040,-3.906250,25000000.000
4997,2040,-3.906250,25000000.000
4998,2041,-3.417969,25000000.000
4999,2040,-3.906250,25000000.000
5000,2043,-2.441406,25000000.000
5001,2042,-2.929688,25000000.000
5002,2044,-1.953125,25000000.000
5003,2043,-2.441406,25000000.000
5004,2046,-0.976562,25000000.000
5005,2047,-0.488281,25000000.000
5006,2049,0.488281,25000000.000
5007,2047,-0.488281,25000000.000
5008,2051,1.464844,25000000.000
5009,2051,1.464844,25000000.000
5010,2052,1.953125,25000000.000
5011,2052,1.953125,25000000.000
5012,2053,2.441406,25000000.000
5013,2054,2.929688,25000000.000
5014,2055,3.417969,25000000.000
5015,2054,2.929688,25000000.000
5016,2052,1.953125,25000000.000
5017,2055,3.417969,25000000.000
5018,2054,2.929688,25000000.000
5019,2051,1.464844,25000000.000
5020,2048,0.000000,25000000.000
5021,2048,0.000000,25000000.000
5022,2053,2.441406,25000000.000
5023,2048,0.000000,25000000.000
5024,2049,0.488281,25000000.000
5025,2046,-0.976562,25000000.000
5026,2046,-0.976562,25000000.000
5027,2045,-1.464844,25000000.000
5028,2044,-1.953125,25000000.000
5029,2044,-1.953125,25000000.000
5030,2040,-3.906250,25000000.000
5031,2041,-3.417969,25000000.000
5032,2040,-3.906250,25000000.000
5033,2041,-3.417969,25000000.000
5034,2039,-4.394531,25000000.000
5035,2040,-3.906250,25000000.000
5036,2039,-4.394531,25000000.000
5037,2039,-4.394531,25000000.000
5038,2040,-3.906250,25000000.000
5039,2040,-3.906250,25000000.000
5040,2042,-2.929688,25000000.000
5041,2041,-3.417969,25000000.000
5042,2043,-2.441406,25000000.000
5043,2042,-2.929688,25000000.000
5044,2044,-1.953125,25000000.000
5045,2045,-1.464844,25000000.000
5046,2047,-0.488281,25000000.000
5047,2048,0.000000,25000000.000
5048,2047,-0.488281,25000000.000
5049,2053,2.441406,25000000.000
5050,2049,0.488281,25000000.000
5051,2053,2.441406,25000000.000
5052,2049,0.488281,25000000.000
5053,2055,3.417969,25000000.000
5054,2051,1.464844,25000000.000
5055,2052,1.953125,25000000.000
5056,2054,2.929688,25000000.000
5057,2054,2.929688,25000000.000
5058,2053,2.441406,25000000.000
5059,2052,1.953125,25000000.000
5060,2052,1.953125,25000000.000
5061,2051,1.464844,25000000.000
5062,2050,0.976562,25000000.000
5063,2050,0.976562,25000000.000
5064,2049,0.488281,25000000.000
5065,2048,0.000000,25000000.000
5066,2045,-1.464844,25000000.000
5067,2045,-1.464844,25000000.000
5068,2045,-1.464844,25000000.000
5069,2043,-2.441406,25000000.000
5070,2041,-3.417969,25000000.000
5071,2043,-2.441406,25000000.000
5072,2040,-3.906250,25000000.000
5073,2040,-3.906250,25000000.000
5074,2040,-3.906250,25000000.000
5075,2040,-3.906250,25000000.000
5076,2039,-4.394531,25000000.000
5077,2039,-4.394531,25000000.000
5078,2040,-3.906250,25000000.000
5079,2039,-4.394531,25000000.000
5080,2039,-4.394531,25000000.000
5081,2040,-3.906250,25000000.000
5082,2042,-2.929688,25000000.000
5083,2041,-3.417969,25000000.000
5084,2043,-2.441406,25000000.000
5085,2045,-1.464844,25000000.000
5086,2046,-0.976562,25000000.000
5087,2046,-0.976562,25000000.000
5088,2049,0.488281,25000000.000
5089,2050,0.976562,25000000.000
5090,2051,1.464844,25000000.000
5091,2050,0.976562,25000000.000
5092,2053,2.441406,25000000.000
5093,2053,2.441406,25000000.000
5094,2054,2.929688,25000000.000
5095,2054,2.929688,25000000.000
5096,2055,3.417969,25000000.000
5097,2056,3.906250,25000000.000
5098,2054,2.929688,25000000.000
5099,2055,3.417969,25000000.000
5100,2055,3.417969,25000000.000
5101,2055,3.417969,25000000.000
5102,2052,1.953125,25000000.000
5103,2053,2.441406,25000000.000
5104,2050,0.976562,25000000.000
5105,2051,1.464844,25000000.000
5106,2051,1.464844,25000000.000
5107,2050,0.976562,25000000.000
5108,2048,0.000000,25000000.000
5109,2046,-0.976562,25000000.000
5110,2046,-0.976562,25000000.000
5111,2044,-1.953125,25000000.000
5112,2043,-2.441406,25000000.000
5113,2043,-2.441406,25000000.000
5114,2042,-2.929688,25000000.000
5115,2041,-3.417969,25000000.000
5116,2041,-3.417969,25000000.000
5117,2040,-3.906250,25000000.000
5118,2040,-3.906250,25000000.000
5119,2040,-3.906250,25000000.000
5120,2042,-2.929688,25000000.000
5121,2043,-2.441406,25000000.000
5122,2043,-2.441406,25000000.000
5123,2043,-2.441406,25000000.000
5124,2044,-1.953125,25000000.000
5125,2045,-1.464844,25000000.000
5126,2044,-1.953125,25000000.000
5127,2045,-1.464844,25000000.000
5128,2048,0.000000,25000000.000
5129,2048,0.000000,25000000.000
5130,2048,0.000000,25000000.000
5131,2047,-0.488281,25000000.000
5132,2052,1.953125,25000000.000
5133,2050,0.976562,25000000.000
5134,2052,1.953125,25000000.000
5135,2052,1.953125,25000000.000
5136,2054,2.929688,25000000.000
5137,2055,3.417969,25000000.000
5138,2054,2.929688,25000000.000
5139,2055,3.417969,25000000.000
5140,2054,2.929688,25000000.000
5141,2054,2.929688,25000000.000
5142,2053,2.441406,25000000.000
5143,2054,2.929688,25000000.000
5144,2051,1.464844,25000000.000
5145,2051,1.464844,25000000.000
5146,2051,1.464844,25000000.000
5147,2050,0.976562,25000000.000
5148,2047,-0.488281,25000000.000
5149,2047,-0.488281,25000000.000
5150,2047,-0.488281,25000000.000
5151,2045,-1.464844,25000000.000
5152,2044,-1.953125,25000000.000
5153,2043,-2.441406,25000000.000
5154,2042,-2.929688,25000000.000
5155,2043,-2.441406,25000000.000
5156,2041,-3.417969,25000000.000
5157,2040,-3.906250,25000000.000
5158,2041,-3.417969,25000000.000
5159,2039,-4.394531,25000000.000
5160,2040,-3.906250,25000000.000
5161,2040,-3.906250,25000000.000
5162,2040,-3.906250,25000000.000
5163,2040,-3.906250,25000000.000
5164,2043,-2.441406,25000000.000
5165,2042,-2.929688,25000000.000
5166,2042,-2.929688,25000000.000
5167,2043,-2.441406,25000000.000
5168,2045,-1.464844,25000000.000
5169,2046,-0.976562,25000000.000
5170,2047,-0.488281,25000000.000
5171,2047,-0.488281,25000000.000
5172,2049,0.488281,25000000.000
5173,2049,0.488281,25000000.000
5174,2052,1.953125,25000000.000
5175,2054,2.929688,25000000.000
5176,2052,1.953125,25000000.000
5177,2051,1.464844,25000000.000
5178,2055,3.417969,25000000.000
5179,2052,1.953125,25000000.000
5180,2052,1.953125,25000000.000
5181,2053,2.441406,25000000.000
5182,2051,1.464844,25000000.000
5183,2053,2.441406,25000000.000
5184,2051,1.464844,25000000.000
5185,2051,1.464844,25000000.000
5186,2049,0.488281,25000000.000
5187,2050,0.976562,25000000.000
5188,2048,0.000000,25000000.000
5189,2047,-0.488281,25000000.000
5190,2048,0.000000,25000000.000
5191,2046,-0.976562,25000000.000
5192,2045,-1.464844,25000000.000
5193,2043,-2.441406,25000000.000
5194,2042,-2.929688,25000000.000
5195,2041,-3.417969,25000000.000
5196,2041,-3.417969,25000000.000
5197,2040,-3.906250,25000000.000
5198,2040,-3.906250,25000000.000
5199,2039,-4.394531,25000000.000
5200,2040,-3.906250,25000000.000
5201,2040,-3.906250,25000000.000
5202,2040,-3.906250,25000000.000
5203,2040,-3.906250,25000000.000
5204,2041,-3.417969,25000000.000
5205,2041,-3.417969,25000000.000
5206,2042,-2.929688,25000000.000
5207,2042,-2.929688,25000000.000
5208,2043,-2.441406,25000000.000
5209,2044,-1.953125,25000000.000
5210,2045,-1.464844,25000000.000
5211,2046,-0.976562,25000000.000
5212,2048,0.000000,25000000.000
5213,2050,0.976562,25000000.000
5214,2051,1.464844,25000000.000
5215,2050,0.976562,25000000.000
5216,2050,0.976562,25000000.000
5217,2055,3.417969,25000000.000
5218,2046,-0.976562,25000000.000
5219,2052,1.953125,25000000.000
5220,2054,2.929688,25000000.000
5221,2053,2.441406,25000000.000
5222,2052,1.953125,25000000.000
5223,2053,2.441406,25000000.000
5224,2052,1.953125,25000000.000
5225,2052,1.953125,25000000.000
5226,2051,1.464844,25000000.000
5227,2051,1.464844,25000000.000
5228,2051,1.464844,25000000.000
5229,2048,0.000000,25000000.000
5230,2045,-1.464844,25000000.000
5231,2046,-0.976562,25000000.000
5232,2046,-0.976562,25000000.000
5233,2044,-1.953125,25000000.000
5234,2042,-2.929688,25000000.000
5235,2044,-1.953125,25000000.000
5236,2042,-2.929688,25000000.000
5237,2040,-3.906250,25000000.000
5238,2041,-3.417969,25000000.000
5239,2041,-3.417969,25000000.000
5240,2040,-3.906250,25000000.000
5241,2040,-3.906250,25000000.000
5242,2040,-3.906250,25000000.000
5243,2040,-3.906250,25000000.000
5244,2041,-3.417969,25000000.000
5245,2041,-3.417969,25000000.000
5246,2041,-3.417969,25000000.000
5247,2041,-3.417969,25000000.000
5248,2041,-3.417969,25000000.000
5249,2044,-1.953125,25000000.000
5250,2045,-1.464844,25000000.000
5251,2043,-2.441406,25000000.000
5252,2045,-1.464844,25000000.000
5253,2050,0.976562,25000000.000
5254,2050,0.976562,25000000.000
5255,2050,0.976562,25000000.000
5256,2051,1.464844,25000000.000
5257,2052,1.953125,25000000.000
5258,2055,3.417969,25000000.000
5259,2054,2.929688,25000000.000
5260,2055,3.417969,25000000.000
5261,2054,2.929688,25000000.000
5262,2052,1.953125,25000000.000
5263,2054,2.929688,25000000.000
5264,2054,2.929688,25000000.000
5265,2053,2.441406,25000000.000
5266,2052,1.953125,25000000.000
5267,2051,1.464844,25000000.000
5268,2049,0.488281,25000000.000
5269,2050,0.976562,25000000.000
5270,2048,0.000000,25000000.000
5271,2049,0.488281,25000000.000
5272,2049,0.488281,25000000.000
5273,2045,-1.464844,25000000.000
5274,2044,-1.953125,25000000.000
5275,2045,-1.464844,25000000.000
5276,2043,-2.441406,25000000.000
5277,2042,-2.929688,25000000.000
5278,2043,-2.441406,25000000.000
5279,2042,-2.929688,25000000.000
5280,2041,-3.417969,25000000.000
5281,2040,-3.906250,25000000.000
5282,2041,-3.417969,25000000.000
5283,2040,-3.906250,25000000.000
5284,2041,-3.417969,25000000.000
5285,2042,-2.929688,25000000.000
5286,2042,-2.929688,25000000.000
5287,2042,-2.929688,25000000.000
5288,2044,-1.953125,25000000.000
5289,2045,-1.464844,25000000.000
5290,2046,-0.976562,25000000.000
5291,2045,-1.464844,25000000.000
5292,2048,0.000000,25000000.000
5293,2048,0.000000,25000000.000
5294,2048,0.000000,25000000.000
5295,2048,0.000000,25000000.000
5296,2052,1.953125,25000000.000
5297,2051,1.464844,25000000.000
5298,2051,1.464844,25000000.000
5299,2052,1.953125,25000000.000
5300,2052,1.953125,25000000.000
5301,2054,2.929688,25000000.000
5302,2052,1.953125,25000000.000
5303,2053,2.441406,25000000.000
5304,2054,2.929688,25000000.000
5305,2053,2.441406,25000000.000
5306,2052,1.953125,25000000.000
5307,2053,2.441406,25000000.000
5308,2051,1.464844,25000000.000
5309,2050,0.976562,25000000.000
5310,2050,0.976562,25000000.000
5311,2049,0.488281,25000000.000
5312,2047,-0.488281,25000000.000
5313,2048,0.000000,25000000.000
5314,2045,-1.464844,25000000.000
5315,2045,-1.464844,25000000.000
5316,2044,-1.953125,25000000.000
5317,2043,-2.441406,25000000.000
5318,2043,-2.441406,25000000.000
5319,2043,-2.441406,25000000.000
5320,2042,-2.929688,25000000.000
5321,2042,-2.929688,25000000.000
5322,2040,-3.906250,25000000.000
5323,2041,-3.417969,25000000.000
5324,2041,-3.417969,25000000.000
5325,2042,-2.929688,25000000.000
5326,2041,-3.417969,25000000.000
5327,2042,-2.929688,25000000.000
5328,2045,-1.464844,25000000.000
5329,2044,-1.953125,25000000.000
5330,2042,-2.929688,25000000.000
5331,2043,-2.441406,25000000.000
5332,2046,-0.976562,25000000.000
5333,2046,-0.976562,25000000.000
5334,2048,0.000000,25000000.000
5335,2049,0.488281,25000000.000
5336,2049,0.488281,25000000.000
5337,2051,1.464844,25000000.000
5338,2051,1.464844,25000000.000
5339,2051,1.464844,25000000.000
5340,2054,2.929688,25000000.000
5341,2053,2.441406,25000000.000
5342,2054,2.929688,25000000.000
5343,2054,2.929688,25000000.000
5344,2052,1.953125,25000000.000
5345,2052,1.953125,25000000.000
5346,2053,2.441406,25000000.000
5347,2052,1.953125,25000000.000
5348,2051,1.464844,25000000.000
5349,2052,1.953125,25000000.000
5350,2051,1.464844,25000000.000
5351,2050,0.976562,25000000.000
5352,2048,0.000000,25000000.000
5353,2049,0.488281,25000000.000
5354,2047,-0.488281,25000000.000
5355,2046,-0.976562,25000000.000
5356,2045,-1.464844,25000000.000
5357,2044,-1.953125,25000000.000
5358,2044,-1.953125,25000000.000
5359,2041,-3.417969,25000000.000
5360,2042,-2.929688,25000000.000
5361,2041,-3.417969,25000000.000
5362,2040,-3.906250,25000000.000
5363,2040,-3.906250,25000000.000
5364,2041,-3.417969,25000000.000
5365,2041,-3.417969,25000000.000
5366,2041,-3.417969,25000000.000
5367,2040,-3.906250,25000000.000
5368,2043,-2.441406,25000000.000
5369,2041,-3.417969,25000000.000
5370,2042,-2.929688,25000000.000
5371,2043,-2.441406,25000000.000
5372,2045,-1.464844,25000000.000
5373,2045,-1.464844,25000000.000
5374,2048,0.000000,25000000.000
5375,2046,-0.976562,25000000.000
5376,2048,0.000000,25000000.000
5377,2050,0.976562,25000000.000
5378,2049,0.488281,25000000.000
5379,2052,1.953125,25000000.000
5380,2050,0.976562,25000000.000
5381,2055,3.417969,25000000.000
5382,2056,3.906250,25000000.000
5383,2049,0.488281,25000000.000
5384,2051,1.464844,25000000.000
5385,2053,2.441406,25000000.000
5386,2052,1.953125,25000000.000
5387,2054,2.929688,25000000.000
5388,2052,1.953125,25000000.000
5389,2052,1.953125,25000000.000
5390,2052,1.953125,25000000.000
5391,2051,1.464844,25000000.000
5392,2049,0.488281,25000000.000
5393,2048,0.000000,25000000.000
5394,2049,0.488281,25000000.000
5395,2047,-0.488281,25000000.000
5396,2047,-0.488281,25000000.000
5397,2045,-1.464844,25000000.000
5398,2043,-2.441406,25000000.000
5399,2044,-1.953125,25000000.000
5400,2043,-2.441406,25000000.000
5401,2042,-2.929688,25000000.000
5402,2042,-2.929688,25000000.000
5403,2043,-2.441406,25000000.000
5404,2041,-3.417969,25000000.000
5405,2040,-3.906250,25000000.000
5406,2042,-2.929688,25000000.000
5407,2041,-3.417969,25000000.000
5408,2041,-3.417969,25000000.000
5409,2040,-3.906250,25000000.000
5410,2044,-1.953125,25000000.000
5411,2043,-2.441406,25000000.000
5412,2043,-2.441406,25000000.000
5413,2044,-1.953125,25000000.000
5414,2044,-1.953125,25000000.000
5415,2043,-2.441406,25000000.000
5416,2047,-0.488281,25000000.000
5417,2048,0.000000,25000000.000
5418,2048,0.000000,25000000.000
5419,2049,0.488281,25000000.000
5420,2050,0.976562,25000000.000
5421,2051,1.464844,25000000.000
5422,2051,1.464844,25000000.000
5423,2051,1.464844,25000000.000
5424,2053,2.441406,25000000.000
5425,2052,1.953125,25000000.000
5426,2051,1.464844,25000000.000
5427,2051,1.464844,25000000.000
5428,2054,2.929688,25000000.000
5429,2050,0.976562,25000000.000
5430,2049,0.488281,25000000.000
5431,2051,1.464844,25000000.000
5432,2050,0.976562,25000000.000
5433,2047,-0.488281,25000000.000
5434,2046,-0.976562,25000000.000
5435,2046,-0.976562,25000000.000
5436,2048,0.000000,25000000.000
5437,2046,-0.976562,25000000.000
5438,2046,-0.976562,25000000.000
5439,2045,-1.464844,25000000.000
5440,2044,-1.953125,25000000.000
5441,2043,-2.441406,25000000.000
5442,2043,-2.441406,25000000.000
5443,2044,-1.953125,25000000.000
5444,2042,-2.929688,25000000.000
5445,2041,-3.417969,25000000.000
5446,2043,-2.441406,25000000.000
5447,2041,-3.417969,25000000.000
5448,2041,-3.417969,25000000.000
5449,2041,-3.417969,25000000.000
5450,2043,-2.441406,25000000.000
5451,2043,-2.441406,25000000.000
5452,2045,-1.464844,25000000.000
5453,2044,-1.953125,25000000.000
5454,2045,-1.464844,25000000.000
5455,2044,-1.953125,25000000.000
5456,2046,-0.976562,25000000.000
5457,2047,-0.488281,25000000.000
5458,2049,0.488281,25000000.000
5459,2047,-0.488281,25000000.000
5460,2049,0.488281,25000000.000
5461,2049,0.488281,25000000.000
5462,2051,1.464844,25000000.000
5463,2050,0.976562,25000000.000
5464,2052,1.953125,25000000.000
5465,2052,1.953125,25000000.000
5466,2051,1.464844,25000000.000
5467,2052,1.953125,25000000.000
5468,2053,2.441406,25000000.000
5469,2052,1.953125,25000000.000
5470,2052,1.953125,25000000.000
5471,2051,1.464844,25000000.000
5472,2053,2.441406,25000000.000
5473,2050,0.976562,25000000.000
5474,2049,0.488281,25000000.000
5475,2049,0.488281,25000000.000
5476,2049,0.488281,25000000.000
5477,2049,0.488281,25000000.000
5478,2048,0.000000,25000000.000
5479,2047,-0.488281,25000000.000
5480,2045,-1.464844,25000000.000
5481,2045,-1.464844,25000000.000
5482,2045,-1.464844,25000000.000
5483,2045,-1.464844,25000000.000
5484,2043,-2.441406,25000000.000
5485,2043,-2.441406,25000000.000
5486,2042,-2.929688,25000000.000
5487,2043,-2.441406,25000000.000
5488,2042,-2.929688,25000000.000
5489,2043,-2.441406,25000000.000
5490,2042,-2.929688,25000000.000
5491,2042,-2.929688,25000000.000
5492,2043,-2.441406,25000000.000
5493,2043,-2.441406,25000000.000
5494,2044,-1.953125,25000000.000
5495,2043,-2.441406,25000000.000
5496,2045,-1.464844,25000000.000
5497,2046,-0.976562,25000000.000
5498,2045,-1.464844,25000000.000
5499,2047,-0.488281,25000000.000
5500,2049,0.488281,25000000.000
5501,2049,0.488281,25000000.000
5502,2048,0.000000,25000000.000
5503,2050,0.976562,25000000.000
5504,2052,1.953125,25000000.000
5505,2051,1.464844,25000000.000
5506,2052,1.953125,25000000.000
5507,2053,2.441406,25000000.000
5508,2054,2.929688,25000000.000
5509,2052,1.953125,25000000.000
5510,2053,2.441406,25000000.000
5511,2053,2.441406,25000000.000
5512,2052,1.953125,25000000.000
5513,2051,1.464844,25000000.000
5514,2051,1.464844,25000000.000
5515,2049,0.488281,25000000.000
5516,2050,0.976562,25000000.000
5517,2050,0.976562,25000000.000
5518,2048,0.000000,25000000.000
5519,2048,0.000000,25000000.000
5520,2056,3.906250,25000000.000
5521,2052,1.953125,25000000.000
5522,2043,-2.441406,25000000.000
5523,2046,-0.976562,25000000.000
5524,2043,-2.441406,25000000.000
5525,2042,-2.929688,25000000.000
5526,2042,-2.929688,25000000.000
5527,2042,-2.929688,25000000.000
5528,2042,-2.929688,25000000.000
5529,2041,-3.417969,25000000.000
5530,2041,-3.417969,25000000.000
5531,2042,-2.929688,25000000.000
5532,2042,-2.929688,25000000.000
5533,2044,-1.953125,25000000.000
5534,2043,-2.441406,25000000.000
5535,2043,-2.441406,25000000.000
5536,2044,-1.953125,25000000.000
5537,2045,-1.464844,25000000.000
5538,2046,-0.976562,25000000.000
5539,2048,0.000000,25000000.000
5540,2047,-0.488281,25000000.000
5541,2048,0.000000,25000000.000
5542,2048,0.000000,25000000.000
5543,2048,0.000000,25000000.000
5544,2052,1.953125,25000000.000
5545,2050,0.976562,25000000.000
5546,2051,1.464844,25000000.000
5547,2051,1.464844,25000000.000
5548,2050,0.976562,25000000.000
5549,2053,2.441406,25000000.000
5550,2052,1.953125,25000000.000
5551,2052,1.953125,25000000.000
5552,2051,1.464844,25000000.000
5553,2051,1.464844,25000000.000
5554,2050,0.976562,25000000.000
5555,2050,0.976562,25000000.000
5556,2050,0.976562,25000000.000
5557,2049,0.488281,25000000.000
5558,2047,-0.488281,25000000.000
5559,2047,-0.488281,25000000.000
5560,2047,-0.488281,25000000.000
5561,2045,-1.464844,25000000.000
5562,2044,-1.953125,25000000.000
5563,2044,-1.953125,25000000.000
5564,2042,-2.929688,25000000.000
5565,2040,-3.906250,25000000.000
5566,2044,-1.953125,25000000.000
5567,2045,-1.464844,25000000.000
5568,2038,-4.882812,25000000.000
5569,2041,-3.417969,25000000.000
5570,2040,-3.906250,25000000.000
5571,2041,-3.417969,25000000.000
5572,2039,-4.394531,25000000.000
5573,2041,-3.417969,25000000.000
5574,2041,-3.417969,25000000.000
5575,2042,-2.929688,25000000.000
5576,2041,-3.417969,25000000.000
5577,2042,-2.929688,25000000.000
5578,2045,-1.464844,25000000.000
5579,2043,-2.441406,25000000.000
5580,2045,-1.464844,25000000.000
5581,2045,-1.464844,25000000.000
5582,2047,-0.488281,25000000.000
5583,2047,-0.488281,25000000.000
5584,2048,0.000000,25000000.000
5585,2050,0.976562,25000000.000
5586,2051,1.464844,25000000.000
5587,2050,0.976562,25000000.000
5588,2053,2.441406,25000000.000
5589,2052,1.953125,25000000.000
5590,2053,2.441406,25000000.000
5591,2052,1.953125,25000000.000
5592,2052,1.953125,25000000.000
5593,2052,1.953125,25000000.000
5594,2053,2.441406,25000000.000
5595,2052,1.953125,25000000.000
5596,2052,1.953125,25000000.000
5597,2051,1.464844,25000000.000
5598,2050,0.976562,25000000.000
5599,2050,0.976562,25000000.000
5600,2050,0.976562,25000000.000
5601,2047,-0.488281,25000000.000
5602,2046,-0.976562,25000000.000
5603,2046,-0.976562,25000000.000
5604,2045,-1.464844,25000000.000
5605,2042,-2.929688,25000000.000
5606,2043,-2.441406,25000000.000
5607,2044,-1.953125,25000000.000
5608,2041,-3.417969,25000000.000
5609,2041,-3.417969,25000000.000
5610,2041,-3.417969,25000000.000
5611,2041,-3.417969,25000000.000
5612,2041,-3.417969,25000000.000
5613,2041,-3.417969,25000000.000
5614,2041,-3.417969,25000000.000
5615,2041,-3.417969,25000000.000
5616,2042,-2.929688,25000000.000
5617,2044,-1.953125,25000000.000
5618,2042,-2.929688,25000000.000
5619,2043,-2.441406,25000000.000
5620,2045,-1.464844,25000000.000
5621,2047,-0.488281,25000000.000
5622,2048,0.000000,25000000.000
5623,2047,-0.488281,25000000.000
5624,2050,0.976562,25000000.000
5625,2049,0.488281,25000000.000
5626,2052,1.953125,25000000.000
5627,2050,0.976562,25000000.000
5628,2053,2.441406,25000000.000
5629,2053,2.441406,25000000.000
5630,2052,1.953125,25000000.000
5631,2052,1.953125,25000000.000
5632,2054,2.929688,25000000.000
5633,2056,3.906250,25000000.000
5634,2052,1.953125,25000000.000
5635,2053,2.441406,25000000.000
5636,2052,1.953125,25000000.000
5637,2053,2.441406,25000000.000
5638,2051,1.464844,25000000.000
5639,2052,1.953125,25000000.000
5640,2050,0.976562,25000000.000
5641,2048,0.000000,25000000.000
5642,2050,0.976562,25000000.000
5643,2048,0.000000,25000000.000
5644,2047,-0.488281,25000000.000
5645,2046,-0.976562,25000000.000
5646,2046,-0.976562,25000000.000
5647,2044,-1.953125,25000000.000
5648,2042,-2.929688,25000000.000
5649,2043,-2.441406,25000000.000
5650,2042,-2.929688,25000000.000
5651,2041,-3.417969,25000000.000
5652,2041,-3.417969,25000000.000
5653,2042,-2.929688,25000000.000
5654,2041,-3.417969,25000000.000
5655,2043,-2.441406,25000000.000
5656,2040,-3.906250,25000000.000
5657,2042,-2.929688,25000000.000
5658,2042,-2.929688,25000000.000
5659,2041,-3.417969,25000000.000
5660,2044,-1.953125,25000000.000
5661,2044,-1.953125,25000000.000
5662,2045,-1.464844,25000000.000
5663,2045,-1.464844,25000000.000
5664,2046,-0.976562,25000000.000
5665,2049,0.488281,25000000.000
5666,2049,0.488281,25000000.000
5667,2048,0.000000,25000000.000
5668,2050,0.976562,25000000.000
5669,2051,1.464844,25000000.000
5670,2054,2.929688,25000000.000
5671,2054,2.929688,25000000.000
5672,2053,2.441406,25000000.000
5673,2052,1.953125,25000000.000
5674,2054,2.929688,25000000.000
5675,2055,3.417969,25000000.000
5676,2054,2.929688,25000000.000
5677,2054,2.929688,25000000.000
5678,2052,1.953125,25000000.000
5679,2053,2.441406,25000000.000
5680,2052,1.953125,25000000.000
5681,2050,0.976562,25000000.000
5682,2051,1.464844,25000000.000
5683,2051,1.464844,25000000.000
5684,2047,-0.488281,25000000.000
5685,2048,0.000000,25000000.000
5686,2045,-1.464844,25000000.000
5687,2046,-0.976562,25000000.000
5688,2043,-2.441406,25000000.000
5689,2044,-1.953125,25000000.000
5690,2043,-2.441406,25000000.000
5691,2042,-2.929688,25000000.000
5692,2041,-3.417969,25000000.000
5693,2041,-3.417969,25000000.000
5694,2041,-3.417969,25000000.000
5695,2040,-3.906250,25000000.000
5696,2041,-3.417969,25000000.000
5697,2041,-3.417969,25000000.000
5698,2042,-2.929688,25000000.000
5699,2041,-3.417969,25000000.000
5700,2043,-2.441406,25000000.000
5701,2044,-1.953125,25000000.000
5702,2044,-1.953125,25000000.000
5703,2045,-1.464844,25000000.000
5704,2046,-0.976562,25000000.000
5705,2047,-0.488281,25000000.000
5706,2048,0.000000,25000000.000
5707,2048,0.000000,25000000.000
5708,2050,0.976562,25000000.000
5709,2051,1.464844,25000000.000
5710,2051,1.464844,25000000.000
5711,2051,1.464844,25000000.000
5712,2053,2.441406,25000000.000
5713,2053,2.441406,25000000.000
5714,2054,2.929688,25000000.000
5715,2053,2.441406,25000000.000
5716,2053,2.441406,25000000.000
5717,2054,2.929688,25000000.000
5718,2053,2.441406,25000000.000
5719,2053,2.441406,25000000.000
5720,2052,1.953125,25000000.000
5721,2052,1.953125,25000000.000
5722,2051,1.464844,25000000.000
5723,2051,1.464844,25000000.000
5724,2050,0.976562,25000000.000
5725,2048,0.000000,25000000.000
5726,2047,-0.488281,25000000.000
5727,2045,-1.464844,25000000.000
5728,2045,-1.464844,25000000.000
5729,2045,-1.464844,25000000.000
5730,2042,-2.929688,25000000.000
5731,2043,-2.441406,25000000.000
5732,2041,-3.417969,25000000.000
5733,2042,-2.929688,25000000.000
5734,2040,-3.906250,25000000.000
5735,2040,-3.906250,25000000.000
5736,2039,-4.394531,25000000.000
5737,2041,-3.417969,25000000.000
5738,2042,-2.929688,25000000.000
5739,2041,-3.417969,25000000.000
5740,2044,-1.953125,25000000.000
5741,2043,-2.441406,25000000.000
5742,2045,-1.464844,25000000.000
5743,2044,-1.953125,25000000.000
5744,2044,-1.953125,25000000.000
5745,2046,-0.976562,25000000.000
5746,2047,-0.488281,25000000.000
5747,2047,-0.488281,25000000.000
5748,2048,0.000000,25000000.000
5749,2050,0.976562,25000000.000
5750,2051,1.464844,25000000.000
5751,2052,1.953125,25000000.000
5752,2052,1.953125,25000000.000
5753,2053,2.441406,25000000.000
5754,2054,2.929688,25000000.000
5755,2053,2.441406,25000000.000
5756,2054,2.929688,25000000.000
5757,2054,2.929688,25000000.000
5758,2054,2.929688,25000000.000
5759,2052,1.953125,25000000.000
5760,2054,2.929688,25000000.000
5761,2052,1.953125,25000000.000
5762,2051,1.464844,25000000.000
5763,2051,1.464844,25000000.000
5764,2049,0.488281,25000000.000
5765,2049,0.488281,25000000.000
5766,2046,-0.976562,25000000.000
5767,2046,-0.976562,25000000.000
5768,2046,-0.976562,25000000.000
5769,2044,-1.953125,25000000.000
5770,2043,-2.441406,25000000.000
5771,2043,-2.441406,25000000.000
5772,2043,-2.441406,25000000.000
5773,2040,-3.906250,25000000.000
5774,2042,-2.929688,25000000.000
5775,2043,-2.441406,25000000.000
5776,2041,-3.417969,25000000.000
5777,2040,-3.906250,25000000.000
5778,2035,-6.347656,25000000.000
5779,2045,-1.464844,25000000.000
5780,2043,-2.441406,25000000.000
5781,2042,-2.929688,25000000.000
5782,2041,-3.417969,25000000.000
5783,2042,-2.929688,25000000.000
5784,2044,-1.953125,25000000.000
5785,2045,-1.464844,25000000.000
5786,2045,-1.464844,25000000.000
5787,2045,-1.464844,25000000.000
5788,2047,-0.488281,25000000.000
5789,2049,0.488281,25000000.000
5790,2049,0.488281,25000000.000
5791,2049,0.488281,25000000.000
5792,2051,1.464844,25000000.000
5793,2052,1.953125,25000000.000
5794,2053,2.441406,25000000.000
5795,2051,1.464844,25000000.000
5796,2053,2.441406,25000000.000
5797,2054,2.929688,25000000.000
5798,2053,2.441406,25000000.000
5799,2053,2.441406,25000000.000
5800,2052,1.953125,25000000.000
5801,2053,2.441406,25000000.000
5802,2051,1.464844,25000000.000
5803,2051,1.464844,25000000.000
5804,2051,1.464844,25000000.000
5805,2048,0.000000,25000000.000
5806,2050,0.976562,25000000.000
5807,2049,0.488281,25000000.000
5808,2046,-0.976562,25000000.000
5809,2045,-1.464844,25000000.000
5810,2045,-1.464844,25000000.000
5811,2044,-1.953125,25000000.000
5812,2042,-2.929688,25000000.000
5813,2040,-3.906250,25000000.000
5814,2041,-3.417969,25000000.000
5815,2040,-3.906250,25000000.000
5816,2039,-4.394531,25000000.000
5817,2039,-4.394531,25000000.000
5818,2039,-4.394531,25000000.000
5819,2040,-3.906250,25000000.000
5820,2039,-4.394531,25000000.000
5821,2039,-4.394531,25000000.000
5822,2041,-3.417969,25000000.000
5823,2041,-3.417969,25000000.000
5824,2042,-2.929688,25000000.000
5825,2043,-2.441406,25000000.000
5826,2045,-1.464844,25000000.000
5827,2044,-1.953125,25000000.000
5828,2046,-0.976562,25000000.000
5829,2048,0.000000,25000000.000
5830,2048,0.000000,25000000.000
5831,2048,0.000000,25000000.000
5832,2049,0.488281,25000000.000
5833,2052,1.953125,25000000.000
5834,2052,1.953125,25000000.000
5835,2051,1.464844,25000000.000
5836,2054,2.929688,25000000.000
5837,2053,2.441406,25000000.000
5838,2054,2.929688,25000000.000
5839,2056,3.906250,25000000.000
5840,2055,3.417969,25000000.000
5841,2054,2.929688,25000000.000
5842,2053,2.441406,25000000.000
5843,2052,1.953125,25000000.000
5844,2052,1.953125,25000000.000
5845,2051,1.464844,25000000.000
5846,2051,1.464844,25000000.000
5847,2050,0.976562,25000000.000
5848,2048,0.000000,25000000.000
5849,2048,0.000000,25000000.000
5850,2046,-0.976562,25000000.000
5851,2047,-0.488281,25000000.000
5852,2044,-1.953125,25000000.000
5853,2045,-1.464844,25000000.000
5854,2043,-2.441406,25000000.000
5855,2042,-2.929688,25000000.000
5856,2041,-3.417969,25000000.000
5857,2040,-3.906250,25000000.000
5858,2042,-2.929688,25000000.000
5859,2040,-3.906250,25000000.000
5860,2040,-3.906250,25000000.000
5861,2040,-3.906250,25000000.000
5862,2040,-3.906250,25000000.000
5863,2040,-3.906250,25000000.000
5864,2042,-2.929688,25000000.000
5865,2042,-2.929688,25000000.000
5866,2041,-3.417969,25000000.000
5867,2048,0.000000,25000000.000
5868,2048,0.000000,25000000.000
5869,2048,0.000000,25000000.000
5870,2048,0.000000,25000000.000
5871,2050,0.976562,25000000.000
5872,2050,0.976562,25000000.000
5873,2051,1.464844,25000000.000
5874,2053,2.441406,25000000.000
5875,2052,1.953125,25000000.000
5876,2054,2.929688,25000000.000
5877,2055,3.417969,25000000.000
5878,2056,3.906250,25000000.000
5879,2054,2.929688,25000000.000
5880,2055,3.417969,25000000.000
5881,2056,3.906250,25000000.000
5882,2054,2.929688,25000000.000
5883,2056,3.906250,25000000.000
5884,2054,2.929688,25000000.000
5885,2052,1.953125,25000000.000
5886,2052,1.953125,25000000.000
5887,2051,1.464844,25000000.000
5888,2049,0.488281,25000000.000
5889,2049,0.488281,25000000.000
5890,2047,-0.488281,25000000.000
5891,2047,-0.488281,25000000.000
5892,2046,-0.976562,25000000.000
5893,2042,-2.929688,25000000.000
5894,2042,-2.929688,25000000.000
5895,2042,-2.929688,25000000.000
5896,2042,-2.929688,25000000.000
5897,2041,-3.417969,25000000.000
5898,2039,-4.394531,25000000.000
5899,2040,-3.906250,25000000.000
5900,2039,-4.394531,25000000.000
5901,2038,-4.882812,25000000.000
5902,2039,-4.394531,25000000.000
5903,2040,-3.906250,25000000.000
5904,2041,-3.417969,25000000.000
5905,2040,-3.906250,25000000.000
5906,2043,-2.441406,25000000.000
5907,2043,-2.441406,25000000.000
5908,2045,-1.464844,25000000.000
5909,2044,-1.953125,25000000.000
5910,2046,-0.976562,25000000.000
5911,2047,-0.488281,25000000.000
5912,2047,-0.488281,25000000.000
5913,2044,-1.953125,25000000.000
5914,2051,1.464844,25000000.000
5915,2049,0.488281,25000000.000
5916,2053,2.441406,25000000.000
5917,2054,2.929688,25000000.000
5918,2054,2.929688,25000000.000
5919,2053,2.441406,25000000.000
5920,2054,2.929688,25000000.000
5921,2056,3.906250,25000000.000
5922,2051,1.464844,25000000.000
5923,2051,1.464844,25000000.000
5924,2055,3.417969,25000000.000
5925,2050,0.976562,25000000.000
5926,2050,0.976562,25000000.000
5927,2051,1.464844,25000000.000
5928,2052,1.953125,25000000.000
5929,2049,0.488281,25000000.000
5930,2045,-1.464844,25000000.000
5931,2047,-0.488281,25000000.000
5932,2044,-1.953125,25000000.000
5933,2046,-0.976562,25000000.000
5934,2042,-2.929688,25000000.000
5935,2042,-2.929688,25000000.000
5936,2042,-2.929688,25000000.000
5937,2040,-3.906250,25000000.000
5938,2041,-3.417969,25000000.000
5939,2040,-3.906250,25000000.000
5940,2040,-3.906250,25000000.000
5941,2040,-3.906250,25000000.000
5942,2040,-3.906250,25000000.000
5943,2039,-4.394531,25000000.000
5944,2041,-3.417969,25000000.000
5945,2041,-3.417969,25000000.000
5946,2042,-2.929688,25000000.000
5947,2040,-3.906250,25000000.000
5948,2043,-2.441406,25000000.000
5949,2046,-0.976562,25000000.000
5950,2046,-0.976562,25000000.000
5951,2046,-0.976562,25000000.000
5952,2047,-0.488281,25000000.000
5953,2050,0.976562,25000000.000
5954,2051,1.464844,25000000.000
5955,2051,1.464844,25000000.000
5956,2053,2.441406,25000000.000
5957,2053,2.441406,25000000.000
5958,2054,2.929688,25000000.000
5959,2053,2.441406,25000000.000
5960,2054,2.929688,25000000.000
5961,2054,2.929688,25000000.000
5962,2052,1.953125,25000000.000
5963,2053,2.441406,25000000.000
5964,2054,2.929688,25000000.000
5965,2053,2.441406,25000000.000
5966,2051,1.464844,25000000.000
5967,2052,1.953125,25000000.000
5968,2050,0.976562,25000000.000
5969,2049,0.488281,25000000.000
5970,2050,0.976562,25000000.000
5971,2050,0.976562,25000000.000
5972,2042,-2.929688,25000000.000
5973,2042,-2.929688,25000000.000
5974,2044,-1.953125,25000000.000
5975,2042,-2.929688,25000000.000
5976,2040,-3.906250,25000000.000
5977,2038,-4.882812,25000000.000
5978,2040,-3.906250,25000000.000
5979,2037,-5.371094,25000000.000
5980,2038,-4.882812,25000000.000
5981,2039,-4.394531,25000000.000
5982,2036,-5.859375,25000000.000
5983,2038,-4.882812,25000000.000
5984,2039,-4.394531,25000000.000
5985,2040,-3.906250,25000000.000
5986,2041,-3.417969,25000000.000
5987,2041,-3.417969,25000000.000
5988,2043,-2.441406,25000000.000
5989,2043,-2.441406,25000000.000
5990,2047,-0.488281,25000000.000
5991,2044,-1.953125,25000000.000
5992,2049,0.488281,25000000.000
5993,2050,0.976562,25000000.000
5994,2050,0.976562,25000000.000
5995,2051,1.464844,25000000.000
5996,2052,1.953125,25000000.000
5997,2053,2.441406,25000000.000
5998,2053,2.441406,25000000.000
5999,2053,2.441406,25000000.000
6000,2054,2.929688,25000000.000
6001,2055,3.417969,25000000.000
6002,2053,2.441406,25000000.000
6003,2055,3.417969,25000000.000
6004,2054,2.929688,25000000.000
6005,2052,1.953125,25000000.000
6006,2052,1.953125,25000000.000
6007,2052,1.953125,25000000.000
6008,2050,0.976562,25000000.000
6009,2049,0.488281,25000000.000
6010,2050,0.976562,25000000.000
6011,2049,0.488281,25000000.000
6012,2042,-2.929688,25000000.000
6013,2046,-0.976562,25000000.000
6014,2043,-2.441406,25000000.000
6015,2042,-2.929688,25000000.000
6016,2040,-3.906250,25000000.000
6017,2040,-3.906250,25000000.000
6018,2040,-3.906250,25000000.000
6019,2040,-3.906250,25000000.000
6020,2039,-4.394531,25000000.000
6021,2042,-2.929688,25000000.000
6022,2038,-4.882812,25000000.000
6023,2038,-4.882812,25000000.000
6024,2041,-3.417969,25000000.000
6025,2042,-2.929688,25000000.000
6026,2042,-2.929688,25000000.000
6027,2042,-2.929688,25000000.000
6028,2040,-3.906250,25000000.000
6029,2046,-0.976562,25000000.000
6030,2043,-2.441406,25000000.000
6031,2045,-1.464844,25000000.000
6032,2048,0.000000,25000000.000
6033,2048,0.000000,25000000.000
6034,2048,0.000000,25000000.000
6035,2050,0.976562,25000000.000
6036,2053,2.441406,25000000.000
6037,2052,1.953125,25000000.000
6038,2053,2.441406,25000000.000
6039,2054,2.929688,25000000.000
6040,2055,3.417969,25000000.000
6041,2054,2.929688,25000000.000
6042,2055,3.417969,25000000.000
6043,2056,3.906250,25000000.000
6044,2055,3.417969,25000000.000
6045,2054,2.929688,25000000.000
6046,2054,2.929688,25000000.000
6047,2053,2.441406,25000000.000
6048,2051,1.464844,25000000.000
6049,2051,1.464844,25000000.000
6050,2051,1.464844,25000000.000
6051,2050,0.976562,25000000.000
6052,2047,-0.488281,25000000.000
6053,2045,-1.464844,25000000.000
6054,2046,-0.976562,25000000.000
6055,2045,-1.464844,25000000.000
6056,2045,-1.464844,25000000.000
6057,2041,-3.417969,25000000.000
6058,2040,-3.906250,25000000.000
6059,2040,-3.906250,25000000.000
6060,2043,-2.441406,25000000.000
6061,2040,-3.906250,25000000.000
6062,2039,-4.394531,25000000.000
6063,2041,-3.417969,25000000.000
6064,2040,-3.906250,25000000.000
6065,2040,-3.906250,25000000.000
6066,2041,-3.417969,25000000.000
6067,2042,-2.929688,25000000.000
6068,2043,-2.441406,25000000.000
6069,2044,-1.953125,25000000.000
6070,2044,-1.953125,25000000.000
6071,2045,-1.464844,25000000.000
6072,2048,0.000000,25000000.000
6073,2047,-0.488281,25000000.000
6074,2050,0.976562,25000000.000
6075,2049,0.488281,25000000.000
6076,2052,1.953125,25000000.000
6077,2051,1.464844,25000000.000
6078,2052,1.953125,25000000.000
6079,2052,1.953125,25000000.000
6080,2054,2.929688,25000000.000
6081,2054,2.929688,25000000.000
6082,2054,2.929688,25000000.000
6083,2054,2.929688,25000000.000
6084,2054,2.929688,25000000.000
6085,2055,3.417969,25000000.000
6086,2053,2.441406,25000000.000
6087,2053,2.441406,25000000.000
6088,2052,1.953125,25000000.000
6089,2052,1.953125,25000000.000
6090,2050,0.976562,25000000.000
6091,2049,0.488281,25000000.000
6092,2050,0.976562,25000000.000
6093,2047,-0.488281,25000000.000
6094,2046,-0.976562,25000000.000
6095,2046,-0.976562,25000000.000
6096,2043,-2.441406,25000000.000
6097,2044,-1.953125,25000000.000
6098,2042,-2.929688,25000000.000
6099,2042,-2.929688,25000000.000
6100,2041,-3.417969,25000000.000
6101,2040,-3.906250,25000000.000
6102,2041,-3.417969,25000000.000
6103,2042,-2.929688,25000000.000
6104,2040,-3.906250,25000000.000
6105,2040,-3.906250,25000000.000
6106,2041,-3.417969,25000000.000
6107,2041,-3.417969,25000000.000
6108,2041,-3.417969,25000000.000
6109,2043,-2.441406,25000000.000
6110,2046,-0.976562,25000000.000
6111,2044,-1.953125,25000000.000
6112,2046,-0.976562,25000000.000
6113,2047,-0.488281,25000000.000
6114,2048,0.000000,25000000.000
6115,2047,-0.488281,25000000.000
6116,2050,0.976562,25000000.000
6117,2052,1.953125,25000000.000
6118,2053,2.441406,25000000.000
6119,2054,2.929688,25000000.000
6120,2053,2.441406,25000000.000
6121,2053,2.441406,25000000.000
6122,2054,2.929688,25000000.000
6123,2054,2.929688,25000000.000
6124,2055,3.417969,25000000.000
6125,2053,2.441406,25000000.000
6126,2052,1.953125,25000000.000
6127,2053,2.441406,25000000.000
6128,2053,2.441406,25000000.000
6129,2052,1.953125,25000000.000
6130,2050,0.976562,25000000.000
6131,2051,1.464844,25000000.000
6132,2050,0.976562,25000000.000
6133,2049,0.488281,25000000.000
6134,2047,-0.488281,25000000.000
6135,2046,-0.976562,25000000.000
6136,2045,-1.464844,25000000.000
6137,2044,-1.953125,25000000.000
6138,2045,-1.464844,25000000.000
6139,2043,-2.441406,25000000.000
6140,2043,-2.441406,25000000.000
6141,2041,-3.417969,25000000.000
6142,2041,-3.417969,25000000.000
6143,2040,-3.906250,25000000.000
6144,2039,-4.394531,25000000.000
6145,2040,-3.906250,25000000.000
6146,2039,-4.394531,25000000.000
6147,2040,-3.906250,25000000.000
6148,2041,-3.417969,25000000.000
6149,2042,-2.929688,25000000.000
6150,2043,-2.441406,25000000.000
6151,2043,-2.441406,25000000.000
6152,2044,-1.953125,25000000.000
6153,2046,-0.976562,25000000.000
6154,2046,-0.976562,25000000.000
6155,2046,-0.976562,25000000.000
6156,2048,0.000000,25000000.000
6157,2049,0.488281,25000000.000
6158,2051,1.464844,25000000.000
6159,2050,0.976562,25000000.000
6160,2053,2.441406,25000000.000
6161,2052,1.953125,25000000.000
6162,2052,1.953125,25000000.000
6163,2053,2.441406,25000000.000
6164,2053,2.441406,25000000.000
6165,2054,2.929688,25000000.000
6166,2052,1.953125,25000000.000
6167,2053,2.441406,25000000.000
6168,2052,1.953125,25000000.000
6169,2051,1.464844,25000000.000
6170,2051,1.464844,25000000.000
6171,2052,1.953125,25000000.000
6172,2048,0.000000,25000000.000
6173,2048,0.000000,25000000.000
6174,2048,0.000000,25000000.000
6175,2047,-0.488281,25000000.000
6176,2045,-1.464844,25000000.000
6177,2043,-2.441406,25000000.000
6178,2044,-1.953125,25000000.000
6179,2044,-1.953125,25000000.000
6180,2042,-2.929688,25000000.000
6181,2042,-2.929688,25000000.000
6182,2041,-3.417969,25000000.000
6183,2040,-3.906250,25000000.000
6184,2040,-3.906250,25000000.000
6185,2040,-3.906250,25000000.000
6186,2041,-3.417969,25000000.000
6187,2041,-3.417969,25000000.000
6188,2040,-3.906250,25000000.000
6189,2041,-3.417969,25000000.000
6190,2041,-3.417969,25000000.000
6191,2041,-3.417969,25000000.000
6192,2043,-2.441406,25000000.000
6193,2044,-1.953125,25000000.000
6194,2044,-1.953125,25000000.000
6195,2044,-1.953125,25000000.000
6196,2047,-0.488281,25000000.000
6197,2049,0.488281,25000000.000
6198,2048,0.000000,25000000.000
6199,2049,0.488281,25000000.000
6200,2050,0.976562,25000000.000
6201,2050,0.976562,25000000.000
6202,2052,1.953125,25000000.000
6203,2052,1.953125,25000000.000
6204,2053,2.441406,25000000.000
6205,2052,1.953125,25000000.000
6206,2053,2.441406,25000000.000
6207,2053,2.441406,25000000.000
6208,2056,3.906250,25000000.000
6209,2052,1.953125,25000000.000
6210,2046,-0.976562,25000000.000
6211,2048,0.000000,25000000.000
6212,2049,0.488281,25000000.000
6213,2054,2.929688,25000000.000
6214,2051,1.464844,25000000.000
6215,2040,-3.906250,25000000.000
6216,2047,-0.488281,25000000.000
6217,2044,-1.953125,25000000.000
6218,2044,-1.953125,25000000.000
6219,2043,-2.441406,25000000.000
6220,2042,-2.929688,25000000.000
6221,2041,-3.417969,25000000.000
6222,2040,-3.906250,25000000.000
6223,2039,-4.394531,25000000.000
6224,2041,-3.417969,25000000.000
6225,2041,-3.417969,25000000.000
6226,2039,-4.394531,25000000.000
6227,2039,-4.394531,25000000.000
6228,2040,-3.906250,25000000.000
6229,2040,-3.906250,25000000.000
6230,2041,-3.417969,25000000.000
6231,2041,-3.417969,25000000.000
6232,2042,-2.929688,25000000.000
6233,2044,-1.953125,25000000.000
6234,2045,-1.464844,25000000.000
6235,2045,-1.464844,25000000.000
6236,2048,0.000000,25000000.000
6237,2047,-0.488281,25000000.000
6238,2048,0.000000,25000000.000
6239,2049,0.488281,25000000.000
6240,2050,0.976562,25000000.000
6241,2050,0.976562,25000000.000
6242,2053,2.441406,25000000.000
6243,2051,1.464844,25000000.000
6244,2052,1.953125,25000000.000
6245,2054,2.929688,25000000.000
6246,2054,2.929688,25000000.000
6247,2054,2.929688,25000000.000
6248,2054,2.929688,25000000.000
6249,2055,3.417969,25000000.000
6250,2053,2.441406,25000000.000
6251,2054,2.929688,25000000.000
6252,2051,1.464844,25000000.000
6253,2051,1.464844,25000000.000
6254,2051,1.464844,25000000.000
6255,2050,0.976562,25000000.000
6256,2049,0.488281,25000000.000
6257,2049,0.488281,25000000.000
6258,2044,-1.953125,25000000.000
6259,2046,-0.976562,25000000.000
6260,2042,-2.929688,25000000.000
6261,2044,-1.953125,25000000.000
6262,2041,-3.417969,25000000.000
6263,2043,-2.441406,25000000.000
6264,2041,-3.417969,25000000.000
6265,2040,-3.906250,25000000.000
6266,2040,-3.906250,25000000.000
6267,2040,-3.906250,25000000.000
6268,2041,-3.417969,25000000.000
6269,2040,-3.906250,25000000.000
6270,2041,-3.417969,25000000.000
6271,2042,-2.929688,25000000.000
6272,2043,-2.441406,25000000.000
6273,2043,-2.441406,25000000.000
6274,2044,-1.953125,25000000.000
6275,2044,-1.953125,25000000.000
6276,2045,-1.464844,25000000.000
6277,2046,-0.976562,25000000.000
6278,2049,0.488281,25000000.000
6279,2048,0.000000,25000000.000
6280,2050,0.976562,25000000.000
6281,2051,1.464844,25000000.000
6282,2052,1.953125,25000000.000
6283,2052,1.953125,25000000.000
6284,2054,2.929688,25000000.000
6285,2054,2.929688,25000000.000
6286,2055,3.417969,25000000.000
6287,2055,3.417969,25000000.000
6288,2055,3.417969,25000000.000
6289,2055,3.417969,25000000.000
6290,2053,2.441406,25000000.000
6291,2053,2.441406,25000000.000
6292,2053,2.441406,25000000.000
6293,2053,2.441406,25000000.000
6294,2052,1.953125,25000000.000
6295,2051,1.464844,25000000.000
6296,2049,0.488281,25000000.000
6297,2049,0.488281,25000000.000
6298,2048,0.000000,25000000.000
6299,2048,0.000000,25000000.000
6300,2045,-1.464844,25000000.000
6301,2045,-1.464844,25000000.000
6302,2044,-1.953125,25000000.000
6303,2044,-1.953125,25000000.000
6304,2042,-2.929688,25000000.000
6305,2041,-3.417969,25000000.000
6306,2042,-2.929688,25000000.000
6307,2041,-3.417969,25000000.000
6308,2040,-3.906250,25000000.000
6309,2040,-3.906250,25000000.000
6310,2039,-4.394531,25000000.000
6311,2041,-3.417969,25000000.000
6312,2038,-4.882812,25000000.000
6313,2044,-1.953125,25000000.000
6314,2040,-3.906250,25000000.000
6315,2042,-2.929688,25000000.000
6316,2044,-1.953125,25000000.000
6317,2048,0.000000,25000000.000
6318,2046,-0.976562,25000000.000
6319,2045,-1.464844,25000000.000
6320,2048,0.000000,25000000.000
6321,2050,0.976562,25000000.000
6322,2051,1.464844,25000000.000
6323,2050,0.976562,25000000.000
6324,2053,2.441406,25000000.000
6325,2053,2.441406,25000000.000
6326,2054,2.929688,25000000.000
6327,2054,2.929688,25000000.000
6328,2054,2.929688,25000000.000
6329,2054,2.929688,25000000.000
6330,2055,3.417969,25000000.000
6331,2055,3.417969,25000000.000
6332,2055,3.417969,25000000.000
6333,2053,2.441406,25000000.000
6334,2052,1.953125,25000000.000
6335,2053,2.441406,25000000.000
6336,2050,0.976562,25000000.000
6337,2049,0.488281,25000000.000
6338,2049,0.488281,25000000.000
6339,2048,0.000000,25000000.000
6340,2046,-0.976562,25000000.000
6341,2043,-2.441406,25000000.000
6342,2043,-2.441406,25000000.000
6343,2042,-2.929688,25000000.000
6344,2041,-3.417969,25000000.000
6345,2040,-3.906250,25000000.000
6346,2039,-4.394531,25000000.000
6347,2040,-3.906250,25000000.000
6348,2038,-4.882812,25000000.000
6349,2039,-4.394531,25000000.000
6350,2037,-5.371094,25000000.000
6351,2038,-4.882812,25000000.000
6352,2038,-4.882812,25000000.000
6353,2039,-4.394531,25000000.000
6354,2040,-3.906250,25000000.000
6355,2038,-4.882812,25000000.000
6356,2043,-2.441406,25000000.000
6357,2043,-2.441406,25000000.000
6358,2044,-1.953125,25000000.000
6359,2045,-1.464844,25000000.000
6360,2047,-0.488281,25000000.000
6361,2048,0.000000,25000000.000
6362,2048,0.000000,25000000.000
6363,2049,0.488281,25000000.000
6364,2051,1.464844,25000000.000
6365,2053,2.441406,25000000.000
6366,2053,2.441406,25000000.000
6367,2053,2.441406,25000000.000
6368,2055,3.417969,25000000.000
6369,2054,2.929688,25000000.000
6370,2054,2.929688,25000000.000
6371,2054,2.929688,25000000.000
6372,2053,2.441406,25000000.000
6373,2054,2.929688,25000000.000
6374,2053,2.441406,25000000.000
6375,2053,2.441406,25000000.000
6376,2050,0.976562,25000000.000
6377,2050,0.976562,25000000.000
6378,2049,0.488281,25000000.000
6379,2049,0.488281,25000000.000
6380,2047,-0.488281,25000000.000
6381,2046,-0.976562,25000000.000
6382,2045,-1.464844,25000000.000
6383,2045,-1.464844,25000000.000
6384,2042,-2.929688,25000000.000
6385,2042,-2.929688,25000000.000
6386,2042,-2.929688,25000000.000
6387,2041,-3.417969,25000000.000
6388,2040,-3.906250,25000000.000
6389,2038,-4.882812,25000000.000
6390,2039,-4.394531,25000000.000
6391,2039,-4.394531,25000000.000
6392,2040,-3.906250,25000000.000
6393,2040,-3.906250,25000000.000
6394,2040,-3.906250,25000000.000
6395,2040,-3.906250,25000000.000
6396,2041,-3.417969,25000000.000
6397,2041,-3.417969,25000000.000
6398,2044,-1.953125,25000000.000
6399,2043,-2.441406,25000000.000
6400,2046,-0.976562,25000000.000
6401,2047,-0.488281,25000000.000
6402,2048,0.000000,25000000.000
6403,2049,0.488281,25000000.000
6404,2051,1.464844,25000000.000
6405,2052,1.953125,25000000.000
6406,2053,2.441406,25000000.000
6407,2053,2.441406,25000000.000
6408,2053,2.441406,25000000.000
6409,2055,3.417969,25000000.000
6410,2055,3.417969,25000000.000
6411,2055,3.417969,25000000.000
6412,2054,2.929688,25000000.000
6413,2053,2.441406,25000000.000
6414,2053,2.441406,25000000.000
6415,2054,2.929688,25000000.000
6416,2052,1.953125,25000000.000
6417,2052,1.953125,25000000.000
6418,2051,1.464844,25000000.000
6419,2050,0.976562,25000000.000
6420,2048,0.000000,25000000.000
6421,2048,0.000000,25000000.000
6422,2047,-0.488281,25000000.000
6423,2046,-0.976562,25000000.000
6424,2044,-1.953125,25000000.000
6425,2043,-2.441406,25000000.000
6426,2042,-2.929688,25000000.000
6427,2041,-3.417969,25000000.000
6428,2040,-3.906250,25000000.000
6429,2040,-3.906250,25000000.000
6430,2038,-4.882812,25000000.000
6431,2039,-4.394531,25000000.000
6432,2039,-4.394531,25000000.000
6433,2040,-3.906250,25000000.000
6434,2040,-3.906250,25000000.000
6435,2040,-3.906250,25000000.000
6436,2043,-2.441406,25000000.000
6437,2042,-2.929688,25000000.000
6438,2042,-2.929688,25000000.000
6439,2044,-1.953125,25000000.000
6440,2045,-1.464844,25000000.000
6441,2046,-0.976562,25000000.000
6442,2048,0.000000,25000000.000
6443,2047,-0.488281,25000000.000
6444,2050,0.976562,25000000.000
6445,2052,1.953125,25000000.000
6446,2052,1.953125,25000000.000
6447,2052,1.953125,25000000.000
6448,2053,2.441406,25000000.000
6449,2056,3.906250,25000000.000
6450,2054,2.929688,25000000.000
6451,2055,3.417969,25000000.000
6452,2056,3.906250,25000000.000
6453,2053,2.441406,25000000.000
6454,2055,3.417969,25000000.000
6455,2052,1.953125,25000000.000
6456,2055,3.417969,25000000.000
6457,2055,3.417969,25000000.000
6458,2051,1.464844,25000000.000
6459,2051,1.464844,25000000.000
6460,2051,1.464844,25000000.000
6461,2050,0.976562,25000000.000
6462,2046,-0.976562,25000000.000
6463,2048,0.000000,25000000.000
6464,2046,-0.976562,25000000.000
6465,2046,-0.976562,25000000.000
6466,2043,-2.441406,25000000.000
6467,2043,-2.441406,25000000.000
6468,2042,-2.929688,25000000.000
6469,2042,-2.929688,25000000.000
6470,2041,-3.417969,25000000.000
6471,2042,-2.929688,25000000.000
6472,2041,-3.417969,25000000.000
6473,2041,-3.417969,25000000.000
6474,2040,-3.906250,25000000.000
6475,2040,-3.906250,25000000.000
6476,2040,-3.906250,25000000.000
6477,2041,-3.417969,25000000.000
6478,2042,-2.929688,25000000.000
6479,2041,-3.417969,25000000.000
6480,2044,-1.953125,25000000.000
6481,2045,-1.464844,25000000.000
6482,2046,-0.976562,25000000.000
6483,2046,-0.976562,25000000.000
6484,2048,0.000000,25000000.000
6485,2049,0.488281,25000000.000
6486,2050,0.976562,25000000.000
6487,2050,0.976562,25000000.000
6488,2053,2.441406,25000000.000
6489,2053,2.441406,25000000.000
6490,2054,2.929688,25000000.000
6491,2052,1.953125,25000000.000
6492,2055,3.417969,25000000.000
6493,2055,3.417969,25000000.000
6494,2055,3.417969,25000000.000
6495,2054,2.929688,25000000.000
6496,2054,2.929688,25000000.000
6497,2054,2.929688,25000000.000
6498,2053,2.441406,25000000.000
6499,2053,2.441406,25000000.000
6500,2050,0.976562,25000000.000
6501,2050,0.976562,25000000.000
6502,2050,0.976562,25000000.000
6503,2049,0.488281,25000000.000
6504,2047,-0.488281,25000000.000
6505,2045,-1.464844,25000000.000
6506,2045,-1.464844,25000000.000
6507,2044,-1.953125,25000000.000
6508,2041,-3.417969,25000000.000
6509,2040,-3.906250,25000000.000
6510,2040,-3.906250,25000000.000
6511,2039,-4.394531,25000000.000
6512,2038,-4.882812,25000000.000
6513,2040,-3.906250,25000000.000
6514,2038,-4.882812,25000000.000
6515,2038,-4.882812,25000000.000
6516,2040,-3.906250,25000000.000
6517,2040,-3.906250,25000000.000
6518,2041,-3.417969,25000000.000
6519,2040,-3.906250,25000000.000
6520,2043,-2.441406,25000000.000
6521,2043,-2.441406,25000000.000
6522,2045,-1.464844,25000000.000
6523,2044,-1.953125,25000000.000
6524,2048,0.000000,25000000.000
6525,2047,-0.488281,25000000.000
6526,2048,0.000000,25000000.000
6527,2048,0.000000,25000000.000
6528,2052,1.953125,25000000.000
6529,2053,2.441406,25000000.000
6530,2052,1.953125,25000000.000
6531,2053,2.441406,25000000.000
6532,2053,2.441406,25000000.000
6533,2054,2.929688,25000000.000
6534,2054,2.929688,25000000.000
6535,2054,2.929688,25000000.000
6536,2053,2.441406,25000000.000
6537,2053,2.441406,25000000.000
6538,2054,2.929688,25000000.000
6539,2053,2.441406,25000000.000
6540,2051,1.464844,25000000.000
6541,2051,1.464844,25000000.000
6542,2051,1.464844,25000000.000
6543,2049,0.488281,25000000.000
6544,2047,-0.488281,25000000.000
6545,2046,-0.976562,25000000.000
6546,2044,-1.953125,25000000.000
6547,2044,-1.953125,25000000.000
6548,2043,-2.441406,25000000.000
6549,2041,-3.417969,25000000.000
6550,2041,-3.417969,25000000.000
6551,2041,-3.417969,25000000.000
6552,2039,-4.394531,25000000.000
6553,2039,-4.394531,25000000.000
6554,2039,-4.394531,25000000.000
6555,2037,-5.371094,25000000.000
6556,2039,-4.394531,25000000.000
6557,2038,-4.882812,25000000.000
6558,2040,-3.906250,25000000.000
6559,2038,-4.882812,25000000.000
6560,2039,-4.394531,25000000.000
6561,2044,-1.953125,25000000.000
6562,2042,-2.929688,25000000.000
6563,2043,-2.441406,25000000.000
6564,2043,-2.441406,25000000.000
6565,2048,0.000000,25000000.000
6566,2048,0.000000,25000000.000
6567,2050,0.976562,25000000.000
6568,2051,1.464844,25000000.000
6569,2050,0.976562,25000000.000
6570,2054,2.929688,25000000.000
6571,2054,2.929688,25000000.000
6572,2055,3.417969,25000000.000
6573,2054,2.929688,25000000.000
6574,2056,3.906250,25000000.000
6575,2056,3.906250,25000000.000
6576,2054,2.929688,25000000.000
6577,2054,2.929688,25000000.000
6578,2054,2.929688,25000000.000
6579,2053,2.441406,25000000.000
6580,2053,2.441406,25000000.000
6581,2053,2.441406,25000000.000
6582,2051,1.464844,25000000.000
6583,2051,1.464844,25000000.000
6584,2050,0.976562,25000000.000
6585,2048,0.000000,25000000.000
6586,2047,-0.488281,25000000.000
6587,2046,-0.976562,25000000.000
6588,2044,-1.953125,25000000.000
6589,2041,-3.417969,25000000.000
6590,2042,-2.929688,25000000.000
6591,2041,-3.417969,25000000.000
6592,2040,-3.906250,25000000.000
6593,2039,-4.394531,25000000.000
6594,2037,-5.371094,25000000.000
6595,2038,-4.882812,25000000.000
6596,2039,-4.394531,25000000.000
6597,2038,-4.882812,25000000.000
6598,2038,-4.882812,25000000.000
6599,2038,-4.882812,25000000.000
6600,2040,-3.906250,25000000.000
6601,2040,-3.906250,25000000.000
6602,2042,-2.929688,25000000.000
6603,2042,-2.929688,25000000.000
6604,2043,-2.441406,25000000.000
6605,2049,0.488281,25000000.000
6606,2046,-0.976562,25000000.000
6607,2050,0.976562,25000000.000
6608,2049,0.488281,25000000.000
6609,2051,1.464844,25000000.000
6610,2053,2.441406,25000000.000
6611,2052,1.953125,25000000.000
6612,2052,1.953125,25000000.000
6613,2055,3.417969,25000000.000
6614,2054,2.929688,25000000.000
6615,2056,3.906250,25000000.000
6616,2056,3.906250,25000000.000
6617,2057,4.394531,25000000.000
6618,2056,3.906250,25000000.000
6619,2054,2.929688,25000000.000
6620,2054,2.929688,25000000.000
6621,2055,3.417969,25000000.000
6622,2053,2.441406,25000000.000
6623,2052,1.953125,25000000.000
6624,2050,0.976562,25000000.000
6625,2049,0.488281,25000000.000
6626,2049,0.488281,25000000.000
6627,2048,0.000000,25000000.000
6628,2045,-1.464844,25000000.000
6629,2045,-1.464844,25000000.000
6630,2043,-2.441406,25000000.000
6631,2042,-2.929688,25000000.000
6632,2040,-3.906250,25000000.000
6633,2039,-4.394531,25000000.000
6634,2038,-4.882812,25000000.000
6635,2040,-3.906250,25000000.000
6636,2039,-4.394531,25000000.000
6637,2038,-4.882812,25000000.000
6638,2039,-4.394531,25000000.000
6639,2038,-4.882812,25000000.000
6640,2039,-4.394531,25000000.000
6641,2040,-3.906250,25000000.000
6642,2042,-2.929688,25000000.000
6643,2041,-3.417969,25000000.000
6644,2041,-3.417969,25000000.000
6645,2045,-1.464844,25000000.000
6646,2046,-0.976562,25000000.000
6647,2045,-1.464844,25000000.000
6648,2049,0.488281,25000000.000
6649,2051,1.464844,25000000.000
6650,2052,1.953125,25000000.000
6651,2051,1.464844,25000000.000
6652,2053,2.441406,25000000.000
6653,2055,3.417969,25000000.000
6654,2056,3.906250,25000000.000
6655,2054,2.929688,25000000.000
6656,2055,3.417969,25000000.000
6657,2058,4.882812,25000000.000
6658,2057,4.394531,25000000.000
6659,2056,3.906250,25000000.000
6660,2056,3.906250,25000000.000
6661,2055,3.417969,25000000.000
6662,2055,3.417969,25000000.000
6663,2054,2.929688,25000000.000
6664,2051,1.464844,25000000.000
6665,2049,0.488281,25000000.000
6666,2050,0.976562,25000000.000
6667,2049,0.488281,25000000.000
6668,2046,-0.976562,25000000.000
6669,2044,-1.953125,25000000.000
6670,2042,-2.929688,25000000.000
6671,2044,-1.953125,25000000.000
6672,2042,-2.929688,25000000.000
6673,2037,-5.371094,25000000.000
6674,2040,-3.906250,25000000.000
6675,2038,-4.882812,25000000.000
6676,2036,-5.859375,25000000.000
6677,2036,-5.859375,25000000.000
6678,2040,-3.906250,25000000.000
6679,2037,-5.371094,25000000.000
6680,2037,-5.371094,25000000.000
6681,2039,-4.394531,25000000.000
6682,2038,-4.882812,25000000.000
6683,2040,-3.906250,25000000.000
6684,2042,-2.929688,25000000.000
6685,2043,-2.441406,25000000.000
6686,2045,-1.464844,25000000.000
6687,2044,-1.953125,25000000.000
6688,2048,0.000000,25000000.000
6689,2048,0.000000,25000000.000
6690,2050,0.976562,25000000.000
6691,2049,0.488281,25000000.000
6692,2053,2.441406,25000000.000
6693,2054,2.929688,25000000.000
6694,2054,2.929688,25000000.000
6695,2054,2.929688,25000000.000
6696,2054,2.929688,25000000.000
6697,2056,3.906250,25000000.000
6698,2057,4.394531,25000000.000
6699,2056,3.906250,25000000.000
6700,2057,4.394531,25000000.000
6701,2054,2.929688,25000000.000
6702,2054,2.929688,25000000.000
6703,2054,2.929688,25000000.000
6704,2054,2.929688,25000000.000
6705,2052,1.953125,25000000.000
6706,2051,1.464844,25000000.000
6707,2051,1.464844,25000000.000
6708,2048,0.000000,25000000.000
6709,2047,-0.488281,25000000.000
6710,2044,-1.953125,25000000.000
6711,2045,-1.464844,25000000.000
6712,2042,-2.929688,25000000.000
6713,2041,-3.417969,25000000.000
6714,2039,-4.394531,25000000.000
6715,2040,-3.906250,25000000.000
6716,2039,-4.394531,25000000.000
6717,2039,-4.394531,25000000.000
6718,2038,-4.882812,25000000.000
6719,2038,-4.882812,25000000.000
6720,2039,-4.394531,25000000.000
6721,2038,-4.882812,25000000.000
6722,2039,-4.394531,25000000.000
6723,2039,-4.394531,25000000.000
6724,2043,-2.441406,25000000.000
6725,2042,-2.929688,25000000.000
6726,2042,-2.929688,25000000.000
6727,2043,-2.441406,25000000.000
6728,2046,-0.976562,25000000.000
6729,2047,-0.488281,25000000.000
6730,2050,0.976562,25000000.000
6731,2050,0.976562,25000000.000
6732,2051,1.464844,25000000.000
6733,2052,1.953125,25000000.000
6734,2053,2.441406,25000000.000
6735,2053,2.441406,25000000.000
6736,2055,3.417969,25000000.000
6737,2055,3.417969,25000000.000
6738,2056,3.906250,25000000.000
6739,2056,3.906250,25000000.000
6740,2055,3.417969,25000000.000
6741,2055,3.417969,25000000.000
6742,2055,3.417969,25000000.000
6743,2054,2.929688,25000000.000
6744,2052,1.953125,25000000.000
6745,2053,2.441406,25000000.000
6746,2051,1.464844,25000000.000
6747,2051,1.464844,25000000.000
6748,2049,0.488281,25000000.000
6749,2048,0.000000,25000000.000
6750,2046,-0.976562,25000000.000
6751,2046,-0.976562,25000000.000
6752,2044,-1.953125,25000000.000
6753,2042,-2.929688,25000000.000
6754,2040,-3.906250,25000000.000
6755,2039,-4.394531,25000000.000
6756,2040,-3.906250,25000000.000
6757,2038,-4.882812,25000000.000
6758,2039,-4.394531,25000000.000
6759,2039,-4.394531,25000000.000
6760,2038,-4.882812,25000000.000
6761,2038,-4.882812,25000000.000
6762,2038,-4.882812,25000000.000
6763,2038,-4.882812,25000000.000
6764,2039,-4.394531,25000000.000
6765,2042,-2.929688,25000000.000
6766,2042,-2.929688,25000000.000
6767,2042,-2.929688,25000000.000
6768,2044,-1.953125,25000000.000
6769,2045,-1.464844,25000000.000
6770,2048,0.000000,25000000.000
6771,2048,0.000000,25000000.000
6772,2048,0.000000,25000000.000
6773,2051,1.464844,25000000.000
6774,2053,2.441406,25000000.000
6775,2051,1.464844,25000000.000
6776,2051,1.464844,25000000.000
6777,2053,2.441406,25000000.000
6778,2053,2.441406,25000000.000
6779,2054,2.929688,25000000.000
6780,2055,3.417969,25000000.000
6781,2056,3.906250,25000000.000
6782,2055,3.417969,25000000.000
6783,2055,3.417969,25000000.000
6784,2055,3.417969,25000000.000
6785,2053,2.441406,25000000.000
6786,2053,2.441406,25000000.000
6787,2052,1.953125,25000000.000
6788,2051,1.464844,25000000.000
6789,2049,0.488281,25000000.000
6790,2044,-1.953125,25000000.000
6791,2044,-1.953125,25000000.000
6792,2046,-0.976562,25000000.000
6793,2046,-0.976562,25000000.000
6794,2044,-1.953125,25000000.000
6795,2039,-4.394531,25000000.000
6796,2038,-4.882812,25000000.000
6797,2040,-3.906250,25000000.000
6798,2039,-4.394531,25000000.000
6799,2039,-4.394531,25000000.000
6800,2038,-4.882812,25000000.000
6801,2036,-5.859375,25000000.000
6802,2038,-4.882812,25000000.000
6803,2038,-4.882812,25000000.000
6804,2040,-3.906250,25000000.000
6805,2039,-4.394531,25000000.000
6806,2040,-3.906250,25000000.000
6807,2039,-4.394531,25000000.000
6808,2042,-2.929688,25000000.000
6809,2044,-1.953125,25000000.000
6810,2044,-1.953125,25000000.000
6811,2044,-1.953125,25000000.000
6812,2048,0.000000,25000000.000
6813,2049,0.488281,25000000.000
6814,2051,1.464844,25000000.000
6815,2049,0.488281,25000000.000
6816,2052,1.953125,25000000.000
6817,2054,2.929688,25000000.000
6818,2055,3.417969,25000000.000
6819,2056,3.906250,25000000.000
6820,2055,3.417969,25000000.000
6821,2056,3.906250,25000000.000
6822,2055,3.417969,25000000.000
6823,2055,3.417969,25000000.000
6824,2057,4.394531,25000000.000
6825,2056,3.906250,25000000.000
6826,2053,2.441406,25000000.000
6827,2053,2.441406,25000000.000
6828,2052,1.953125,25000000.000
6829,2051,1.464844,25000000.000
6830,2050,0.976562,25000000.000
6831,2049,0.488281,25000000.000
6832,2047,-0.488281,25000000.000
6833,2045,-1.464844,25000000.000
6834,2044,-1.953125,25000000.000
6835,2044,-1.953125,25000000.000
6836,2042,-2.929688,25000000.000
6837,2041,-3.417969,25000000.000
6838,2040,-3.906250,25000000.000
6839,2041,-3.417969,25000000.000
6840,2038,-4.882812,25000000.000
6841,2037,-5.371094,25000000.000
6842,2039,-4.394531,25000000.000
6843,2039,-4.394531,25000000.000
6844,2039,-4.394531,25000000.000
6845,2039,-4.394531,25000000.000
6846,2039,-4.394531,25000000.000
6847,2039,-4.394531,25000000.000
6848,2042,-2.929688,25000000.000
6849,2044,-1.953125,25000000.000
6850,2046,-0.976562,25000000.000
6851,2045,-1.464844,25000000.000
6852,2048,0.000000,25000000.000
6853,2048,0.000000,25000000.000
6854,2050,0.976562,25000000.000
6855,2050,0.976562,25000000.000
6856,2052,1.953125,25000000.000
6857,2052,1.953125,25000000.000
6858,2054,2.929688,25000000.000
6859,2054,2.929688,25000000.000
6860,2056,3.906250,25000000.000
6861,2056,3.906250,25000000.000
6862,2055,3.417969,25000000.000
6863,2055,3.417969,25000000.000
6864,2055,3.417969,25000000.000
6865,2055,3.417969,25000000.000
6866,2054,2.929688,25000000.000
6867,2055,3.417969,25000000.000
6868,2053,2.441406,25000000.000
6869,2051,1.464844,25000000.000
6870,2051,1.464844,25000000.000
6871,2050,0.976562,25000000.000
6872,2048,0.000000,25000000.000
6873,2046,-0.976562,25000000.000
6874,2047,-0.488281,25000000.000
6875,2046,-0.976562,25000000.000
6876,2046,-0.976562,25000000.000
6877,2041,-3.417969,25000000.000
6878,2046,-0.976562,25000000.000
6879,2041,-3.417969,25000000.000
6880,2038,-4.882812,25000000.000
6881,2039,-4.394531,25000000.000
6882,2039,-4.394531,25000000.000
6883,2039,-4.394531,25000000.000
6884,2039,-4.394531,25000000.000
6885,2040,-3.906250,25000000.000
6886,2040,-3.906250,25000000.000
6887,2039,-4.394531,25000000.000
6888,2042,-2.929688,25000000.000
6889,2043,-2.441406,25000000.000
6890,2041,-3.417969,25000000.000
6891,2041,-3.417969,25000000.000
6892,2046,-0.976562,25000000.000
6893,2047,-0.488281,25000000.000
6894,2047,-0.488281,25000000.000
6895,2048,0.000000,25000000.000
6896,2051,1.464844,25000000.000
6897,2052,1.953125,25000000.000
6898,2054,2.929688,25000000.000
6899,2053,2.441406,25000000.000
6900,2054,2.929688,25000000.000
6901,2055,3.417969,25000000.000
6902,2056,3.906250,25000000.000
6903,2057,4.394531,25000000.000
6904,2056,3.906250,25000000.000
6905,2057,4.394531,25000000.000
6906,2059,5.371094,25000000.000
6907,2059,5.371094,25000000.000
6908,2054,2.929688,25000000.000
6909,2053,2.441406,25000000.000
6910,2052,1.953125,25000000.000
6911,2051,1.464844,25000000.000
6912,2049,0.488281,25000000.000
6913,2048,0.000000,25000000.000
6914,2046,-0.976562,25000000.000
6915,2047,-0.488281,25000000.000
6916,2044,-1.953125,25000000.000
6917,2043,-2.441406,25000000.000
6918,2043,-2.441406,25000000.000
6919,2042,-2.929688,25000000.000
6920,2039,-4.394531,25000000.000
6921,2039,-4.394531,25000000.000
6922,2039,-4.394531,25000000.000
6923,2039,-4.394531,25000000.000
6924,2039,-4.394531,25000000.000
6925,2038,-4.882812,25000000.000
6926,2038,-4.882812,25000000.000
6927,2038,-4.882812,25000000.000
6928,2038,-4.882812,25000000.000
6929,2042,-2.929688,25000000.000
6930,2041,-3.417969,25000000.000
6931,2040,-3.906250,25000000.000
6932,2043,-2.441406,25000000.000
6933,2044,-1.953125,25000000.000
6934,2046,-0.976562,25000000.000
6935,2046,-0.976562,25000000.000
6936,2049,0.488281,25000000.000
6937,2049,0.488281,25000000.000
6938,2052,1.953125,25000000.000
6939,2052,1.953125,25000000.000
6940,2053,2.441406,25000000.000
6941,2052,1.953125,25000000.000
6942,2056,3.906250,25000000.000
6943,2056,3.906250,25000000.000
6944,2054,2.929688,25000000.000
6945,2054,2.929688,25000000.000
6946,2055,3.417969,25000000.000
6947,2056,3.906250,25000000.000
6948,2055,3.417969,25000000.000
6949,2056,3.906250,25000000.000
6950,2052,1.953125,25000000.000
6951,2055,3.417969,25000000.000
6952,2051,1.464844,25000000.000
6953,2051,1.464844,25000000.000
6954,2049,0.488281,25000000.000
6955,2047,-0.488281,25000000.000
6956,2047,-0.488281,25000000.000
6957,2044,-1.953125,25000000.000
6958,2043,-2.441406,25000000.000
6959,2042,-2.929688,25000000.000
6960,2041,-3.417969,25000000.000
6961,2040,-3.906250,25000000.000
6962,2034,-6.835938,25000000.000
6963,2040,-3.906250,25000000.000
6964,2039,-4.394531,25000000.000
6965,2040,-3.906250,25000000.000
6966,2033,-7.324219,25000000.000
6967,2037,-5.371094,25000000.000
6968,2038,-4.882812,25000000.000
6969,2039,-4.394531,25000000.000
6970,2039,-4.394531,25000000.000
6971,2040,-3.906250,25000000.000
6972,2043,-2.441406,25000000.000
6973,2042,-2.929688,25000000.000
6974,2045,-1.464844,25000000.000
6975,2045,-1.464844,25000000.000
6976,2047,-0.488281,25000000.000
6977,2049,0.488281,25000000.000
6978,2050,0.976562,25000000.000
6979,2050,0.976562,25000000.000
6980,2051,1.464844,25000000.000
6981,2055,3.417969,25000000.000
6982,2055,3.417969,25000000.000
6983,2056,3.906250,25000000.000
6984,2055,3.417969,25000000.000
6985,2055,3.417969,25000000.000
6986,2055,3.417969,25000000.000
6987,2056,3.906250,25000000.000
6988,2057,4.394531,25000000.000
6989,2055,3.417969,25000000.000
6990,2054,2.929688,25000000.000
6991,2054,2.929688,25000000.000
6992,2052,1.953125,25000000.000
6993,2053,2.441406,25000000.000
6994,2049,0.488281,25000000.000
6995,2049,0.488281,25000000.000
6996,2048,0.000000,25000000.000
6997,2045,-1.464844,25000000.000
6998,2044,-1.953125,25000000.000
6999,2045,-1.464844,25000000.000
7000,2042,-2.929688,25000000.000
7001,2040,-3.906250,25000000.000
7002,2039,-4.394531,25000000.000
7003,2040,-3.906250,25000000.000
7004,2039,-4.394531,25000000.000
7005,2038,-4.882812,25000000.000
7006,2039,-4.394531,25000000.000
7007,2038,-4.882812,25000000.000
7008,2037,-5.371094,25000000.000
7009,2039,-4.394531,25000000.000
7010,2039,-4.394531,25000000.000
7011,2039,-4.394531,25000000.000
7012,2039,-4.394531,25000000.000
7013,2042,-2.929688,25000000.000
7014,2043,-2.441406,25000000.000
7015,2043,-2.441406,25000000.000
7016,2046,-0.976562,25000000.000
7017,2047,-0.488281,25000000.000
7018,2050,0.976562,25000000.000
7019,2050,0.976562,25000000.000
7020,2052,1.953125,25000000.000
7021,2052,1.953125,25000000.000
7022,2054,2.929688,25000000.000
7023,2054,2.929688,25000000.000
7024,2057,4.394531,25000000.000
7025,2055,3.417969,25000000.000
7026,2057,4.394531,25000000.000
7027,2055,3.417969,25000000.000
7028,2057,4.394531,25000000.000
7029,2057,4.394531,25000000.000
7030,2055,3.417969,25000000.000
7031,2056,3.906250,25000000.000
7032,2055,3.417969,25000000.000
7033,2052,1.953125,25000000.000
7034,2051,1.464844,25000000.000
7035,2052,1.953125,25000000.000
7036,2050,0.976562,25000000.000
7037,2047,-0.488281,25000000.000
7038,2047,-0.488281,25000000.000
7039,2046,-0.976562,25000000.000
7040,2043,-2.441406,25000000.000
7041,2041,-3.417969,25000000.000
7042,2041,-3.417969,25000000.000
7043,2041,-3.417969,25000000.000
7044,2039,-4.394531,25000000.000
7045,2039,-4.394531,25000000.000
7046,2038,-4.882812,25000000.000
7047,2038,-4.882812,25000000.000
7048,2038,-4.882812,25000000.000
7049,2039,-4.394531,25000000.000
7050,2040,-3.906250,25000000.000
7051,2039,-4.394531,25000000.000
7052,2040,-3.906250,25000000.000
7053,2042,-2.929688,25000000.000
7054,2043,-2.441406,25000000.000
7055,2042,-2.929688,25000000.000
7056,2045,-1.464844,25000000.000
7057,2047,-0.488281,25000000.000
7058,2047,-0.488281,25000000.000
7059,2048,0.000000,25000000.000
7060,2051,1.464844,25000000.000
7061,2053,2.441406,25000000.000
7062,2053,2.441406,25000000.000
7063,2053,2.441406,25000000.000
7064,2054,2.929688,25000000.000
7065,2055,3.417969,25000000.000
7066,2054,2.929688,25000000.000
7067,2056,3.906250,25000000.000
7068,2055,3.417969,25000000.000
7069,2054,2.929688,25000000.000
7070,2055,3.417969,25000000.000
7071,2056,3.906250,25000000.000
7072,2053,2.441406,25000000.000
7073,2053,2.441406,25000000.000
7074,2052,1.953125,25000000.000
7075,2053,2.441406,25000000.000
7076,2049,0.488281,25000000.000
7077,2048,0.000000,25000000.000
7078,2048,0.000000,25000000.000
7079,2047,-0.488281,25000000.000
7080,2044,-1.953125,25000000.000
7081,2043,-2.441406,25000000.000
7082,2042,-2.929688,25000000.000
7083,2043,-2.441406,25000000.000
7084,2041,-3.417969,25000000.000
7085,2040,-3.906250,25000000.000
7086,2039,-4.394531,25000000.000
7087,2039,-4.394531,25000000.000
7088,2040,-3.906250,25000000.000
7089,2039,-4.394531,25000000.000
7090,2038,-4.882812,25000000.000
7091,2038,-4.882812,25000000.000
7092,2040,-3.906250,25000000.000
7093,2041,-3.417969,25000000.000
7094,2041,-3.417969,25000000.000
7095,2041,-3.417969,25000000.000
7096,2044,-1.953125,25000000.000
7097,2046,-0.976562,25000000.000
7098,2045,-1.464844,25000000.000
7099,2046,-0.976562,25000000.000
7100,2051,1.464844,25000000.000
7101,2049,0.488281,25000000.000
7102,2053,2.441406,25000000.000
7103,2052,1.953125,25000000.000
7104,2053,2.441406,25000000.000
7105,2054,2.929688,25000000.000
7106,2056,3.906250,25000000.000
7107,2055,3.417969,25000000.000
7108,2054,2.929688,25000000.000
7109,2056,3.906250,25000000.000
7110,2055,3.417969,25000000.000
7111,2056,3.906250,25000000.000
7112,2054,2.929688,25000000.000
7113,2054,2.929688,25000000.000
7114,2054,2.929688,25000000.000
7115,2054,2.929688,25000000.000
7116,2050,0.976562,25000000.000
7117,2049,0.488281,25000000.000
7118,2050,0.976562,25000000.000
7119,2048,0.000000,25000000.000
7120,2046,-0.976562,25000000.000
7121,2045,-1.464844,25000000.000
7122,2044,-1.953125,25000000.000
7123,2043,-2.441406,25000000.000
7124,2042,-2.929688,25000000.000
7125,2040,-3.906250,25000000.000
7126,2039,-4.394531,25000000.000
7127,2039,-4.394531,25000000.000
7128,2038,-4.882812,25000000.000
7129,2039,-4.394531,25000000.000
7130,2038,-4.882812,25000000.000
7131,2038,-4.882812,25000000.000
7132,2040,-3.906250,25000000.000
7133,2039,-4.394531,25000000.000
7134,2040,-3.906250,25000000.000
7135,2040,-3.906250,25000000.000
7136,2042,-2.929688,25000000.000
7137,2043,-2.441406,25000000.000
7138,2044,-1.953125,25000000.000
7139,2044,-1.953125,25000000.000
7140,2047,-0.488281,25000000.000
7141,2049,0.488281,25000000.000
7142,2050,0.976562,25000000.000
7143,2049,0.488281,25000000.000
7144,2051,1.464844,25000000.000
7145,2054,2.929688,25000000.000
7146,2053,2.441406,25000000.000
7147,2053,2.441406,25000000.000
7148,2053,2.441406,25000000.000
7149,2055,3.417969,25000000.000
7150,2055,3.417969,25000000.000
7151,2055,3.417969,25000000.000
7152,2054,2.929688,25000000.000
7153,2053,2.441406,25000000.000
7154,2051,1.464844,25000000.000
7155,2052,1.953125,25000000.000
7156,2051,1.464844,25000000.000
7157,2049,0.488281,25000000.000
7158,2046,-0.976562,25000000.000
7159,2047,-0.488281,25000000.000
7160,2046,-0.976562,25000000.000
7161,2045,-1.464844,25000000.000
7162,2042,-2.929688,25000000.000
7163,2044,-1.953125,25000000.000
7164,2041,-3.417969,25000000.000
7165,2039,-4.394531,25000000.000
7166,2039,-4.394531,25000000.000
7167,2039,-4.394531,25000000.000
7168,2038,-4.882812,25000000.000
7169,2039,-4.394531,25000000.000
7170,2037,-5.371094,25000000.000
7171,2036,-5.859375,25000000.000
7172,2038,-4.882812,25000000.000
7173,2039,-4.394531,25000000.000
7174,2042,-2.929688,25000000.000
7175,2042,-2.929688,25000000.000
7176,2038,-4.882812,25000000.000
7177,2044,-1.953125,25000000.000
7178,2043,-2.441406,25000000.000
7179,2044,-1.953125,25000000.000
7180,2046,-0.976562,25000000.000
7181,2047,-0.488281,25000000.000
7182,2047,-0.488281,25000000.000
7183,2048,0.000000,25000000.000
7184,2054,2.929688,25000000.000
7185,2054,2.929688,25000000.000
7186,2056,3.906250,25000000.000
7187,2054,2.929688,25000000.000
7188,2059,5.371094,25000000.000
7189,2057,4.394531,25000000.000
7190,2056,3.906250,25000000.000
7191,2056,3.906250,25000000.000
7192,2052,1.953125,25000000.000
7193,2054,2.929688,25000000.000
7194,2054,2.929688,25000000.000
7195,2053,2.441406,25000000.000
7196,2051,1.464844,25000000.000
7197,2050,0.976562,25000000.000
7198,2048,0.000000,25000000.000
7199,2050,0.976562,25000000.000
7200,2049,0.488281,25000000.000
7201,2047,-0.488281,25000000.000
7202,2045,-1.464844,25000000.000
7203,2045,-1.464844,25000000.000
7204,2043,-2.441406,25000000.000
7205,2043,-2.441406,25000000.000
7206,2042,-2.929688,25000000.000
7207,2042,-2.929688,25000000.000
7208,2040,-3.906250,25000000.000
7209,2040,-3.906250,25000000.000
7210,2039,-4.394531,25000000.000
7211,2039,-4.394531,25000000.000
7212,2038,-4.882812,25000000.000
7213,2040,-3.906250,25000000.000
7214,2041,-3.417969,25000000.000
7215,2039,-4.394531,25000000.000
7216,2041,-3.417969,25000000.000
7217,2042,-2.929688,25000000.000
7218,2043,-2.441406,25000000.000
7219,2043,-2.441406,25000000.000
7220,2047,-0.488281,25000000.000
7221,2047,-0.488281,25000000.000
7222,2049,0.488281,25000000.000
7223,2048,0.000000,25000000.000
7224,2051,1.464844,25000000.000
7225,2052,1.953125,25000000.000
7226,2053,2.441406,25000000.000
7227,2052,1.953125,25000000.000
7228,2055,3.417969,25000000.000
7229,2054,2.929688,25000000.000
7230,2055,3.417969,25000000.000
7231,2056,3.906250,25000000.000
7232,2056,3.906250,25000000.000
7233,2054,2.929688,25000000.000
7234,2055,3.417969,25000000.000
7235,2054,2.929688,25000000.000
7236,2054,2.929688,25000000.000
7237,2053,2.441406,25000000.000
7238,2053,2.441406,25000000.000
7239,2052,1.953125,25000000.000
7240,2049,0.488281,25000000.000
7241,2048,0.000000,25000000.000
7242,2047,-0.488281,25000000.000
7243,2047,-0.488281,25000000.000
7244,2045,-1.464844,25000000.000
7245,2044,-1.953125,25000000.000
7246,2042,-2.929688,25000000.000
7247,2044,-1.953125,25000000.000
7248,2040,-3.906250,25000000.000
7249,2041,-3.417969,25000000.000
7250,2041,-3.417969,25000000.000
7251,2040,-3.906250,25000000.000
7252,2028,-9.765625,25000000.000
7253,2039,-4.394531,25000000.000
7254,2038,-4.882812,25000000.000
7255,2036,-5.859375,25000000.000
7256,2041,-3.417969,25000000.000
7257,2039,-4.394531,25000000.000
7258,2041,-3.417969,25000000.000
7259,2041,-3.417969,25000000.000
7260,2043,-2.441406,25000000.000
7261,2045,-1.464844,25000000.000
7262,2045,-1.464844,25000000.000
7263,2045,-1.464844,25000000.000
7264,2048,0.000000,25000000.000
7265,2050,0.976562,25000000.000
7266,2050,0.976562,25000000.000
7267,2049,0.488281,25000000.000
7268,2052,1.953125,25000000.000
7269,2052,1.953125,25000000.000
7270,2053,2.441406,25000000.000
7271,2053,2.441406,25000000.000
7272,2054,2.929688,25000000.000
7273,2054,2.929688,25000000.000
7274,2055,3.417969,25000000.000
7275,2055,3.417969,25000000.000
7276,2053,2.441406,25000000.000
7277,2054,2.929688,25000000.000
7278,2054,2.929688,25000000.000
7279,2052,1.953125,25000000.000
7280,2051,1.464844,25000000.000
7281,2051,1.464844,25000000.000
7282,2049,0.488281,25000000.000
7283,2048,0.000000,25000000.000
7284,2048,0.000000,25000000.000
7285,2045,-1.464844,25000000.000
7286,2044,-1.953125,25000000.000
7287,2045,-1.464844,25000000.000
7288,2042,-2.929688,25000000.000
7289,2042,-2.929688,25000000.000
7290,2041,-3.417969,25000000.000
7291,2040,-3.906250,25000000.000
7292,2039,-4.394531,25000000.000
7293,2041,-3.417969,25000000.000
7294,2040,-3.906250,25000000.000
7295,2037,-5.371094,25000000.000
7296,2039,-4.394531,25000000.000
7297,2039,-4.394531,25000000.000
7298,2044,-1.953125,25000000.000
7299,2039,-4.394531,25000000.000
7300,2043,-2.441406,25000000.000
7301,2044,-1.953125,25000000.000
7302,2045,-1.464844,25000000.000
7303,2046,-0.976562,25000000.000
7304,2049,0.488281,25000000.000
7305,2049,0.488281,25000000.000
7306,2051,1.464844,25000000.000
7307,2049,0.488281,25000000.000
7308,2052,1.953125,25000000.000
7309,2055,3.417969,25000000.000
7310,2054,2.929688,25000000.000
7311,2055,3.417969,25000000.000
7312,2054,2.929688,25000000.000
7313,2057,4.394531,25000000.000
7314,2048,0.000000,25000000.000
7315,2060,5.859375,25000000.000
7316,2058,4.882812,25000000.000
7317,2054,2.929688,25000000.000
7318,2055,3.417969,25000000.000
7319,2054,2.929688,25000000.000
7320,2052,1.953125,25000000.000
7321,2052,1.953125,25000000.000
7322,2049,0.488281,25000000.000
7323,2050,0.976562,25000000.000
7324,2049,0.488281,25000000.000
7325,2047,-0.488281,25000000.000
7326,2045,-1.464844,25000000.000
7327,2045,-1.464844,25000000.000
7328,2043,-2.441406,25000000.000
7329,2042,-2.929688,25000000.000
7330,2039,-4.394531,25000000.000
7331,2040,-3.906250,25000000.000
7332,2039,-4.394531,25000000.000
7333,2039,-4.394531,25000000.000
7334,2040,-3.906250,25000000.000
7335,2039,-4.394531,25000000.000
7336,2038,-4.882812,25000000.000
7337,2038,-4.882812,25000000.000
7338,2039,-4.394531,25000000.000
7339,2040,-3.906250,25000000.000
7340,2041,-3.417969,25000000.000
7341,2042,-2.929688,25000000.000
7342,2044,-1.953125,25000000.000
7343,2042,-2.929688,25000000.000
7344,2045,-1.464844,25000000.000
7345,2048,0.000000,25000000.000
7346,2048,0.000000,25000000.000
7347,2049,0.488281,25000000.000
7348,2049,0.488281,25000000.000
7349,2051,1.464844,25000000.000
7350,2053,2.441406,25000000.000
7351,2052,1.953125,25000000.000
7352,2054,2.929688,25000000.000
7353,2053,2.441406,25000000.000
7354,2056,3.906250,25000000.000
7355,2054,2.929688,25000000.000
7356,2056,3.906250,25000000.000
7357,2054,2.929688,25000000.000
7358,2054,2.929688,25000000.000
7359,2054,2.929688,25000000.000
7360,2053,2.441406,25000000.000
7361,2052,1.953125,25000000.000
7362,2050,0.976562,25000000.000
7363,2051,1.464844,25000000.000
7364,2047,-0.488281,25000000.000
7365,2047,-0.488281,25000000.000
7366,2048,0.000000,25000000.000
7367,2045,-1.464844,25000000.000
7368,2043,-2.441406,25000000.000
7369,2041,-3.417969,25000000.000
7370,2042,-2.929688,25000000.000
7371,2042,-2.929688,25000000.000
7372,2039,-4.394531,25000000.000
7373,2038,-4.882812,25000000.000
7374,2038,-4.882812,25000000.000
7375,2038,-4.882812,25000000.000
7376,2038,-4.882812,25000000.000
7377,2038,-4.882812,25000000.000
7378,2039,-4.394531,25000000.000
7379,2038,-4.882812,25000000.000
7380,2039,-4.394531,25000000.000
7381,2041,-3.417969,25000000.000
7382,2042,-2.929688,25000000.000
7383,2042,-2.929688,25000000.000
7384,2044,-1.953125,25000000.000
7385,2045,-1.464844,25000000.000
7386,2046,-0.976562,25000000.000
7387,2046,-0.976562,25000000.000
7388,2049,0.488281,25000000.000
7389,2050,0.976562,25000000.000
7390,2050,0.976562,25000000.000
7391,2050,0.976562,25000000.000
7392,2053,2.441406,25000000.000
7393,2054,2.929688,25000000.000
7394,2054,2.929688,25000000.000
7395,2054,2.929688,25000000.000
7396,2054,2.929688,25000000.000
7397,2054,2.929688,25000000.000
7398,2055,3.417969,25000000.000
7399,2055,3.417969,25000000.000
7400,2054,2.929688,25000000.000
7401,2053,2.441406,25000000.000
7402,2053,2.441406,25000000.000
7403,2052,1.953125,25000000.000
7404,2051,1.464844,25000000.000
7405,2049,0.488281,25000000.000
7406,2049,0.488281,25000000.000
7407,2048,0.000000,25000000.000
7408,2045,-1.464844,25000000.000
7409,2045,-1.464844,25000000.000
7410,2044,-1.953125,25000000.000
7411,2044,-1.953125,25000000.000
7412,2042,-2.929688,25000000.000
7413,2042,-2.929688,25000000.000
7414,2040,-3.906250,25000000.000
7415,2040,-3.906250,25000000.000
7416,2039,-4.394531,25000000.000
7417,2039,-4.394531,25000000.000
7418,2039,-4.394531,25000000.000
7419,2039,-4.394531,25000000.000
7420,2040,-3.906250,25000000.000
7421,2040,-3.906250,25000000.000
7422,2041,-3.417969,25000000.000
7423,2041,-3.417969,25000000.000
7424,2043,-2.441406,25000000.000
7425,2045,-1.464844,25000000.000
7426,2044,-1.953125,25000000.000
7427,2045,-1.464844,25000000.000
7428,2047,-0.488281,25000000.000
7429,2049,0.488281,25000000.000
7430,2050,0.976562,25000000.000
7431,2051,1.464844,25000000.000
7432,2052,1.953125,25000000.000
7433,2053,2.441406,25000000.000
7434,2056,3.906250,25000000.000
7435,2055,3.417969,25000000.000
7436,2056,3.906250,25000000.000
7437,2056,3.906250,25000000.000
7438,2057,4.394531,25000000.000
7439,2056,3.906250,25000000.000
7440,2054,2.929688,25000000.000
7441,2055,3.417969,25000000.000
7442,2053,2.441406,25000000.000
7443,2054,2.929688,25000000.000
7444,2052,1.953125,25000000.000
7445,2051,1.464844,25000000.000
7446,2049,0.488281,25000000.000
7447,2050,0.976562,25000000.000
7448,2048,0.000000,25000000.000
7449,2047,-0.488281,25000000.000
7450,2045,-1.464844,25000000.000
7451,2046,-0.976562,25000000.000
7452,2044,-1.953125,25000000.000
7453,2041,-3.417969,25000000.000
7454,2041,-3.417969,25000000.000
7455,2039,-4.394531,25000000.000
7456,2041,-3.417969,25000000.000
7457,2041,-3.417969,25000000.000
7458,2038,-4.882812,25000000.000
7459,2040,-3.906250,25000000.000
7460,2039,-4.394531,25000000.000
7461,2039,-4.394531,25000000.000
7462,2039,-4.394531,25000000.000
7463,2042,-2.929688,25000000.000
7464,2042,-2.929688,25000000.000
7465,2042,-2.929688,25000000.000
7466,2044,-1.953125,25000000.000
7467,2044,-1.953125,25000000.000
7468,2046,-0.976562,25000000.000
7469,2047,-0.488281,25000000.000
7470,2050,0.976562,25000000.000
7471,2048,0.000000,25000000.000
7472,2051,1.464844,25000000.000
7473,2052,1.953125,25000000.000
7474,2054,2.929688,25000000.000
7475,2053,2.441406,25000000.000
7476,2054,2.929688,25000000.000
7477,2056,3.906250,25000000.000
7478,2055,3.417969,25000000.000
7479,2057,4.394531,25000000.000
7480,2055,3.417969,25000000.000
7481,2054,2.929688,25000000.000
7482,2055,3.417969,25000000.000
7483,2057,4.394531,25000000.000
7484,2054,2.929688,25000000.000
7485,2052,1.953125,25000000.000
7486,2052,1.953125,25000000.000
7487,2051,1.464844,25000000.000
7488,2050,0.976562,25000000.000
7489,2048,0.000000,25000000.000
7490,2046,-0.976562,25000000.000
7491,2047,-0.488281,25000000.000
7492,2044,-1.953125,25000000.000
7493,2043,-2.441406,25000000.000
7494,2042,-2.929688,25000000.000
7495,2042,-2.929688,25000000.000
7496,2040,-3.906250,25000000.000
7497,2040,-3.906250,25000000.000
7498,2038,-4.882812,25000000.000
7499,2039,-4.394531,25000000.000
7500,2040,-3.906250,25000000.000
7501,2039,-4.394531,25000000.000
7502,2039,-4.394531,25000000.000
7503,2041,-3.417969,25000000.000
7504,2041,-3.417969,25000000.000
7505,2042,-2.929688,25000000.000
7506,2043,-2.441406,25000000.000
7507,2043,-2.441406,25000000.000
7508,2044,-1.953125,25000000.000
7509,2046,-0.976562,25000000.000
7510,2046,-0.976562,25000000.000
7511,2047,-0.488281,25000000.000
7512,2048,0.000000,25000000.000
7513,2050,0.976562,25000000.000
7514,2051,1.464844,25000000.000
7515,2051,1.464844,25000000.000
7516,2054,2.929688,25000000.000
7517,2054,2.929688,25000000.000
7518,2054,2.929688,25000000.000
7519,2053,2.441406,25000000.000
7520,2054,2.929688,25000000.000
7521,2055,3.417969,25000000.000
7522,2054,2.929688,25000000.000
7523,2054,2.929688,25000000.000
7524,2054,2.929688,25000000.000
7525,2053,2.441406,25000000.000
7526,2052,1.953125,25000000.000
7527,2051,1.464844,25000000.000
7528,2049,0.488281,25000000.000
7529,2049,0.488281,25000000.000
7530,2047,-0.488281,25000000.000
7531,2047,-0.488281,25000000.000
7532,2045,-1.464844,25000000.000
7533,2043,-2.441406,25000000.000
7534,2043,-2.441406,25000000.000
7535,2042,-2.929688,25000000.000
7536,2042,-2.929688,25000000.000
7537,2040,-3.906250,25000000.000
7538,2039,-4.394531,25000000.000
7539,2038,-4.882812,25000000.000
7540,2038,-4.882812,25000000.000
7541,2037,-5.371094,25000000.000
7542,2039,-4.394531,25000000.000
7543,2040,-3.906250,25000000.000
7544,2039,-4.394531,25000000.000
7545,2041,-3.417969,25000000.000
7546,2042,-2.929688,25000000.000
7547,2042,-2.929688,25000000.000
7548,2043,-2.441406,25000000.000
7549,2045,-1.464844,25000000.000
7550,2047,-0.488281,25000000.000
7551,2045,-1.464844,25000000.000
7552,2048,0.000000,25000000.000
7553,2048,0.000000,25000000.000
7554,2050,0.976562,25000000.000
7555,2051,1.464844,25000000.000
7556,2053,2.441406,25000000.000
7557,2053,2.441406,25000000.000
7558,2052,1.953125,25000000.000
7559,2052,1.953125,25000000.000
7560,2054,2.929688,25000000.000
7561,2054,2.929688,25000000.000
7562,2053,2.441406,25000000.000
7563,2053,2.441406,25000000.000
7564,2053,2.441406,25000000.000
7565,2052,1.953125,25000000.000
7566,2052,1.953125,25000000.000
7567,2051,1.464844,25000000.000
7568,2052,1.953125,25000000.000
7569,2050,0.976562,25000000.000
7570,2050,0.976562,25000000.000
7571,2049,0.488281,25000000.000
7572,2044,-1.953125,25000000.000
7573,2046,-0.976562,25000000.000
7574,2043,-2.441406,25000000.000
7575,2045,-1.464844,25000000.000
7576,2041,-3.417969,25000000.000
7577,2042,-2.929688,25000000.000
7578,2039,-4.394531,25000000.000
7579,2041,-3.417969,25000000.000
7580,2040,-3.906250,25000000.000
7581,2039,-4.394531,25000000.000
7582,2040,-3.906250,25000000.000
7583,2040,-3.906250,25000000.000
7584,2040,-3.906250,25000000.000
7585,2040,-3.906250,25000000.000
7586,2041,-3.417969,25000000.000
7587,2040,-3.906250,25000000.000
7588,2043,-2.441406,25000000.000
7589,2044,-1.953125,25000000.000
7590,2044,-1.953125,25000000.000
7591,2044,-1.953125,25000000.000
7592,2047,-0.488281,25000000.000
7593,2048,0.000000,25000000.000
7594,2049,0.488281,25000000.000
7595,2050,0.976562,25000000.000
7596,2050,0.976562,25000000.000
7597,2049,0.488281,25000000.000
7598,2060,5.859375,25000000.000
7599,2050,0.976562,25000000.000
7600,2053,2.441406,25000000.000
7601,2052,1.953125,25000000.000
7602,2056,3.906250,25000000.000
7603,2054,2.929688,25000000.000
7604,2052,1.953125,25000000.000
7605,2055,3.417969,25000000.000
7606,2054,2.929688,25000000.000
7607,2052,1.953125,25000000.000
7608,2051,1.464844,25000000.000
7609,2050,0.976562,25000000.000
7610,2050,0.976562,25000000.000
7611,2051,1.464844,25000000.000
7612,2048,0.000000,25000000.000
7613,2047,-0.488281,25000000.000
7614,2045,-1.464844,25000000.000
7615,2046,-0.976562,25000000.000
7616,2044,-1.953125,25000000.000
7617,2042,-2.929688,25000000.000
7618,2041,-3.417969,25000000.000
7619,2040,-3.906250,25000000.000
7620,2041,-3.417969,25000000.000
7621,2039,-4.394531,25000000.000
7622,2038,-4.882812,25000000.000
7623,2039,-4.394531,25000000.000
7624,2040,-3.906250,25000000.000
7625,2041,-3.417969,25000000.000
7626,2039,-4.394531,25000000.000
7627,2040,-3.906250,25000000.000
7628,2043,-2.441406,25000000.000
7629,2042,-2.929688,25000000.000
7630,2043,-2.441406,25000000.000
7631,2044,-1.953125,25000000.000
7632,2047,-0.488281,25000000.000
7633,2047,-0.488281,25000000.000
7634,2048,0.000000,25000000.000
7635,2049,0.488281,25000000.000
7636,2051,1.464844,25000000.000
7637,2051,1.464844,25000000.000
7638,2053,2.441406,25000000.000
7639,2052,1.953125,25000000.000
7640,2051,1.464844,25000000.000
7641,2053,2.441406,25000000.000
7642,2053,2.441406,25000000.000
7643,2056,3.906250,25000000.000
7644,2055,3.417969,25000000.000
7645,2057,4.394531,25000000.000
7646,2054,2.929688,25000000.000
7647,2053,2.441406,25000000.000
7648,2052,1.953125,25000000.000
7649,2053,2.441406,25000000.000
7650,2052,1.953125,25000000.000
7651,2052,1.953125,25000000.000
7652,2049,0.488281,25000000.000
7653,2047,-0.488281,25000000.000
7654,2046,-0.976562,25000000.000
7655,2045,-1.464844,25000000.000
7656,2045,-1.464844,25000000.000
7657,2043,-2.441406,25000000.000
7658,2041,-3.417969,25000000.000
7659,2042,-2.929688,25000000.000
7660,2042,-2.929688,25000000.000
7661,2041,-3.417969,25000000.000
7662,2040,-3.906250,25000000.000
7663,2042,-2.929688,25000000.000
7664,2040,-3.906250,25000000.000
7665,2040,-3.906250,25000000.000
7666,2042,-2.929688,25000000.000
7667,2042,-2.929688,25000000.000
7668,2043,-2.441406,25000000.000
7669,2042,-2.929688,25000000.000
7670,2044,-1.953125,25000000.000
7671,2043,-2.441406,25000000.000
7672,2045,-1.464844,25000000.000
7673,2045,-1.464844,25000000.000
7674,2047,-0.488281,25000000.000
7675,2047,-0.488281,25000000.000
7676,2049,0.488281,25000000.000
7677,2052,1.953125,25000000.000
7678,2051,1.464844,25000000.000
7679,2051,1.464844,25000000.000
7680,2052,1.953125,25000000.000
7681,2053,2.441406,25000000.000
7682,2054,2.929688,25000000.000
7683,2053,2.441406,25000000.000
7684,2054,2.929688,25000000.000
7685,2054,2.929688,25000000.000
7686,2054,2.929688,25000000.000
7687,2053,2.441406,25000000.000
7688,2054,2.929688,25000000.000
7689,2052,1.953125,25000000.000
7690,2052,1.953125,25000000.000
7691,2051,1.464844,25000000.000
7692,2050,0.976562,25000000.000
7693,2050,0.976562,25000000.000
7694,2048,0.000000,25000000.000
7695,2048,0.000000,25000000.000
7696,2045,-1.464844,25000000.000
7697,2043,-2.441406,25000000.000
7698,2045,-1.464844,25000000.000
7699,2044,-1.953125,25000000.000
7700,2044,-1.953125,25000000.000
7701,2041,-3.417969,25000000.000
7702,2041,-3.417969,25000000.000
7703,2041,-3.417969,25000000.000
7704,2040,-3.906250,25000000.000
7705,2039,-4.394531,25000000.000
7706,2042,-2.929688,25000000.000
7707,2039,-4.394531,25000000.000
7708,2041,-3.417969,25000000.000
7709,2041,-3.417969,25000000.000
7710,2040,-3.906250,25000000.000
7711,2042,-2.929688,25000000.000
7712,2042,-2.929688,25000000.000
7713,2044,-1.953125,25000000.000
7714,2044,-1.953125,25000000.000
7715,2045,-1.464844,25000000.000
7716,2047,-0.488281,25000000.000
7717,2048,0.000000,25000000.000
7718,2049,0.488281,25000000.000
7719,2048,0.000000,25000000.000
7720,2050,0.976562,25000000.000
7721,2052,1.953125,25000000.000
7722,2053,2.441406,25000000.000
7723,2050,0.976562,25000000.000
7724,2052,1.953125,25000000.000
7725,2053,2.441406,25000000.000
7726,2054,2.929688,25000000.000
7727,2054,2.929688,25000000.000
7728,2052,1.953125,25000000.000
7729,2052,1.953125,25000000.000
7730,2051,1.464844,25000000.000
7731,2051,1.464844,25000000.000
7732,2050,0.976562,25000000.000
7733,2049,0.488281,25000000.000
7734,2048,0.000000,25000000.000
7735,2048,0.000000,25000000.000
7736,2047,-0.488281,25000000.000
7737,2044,-1.953125,25000000.000
7738,2043,-2.441406,25000000.000
7739,2045,-1.464844,25000000.000
7740,2041,-3.417969,25000000.000
7741,2041,-3.417969,25000000.000
7742,2041,-3.417969,25000000.000
7743,2041,-3.417969,25000000.000
7744,2040,-3.906250,25000000.000
7745,2039,-4.394531,25000000.000
7746,2039,-4.394531,25000000.000
7747,2040,-3.906250,25000000.000
7748,2040,-3.906250,25000000.000
7749,2039,-4.394531,25000000.000
7750,2041,-3.417969,25000000.000
7751,2040,-3.906250,25000000.000
7752,2043,-2.441406,25000000.000
7753,2043,-2.441406,25000000.000
7754,2043,-2.441406,25000000.000
7755,2043,-2.441406,25000000.000
7756,2046,-0.976562,25000000.000
7757,2047,-0.488281,25000000.000
7758,2047,-0.488281,25000000.000
7759,2047,-0.488281,25000000.000
7760,2050,0.976562,25000000.000
7761,2051,1.464844,25000000.000
7762,2050,0.976562,25000000.000
7763,2052,1.953125,25000000.000
7764,2052,1.953125,25000000.000
7765,2052,1.953125,25000000.000
7766,2052,1.953125,25000000.000
7767,2054,2.929688,25000000.000
7768,2054,2.929688,25000000.000
7769,2054,2.929688,25000000.000
7770,2053,2.441406,25000000.000
7771,2053,2.441406,25000000.000
7772,2052,1.953125,25000000.000
7773,2050,0.976562,25000000.000
7774,2049,0.488281,25000000.000
7775,2049,0.488281,25000000.000
7776,2048,0.000000,25000000.000
7777,2047,-0.488281,25000000.000
7778,2046,-0.976562,25000000.000
7779,2046,-0.976562,25000000.000
7780,2043,-2.441406,25000000.000
7781,2043,-2.441406,25000000.000
7782,2041,-3.417969,25000000.000
7783,2039,-4.394531,25000000.000
7784,2042,-2.929688,25000000.000
7785,2041,-3.417969,25000000.000
7786,2039,-4.394531,25000000.000
7787,2039,-4.394531,25000000.000
7788,2042,-2.929688,25000000.000
7789,2037,-5.371094,25000000.000
7790,2040,-3.906250,25000000.000
7791,2039,-4.394531,25000000.000
7792,2045,-1.464844,25000000.000
7793,2040,-3.906250,25000000.000
7794,2044,-1.953125,25000000.000
7795,2041,-3.417969,25000000.000
7796,2046,-0.976562,25000000.000
7797,2045,-1.464844,25000000.000
7798,2048,0.000000,25000000.000
7799,2047,-0.488281,25000000.000
7800,2051,1.464844,25000000.000
7801,2051,1.464844,25000000.000
7802,2053,2.441406,25000000.000
7803,2052,1.953125,25000000.000
7804,2054,2.929688,25000000.000
7805,2054,2.929688,25000000.000
7806,2054,2.929688,25000000.000
7807,2055,3.417969,25000000.000
7808,2053,2.441406,25000000.000
7809,2056,3.906250,25000000.000
7810,2055,3.417969,25000000.000
7811,2054,2.929688,25000000.000
7812,2053,2.441406,25000000.000
7813,2053,2.441406,25000000.000
7814,2051,1.464844,25000000.000
7815,2052,1.953125,25000000.000
7816,2050,0.976562,25000000.000
7817,2049,0.488281,25000000.000
7818,2046,-0.976562,25000000.000
7819,2047,-0.488281,25000000.000
7820,2045,-1.464844,25000000.000
7821,2044,-1.953125,25000000.000
7822,2044,-1.953125,25000000.000
7823,2043,-2.441406,25000000.000
7824,2042,-2.929688,25000000.000
7825,2042,-2.929688,25000000.000
7826,2041,-3.417969,25000000.000
7827,2041,-3.417969,25000000.000
7828,2040,-3.906250,25000000.000
7829,2040,-3.906250,25000000.000
7830,2040,-3.906250,25000000.000
7831,2040,-3.906250,25000000.000
7832,2041,-3.417969,25000000.000
7833,2040,-3.906250,25000000.000
7834,2044,-1.953125,25000000.000
7835,2042,-2.929688,25000000.000
7836,2042,-2.929688,25000000.000
7837,2045,-1.464844,25000000.000
7838,2046,-0.976562,25000000.000
7839,2046,-0.976562,25000000.000
7840,2046,-0.976562,25000000.000
7841,2049,0.488281,25000000.000
7842,2050,0.976562,25000000.000
7843,2050,0.976562,25000000.000
7844,2052,1.953125,25000000.000
7845,2054,2.929688,25000000.000
7846,2053,2.441406,25000000.000
7847,2052,1.953125,25000000.000
7848,2053,2.441406,25000000.000
7849,2053,2.441406,25000000.000
7850,2053,2.441406,25000000.000
7851,2053,2.441406,25000000.000
7852,2054,2.929688,25000000.000
7853,2052,1.953125,25000000.000
7854,2052,1.953125,25000000.000
7855,2051,1.464844,25000000.000
7856,2051,1.464844,25000000.000
7857,2049,0.488281,25000000.000
7858,2047,-0.488281,25000000.000
7859,2048,0.000000,25000000.000
7860,2046,-0.976562,25000000.000
7861,2045,-1.464844,25000000.000
7862,2044,-1.953125,25000000.000
7863,2044,-1.953125,25000000.000
7864,2043,-2.441406,25000000.000
7865,2041,-3.417969,25000000.000
7866,2040,-3.906250,25000000.000
7867,2042,-2.929688,25000000.000
7868,2041,-3.417969,25000000.000
7869,2039,-4.394531,25000000.000
7870,2039,-4.394531,25000000.000
7871,2039,-4.394531,25000000.000
7872,2039,-4.394531,25000000.000
7873,2039,-4.394531,25000000.000
7874,2041,-3.417969,25000000.000
7875,2041,-3.417969,25000000.000
7876,2041,-3.417969,25000000.000
7877,2044,-1.953125,25000000.000
7878,2045,-1.464844,25000000.000
7879,2045,-1.464844,25000000.000
7880,2046,-0.976562,25000000.000
7881,2049,0.488281,25000000.000
7882,2050,0.976562,25000000.000
7883,2049,0.488281,25000000.000
7884,2052,1.953125,25000000.000
7885,2052,1.953125,25000000.000
7886,2053,2.441406,25000000.000
7887,2052,1.953125,25000000.000
7888,2055,3.417969,25000000.000
7889,2054,2.929688,25000000.000
7890,2053,2.441406,25000000.000
7891,2054,2.929688,25000000.000
7892,2054,2.929688,25000000.000
7893,2054,2.929688,25000000.000
7894,2052,1.953125,25000000.000
7895,2053,2.441406,25000000.000
7896,2052,1.953125,25000000.000
7897,2051,1.464844,25000000.000
7898,2051,1.464844,25000000.000
7899,2051,1.464844,25000000.000
7900,2048,0.000000,25000000.000
7901,2047,-0.488281,25000000.000
7902,2045,-1.464844,25000000.000
7903,2045,-1.464844,25000000.000
7904,2044,-1.953125,25000000.000
7905,2044,-1.953125,25000000.000
7906,2044,-1.953125,25000000.000
7907,2042,-2.929688,25000000.000
7908,2039,-4.394531,25000000.000
7909,2041,-3.417969,25000000.000
7910,2041,-3.417969,25000000.000
7911,2041,-3.417969,25000000.000
7912,2038,-4.882812,25000000.000
7913,2040,-3.906250,25000000.000
7914,2041,-3.417969,25000000.000
7915,2040,-3.906250,25000000.000
7916,2042,-2.929688,25000000.000
7917,2042,-2.929688,25000000.000
7918,2043,-2.441406,25000000.000
7919,2043,-2.441406,25000000.000
7920,2046,-0.976562,25000000.000
7921,2046,-0.976562,25000000.000
7922,2047,-0.488281,25000000.000
7923,2047,-0.488281,25000000.000
7924,2050,0.976562,25000000.000
7925,2050,0.976562,25000000.000
7926,2051,1.464844,25000000.000
7927,2052,1.953125,25000000.000
7928,2053,2.441406,25000000.000
7929,2052,1.953125,25000000.000
7930,2055,3.417969,25000000.000
7931,2053,2.441406,25000000.000
7932,2055,3.417969,25000000.000
7933,2050,0.976562,25000000.000
7934,2055,3.417969,25000000.000
7935,2057,4.394531,25000000.000
7936,2050,0.976562,25000000.000
7937,2050,0.976562,25000000.000
7938,2053,2.441406,25000000.000
7939,2049,0.488281,25000000.000
7940,2047,-0.488281,25000000.000
7941,2048,0.000000,25000000.000
7942,2047,-0.488281,25000000.000
7943,2046,-0.976562,25000000.000
7944,2052,1.953125,25000000.000
7945,2049,0.488281,25000000.000
7946,2041,-3.417969,25000000.000
7947,2045,-1.464844,25000000.000
7948,2041,-3.417969,25000000.000
7949,2040,-3.906250,25000000.000
7950,2041,-3.417969,25000000.000
7951,2039,-4.394531,25000000.000
7952,2040,-3.906250,25000000.000
7953,2041,-3.417969,25000000.000
7954,2041,-3.417969,25000000.000
7955,2037,-5.371094,25000000.000
7956,2041,-3.417969,25000000.000
7957,2041,-3.417969,25000000.000
7958,2041,-3.417969,25000000.000
7959,2033,-7.324219,25000000.000
7960,2042,-2.929688,25000000.000
7961,2045,-1.464844,25000000.000
7962,2046,-0.976562,25000000.000
7963,2045,-1.464844,25000000.000
7964,2048,0.000000,25000000.000
7965,2047,-0.488281,25000000.000
7966,2050,0.976562,25000000.000
7967,2051,1.464844,25000000.000
7968,2052,1.953125,25000000.000
7969,2053,2.441406,25000000.000
7970,2054,2.929688,25000000.000
7971,2053,2.441406,25000000.000
7972,2053,2.441406,25000000.000
7973,2053,2.441406,25000000.000
7974,2054,2.929688,25000000.000
7975,2053,2.441406,25000000.000
7976,2052,1.953125,25000000.000
7977,2054,2.929688,25000000.000
7978,2051,1.464844,25000000.000
7979,2052,1.953125,25000000.000
7980,2049,0.488281,25000000.000
7981,2051,1.464844,25000000.000
7982,2048,0.000000,25000000.000
7983,2048,0.000000,25000000.000
7984,2049,0.488281,25000000.000
7985,2045,-1.464844,25000000.000
7986,2043,-2.441406,25000000.000
7987,2044,-1.953125,25000000.000
7988,2045,-1.464844,25000000.000
7989,2039,-4.394531,25000000.000
7990,2038,-4.882812,25000000.000
7991,2041,-3.417969,25000000.000
7992,2041,-3.417969,25000000.000
7993,2039,-4.394531,25000000.000
7994,2039,-4.394531,25000000.000
7995,2040,-3.906250,25000000.000
7996,2039,-4.394531,25000000.000
7997,2040,-3.906250,25000000.000
7998,2040,-3.906250,25000000.000
7999,2041,-3.417969,25000000.000
8000,2043,-2.441406,25000000.000
8001,2044,-1.953125,25000000.000
8002,2046,-0.976562,25000000.000
8003,2046,-0.976562,25000000.000
8004,2047,-0.488281,25000000.000
8005,2048,0.000000,25000000.000
8006,2050,0.976562,25000000.000
8007,2051,1.464844,25000000.000
8008,2050,0.976562,25000000.000
8009,2052,1.953125,25000000.000
8010,2054,2.929688,25000000.000
8011,2054,2.929688,25000000.000
8012,2054,2.929688,25000000.000
8013,2055,3.417969,25000000.000
8014,2056,3.906250,25000000.000
8015,2055,3.417969,25000000.000
8016,2054,2.929688,25000000.000
8017,2054,2.929688,25000000.000
8018,2055,3.417969,25000000.000
8019,2053,2.441406,25000000.000
8020,2053,2.441406,25000000.000
8021,2051,1.464844,25000000.000
8022,2050,0.976562,25000000.000
8023,2049,0.488281,25000000.000
8024,2048,0.000000,25000000.000
8025,2047,-0.488281,25000000.000
8026,2044,-1.953125,25000000.000
8027,2045,-1.464844,25000000.000
8028,2042,-2.929688,25000000.000
8029,2043,-2.441406,25000000.000
8030,2040,-3.906250,25000000.000
8031,2039,-4.394531,25000000.000
8032,2041,-3.417969,25000000.000
8033,2040,-3.906250,25000000.000
8034,2040,-3.906250,25000000.000
8035,2040,-3.906250,25000000.000
8036,2040,-3.906250,25000000.000
8037,2039,-4.394531,25000000.000
8038,2040,-3.906250,25000000.000
8039,2039,-4.394531,25000000.000
8040,2041,-3.417969,25000000.000
8041,2043,-2.441406,25000000.000
8042,2042,-2.929688,25000000.000
8043,2042,-2.929688,25000000.000
8044,2045,-1.464844,25000000.000
8045,2047,-0.488281,25000000.000
8046,2048,0.000000,25000000.000
8047,2048,0.000000,25000000.000
8048,2050,0.976562,25000000.000
8049,2052,1.953125,25000000.000
8050,2054,2.929688,25000000.000
8051,2052,1.953125,25000000.000
8052,2055,3.417969,25000000.000
8053,2055,3.417969,25000000.000
8054,2055,3.417969,25000000.000
8055,2054,2.929688,25000000.000
8056,2054,2.929688,25000000.000
8057,2056,3.906250,25000000.000
8058,2054,2.929688,25000000.000
8059,2055,3.417969,25000000.000
8060,2052,1.953125,25000000.000
8061,2053,2.441406,25000000.000
8062,2052,1.953125,25000000.000
8063,2052,1.953125,25000000.000
8064,2050,0.976562,25000000.000
8065,2047,-0.488281,25000000.000
8066,2048,0.000000,25000000.000
8067,2047,-0.488281,25000000.000
8068,2044,-1.953125,25000000.000
8069,2043,-2.441406,25000000.000
8070,2043,-2.441406,25000000.000
8071,2042,-2.929688,25000000.000
8072,2041,-3.417969,25000000.000
8073,2041,-3.417969,25000000.000
8074,2042,-2.929688,25000000.000
8075,2041,-3.417969,25000000.000
8076,2039,-4.394531,25000000.000
8077,2041,-3.417969,25000000.000
8078,2041,-3.417969,25000000.000
8079,2041,-3.417969,25000000.000
8080,2042,-2.929688,25000000.000
8081,2043,-2.441406,25000000.000
8082,2044,-1.953125,25000000.000
8083,2044,-1.953125,25000000.000
8084,2045,-1.464844,25000000.000
8085,2046,-0.976562,25000000.000
8086,2047,-0.488281,25000000.000
8087,2046,-0.976562,25000000.000
8088,2050,0.976562,25000000.000
8089,2050,0.976562,25000000.000
8090,2052,1.953125,25000000.000
8091,2052,1.953125,25000000.000
8092,2053,2.441406,25000000.000
8093,2054,2.929688,25000000.000
8094,2055,3.417969,25000000.000
8095,2055,3.417969,25000000.000
8096,2055,3.417969,25000000.000
8097,2054,2.929688,25000000.000
8098,2053,2.441406,25000000.000
8099,2054,2.929688,25000000.000
8100,2054,2.929688,25000000.000
8101,2052,1.953125,25000000.000
8102,2052,1.953125,25000000.000
8103,2052,1.953125,25000000.000
8104,2050,0.976562,25000000.000
8105,2048,0.000000,25000000.000
8106,2048,0.000000,25000000.000
8107,2047,-0.488281,25000000.000
8108,2045,-1.464844,25000000.000
8109,2044,-1.953125,25000000.000
8110,2042,-2.929688,25000000.000
8111,2043,-2.441406,25000000.000
8112,2041,-3.417969,25000000.000
8113,2040,-3.906250,25000000.000
8114,2040,-3.906250,25000000.000
8115,2041,-3.417969,25000000.000
8116,2039,-4.394531,25000000.000
8117,2039,-4.394531,25000000.000
8118,2038,-4.882812,25000000.000
8119,2039,-4.394531,25000000.000
8120,2040,-3.906250,25000000.000
8121,2042,-2.929688,25000000.000
8122,2039,-4.394531,25000000.000
8123,2040,-3.906250,25000000.000
8124,2043,-2.441406,25000000.000
8125,2043,-2.441406,25000000.000
8126,2045,-1.464844,25000000.000
8127,2047,-0.488281,25000000.000
8128,2049,0.488281,25000000.000
8129,2045,-1.464844,25000000.000
8130,2050,0.976562,25000000.000
8131,2046,-0.976562,25000000.000
8132,2051,1.464844,25000000.000
8133,2051,1.464844,25000000.000
8134,2053,2.441406,25000000.000
8135,2052,1.953125,25000000.000
8136,2055,3.417969,25000000.000
8137,2053,2.441406,25000000.000
8138,2055,3.417969,25000000.000
8139,2054,2.929688,25000000.000
8140,2052,1.953125,25000000.000
8141,2052,1.953125,25000000.000
8142,2050,0.976562,25000000.000
8143,2047,-0.488281,25000000.000
8144,2048,0.000000,25000000.000
8145,2051,1.464844,25000000.000
8146,2043,-2.441406,25000000.000
8147,2049,0.488281,25000000.000
8148,2046,-0.976562,25000000.000
8149,2048,0.000000,25000000.000
8150,2044,-1.953125,25000000.000
8151,2044,-1.953125,25000000.000
8152,2043,-2.441406,25000000.000
8153,2042,-2.929688,25000000.000
8154,2041,-3.417969,25000000.000
8155,2039,-4.394531,25000000.000
8156,2041,-3.417969,25000000.000
8157,2039,-4.394531,25000000.000
8158,2039,-4.394531,25000000.000
8159,2039,-4.394531,25000000.000
8160,2040,-3.906250,25000000.000
8161,2040,-3.906250,25000000.000
8162,2041,-3.417969,25000000.000
8163,2040,-3.906250,25000000.000
8164,2042,-2.929688,25000000.000
8165,2043,-2.441406,25000000.000
8166,2044,-1.953125,25000000.000
8167,2044,-1.953125,25000000.000
8168,2046,-0.976562,25000000.000
8169,2047,-0.488281,25000000.000
8170,2048,0.000000,25000000.000
8171,2048,0.000000,25000000.000
8172,2050,0.976562,25000000.000
8173,2051,1.464844,25000000.000
8174,2053,2.441406,25000000.000
8175,2051,1.464844,25000000.000
8176,2054,2.929688,25000000.000
8177,2054,2.929688,25000000.000
8178,2054,2.929688,25000000.000
8179,2054,2.929688,25000000.000
8180,2053,2.441406,25000000.000
8181,2054,2.929688,25000000.000
8182,2054,2.929688,25000000.000
8183,2052,1.953125,25000000.000
8184,2053,2.441406,25000000.000
8185,2051,1.464844,25000000.000
8186,2050,0.976562,25000000.000
8187,2050,0.976562,25000000.000
8188,2048,0.000000,25000000.000
8189,2048,0.000000,25000000.000
8190,2045,-1.464844,25000000.000
8191,2046,-0.976562,25000000.000
8192,2043,-2.441406,25000000.000
8193,2043,-2.441406,25000000.000
8194,2042,-2.929688,25000000.000
8195,2043,-2.441406,25000000.000
8196,2041,-3.417969,25000000.000
8197,2040,-3.906250,25000000.000
8198,2039,-4.394531,25000000.000
8199,2041,-3.417969,25000000.000
8200,2039,-4.394531,25000000.000
8201,2038,-4.882812,25000000.000
8202,2042,-2.929688,25000000.000
8203,2041,-3.417969,25000000.000
8204,2042,-2.929688,25000000.000
8205,2042,-2.929688,25000000.000
8206,2044,-1.953125,25000000.000
8207,2043,-2.441406,25000000.000
8208,2046,-0.976562,25000000.000
8209,2047,-0.488281,25000000.000
8210,2049,0.488281,25000000.000
8211,2048,0.000000,25000000.000
8212,2050,0.976562,25000000.000
8213,2052,1.953125,25000000.000
8214,2052,1.953125,25000000.000
8215,2052,1.953125,25000000.000
8216,2054,2.929688,25000000.000
8217,2054,2.929688,25000000.000
8218,2053,2.441406,25000000.000
8219,2056,3.906250,25000000.000
8220,2056,3.906250,25000000.000
8221,2056,3.906250,25000000.000
8222,2053,2.441406,25000000.000
8223,2053,2.441406,25000000.000
8224,2054,2.929688,25000000.000
8225,2053,2.441406,25000000.000
8226,2050,0.976562,25000000.000
8227,2051,1.464844,25000000.000
8228,2049,0.488281,25000000.000
8229,2048,0.000000,25000000.000
8230,2047,-0.488281,25000000.000
8231,2047,-0.488281,25000000.000
8232,2046,-0.976562,25000000.000
8233,2044,-1.953125,25000000.000
8234,2044,-1.953125,25000000.000
8235,2043,-2.441406,25000000.000
8236,2042,-2.929688,25000000.000
8237,2041,-3.417969,25000000.000
8238,2042,-2.929688,25000000.000
8239,2042,-2.929688,25000000.000
8240,2040,-3.906250,25000000.000
8241,2040,-3.906250,25000000.000
8242,2039,-4.394531,25000000.000
8243,2041,-3.417969,25000000.000
8244,2041,-3.417969,25000000.000
8245,2042,-2.929688,25000000.000
8246,2043,-2.441406,25000000.000
8247,2043,-2.441406,25000000.000
8248,2044,-1.953125,25000000.000
8249,2045,-1.464844,25000000.000
8250,2046,-0.976562,25000000.000
8251,2046,-0.976562,25000000.000
8252,2048,0.000000,25000000.000
8253,2050,0.976562,25000000.000
8254,2052,1.953125,25000000.000
8255,2050,0.976562,25000000.000
8256,2053,2.441406,25000000.000
8257,2053,2.441406,25000000.000
8258,2053,2.441406,25000000.000
8259,2053,2.441406,25000000.000
8260,2054,2.929688,25000000.000
8261,2053,2.441406,25000000.000
8262,2053,2.441406,25000000.000
8263,2055,3.417969,25000000.000
8264,2055,3.417969,25000000.000
8265,2051,1.464844,25000000.000
8266,2051,1.464844,25000000.000
8267,2051,1.464844,25000000.000
8268,2050,0.976562,25000000.000
8269,2048,0.000000,25000000.000
8270,2049,0.488281,25000000.000
8271,2049,0.488281,25000000.000
8272,2047,-0.488281,25000000.000
8273,2044,-1.953125,25000000.000
8274,2044,-1.953125,25000000.000
8275,2043,-2.441406,25000000.000
8276,2042,-2.929688,25000000.000
8277,2042,-2.929688,25000000.000
8278,2042,-2.929688,25000000.000
8279,2040,-3.906250,25000000.000
8280,2039,-4.394531,25000000.000
8281,2040,-3.906250,25000000.000
8282,2040,-3.906250,25000000.000
8283,2040,-3.906250,25000000.000
8284,2039,-4.394531,25000000.000
8285,2040,-3.906250,25000000.000
8286,2041,-3.417969,25000000.000
8287,2040,-3.906250,25000000.000
8288,2043,-2.441406,25000000.000
8289,2045,-1.464844,25000000.000
8290,2044,-1.953125,25000000.000
8291,2052,1.953125,25000000.000
8292,2045,-1.464844,25000000.000
8293,2048,0.000000,25000000.000
8294,2049,0.488281,25000000.000
8295,2048,0.000000,25000000.000
8296,2052,1.953125,25000000.000
8297,2052,1.953125,25000000.000
8298,2054,2.929688,25000000.000
8299,2054,2.929688,25000000.000
8300,2054,2.929688,25000000.000
8301,2054,2.929688,25000000.000
8302,2055,3.417969,25000000.000
8303,2057,4.394531,25000000.000
8304,2054,2.929688,25000000.000
8305,2054,2.929688,25000000.000
8306,2054,2.929688,25000000.000
8307,2053,2.441406,25000000.000
8308,2051,1.464844,25000000.000
8309,2052,1.953125,25000000.000
8310,2050,0.976562,25000000.000
8311,2049,0.488281,25000000.000
8312,2049,0.488281,25000000.000
8313,2049,0.488281,25000000.000
8314,2045,-1.464844,25000000.000
8315,2045,-1.464844,25000000.000
8316,2044,-1.953125,25000000.000
8317,2042,-2.929688,25000000.000
8318,2041,-3.417969,25000000.000
8319,2040,-3.906250,25000000.000
8320,2040,-3.906250,25000000.000
8321,2041,-3.417969,25000000.000
8322,2039,-4.394531,25000000.000
8323,2038,-4.882812,25000000.000
8324,2040,-3.906250,25000000.000
8325,2041,-3.417969,25000000.000
8326,2039,-4.394531,25000000.000
8327,2040,-3.906250,25000000.000
8328,2040,-3.906250,25000000.000
8329,2043,-2.441406,25000000.000
8330,2043,-2.441406,25000000.000
8331,2044,-1.953125,25000000.000
8332,2045,-1.464844,25000000.000
8333,2046,-0.976562,25000000.000
8334,2050,0.976562,25000000.000
8335,2054,2.929688,25000000.000
8336,2050,0.976562,25000000.000
8337,2051,1.464844,25000000.000
8338,2052,1.953125,25000000.000
8339,2052,1.953125,25000000.000
8340,2052,1.953125,25000000.000
8341,2054,2.929688,25000000.000
8342,2054,2.929688,25000000.000
8343,2054,2.929688,25000000.000
8344,2054,2.929688,25000000.000
8345,2054,2.929688,25000000.000
8346,2053,2.441406,25000000.000
8347,2054,2.929688,25000000.000
8348,2053,2.441406,25000000.000
8349,2053,2.441406,25000000.000
8350,2052,1.953125,25000000.000
8351,2050,0.976562,25000000.000
8352,2049,0.488281,25000000.000
8353,2048,0.000000,25000000.000
8354,2047,-0.488281,25000000.000
8355,2046,-0.976562,25000000.000
8356,2044,-1.953125,25000000.000
8357,2043,-2.441406,25000000.000
8358,2044,-1.953125,25000000.000
8359,2042,-2.929688,25000000.000
8360,2041,-3.417969,25000000.000
8361,2040,-3.906250,25000000.000
8362,2040,-3.906250,25000000.000
8363,2041,-3.417969,25000000.000
8364,2039,-4.394531,25000000.000
8365,2039,-4.394531,25000000.000
8366,2040,-3.906250,25000000.000
8367,2040,-3.906250,25000000.000
8368,2041,-3.417969,25000000.000
8369,2040,-3.906250,25000000.000
8370,2042,-2.929688,25000000.000
8371,2042,-2.929688,25000000.000
8372,2042,-2.929688,25000000.000
8373,2043,-2.441406,25000000.000
8374,2046,-0.976562,25000000.000
8375,2046,-0.976562,25000000.000
8376,2047,-0.488281,25000000.000
8377,2050,0.976562,25000000.000
8378,2050,0.976562,25000000.000
8379,2050,0.976562,25000000.000
8380,2051,1.464844,25000000.000
8381,2053,2.441406,25000000.000
8382,2053,2.441406,25000000.000
8383,2052,1.953125,25000000.000
8384,2054,2.929688,25000000.000
8385,2054,2.929688,25000000.000
8386,2053,2.441406,25000000.000
8387,2054,2.929688,25000000.000
8388,2055,3.417969,25000000.000
8389,2053,2.441406,25000000.000
8390,2051,1.464844,25000000.000
8391,2051,1.464844,25000000.000
8392,2050,0.976562,25000000.000
8393,2048,0.000000,25000000.000
8394,2048,0.000000,25000000.000
8395,2048,0.000000,25000000.000
8396,2046,-0.976562,25000000.000
8397,2044,-1.953125,25000000.000
8398,2044,-1.953125,25000000.000
8399,2044,-1.953125,25000000.000
8400,2042,-2.929688,25000000.000
8401,2041,-3.417969,25000000.000
8402,2041,-3.417969,25000000.000
8403,2041,-3.417969,25000000.000
8404,2041,-3.417969,25000000.000
8405,2041,-3.417969,25000000.000
8406,2040,-3.906250,25000000.000
8407,2039,-4.394531,25000000.000
8408,2040,-3.906250,25000000.000
8409,2042,-2.929688,25000000.000
8410,2042,-2.929688,25000000.000
8411,2042,-2.929688,25000000.000
8412,2043,-2.441406,25000000.000
8413,2044,-1.953125,25000000.000
8414,2045,-1.464844,25000000.000
8415,2045,-1.464844,25000000.000
8416,2047,-0.488281,25000000.000
8417,2047,-0.488281,25000000.000
8418,2051,1.464844,25000000.000
8419,2049,0.488281,25000000.000
8420,2052,1.953125,25000000.000
8421,2052,1.953125,25000000.000
8422,2052,1.953125,25000000.000
8423,2053,2.441406,25000000.000
8424,2054,2.929688,25000000.000
8425,2055,3.417969,25000000.000
8426,2054,2.929688,25000000.000
8427,2053,2.441406,25000000.000
8428,2055,3.417969,25000000.000
8429,2053,2.441406,25000000.000
8430,2052,1.953125,25000000.000
8431,2053,2.441406,25000000.000
8432,2053,2.441406,25000000.000
8433,2050,0.976562,25000000.000
8434,2052,1.953125,25000000.000
8435,2051,1.464844,25000000.000
8436,2047,-0.488281,25000000.000
8437,2047,-0.488281,25000000.000
8438,2047,-0.488281,25000000.000
8439,2044,-1.953125,25000000.000
8440,2043,-2.441406,25000000.000
8441,2043,-2.441406,25000000.000
8442,2043,-2.441406,25000000.000
8443,2042,-2.929688,25000000.000
8444,2041,-3.417969,25000000.000
8445,2041,-3.417969,25000000.000
8446,2041,-3.417969,25000000.000
8447,2041,-3.417969,25000000.000
8448,2040,-3.906250,25000000.000
8449,2042,-2.929688,25000000.000
8450,2042,-2.929688,25000000.000
8451,2041,-3.417969,25000000.000
8452,2043,-2.441406,25000000.000
8453,2043,-2.441406,25000000.000
8454,2044,-1.953125,25000000.000
8455,2044,-1.953125,25000000.000
8456,2045,-1.464844,25000000.000
8457,2048,0.000000,25000000.000
8458,2049,0.488281,25000000.000
8459,2048,0.000000,25000000.000
8460,2050,0.976562,25000000.000
8461,2051,1.464844,25000000.000
8462,2052,1.953125,25000000.000
8463,2055,3.417969,25000000.000
8464,2055,3.417969,25000000.000
8465,2054,2.929688,25000000.000
8466,2055,3.417969,25000000.000
8467,2055,3.417969,25000000.000
8468,2056,3.906250,25000000.000
8469,2055,3.417969,25000000.000
8470,2054,2.929688,25000000.000
8471,2054,2.929688,25000000.000
8472,2053,2.441406,25000000.000
8473,2053,2.441406,25000000.000
8474,2052,1.953125,25000000.000
8475,2052,1.953125,25000000.000
8476,2049,0.488281,25000000.000
8477,2049,0.488281,25000000.000
8478,2048,0.000000,25000000.000
8479,2047,-0.488281,25000000.000
8480,2045,-1.464844,25000000.000
8481,2044,-1.953125,25000000.000
8482,2044,-1.953125,25000000.000
8483,2042,-2.929688,25000000.000
8484,2041,-3.417969,25000000.000
8485,2040,-3.906250,25000000.000
8486,2039,-4.394531,25000000.000
8487,2040,-3.906250,25000000.000
8488,2039,-4.394531,25000000.000
8489,2039,-4.394531,25000000.000
8490,2040,-3.906250,25000000.000
8491,2039,-4.394531,25000000.000
8492,2040,-3.906250,25000000.000
8493,2041,-3.417969,25000000.000
8494,2041,-3.417969,25000000.000
8495,2042,-2.929688,25000000.000
8496,2045,-1.464844,25000000.000
8497,2044,-1.953125,25000000.000
8498,2046,-0.976562,25000000.000
8499,2047,-0.488281,25000000.000
8500,2047,-0.488281,25000000.000
8501,2050,0.976562,25000000.000
8502,2051,1.464844,25000000.000
8503,2050,0.976562,25000000.000
8504,2053,2.441406,25000000.000
8505,2053,2.441406,25000000.000
8506,2054,2.929688,25000000.000
8507,2054,2.929688,25000000.000
8508,2054,2.929688,25000000.000
8509,2058,4.882812,25000000.000
8510,2052,1.953125,25000000.000
8511,2053,2.441406,25000000.000
8512,2053,2.441406,25000000.000
8513,2055,3.417969,25000000.000
8514,2051,1.464844,25000000.000
8515,2053,2.441406,25000000.000
8516,2049,0.488281,25000000.000
8517,2049,0.488281,25000000.000
8518,2049,0.488281,25000000.000
8519,2047,-0.488281,25000000.000
8520,2043,-2.441406,25000000.000
8521,2044,-1.953125,25000000.000
8522,2044,-1.953125,25000000.000
8523,2041,-3.417969,25000000.000
8524,2040,-3.906250,25000000.000
8525,2041,-3.417969,25000000.000
8526,2039,-4.394531,25000000.000
8527,2039,-4.394531,25000000.000
8528,2038,-4.882812,25000000.000
8529,2038,-4.882812,25000000.000
8530,2039,-4.394531,25000000.000
8531,2039,-4.394531,25000000.000
8532,2039,-4.394531,25000000.000
8533,2039,-4.394531,25000000.000
8534,2042,-2.929688,25000000.000
8535,2040,-3.906250,25000000.000
8536,2041,-3.417969,25000000.000
8537,2043,-2.441406,25000000.000
8538,2045,-1.464844,25000000.000
8539,2044,-1.953125,25000000.000
8540,2048,0.000000,25000000.000
8541,2049,0.488281,25000000.000
8542,2050,0.976562,25000000.000
8543,2049,0.488281,25000000.000
8544,2052,1.953125,25000000.000
8545,2054,2.929688,25000000.000
8546,2053,2.441406,25000000.000
8547,2052,1.953125,25000000.000
8548,2055,3.417969,25000000.000
8549,2055,3.417969,25000000.000
8550,2054,2.929688,25000000.000
8551,2053,2.441406,25000000.000
8552,2054,2.929688,25000000.000
8553,2053,2.441406,25000000.000
8554,2050,0.976562,25000000.000
8555,2051,1.464844,25000000.000
8556,2052,1.953125,25000000.000
8557,2050,0.976562,25000000.000
8558,2048,0.000000,25000000.000
8559,2048,0.000000,25000000.000
8560,2046,-0.976562,25000000.000
8561,2046,-0.976562,25000000.000
8562,2044,-1.953125,25000000.000
8563,2044,-1.953125,25000000.000
8564,2042,-2.929688,25000000.000
8565,2041,-3.417969,25000000.000
8566,2042,-2.929688,25000000.000
8567,2040,-3.906250,25000000.000
8568,2039,-4.394531,25000000.000
8569,2040,-3.906250,25000000.000
8570,2040,-3.906250,25000000.000
8571,2039,-4.394531,25000000.000
8572,2038,-4.882812,25000000.000
8573,2040,-3.906250,25000000.000
8574,2041,-3.417969,25000000.000
8575,2041,-3.417969,25000000.000
8576,2041,-3.417969,25000000.000
8577,2043,-2.441406,25000000.000
8578,2044,-1.953125,25000000.000
8579,2043,-2.441406,25000000.000
8580,2047,-0.488281,25000000.000
8581,2047,-0.488281,25000000.000
8582,2048,0.000000,25000000.000
8583,2048,0.000000,25000000.000
8584,2051,1.464844,25000000.000
8585,2051,1.464844,25000000.000
8586,2052,1.953125,25000000.000
8587,2052,1.953125,25000000.000
8588,2054,2.929688,25000000.000
8589,2055,3.417969,25000000.000
8590,2054,2.929688,25000000.000
8591,2054,2.929688,25000000.000
8592,2054,2.929688,25000000.000
8593,2055,3.417969,25000000.000
8594,2054,2.929688,25000000.000
8595,2054,2.929688,25000000.000
8596,2052,1.953125,25000000.000
8597,2049,0.488281,25000000.000
8598,2051,1.464844,25000000.000
8599,2050,0.976562,25000000.000
8600,2048,0.000000,25000000.000
8601,2045,-1.464844,25000000.000
8602,2048,0.000000,25000000.000
8603,2046,-0.976562,25000000.000
8604,2041,-3.417969,25000000.000
8605,2042,-2.929688,25000000.000
8606,2042,-2.929688,25000000.000
8607,2041,-3.417969,25000000.000
8608,2040,-3.906250,25000000.000
8609,2041,-3.417969,25000000.000
8610,2039,-4.394531,25000000.000
8611,2040,-3.906250,25000000.000
8612,2040,-3.906250,25000000.000
8613,2041,-3.417969,25000000.000
8614,2041,-3.417969,25000000.000
8615,2040,-3.906250,25000000.000
8616,2043,-2.441406,25000000.000
8617,2043,-2.441406,25000000.000
8618,2044,-1.953125,25000000.000
8619,2044,-1.953125,25000000.000
8620,2047,-0.488281,25000000.000
8621,2049,0.488281,25000000.000
8622,2048,0.000000,25000000.000
8623,2048,0.000000,25000000.000
8624,2051,1.464844,25000000.000
8625,2051,1.464844,25000000.000
8626,2053,2.441406,25000000.000
8627,2052,1.953125,25000000.000
8628,2055,3.417969,25000000.000
8629,2055,3.417969,25000000.000
8630,2055,3.417969,25000000.000
8631,2056,3.906250,25000000.000
8632,2055,3.417969,25000000.000
8633,2055,3.417969,25000000.000
8634,2055,3.417969,25000000.000
8635,2054,2.929688,25000000.000
8636,2059,5.371094,25000000.000
8637,2053,2.441406,25000000.000
8638,2052,1.953125,25000000.000
8639,2053,2.441406,25000000.000
8640,2049,0.488281,25000000.000
8641,2050,0.976562,25000000.000
8642,2045,-1.464844,25000000.000
8643,2047,-0.488281,25000000.000
8644,2045,-1.464844,25000000.000
8645,2044,-1.953125,25000000.000
8646,2044,-1.953125,25000000.000
8647,2044,-1.953125,25000000.000
8648,2041,-3.417969,25000000.000
8649,2040,-3.906250,25000000.000
8650,2040,-3.906250,25000000.000
8651,2040,-3.906250,25000000.000
8652,2041,-3.417969,25000000.000
8653,2040,-3.906250,25000000.000
8654,2040,-3.906250,25000000.000
8655,2040,-3.906250,25000000.000
8656,2042,-2.929688,25000000.000
8657,2042,-2.929688,25000000.000
8658,2043,-2.441406,25000000.000
8659,2043,-2.441406,25000000.000
8660,2045,-1.464844,25000000.000
8661,2046,-0.976562,25000000.000
8662,2046,-0.976562,25000000.000
8663,2047,-0.488281,25000000.000
8664,2049,0.488281,25000000.000
8665,2049,0.488281,25000000.000
8666,2052,1.953125,25000000.000
8667,2051,1.464844,25000000.000
8668,2052,1.953125,25000000.000
8669,2053,2.441406,25000000.000
8670,2053,2.441406,25000000.000
8671,2054,2.929688,25000000.000
8672,2053,2.441406,25000000.000
8673,2054,2.929688,25000000.000
8674,2055,3.417969,25000000.000
8675,2054,2.929688,25000000.000
8676,2054,2.929688,25000000.000
8677,2052,1.953125,25000000.000
8678,2054,2.929688,25000000.000
8679,2049,0.488281,25000000.000
8680,2048,0.000000,25000000.000
8681,2048,0.000000,25000000.000
8682,2048,0.000000,25000000.000
8683,2048,0.000000,25000000.000
8684,2047,-0.488281,25000000.000
8685,2046,-0.976562,25000000.000
8686,2044,-1.953125,25000000.000
8687,2042,-2.929688,25000000.000
8688,2043,-2.441406,25000000.000
8689,2042,-2.929688,25000000.000
8690,2040,-3.906250,25000000.000
8691,2041,-3.417969,25000000.000
8692,2039,-4.394531,25000000.000
8693,2040,-3.906250,25000000.000
8694,2039,-4.394531,25000000.000
8695,2040,-3.906250,25000000.000
8696,2040,-3.906250,25000000.000
8697,2039,-4.394531,25000000.000
8698,2042,-2.929688,25000000.000
8699,2042,-2.929688,25000000.000
8700,2043,-2.441406,25000000.000
8701,2042,-2.929688,25000000.000
8702,2047,-0.488281,25000000.000
8703,2045,-1.464844,25000000.000
8704,2046,-0.976562,25000000.000
8705,2049,0.488281,25000000.000
8706,2050,0.976562,25000000.000
8707,2050,0.976562,25000000.000
8708,2050,0.976562,25000000.000
8709,2051,1.464844,25000000.000
8710,2052,1.953125,25000000.000
8711,2052,1.953125,25000000.000
8712,2054,2.929688,25000000.000
8713,2054,2.929688,25000000.000
8714,2054,2.929688,25000000.000
8715,2054,2.929688,25000000.000
8716,2053,2.441406,25000000.000
8717,2053,2.441406,25000000.000
8718,2053,2.441406,25000000.000
8719,2052,1.953125,25000000.000
8720,2051,1.464844,25000000.000
8721,2052,1.953125,25000000.000
8722,2048,0.000000,25000000.000
8723,2049,0.488281,25000000.000
8724,2047,-0.488281,25000000.000
8725,2046,-0.976562,25000000.000
8726,2045,-1.464844,25000000.000
8727,2045,-1.464844,25000000.000
8728,2042,-2.929688,25000000.000
8729,2040,-3.906250,25000000.000
8730,2041,-3.417969,25000000.000
8731,2042,-2.929688,25000000.000
8732,2041,-3.417969,25000000.000
8733,2039,-4.394531,25000000.000
8734,2041,-3.417969,25000000.000
8735,2039,-4.394531,25000000.000
8736,2040,-3.906250,25000000.000
8737,2039,-4.394531,25000000.000
8738,2040,-3.906250,25000000.000
8739,2040,-3.906250,25000000.000
8740,2040,-3.906250,25000000.000
8741,2042,-2.929688,25000000.000
8742,2042,-2.929688,25000000.000
8743,2044,-1.953125,25000000.000
8744,2046,-0.976562,25000000.000
8745,2046,-0.976562,25000000.000
8746,2048,0.000000,25000000.000
8747,2049,0.488281,25000000.000
8748,2050,0.976562,25000000.000
8749,2050,0.976562,25000000.000
8750,2051,1.464844,25000000.000
8751,2051,1.464844,25000000.000
8752,2053,2.441406,25000000.000
8753,2054,2.929688,25000000.000
8754,2054,2.929688,25000000.000
8755,2054,2.929688,25000000.000
8756,2054,2.929688,25000000.000
8757,2053,2.441406,25000000.000
8758,2054,2.929688,25000000.000
8759,2053,2.441406,25000000.000
8760,2052,1.953125,25000000.000
8761,2051,1.464844,25000000.000
8762,2051,1.464844,25000000.000
8763,2052,1.953125,25000000.000
8764,2048,0.000000,25000000.000
8765,2047,-0.488281,25000000.000
8766,2047,-0.488281,25000000.000
8767,2046,-0.976562,25000000.000
8768,2044,-1.953125,25000000.000
8769,2043,-2.441406,25000000.000
8770,2043,-2.441406,25000000.000
8771,2043,-2.441406,25000000.000
8772,2041,-3.417969,25000000.000
8773,2040,-3.906250,25000000.000
8774,2040,-3.906250,25000000.000
8775,2039,-4.394531,25000000.000
8776,2038,-4.882812,25000000.000
8777,2040,-3.906250,25000000.000
8778,2040,-3.906250,25000000.000
8779,2039,-4.394531,25000000.000
8780,2041,-3.417969,25000000.000
8781,2041,-3.417969,25000000.000
8782,2046,-0.976562,25000000.000
8783,2045,-1.464844,25000000.000
8784,2043,-2.441406,25000000.000
8785,2043,-2.441406,25000000.000
8786,2045,-1.464844,25000000.000
8787,2046,-0.976562,25000000.000
8788,2050,0.976562,25000000.000
8789,2050,0.976562,25000000.000
8790,2051,1.464844,25000000.000
8791,2049,0.488281,25000000.000
8792,2053,2.441406,25000000.000
8793,2051,1.464844,25000000.000
8794,2055,3.417969,25000000.000
8795,2058,4.882812,25000000.000
8796,2057,4.394531,25000000.000
8797,2057,4.394531,25000000.000
8798,2053,2.441406,25000000.000
8799,2057,4.394531,25000000.000
8800,2056,3.906250,25000000.000
8801,2051,1.464844,25000000.000
8802,2052,1.953125,25000000.000
8803,2052,1.953125,25000000.000
8804,2050,0.976562,25000000.000
8805,2049,0.488281,25000000.000
8806,2048,0.000000,25000000.000
8807,2047,-0.488281,25000000.000
8808,2046,-0.976562,25000000.000
8809,2046,-0.976562,25000000.000
8810,2044,-1.953125,25000000.000
8811,2043,-2.441406,25000000.000
8812,2042,-2.929688,25000000.000
8813,2042,-2.929688,25000000.000
8814,2040,-3.906250,25000000.000
8815,2039,-4.394531,25000000.000
8816,2041,-3.417969,25000000.000
8817,2040,-3.906250,25000000.000
8818,2040,-3.906250,25000000.000
8819,2039,-4.394531,25000000.000
8820,2041,-3.417969,25000000.000
8821,2043,-2.441406,25000000.000
8822,2042,-2.929688,25000000.000
8823,2042,-2.929688,25000000.000
8824,2043,-2.441406,25000000.000
8825,2046,-0.976562,25000000.000
8826,2045,-1.464844,25000000.000
8827,2046,-0.976562,25000000.000
8828,2049,0.488281,25000000.000
8829,2050,0.976562,25000000.000
8830,2050,0.976562,25000000.000
8831,2052,1.953125,25000000.000
8832,2052,1.953125,25000000.000
8833,2053,2.441406,25000000.000
8834,2055,3.417969,25000000.000
8835,2055,3.417969,25000000.000
8836,2054,2.929688,25000000.000
8837,2054,2.929688,25000000.000
8838,2056,3.906250,25000000.000
8839,2055,3.417969,25000000.000
8840,2055,3.417969,25000000.000
8841,2054,2.929688,25000000.000
8842,2053,2.441406,25000000.000
8843,2054,2.929688,25000000.000
8844,2050,0.976562,25000000.000
8845,2051,1.464844,25000000.000
8846,2051,1.464844,25000000.000
8847,2048,0.000000,25000000.000
8848,2047,-0.488281,25000000.000
8849,2045,-1.464844,25000000.000
8850,2044,-1.953125,25000000.000
8851,2044,-1.953125,25000000.000
8852,2042,-2.929688,25000000.000
8853,2043,-2.441406,25000000.000
8854,2041,-3.417969,25000000.000
8855,2039,-4.394531,25000000.000
8856,2041,-3.417969,25000000.000
8857,2040,-3.906250,25000000.000
8858,2039,-4.394531,25000000.000
8859,2040,-3.906250,25000000.000
8860,2041,-3.417969,25000000.000
8861,2039,-4.394531,25000000.000
8862,2042,-2.929688,25000000.000
8863,2040,-3.906250,25000000.000
8864,2042,-2.929688,25000000.000
8865,2043,-2.441406,25000000.000
8866,2047,-0.488281,25000000.000
8867,2042,-2.929688,25000000.000
8868,2049,0.488281,25000000.000
8869,2047,-0.488281,25000000.000
8870,2050,0.976562,25000000.000
8871,2048,0.000000,25000000.000
8872,2051,1.464844,25000000.000
8873,2052,1.953125,25000000.000
8874,2054,2.929688,25000000.000
8875,2054,2.929688,25000000.000
8876,2053,2.441406,25000000.000
8877,2055,3.417969,25000000.000
8878,2056,3.906250,25000000.000
8879,2056,3.906250,25000000.000
8880,2054,2.929688,25000000.000
8881,2053,2.441406,25000000.000
8882,2052,1.953125,25000000.000
8883,2053,2.441406,25000000.000
8884,2053,2.441406,25000000.000
8885,2051,1.464844,25000000.000
8886,2048,0.000000,25000000.000
8887,2049,0.488281,25000000.000
8888,2047,-0.488281,25000000.000
8889,2046,-0.976562,25000000.000
8890,2044,-1.953125,25000000.000
8891,2044,-1.953125,25000000.000
8892,2042,-2.929688,25000000.000
8893,2041,-3.417969,25000000.000
8894,2041,-3.417969,25000000.000
8895,2040,-3.906250,25000000.000
8896,2040,-3.906250,25000000.000
8897,2038,-4.882812,25000000.000
8898,2039,-4.394531,25000000.000
8899,2041,-3.417969,25000000.000
8900,2038,-4.882812,25000000.000
8901,2040,-3.906250,25000000.000
8902,2041,-3.417969,25000000.000
8903,2039,-4.394531,25000000.000
8904,2042,-2.929688,25000000.000
8905,2042,-2.929688,25000000.000
8906,2043,-2.441406,25000000.000
8907,2043,-2.441406,25000000.000
8908,2042,-2.929688,25000000.000
8909,2048,0.000000,25000000.000
8910,2046,-0.976562,25000000.000
8911,2048,0.000000,25000000.000
8912,2052,1.953125,25000000.000
8913,2052,1.953125,25000000.000
8914,2053,2.441406,25000000.000
8915,2050,0.976562,25000000.000
8916,2054,2.929688,25000000.000
8917,2054,2.929688,25000000.000
8918,2055,3.417969,25000000.000
8919,2054,2.929688,25000000.000
8920,2054,2.929688,25000000.000
8921,2055,3.417969,25000000.000
8922,2054,2.929688,25000000.000
8923,2053,2.441406,25000000.000
8924,2052,1.953125,25000000.000
8925,2051,1.464844,25000000.000
8926,2050,0.976562,25000000.000
8927,2050,0.976562,25000000.000
8928,2049,0.488281,25000000.000
8929,2047,-0.488281,25000000.000
8930,2046,-0.976562,25000000.000
8931,2047,-0.488281,25000000.000
8932,2044,-1.953125,25000000.000
8933,2043,-2.441406,25000000.000
8934,2043,-2.441406,25000000.000
8935,2041,-3.417969,25000000.000
8936,2040,-3.906250,25000000.000
8937,2039,-4.394531,25000000.000
8938,2039,-4.394531,25000000.000
8939,2040,-3.906250,25000000.000
8940,2037,-5.371094,25000000.000
8941,2040,-3.906250,25000000.000
8942,2037,-5.371094,25000000.000
8943,2039,-4.394531,25000000.000
8944,2040,-3.906250,25000000.000
8945,2041,-3.417969,25000000.000
8946,2044,-1.953125,25000000.000
8947,2042,-2.929688,25000000.000
8948,2044,-1.953125,25000000.000
8949,2045,-1.464844,25000000.000
8950,2046,-0.976562,25000000.000
8951,2046,-0.976562,25000000.000
8952,2049,0.488281,25000000.000
8953,2049,0.488281,25000000.000
8954,2051,1.464844,25000000.000
8955,2050,0.976562,25000000.000
8956,2053,2.441406,25000000.000
8957,2053,2.441406,25000000.000
8958,2054,2.929688,25000000.000
8959,2054,2.929688,25000000.000
8960,2056,3.906250,25000000.000
8961,2053,2.441406,25000000.000
8962,2052,1.953125,25000000.000
8963,2055,3.417969,25000000.000
8964,2053,2.441406,25000000.000
8965,2052,1.953125,25000000.000
8966,2052,1.953125,25000000.000
8967,2052,1.953125,25000000.000
8968,2050,0.976562,25000000.000
8969,2049,0.488281,25000000.000
8970,2049,0.488281,25000000.000
8971,2047,-0.488281,25000000.000
8972,2046,-0.976562,25000000.000
8973,2044,-1.953125,25000000.000
8974,2043,-2.441406,25000000.000
8975,2043,-2.441406,25000000.000
8976,2041,-3.417969,25000000.000
8977,2042,-2.929688,25000000.000
8978,2041,-3.417969,25000000.000
8979,2041,-3.417969,25000000.000
8980,2041,-3.417969,25000000.000
8981,2040,-3.906250,25000000.000
8982,2039,-4.394531,25000000.000
8983,2035,-6.347656,25000000.000
8984,2036,-5.859375,25000000.000
8985,2040,-3.906250,25000000.000
8986,2041,-3.417969,25000000.000
8987,2042,-2.929688,25000000.000
8988,2044,-1.953125,25000000.000
8989,2043,-2.441406,25000000.000
8990,2047,-0.488281,25000000.000
8991,2045,-1.464844,25000000.000
8992,2048,0.000000,25000000.000
8993,2049,0.488281,25000000.000
8994,2049,0.488281,25000000.000
8995,2050,0.976562,25000000.000
8996,2052,1.953125,25000000.000
8997,2054,2.929688,25000000.000
8998,2053,2.441406,25000000.000
8999,2054,2.929688,25000000.000
9000,2055,3.417969,25000000.000
9001,2056,3.906250,25000000.000
9002,2055,3.417969,25000000.000
9003,2055,3.417969,25000000.000
9004,2054,2.929688,25000000.000
9005,2055,3.417969,25000000.000
9006,2053,2.441406,25000000.000
9007,2055,3.417969,25000000.000
9008,2052,1.953125,25000000.000
9009,2052,1.953125,25000000.000
9010,2051,1.464844,25000000.000
9011,2050,0.976562,25000000.000
9012,2048,0.000000,25000000.000
9013,2046,-0.976562,25000000.000
9014,2046,-0.976562,25000000.000
9015,2044,-1.953125,25000000.000
9016,2044,-1.953125,25000000.000
9017,2042,-2.929688,25000000.000
9018,2042,-2.929688,25000000.000
9019,2041,-3.417969,25000000.000
9020,2040,-3.906250,25000000.000
9021,2041,-3.417969,25000000.000
9022,2038,-4.882812,25000000.000
9023,2039,-4.394531,25000000.000
9024,2037,-5.371094,25000000.000
9025,2040,-3.906250,25000000.000
9026,2042,-2.929688,25000000.000
9027,2042,-2.929688,25000000.000
9028,2041,-3.417969,25000000.000
9029,2046,-0.976562,25000000.000
9030,2044,-1.953125,25000000.000
9031,2044,-1.953125,25000000.000
9032,2047,-0.488281,25000000.000
9033,2047,-0.488281,25000000.000
9034,2049,0.488281,25000000.000
9035,2049,0.488281,25000000.000
9036,2051,1.464844,25000000.000
9037,2052,1.953125,25000000.000
9038,2053,2.441406,25000000.000
9039,2054,2.929688,25000000.000
9040,2054,2.929688,25000000.000
9041,2054,2.929688,25000000.000
9042,2054,2.929688,25000000.000
9043,2055,3.417969,25000000.000
9044,2055,3.417969,25000000.000
9045,2054,2.929688,25000000.000
9046,2055,3.417969,25000000.000
9047,2054,2.929688,25000000.000
9048,2053,2.441406,25000000.000
9049,2052,1.953125,25000000.000
9050,2051,1.464844,25000000.000
9051,2050,0.976562,25000000.000
9052,2049,0.488281,25000000.000
9053,2047,-0.488281,25000000.000
9054,2046,-0.976562,25000000.000
9055,2046,-0.976562,25000000.000
9056,2045,-1.464844,25000000.000
9057,2043,-2.441406,25000000.000
9058,2042,-2.929688,25000000.000
9059,2042,-2.929688,25000000.000
9060,2040,-3.906250,25000000.000
9061,2038,-4.882812,25000000.000
9062,2041,-3.417969,25000000.000
9063,2041,-3.417969,25000000.000
9064,2040,-3.906250,25000000.000
9065,2040,-3.906250,25000000.000
9066,2039,-4.394531,25000000.000
9067,2040,-3.906250,25000000.000
9068,2041,-3.417969,25000000.000
9069,2042,-2.929688,25000000.000
9070,2042,-2.929688,25000000.000
9071,2043,-2.441406,25000000.000
9072,2046,-0.976562,25000000.000
9073,2046,-0.976562,25000000.000
9074,2048,0.000000,25000000.000
9075,2048,0.000000,25000000.000
9076,2048,0.000000,25000000.000
9077,2051,1.464844,25000000.000
9078,2047,-0.488281,25000000.000
9079,2052,1.953125,25000000.000
9080,2054,2.929688,25000000.000
9081,2054,2.929688,25000000.000
9082,2052,1.953125,25000000.000
9083,2053,2.441406,25000000.000
9084,2054,2.929688,25000000.000
9085,2054,2.929688,25000000.000
9086,2054,2.929688,25000000.000
9087,2054,2.929688,25000000.000
9088,2052,1.953125,25000000.000
9089,2053,2.441406,25000000.000
9090,2051,1.464844,25000000.000
9091,2051,1.464844,25000000.000
9092,2049,0.488281,25000000.000
9093,2049,0.488281,25000000.000
9094,2048,0.000000,25000000.000
9095,2046,-0.976562,25000000.000
9096,2045,-1.464844,25000000.000
9097,2043,-2.441406,25000000.000
9098,2040,-3.906250,25000000.000
9099,2041,-3.417969,25000000.000
9100,2039,-4.394531,25000000.000
9101,2038,-4.882812,25000000.000
9102,2040,-3.906250,25000000.000
9103,2038,-4.882812,25000000.000
9104,2040,-3.906250,25000000.000
9105,2035,-6.347656,25000000.000
9106,2040,-3.906250,25000000.000
9107,2040,-3.906250,25000000.000
9108,2039,-4.394531,25000000.000
9109,2040,-3.906250,25000000.000
9110,2042,-2.929688,25000000.000
9111,2042,-2.929688,25000000.000
9112,2043,-2.441406,25000000.000
9113,2044,-1.953125,25000000.000
9114,2046,-0.976562,25000000.000
9115,2046,-0.976562,25000000.000
9116,2051,1.464844,25000000.000
9117,2049,0.488281,25000000.000
9118,2049,0.488281,25000000.000
9119,2050,0.976562,25000000.000
9120,2054,2.929688,25000000.000
9121,2054,2.929688,25000000.000
9122,2052,1.953125,25000000.000
9123,2054,2.929688,25000000.000
9124,2054,2.929688,25000000.000
9125,2055,3.417969,25000000.000
9126,2055,3.417969,25000000.000
9127,2055,3.417969,25000000.000
9128,2054,2.929688,25000000.000
9129,2053,2.441406,25000000.000
9130,2054,2.929688,25000000.000
9131,2053,2.441406,25000000.000
9132,2051,1.464844,25000000.000
9133,2049,0.488281,25000000.000
9134,2050,0.976562,25000000.000
9135,2049,0.488281,25000000.000
9136,2045,-1.464844,25000000.000
9137,2045,-1.464844,25000000.000
9138,2045,-1.464844,25000000.000
9139,2044,-1.953125,25000000.000
9140,2042,-2.929688,25000000.000
9141,2041,-3.417969,25000000.000
9142,2040,-3.906250,25000000.000
9143,2040,-3.906250,25000000.000
9144,2041,-3.417969,25000000.000
9145,2039,-4.394531,25000000.000
9146,2039,-4.394531,25000000.000
9147,2039,-4.394531,25000000.000
9148,2039,-4.394531,25000000.000
9149,2041,-3.417969,25000000.000
9150,2039,-4.394531,25000000.000
9151,2039,-4.394531,25000000.000
9152,2042,-2.929688,25000000.000
9153,2044,-1.953125,25000000.000
9154,2045,-1.464844,25000000.000
9155,2045,-1.464844,25000000.000
9156,2046,-0.976562,25000000.000
9157,2048,0.000000,25000000.000
9158,2050,0.976562,25000000.000
9159,2050,0.976562,25000000.000
9160,2051,1.464844,25000000.000
9161,2052,1.953125,25000000.000
9162,2053,2.441406,25000000.000
9163,2053,2.441406,25000000.000
9164,2055,3.417969,25000000.000
9165,2055,3.417969,25000000.000
9166,2055,3.417969,25000000.000
9167,2055,3.417969,25000000.000
9168,2054,2.929688,25000000.000
9169,2055,3.417969,25000000.000
9170,2055,3.417969,25000000.000
9171,2054,2.929688,25000000.000
9172,2052,1.953125,25000000.000
9173,2051,1.464844,25000000.000
9174,2050,0.976562,25000000.000
9175,2051,1.464844,25000000.000
9176,2047,-0.488281,25000000.000
9177,2046,-0.976562,25000000.000
9178,2047,-0.488281,25000000.000
9179,2044,-1.953125,25000000.000
9180,2043,-2.441406,25000000.000
9181,2043,-2.441406,25000000.000
9182,2043,-2.441406,25000000.000
9183,2042,-2.929688,25000000.000
9184,2041,-3.417969,25000000.000
9185,2040,-3.906250,25000000.000
9186,2038,-4.882812,25000000.000
9187,2039,-4.394531,25000000.000
9188,2041,-3.417969,25000000.000
9189,2041,-3.417969,25000000.000
9190,2040,-3.906250,25000000.000
9191,2040,-3.906250,25000000.000
9192,2041,-3.417969,25000000.000
9193,2041,-3.417969,25000000.000
9194,2043,-2.441406,25000000.000
9195,2044,-1.953125,25000000.000
9196,2047,-0.488281,25000000.000
9197,2046,-0.976562,25000000.000
9198,2049,0.488281,25000000.000
9199,2048,0.000000,25000000.000
9200,2049,0.488281,25000000.000
9201,2052,1.953125,25000000.000
9202,2053,2.441406,25000000.000
9203,2052,1.953125,25000000.000
9204,2053,2.441406,25000000.000
9205,2054,2.929688,25000000.000
9206,2055,3.417969,25000000.000
9207,2055,3.417969,25000000.000
9208,2055,3.417969,25000000.000
9209,2056,3.906250,25000000.000
9210,2055,3.417969,25000000.000
9211,2055,3.417969,25000000.000
9212,2052,1.953125,25000000.000
9213,2052,1.953125,25000000.000
9214,2052,1.953125,25000000.000
9215,2050,0.976562,25000000.000
9216,2049,0.488281,25000000.000
9217,2047,-0.488281,25000000.000
9218,2046,-0.976562,25000000.000
9219,2046,-0.976562,25000000.000
9220,2043,-2.441406,25000000.000
9221,2044,-1.953125,25000000.000
9222,2042,-2.929688,25000000.000
9223,2041,-3.417969,25000000.000
9224,2041,-3.417969,25000000.000
9225,2039,-4.394531,25000000.000
9226,2039,-4.394531,25000000.000
9227,2039,-4.394531,25000000.000
9228,2040,-3.906250,25000000.000
9229,2040,-3.906250,25000000.000
9230,2041,-3.417969,25000000.000
9231,2040,-3.906250,25000000.000
9232,2041,-3.417969,25000000.000
9233,2041,-3.417969,25000000.000
9234,2043,-2.441406,25000000.000
9235,2043,-2.441406,25000000.000
9236,2043,-2.441406,25000000.000
9237,2047,-0.488281,25000000.000
9238,2047,-0.488281,25000000.000
9239,2047,-0.488281,25000000.000
9240,2049,0.488281,25000000.000
9241,2052,1.953125,25000000.000
9242,2052,1.953125,25000000.000
9243,2053,2.441406,25000000.000
9244,2053,2.441406,25000000.000
9245,2054,2.929688,25000000.000
9246,2060,5.859375,25000000.000
9247,2052,1.953125,25000000.000
9248,2058,4.882812,25000000.000
9249,2058,4.882812,25000000.000
9250,2055,3.417969,25000000.000
9251,2055,3.417969,25000000.000
9252,2055,3.417969,25000000.000
9253,2055,3.417969,25000000.000
9254,2053,2.441406,25000000.000
9255,2052,1.953125,25000000.000
9256,2050,0.976562,25000000.000
9257,2051,1.464844,25000000.000
9258,2049,0.488281,25000000.000
9259,2049,0.488281,25000000.000
9260,2047,-0.488281,25000000.000
9261,2046,-0.976562,25000000.000
9262,2045,-1.464844,25000000.000
9263,2046,-0.976562,25000000.000
9264,2042,-2.929688,25000000.000
9265,2041,-3.417969,25000000.000
9266,2041,-3.417969,25000000.000
9267,2041,-3.417969,25000000.000
9268,2039,-4.394531,25000000.000
9269,2039,-4.394531,25000000.000
9270,2040,-3.906250,25000000.000
9271,2040,-3.906250,25000000.000
9272,2040,-3.906250,25000000.000
9273,2041,-3.417969,25000000.000
9274,2042,-2.929688,25000000.000
9275,2040,-3.906250,25000000.000
9276,2044,-1.953125,25000000.000
9277,2045,-1.464844,25000000.000
9278,2046,-0.976562,25000000.000
9279,2047,-0.488281,25000000.000
9280,2048,0.000000,25000000.000
9281,2048,0.000000,25000000.000
9282,2050,0.976562,25000000.000
9283,2050,0.976562,25000000.000
9284,2051,1.464844,25000000.000
9285,2051,1.464844,25000000.000
9286,2052,1.953125,25000000.000
9287,2053,2.441406,25000000.000
9288,2054,2.929688,25000000.000
9289,2055,3.417969,25000000.000
9290,2055,3.417969,25000000.000
9291,2054,2.929688,25000000.000
9292,2053,2.441406,25000000.000
9293,2053,2.441406,25000000.000
9294,2053,2.441406,25000000.000
9295,2053,2.441406,25000000.000
9296,2052,1.953125,25000000.000
9297,2048,0.000000,25000000.000
9298,2050,0.976562,25000000.000
9299,2051,1.464844,25000000.000
9300,2046,-0.976562,25000000.000
9301,2045,-1.464844,25000000.000
9302,2046,-0.976562,25000000.000
9303,2043,-2.441406,25000000.000
9304,2041,-3.417969,25000000.000
9305,2042,-2.929688,25000000.000
9306,2040,-3.906250,25000000.000
9307,2040,-3.906250,25000000.000
9308,2042,-2.929688,25000000.000
9309,2037,-5.371094,25000000.000
9310,2039,-4.394531,25000000.000
9311,2040,-3.906250,25000000.000
9312,2040,-3.906250,25000000.000
9313,2040,-3.906250,25000000.000
9314,2039,-4.394531,25000000.000
9315,2039,-4.394531,25000000.000
9316,2042,-2.929688,25000000.000
9317,2041,-3.417969,25000000.000
9318,2042,-2.929688,25000000.000
9319,2043,-2.441406,25000000.000
9320,2045,-1.464844,25000000.000
9321,2048,0.000000,25000000.000
9322,2046,-0.976562,25000000.000
9323,2047,-0.488281,25000000.000
9324,2050,0.976562,25000000.000
9325,2050,0.976562,25000000.000
9326,2052,1.953125,25000000.000
9327,2053,2.441406,25000000.000
9328,2054,2.929688,25000000.000
9329,2045,-1.464844,25000000.000
9330,2052,1.953125,25000000.000
9331,2056,3.906250,25000000.000
9332,2054,2.929688,25000000.000
9333,2053,2.441406,25000000.000
9334,2053,2.441406,25000000.000
9335,2052,1.953125,25000000.000
9336,2052,1.953125,25000000.000
9337,2051,1.464844,25000000.000
9338,2050,0.976562,25000000.000
9339,2051,1.464844,25000000.000
9340,2048,0.000000,25000000.000
9341,2048,0.000000,25000000.000
9342,2045,-1.464844,25000000.000
9343,2046,-0.976562,25000000.000
9344,2044,-1.953125,25000000.000
9345,2042,-2.929688,25000000.000
9346,2042,-2.929688,25000000.000
9347,2042,-2.929688,25000000.000
9348,2040,-3.906250,25000000.000
9349,2040,-3.906250,25000000.000
9350,2040,-3.906250,25000000.000
9351,2038,-4.882812,25000000.000
9352,2039,-4.394531,25000000.000
9353,2039,-4.394531,25000000.000
9354,2040,-3.906250,25000000.000
9355,2040,-3.906250,25000000.000
9356,2041,-3.417969,25000000.000
9357,2042,-2.929688,25000000.000
9358,2043,-2.441406,25000000.000
9359,2042,-2.929688,25000000.000
9360,2045,-1.464844,25000000.000
9361,2044,-1.953125,25000000.000
9362,2047,-0.488281,25000000.000
9363,2047,-0.488281,25000000.000
9364,2049,0.488281,25000000.000
9365,2050,0.976562,25000000.000
9366,2052,1.953125,25000000.000
9367,2051,1.464844,25000000.000
9368,2051,1.464844,25000000.000
9369,2052,1.953125,25000000.000
9370,2055,3.417969,25000000.000
9371,2051,1.464844,25000000.000
9372,2059,5.371094,25000000.000
9373,2058,4.882812,25000000.000
9374,2053,2.441406,25000000.000
9375,2058,4.882812,25000000.000
9376,2052,1.953125,25000000.000
9377,2053,2.441406,25000000.000
9378,2053,2.441406,25000000.000
9379,2052,1.953125,25000000.000
9380,2050,0.976562,25000000.000
9381,2050,0.976562,25000000.000
9382,2048,0.000000,25000000.000
9383,2049,0.488281,25000000.000
9384,2047,-0.488281,25000000.000
9385,2045,-1.464844,25000000.000
9386,2043,-2.441406,25000000.000
9387,2045,-1.464844,25000000.000
9388,2042,-2.929688,25000000.000
9389,2042,-2.929688,25000000.000
9390,2040,-3.906250,25000000.000
9391,2041,-3.417969,25000000.000
9392,2040,-3.906250,25000000.000
9393,2040,-3.906250,25000000.000
9394,2040,-3.906250,25000000.000
9395,2041,-3.417969,25000000.000
9396,2041,-3.417969,25000000.000
9397,2041,-3.417969,25000000.000
9398,2042,-2.929688,25000000.000
9399,2043,-2.441406,25000000.000
9400,2043,-2.441406,25000000.000
9401,2044,-1.953125,25000000.000
9402,2046,-0.976562,25000000.000
9403,2046,-0.976562,25000000.000
9404,2048,0.000000,25000000.000
9405,2049,0.488281,25000000.000
9406,2050,0.976562,25000000.000
9407,2050,0.976562,25000000.000
9408,2053,2.441406,25000000.000
9409,2055,3.417969,25000000.000
9410,2054,2.929688,25000000.000
9411,2055,3.417969,25000000.000
9412,2055,3.417969,25000000.000
9413,2054,2.929688,25000000.000
9414,2056,3.906250,25000000.000
9415,2054,2.929688,25000000.000
9416,2055,3.417969,25000000.000
9417,2054,2.929688,25000000.000
9418,2052,1.953125,25000000.000
9419,2053,2.441406,25000000.000
9420,2051,1.464844,25000000.000
9421,2052,1.953125,25000000.000
9422,2049,0.488281,25000000.000
9423,2049,0.488281,25000000.000
9424,2047,-0.488281,25000000.000
9425,2045,-1.464844,25000000.000
9426,2045,-1.464844,25000000.000
9427,2043,-2.441406,25000000.000
9428,2046,-0.976562,25000000.000
9429,2042,-2.929688,25000000.000
9430,2041,-3.417969,25000000.000
9431,2042,-2.929688,25000000.000
9432,2041,-3.417969,25000000.000
9433,2041,-3.417969,25000000.000
9434,2041,-3.417969,25000000.000
9435,2041,-3.417969,25000000.000
9436,2039,-4.394531,25000000.000
9437,2041,-3.417969,25000000.000
9438,2041,-3.417969,25000000.000
9439,2042,-2.929688,25000000.000
9440,2042,-2.929688,25000000.000
9441,2045,-1.464844,25000000.000
9442,2044,-1.953125,25000000.000
9443,2045,-1.464844,25000000.000
9444,2047,-0.488281,25000000.000
9445,2049,0.488281,25000000.000
9446,2049,0.488281,25000000.000
9447,2049,0.488281,25000000.000
9448,2052,1.953125,25000000.000
9449,2051,1.464844,25000000.000
9450,2053,2.441406,25000000.000
9451,2051,1.464844,25000000.000
9452,2053,2.441406,25000000.000
9453,2054,2.929688,25000000.000
9454,2052,1.953125,25000000.000
9455,2054,2.929688,25000000.000
9456,2053,2.441406,25000000.000
9457,2054,2.929688,25000000.000
9458,2054,2.929688,25000000.000
9459,2053,2.441406,25000000.000
9460,2052,1.953125,25000000.000
9461,2051,1.464844,25000000.000
9462,2050,0.976562,25000000.000
9463,2050,0.976562,25000000.000
9464,2049,0.488281,25000000.000
9465,2047,-0.488281,25000000.000
9466,2047,-0.488281,25000000.000
9467,2046,-0.976562,25000000.000
9468,2043,-2.441406,25000000.000
9469,2043,-2.441406,25000000.000
9470,2043,-2.441406,25000000.000
9471,2042,-2.929688,25000000.000
9472,2042,-2.929688,25000000.000
9473,2043,-2.441406,25000000.000
9474,2040,-3.906250,25000000.000
9475,2041,-3.417969,25000000.000
9476,2041,-3.417969,25000000.000
9477,2041,-3.417969,25000000.000
9478,2041,-3.417969,25000000.000
9479,2041,-3.417969,25000000.000
9480,2042,-2.929688,25000000.000
9481,2042,-2.929688,25000000.000
9482,2044,-1.953125,25000000.000
9483,2042,-2.929688,25000000.000
9484,2046,-0.976562,25000000.000
9485,2047,-0.488281,25000000.000
9486,2046,-0.976562,25000000.000
9487,2047,-0.488281,25000000.000
9488,2049,0.488281,25000000.000
9489,2050,0.976562,25000000.000
9490,2050,0.976562,25000000.000
9491,2051,1.464844,25000000.000
9492,2051,1.464844,25000000.000
9493,2051,1.464844,25000000.000
9494,2052,1.953125,25000000.000
9495,2054,2.929688,25000000.000
9496,2054,2.929688,25000000.000
9497,2053,2.441406,25000000.000
9498,2052,1.953125,25000000.000
9499,2052,1.953125,25000000.000
9500,2052,1.953125,25000000.000
9501,2052,1.953125,25000000.000
9502,2050,0.976562,25000000.000
9503,2050,0.976562,25000000.000
9504,2050,0.976562,25000000.000
9505,2046,-0.976562,25000000.000
9506,2046,-0.976562,25000000.000
9507,2046,-0.976562,25000000.000
9508,2047,-0.488281,25000000.000
9509,2043,-2.441406,25000000.000
9510,2043,-2.441406,25000000.000
9511,2043,-2.441406,25000000.000
9512,2042,-2.929688,25000000.000
9513,2040,-3.906250,25000000.000
9514,2041,-3.417969,25000000.000
9515,2040,-3.906250,25000000.000
9516,2040,-3.906250,25000000.000
9517,2041,-3.417969,25000000.000
9518,2040,-3.906250,25000000.000
9519,2039,-4.394531,25000000.000
9520,2041,-3.417969,25000000.000
9521,2042,-2.929688,25000000.000
9522,2041,-3.417969,25000000.000
9523,2041,-3.417969,25000000.000
9524,2044,-1.953125,25000000.000
9525,2045,-1.464844,25000000.000
9526,2045,-1.464844,25000000.000
9527,2046,-0.976562,25000000.000
9528,2048,0.000000,25000000.000
9529,2049,0.488281,25000000.000
9530,2051,1.464844,25000000.000
9531,2051,1.464844,25000000.000
9532,2051,1.464844,25000000.000
9533,2052,1.953125,25000000.000
9534,2053,2.441406,25000000.000
9535,2052,1.953125,25000000.000
9536,2052,1.953125,25000000.000
9537,2055,3.417969,25000000.000
9538,2051,1.464844,25000000.000
9539,2053,2.441406,25000000.000
9540,2052,1.953125,25000000.000
9541,2053,2.441406,25000000.000
9542,2051,1.464844,25000000.000
9543,2052,1.953125,25000000.000
9544,2051,1.464844,25000000.000
9545,2049,0.488281,25000000.000
9546,2048,0.000000,25000000.000
9547,2048,0.000000,25000000.000
9548,2046,-0.976562,25000000.000
9549,2046,-0.976562,25000000.000
9550,2044,-1.953125,25000000.000
9551,2044,-1.953125,25000000.000
9552,2043,-2.441406,25000000.000
9553,2042,-2.929688,25000000.000
9554,2041,-3.417969,25000000.000
9555,2040,-3.906250,25000000.000
9556,2040,-3.906250,25000000.000
9557,2040,-3.906250,25000000.000
9558,2040,-3.906250,25000000.000
9559,2040,-3.906250,25000000.000
9560,2040,-3.906250,25000000.000
9561,2039,-4.394531,25000000.000
9562,2043,-2.441406,25000000.000
9563,2042,-2.929688,25000000.000
9564,2043,-2.441406,25000000.000
9565,2045,-1.464844,25000000.000
9566,2046,-0.976562,25000000.000
9567,2046,-0.976562,25000000.000
9568,2046,-0.976562,25000000.000
9569,2049,0.488281,25000000.000
9570,2049,0.488281,25000000.000
9571,2049,0.488281,25000000.000
9572,2051,1.464844,25000000.000
9573,2052,1.953125,25000000.000
9574,2052,1.953125,25000000.000
9575,2053,2.441406,25000000.000
9576,2053,2.441406,25000000.000
9577,2053,2.441406,25000000.000
9578,2054,2.929688,25000000.000
9579,2054,2.929688,25000000.000
9580,2053,2.441406,25000000.000
9581,2054,2.929688,25000000.000
9582,2052,1.953125,25000000.000
9583,2052,1.953125,25000000.000
9584,2051,1.464844,25000000.000
9585,2050,0.976562,25000000.000
9586,2048,0.000000,25000000.000
9587,2049,0.488281,25000000.000
9588,2047,-0.488281,25000000.000
9589,2048,0.000000,25000000.000
9590,2044,-1.953125,25000000.000
9591,2046,-0.976562,25000000.000
9592,2045,-1.464844,25000000.000
9593,2043,-2.441406,25000000.000
9594,2042,-2.929688,25000000.000
9595,2043,-2.441406,25000000.000
9596,2042,-2.929688,25000000.000
9597,2041,-3.417969,25000000.000
9598,2042,-2.929688,25000000.000
9599,2042,-2.929688,25000000.000
9600,2041,-3.417969,25000000.000
9601,2040,-3.906250,25000000.000
9602,2042,-2.929688,25000000.000
9603,2042,-2.929688,25000000.000
9604,2042,-2.929688,25000000.000
9605,2044,-1.953125,25000000.000
9606,2044,-1.953125,25000000.000
9607,2045,-1.464844,25000000.000
9608,2046,-0.976562,25000000.000
9609,2047,-0.488281,25000000.000
9610,2047,-0.488281,25000000.000
9611,2048,0.000000,25000000.000
9612,2049,0.488281,25000000.000
9613,2050,0.976562,25000000.000
9614,2051,1.464844,25000000.000
9615,2049,0.488281,25000000.000
9616,2052,1.953125,25000000.000
9617,2052,1.953125,25000000.000
9618,2053,2.441406,25000000.000
9619,2053,2.441406,25000000.000
9620,2053,2.441406,25000000.000
9621,2054,2.929688,25000000.000
9622,2053,2.441406,25000000.000
9623,2052,1.953125,25000000.000
9624,2052,1.953125,25000000.000
9625,2051,1.464844,25000000.000
9626,2052,1.953125,25000000.000
9627,2051,1.464844,25000000.000
9628,2050,0.976562,25000000.000
9629,2048,0.000000,25000000.000
9630,2048,0.000000,25000000.000
9631,2048,0.000000,25000000.000
9632,2045,-1.464844,25000000.000
9633,2045,-1.464844,25000000.000
9634,2046,-0.976562,25000000.000
9635,2044,-1.953125,25000000.000
9636,2042,-2.929688,25000000.000
9637,2042,-2.929688,25000000.000
9638,2043,-2.441406,25000000.000
9639,2042,-2.929688,25000000.000
9640,2041,-3.417969,25000000.000
9641,2042,-2.929688,25000000.000
9642,2041,-3.417969,25000000.000
9643,2043,-2.441406,25000000.000
9644,2043,-2.441406,25000000.000
9645,2043,-2.441406,25000000.000
9646,2045,-1.464844,25000000.000
9647,2044,-1.953125,25000000.000
9648,2047,-0.488281,25000000.000
9649,2045,-1.464844,25000000.000
9650,2046,-0.976562,25000000.000
9651,2047,-0.488281,25000000.000
9652,2050,0.976562,25000000.000
9653,2050,0.976562,25000000.000
9654,2050,0.976562,25000000.000
9655,2051,1.464844,25000000.000
9656,2052,1.953125,25000000.000
9657,2053,2.441406,25000000.000
9658,2053,2.441406,25000000.000
9659,2053,2.441406,25000000.000
9660,2054,2.929688,25000000.000
9661,2053,2.441406,25000000.000
9662,2053,2.441406,25000000.000
9663,2054,2.929688,25000000.000
9664,2053,2.441406,25000000.000
9665,2052,1.953125,25000000.000
9666,2051,1.464844,25000000.000
9667,2052,1.953125,25000000.000
9668,2048,0.000000,25000000.000
9669,2049,0.488281,25000000.000
9670,2048,0.000000,25000000.000
9671,2047,-0.488281,25000000.000
9672,2046,-0.976562,25000000.000
9673,2045,-1.464844,25000000.000
9674,2045,-1.464844,25000000.000
9675,2045,-1.464844,25000000.000
9676,2052,1.953125,25000000.000
9677,2040,-3.906250,25000000.000
9678,2040,-3.906250,25000000.000
9679,2042,-2.929688,25000000.000
9680,2041,-3.417969,25000000.000
9681,2042,-2.929688,25000000.000
9682,2040,-3.906250,25000000.000
9683,2039,-4.394531,25000000.000
9684,2041,-3.417969,25000000.000
9685,2041,-3.417969,25000000.000
9686,2042,-2.929688,25000000.000
9687,2043,-2.441406,25000000.000
9688,2043,-2.441406,25000000.000
9689,2045,-1.464844,25000000.000
9690,2044,-1.953125,25000000.000
9691,2045,-1.464844,25000000.000
9692,2046,-0.976562,25000000.000
9693,2048,0.000000,25000000.000
9694,2048,0.000000,25000000.000
9695,2047,-0.488281,25000000.000
9696,2051,1.464844,25000000.000
9697,2051,1.464844,25000000.000
9698,2052,1.953125,25000000.000
9699,2052,1.953125,25000000.000
9700,2052,1.953125,25000000.000
9701,2053,2.441406,25000000.000
9702,2052,1.953125,25000000.000
9703,2053,2.441406,25000000.000
9704,2052,1.953125,25000000.000
9705,2053,2.441406,25000000.000
9706,2052,1.953125,25000000.000
9707,2052,1.953125,25000000.000
9708,2049,0.488281,25000000.000
9709,2050,0.976562,25000000.000
9710,2048,0.000000,25000000.000
9711,2049,0.488281,25000000.000
9712,2047,-0.488281,25000000.000
9713,2046,-0.976562,25000000.000
9714,2045,-1.464844,25000000.000
9715,2044,-1.953125,25000000.000
9716,2043,-2.441406,25000000.000
9717,2039,-4.394531,25000000.000
9718,2040,-3.906250,25000000.000
9719,2037,-5.371094,25000000.000
9720,2042,-2.929688,25000000.000
9721,2041,-3.417969,25000000.000
9722,2041,-3.417969,25000000.000
9723,2041,-3.417969,25000000.000
9724,2040,-3.906250,25000000.000
9725,2040,-3.906250,25000000.000
9726,2041,-3.417969,25000000.000
9727,2042,-2.929688,25000000.000
9728,2043,-2.441406,25000000.000
9729,2043,-2.441406,25000000.000
9730,2044,-1.953125,25000000.000
9731,2045,-1.464844,25000000.000
9732,2046,-0.976562,25000000.000
9733,2047,-0.488281,25000000.000
9734,2048,0.000000,25000000.000
9735,2049,0.488281,25000000.000
9736,2048,0.000000,25000000.000
9737,2051,1.464844,25000000.000
9738,2051,1.464844,25000000.000
9739,2052,1.953125,25000000.000
9740,2052,1.953125,25000000.000
9741,2053,2.441406,25000000.000
9742,2052,1.953125,25000000.000
9743,2052,1.953125,25000000.000
9744,2054,2.929688,25000000.000
9745,2051,1.464844,25000000.000
9746,2057,4.394531,25000000.000
9747,2052,1.953125,25000000.000
9748,2049,0.488281,25000000.000
9749,2052,1.953125,25000000.000
9750,2049,0.488281,25000000.000
9751,2049,0.488281,25000000.000
9752,2047,-0.488281,25000000.000
9753,2047,-0.488281,25000000.000
9754,2046,-0.976562,25000000.000
9755,2045,-1.464844,25000000.000
9756,2044,-1.953125,25000000.000
9757,2043,-2.441406,25000000.000
9758,2043,-2.441406,25000000.000
9759,2044,-1.953125,25000000.000
9760,2042,-2.929688,25000000.000
9761,2041,-3.417969,25000000.000
9762,2041,-3.417969,25000000.000
9763,2040,-3.906250,25000000.000
9764,2042,-2.929688,25000000.000
9765,2040,-3.906250,25000000.000
9766,2042,-2.929688,25000000.000
9767,2041,-3.417969,25000000.000
9768,2042,-2.929688,25000000.000
9769,2043,-2.441406,25000000.000
9770,2044,-1.953125,25000000.000
9771,2044,-1.953125,25000000.000
9772,2045,-1.464844,25000000.000
9773,2047,-0.488281,25000000.000
9774,2049,0.488281,25000000.000
9775,2048,0.000000,25000000.000
9776,2049,0.488281,25000000.000
9777,2051,1.464844,25000000.000
9778,2051,1.464844,25000000.000
9779,2051,1.464844,25000000.000
9780,2052,1.953125,25000000.000
9781,2052,1.953125,25000000.000
9782,2055,3.417969,25000000.000
9783,2054,2.929688,25000000.000
9784,2054,2.929688,25000000.000
9785,2055,3.417969,25000000.000
9786,2053,2.441406,25000000.000
9787,2053,2.441406,25000000.000
9788,2053,2.441406,25000000.000
9789,2053,2.441406,25000000.000
9790,2052,1.953125,25000000.000
9791,2052,1.953125,25000000.000
9792,2052,1.953125,25000000.000
9793,2047,-0.488281,25000000.000
9794,2046,-0.976562,25000000.000
9795,2048,0.000000,25000000.000
9796,2048,0.000000,25000000.000
9797,2043,-2.441406,25000000.000
9798,2045,-1.464844,25000000.000
9799,2044,-1.953125,25000000.000
9800,2043,-2.441406,25000000.000
9801,2042,-2.929688,25000000.000
9802,2041,-3.417969,25000000.000
9803,2042,-2.929688,25000000.000
9804,2040,-3.906250,25000000.000
9805,2041,-3.417969,25000000.000
9806,2040,-3.906250,25000000.000
9807,2042,-2.929688,25000000.000
9808,2042,-2.929688,25000000.000
9809,2044,-1.953125,25000000.000
9810,2043,-2.441406,25000000.000
9811,2044,-1.953125,25000000.000
9812,2045,-1.464844,25000000.000
9813,2045,-1.464844,25000000.000
9814,2046,-0.976562,25000000.000
9815,2045,-1.464844,25000000.000
9816,2048,0.000000,25000000.000
9817,2048,0.000000,25000000.000
9818,2048,0.000000,25000000.000
9819,2048,0.000000,25000000.000
9820,2052,1.953125,25000000.000
9821,2051,1.464844,25000000.000
9822,2052,1.953125,25000000.000
9823,2053,2.441406,25000000.000
9824,2053,2.441406,25000000.000
9825,2053,2.441406,25000000.000
9826,2053,2.441406,25000000.000
9827,2054,2.929688,25000000.000
9828,2054,2.929688,25000000.000
9829,2053,2.441406,25000000.000
9830,2053,2.441406,25000000.000
9831,2054,2.929688,25000000.000
9832,2051,1.464844,25000000.000
9833,2050,0.976562,25000000.000
9834,2049,0.488281,25000000.000
9835,2048,0.000000,25000000.000
9836,2046,-0.976562,25000000.000
9837,2046,-0.976562,25000000.000
9838,2044,-1.953125,25000000.000
9839,2045,-1.464844,25000000.000
9840,2044,-1.953125,25000000.000
9841,2043,-2.441406,25000000.000
9842,2041,-3.417969,25000000.000
9843,2043,-2.441406,25000000.000
9844,2042,-2.929688,25000000.000
9845,2041,-3.417969,25000000.000
9846,2041,-3.417969,25000000.000
9847,2039,-4.394531,25000000.000
9848,2042,-2.929688,25000000.000
9849,2041,-3.417969,25000000.000
9850,2040,-3.906250,25000000.000
9851,2042,-2.929688,25000000.000
9852,2043,-2.441406,25000000.000
9853,2045,-1.464844,25000000.000
9854,2045,-1.464844,25000000.000
9855,2044,-1.953125,25000000.000
9856,2047,-0.488281,25000000.000
9857,2048,0.000000,25000000.000
9858,2049,0.488281,25000000.000
9859,2051,1.464844,25000000.000
9860,2051,1.464844,25000000.000
9861,2051,1.464844,25000000.000
9862,2051,1.464844,25000000.000
9863,2052,1.953125,25000000.000
9864,2054,2.929688,25000000.000
9865,2053,2.441406,25000000.000
9866,2053,2.441406,25000000.000
9867,2053,2.441406,25000000.000
9868,2053,2.441406,25000000.000
9869,2053,2.441406,25000000.000
9870,2053,2.441406,25000000.000
9871,2052,1.953125,25000000.000
9872,2050,0.976562,25000000.000
9873,2051,1.464844,25000000.000
9874,2050,0.976562,25000000.000
9875,2050,0.976562,25000000.000
9876,2043,-2.441406,25000000.000
9877,2047,-0.488281,25000000.000
9878,2046,-0.976562,25000000.000
9879,2042,-2.929688,25000000.000
9880,2044,-1.953125,25000000.000
9881,2042,-2.929688,25000000.000
9882,2042,-2.929688,25000000.000
9883,2042,-2.929688,25000000.000
9884,2041,-3.417969,25000000.000
9885,2041,-3.417969,25000000.000
9886,2040,-3.906250,25000000.000
9887,2041,-3.417969,25000000.000
9888,2039,-4.394531,25000000.000
9889,2044,-1.953125,25000000.000
9890,2044,-1.953125,25000000.000
9891,2039,-4.394531,25000000.000
9892,2041,-3.417969,25000000.000
9893,2044,-1.953125,25000000.000
9894,2042,-2.929688,25000000.000
9895,2046,-0.976562,25000000.000
9896,2046,-0.976562,25000000.000
9897,2046,-0.976562,25000000.000
9898,2048,0.000000,25000000.000
9899,2047,-0.488281,25000000.000
9900,2049,0.488281,25000000.000
9901,2049,0.488281,25000000.000
9902,2052,1.953125,25000000.000
9903,2050,0.976562,25000000.000
9904,2052,1.953125,25000000.000
9905,2053,2.441406,25000000.000
9906,2053,2.441406,25000000.000
9907,2052,1.953125,25000000.000
9908,2053,2.441406,25000000.000
9909,2053,2.441406,25000000.000
9910,2053,2.441406,25000000.000
9911,2053,2.441406,25000000.000
9912,2052,1.953125,25000000.000
9913,2050,0.976562,25000000.000
9914,2050,0.976562,25000000.000
9915,2050,0.976562,25000000.000
9916,2049,0.488281,25000000.000
9917,2048,0.000000,25000000.000
9918,2046,-0.976562,25000000.000
9919,2046,-0.976562,25000000.000
9920,2043,-2.441406,25000000.000
9921,2046,-0.976562,25000000.000
9922,2044,-1.953125,25000000.000
9923,2044,-1.953125,25000000.000
9924,2042,-2.929688,25000000.000
9925,2040,-3.906250,25000000.000
9926,2041,-3.417969,25000000.000
9927,2042,-2.929688,25000000.000
9928,2039,-4.394531,25000000.000
9929,2040,-3.906250,25000000.000
9930,2041,-3.417969,25000000.000
9931,2040,-3.906250,25000000.000
9932,2040,-3.906250,25000000.000
9933,2040,-3.906250,25000000.000
9934,2043,-2.441406,25000000.000
9935,2042,-2.929688,25000000.000
9936,2044,-1.953125,25000000.000
9937,2045,-1.464844,25000000.000
9938,2045,-1.464844,25000000.000
9939,2046,-0.976562,25000000.000
9940,2048,0.000000,25000000.000
9941,2048,0.000000,25000000.000
9942,2051,1.464844,25000000.000
9943,2050,0.976562,25000000.000
9944,2053,2.441406,25000000.000
9945,2053,2.441406,25000000.000
9946,2053,2.441406,25000000.000
9947,2052,1.953125,25000000.000
9948,2054,2.929688,25000000.000
9949,2054,2.929688,25000000.000
9950,2054,2.929688,25000000.000
9951,2054,2.929688,25000000.000
9952,2054,2.929688,25000000.000
9953,2053,2.441406,25000000.000
9954,2053,2.441406,25000000.000
9955,2052,1.953125,25000000.000
9956,2049,0.488281,25000000.000
9957,2049,0.488281,25000000.000
9958,2048,0.000000,25000000.000
9959,2048,0.000000,25000000.000
9960,2045,-1.464844,25000000.000
9961,2044,-1.953125,25000000.000
9962,2044,-1.953125,25000000.000
9963,2045,-1.464844,25000000.000
9964,2042,-2.929688,25000000.000
9965,2042,-2.929688,25000000.000
9966,2041,-3.417969,25000000.000
9967,2041,-3.417969,25000000.000
9968,2039,-4.394531,25000000.000
9969,2040,-3.906250,25000000.000
9970,2041,-3.417969,25000000.000
9971,2042,-2.929688,25000000.000
9972,2041,-3.417969,25000000.000
9973,2042,-2.929688,25000000.000
9974,2042,-2.929688,25000000.000
9975,2043,-2.441406,25000000.000
9976,2045,-1.464844,25000000.000
9977,2046,-0.976562,25000000.000
9978,2046,-0.976562,25000000.000
9979,2047,-0.488281,25000000.000
9980,2049,0.488281,25000000.000
9981,2049,0.488281,25000000.000
9982,2050,0.976562,25000000.000
9983,2051,1.464844,25000000.000
9984,2054,2.929688,25000000.000
9985,2054,2.929688,25000000.000
9986,2053,2.441406,25000000.000
9987,2054,2.929688,25000000.000
9988,2054,2.929688,25000000.000
9989,2057,4.394531,25000000.000
9990,2054,2.929688,25000000.000
9991,2055,3.417969,25000000.000
9992,2055,3.417969,25000000.000
9993,2053,2.441406,25000000.000
9994,2053,2.441406,25000000.000
9995,2053,2.441406,25000000.000
9996,2052,1.953125,25000000.000
9997,2051,1.464844,25000000.000
9998,2051,1.464844,25000000.000
9999,2049,0.488281,25000000.000
10000,2047,-0.488281,25000000.000
10001,2046,-0.976562,25000000.000
10002,2045,-1.464844,25000000.000
10003,2045,-1.464844,25000000.000
10004,2042,-2.929688,25000000.000
10005,2044,-1.953125,25000000.000
10006,2042,-2.929688,25000000.000
10007,2042,-2.929688,25000000.000
10008,2041,-3.417969,25000000.000
10009,2041,-3.417969,25000000.000
10010,2040,-3.906250,25000000.000
10011,2041,-3.417969,25000000.000
10012,2041,-3.417969,25000000.000
10013,2041,-3.417969,25000000.000
10014,2043,-2.441406,25000000.000
10015,2042,-2.929688,25000000.000
10016,2044,-1.953125,25000000.000
10017,2045,-1.464844,25000000.000
10018,2044,-1.953125,25000000.000
10019,2044,-1.953125,25000000.000
10020,2047,-0.488281,25000000.000
10021,2041,-3.417969,25000000.000
10022,2039,-4.394531,25000000.000
10023,2053,2.441406,25000000.000
10024,2055,3.417969,25000000.000
10025,2049,0.488281,25000000.000
10026,2052,1.953125,25000000.000
10027,2053,2.441406,25000000.000
10028,2054,2.929688,25000000.000
10029,2053,2.441406,25000000.000
10030,2053,2.441406,25000000.000
10031,2054,2.929688,25000000.000
10032,2054,2.929688,25000000.000
10033,2053,2.441406,25000000.000
10034,2051,1.464844,25000000.000
10035,2052,1.953125,25000000.000
10036,2055,3.417969,25000000.000
10037,2052,1.953125,25000000.000
10038,2045,-1.464844,25000000.000
10039,2051,1.464844,25000000.000
10040,2049,0.488281,25000000.000
10041,2048,0.000000,25000000.000
10042,2046,-0.976562,25000000.000
10043,2043,-2.441406,25000000.000
10044,2045,-1.464844,25000000.000
10045,2043,-2.441406,25000000.000
10046,2043,-2.441406,25000000.000
10047,2041,-3.417969,25000000.000
10048,2041,-3.417969,25000000.000
10049,2041,-3.417969,25000000.000
10050,2039,-4.394531,25000000.000
10051,2039,-4.394531,25000000.000
10052,2040,-3.906250,25000000.000
10053,2040,-3.906250,25000000.000
10054,2040,-3.906250,25000000.000
10055,2040,-3.906250,25000000.000
10056,2042,-2.929688,25000000.000
10057,2042,-2.929688,25000000.000
10058,2042,-2.929688,25000000.000
10059,2043,-2.441406,25000000.000
10060,2046,-0.976562,25000000.000
10061,2046,-0.976562,25000000.000
10062,2046,-0.976562,25000000.000
10063,2044,-1.953125,25000000.000
10064,2047,-0.488281,25000000.000
10065,2048,0.000000,25000000.000
10066,2057,4.394531,25000000.000
10067,2046,-0.976562,25000000.000
10068,2048,0.000000,25000000.000
10069,2054,2.929688,25000000.000
10070,2053,2.441406,25000000.000
10071,2053,2.441406,25000000.000
10072,2052,1.953125,25000000.000
10073,2052,1.953125,25000000.000
10074,2054,2.929688,25000000.000
10075,2053,2.441406,25000000.000
10076,2053,2.441406,25000000.000
10077,2051,1.464844,25000000.000
10078,2051,1.464844,25000000.000
10079,2051,1.464844,25000000.000
10080,2050,0.976562,25000000.000
10081,2048,0.000000,25000000.000
10082,2046,-0.976562,25000000.000
10083,2046,-0.976562,25000000.000
10084,2046,-0.976562,25000000.000
10085,2044,-1.953125,25000000.000
10086,2042,-2.929688,25000000.000
10087,2043,-2.441406,25000000.000
10088,2042,-2.929688,25000000.000
10089,2040,-3.906250,25000000.000
10090,2042,-2.929688,25000000.000
10091,2042,-2.929688,25000000.000
10092,2039,-4.394531,25000000.000
10093,2040,-3.906250,25000000.000
10094,2041,-3.417969,25000000.000
10095,2041,-3.417969,25000000.000
10096,2042,-2.929688,25000000.000
10097,2041,-3.417969,25000000.000
10098,2043,-2.441406,25000000.000
10099,2042,-2.929688,25000000.000
10100,2043,-2.441406,25000000.000
10101,2045,-1.464844,25000000.000
10102,2046,-0.976562,25000000.000
10103,2045,-1.464844,25000000.000
10104,2047,-0.488281,25000000.000
10105,2050,0.976562,25000000.000
10106,2050,0.976562,25000000.000
10107,2050,0.976562,25000000.000
10108,2051,1.464844,25000000.000
10109,2052,1.953125,25000000.000
10110,2053,2.441406,25000000.000
10111,2052,1.953125,25000000.000
10112,2055,3.417969,25000000.000
10113,2053,2.441406,25000000.000
10114,2054,2.929688,25000000.000
10115,2054,2.929688,25000000.000
10116,2053,2.441406,25000000.000
10117,2054,2.929688,25000000.000
10118,2051,1.464844,25000000.000
10119,2051,1.464844,25000000.000
10120,2049,0.488281,25000000.000
10121,2050,0.976562,25000000.000
10122,2048,0.000000,25000000.000
10123,2049,0.488281,25000000.000
10124,2046,-0.976562,25000000.000
10125,2044,-1.953125,25000000.000
10126,2043,-2.441406,25000000.000
10127,2044,-1.953125,25000000.000
10128,2043,-2.441406,25000000.000
10129,2041,-3.417969,25000000.000
10130,2042,-2.929688,25000000.000
10131,2041,-3.417969,25000000.000
10132,2040,-3.906250,25000000.000
10133,2040,-3.906250,25000000.000
10134,2041,-3.417969,25000000.000
10135,2040,-3.906250,25000000.000
10136,2040,-3.906250,25000000.000
10137,2042,-2.929688,25000000.000
10138,2039,-4.394531,25000000.000
10139,2041,-3.417969,25000000.000
10140,2043,-2.441406,25000000.000
10141,2044,-1.953125,25000000.000
10142,2044,-1.953125,25000000.000
10143,2045,-1.464844,25000000.000
10144,2047,-0.488281,25000000.000
10145,2049,0.488281,25000000.000
10146,2047,-0.488281,25000000.000
10147,2049,0.488281,25000000.000
10148,2049,0.488281,25000000.000
10149,2054,2.929688,25000000.000
10150,2049,0.488281,25000000.000
10151,2052,1.953125,25000000.000
10152,2052,1.953125,25000000.000
10153,2055,3.417969,25000000.000
10154,2055,3.417969,25000000.000
10155,2055,3.417969,25000000.000
10156,2053,2.441406,25000000.000
10157,2052,1.953125,25000000.000
10158,2053,2.441406,25000000.000
10159,2052,1.953125,25000000.000
10160,2053,2.441406,25000000.000
10161,2050,0.976562,25000000.000
10162,2051,1.464844,25000000.000
10163,2050,0.976562,25000000.000
10164,2049,0.488281,25000000.000
10165,2046,-0.976562,25000000.000
10166,2047,-0.488281,25000000.000
10167,2046,-0.976562,25000000.000
10168,2044,-1.953125,25000000.000
10169,2045,-1.464844,25000000.000
10170,2042,-2.929688,25000000.000
10171,2042,-2.929688,25000000.000
10172,2042,-2.929688,25000000.000
10173,2042,-2.929688,25000000.000
10174,2042,-2.929688,25000000.000
10175,2041,-3.417969,25000000.000
10176,2042,-2.929688,25000000.000
10177,2043,-2.441406,25000000.000
10178,2042,-2.929688,25000000.000
10179,2039,-4.394531,25000000.000
10180,2044,-1.953125,25000000.000
10181,2043,-2.441406,25000000.000
10182,2044,-1.953125,25000000.000
10183,2044,-1.953125,25000000.000
10184,2046,-0.976562,25000000.000
10185,2047,-0.488281,25000000.000
10186,2048,0.000000,25000000.000
10187,2049,0.488281,25000000.000
10188,2049,0.488281,25000000.000
10189,2051,1.464844,25000000.000
10190,2051,1.464844,25000000.000
10191,2052,1.953125,25000000.000
10192,2053,2.441406,25000000.000
10193,2053,2.441406,25000000.000
10194,2054,2.929688,25000000.000
10195,2054,2.929688,25000000.000
10196,2054,2.929688,25000000.000
10197,2054,2.929688,25000000.000
10198,2054,2.929688,25000000.000
10199,2053,2.441406,25000000.000
10200,2052,1.953125,25000000.000
10201,2052,1.953125,25000000.000
10202,2051,1.464844,25000000.000
10203,2052,1.953125,25000000.000
10204,2049,0.488281,25000000.000
10205,2049,0.488281,25000000.000
10206,2048,0.000000,25000000.000
10207,2049,0.488281,25000000.000
10208,2046,-0.976562,25000000.000
10209,2045,-1.464844,25000000.000
10210,2045,-1.464844,25000000.000
10211,2043,-2.441406,25000000.000
10212,2043,-2.441406,25000000.000
10213,2041,-3.417969,25000000.000
10214,2041,-3.417969,25000000.000
10215,2041,-3.417969,25000000.000
10216,2042,-2.929688,25000000.000
10217,2040,-3.906250,25000000.000
10218,2039,-4.394531,25000000.000
10219,2040,-3.906250,25000000.000
10220,2040,-3.906250,25000000.000
10221,2041,-3.417969,25000000.000
10222,2041,-3.417969,25000000.000
10223,2043,-2.441406,25000000.000
10224,2045,-1.464844,25000000.000
10225,2044,-1.953125,25000000.000
10226,2047,-0.488281,25000000.000
10227,2047,-0.488281,25000000.000
10228,2050,0.976562,25000000.000
10229,2049,0.488281,25000000.000
10230,2051,1.464844,25000000.000
10231,2052,1.953125,25000000.000
10232,2053,2.441406,25000000.000
10233,2053,2.441406,25000000.000
10234,2055,3.417969,25000000.000
10235,2053,2.441406,25000000.000
10236,2056,3.906250,25000000.000
10237,2052,1.953125,25000000.000
10238,2053,2.441406,25000000.000
10239,2053,2.441406,25000000.000
10240,2055,3.417969,25000000.000
10241,2053,2.441406,25000000.000
10242,2050,0.976562,25000000.000
10243,2051,1.464844,25000000.000
10244,2051,1.464844,25000000.000
10245,2049,0.488281,25000000.000
10246,2047,-0.488281,25000000.000
10247,2047,-0.488281,25000000.000
10248,2046,-0.976562,25000000.000
10249,2045,-1.464844,25000000.000
10250,2042,-2.929688,25000000.000
10251,2042,-2.929688,25000000.000
10252,2042,-2.929688,25000000.000
10253,2042,-2.929688,25000000.000
10254,2041,-3.417969,25000000.000
10255,2040,-3.906250,25000000.000
10256,2039,-4.394531,25000000.000
10257,2039,-4.394531,25000000.000
10258,2040,-3.906250,25000000.000
10259,2041,-3.417969,25000000.000
10260,2041,-3.417969,25000000.000
10261,2040,-3.906250,25000000.000
10262,2043,-2.441406,25000000.000
10263,2042,-2.929688,25000000.000
10264,2043,-2.441406,25000000.000
10265,2044,-1.953125,25000000.000
10266,2046,-0.976562,25000000.000
10267,2045,-1.464844,25000000.000
10268,2046,-0.976562,25000000.000
10269,2047,-0.488281,25000000.000
10270,2049,0.488281,25000000.000
10271,2050,0.976562,25000000.000
10272,2051,1.464844,25000000.000
10273,2052,1.953125,25000000.000
10274,2054,2.929688,25000000.000
10275,2053,2.441406,25000000.000
10276,2054,2.929688,25000000.000
10277,2054,2.929688,25000000.000
10278,2053,2.441406,25000000.000
10279,2051,1.464844,25000000.000
10280,2053,2.441406,25000000.000
10281,2052,1.953125,25000000.000
10282,2051,1.464844,25000000.000
10283,2052,1.953125,25000000.000
10284,2050,0.976562,25000000.000
10285,2049,0.488281,25000000.000
10286,2048,0.000000,25000000.000
10287,2047,-0.488281,25000000.000
10288,2046,-0.976562,25000000.000
10289,2045,-1.464844,25000000.000
10290,2045,-1.464844,25000000.000
10291,2045,-1.464844,25000000.000
10292,2044,-1.953125,25000000.000
10293,2042,-2.929688,25000000.000
10294,2041,-3.417969,25000000.000
10295,2042,-2.929688,25000000.000
10296,2040,-3.906250,25000000.000
10297,2041,-3.417969,25000000.000
10298,2041,-3.417969,25000000.000
10299,2040,-3.906250,25000000.000
10300,2040,-3.906250,25000000.000
10301,2040,-3.906250,25000000.000
10302,2041,-3.417969,25000000.000
10303,2042,-2.929688,25000000.000
10304,2042,-2.929688,25000000.000
10305,2044,-1.953125,25000000.000
10306,2045,-1.464844,25000000.000
10307,2045,-1.464844,25000000.000
10308,2046,-0.976562,25000000.000
10309,2048,0.000000,25000000.000
10310,2049,0.488281,25000000.000
10311,2048,0.000000,25000000.000
10312,2051,1.464844,25000000.000
10313,2050,0.976562,25000000.000
10314,2052,1.953125,25000000.000
10315,2051,1.464844,25000000.000
10316,2053,2.441406,25000000.000
10317,2054,2.929688,25000000.000
10318,2051,1.464844,25000000.000
10319,2051,1.464844,25000000.000
10320,2053,2.441406,25000000.000
10321,2053,2.441406,25000000.000
10322,2052,1.953125,25000000.000
10323,2052,1.953125,25000000.000
10324,2051,1.464844,25000000.000
10325,2050,0.976562,25000000.000
10326,2049,0.488281,25000000.000
10327,2051,1.464844,25000000.000
10328,2048,0.000000,25000000.000
10329,2046,-0.976562,25000000.000
10330,2046,-0.976562,25000000.000
10331,2046,-0.976562,25000000.000
10332,2043,-2.441406,25000000.000
10333,2042,-2.929688,25000000.000
10334,2043,-2.441406,25000000.000
10335,2041,-3.417969,25000000.000
10336,2042,-2.929688,25000000.000
10337,2042,-2.929688,25000000.000
10338,2040,-3.906250,25000000.000
10339,2040,-3.906250,25000000.000
10340,2040,-3.906250,25000000.000
10341,2041,-3.417969,25000000.000
10342,2042,-2.929688,25000000.000
10343,2041,-3.417969,25000000.000
10344,2042,-2.929688,25000000.000
10345,2043,-2.441406,25000000.000
10346,2045,-1.464844,25000000.000
10347,2042,-2.929688,25000000.000
10348,2047,-0.488281,25000000.000
10349,2047,-0.488281,25000000.000
10350,2047,-0.488281,25000000.000
10351,2048,0.000000,25000000.000
10352,2049,0.488281,25000000.000
10353,2051,1.464844,25000000.000
10354,2051,1.464844,25000000.000
10355,2051,1.464844,25000000.000
10356,2052,1.953125,25000000.000
10357,2052,1.953125,25000000.000
10358,2054,2.929688,25000000.000
10359,2054,2.929688,25000000.000
10360,2054,2.929688,25000000.000
10361,2054,2.929688,25000000.000
10362,2054,2.929688,25000000.000
10363,2053,2.441406,25000000.000
10364,2052,1.953125,25000000.000
10365,2052,1.953125,25000000.000
10366,2052,1.953125,25000000.000
10367,2052,1.953125,25000000.000
10368,2039,-4.394531,25000000.000
10369,2046,-0.976562,25000000.000
10370,2049,0.488281,25000000.000
10371,2040,-3.906250,25000000.000
10372,2044,-1.953125,25000000.000
10373,2044,-1.953125,25000000.000
10374,2043,-2.441406,25000000.000
10375,2041,-3.417969,25000000.000
10376,2042,-2.929688,25000000.000
10377,2041,-3.417969,25000000.000
10378,2043,-2.441406,25000000.000
10379,2040,-3.906250,25000000.000
10380,2040,-3.906250,25000000.000
10381,2041,-3.417969,25000000.000
10382,2041,-3.417969,25000000.000
10383,2041,-3.417969,25000000.000
10384,2042,-2.929688,25000000.000
10385,2044,-1.953125,25000000.000
10386,2042,-2.929688,25000000.000
10387,2044,-1.953125,25000000.000
10388,2045,-1.464844,25000000.000
10389,2047,-0.488281,25000000.000
10390,2047,-0.488281,25000000.000
10391,2047,-0.488281,25000000.000
10392,2048,0.000000,25000000.000
10393,2049,0.488281,25000000.000
10394,2051,1.464844,25000000.000
10395,2050,0.976562,25000000.000
10396,2051,1.464844,25000000.000
10397,2052,1.953125,25000000.000
10398,2054,2.929688,25000000.000
10399,2052,1.953125,25000000.000
10400,2053,2.441406,25000000.000
10401,2054,2.929688,25000000.000
10402,2053,2.441406,25000000.000
10403,2052,1.953125,25000000.000
10404,2051,1.464844,25000000.000
10405,2053,2.441406,25000000.000
10406,2050,0.976562,25000000.000
10407,2050,0.976562,25000000.000
10408,2049,0.488281,25000000.000
10409,2053,2.441406,25000000.000
10410,2045,-1.464844,25000000.000
10411,2051,1.464844,25000000.000
10412,2045,-1.464844,25000000.000
10413,2045,-1.464844,25000000.000
10414,2043,-2.441406,25000000.000
10415,2043,-2.441406,25000000.000
10416,2043,-2.441406,25000000.000
10417,2043,-2.441406,25000000.000
10418,2042,-2.929688,25000000.000
10419,2042,-2.929688,25000000.000
10420,2041,-3.417969,25000000.000
10421,2041,-3.417969,25000000.000
10422,2043,-2.441406,25000000.000
10423,2042,-2.929688,25000000.000
10424,2042,-2.929688,25000000.000
10425,2043,-2.441406,25000000.000
10426,2045,-1.464844,25000000.000
10427,2044,-1.953125,25000000.000
10428,2044,-1.953125,25000000.000
10429,2045,-1.464844,25000000.000
10430,2047,-0.488281,25000000.000
10431,2047,-0.488281,25000000.000
10432,2048,0.000000,25000000.000
10433,2049,0.488281,25000000.000
10434,2052,1.953125,25000000.000
10435,2051,1.464844,25000000.000
10436,2052,1.953125,25000000.000
10437,2054,2.929688,25000000.000
10438,2053,2.441406,25000000.000
10439,2053,2.441406,25000000.000
10440,2054,2.929688,25000000.000
10441,2054,2.929688,25000000.000
10442,2055,3.417969,25000000.000
10443,2054,2.929688,25000000.000
10444,2054,2.929688,25000000.000
10445,2053,2.441406,25000000.000
10446,2051,1.464844,25000000.000
10447,2051,1.464844,25000000.000
10448,2052,1.953125,25000000.000
10449,2049,0.488281,25000000.000
10450,2048,0.000000,25000000.000
10451,2048,0.000000,25000000.000
10452,2047,-0.488281,25000000.000
10453,2046,-0.976562,25000000.000
10454,2044,-1.953125,25000000.000
10455,2045,-1.464844,25000000.000
10456,2043,-2.441406,25000000.000
10457,2043,-2.441406,25000000.000
10458,2043,-2.441406,25000000.000
10459,2043,-2.441406,25000000.000
10460,2042,-2.929688,25000000.000
10461,2041,-3.417969,25000000.000
10462,2041,-3.417969,25000000.000
10463,2042,-2.929688,25000000.000
10464,2040,-3.906250,25000000.000
10465,2040,-3.906250,25000000.000
10466,2042,-2.929688,25000000.000
10467,2041,-3.417969,25000000.000
10468,2044,-1.953125,25000000.000
10469,2045,-1.464844,25000000.000
10470,2044,-1.953125,25000000.000
10471,2045,-1.464844,25000000.000
10472,2047,-0.488281,25000000.000
10473,2048,0.000000,25000000.000
10474,2049,0.488281,25000000.000
10475,2049,0.488281,25000000.000
10476,2049,0.488281,25000000.000
10477,2051,1.464844,25000000.000
10478,2052,1.953125,25000000.000
10479,2050,0.976562,25000000.000
10480,2052,1.953125,25000000.000
10481,2052,1.953125,25000000.000
10482,2052,1.953125,25000000.000
10483,2052,1.953125,25000000.000
10484,2052,1.953125,25000000.000
10485,2053,2.441406,25000000.000
10486,2050,0.976562,25000000.000
10487,2050,0.976562,25000000.000
10488,2049,0.488281,25000000.000
10489,2050,0.976562,25000000.000
10490,2048,0.000000,25000000.000
10491,2048,0.000000,25000000.000
10492,2047,-0.488281,25000000.000
10493,2046,-0.976562,25000000.000
10494,2045,-1.464844,25000000.000
10495,2045,-1.464844,25000000.000
10496,2043,-2.441406,25000000.000
10497,2041,-3.417969,25000000.000
10498,2043,-2.441406,25000000.000
10499,2043,-2.441406,25000000.000
10500,2041,-3.417969,25000000.000
10501,2041,-3.417969,25000000.000
10502,2040,-3.906250,25000000.000
10503,2040,-3.906250,25000000.000
10504,2039,-4.394531,25000000.000
10505,2042,-2.929688,25000000.000
10506,2041,-3.417969,25000000.000
10507,2041,-3.417969,25000000.000
10508,2044,-1.953125,25000000.000
10509,2043,-2.441406,25000000.000
10510,2044,-1.953125,25000000.000
10511,2043,-2.441406,25000000.000
10512,2047,-0.488281,25000000.000
10513,2047,-0.488281,25000000.000
10514,2046,-0.976562,25000000.000
10515,2048,0.000000,25000000.000
10516,2048,0.000000,25000000.000
10517,2051,1.464844,25000000.000
10518,2050,0.976562,25000000.000
10519,2051,1.464844,25000000.000
10520,2050,0.976562,25000000.000
10521,2052,1.953125,25000000.000
10522,2052,1.953125,25000000.000
10523,2051,1.464844,25000000.000
10524,2054,2.929688,25000000.000
10525,2052,1.953125,25000000.000
10526,2053,2.441406,25000000.000
10527,2052,1.953125,25000000.000
10528,2049,0.488281,25000000.000
10529,2049,0.488281,25000000.000
10530,2050,0.976562,25000000.000
10531,2049,0.488281,25000000.000
10532,2047,-0.488281,25000000.000
10533,2046,-0.976562,25000000.000
10534,2044,-1.953125,25000000.000
10535,2047,-0.488281,25000000.000
10536,2041,-3.417969,25000000.000
10537,2042,-2.929688,25000000.000
10538,2046,-0.976562,25000000.000
10539,2045,-1.464844,25000000.000
10540,2041,-3.417969,25000000.000
10541,2042,-2.929688,25000000.000
10542,2041,-3.417969,25000000.000
10543,2042,-2.929688,25000000.000
10544,2041,-3.417969,25000000.000
10545,2041,-3.417969,25000000.000
10546,2041,-3.417969,25000000.000
10547,2041,-3.417969,25000000.000
10548,2044,-1.953125,25000000.000
10549,2043,-2.441406,25000000.000
10550,2044,-1.953125,25000000.000
10551,2045,-1.464844,25000000.000
10552,2044,-1.953125,25000000.000
10553,2047,-0.488281,25000000.000
10554,2047,-0.488281,25000000.000
10555,2048,0.000000,25000000.000
10556,2048,0.000000,25000000.000
10557,2049,0.488281,25000000.000
10558,2051,1.464844,25000000.000
10559,2051,1.464844,25000000.000
10560,2051,1.464844,25000000.000
10561,2052,1.953125,25000000.000
10562,2053,2.441406,25000000.000
10563,2052,1.953125,25000000.000
10564,2052,1.953125,25000000.000
10565,2053,2.441406,25000000.000
10566,2053,2.441406,25000000.000
10567,2052,1.953125,25000000.000
10568,2051,1.464844,25000000.000
10569,2053,2.441406,25000000.000
10570,2052,1.953125,25000000.000
10571,2051,1.464844,25000000.000
10572,2049,0.488281,25000000.000
10573,2051,1.464844,25000000.000
10574,2048,0.000000,25000000.000
10575,2049,0.488281,25000000.000
10576,2048,0.000000,25000000.000
10577,2048,0.000000,25000000.000
10578,2045,-1.464844,25000000.000
10579,2043,-2.441406,25000000.000
10580,2044,-1.953125,25000000.000
10581,2043,-2.441406,25000000.000
10582,2044,-1.953125,25000000.000
10583,2042,-2.929688,25000000.000
10584,2041,-3.417969,25000000.000
10585,2041,-3.417969,25000000.000
10586,2042,-2.929688,25000000.000
10587,2041,-3.417969,25000000.000
10588,2042,-2.929688,25000000.000
10589,2043,-2.441406,25000000.000
10590,2044,-1.953125,25000000.000
10591,2043,-2.441406,25000000.000
10592,2045,-1.464844,25000000.000
10593,2044,-1.953125,25000000.000
10594,2047,-0.488281,25000000.000
10595,2047,-0.488281,25000000.000
10596,2049,0.488281,25000000.000
10597,2048,0.000000,25000000.000
10598,2050,0.976562,25000000.000
10599,2051,1.464844,25000000.000
10600,2050,0.976562,25000000.000
10601,2051,1.464844,25000000.000
10602,2052,1.953125,25000000.000
10603,2052,1.953125,25000000.000
10604,2054,2.929688,25000000.000
10605,2053,2.441406,25000000.000
10606,2054,2.929688,25000000.000
10607,2053,2.441406,25000000.000
10608,2052,1.953125,25000000.000
10609,2053,2.441406,25000000.000
10610,2052,1.953125,25000000.000
10611,2050,0.976562,25000000.000
10612,2051,1.464844,25000000.000
10613,2048,0.000000,25000000.000
10614,2047,-0.488281,25000000.000
10615,2048,0.000000,25000000.000
10616,2047,-0.488281,25000000.000
10617,2046,-0.976562,25000000.000
10618,2044,-1.953125,25000000.000
10619,2045,-1.464844,25000000.000
10620,2043,-2.441406,25000000.000
10621,2042,-2.929688,25000000.000
10622,2041,-3.417969,25000000.000
10623,2042,-2.929688,25000000.000
10624,2042,-2.929688,25000000.000
10625,2041,-3.417969,25000000.000
10626,2041,-3.417969,25000000.000
10627,2042,-2.929688,25000000.000
10628,2042,-2.929688,25000000.000
10629,2042,-2.929688,25000000.000
10630,2043,-2.441406,25000000.000
10631,2042,-2.929688,25000000.000
10632,2043,-2.441406,25000000.000
10633,2045,-1.464844,25000000.000
10634,2045,-1.464844,25000000.000
10635,2045,-1.464844,25000000.000
10636,2048,0.000000,25000000.000
10637,2048,0.000000,25000000.000
10638,2049,0.488281,25000000.000
10639,2051,1.464844,25000000.000
10640,2051,1.464844,25000000.000
10641,2051,1.464844,25000000.000
10642,2053,2.441406,25000000.000
10643,2051,1.464844,25000000.000
10644,2053,2.441406,25000000.000
10645,2052,1.953125,25000000.000
10646,2053,2.441406,25000000.000
10647,2052,1.953125,25000000.000
10648,2054,2.929688,25000000.000
10649,2054,2.929688,25000000.000
10650,2051,1.464844,25000000.000
10651,2051,1.464844,25000000.000
10652,2051,1.464844,25000000.000
10653,2049,0.488281,25000000.000
10654,2050,0.976562,25000000.000
10655,2049,0.488281,25000000.000
10656,2048,0.000000,25000000.000
10657,2046,-0.976562,25000000.000
10658,2045,-1.464844,25000000.000
10659,2046,-0.976562,25000000.000
10660,2045,-1.464844,25000000.000
10661,2044,-1.953125,25000000.000
10662,2042,-2.929688,25000000.000
10663,2043,-2.441406,25000000.000
10664,2042,-2.929688,25000000.000
10665,2041,-3.417969,25000000.000
10666,2041,-3.417969,25000000.000
10667,2041,-3.417969,25000000.000
10668,2041,-3.417969,25000000.000
10669,2043,-2.441406,25000000.000
10670,2042,-2.929688,25000000.000
10671,2043,-2.441406,25000000.000
10672,2042,-2.929688,25000000.000
10673,2045,-1.464844,25000000.000
10674,2045,-1.464844,25000000.000
10675,2044,-1.953125,25000000.000
10676,2046,-0.976562,25000000.000
10677,2046,-0.976562,25000000.000
10678,2047,-0.488281,25000000.000
10679,2047,-0.488281,25000000.000
10680,2049,0.488281,25000000.000
10681,2051,1.464844,25000000.000
10682,2050,0.976562,25000000.000
10683,2049,0.488281,25000000.000
10684,2052,1.953125,25000000.000
10685,2053,2.441406,25000000.000
10686,2052,1.953125,25000000.000
10687,2052,1.953125,25000000.000
10688,2052,1.953125,25000000.000
10689,2052,1.953125,25000000.000
10690,2052,1.953125,25000000.000
10691,2053,2.441406,25000000.000
10692,2051,1.464844,25000000.000
10693,2050,0.976562,25000000.000
10694,2050,0.976562,25000000.000
10695,2049,0.488281,25000000.000
10696,2047,-0.488281,25000000.000
10697,2046,-0.976562,25000000.000
10698,2044,-1.953125,25000000.000
10699,2045,-1.464844,25000000.000
10700,2046,-0.976562,25000000.000
10701,2045,-1.464844,25000000.000
10702,2043,-2.441406,25000000.000
10703,2044,-1.953125,25000000.000
10704,2039,-4.394531,25000000.000
10705,2043,-2.441406,25000000.000
10706,2042,-2.929688,25000000.000
10707,2039,-4.394531,25000000.000
10708,2041,-3.417969,25000000.000
10709,2040,-3.906250,25000000.000
10710,2042,-2.929688,25000000.000
10711,2040,-3.906250,25000000.000
10712,2043,-2.441406,25000000.000
10713,2045,-1.464844,25000000.000
10714,2047,-0.488281,25000000.000
10715,2040,-3.906250,25000000.000
10716,2044,-1.953125,25000000.000
10717,2044,-1.953125,25000000.000
10718,2049,0.488281,25000000.000
10719,2045,-1.464844,25000000.000
10720,2048,0.000000,25000000.000
10721,2049,0.488281,25000000.000
10722,2051,1.464844,25000000.000
10723,2050,0.976562,25000000.000
10724,2051,1.464844,25000000.000
10725,2052,1.953125,25000000.000
10726,2053,2.441406,25000000.000
10727,2052,1.953125,25000000.000
10728,2053,2.441406,25000000.000
10729,2053,2.441406,25000000.000
10730,2054,2.929688,25000000.000
10731,2053,2.441406,25000000.000
10732,2051,1.464844,25000000.000
10733,2051,1.464844,25000000.000
10734,2050,0.976562,25000000.000
10735,2050,0.976562,25000000.000
10736,2047,-0.488281,25000000.000
10737,2049,0.488281,25000000.000
10738,2047,-0.488281,25000000.000
10739,2046,-0.976562,25000000.000
10740,2044,-1.953125,25000000.000
10741,2045,-1.464844,25000000.000
10742,2043,-2.441406,25000000.000
10743,2043,-2.441406,25000000.000
10744,2043,-2.441406,25000000.000
10745,2042,-2.929688,25000000.000
10746,2042,-2.929688,25000000.000
10747,2041,-3.417969,25000000.000
10748,2041,-3.417969,25000000.000
10749,2041,-3.417969,25000000.000
10750,2040,-3.906250,25000000.000
10751,2040,-3.906250,25000000.000
10752,2043,-2.441406,25000000.000
10753,2041,-3.417969,25000000.000
10754,2042,-2.929688,25000000.000
10755,2041,-3.417969,25000000.000
10756,2043,-2.441406,25000000.000
10757,2047,-0.488281,25000000.000
10758,2045,-1.464844,25000000.000
10759,2048,0.000000,25000000.000
10760,2047,-0.488281,25000000.000
10761,2048,0.000000,25000000.000
10762,2050,0.976562,25000000.000
10763,2050,0.976562,25000000.000
10764,2051,1.464844,25000000.000
10765,2053,2.441406,25000000.000
10766,2052,1.953125,25000000.000
10767,2052,1.953125,25000000.000
10768,2053,2.441406,25000000.000
10769,2053,2.441406,25000000.000
10770,2053,2.441406,25000000.000
10771,2054,2.929688,25000000.000
10772,2052,1.953125,25000000.000
10773,2053,2.441406,25000000.000
10774,2052,1.953125,25000000.000
10775,2051,1.464844,25000000.000
10776,2050,0.976562,25000000.000
10777,2050,0.976562,25000000.000
10778,2049,0.488281,25000000.000
10779,2048,0.000000,25000000.000
10780,2048,0.000000,25000000.000
10781,2047,-0.488281,25000000.000
10782,2045,-1.464844,25000000.000
10783,2045,-1.464844,25000000.000
10784,2044,-1.953125,25000000.000
10785,2045,-1.464844,25000000.000
10786,2042,-2.929688,25000000.000
10787,2044,-1.953125,25000000.000
10788,2040,-3.906250,25000000.000
10789,2043,-2.441406,25000000.000
10790,2038,-4.882812,25000000.000
10791,2043,-2.441406,25000000.000
10792,2042,-2.929688,25000000.000
10793,2047,-0.488281,25000000.000
10794,2045,-1.464844,25000000.000
10795,2040,-3.906250,25000000.000
10796,2038,-4.882812,25000000.000
10797,2044,-1.953125,25000000.000
10798,2045,-1.464844,25000000.000
10799,2044,-1.953125,25000000.000
10800,2046,-0.976562,25000000.000
10801,2048,0.000000,25000000.000
10802,2047,-0.488281,25000000.000
10803,2049,0.488281,25000000.000
10804,2050,0.976562,25000000.000
10805,2052,1.953125,25000000.000
10806,2052,1.953125,25000000.000
10807,2052,1.953125,25000000.000
10808,2053,2.441406,25000000.000
10809,2054,2.929688,25000000.000
10810,2055,3.417969,25000000.000
10811,2054,2.929688,25000000.000
10812,2054,2.929688,25000000.000
10813,2054,2.929688,25000000.000
10814,2052,1.953125,25000000.000
10815,2053,2.441406,25000000.000
10816,2053,2.441406,25000000.000
10817,2052,1.953125,25000000.000
10818,2050,0.976562,25000000.000
10819,2049,0.488281,25000000.000
10820,2047,-0.488281,25000000.000
10821,2048,0.000000,25000000.000
10822,2047,-0.488281,25000000.000
10823,2048,0.000000,25000000.000
10824,2044,-1.953125,25000000.000
10825,2042,-2.929688,25000000.000
10826,2043,-2.441406,25000000.000
10827,2043,-2.441406,25000000.000
10828,2043,-2.441406,25000000.000
10829,2039,-4.394531,25000000.000
10830,2041,-3.417969,25000000.000
10831,2041,-3.417969,25000000.000
10832,2041,-3.417969,25000000.000
10833,2042,-2.929688,25000000.000
10834,2042,-2.929688,25000000.000
10835,2041,-3.417969,25000000.000
10836,2042,-2.929688,25000000.000
10837,2045,-1.464844,25000000.000
10838,2044,-1.953125,25000000.000
10839,2045,-1.464844,25000000.000
10840,2046,-0.976562,25000000.000
10841,2048,0.000000,25000000.000
10842,2049,0.488281,25000000.000
10843,2047,-0.488281,25000000.000
10844,2051,1.464844,25000000.000
10845,2049,0.488281,25000000.000
10846,2051,1.464844,25000000.000
10847,2051,1.464844,25000000.000
10848,2053,2.441406,25000000.000
10849,2053,2.441406,25000000.000
10850,2052,1.953125,25000000.000
10851,2052,1.953125,25000000.000
10852,2053,2.441406,25000000.000
10853,2053,2.441406,25000000.000
10854,2052,1.953125,25000000.000
10855,2052,1.953125,25000000.000
10856,2052,1.953125,25000000.000
10857,2050,0.976562,25000000.000
10858,2051,1.464844,25000000.000
10859,2051,1.464844,25000000.000
10860,2049,0.488281,25000000.000
10861,2048,0.000000,25000000.000
10862,2048,0.000000,25000000.000
10863,2046,-0.976562,25000000.000
10864,2043,-2.441406,25000000.000
10865,2047,-0.488281,25000000.000
10866,2042,-2.929688,25000000.000
10867,2045,-1.464844,25000000.000
10868,2041,-3.417969,25000000.000
10869,2042,-2.929688,25000000.000
10870,2039,-4.394531,25000000.000
10871,2040,-3.906250,25000000.000
10872,2040,-3.906250,25000000.000
10873,2039,-4.394531,25000000.000
10874,2041,-3.417969,25000000.000
10875,2039,-4.394531,25000000.000
10876,2039,-4.394531,25000000.000
10877,2042,-2.929688,25000000.000
10878,2045,-1.464844,25000000.000
10879,2043,-2.441406,25000000.000
10880,2044,-1.953125,25000000.000
10881,2046,-0.976562,25000000.000
10882,2046,-0.976562,25000000.000
10883,2047,-0.488281,25000000.000
10884,2048,0.000000,25000000.000
10885,2050,0.976562,25000000.000
10886,2049,0.488281,25000000.000
10887,2050,0.976562,25000000.000
10888,2053,2.441406,25000000.000
10889,2052,1.953125,25000000.000
10890,2053,2.441406,25000000.000
10891,2054,2.929688,25000000.000
10892,2053,2.441406,25000000.000
10893,2053,2.441406,25000000.000
10894,2054,2.929688,25000000.000
10895,2053,2.441406,25000000.000
10896,2053,2.441406,25000000.000
10897,2052,1.953125,25000000.000
10898,2051,1.464844,25000000.000
10899,2051,1.464844,25000000.000
10900,2048,0.000000,25000000.000
10901,2048,0.000000,25000000.000
10902,2049,0.488281,25000000.000
10903,2048,0.000000,25000000.000
10904,2046,-0.976562,25000000.000
10905,2045,-1.464844,25000000.000
10906,2044,-1.953125,25000000.000
10907,2044,-1.953125,25000000.000
10908,2042,-2.929688,25000000.000
10909,2042,-2.929688,25000000.000
10910,2041,-3.417969,25000000.000
10911,2040,-3.906250,25000000.000
10912,2041,-3.417969,25000000.000
10913,2041,-3.417969,25000000.000
10914,2041,-3.417969,25000000.000
10915,2041,-3.417969,25000000.000
10916,2041,-3.417969,25000000.000
10917,2042,-2.929688,25000000.000
10918,2043,-2.441406,25000000.000
10919,2042,-2.929688,25000000.000
10920,2043,-2.441406,25000000.000
10921,2045,-1.464844,25000000.000
10922,2046,-0.976562,25000000.000
10923,2046,-0.976562,25000000.000
10924,2047,-0.488281,25000000.000
10925,2047,-0.488281,25000000.000
10926,2049,0.488281,25000000.000
10927,2050,0.976562,25000000.000
10928,2051,1.464844,25000000.000
10929,2052,1.953125,25000000.000
10930,2052,1.953125,25000000.000
10931,2051,1.464844,25000000.000
10932,2053,2.441406,25000000.000
10933,2054,2.929688,25000000.000
10934,2052,1.953125,25000000.000
10935,2053,2.441406,25000000.000
10936,2052,1.953125,25000000.000
10937,2052,1.953125,25000000.000
10938,2052,1.953125,25000000.000
10939,2051,1.464844,25000000.000
10940,2050,0.976562,25000000.000
10941,2050,0.976562,25000000.000
10942,2049,0.488281,25000000.000
10943,2049,0.488281,25000000.000
10944,2047,-0.488281,25000000.000
10945,2047,-0.488281,25000000.000
10946,2044,-1.953125,25000000.000
10947,2045,-1.464844,25000000.000
10948,2042,-2.929688,25000000.000
10949,2042,-2.929688,25000000.000
10950,2040,-3.906250,25000000.000
10951,2041,-3.417969,25000000.000
10952,2040,-3.906250,25000000.000
10953,2041,-3.417969,25000000.000
10954,2040,-3.906250,25000000.000
10955,2040,-3.906250,25000000.000
10956,2042,-2.929688,25000000.000
10957,2040,-3.906250,25000000.000
10958,2041,-3.417969,25000000.000
10959,2042,-2.929688,25000000.000
10960,2043,-2.441406,25000000.000
10961,2043,-2.441406,25000000.000
10962,2046,-0.976562,25000000.000
10963,2045,-1.464844,25000000.000
10964,2046,-0.976562,25000000.000
10965,2047,-0.488281,25000000.000
10966,2048,0.000000,25000000.000
10967,2048,0.000000,25000000.000
10968,2050,0.976562,25000000.000
10969,2052,1.953125,25000000.000
10970,2052,1.953125,25000000.000
10971,2052,1.953125,25000000.000
10972,2054,2.929688,25000000.000
10973,2055,3.417969,25000000.000
10974,2054,2.929688,25000000.000
10975,2055,3.417969,25000000.000
10976,2054,2.929688,25000000.000
10977,2054,2.929688,25000000.000
10978,2052,1.953125,25000000.000
10979,2053,2.441406,25000000.000
10980,2052,1.953125,25000000.000
10981,2051,1.464844,25000000.000
10982,2049,0.488281,25000000.000
10983,2049,0.488281,25000000.000
10984,2048,0.000000,25000000.000
10985,2047,-0.488281,25000000.000
10986,2046,-0.976562,25000000.000
10987,2047,-0.488281,25000000.000
10988,2050,0.976562,25000000.000
10989,2044,-1.953125,25000000.000
10990,2041,-3.417969,25000000.000
10991,2044,-1.953125,25000000.000
10992,2046,-0.976562,25000000.000
10993,2041,-3.417969,25000000.000
10994,2039,-4.394531,25000000.000
10995,2040,-3.906250,25000000.000
10996,2040,-3.906250,25000000.000
10997,2041,-3.417969,25000000.000
10998,2042,-2.929688,25000000.000
10999,2041,-3.417969,25000000.000
11000,2043,-2.441406,25000000.000
11001,2044,-1.953125,25000000.000
11002,2045,-1.464844,25000000.000
11003,2044,-1.953125,25000000.000
11004,2044,-1.953125,25000000.000
11005,2047,-0.488281,25000000.000
11006,2049,0.488281,25000000.000
11007,2048,0.000000,25000000.000
11008,2050,0.976562,25000000.000
11009,2051,1.464844,25000000.000
11010,2051,1.464844,25000000.000
11011,2051,1.464844,25000000.000
11012,2053,2.441406,25000000.000
11013,2054,2.929688,25000000.000
11014,2053,2.441406,25000000.000
11015,2054,2.929688,25000000.000
11016,2055,3.417969,25000000.000
11017,2055,3.417969,25000000.000
11018,2053,2.441406,25000000.000
11019,2053,2.441406,25000000.000
11020,2053,2.441406,25000000.000
11021,2051,1.464844,25000000.000
11022,2050,0.976562,25000000.000
11023,2051,1.464844,25000000.000
11024,2050,0.976562,25000000.000
11025,2048,0.000000,25000000.000
11026,2048,0.000000,25000000.000
11027,2047,-0.488281,25000000.000
11028,2046,-0.976562,25000000.000
11029,2045,-1.464844,25000000.000
11030,2044,-1.953125,25000000.000
11031,2043,-2.441406,25000000.000
11032,2042,-2.929688,25000000.000
11033,2042,-2.929688,25000000.000
11034,2040,-3.906250,25000000.000
11035,2041,-3.417969,25000000.000
11036,2040,-3.906250,25000000.000
11037,2041,-3.417969,25000000.000
11038,2042,-2.929688,25000000.000
11039,2040,-3.906250,25000000.000
11040,2041,-3.417969,25000000.000
11041,2041,-3.417969,25000000.000
11042,2042,-2.929688,25000000.000
11043,2041,-3.417969,25000000.000
11044,2044,-1.953125,25000000.000
11045,2044,-1.953125,25000000.000
11046,2046,-0.976562,25000000.000
11047,2045,-1.464844,25000000.000
11048,2045,-1.464844,25000000.000
11049,2047,-0.488281,25000000.000
11050,2050,0.976562,25000000.000
11051,2050,0.976562,25000000.000
11052,2049,0.488281,25000000.000
11053,2051,1.464844,25000000.000
11054,2052,1.953125,25000000.000
11055,2052,1.953125,25000000.000
11056,2054,2.929688,25000000.000
11057,2053,2.441406,25000000.000
11058,2054,2.929688,25000000.000
11059,2054,2.929688,25000000.000
11060,2051,1.464844,25000000.000
11061,2064,7.812500,25000000.000
11062,2054,2.929688,25000000.000
11063,2058,4.882812,25000000.000
11064,2048,0.000000,25000000.000
11065,2050,0.976562,25000000.000
11066,2049,0.488281,25000000.000
11067,2048,0.000000,25000000.000
11068,2047,-0.488281,25000000.000
11069,2045,-1.464844,25000000.000
11070,2045,-1.464844,25000000.000
11071,2045,-1.464844,25000000.000
11072,2042,-2.929688,25000000.000
11073,2041,-3.417969,25000000.000
11074,2041,-3.417969,25000000.000
11075,2040,-3.906250,25000000.000
11076,2040,-3.906250,25000000.000
11077,2039,-4.394531,25000000.000
11078,2038,-4.882812,25000000.000
11079,2039,-4.394531,25000000.000
11080,2039,-4.394531,25000000.000
11081,2040,-3.906250,25000000.000
11082,2041,-3.417969,25000000.000
11083,2041,-3.417969,25000000.000
11084,2041,-3.417969,25000000.000
11085,2043,-2.441406,25000000.000
11086,2043,-2.441406,25000000.000
11087,2045,-1.464844,25000000.000
11088,2047,-0.488281,25000000.000
11089,2047,-0.488281,25000000.000
11090,2049,0.488281,25000000.000
11091,2050,0.976562,25000000.000
11092,2052,1.953125,25000000.000
11093,2052,1.953125,25000000.000
11094,2053,2.441406,25000000.000
11095,2053,2.441406,25000000.000
11096,2053,2.441406,25000000.000
11097,2053,2.441406,25000000.000
11098,2056,3.906250,25000000.000
11099,2055,3.417969,25000000.000
11100,2045,-1.464844,25000000.000
11101,2057,4.394531,25000000.000
11102,2055,3.417969,25000000.000
11103,2052,1.953125,25000000.000
11104,2050,0.976562,25000000.000
11105,2052,1.953125,25000000.000
11106,2050,0.976562,25000000.000
11107,2050,0.976562,25000000.000
11108,2048,0.000000,25000000.000
11109,2045,-1.464844,25000000.000
11110,2046,-0.976562,25000000.000
11111,2045,-1.464844,25000000.000
11112,2043,-2.441406,25000000.000
11113,2042,-2.929688,25000000.000
11114,2042,-2.929688,25000000.000
11115,2041,-3.417969,25000000.000
11116,2039,-4.394531,25000000.000
11117,2041,-3.417969,25000000.000
11118,2039,-4.394531,25000000.000
11119,2040,-3.906250,25000000.000
11120,2041,-3.417969,25000000.000
11121,2041,-3.417969,25000000.000
11122,2042,-2.929688,25000000.000
11123,2042,-2.929688,25000000.000
11124,2043,-2.441406,25000000.000
11125,2043,-2.441406,25000000.000
11126,2044,-1.953125,25000000.000
11127,2045,-1.464844,25000000.000
11128,2046,-0.976562,25000000.000
11129,2047,-0.488281,25000000.000
11130,2048,0.000000,25000000.000
11131,2047,-0.488281,25000000.000
11132,2050,0.976562,25000000.000
11133,2051,1.464844,25000000.000
11134,2051,1.464844,25000000.000
11135,2052,1.953125,25000000.000
11136,2053,2.441406,25000000.000
11137,2055,3.417969,25000000.000
11138,2054,2.929688,25000000.000
11139,2054,2.929688,25000000.000
11140,2054,2.929688,25000000.000
11141,2053,2.441406,25000000.000
11142,2054,2.929688,25000000.000
11143,2054,2.929688,25000000.000
11144,2053,2.441406,25000000.000
11145,2052,1.953125,25000000.000
11146,2051,1.464844,25000000.000
11147,2051,1.464844,25000000.000
11148,2048,0.000000,25000000.000
11149,2049,0.488281,25000000.000
11150,2047,-0.488281,25000000.000
11151,2047,-0.488281,25000000.000
11152,2046,-0.976562,25000000.000
11153,2044,-1.953125,25000000.000
11154,2042,-2.929688,25000000.000
11155,2043,-2.441406,25000000.000
11156,2041,-3.417969,25000000.000
11157,2040,-3.906250,25000000.000
11158,2042,-2.929688,25000000.000
11159,2042,-2.929688,25000000.000
11160,2041,-3.417969,25000000.000
11161,2040,-3.906250,25000000.000
11162,2041,-3.417969,25000000.000
11163,2040,-3.906250,25000000.000
11164,2042,-2.929688,25000000.000
11165,2042,-2.929688,25000000.000
11166,2044,-1.953125,25000000.000
11167,2043,-2.441406,25000000.000
11168,2046,-0.976562,25000000.000
11169,2047,-0.488281,25000000.000
11170,2047,-0.488281,25000000.000
11171,2048,0.000000,25000000.000
11172,2049,0.488281,25000000.000
11173,2052,1.953125,25000000.000
11174,2052,1.953125,25000000.000
11175,2053,2.441406,25000000.000
11176,2054,2.929688,25000000.000
11177,2053,2.441406,25000000.000
11178,2053,2.441406,25000000.000
11179,2050,0.976562,25000000.000
11180,2055,3.417969,25000000.000
11181,2058,4.882812,25000000.000
11182,2053,2.441406,25000000.000
11183,2054,2.929688,25000000.000
11184,2054,2.929688,25000000.000
11185,2053,2.441406,25000000.000
11186,2052,1.953125,25000000.000
11187,2052,1.953125,25000000.000
11188,2049,0.488281,25000000.000
11189,2048,0.000000,25000000.000
11190,2048,0.000000,25000000.000
11191,2048,0.000000,25000000.000
11192,2046,-0.976562,25000000.000
11193,2045,-1.464844,25000000.000
11194,2045,-1.464844,25000000.000
11195,2043,-2.441406,25000000.000
11196,2041,-3.417969,25000000.000
11197,2042,-2.929688,25000000.000
11198,2042,-2.929688,25000000.000
11199,2040,-3.906250,25000000.000
11200,2042,-2.929688,25000000.000
11201,2040,-3.906250,25000000.000
11202,2039,-4.394531,25000000.000
11203,2041,-3.417969,25000000.000
11204,2042,-2.929688,25000000.000
11205,2043,-2.441406,25000000.000
11206,2043,-2.441406,25000000.000
11207,2042,-2.929688,25000000.000
11208,2045,-1.464844,25000000.000
11209,2045,-1.464844,25000000.000
11210,2045,-1.464844,25000000.000
11211,2046,-0.976562,25000000.000
11212,2050,0.976562,25000000.000
11213,2049,0.488281,25000000.000
11214,2051,1.464844,25000000.000
11215,2050,0.976562,25000000.000
11216,2051,1.464844,25000000.000
11217,2051,1.464844,25000000.000
11218,2051,1.464844,25000000.000
11219,2053,2.441406,25000000.000
11220,2054,2.929688,25000000.000
11221,2053,2.441406,25000000.000
11222,2053,2.441406,25000000.000
11223,2055,3.417969,25000000.000
11224,2054,2.929688,25000000.000
11225,2053,2.441406,25000000.000
11226,2054,2.929688,25000000.000
11227,2053,2.441406,25000000.000
11228,2051,1.464844,25000000.000
11229,2051,1.464844,25000000.000
11230,2050,0.976562,25000000.000
11231,2048,0.000000,25000000.000
11232,2046,-0.976562,25000000.000
11233,2047,-0.488281,25000000.000
11234,2046,-0.976562,25000000.000
11235,2046,-0.976562,25000000.000
11236,2042,-2.929688,25000000.000
11237,2042,-2.929688,25000000.000
11238,2041,-3.417969,25000000.000
11239,2042,-2.929688,25000000.000
11240,2040,-3.906250,25000000.000
11241,2040,-3.906250,25000000.000
11242,2040,-3.906250,25000000.000
11243,2039,-4.394531,25000000.000
11244,2041,-3.417969,25000000.000
11245,2040,-3.906250,25000000.000
11246,2040,-3.906250,25000000.000
11247,2040,-3.906250,25000000.000
11248,2041,-3.417969,25000000.000
11249,2042,-2.929688,25000000.000
11250,2043,-2.441406,25000000.000
11251,2044,-1.953125,25000000.000
11252,2044,-1.953125,25000000.000
11253,2046,-0.976562,25000000.000
11254,2047,-0.488281,25000000.000
11255,2047,-0.488281,25000000.000
11256,2050,0.976562,25000000.000
11257,2049,0.488281,25000000.000
11258,2053,2.441406,25000000.000
11259,2053,2.441406,25000000.000
11260,2053,2.441406,25000000.000
11261,2052,1.953125,25000000.000
11262,2055,3.417969,25000000.000
11263,2055,3.417969,25000000.000
11264,2054,2.929688,25000000.000
11265,2053,2.441406,25000000.000
11266,2054,2.929688,25000000.000
11267,2053,2.441406,25000000.000
11268,2051,1.464844,25000000.000
11269,2052,1.953125,25000000.000
11270,2051,1.464844,25000000.000
11271,2049,0.488281,25000000.000
11272,2048,0.000000,25000000.000
11273,2047,-0.488281,25000000.000
11274,2046,-0.976562,25000000.000
11275,2045,-1.464844,25000000.000
11276,2044,-1.953125,25000000.000
11277,2043,-2.441406,25000000.000
11278,2041,-3.417969,25000000.000
11279,2041,-3.417969,25000000.000
11280,2041,-3.417969,25000000.000
11281,2040,-3.906250,25000000.000
11282,2040,-3.906250,25000000.000
11283,2040,-3.906250,25000000.000
11284,2039,-4.394531,25000000.000
11285,2039,-4.394531,25000000.000
11286,2039,-4.394531,25000000.000
11287,2040,-3.906250,25000000.000
11288,2041,-3.417969,25000000.000
11289,2041,-3.417969,25000000.000
11290,2043,-2.441406,25000000.000
11291,2043,-2.441406,25000000.000
11292,2045,-1.464844,25000000.000
11293,2045,-1.464844,25000000.000
11294,2047,-0.488281,25000000.000
11295,2046,-0.976562,25000000.000
11296,2048,0.000000,25000000.000
11297,2050,0.976562,25000000.000
11298,2051,1.464844,25000000.000
11299,2051,1.464844,25000000.000
11300,2052,1.953125,25000000.000
11301,2053,2.441406,25000000.000
11302,2054,2.929688,25000000.000
11303,2054,2.929688,25000000.000
11304,2055,3.417969,25000000.000
11305,2054,2.929688,25000000.000
11306,2053,2.441406,25000000.000
11307,2053,2.441406,25000000.000
11308,2054,2.929688,25000000.000
11309,2052,1.953125,25000000.000
11310,2051,1.464844,25000000.000
11311,2050,0.976562,25000000.000
11312,2049,0.488281,25000000.000
11313,2048,0.000000,25000000.000
11314,2046,-0.976562,25000000.000
11315,2046,-0.976562,25000000.000
11316,2044,-1.953125,25000000.000
11317,2044,-1.953125,25000000.000
11318,2042,-2.929688,25000000.000
11319,2043,-2.441406,25000000.000
11320,2041,-3.417969,25000000.000
11321,2039,-4.394531,25000000.000
11322,2041,-3.417969,25000000.000
11323,2041,-3.417969,25000000.000
11324,2041,-3.417969,25000000.000
11325,2038,-4.882812,25000000.000
11326,2040,-3.906250,25000000.000
11327,2040,-3.906250,25000000.000
11328,2040,-3.906250,25000000.000
11329,2041,-3.417969,25000000.000
11330,2042,-2.929688,25000000.000
11331,2043,-2.441406,25000000.000
11332,2043,-2.441406,25000000.000
11333,2046,-0.976562,25000000.000
11334,2046,-0.976562,25000000.000
11335,2046,-0.976562,25000000.000
11336,2048,0.000000,25000000.000
11337,2050,0.976562,25000000.000
11338,2051,1.464844,25000000.000
11339,2051,1.464844,25000000.000
11340,2052,1.953125,25000000.000
11341,2054,2.929688,25000000.000
11342,2053,2.441406,25000000.000
11343,2052,1.953125,25000000.000
11344,2057,4.394531,25000000.000
11345,2055,3.417969,25000000.000
11346,2054,2.929688,25000000.000
11347,2054,2.929688,25000000.000
11348,2054,2.929688,25000000.000
11349,2053,2.441406,25000000.000
11350,2053,2.441406,25000000.000
11351,2053,2.441406,25000000.000
11352,2052,1.953125,25000000.000
11353,2050,0.976562,25000000.000
11354,2048,0.000000,25000000.000
11355,2049,0.488281,25000000.000
11356,2048,0.000000,25000000.000
11357,2045,-1.464844,25000000.000
11358,2045,-1.464844,25000000.000
11359,2045,-1.464844,25000000.000
11360,2042,-2.929688,25000000.000
11361,2041,-3.417969,25000000.000
11362,2041,-3.417969,25000000.000
11363,2040,-3.906250,25000000.000
11364,2041,-3.417969,25000000.000
11365,2040,-3.906250,25000000.000
11366,2041,-3.417969,25000000.000
11367,2040,-3.906250,25000000.000
11368,2041,-3.417969,25000000.000
11369,2042,-2.929688,25000000.000
11370,2042,-2.929688,25000000.000
11371,2042,-2.929688,25000000.000
11372,2044,-1.953125,25000000.000
11373,2044,-1.953125,25000000.000
11374,2044,-1.953125,25000000.000
11375,2045,-1.464844,25000000.000
11376,2047,-0.488281,25000000.000
11377,2049,0.488281,25000000.000
11378,2049,0.488281,25000000.000
11379,2049,0.488281,25000000.000
11380,2051,1.464844,25000000.000
11381,2052,1.953125,25000000.000
11382,2052,1.953125,25000000.000
11383,2052,1.953125,25000000.000
11384,2053,2.441406,25000000.000
11385,2053,2.441406,25000000.000
11386,2053,2.441406,25000000.000
11387,2054,2.929688,25000000.000
11388,2054,2.929688,25000000.000
11389,2053,2.441406,25000000.000
11390,2052,1.953125,25000000.000
11391,2054,2.929688,25000000.000
11392,2052,1.953125,25000000.000
11393,2051,1.464844,25000000.000
11394,2051,1.464844,25000000.000
11395,2050,0.976562,25000000.000
11396,2047,-0.488281,25000000.000
11397,2047,-0.488281,25000000.000
11398,2046,-0.976562,25000000.000
11399,2046,-0.976562,25000000.000
11400,2043,-2.441406,25000000.000
11401,2043,-2.441406,25000000.000
11402,2042,-2.929688,25000000.000
11403,2042,-2.929688,25000000.000
11404,2041,-3.417969,25000000.000
11405,2040,-3.906250,25000000.000
11406,2038,-4.882812,25000000.000
11407,2033,-7.324219,25000000.000
11408,2050,0.976562,25000000.000
11409,2039,-4.394531,25000000.000
11410,2036,-5.859375,25000000.000
11411,2042,-2.929688,25000000.000
11412,2043,-2.441406,25000000.000
11413,2043,-2.441406,25000000.000
11414,2043,-2.441406,25000000.000
11415,2043,-2.441406,25000000.000
11416,2046,-0.976562,25000000.000
11417,2047,-0.488281,25000000.000
11418,2049,0.488281,25000000.000
11419,2049,0.488281,25000000.000
11420,2052,1.953125,25000000.000
11421,2051,1.464844,25000000.000
11422,2054,2.929688,25000000.000
11423,2053,2.441406,25000000.000
11424,2056,3.906250,25000000.000
11425,2053,2.441406,25000000.000
11426,2057,4.394531,25000000.000
11427,2055,3.417969,25000000.000
11428,2054,2.929688,25000000.000
11429,2054,2.929688,25000000.000
11430,2055,3.417969,25000000.000
11431,2053,2.441406,25000000.000
11432,2052,1.953125,25000000.000
11433,2052,1.953125,25000000.000
11434,2051,1.464844,25000000.000
11435,2051,1.464844,25000000.000
11436,2048,0.000000,25000000.000
11437,2049,0.488281,25000000.000
11438,2047,-0.488281,25000000.000
11439,2047,-0.488281,25000000.000
11440,2044,-1.953125,25000000.000
11441,2043,-2.441406,25000000.000
11442,2043,-2.441406,25000000.000
11443,2042,-2.929688,25000000.000
11444,2041,-3.417969,25000000.000
11445,2038,-4.882812,25000000.000
11446,2039,-4.394531,25000000.000
11447,2034,-6.835938,25000000.000
11448,2041,-3.417969,25000000.000
11449,2039,-4.394531,25000000.000
11450,2039,-4.394531,25000000.000
11451,2039,-4.394531,25000000.000
11452,2042,-2.929688,25000000.000
11453,2042,-2.929688,25000000.000
11454,2042,-2.929688,25000000.000
11455,2043,-2.441406,25000000.000
11456,2043,-2.441406,25000000.000
11457,2045,-1.464844,25000000.000
11458,2047,-0.488281,25000000.000
11459,2046,-0.976562,25000000.000
11460,2048,0.000000,25000000.000
11461,2049,0.488281,25000000.000
11462,2050,0.976562,25000000.000
11463,2051,1.464844,25000000.000
11464,2051,1.464844,25000000.000
11465,2052,1.953125,25000000.000
11466,2053,2.441406,25000000.000
11467,2053,2.441406,25000000.000
11468,2053,2.441406,25000000.000
11469,2054,2.929688,25000000.000
11470,2053,2.441406,25000000.000
11471,2054,2.929688,25000000.000
11472,2053,2.441406,25000000.000
11473,2052,1.953125,25000000.000
11474,2051,1.464844,25000000.000
11475,2050,0.976562,25000000.000
11476,2050,0.976562,25000000.000
11477,2048,0.000000,25000000.000
11478,2048,0.000000,25000000.000
11479,2048,0.000000,25000000.000
11480,2045,-1.464844,25000000.000
11481,2045,-1.464844,25000000.000
11482,2042,-2.929688,25000000.000
11483,2043,-2.441406,25000000.000
11484,2042,-2.929688,25000000.000
11485,2041,-3.417969,25000000.000
11486,2040,-3.906250,25000000.000
11487,2041,-3.417969,25000000.000
11488,2039,-4.394531,25000000.000
11489,2040,-3.906250,25000000.000
11490,2039,-4.394531,25000000.000
11491,2040,-3.906250,25000000.000
11492,2039,-4.394531,25000000.000
11493,2041,-3.417969,25000000.000
11494,2041,-3.417969,25000000.000
11495,2040,-3.906250,25000000.000
11496,2041,-3.417969,25000000.000
11497,2043,-2.441406,25000000.000
11498,2045,-1.464844,25000000.000
11499,2044,-1.953125,25000000.000
11500,2046,-0.976562,25000000.000
11501,2049,0.488281,25000000.000
11502,2049,0.488281,25000000.000
11503,2049,0.488281,25000000.000
11504,2052,1.953125,25000000.000
11505,2052,1.953125,25000000.000
11506,2053,2.441406,25000000.000
11507,2052,1.953125,25000000.000
11508,2054,2.929688,25000000.000
11509,2055,3.417969,25000000.000
11510,2054,2.929688,25000000.000
11511,2053,2.441406,25000000.000
11512,2055,3.417969,25000000.000
11513,2053,2.441406,25000000.000
11514,2052,1.953125,25000000.000
11515,2053,2.441406,25000000.000
11516,2051,1.464844,25000000.000
11517,2051,1.464844,25000000.000
11518,2048,0.000000,25000000.000
11519,2049,0.488281,25000000.000
11520,2047,-0.488281,25000000.000
11521,2046,-0.976562,25000000.000
11522,2045,-1.464844,25000000.000
11523,2045,-1.464844,25000000.000
11524,2043,-2.441406,25000000.000
11525,2042,-2.929688,25000000.000
11526,2042,-2.929688,25000000.000
11527,2041,-3.417969,25000000.000
11528,2040,-3.906250,25000000.000
11529,2040,-3.906250,25000000.000
11530,2040,-3.906250,25000000.000
11531,2040,-3.906250,25000000.000
11532,2040,-3.906250,25000000.000
11533,2041,-3.417969,25000000.000
11534,2040,-3.906250,25000000.000
11535,2040,-3.906250,25000000.000
11536,2042,-2.929688,25000000.000
11537,2044,-1.953125,25000000.000
11538,2045,-1.464844,25000000.000
11539,2045,-1.464844,25000000.000
11540,2047,-0.488281,25000000.000
11541,2046,-0.976562,25000000.000
11542,2048,0.000000,25000000.000
11543,2048,0.000000,25000000.000
11544,2052,1.953125,25000000.000
11545,2052,1.953125,25000000.000
11546,2052,1.953125,25000000.000
11547,2052,1.953125,25000000.000
11548,2055,3.417969,25000000.000
11549,2054,2.929688,25000000.000
11550,2055,3.417969,25000000.000
11551,2055,3.417969,25000000.000
11552,2054,2.929688,25000000.000
11553,2055,3.417969,25000000.000
11554,2054,2.929688,25000000.000
11555,2055,3.417969,25000000.000
11556,2053,2.441406,25000000.000
11557,2052,1.953125,25000000.000
11558,2051,1.464844,25000000.000
11559,2051,1.464844,25000000.000
11560,2048,0.000000,25000000.000
11561,2048,0.000000,25000000.000
11562,2047,-0.488281,25000000.000
11563,2046,-0.976562,25000000.000
11564,2045,-1.464844,25000000.000
11565,2043,-2.441406,25000000.000
11566,2044,-1.953125,25000000.000
11567,2043,-2.441406,25000000.000
11568,2042,-2.929688,25000000.000
11569,2041,-3.417969,25000000.000
11570,2040,-3.906250,25000000.000
11571,2040,-3.906250,25000000.000
11572,2040,-3.906250,25000000.000
11573,2040,-3.906250,25000000.000
11574,2041,-3.417969,25000000.000
11575,2039,-4.394531,25000000.000
11576,2041,-3.417969,25000000.000
11577,2041,-3.417969,25000000.000
11578,2042,-2.929688,25000000.000
11579,2042,-2.929688,25000000.000
11580,2045,-1.464844,25000000.000
11581,2046,-0.976562,25000000.000
11582,2046,-0.976562,25000000.000
11583,2047,-0.488281,25000000.000
11584,2050,0.976562,25000000.000
11585,2050,0.976562,25000000.000
11586,2051,1.464844,25000000.000
11587,2050,0.976562,25000000.000
11588,2054,2.929688,25000000.000
11589,2054,2.929688,25000000.000
11590,2054,2.929688,25000000.000
11591,2054,2.929688,25000000.000
11592,2055,3.417969,25000000.000
11593,2055,3.417969,25000000.000
11594,2056,3.906250,25000000.000
11595,2055,3.417969,25000000.000
11596,2054,2.929688,25000000.000
11597,2053,2.441406,25000000.000
11598,2053,2.441406,25000000.000
11599,2057,4.394531,25000000.000
11600,2048,0.000000,25000000.000
11601,2051,1.464844,25000000.000
11602,2050,0.976562,25000000.000
11603,2050,0.976562,25000000.000
11604,2046,-0.976562,25000000.000
11605,2046,-0.976562,25000000.000
11606,2045,-1.464844,25000000.000
11607,2044,-1.953125,25000000.000
11608,2042,-2.929688,25000000.000
11609,2041,-3.417969,25000000.000
11610,2041,-3.417969,25000000.000
11611,2041,-3.417969,25000000.000
11612,2041,-3.417969,25000000.000
11613,2040,-3.906250,25000000.000
11614,2039,-4.394531,25000000.000
11615,2039,-4.394531,25000000.000
11616,2039,-4.394531,25000000.000
11617,2041,-3.417969,25000000.000
11618,2041,-3.417969,25000000.000
11619,2041,-3.417969,25000000.000
11620,2044,-1.953125,25000000.000
11621,2043,-2.441406,25000000.000
11622,2046,-0.976562,25000000.000
11623,2046,-0.976562,25000000.000
11624,2049,0.488281,25000000.000
11625,2048,0.000000,25000000.000
11626,2050,0.976562,25000000.000
11627,2051,1.464844,25000000.000
11628,2050,0.976562,25000000.000
11629,2053,2.441406,25000000.000
11630,2053,2.441406,25000000.000
11631,2053,2.441406,25000000.000
11632,2054,2.929688,25000000.000
11633,2055,3.417969,25000000.000
11634,2053,2.441406,25000000.000
11635,2054,2.929688,25000000.000
11636,2053,2.441406,25000000.000
11637,2054,2.929688,25000000.000
11638,2054,2.929688,25000000.000
11639,2052,1.953125,25000000.000
11640,2051,1.464844,25000000.000
11641,2050,0.976562,25000000.000
11642,2048,0.000000,25000000.000
11643,2047,-0.488281,25000000.000
11644,2047,-0.488281,25000000.000
11645,2045,-1.464844,25000000.000
11646,2044,-1.953125,25000000.000
11647,2044,-1.953125,25000000.000
11648,2042,-2.929688,25000000.000
11649,2042,-2.929688,25000000.000
11650,2040,-3.906250,25000000.000
11651,2041,-3.417969,25000000.000
11652,2039,-4.394531,25000000.000
11653,2039,-4.394531,25000000.000
11654,2038,-4.882812,25000000.000
11655,2038,-4.882812,25000000.000
11656,2041,-3.417969,25000000.000
11657,2040,-3.906250,25000000.000
11658,2036,-5.859375,25000000.000
11659,2039,-4.394531,25000000.000
11660,2042,-2.929688,25000000.000
11661,2043,-2.441406,25000000.000
11662,2046,-0.976562,25000000.000
11663,2047,-0.488281,25000000.000
11664,2046,-0.976562,25000000.000
11665,2049,0.488281,25000000.000
11666,2047,-0.488281,25000000.000
11667,2049,0.488281,25000000.000
11668,2050,0.976562,25000000.000
11669,2054,2.929688,25000000.000
11670,2054,2.929688,25000000.000
11671,2054,2.929688,25000000.000
11672,2053,2.441406,25000000.000
11673,2054,2.929688,25000000.000
11674,2053,2.441406,25000000.000
11675,2055,3.417969,25000000.000
11676,2055,3.417969,25000000.000
11677,2053,2.441406,25000000.000
11678,2053,2.441406,25000000.000
11679,2053,2.441406,25000000.000
11680,2052,1.953125,25000000.000
11681,2052,1.953125,25000000.000
11682,2050,0.976562,25000000.000
11683,2050,0.976562,25000000.000
11684,2047,-0.488281,25000000.000
11685,2046,-0.976562,25000000.000
11686,2045,-1.464844,25000000.000
11687,2048,0.000000,25000000.000
11688,2043,-2.441406,25000000.000
11689,2043,-2.441406,25000000.000
11690,2042,-2.929688,25000000.000
11691,2042,-2.929688,25000000.000
11692,2040,-3.906250,25000000.000
11693,2039,-4.394531,25000000.000
11694,2040,-3.906250,25000000.000
11695,2039,-4.394531,25000000.000
11696,2039,-4.394531,25000000.000
11697,2040,-3.906250,25000000.000
11698,2041,-3.417969,25000000.000
11699,2040,-3.906250,25000000.000
11700,2041,-3.417969,25000000.000
11701,2044,-1.953125,25000000.000
11702,2043,-2.441406,25000000.000
11703,2044,-1.953125,25000000.000
11704,2046,-0.976562,25000000.000
11705,2046,-0.976562,25000000.000
11706,2047,-0.488281,25000000.000
11707,2047,-0.488281,25000000.000
11708,2051,1.464844,25000000.000
11709,2050,0.976562,25000000.000
11710,2051,1.464844,25000000.000
11711,2051,1.464844,25000000.000
11712,2054,2.929688,25000000.000
11713,2055,3.417969,25000000.000
11714,2053,2.441406,25000000.000
11715,2054,2.929688,25000000.000
11716,2055,3.417969,25000000.000
11717,2055,3.417969,25000000.000
11718,2053,2.441406,25000000.000
11719,2054,2.929688,25000000.000
11720,2053,2.441406,25000000.000
11721,2052,1.953125,25000000.000
11722,2051,1.464844,25000000.000
11723,2051,1.464844,25000000.000
11724,2049,0.488281,25000000.000
11725,2048,0.000000,25000000.000
11726,2048,0.000000,25000000.000
11727,2047,-0.488281,25000000.000
11728,2045,-1.464844,25000000.000
11729,2045,-1.464844,25000000.000
11730,2043,-2.441406,25000000.000
11731,2042,-2.929688,25000000.000
11732,2040,-3.906250,25000000.000
11733,2042,-2.929688,25000000.000
11734,2040,-3.906250,25000000.000
11735,2042,-2.929688,25000000.000
11736,2040,-3.906250,25000000.000
11737,2040,-3.906250,25000000.000
11738,2041,-3.417969,25000000.000
11739,2041,-3.417969,25000000.000
11740,2042,-2.929688,25000000.000
11741,2041,-3.417969,25000000.000
11742,2043,-2.441406,25000000.000
11743,2043,-2.441406,25000000.000
11744,2045,-1.464844,25000000.000
11745,2046,-0.976562,25000000.000
11746,2045,-1.464844,25000000.000
11747,2045,-1.464844,25000000.000
11748,2048,0.000000,25000000.000
11749,2050,0.976562,25000000.000
11750,2051,1.464844,25000000.000
11751,2051,1.464844,25000000.000
11752,2049,0.488281,25000000.000
11753,2056,3.906250,25000000.000
11754,2064,7.812500,25000000.000
11755,2055,3.417969,25000000.000
11756,2050,0.976562,25000000.000
11757,2053,2.441406,25000000.000
11758,2056,3.906250,25000000.000
11759,2056,3.906250,25000000.000
11760,2055,3.417969,25000000.000
11761,2053,2.441406,25000000.000
11762,2053,2.441406,25000000.000
11763,2053,2.441406,25000000.000
11764,2050,0.976562,25000000.000
11765,2050,0.976562,25000000.000
11766,2048,0.000000,25000000.000
11767,2048,0.000000,25000000.000
11768,2045,-1.464844,25000000.000
11769,2046,-0.976562,25000000.000
11770,2045,-1.464844,25000000.000
11771,2044,-1.953125,25000000.000
11772,2042,-2.929688,25000000.000
11773,2041,-3.417969,25000000.000
11774,2041,-3.417969,25000000.000
11775,2039,-4.394531,25000000.000
11776,2040,-3.906250,25000000.000
11777,2040,-3.906250,25000000.000
11778,2039,-4.394531,25000000.000
11779,2039,-4.394531,25000000.000
11780,2041,-3.417969,25000000.000
11781,2041,-3.417969,25000000.000
11782,2041,-3.417969,25000000.000
11783,2042,-2.929688,25000000.000
11784,2042,-2.929688,25000000.000
11785,2044,-1.953125,25000000.000
11786,2046,-0.976562,25000000.000
11787,2046,-0.976562,25000000.000
11788,2049,0.488281,25000000.000
11789,2049,0.488281,25000000.000
11790,2049,0.488281,25000000.000
11791,2052,1.953125,25000000.000
11792,2055,3.417969,25000000.000
11793,2048,0.000000,25000000.000
11794,2055,3.417969,25000000.000
11795,2054,2.929688,25000000.000
11796,2053,2.441406,25000000.000
11797,2051,1.464844,25000000.000
11798,2057,4.394531,25000000.000
11799,2052,1.953125,25000000.000
11800,2055,3.417969,25000000.000
11801,2054,2.929688,25000000.000
11802,2053,2.441406,25000000.000
11803,2054,2.929688,25000000.000
11804,2053,2.441406,25000000.000
11805,2051,1.464844,25000000.000
11806,2050,0.976562,25000000.000
11807,2049,0.488281,25000000.000
11808,2049,0.488281,25000000.000
11809,2046,-0.976562,25000000.000
11810,2044,-1.953125,25000000.000
11811,2044,-1.953125,25000000.000
11812,2044,-1.953125,25000000.000
11813,2044,-1.953125,25000000.000
11814,2039,-4.394531,25000000.000
11815,2041,-3.417969,25000000.000
11816,2039,-4.394531,25000000.000
11817,2039,-4.394531,25000000.000
11818,2040,-3.906250,25000000.000
11819,2040,-3.906250,25000000.000
11820,2042,-2.929688,25000000.000
11821,2033,-7.324219,25000000.000
11822,2044,-1.953125,25000000.000
11823,2039,-4.394531,25000000.000
11824,2042,-2.929688,25000000.000
11825,2044,-1.953125,25000000.000
11826,2045,-1.464844,25000000.000
11827,2042,-2.929688,25000000.000
11828,2045,-1.464844,25000000.000
11829,2049,0.488281,25000000.000
11830,2050,0.976562,25000000.000
11831,2049,0.488281,25000000.000
11832,2049,0.488281,25000000.000
11833,2054,2.929688,25000000.000
11834,2052,1.953125,25000000.000
11835,2053,2.441406,25000000.000
11836,2053,2.441406,25000000.000
11837,2055,3.417969,25000000.000
11838,2055,3.417969,25000000.000
11839,2054,2.929688,25000000.000
11840,2056,3.906250,25000000.000
11841,2052,1.953125,25000000.000
11842,2051,1.464844,25000000.000
11843,2051,1.464844,25000000.000
11844,2052,1.953125,25000000.000
11845,2053,2.441406,25000000.000
11846,2049,0.488281,25000000.000
11847,2049,0.488281,25000000.000
11848,2047,-0.488281,25000000.000
11849,2047,-0.488281,25000000.000
11850,2045,-1.464844,25000000.000
11851,2045,-1.464844,25000000.000
11852,2043,-2.441406,25000000.000
11853,2042,-2.929688,25000000.000
11854,2043,-2.441406,25000000.000
11855,2041,-3.417969,25000000.000
11856,2042,-2.929688,25000000.000
11857,2039,-4.394531,25000000.000
11858,2041,-3.417969,25000000.000
11859,2039,-4.394531,25000000.000
11860,2039,-4.394531,25000000.000
11861,2039,-4.394531,25000000.000
11862,2039,-4.394531,25000000.000
11863,2040,-3.906250,25000000.000
11864,2040,-3.906250,25000000.000
11865,2041,-3.417969,25000000.000
11866,2042,-2.929688,25000000.000
11867,2042,-2.929688,25000000.000
11868,2044,-1.953125,25000000.000
11869,2046,-0.976562,25000000.000
11870,2046,-0.976562,25000000.000
11871,2047,-0.488281,25000000.000
11872,2048,0.000000,25000000.000
11873,2050,0.976562,25000000.000
11874,2051,1.464844,25000000.000
11875,2051,1.464844,25000000.000
11876,2052,1.953125,25000000.000
11877,2052,1.953125,25000000.000
11878,2055,3.417969,25000000.000
11879,2053,2.441406,25000000.000
11880,2053,2.441406,25000000.000
11881,2054,2.929688,25000000.000
11882,2053,2.441406,25000000.000
11883,2054,2.929688,25000000.000
11884,2052,1.953125,25000000.000
11885,2051,1.464844,25000000.000
11886,2051,1.464844,25000000.000
11887,2051,1.464844,25000000.000
11888,2049,0.488281,25000000.000
11889,2047,-0.488281,25000000.000
11890,2048,0.000000,25000000.000
11891,2048,0.000000,25000000.000
11892,2044,-1.953125,25000000.000
11893,2044,-1.953125,25000000.000
11894,2043,-2.441406,25000000.000
11895,2042,-2.929688,25000000.000
11896,2040,-3.906250,25000000.000
11897,2041,-3.417969,25000000.000
11898,2040,-3.906250,25000000.000
11899,2039,-4.394531,25000000.000
11900,2038,-4.882812,25000000.000
11901,2039,-4.394531,25000000.000
11902,2039,-4.394531,25000000.000
11903,2038,-4.882812,25000000.000
11904,2041,-3.417969,25000000.000
11905,2039,-4.394531,25000000.000
11906,2042,-2.929688,25000000.000
11907,2040,-3.906250,25000000.000
11908,2043,-2.441406,25000000.000
11909,2044,-1.953125,25000000.000
11910,2046,-0.976562,25000000.000
11911,2046,-0.976562,25000000.000
11912,2049,0.488281,25000000.000
11913,2049,0.488281,25000000.000
11914,2050,0.976562,25000000.000
11915,2050,0.976562,25000000.000
11916,2053,2.441406,25000000.000
11917,2054,2.929688,25000000.000
11918,2054,2.929688,25000000.000
11919,2054,2.929688,25000000.000
11920,2056,3.906250,25000000.000
11921,2054,2.929688,25000000.000
11922,2055,3.417969,25000000.000
11923,2055,3.417969,25000000.000
11924,2053,2.441406,25000000.000
11925,2053,2.441406,25000000.000
11926,2054,2.929688,25000000.000
11927,2052,1.953125,25000000.000
11928,2050,0.976562,25000000.000
11929,2051,1.464844,25000000.000
11930,2049,0.488281,25000000.000
11931,2050,0.976562,25000000.000
11932,2046,-0.976562,25000000.000
11933,2046,-0.976562,25000000.000
11934,2044,-1.953125,25000000.000
11935,2044,-1.953125,25000000.000
11936,2043,-2.441406,25000000.000
11937,2042,-2.929688,25000000.000
11938,2043,-2.441406,25000000.000
11939,2044,-1.953125,25000000.000
11940,2041,-3.417969,25000000.000
11941,2037,-5.371094,25000000.000
11942,2039,-4.394531,25000000.000
11943,2040,-3.906250,25000000.000
11944,2043,-2.441406,25000000.000
11945,2041,-3.417969,25000000.000
11946,2040,-3.906250,25000000.000
11947,2042,-2.929688,25000000.000
11948,2045,-1.464844,25000000.000
11949,2044,-1.953125,25000000.000
11950,2045,-1.464844,25000000.000
11951,2046,-0.976562,25000000.000
11952,2048,0.000000,25000000.000
11953,2049,0.488281,25000000.000
11954,2050,0.976562,25000000.000
11955,2051,1.464844,25000000.000
11956,2052,1.953125,25000000.000
11957,2052,1.953125,25000000.000
11958,2055,3.417969,25000000.000
11959,2052,1.953125,25000000.000
11960,2054,2.929688,25000000.000
11961,2054,2.929688,25000000.000
11962,2054,2.929688,25000000.000
11963,2053,2.441406,25000000.000
11964,2054,2.929688,25000000.000
11965,2052,1.953125,25000000.000
11966,2052,1.953125,25000000.000
11967,2053,2.441406,25000000.000
11968,2051,1.464844,25000000.000
11969,2052,1.953125,25000000.000
11970,2051,1.464844,25000000.000
11971,2050,0.976562,25000000.000
11972,2048,0.000000,25000000.000
11973,2047,-0.488281,25000000.000
11974,2046,-0.976562,25000000.000
11975,2045,-1.464844,25000000.000
11976,2044,-1.953125,25000000.000
11977,2043,-2.441406,25000000.000
11978,2041,-3.417969,25000000.000
11979,2042,-2.929688,25000000.000
11980,2043,-2.441406,25000000.000
11981,2040,-3.906250,25000000.000
11982,2041,-3.417969,25000000.000
11983,2041,-3.417969,25000000.000
11984,2041,-3.417969,25000000.000
11985,2041,-3.417969,25000000.000
11986,2041,-3.417969,25000000.000
11987,2042,-2.929688,25000000.000
11988,2044,-1.953125,25000000.000
11989,2044,-1.953125,25000000.000
11990,2045,-1.464844,25000000.000
11991,2044,-1.953125,25000000.000
11992,2046,-0.976562,25000000.000
11993,2048,0.000000,25000000.000
11994,2050,0.976562,25000000.000
11995,2049,0.488281,25000000.000
11996,2050,0.976562,25000000.000
11997,2050,0.976562,25000000.000
11998,2052,1.953125,25000000.000
11999,2054,2.929688,25000000.000
12000,2053,2.441406,25000000.000
12001,2055,3.417969,25000000.000
12002,2054,2.929688,25000000.000
12003,2055,3.417969,25000000.000
12004,2055,3.417969,25000000.000
12005,2054,2.929688,25000000.000
12006,2054,2.929688,25000000.000
12007,2052,1.953125,25000000.000
12008,2053,2.441406,25000000.000
12009,2051,1.464844,25000000.000
12010,2051,1.464844,25000000.000
12011,2052,1.953125,25000000.000
12012,2049,0.488281,25000000.000
12013,2048,0.000000,25000000.000
12014,2046,-0.976562,25000000.000
12015,2047,-0.488281,25000000.000
12016,2043,-2.441406,25000000.000
12017,2044,-1.953125,25000000.000
12018,2042,-2.929688,25000000.000
12019,2042,-2.929688,25000000.000
12020,2042,-2.929688,25000000.000
12021,2040,-3.906250,25000000.000
12022,2040,-3.906250,25000000.000
12023,2040,-3.906250,25000000.000
12024,2039,-4.394531,25000000.000
12025,2039,-4.394531,25000000.000
12026,2041,-3.417969,25000000.000
12027,2039,-4.394531,25000000.000
12028,2040,-3.906250,25000000.000
12029,2040,-3.906250,25000000.000
12030,2044,-1.953125,25000000.000
12031,2045,-1.464844,25000000.000
12032,2046,-0.976562,25000000.000
12033,2041,-3.417969,25000000.000
12034,2054,2.929688,25000000.000
12035,2043,-2.441406,25000000.000
12036,2046,-0.976562,25000000.000
12037,2047,-0.488281,25000000.000
12038,2052,1.953125,25000000.000
12039,2049,0.488281,25000000.000
12040,2052,1.953125,25000000.000
12041,2053,2.441406,25000000.000
12042,2054,2.929688,25000000.000
12043,2055,3.417969,25000000.000
12044,2054,2.929688,25000000.000
12045,2054,2.929688,25000000.000
12046,2053,2.441406,25000000.000
12047,2054,2.929688,25000000.000
12048,2053,2.441406,25000000.000
12049,2051,1.464844,25000000.000
12050,2051,1.464844,25000000.000
12051,2051,1.464844,25000000.000
12052,2050,0.976562,25000000.000
12053,2049,0.488281,25000000.000
12054,2048,0.000000,25000000.000
12055,2048,0.000000,25000000.000
12056,2046,-0.976562,25000000.000
12057,2044,-1.953125,25000000.000
12058,2046,-0.976562,25000000.000
12059,2042,-2.929688,25000000.000
12060,2042,-2.929688,25000000.000
12061,2039,-4.394531,25000000.000
12062,2041,-3.417969,25000000.000
12063,2041,-3.417969,25000000.000
12064,2040,-3.906250,25000000.000
12065,2040,-3.906250,25000000.000
12066,2040,-3.906250,25000000.000
12067,2040,-3.906250,25000000.000
12068,2039,-4.394531,25000000.000
12069,2041,-3.417969,25000000.000
12070,2042,-2.929688,25000000.000
12071,2042,-2.929688,25000000.000
12072,2043,-2.441406,25000000.000
12073,2044,-1.953125,25000000.000
12074,2045,-1.464844,25000000.000
12075,2044,-1.953125,25000000.000
12076,2049,0.488281,25000000.000
12077,2048,0.000000,25000000.000
12078,2050,0.976562,25000000.000
12079,2049,0.488281,25000000.000
12080,2052,1.953125,25000000.000
12081,2052,1.953125,25000000.000
12082,2053,2.441406,25000000.000
12083,2053,2.441406,25000000.000
12084,2054,2.929688,25000000.000
12085,2053,2.441406,25000000.000
12086,2054,2.929688,25000000.000
12087,2054,2.929688,25000000.000
12088,2055,3.417969,25000000.000
12089,2053,2.441406,25000000.000
12090,2053,2.441406,25000000.000
12091,2053,2.441406,25000000.000
12092,2051,1.464844,25000000.000
12093,2050,0.976562,25000000.000
12094,2050,0.976562,25000000.000
12095,2048,0.000000,25000000.000
12096,2046,-0.976562,25000000.000
12097,2045,-1.464844,25000000.000
12098,2046,-0.976562,25000000.000
12099,2043,-2.441406,25000000.000
12100,2037,-5.371094,25000000.000
12101,2038,-4.882812,25000000.000
12102,2039,-4.394531,25000000.000
12103,2037,-5.371094,25000000.000
12104,2041,-3.417969,25000000.000
12105,2039,-4.394531,25000000.000
12106,2041,-3.417969,25000000.000
12107,2038,-4.882812,25000000.000
12108,2038,-4.882812,25000000.000
12109,2040,-3.906250,25000000.000
12110,2040,-3.906250,25000000.000
12111,2040,-3.906250,25000000.000
12112,2042,-2.929688,25000000.000
12113,2044,-1.953125,25000000.000
12114,2044,-1.953125,25000000.000
12115,2045,-1.464844,25000000.000
12116,2047,-0.488281,25000000.000
12117,2048,0.000000,25000000.000
12118,2049,0.488281,25000000.000
12119,2051,1.464844,25000000.000
12120,2052,1.953125,25000000.000
12121,2051,1.464844,25000000.000
12122,2053,2.441406,25000000.000
12123,2053,2.441406,25000000.000
12124,2054,2.929688,25000000.000
12125,2054,2.929688,25000000.000
12126,2056,3.906250,25000000.000
12127,2054,2.929688,25000000.000
12128,2054,2.929688,25000000.000
12129,2054,2.929688,25000000.000
12130,2054,2.929688,25000000.000
12131,2054,2.929688,25000000.000
12132,2051,1.464844,25000000.000
12133,2051,1.464844,25000000.000
12134,2050,0.976562,25000000.000
12135,2050,0.976562,25000000.000
12136,2048,0.000000,25000000.000
12137,2046,-0.976562,25000000.000
12138,2046,-0.976562,25000000.000
12139,2046,-0.976562,25000000.000
12140,2045,-1.464844,25000000.000
12141,2043,-2.441406,25000000.000
12142,2041,-3.417969,25000000.000
12143,2041,-3.417969,25000000.000
12144,2043,-2.441406,25000000.000
12145,2041,-3.417969,25000000.000
12146,2040,-3.906250,25000000.000
12147,2040,-3.906250,25000000.000
12148,2040,-3.906250,25000000.000
12149,2042,-2.929688,25000000.000
12150,2040,-3.906250,25000000.000
12151,2041,-3.417969,25000000.000
12152,2042,-2.929688,25000000.000
12153,2043,-2.441406,25000000.000
12154,2045,-1.464844,25000000.000
12155,2045,-1.464844,25000000.000
12156,2045,-1.464844,25000000.000
12157,2046,-0.976562,25000000.000
12158,2048,0.000000,25000000.000
12159,2049,0.488281,25000000.000
12160,2048,0.000000,25000000.000
12161,2052,1.953125,25000000.000
12162,2051,1.464844,25000000.000
12163,2050,0.976562,25000000.000
12164,2053,2.441406,25000000.000
12165,2055,3.417969,25000000.000
12166,2055,3.417969,25000000.000
12167,2055,3.417969,25000000.000
12168,2054,2.929688,25000000.000
12169,2055,3.417969,25000000.000
12170,2053,2.441406,25000000.000
12171,2053,2.441406,25000000.000
12172,2053,2.441406,25000000.000
12173,2053,2.441406,25000000.000
12174,2053,2.441406,25000000.000
12175,2051,1.464844,25000000.000
12176,2049,0.488281,25000000.000
12177,2047,-0.488281,25000000.000
12178,2046,-0.976562,25000000.000
12179,2047,-0.488281,25000000.000
12180,2046,-0.976562,25000000.000
12181,2044,-1.953125,25000000.000
12182,2042,-2.929688,25000000.000
12183,2042,-2.929688,25000000.000
12184,2042,-2.929688,25000000.000
12185,2040,-3.906250,25000000.000
12186,2040,-3.906250,25000000.000
12187,2041,-3.417969,25000000.000
12188,2041,-3.417969,25000000.000
12189,2040,-3.906250,25000000.000
12190,2040,-3.906250,25000000.000
12191,2041,-3.417969,25000000.000
12192,2042,-2.929688,25000000.000
12193,2043,-2.441406,25000000.000
12194,2043,-2.441406,25000000.000
12195,2042,-2.929688,25000000.000
12196,2044,-1.953125,25000000.000
12197,2046,-0.976562,25000000.000
12198,2045,-1.464844,25000000.000
12199,2046,-0.976562,25000000.000
12200,2048,0.000000,25000000.000
12201,2051,1.464844,25000000.000
12202,2051,1.464844,25000000.000
12203,2051,1.464844,25000000.000
12204,2051,1.464844,25000000.000
12205,2052,1.953125,25000000.000
12206,2053,2.441406,25000000.000
12207,2053,2.441406,25000000.000
12208,2055,3.417969,25000000.000
12209,2053,2.441406,25000000.000
12210,2053,2.441406,25000000.000
12211,2053,2.441406,25000000.000
12212,2054,2.929688,25000000.000
12213,2052,1.953125,25000000.000
12214,2051,1.464844,25000000.000
12215,2052,1.953125,25000000.000
12216,2049,0.488281,25000000.000
12217,2050,0.976562,25000000.000
12218,2047,-0.488281,25000000.000
12219,2049,0.488281,25000000.000
12220,2046,-0.976562,25000000.000
12221,2043,-2.441406,25000000.000
12222,2045,-1.464844,25000000.000
12223,2045,-1.464844,25000000.000
12224,2043,-2.441406,25000000.000
12225,2042,-2.929688,25000000.000
12226,2041,-3.417969,25000000.000
12227,2040,-3.906250,25000000.000
12228,2039,-4.394531,25000000.000
12229,2039,-4.394531,25000000.000
12230,2041,-3.417969,25000000.000
12231,2040,-3.906250,25000000.000
12232,2038,-4.882812,25000000.000
12233,2040,-3.906250,25000000.000
12234,2040,-3.906250,25000000.000
12235,2040,-3.906250,25000000.000
12236,2043,-2.441406,25000000.000
12237,2043,-2.441406,25000000.000
12238,2044,-1.953125,25000000.000
12239,2042,-2.929688,25000000.000
12240,2049,0.488281,25000000.000
12241,2046,-0.976562,25000000.000
12242,2049,0.488281,25000000.000
12243,2049,0.488281,25000000.000
12244,2052,1.953125,25000000.000
12245,2051,1.464844,25000000.000
12246,2053,2.441406,25000000.000
12247,2051,1.464844,25000000.000
12248,2054,2.929688,25000000.000
12249,2053,2.441406,25000000.000
12250,2054,2.929688,25000000.000
12251,2053,2.441406,25000000.000
12252,2054,2.929688,25000000.000
12253,2052,1.953125,25000000.000
12254,2053,2.441406,25000000.000
12255,2053,2.441406,25000000.000
12256,2051,1.464844,25000000.000
12257,2051,1.464844,25000000.000
12258,2050,0.976562,25000000.000
12259,2049,0.488281,25000000.000
12260,2047,-0.488281,25000000.000
12261,2046,-0.976562,25000000.000
12262,2045,-1.464844,25000000.000
12263,2044,-1.953125,25000000.000
12264,2043,-2.441406,25000000.000
12265,2043,-2.441406,25000000.000
12266,2039,-4.394531,25000000.000
12267,2041,-3.417969,25000000.000
12268,2039,-4.394531,25000000.000
12269,2042,-2.929688,25000000.000
12270,2039,-4.394531,25000000.000
12271,2038,-4.882812,25000000.000
12272,2039,-4.394531,25000000.000
12273,2039,-4.394531,25000000.000
12274,2040,-3.906250,25000000.000
12275,2040,-3.906250,25000000.000
12276,2043,-2.441406,25000000.000
12277,2042,-2.929688,25000000.000
12278,2043,-2.441406,25000000.000
12279,2043,-2.441406,25000000.000
12280,2045,-1.464844,25000000.000
12281,2047,-0.488281,25000000.000
12282,2048,0.000000,25000000.000
12283,2048,0.000000,25000000.000
12284,2051,1.464844,25000000.000
12285,2050,0.976562,25000000.000
12286,2052,1.953125,25000000.000
12287,2052,1.953125,25000000.000
12288,2053,2.441406,25000000.000
12289,2053,2.441406,25000000.000
12290,2055,3.417969,25000000.000
12291,2054,2.929688,25000000.000
12292,2053,2.441406,25000000.000
12293,2053,2.441406,25000000.000
12294,2055,3.417969,25000000.000
12295,2054,2.929688,25000000.000
12296,2052,1.953125,25000000.000
12297,2051,1.464844,25000000.000
12298,2050,0.976562,25000000.000
12299,2050,0.976562,25000000.000
12300,2048,0.000000,25000000.000
12301,2048,0.000000,25000000.000
12302,2046,-0.976562,25000000.000
12303,2046,-0.976562,25000000.000
12304,2045,-1.464844,25000000.000
12305,2043,-2.441406,25000000.000
12306,2043,-2.441406,25000000.000
12307,2041,-3.417969,25000000.000
12308,2042,-2.929688,25000000.000
12309,2040,-3.906250,25000000.000
12310,2040,-3.906250,25000000.000
12311,2040,-3.906250,25000000.000
12312,2040,-3.906250,25000000.000
12313,2042,-2.929688,25000000.000
12314,2041,-3.417969,25000000.000
12315,2039,-4.394531,25000000.000
12316,2042,-2.929688,25000000.000
12317,2041,-3.417969,25000000.000
12318,2043,-2.441406,25000000.000
12319,2043,-2.441406,25000000.000
12320,2044,-1.953125,25000000.000
12321,2045,-1.464844,25000000.000
12322,2047,-0.488281,25000000.000
12323,2047,-0.488281,25000000.000
12324,2050,0.976562,25000000.000
12325,2050,0.976562,25000000.000
12326,2052,1.953125,25000000.000
12327,2050,0.976562,25000000.000
12328,2052,1.953125,25000000.000
12329,2055,3.417969,25000000.000
12330,2054,2.929688,25000000.000
12331,2054,2.929688,25000000.000
12332,2055,3.417969,25000000.000
12333,2055,3.417969,25000000.000
12334,2055,3.417969,25000000.000
12335,2055,3.417969,25000000.000
12336,2054,2.929688,25000000.000
12337,2055,3.417969,25000000.000
12338,2053,2.441406,25000000.000
12339,2053,2.441406,25000000.000
12340,2050,0.976562,25000000.000
12341,2049,0.488281,25000000.000
12342,2048,0.000000,25000000.000
12343,2048,0.000000,25000000.000
12344,2047,-0.488281,25000000.000
12345,2046,-0.976562,25000000.000
12346,2044,-1.953125,25000000.000
12347,2044,-1.953125,25000000.000
12348,2043,-2.441406,25000000.000
12349,2042,-2.929688,25000000.000
12350,2042,-2.929688,25000000.000
12351,2042,-2.929688,25000000.000
12352,2042,-2.929688,25000000.000
12353,2040,-3.906250,25000000.000
12354,2041,-3.417969,25000000.000
12355,2042,-2.929688,25000000.000
12356,2041,-3.417969,25000000.000
12357,2041,-3.417969,25000000.000
12358,2042,-2.929688,25000000.000
12359,2042,-2.929688,25000000.000
12360,2044,-1.953125,25000000.000
12361,2046,-0.976562,25000000.000
12362,2046,-0.976562,25000000.000
12363,2046,-0.976562,25000000.000
12364,2048,0.000000,25000000.000
12365,2049,0.488281,25000000.000
12366,2051,1.464844,25000000.000
12367,2051,1.464844,25000000.000
12368,2052,1.953125,25000000.000
12369,2054,2.929688,25000000.000
12370,2054,2.929688,25000000.000
12371,2054,2.929688,25000000.000
12372,2055,3.417969,25000000.000
12373,2054,2.929688,25000000.000
12374,2053,2.441406,25000000.000
12375,2054,2.929688,25000000.000
12376,2055,3.417969,25000000.000
12377,2054,2.929688,25000000.000
12378,2052,1.953125,25000000.000
12379,2053,2.441406,25000000.000
12380,2051,1.464844,25000000.000
12381,2050,0.976562,25000000.000
12382,2048,0.000000,25000000.000
12383,2050,0.976562,25000000.000
12384,2046,-0.976562,25000000.000
12385,2046,-0.976562,25000000.000
12386,2045,-1.464844,25000000.000
12387,2045,-1.464844,25000000.000
12388,2042,-2.929688,25000000.000
12389,2043,-2.441406,25000000.000
12390,2041,-3.417969,25000000.000
12391,2041,-3.417969,25000000.000
12392,2040,-3.906250,25000000.000
12393,2041,-3.417969,25000000.000
12394,2041,-3.417969,25000000.000
12395,2039,-4.394531,25000000.000
12396,2040,-3.906250,25000000.000
12397,2042,-2.929688,25000000.000
12398,2042,-2.929688,25000000.000
12399,2042,-2.929688,25000000.000
12400,2042,-2.929688,25000000.000
12401,2044,-1.953125,25000000.000
12402,2045,-1.464844,25000000.000
12403,2044,-1.953125,25000000.000
12404,2047,-0.488281,25000000.000
12405,2048,0.000000,25000000.000
12406,2049,0.488281,25000000.000
12407,2049,0.488281,25000000.000
12408,2051,1.464844,25000000.000
12409,2054,2.929688,25000000.000
12410,2053,2.441406,25000000.000
12411,2052,1.953125,25000000.000
12412,2053,2.441406,25000000.000
12413,2054,2.929688,25000000.000
12414,2052,1.953125,25000000.000
12415,2053,2.441406,25000000.000
12416,2053,2.441406,25000000.000
12417,2052,1.953125,25000000.000
12418,2053,2.441406,25000000.000
12419,2052,1.953125,25000000.000
12420,2052,1.953125,25000000.000
12421,2050,0.976562,25000000.000
12422,2050,0.976562,25000000.000
12423,2050,0.976562,25000000.000
12424,2047,-0.488281,25000000.000
12425,2046,-0.976562,25000000.000
12426,2044,-1.953125,25000000.000
12427,2045,-1.464844,25000000.000
12428,2043,-2.441406,25000000.000
12429,2044,-1.953125,25000000.000
12430,2040,-3.906250,25000000.000
12431,2041,-3.417969,25000000.000
12432,2039,-4.394531,25000000.000
12433,2041,-3.417969,25000000.000
12434,2040,-3.906250,25000000.000
12435,2039,-4.394531,25000000.000
12436,2040,-3.906250,25000000.000
12437,2040,-3.906250,25000000.000
12438,2041,-3.417969,25000000.000
12439,2039,-4.394531,25000000.000
12440,2041,-3.417969,25000000.000
12441,2042,-2.929688,25000000.000
12442,2043,-2.441406,25000000.000
12443,2042,-2.929688,25000000.000
12444,2046,-0.976562,25000000.000
12445,2045,-1.464844,25000000.000
12446,2061,6.347656,25000000.000
12447,2051,1.464844,25000000.000
12448,2044,-1.953125,25000000.000
12449,2050,0.976562,25000000.000
12450,2055,3.417969,25000000.000
12451,2052,1.953125,25000000.000
12452,2054,2.929688,25000000.000
12453,2054,2.929688,25000000.000
12454,2053,2.441406,25000000.000
12455,2056,3.906250,25000000.000
12456,2054,2.929688,25000000.000
12457,2054,2.929688,25000000.000
12458,2054,2.929688,25000000.000
12459,2053,2.441406,25000000.000
12460,2052,1.953125,25000000.000
12461,2052,1.953125,25000000.000
12462,2051,1.464844,25000000.000
12463,2050,0.976562,25000000.000
12464,2051,1.464844,25000000.000
12465,2044,-1.953125,25000000.000
12466,2041,-3.417969,25000000.000
12467,2050,0.976562,25000000.000
12468,2047,-0.488281,25000000.000
12469,2041,-3.417969,25000000.000
12470,2042,-2.929688,25000000.000
12471,2043,-2.441406,25000000.000
12472,2042,-2.929688,25000000.000
12473,2039,-4.394531,25000000.000
12474,2041,-3.417969,25000000.000
12475,2039,-4.394531,25000000.000
12476,2040,-3.906250,25000000.000
12477,2040,-3.906250,25000000.000
12478,2039,-4.394531,25000000.000
12479,2040,-3.906250,25000000.000
12480,2041,-3.417969,25000000.000
12481,2040,-3.906250,25000000.000
12482,2041,-3.417969,25000000.000
12483,2041,-3.417969,25000000.000
12484,2045,-1.464844,25000000.000
12485,2043,-2.441406,25000000.000
12486,2045,-1.464844,25000000.000
12487,2047,-0.488281,25000000.000
12488,2050,0.976562,25000000.000
12489,2048,0.000000,25000000.000
12490,2051,1.464844,25000000.000
12491,2050,0.976562,25000000.000
12492,2052,1.953125,25000000.000
12493,2053,2.441406,25000000.000
12494,2053,2.441406,25000000.000
12495,2053,2.441406,25000000.000
12496,2053,2.441406,25000000.000
12497,2055,3.417969,25000000.000
12498,2053,2.441406,25000000.000
12499,2054,2.929688,25000000.000
12500,2054,2.929688,25000000.000
12501,2053,2.441406,25000000.000
12502,2052,1.953125,25000000.000
12503,2052,1.953125,25000000.000
12504,2051,1.464844,25000000.000
12505,2050,0.976562,25000000.000
12506,2048,0.000000,25000000.000
12507,2046,-0.976562,25000000.000
12508,2048,0.000000,25000000.000
12509,2045,-1.464844,25000000.000
12510,2044,-1.953125,25000000.000
12511,2045,-1.464844,25000000.000
12512,2042,-2.929688,25000000.000
12513,2042,-2.929688,25000000.000
12514,2041,-3.417969,25000000.000
12515,2042,-2.929688,25000000.000
12516,2039,-4.394531,25000000.000
12517,2040,-3.906250,25000000.000
12518,2040,-3.906250,25000000.000
12519,2040,-3.906250,25000000.000
12520,2041,-3.417969,25000000.000
12521,2040,-3.906250,25000000.000
12522,2042,-2.929688,25000000.000
12523,2043,-2.441406,25000000.000
12524,2042,-2.929688,25000000.000
12525,2044,-1.953125,25000000.000
12526,2046,-0.976562,25000000.000
12527,2045,-1.464844,25000000.000
12528,2047,-0.488281,25000000.000
12529,2049,0.488281,25000000.000
12530,2049,0.488281,25000000.000
12531,2049,0.488281,25000000.000
12532,2051,1.464844,25000000.000
12533,2054,2.929688,25000000.000
12534,2054,2.929688,25000000.000
12535,2053,2.441406,25000000.000
12536,2054,2.929688,25000000.000
12537,2054,2.929688,25000000.000
12538,2054,2.929688,25000000.000
12539,2055,3.417969,25000000.000
12540,2055,3.417969,25000000.000
12541,2055,3.417969,25000000.000
12542,2053,2.441406,25000000.000
12543,2053,2.441406,25000000.000
12544,2052,1.953125,25000000.000
12545,2052,1.953125,25000000.000
12546,2049,0.488281,25000000.000
12547,2050,0.976562,25000000.000
12548,2048,0.000000,25000000.000
12549,2047,-0.488281,25000000.000
12550,2045,-1.464844,25000000.000
12551,2046,-0.976562,25000000.000
12552,2044,-1.953125,25000000.000
12553,2042,-2.929688,25000000.000
12554,2043,-2.441406,25000000.000
12555,2042,-2.929688,25000000.000
12556,2040,-3.906250,25000000.000
12557,2040,-3.906250,25000000.000
12558,2042,-2.929688,25000000.000
12559,2040,-3.906250,25000000.000
12560,2039,-4.394531,25000000.000
12561,2041,-3.417969,25000000.000
12562,2042,-2.929688,25000000.000
12563,2042,-2.929688,25000000.000
12564,2043,-2.441406,25000000.000
12565,2044,-1.953125,25000000.000
12566,2044,-1.953125,25000000.000
12567,2046,-0.976562,25000000.000
12568,2047,-0.488281,25000000.000
12569,2048,0.000000,25000000.000
12570,2049,0.488281,25000000.000
12571,2048,0.000000,25000000.000
12572,2051,1.464844,25000000.000
12573,2052,1.953125,25000000.000
12574,2051,1.464844,25000000.000
12575,2051,1.464844,25000000.000
12576,2054,2.929688,25000000.000
12577,2053,2.441406,25000000.000
12578,2053,2.441406,25000000.000
12579,2053,2.441406,25000000.000
12580,2054,2.929688,25000000.000
12581,2053,2.441406,25000000.000
12582,2053,2.441406,25000000.000
12583,2054,2.929688,25000000.000
12584,2053,2.441406,25000000.000
12585,2053,2.441406,25000000.000
12586,2052,1.953125,25000000.000
12587,2052,1.953125,25000000.000
12588,2050,0.976562,25000000.000
12589,2047,-0.488281,25000000.000
12590,2048,0.000000,25000000.000
12591,2045,-1.464844,25000000.000
12592,2045,-1.464844,25000000.000
12593,2045,-1.464844,25000000.000
12594,2044,-1.953125,25000000.000
12595,2044,-1.953125,25000000.000
12596,2043,-2.441406,25000000.000
12597,2043,-2.441406,25000000.000
12598,2042,-2.929688,25000000.000
12599,2041,-3.417969,25000000.000
12600,2040,-3.906250,25000000.000
12601,2040,-3.906250,25000000.000
12602,2040,-3.906250,25000000.000
12603,2040,-3.906250,25000000.000
12604,2043,-2.441406,25000000.000
12605,2044,-1.953125,25000000.000
12606,2038,-4.882812,25000000.000
12607,2042,-2.929688,25000000.000
12608,2046,-0.976562,25000000.000
12609,2046,-0.976562,25000000.000
12610,2045,-1.464844,25000000.000
12611,2045,-1.464844,25000000.000
12612,2048,0.000000,25000000.000
12613,2051,1.464844,25000000.000
12614,2050,0.976562,25000000.000
12615,2051,1.464844,25000000.000
12616,2052,1.953125,25000000.000
12617,2053,2.441406,25000000.000
12618,2053,2.441406,25000000.000
12619,2053,2.441406,25000000.000
12620,2053,2.441406,25000000.000
12621,2056,3.906250,25000000.000
12622,2053,2.441406,25000000.000
12623,2054,2.929688,25000000.000
12624,2051,1.464844,25000000.000
12625,2053,2.441406,25000000.000
12626,2052,1.953125,25000000.000
12627,2049,0.488281,25000000.000
12628,2048,0.000000,25000000.000
12629,2048,0.000000,25000000.000
12630,2048,0.000000,25000000.000
12631,2047,-0.488281,25000000.000
12632,2044,-1.953125,25000000.000
12633,2044,-1.953125,25000000.000
12634,2044,-1.953125,25000000.000
12635,2043,-2.441406,25000000.000
12636,2041,-3.417969,25000000.000
12637,2040,-3.906250,25000000.000
12638,2041,-3.417969,25000000.000
12639,2039,-4.394531,25000000.000
12640,2040,-3.906250,25000000.000
12641,2038,-4.882812,25000000.000
12642,2038,-4.882812,25000000.000
12643,2040,-3.906250,25000000.000
12644,2040,-3.906250,25000000.000
12645,2041,-3.417969,25000000.000
12646,2042,-2.929688,25000000.000
12647,2042,-2.929688,25000000.000
12648,2043,-2.441406,25000000.000
12649,2044,-1.953125,25000000.000
12650,2046,-0.976562,25000000.000
12651,2045,-1.464844,25000000.000
12652,2047,-0.488281,25000000.000
12653,2048,0.000000,25000000.000
12654,2048,0.000000,25000000.000
12655,2049,0.488281,25000000.000
12656,2052,1.953125,25000000.000
12657,2052,1.953125,25000000.000
12658,2052,1.953125,25000000.000
12659,2053,2.441406,25000000.000
12660,2053,2.441406,25000000.000
12661,2054,2.929688,25000000.000
12662,2053,2.441406,25000000.000
12663,2052,1.953125,25000000.000
12664,2052,1.953125,25000000.000
12665,2054,2.929688,25000000.000
12666,2052,1.953125,25000000.000
12667,2053,2.441406,25000000.000
12668,2050,0.976562,25000000.000
12669,2050,0.976562,25000000.000
12670,2050,0.976562,25000000.000
12671,2047,-0.488281,25000000.000
12672,2048,0.000000,25000000.000
12673,2045,-1.464844,25000000.000
12674,2044,-1.953125,25000000.000
12675,2044,-1.953125,25000000.000
12676,2042,-2.929688,25000000.000
12677,2043,-2.441406,25000000.000
12678,2042,-2.929688,25000000.000
12679,2041,-3.417969,25000000.000
12680,2039,-4.394531,25000000.000
12681,2040,-3.906250,25000000.000
12682,2040,-3.906250,25000000.000
12683,2040,-3.906250,25000000.000
12684,2041,-3.417969,25000000.000
12685,2040,-3.906250,25000000.000
12686,2041,-3.417969,25000000.000
12687,2042,-2.929688,25000000.000
12688,2043,-2.441406,25000000.000
12689,2042,-2.929688,25000000.000
12690,2046,-0.976562,25000000.000
12691,2046,-0.976562,25000000.000
12692,2046,-0.976562,25000000.000
12693,2050,0.976562,25000000.000
12694,2049,0.488281,25000000.000
12695,2047,-0.488281,25000000.000
12696,2052,1.953125,25000000.000
12697,2052,1.953125,25000000.000
12698,2054,2.929688,25000000.000
12699,2053,2.441406,25000000.000
12700,2053,2.441406,25000000.000
12701,2054,2.929688,25000000.000
12702,2055,3.417969,25000000.000
12703,2054,2.929688,25000000.000
12704,2055,3.417969,25000000.000
12705,2054,2.929688,25000000.000
12706,2054,2.929688,25000000.000
12707,2054,2.929688,25000000.000
12708,2052,1.953125,25000000.000
12709,2051,1.464844,25000000.000
12710,2050,0.976562,25000000.000
12711,2050,0.976562,25000000.000
12712,2049,0.488281,25000000.000
12713,2047,-0.488281,25000000.000
12714,2047,-0.488281,25000000.000
12715,2047,-0.488281,25000000.000
12716,2044,-1.953125,25000000.000
12717,2042,-2.929688,25000000.000
12718,2044,-1.953125,25000000.000
12719,2043,-2.441406,25000000.000
12720,2042,-2.929688,25000000.000
12721,2040,-3.906250,25000000.000
12722,2042,-2.929688,25000000.000
12723,2042,-2.929688,25000000.000
12724,2040,-3.906250,25000000.000
12725,2041,-3.417969,25000000.000
12726,2042,-2.929688,25000000.000
12727,2040,-3.906250,25000000.000
12728,2042,-2.929688,25000000.000
12729,2044,-1.953125,25000000.000
12730,2044,-1.953125,25000000.000
12731,2044,-1.953125,25000000.000
12732,2045,-1.464844,25000000.000
12733,2047,-0.488281,25000000.000
12734,2049,0.488281,25000000.000
12735,2048,0.000000,25000000.000
12736,2050,0.976562,25000000.000
12737,2051,1.464844,25000000.000
12738,2052,1.953125,25000000.000
12739,2051,1.464844,25000000.000
12740,2053,2.441406,25000000.000
12741,2053,2.441406,25000000.000
12742,2053,2.441406,25000000.000
12743,2053,2.441406,25000000.000
12744,2054,2.929688,25000000.000
12745,2054,2.929688,25000000.000
12746,2052,1.953125,25000000.000
12747,2052,1.953125,25000000.000
12748,2053,2.441406,25000000.000
12749,2051,1.464844,25000000.000
12750,2051,1.464844,25000000.000
12751,2051,1.464844,25000000.000
12752,2050,0.976562,25000000.000
12753,2049,0.488281,25000000.000
12754,2048,0.000000,25000000.000
12755,2048,0.000000,25000000.000
12756,2045,-1.464844,25000000.000
12757,2044,-1.953125,25000000.000
12758,2044,-1.953125,25000000.000
12759,2043,-2.441406,25000000.000
12760,2042,-2.929688,25000000.000
12761,2042,-2.929688,25000000.000
12762,2042,-2.929688,25000000.000
12763,2042,-2.929688,25000000.000
12764,2039,-4.394531,25000000.000
12765,2042,-2.929688,25000000.000
12766,2041,-3.417969,25000000.000
12767,2040,-3.906250,25000000.000
12768,2042,-2.929688,25000000.000
12769,2043,-2.441406,25000000.000
12770,2043,-2.441406,25000000.000
12771,2043,-2.441406,25000000.000
12772,2046,-0.976562,25000000.000
12773,2045,-1.464844,25000000.000
12774,2046,-0.976562,25000000.000
12775,2046,-0.976562,25000000.000
12776,2049,0.488281,25000000.000
12777,2050,0.976562,25000000.000
12778,2051,1.464844,25000000.000
12779,2051,1.464844,25000000.000
12780,2053,2.441406,25000000.000
12781,2053,2.441406,25000000.000
12782,2053,2.441406,25000000.000
12783,2054,2.929688,25000000.000
12784,2055,3.417969,25000000.000
12785,2053,2.441406,25000000.000
12786,2055,3.417969,25000000.000
12787,2056,3.906250,25000000.000
12788,2053,2.441406,25000000.000
12789,2053,2.441406,25000000.000
12790,2053,2.441406,25000000.000
12791,2052,1.953125,25000000.000
12792,2045,-1.464844,25000000.000
12793,2045,-1.464844,25000000.000
12794,2052,1.953125,25000000.000
12795,2045,-1.464844,25000000.000
12796,2047,-0.488281,25000000.000
12797,2045,-1.464844,25000000.000
12798,2048,0.000000,25000000.000
12799,2052,1.953125,25000000.000
12800,2040,-3.906250,25000000.000
12801,2046,-0.976562,25000000.000
12802,2042,-2.929688,25000000.000
12803,2044,-1.953125,25000000.000
12804,2039,-4.394531,25000000.000
12805,2039,-4.394531,25000000.000
12806,2038,-4.882812,25000000.000
12807,2039,-4.394531,25000000.000
12808,2042,-2.929688,25000000.000
12809,2042,-2.929688,25000000.000
12810,2041,-3.417969,25000000.000
12811,2042,-2.929688,25000000.000
12812,2043,-2.441406,25000000.000
12813,2045,-1.464844,25000000.000
12814,2047,-0.488281,25000000.000
12815,2052,1.953125,25000000.000
12816,2042,-2.929688,25000000.000
12817,2048,0.000000,25000000.000
12818,2052,1.953125,25000000.000
12819,2051,1.464844,25000000.000
12820,2051,1.464844,25000000.000
12821,2052,1.953125,25000000.000
12822,2053,2.441406,25000000.000
12823,2054,2.929688,25000000.000
12824,2053,2.441406,25000000.000
12825,2052,1.953125,25000000.000
12826,2053,2.441406,25000000.000
12827,2052,1.953125,25000000.000
12828,2053,2.441406,25000000.000
12829,2049,0.488281,25000000.000
12830,2051,1.464844,25000000.000
12831,2050,0.976562,25000000.000
12832,2051,1.464844,25000000.000
12833,2050,0.976562,25000000.000
12834,2049,0.488281,25000000.000
12835,2048,0.000000,25000000.000
12836,2048,0.000000,25000000.000
12837,2046,-0.976562,25000000.000
12838,2046,-0.976562,25000000.000
12839,2044,-1.953125,25000000.000
12840,2044,-1.953125,25000000.000
12841,2043,-2.441406,25000000.000
12842,2042,-2.929688,25000000.000
12843,2041,-3.417969,25000000.000
12844,2041,-3.417969,25000000.000
12845,2041,-3.417969,25000000.000
12846,2039,-4.394531,25000000.000
12847,2039,-4.394531,25000000.000
12848,2040,-3.906250,25000000.000
12849,2039,-4.394531,25000000.000
12850,2040,-3.906250,25000000.000
12851,2040,-3.906250,25000000.000
12852,2042,-2.929688,25000000.000
12853,2042,-2.929688,25000000.000
12854,2043,-2.441406,25000000.000
12855,2044,-1.953125,25000000.000
12856,2046,-0.976562,25000000.000
12857,2045,-1.464844,25000000.000
12858,2047,-0.488281,25000000.000
12859,2048,0.000000,25000000.000
12860,2049,0.488281,25000000.000
12861,2050,0.976562,25000000.000
12862,2050,0.976562,25000000.000
12863,2052,1.953125,25000000.000
12864,2052,1.953125,25000000.000
12865,2054,2.929688,25000000.000
12866,2053,2.441406,25000000.000
12867,2055,3.417969,25000000.000
12868,2053,2.441406,25000000.000
12869,2053,2.441406,25000000.000
12870,2053,2.441406,25000000.000
12871,2053,2.441406,25000000.000
12872,2053,2.441406,25000000.000
12873,2051,1.464844,25000000.000
12874,2049,0.488281,25000000.000
12875,2049,0.488281,25000000.000
12876,2048,0.000000,25000000.000
12877,2047,-0.488281,25000000.000
12878,2046,-0.976562,25000000.000
12879,2044,-1.953125,25000000.000
12880,2045,-1.464844,25000000.000
12881,2043,-2.441406,25000000.000
12882,2042,-2.929688,25000000.000
12883,2043,-2.441406,25000000.000
12884,2040,-3.906250,25000000.000
12885,2040,-3.906250,25000000.000
12886,2039,-4.394531,25000000.000
12887,2039,-4.394531,25000000.000
12888,2041,-3.417969,25000000.000
12889,2041,-3.417969,25000000.000
12890,2041,-3.417969,25000000.000
12891,2041,-3.417969,25000000.000
12892,2041,-3.417969,25000000.000
12893,2042,-2.929688,25000000.000
12894,2041,-3.417969,25000000.000
12895,2044,-1.953125,25000000.000
12896,2048,0.000000,25000000.000
12897,2044,-1.953125,25000000.000
12898,2049,0.488281,25000000.000
12899,2048,0.000000,25000000.000
12900,2051,1.464844,25000000.000
12901,2052,1.953125,25000000.000
12902,2051,1.464844,25000000.000
12903,2051,1.464844,25000000.000
12904,2054,2.929688,25000000.000
12905,2053,2.441406,25000000.000
12906,2053,2.441406,25000000.000
12907,2053,2.441406,25000000.000
12908,2055,3.417969,25000000.000
12909,2055,3.417969,25000000.000
12910,2053,2.441406,25000000.000
12911,2053,2.441406,25000000.000
12912,2053,2.441406,25000000.000
12913,2052,1.953125,25000000.000
12914,2051,1.464844,25000000.000
12915,2051,1.464844,25000000.000
12916,2049,0.488281,25000000.000
12917,2049,0.488281,25000000.000
12918,2048,0.000000,25000000.000
12919,2047,-0.488281,25000000.000
12920,2047,-0.488281,25000000.000
12921,2044,-1.953125,25000000.000
12922,2045,-1.464844,25000000.000
12923,2044,-1.953125,25000000.000
12924,2042,-2.929688,25000000.000
12925,2042,-2.929688,25000000.000
12926,2042,-2.929688,25000000.000
12927,2041,-3.417969,25000000.000
12928,2041,-3.417969,25000000.000
12929,2042,-2.929688,25000000.000
12930,2041,-3.417969,25000000.000
12931,2041,-3.417969,25000000.000
12932,2042,-2.929688,25000000.000
12933,2043,-2.441406,25000000.000
12934,2044,-1.953125,25000000.000
12935,2043,-2.441406,25000000.000
12936,2046,-0.976562,25000000.000
12937,2045,-1.464844,25000000.000
12938,2048,0.000000,25000000.000
12939,2046,-0.976562,25000000.000
12940,2049,0.488281,25000000.000
12941,2049,0.488281,25000000.000
12942,2050,0.976562,25000000.000
12943,2048,0.000000,25000000.000
12944,2051,1.464844,25000000.000
12945,2052,1.953125,25000000.000
12946,2052,1.953125,25000000.000
12947,2054,2.929688,25000000.000
12948,2054,2.929688,25000000.000
12949,2054,2.929688,25000000.000
12950,2054,2.929688,25000000.000
12951,2054,2.929688,25000000.000
12952,2054,2.929688,25000000.000
12953,2053,2.441406,25000000.000
12954,2053,2.441406,25000000.000
12955,2052,1.953125,25000000.000
12956,2051,1.464844,25000000.000
12957,2049,0.488281,25000000.000
12958,2049,0.488281,25000000.000
12959,2049,0.488281,25000000.000
12960,2047,-0.488281,25000000.000
12961,2046,-0.976562,25000000.000
12962,2044,-1.953125,25000000.000
12963,2045,-1.464844,25000000.000
12964,2044,-1.953125,25000000.000
12965,2043,-2.441406,25000000.000
12966,2043,-2.441406,25000000.000
12967,2042,-2.929688,25000000.000
12968,2041,-3.417969,25000000.000
12969,2042,-2.929688,25000000.000
12970,2042,-2.929688,25000000.000
12971,2040,-3.906250,25000000.000
12972,2041,-3.417969,25000000.000
12973,2041,-3.417969,25000000.000
12974,2041,-3.417969,25000000.000
12975,2041,-3.417969,25000000.000
12976,2043,-2.441406,25000000.000
12977,2044,-1.953125,25000000.000
12978,2045,-1.464844,25000000.000
12979,2044,-1.953125,25000000.000
12980,2048,0.000000,25000000.000
12981,2047,-0.488281,25000000.000
12982,2048,0.000000,25000000.000
12983,2049,0.488281,25000000.000
12984,2052,1.953125,25000000.000
12985,2051,1.464844,25000000.000
12986,2053,2.441406,25000000.000
12987,2053,2.441406,25000000.000
12988,2053,2.441406,25000000.000
12989,2054,2.929688,25000000.000
12990,2054,2.929688,25000000.000
12991,2054,2.929688,25000000.000
12992,2052,1.953125,25000000.000
12993,2052,1.953125,25000000.000
12994,2052,1.953125,25000000.000
12995,2052,1.953125,25000000.000
12996,2049,0.488281,25000000.000
12997,2047,-0.488281,25000000.000
12998,2051,1.464844,25000000.000
12999,2049,0.488281,25000000.000
13000,2050,0.976562,25000000.000
13001,2046,-0.976562,25000000.000
13002,2045,-1.464844,25000000.000
13003,2046,-0.976562,25000000.000
13004,2046,-0.976562,25000000.000
13005,2042,-2.929688,25000000.000
13006,2041,-3.417969,25000000.000
13007,2042,-2.929688,25000000.000
13008,2042,-2.929688,25000000.000
13009,2040,-3.906250,25000000.000
13010,2038,-4.882812,25000000.000
13011,2040,-3.906250,25000000.000
13012,2039,-4.394531,25000000.000
13013,2040,-3.906250,25000000.000
13014,2040,-3.906250,25000000.000
13015,2041,-3.417969,25000000.000
13016,2042,-2.929688,25000000.000
13017,2042,-2.929688,25000000.000
13018,2044,-1.953125,25000000.000
13019,2045,-1.464844,25000000.000
13020,2047,-0.488281,25000000.000
13021,2046,-0.976562,25000000.000
13022,2048,0.000000,25000000.000
13023,2048,0.000000,25000000.000
13024,2049,0.488281,25000000.000
13025,2050,0.976562,25000000.000
13026,2052,1.953125,25000000.000
13027,2051,1.464844,25000000.000
13028,2052,1.953125,25000000.000
13029,2053,2.441406,25000000.000
13030,2051,1.464844,25000000.000
13031,2053,2.441406,25000000.000
13032,2053,2.441406,25000000.000
13033,2053,2.441406,25000000.000
13034,2052,1.953125,25000000.000
13035,2051,1.464844,25000000.000
13036,2052,1.953125,25000000.000
13037,2050,0.976562,25000000.000
13038,2050,0.976562,25000000.000
13039,2049,0.488281,25000000.000
13040,2049,0.488281,25000000.000
13041,2047,-0.488281,25000000.000
13042,2046,-0.976562,25000000.000
13043,2046,-0.976562,25000000.000
13044,2044,-1.953125,25000000.000
13045,2042,-2.929688,25000000.000
13046,2043,-2.441406,25000000.000
13047,2043,-2.441406,25000000.000
13048,2041,-3.417969,25000000.000
13049,2041,-3.417969,25000000.000
13050,2040,-3.906250,25000000.000
13051,2041,-3.417969,25000000.000
13052,2041,-3.417969,25000000.000
13053,2040,-3.906250,25000000.000
13054,2041,-3.417969,25000000.000
13055,2041,-3.417969,25000000.000
13056,2042,-2.929688,25000000.000
13057,2043,-2.441406,25000000.000
13058,2043,-2.441406,25000000.000
13059,2043,-2.441406,25000000.000
13060,2044,-1.953125,25000000.000
13061,2046,-0.976562,25000000.000
13062,2046,-0.976562,25000000.000
13063,2046,-0.976562,25000000.000
13064,2049,0.488281,25000000.000
13065,2049,0.488281,25000000.000
13066,2049,0.488281,25000000.000
13067,2051,1.464844,25000000.000
13068,2054,2.929688,25000000.000
13069,2053,2.441406,25000000.000
13070,2054,2.929688,25000000.000
13071,2053,2.441406,25000000.000
13072,2052,1.953125,25000000.000
13073,2054,2.929688,25000000.000
13074,2054,2.929688,25000000.000
13075,2053,2.441406,25000000.000
13076,2052,1.953125,25000000.000
13077,2051,1.464844,25000000.000
13078,2051,1.464844,25000000.000
13079,2050,0.976562,25000000.000
13080,2049,0.488281,25000000.000
13081,2047,-0.488281,25000000.000
13082,2047,-0.488281,25000000.000
13083,2049,0.488281,25000000.000
13084,2046,-0.976562,25000000.000
13085,2045,-1.464844,25000000.000
13086,2044,-1.953125,25000000.000
13087,2044,-1.953125,25000000.000
13088,2043,-2.441406,25000000.000
13089,2043,-2.441406,25000000.000
13090,2042,-2.929688,25000000.000
13091,2040,-3.906250,25000000.000
13092,2040,-3.906250,25000000.000
13093,2041,-3.417969,25000000.000
13094,2039,-4.394531,25000000.000
13095,2040,-3.906250,25000000.000
13096,2040,-3.906250,25000000.000
13097,2042,-2.929688,25000000.000
13098,2042,-2.929688,25000000.000
13099,2042,-2.929688,25000000.000
13100,2044,-1.953125,25000000.000
13101,2044,-1.953125,25000000.000
13102,2046,-0.976562,25000000.000
13103,2045,-1.464844,25000000.000
13104,2050,0.976562,25000000.000
13105,2050,0.976562,25000000.000
13106,2050,0.976562,25000000.000
13107,2050,0.976562,25000000.000
13108,2054,2.929688,25000000.000
13109,2059,5.371094,25000000.000
13110,2054,2.929688,25000000.000
13111,2050,0.976562,25000000.000
13112,2054,2.929688,25000000.000
13113,2055,3.417969,25000000.000
13114,2055,3.417969,25000000.000
13115,2054,2.929688,25000000.000
13116,2055,3.417969,25000000.000
13117,2052,1.953125,25000000.000
13118,2053,2.441406,25000000.000
13119,2054,2.929688,25000000.000
13120,2051,1.464844,25000000.000
13121,2050,0.976562,25000000.000
13122,2051,1.464844,25000000.000
13123,2051,1.464844,25000000.000
13124,2047,-0.488281,25000000.000
13125,2046,-0.976562,25000000.000
13126,2046,-0.976562,25000000.000
13127,2045,-1.464844,25000000.000
13128,2044,-1.953125,25000000.000
13129,2044,-1.953125,25000000.000
13130,2041,-3.417969,25000000.000
13131,2043,-2.441406,25000000.000
13132,2042,-2.929688,25000000.000
13133,2041,-3.417969,25000000.000
13134,2042,-2.929688,25000000.000
13135,2041,-3.417969,25000000.000
13136,2042,-2.929688,25000000.000
13137,2041,-3.417969,25000000.000
13138,2027,-10.253906,25000000.000
13139,2061,6.347656,25000000.000
13140,2046,-0.976562,25000000.000
13141,2049,0.488281,25000000.000
13142,2045,-1.464844,25000000.000
13143,2051,1.464844,25000000.000
13144,2047,-0.488281,25000000.000
13145,2049,0.488281,25000000.000
13146,2048,0.000000,25000000.000
13147,2050,0.976562,25000000.000
13148,2051,1.464844,25000000.000
13149,2051,1.464844,25000000.000
13150,2052,1.953125,25000000.000
13151,2052,1.953125,25000000.000
13152,2054,2.929688,25000000.000
13153,2052,1.953125,25000000.000
13154,2054,2.929688,25000000.000
13155,2053,2.441406,25000000.000
13156,2053,2.441406,25000000.000
13157,2053,2.441406,25000000.000
13158,2053,2.441406,25000000.000
13159,2053,2.441406,25000000.000
13160,2051,1.464844,25000000.000
13161,2053,2.441406,25000000.000
13162,2051,1.464844,25000000.000
13163,2050,0.976562,25000000.000
13164,2048,0.000000,25000000.000
13165,2049,0.488281,25000000.000
13166,2047,-0.488281,25000000.000
13167,2047,-0.488281,25000000.000
13168,2045,-1.464844,25000000.000
13169,2045,-1.464844,25000000.000
13170,2044,-1.953125,25000000.000
13171,2042,-2.929688,25000000.000
13172,2041,-3.417969,25000000.000
13173,2043,-2.441406,25000000.000
13174,2040,-3.906250,25000000.000
13175,2041,-3.417969,25000000.000
13176,2038,-4.882812,25000000.000
13177,2043,-2.441406,25000000.000
13178,2042,-2.929688,25000000.000
13179,2041,-3.417969,25000000.000
13180,2040,-3.906250,25000000.000
13181,2042,-2.929688,25000000.000
13182,2044,-1.953125,25000000.000
13183,2043,-2.441406,25000000.000
13184,2046,-0.976562,25000000.000
13185,2045,-1.464844,25000000.000
13186,2046,-0.976562,25000000.000
13187,2047,-0.488281,25000000.000
13188,2050,0.976562,25000000.000
13189,2050,0.976562,25000000.000
13190,2050,0.976562,25000000.000
13191,2050,0.976562,25000000.000
13192,2052,1.953125,25000000.000
13193,2053,2.441406,25000000.000
13194,2053,2.441406,25000000.000
13195,2053,2.441406,25000000.000
13196,2053,2.441406,25000000.000
13197,2055,3.417969,25000000.000
13198,2053,2.441406,25000000.000
13199,2054,2.929688,25000000.000
13200,2052,1.953125,25000000.000
13201,2052,1.953125,25000000.000
13202,2050,0.976562,25000000.000
13203,2050,0.976562,25000000.000
13204,2049,0.488281,25000000.000
13205,2047,-0.488281,25000000.000
13206,2047,-0.488281,25000000.000
13207,2046,-0.976562,25000000.000
13208,2045,-1.464844,25000000.000
13209,2045,-1.464844,25000000.000
13210,2042,-2.929688,25000000.000
13211,2043,-2.441406,25000000.000
13212,2041,-3.417969,25000000.000
13213,2041,-3.417969,25000000.000
13214,2040,-3.906250,25000000.000
13215,2041,-3.417969,25000000.000
13216,2040,-3.906250,25000000.000
13217,2041,-3.417969,25000000.000
13218,2041,-3.417969,25000000.000
13219,2041,-3.417969,25000000.000
13220,2042,-2.929688,25000000.000
13221,2041,-3.417969,25000000.000
13222,2044,-1.953125,25000000.000
13223,2042,-2.929688,25000000.000
13224,2044,-1.953125,25000000.000
13225,2044,-1.953125,25000000.000
13226,2045,-1.464844,25000000.000
13227,2046,-0.976562,25000000.000
13228,2047,-0.488281,25000000.000
13229,2049,0.488281,25000000.000
13230,2050,0.976562,25000000.000
13231,2050,0.976562,25000000.000
13232,2052,1.953125,25000000.000
13233,2053,2.441406,25000000.000
13234,2053,2.441406,25000000.000
13235,2053,2.441406,25000000.000
13236,2052,1.953125,25000000.000
13237,2053,2.441406,25000000.000
13238,2054,2.929688,25000000.000
13239,2052,1.953125,25000000.000
13240,2053,2.441406,25000000.000
13241,2052,1.953125,25000000.000
13242,2049,0.488281,25000000.000
13243,2050,0.976562,25000000.000
13244,2051,1.464844,25000000.000
13245,2048,0.000000,25000000.000
13246,2048,0.000000,25000000.000
13247,2048,0.000000,25000000.000
13248,2046,-0.976562,25000000.000
13249,2045,-1.464844,25000000.000
13250,2045,-1.464844,25000000.000
13251,2044,-1.953125,25000000.000
13252,2044,-1.953125,25000000.000
13253,2042,-2.929688,25000000.000
13254,2042,-2.929688,25000000.000
13255,2041,-3.417969,25000000.000
13256,2040,-3.906250,25000000.000
13257,2040,-3.906250,25000000.000
13258,2041,-3.417969,25000000.000
13259,2039,-4.394531,25000000.000
13260,2041,-3.417969,25000000.000
13261,2042,-2.929688,25000000.000
13262,2042,-2.929688,25000000.000
13263,2043,-2.441406,25000000.000
13264,2042,-2.929688,25000000.000
13265,2045,-1.464844,25000000.000
13266,2045,-1.464844,25000000.000
13267,2044,-1.953125,25000000.000
13268,2047,-0.488281,25000000.000
13269,2048,0.000000,25000000.000
13270,2049,0.488281,25000000.000
13271,2048,0.000000,25000000.000
13272,2051,1.464844,25000000.000
13273,2051,1.464844,25000000.000
13274,2051,1.464844,25000000.000
13275,2051,1.464844,25000000.000
13276,2054,2.929688,25000000.000
13277,2054,2.929688,25000000.000
13278,2052,1.953125,25000000.000
13279,2053,2.441406,25000000.000
13280,2053,2.441406,25000000.000
13281,2052,1.953125,25000000.000
13282,2052,1.953125,25000000.000
13283,2054,2.929688,25000000.000
13284,2052,1.953125,25000000.000
13285,2050,0.976562,25000000.000
13286,2051,1.464844,25000000.000
13287,2050,0.976562,25000000.000
13288,2048,0.000000,25000000.000
13289,2048,0.000000,25000000.000
13290,2048,0.000000,25000000.000
13291,2046,-0.976562,25000000.000
13292,2044,-1.953125,25000000.000
13293,2043,-2.441406,25000000.000
13294,2042,-2.929688,25000000.000
13295,2044,-1.953125,25000000.000
13296,2040,-3.906250,25000000.000
13297,2041,-3.417969,25000000.000
13298,2042,-2.929688,25000000.000
13299,2042,-2.929688,25000000.000
13300,2040,-3.906250,25000000.000
13301,2041,-3.417969,25000000.000
13302,2043,-2.441406,25000000.000
13303,2042,-2.929688,25000000.000
13304,2043,-2.441406,25000000.000
13305,2043,-2.441406,25000000.000
13306,2043,-2.441406,25000000.000
13307,2044,-1.953125,25000000.000
13308,2047,-0.488281,25000000.000
13309,2047,-0.488281,25000000.000
13310,2047,-0.488281,25000000.000
13311,2047,-0.488281,25000000.000
13312,2051,1.464844,25000000.000
13313,2049,0.488281,25000000.000
13314,2051,1.464844,25000000.000
13315,2052,1.953125,25000000.000
13316,2053,2.441406,25000000.000
13317,2052,1.953125,25000000.000
13318,2054,2.929688,25000000.000
13319,2054,2.929688,25000000.000
13320,2054,2.929688,25000000.000
13321,2053,2.441406,25000000.000
13322,2053,2.441406,25000000.000
13323,2054,2.929688,25000000.000
13324,2052,1.953125,25000000.000
13325,2051,1.464844,25000000.000
13326,2051,1.464844,25000000.000
13327,2052,1.953125,25000000.000
13328,2049,0.488281,25000000.000
13329,2051,1.464844,25000000.000
13330,2047,-0.488281,25000000.000
13331,2049,0.488281,25000000.000
13332,2045,-1.464844,25000000.000
13333,2045,-1.464844,25000000.000
13334,2044,-1.953125,25000000.000
13335,2044,-1.953125,25000000.000
13336,2042,-2.929688,25000000.000
13337,2040,-3.906250,25000000.000
13338,2041,-3.417969,25000000.000
13339,2040,-3.906250,25000000.000
13340,2042,-2.929688,25000000.000
13341,2039,-4.394531,25000000.000
13342,2039,-4.394531,25000000.000
13343,2041,-3.417969,25000000.000
13344,2041,-3.417969,25000000.000
13345,2043,-2.441406,25000000.000
13346,2043,-2.441406,25000000.000
13347,2043,-2.441406,25000000.000
13348,2044,-1.953125,25000000.000
13349,2045,-1.464844,25000000.000
13350,2046,-0.976562,25000000.000
13351,2047,-0.488281,25000000.000
13352,2049,0.488281,25000000.000
13353,2050,0.976562,25000000.000
13354,2051,1.464844,25000000.000
13355,2051,1.464844,25000000.000
13356,2053,2.441406,25000000.000
13357,2054,2.929688,25000000.000
13358,2054,2.929688,25000000.000
13359,2054,2.929688,25000000.000
13360,2054,2.929688,25000000.000
13361,2055,3.417969,25000000.000
13362,2053,2.441406,25000000.000
13363,2054,2.929688,25000000.000
13364,2053,2.441406,25000000.000
13365,2053,2.441406,25000000.000
13366,2053,2.441406,25000000.000
13367,2053,2.441406,25000000.000
13368,2051,1.464844,25000000.000
13369,2049,0.488281,25000000.000
13370,2049,0.488281,25000000.000
13371,2048,0.000000,25000000.000
13372,2047,-0.488281,25000000.000
13373,2046,-0.976562,25000000.000
13374,2044,-1.953125,25000000.000
13375,2044,-1.953125,25000000.000
13376,2043,-2.441406,25000000.000
13377,2041,-3.417969,25000000.000
13378,2041,-3.417969,25000000.000
13379,2041,-3.417969,25000000.000
13380,2040,-3.906250,25000000.000
13381,2040,-3.906250,25000000.000
13382,2041,-3.417969,25000000.000
13383,2040,-3.906250,25000000.000
13384,2042,-2.929688,25000000.000
13385,2041,-3.417969,25000000.000
13386,2042,-2.929688,25000000.000
13387,2042,-2.929688,25000000.000
13388,2043,-2.441406,25000000.000
13389,2044,-1.953125,25000000.000
13390,2045,-1.464844,25000000.000
13391,2046,-0.976562,25000000.000
13392,2046,-0.976562,25000000.000
13393,2048,0.000000,25000000.000
13394,2048,0.000000,25000000.000
13395,2048,0.000000,25000000.000
13396,2050,0.976562,25000000.000
13397,2051,1.464844,25000000.000
13398,2053,2.441406,25000000.000
13399,2052,1.953125,25000000.000
13400,2053,2.441406,25000000.000
13401,2054,2.929688,25000000.000
13402,2053,2.441406,25000000.000
13403,2052,1.953125,25000000.000
13404,2053,2.441406,25000000.000
13405,2052,1.953125,25000000.000
13406,2051,1.464844,25000000.000
13407,2051,1.464844,25000000.000
13408,2050,0.976562,25000000.000
13409,2050,0.976562,25000000.000
13410,2049,0.488281,25000000.000
13411,2048,0.000000,25000000.000
13412,2046,-0.976562,25000000.000
13413,2046,-0.976562,25000000.000
13414,2045,-1.464844,25000000.000
13415,2045,-1.464844,25000000.000
13416,2043,-2.441406,25000000.000
13417,2042,-2.929688,25000000.000
13418,2042,-2.929688,25000000.000
13419,2042,-2.929688,25000000.000
13420,2040,-3.906250,25000000.000
13421,2039,-4.394531,25000000.000
13422,2040,-3.906250,25000000.000
13423,2041,-3.417969,25000000.000
13424,2040,-3.906250,25000000.000
13425,2040,-3.906250,25000000.000
13426,2040,-3.906250,25000000.000
13427,2042,-2.929688,25000000.000
13428,2042,-2.929688,25000000.000
13429,2044,-1.953125,25000000.000
13430,2044,-1.953125,25000000.000
13431,2045,-1.464844,25000000.000
13432,2046,-0.976562,25000000.000
13433,2047,-0.488281,25000000.000
13434,2048,0.000000,25000000.000
13435,2048,0.000000,25000000.000
13436,2050,0.976562,25000000.000
13437,2051,1.464844,25000000.000
13438,2052,1.953125,25000000.000
13439,2051,1.464844,25000000.000
13440,2052,1.953125,25000000.000
13441,2053,2.441406,25000000.000
13442,2053,2.441406,25000000.000
13443,2054,2.929688,25000000.000
13444,2053,2.441406,25000000.000
13445,2054,2.929688,25000000.000
13446,2053,2.441406,25000000.000
13447,2054,2.929688,25000000.000
13448,2052,1.953125,25000000.000
13449,2050,0.976562,25000000.000
13450,2051,1.464844,25000000.000
13451,2051,1.464844,25000000.000
13452,2048,0.000000,25000000.000
13453,2046,-0.976562,25000000.000
13454,2046,-0.976562,25000000.000
13455,2047,-0.488281,25000000.000
13456,2043,-2.441406,25000000.000
13457,2043,-2.441406,25000000.000
13458,2042,-2.929688,25000000.000
13459,2043,-2.441406,25000000.000
13460,2041,-3.417969,25000000.000
13461,2041,-3.417969,25000000.000
13462,2040,-3.906250,25000000.000
13463,2042,-2.929688,25000000.000
13464,2039,-4.394531,25000000.000
13465,2039,-4.394531,25000000.000
13466,2041,-3.417969,25000000.000
13467,2041,-3.417969,25000000.000
13468,2042,-2.929688,25000000.000
13469,2042,-2.929688,25000000.000
13470,2043,-2.441406,25000000.000
13471,2042,-2.929688,25000000.000
13472,2045,-1.464844,25000000.000
13473,2045,-1.464844,25000000.000
13474,2046,-0.976562,25000000.000
13475,2047,-0.488281,25000000.000
13476,2050,0.976562,25000000.000
13477,2050,0.976562,25000000.000
13478,2050,0.976562,25000000.000
13479,2052,1.953125,25000000.000
13480,2052,1.953125,25000000.000
13481,2052,1.953125,25000000.000
13482,2054,2.929688,25000000.000
13483,2055,3.417969,25000000.000
13484,2066,8.789062,25000000.000
13485,2058,4.882812,25000000.000
13486,2046,-0.976562,25000000.000
13487,2059,5.371094,25000000.000
13488,2059,5.371094,25000000.000
13489,2054,2.929688,25000000.000
13490,2050,0.976562,25000000.000
13491,2052,1.953125,25000000.000
13492,2049,0.488281,25000000.000
13493,2049,0.488281,25000000.000
13494,2047,-0.488281,25000000.000
13495,2048,0.000000,25000000.000
13496,2046,-0.976562,25000000.000
13497,2046,-0.976562,25000000.000
13498,2043,-2.441406,25000000.000
13499,2044,-1.953125,25000000.000
13500,2044,-1.953125,25000000.000
13501,2041,-3.417969,25000000.000
13502,2041,-3.417969,25000000.000
13503,2041,-3.417969,25000000.000
13504,2041,-3.417969,25000000.000
13505,2041,-3.417969,25000000.000
13506,2040,-3.906250,25000000.000
13507,2040,-3.906250,25000000.000
13508,2043,-2.441406,25000000.000
13509,2043,-2.441406,25000000.000
13510,2043,-2.441406,25000000.000
13511,2042,-2.929688,25000000.000
13512,2043,-2.441406,25000000.000
13513,2045,-1.464844,25000000.000
13514,2045,-1.464844,25000000.000
13515,2046,-0.976562,25000000.000
13516,2049,0.488281,25000000.000
13517,2049,0.488281,25000000.000
13518,2050,0.976562,25000000.000
13519,2051,1.464844,25000000.000
13520,2052,1.953125,25000000.000
13521,2053,2.441406,25000000.000
13522,2056,3.906250,25000000.000
13523,2051,1.464844,25000000.000
13524,2053,2.441406,25000000.000
13525,2053,2.441406,25000000.000
13526,2054,2.929688,25000000.000
13527,2053,2.441406,25000000.000
13528,2052,1.953125,25000000.000
13529,2054,2.929688,25000000.000
13530,2051,1.464844,25000000.000
13531,2052,1.953125,25000000.000
13532,2051,1.464844,25000000.000
13533,2050,0.976562,25000000.000
13534,2049,0.488281,25000000.000
13535,2048,0.000000,25000000.000
13536,2047,-0.488281,25000000.000
13537,2045,-1.464844,25000000.000
13538,2045,-1.464844,25000000.000
13539,2045,-1.464844,25000000.000
13540,2043,-2.441406,25000000.000
13541,2043,-2.441406,25000000.000
13542,2041,-3.417969,25000000.000
13543,2042,-2.929688,25000000.000
13544,2040,-3.906250,25000000.000
13545,2041,-3.417969,25000000.000
13546,2041,-3.417969,25000000.000
13547,2041,-3.417969,25000000.000
13548,2042,-2.929688,25000000.000
13549,2042,-2.929688,25000000.000
13550,2042,-2.929688,25000000.000
13551,2043,-2.441406,25000000.000
13552,2044,-1.953125,25000000.000
13553,2044,-1.953125,25000000.000
13554,2047,-0.488281,25000000.000
13555,2046,-0.976562,25000000.000
13556,2047,-0.488281,25000000.000
13557,2048,0.000000,25000000.000
13558,2049,0.488281,25000000.000
13559,2050,0.976562,25000000.000
13560,2050,0.976562,25000000.000
13561,2054,2.929688,25000000.000
13562,2053,2.441406,25000000.000
13563,2052,1.953125,25000000.000
13564,2051,1.464844,25000000.000
13565,2058,4.882812,25000000.000
13566,2054,2.929688,25000000.000
13567,2054,2.929688,25000000.000
13568,2052,1.953125,25000000.000
13569,2055,3.417969,25000000.000
13570,2055,3.417969,25000000.000
13571,2053,2.441406,25000000.000
13572,2054,2.929688,25000000.000
13573,2051,1.464844,25000000.000
13574,2050,0.976562,25000000.000
13575,2049,0.488281,25000000.000
13576,2048,0.000000,25000000.000
13577,2048,0.000000,25000000.000
13578,2045,-1.464844,25000000.000
13579,2044,-1.953125,25000000.000
13580,2043,-2.441406,25000000.000
13581,2043,-2.441406,25000000.000
13582,2042,-2.929688,25000000.000
13583,2042,-2.929688,25000000.000
13584,2041,-3.417969,25000000.000
13585,2041,-3.417969,25000000.000
13586,2040,-3.906250,25000000.000
13587,2039,-4.394531,25000000.000
13588,2040,-3.906250,25000000.000
13589,2040,-3.906250,25000000.000
13590,2041,-3.417969,25000000.000
13591,2039,-4.394531,25000000.000
13592,2040,-3.906250,25000000.000
13593,2043,-2.441406,25000000.000
13594,2043,-2.441406,25000000.000
13595,2043,-2.441406,25000000.000
13596,2045,-1.464844,25000000.000
13597,2046,-0.976562,25000000.000
13598,2047,-0.488281,25000000.000
13599,2047,-0.488281,25000000.000
13600,2050,0.976562,25000000.000
13601,2051,1.464844,25000000.000
13602,2052,1.953125,25000000.000
13603,2050,0.976562,25000000.000
13604,2054,2.929688,25000000.000
13605,2053,2.441406,25000000.000
13606,2054,2.929688,25000000.000
13607,2053,2.441406,25000000.000
13608,2054,2.929688,25000000.000
13609,2054,2.929688,25000000.000
13610,2054,2.929688,25000000.000
13611,2053,2.441406,25000000.000
13612,2052,1.953125,25000000.000
13613,2051,1.464844,25000000.000
13614,2050,0.976562,25000000.000
13615,2050,0.976562,25000000.000
13616,2048,0.000000,25000000.000
13617,2046,-0.976562,25000000.000
13618,2047,-0.488281,25000000.000
13619,2047,-0.488281,25000000.000
13620,2044,-1.953125,25000000.000
13621,2042,-2.929688,25000000.000
13622,2041,-3.417969,25000000.000
13623,2040,-3.906250,25000000.000
13624,2041,-3.417969,25000000.000
13625,2040,-3.906250,25000000.000
13626,2039,-4.394531,25000000.000
13627,2040,-3.906250,25000000.000
13628,2040,-3.906250,25000000.000
13629,2041,-3.417969,25000000.000
13630,2039,-4.394531,25000000.000
13631,2040,-3.906250,25000000.000
13632,2040,-3.906250,25000000.000
13633,2041,-3.417969,25000000.000
13634,2042,-2.929688,25000000.000
13635,2040,-3.906250,25000000.000
13636,2045,-1.464844,25000000.000
13637,2044,-1.953125,25000000.000
13638,2047,-0.488281,25000000.000
13639,2045,-1.464844,25000000.000
13640,2049,0.488281,25000000.000
13641,2050,0.976562,25000000.000
13642,2049,0.488281,25000000.000
13643,2050,0.976562,25000000.000
13644,2052,1.953125,25000000.000
13645,2053,2.441406,25000000.000
13646,2052,1.953125,25000000.000
13647,2052,1.953125,25000000.000
13648,2054,2.929688,25000000.000
13649,2053,2.441406,25000000.000
13650,2054,2.929688,25000000.000
13651,2055,3.417969,25000000.000
13652,2052,1.953125,25000000.000
13653,2052,1.953125,25000000.000
13654,2052,1.953125,25000000.000
13655,2052,1.953125,25000000.000
13656,2050,0.976562,25000000.000
13657,2050,0.976562,25000000.000
13658,2048,0.000000,25000000.000
13659,2047,-0.488281,25000000.000
13660,2045,-1.464844,25000000.000
13661,2046,-0.976562,25000000.000
13662,2044,-1.953125,25000000.000
13663,2044,-1.953125,25000000.000
13664,2043,-2.441406,25000000.000
13665,2042,-2.929688,25000000.000
13666,2041,-3.417969,25000000.000
13667,2041,-3.417969,25000000.000
13668,2038,-4.882812,25000000.000
13669,2039,-4.394531,25000000.000
13670,2040,-3.906250,25000000.000
13671,2039,-4.394531,25000000.000
13672,2039,-4.394531,25000000.000
13673,2042,-2.929688,25000000.000
13674,2040,-3.906250,25000000.000
13675,2040,-3.906250,25000000.000
13676,2043,-2.441406,25000000.000
13677,2045,-1.464844,25000000.000
13678,2045,-1.464844,25000000.000
13679,2045,-1.464844,25000000.000
13680,2047,-0.488281,25000000.000
13681,2049,0.488281,25000000.000
13682,2050,0.976562,25000000.000
13683,2051,1.464844,25000000.000
13684,2053,2.441406,25000000.000
13685,2053,2.441406,25000000.000
13686,2053,2.441406,25000000.000
13687,2053,2.441406,25000000.000
13688,2055,3.417969,25000000.000
13689,2056,3.906250,25000000.000
13690,2055,3.417969,25000000.000
13691,2055,3.417969,25000000.000
13692,2054,2.929688,25000000.000
13693,2055,3.417969,25000000.000
13694,2054,2.929688,25000000.000
13695,2054,2.929688,25000000.000
13696,2051,1.464844,25000000.000
13697,2051,1.464844,25000000.000
13698,2050,0.976562,25000000.000
13699,2049,0.488281,25000000.000
13700,2047,-0.488281,25000000.000
13701,2045,-1.464844,25000000.000
13702,2045,-1.464844,25000000.000
13703,2043,-2.441406,25000000.000
13704,2044,-1.953125,25000000.000
13705,2042,-2.929688,25000000.000
13706,2042,-2.929688,25000000.000
13707,2042,-2.929688,25000000.000
13708,2041,-3.417969,25000000.000
13709,2041,-3.417969,25000000.000
13710,2040,-3.906250,25000000.000
13711,2041,-3.417969,25000000.000
13712,2040,-3.906250,25000000.000
13713,2041,-3.417969,25000000.000
13714,2043,-2.441406,25000000.000
13715,2042,-2.929688,25000000.000
13716,2043,-2.441406,25000000.000
13717,2044,-1.953125,25000000.000
13718,2045,-1.464844,25000000.000
13719,2045,-1.464844,25000000.000
13720,2047,-0.488281,25000000.000
13721,2048,0.000000,25000000.000
13722,2050,0.976562,25000000.000
13723,2049,0.488281,25000000.000
13724,2050,0.976562,25000000.000
13725,2052,1.953125,25000000.000
13726,2052,1.953125,25000000.000
13727,2052,1.953125,25000000.000
13728,2053,2.441406,25000000.000
13729,2055,3.417969,25000000.000
13730,2053,2.441406,25000000.000
13731,2054,2.929688,25000000.000
13732,2054,2.929688,25000000.000
13733,2054,2.929688,25000000.000
13734,2053,2.441406,25000000.000
13735,2051,1.464844,25000000.000
13736,2052,1.953125,25000000.000
13737,2053,2.441406,25000000.000
13738,2050,0.976562,25000000.000
13739,2048,0.000000,25000000.000
13740,2049,0.488281,25000000.000
13741,2047,-0.488281,25000000.000
13742,2046,-0.976562,25000000.000
13743,2046,-0.976562,25000000.000
13744,2045,-1.464844,25000000.000
13745,2043,-2.441406,25000000.000
13746,2042,-2.929688,25000000.000
13747,2043,-2.441406,25000000.000
13748,2042,-2.929688,25000000.000
13749,2039,-4.394531,25000000.000
13750,2038,-4.882812,25000000.000
13751,2041,-3.417969,25000000.000
13752,2041,-3.417969,25000000.000
13753,2042,-2.929688,25000000.000
13754,2041,-3.417969,25000000.000
13755,2040,-3.906250,25000000.000
13756,2043,-2.441406,25000000.000
13757,2041,-3.417969,25000000.000
13758,2044,-1.953125,25000000.000
13759,2044,-1.953125,25000000.000
13760,2044,-1.953125,25000000.000
13761,2047,-0.488281,25000000.000
13762,2047,-0.488281,25000000.000
13763,2049,0.488281,25000000.000
13764,2049,0.488281,25000000.000
13765,2051,1.464844,25000000.000
13766,2052,1.953125,25000000.000
13767,2051,1.464844,25000000.000
13768,2055,3.417969,25000000.000
13769,2053,2.441406,25000000.000
13770,2054,2.929688,25000000.000
13771,2052,1.953125,25000000.000
13772,2055,3.417969,25000000.000
13773,2055,3.417969,25000000.000
13774,2054,2.929688,25000000.000
13775,2053,2.441406,25000000.000
13776,2052,1.953125,25000000.000
13777,2052,1.953125,25000000.000
13778,2052,1.953125,25000000.000
13779,2052,1.953125,25000000.000
13780,2049,0.488281,25000000.000
13781,2048,0.000000,25000000.000
13782,2047,-0.488281,25000000.000
13783,2047,-0.488281,25000000.000
13784,2046,-0.976562,25000000.000
13785,2043,-2.441406,25000000.000
13786,2044,-1.953125,25000000.000
13787,2045,-1.464844,25000000.000
13788,2037,-5.371094,25000000.000
13789,2039,-4.394531,25000000.000
13790,2044,-1.953125,25000000.000
13791,2041,-3.417969,25000000.000
13792,2039,-4.394531,25000000.000
13793,2038,-4.882812,25000000.000
13794,2040,-3.906250,25000000.000
13795,2040,-3.906250,25000000.000
13796,2040,-3.906250,25000000.000
13797,2042,-2.929688,25000000.000
13798,2043,-2.441406,25000000.000
13799,2041,-3.417969,25000000.000
13800,2044,-1.953125,25000000.000
13801,2045,-1.464844,25000000.000
13802,2045,-1.464844,25000000.000
13803,2045,-1.464844,25000000.000
13804,2048,0.000000,25000000.000
13805,2048,0.000000,25000000.000
13806,2048,0.000000,25000000.000
13807,2049,0.488281,25000000.000
13808,2052,1.953125,25000000.000
13809,2052,1.953125,25000000.000
13810,2052,1.953125,25000000.000
13811,2053,2.441406,25000000.000
13812,2053,2.441406,25000000.000
13813,2053,2.441406,25000000.000
13814,2053,2.441406,25000000.000
13815,2053,2.441406,25000000.000
13816,2053,2.441406,25000000.000
13817,2051,1.464844,25000000.000
13818,2051,1.464844,25000000.000
13819,2054,2.929688,25000000.000
13820,2052,1.953125,25000000.000
13821,2055,3.417969,25000000.000
13822,2049,0.488281,25000000.000
13823,2051,1.464844,25000000.000
13824,2045,-1.464844,25000000.000
13825,2046,-0.976562,25000000.000
13826,2045,-1.464844,25000000.000
13827,2045,-1.464844,25000000.000
13828,2042,-2.929688,25000000.000
13829,2042,-2.929688,25000000.000
13830,2035,-6.347656,25000000.000
13831,2040,-3.906250,25000000.000
13832,2047,-0.488281,25000000.000
13833,2040,-3.906250,25000000.000
13834,2035,-6.347656,25000000.000
13835,2041,-3.417969,25000000.000
13836,2041,-3.417969,25000000.000
13837,2040,-3.906250,25000000.000
13838,2041,-3.417969,25000000.000
13839,2041,-3.417969,25000000.000
13840,2043,-2.441406,25000000.000
13841,2045,-1.464844,25000000.000
13842,2042,-2.929688,25000000.000
13843,2043,-2.441406,25000000.000
13844,2049,0.488281,25000000.000
13845,2048,0.000000,25000000.000
13846,2048,0.000000,25000000.000
13847,2048,0.000000,25000000.000
13848,2050,0.976562,25000000.000
13849,2051,1.464844,25000000.000
13850,2052,1.953125,25000000.000
13851,2053,2.441406,25000000.000
13852,2054,2.929688,25000000.000
13853,2054,2.929688,25000000.000
13854,2054,2.929688,25000000.000
13855,2055,3.417969,25000000.000
13856,2051,1.464844,25000000.000
13857,2061,6.347656,25000000.000
13858,2052,1.953125,25000000.000
13859,2054,2.929688,25000000.000
13860,2053,2.441406,25000000.000
13861,2051,1.464844,25000000.000
13862,2051,1.464844,25000000.000
13863,2051,1.464844,25000000.000
13864,2046,-0.976562,25000000.000
13865,2046,-0.976562,25000000.000
13866,2045,-1.464844,25000000.000
13867,2045,-1.464844,25000000.000
13868,2043,-2.441406,25000000.000
13869,2046,-0.976562,25000000.000
13870,2042,-2.929688,25000000.000
13871,2040,-3.906250,25000000.000
13872,2042,-2.929688,25000000.000
13873,2041,-3.417969,25000000.000
13874,2040,-3.906250,25000000.000
13875,2039,-4.394531,25000000.000
13876,2041,-3.417969,25000000.000
13877,2041,-3.417969,25000000.000
13878,2040,-3.906250,25000000.000
13879,2042,-2.929688,25000000.000
13880,2043,-2.441406,25000000.000
13881,2042,-2.929688,25000000.000
13882,2043,-2.441406,25000000.000
13883,2045,-1.464844,25000000.000
13884,2047,-0.488281,25000000.000
13885,2046,-0.976562,25000000.000
13886,2048,0.000000,25000000.000
13887,2048,0.000000,25000000.000
13888,2050,0.976562,25000000.000
13889,2051,1.464844,25000000.000
13890,2053,2.441406,25000000.000
13891,2052,1.953125,25000000.000
13892,2053,2.441406,25000000.000
13893,2054,2.929688,25000000.000
13894,2054,2.929688,25000000.000
13895,2054,2.929688,25000000.000
13896,2054,2.929688,25000000.000
13897,2054,2.929688,25000000.000
13898,2053,2.441406,25000000.000
13899,2055,3.417969,25000000.000
13900,2053,2.441406,25000000.000
13901,2052,1.953125,25000000.000
13902,2051,1.464844,25000000.000
13903,2050,0.976562,25000000.000
13904,2050,0.976562,25000000.000
13905,2048,0.000000,25000000.000
13906,2047,-0.488281,25000000.000
13907,2047,-0.488281,25000000.000
13908,2045,-1.464844,25000000.000
13909,2043,-2.441406,25000000.000
13910,2043,-2.441406,25000000.000
13911,2042,-2.929688,25000000.000
13912,2043,-2.441406,25000000.000
13913,2042,-2.929688,25000000.000
13914,2040,-3.906250,25000000.000
13915,2041,-3.417969,25000000.000
13916,2040,-3.906250,25000000.000
13917,2039,-4.394531,25000000.000
13918,2041,-3.417969,25000000.000
13919,2041,-3.417969,25000000.000
13920,2041,-3.417969,25000000.000
13921,2041,-3.417969,25000000.000
13922,2042,-2.929688,25000000.000
13923,2043,-2.441406,25000000.000
13924,2044,-1.953125,25000000.000
13925,2046,-0.976562,25000000.000
13926,2046,-0.976562,25000000.000
13927,2046,-0.976562,25000000.000
13928,2050,0.976562,25000000.000
13929,2051,1.464844,25000000.000
13930,2050,0.976562,25000000.000
13931,2051,1.464844,25000000.000
13932,2052,1.953125,25000000.000
13933,2053,2.441406,25000000.000
13934,2056,3.906250,25000000.000
13935,2055,3.417969,25000000.000
13936,2054,2.929688,25000000.000
13937,2054,2.929688,25000000.000
13938,2054,2.929688,25000000.000
13939,2054,2.929688,25000000.000
13940,2054,2.929688,25000000.000
13941,2053,2.441406,25000000.000
13942,2052,1.953125,25000000.000
13943,2051,1.464844,25000000.000
13944,2050,0.976562,25000000.000
13945,2049,0.488281,25000000.000
13946,2048,0.000000,25000000.000
13947,2049,0.488281,25000000.000
13948,2047,-0.488281,25000000.000
13949,2046,-0.976562,25000000.000
13950,2044,-1.953125,25000000.000
13951,2046,-0.976562,25000000.000
13952,2043,-2.441406,25000000.000
13953,2042,-2.929688,25000000.000
13954,2043,-2.441406,25000000.000
13955,2042,-2.929688,25000000.000
13956,2041,-3.417969,25000000.000
13957,2041,-3.417969,25000000.000
13958,2041,-3.417969,25000000.000
13959,2042,-2.929688,25000000.000
13960,2039,-4.394531,25000000.000
13961,2044,-1.953125,25000000.000
13962,2038,-4.882812,25000000.000
13963,2044,-1.953125,25000000.000
13964,2042,-2.929688,25000000.000
13965,2055,3.417969,25000000.000
13966,2048,0.000000,25000000.000
13967,2046,-0.976562,25000000.000
13968,2047,-0.488281,25000000.000
13969,2051,1.464844,25000000.000
13970,2051,1.464844,25000000.000
13971,2050,0.976562,25000000.000
13972,2053,2.441406,25000000.000
13973,2054,2.929688,25000000.000
13974,2054,2.929688,25000000.000
13975,2053,2.441406,25000000.000
13976,2053,2.441406,25000000.000
13977,2055,3.417969,25000000.000
13978,2053,2.441406,25000000.000
13979,2053,2.441406,25000000.000
13980,2054,2.929688,25000000.000
13981,2052,1.953125,25000000.000
13982,2052,1.953125,25000000.000
13983,2053,2.441406,25000000.000
13984,2050,0.976562,25000000.000
13985,2049,0.488281,25000000.000
13986,2049,0.488281,25000000.000
13987,2047,-0.488281,25000000.000
13988,2046,-0.976562,25000000.000
13989,2044,-1.953125,25000000.000
13990,2042,-2.929688,25000000.000
13991,2045,-1.464844,25000000.000
13992,2042,-2.929688,25000000.000
13993,2041,-3.417969,25000000.000
13994,2041,-3.417969,25000000.000
13995,2041,-3.417969,25000000.000
13996,2039,-4.394531,25000000.000
13997,2040,-3.906250,25000000.000
13998,2041,-3.417969,25000000.000
13999,2042,-2.929688,25000000.000
14000,2040,-3.906250,25000000.000
14001,2041,-3.417969,25000000.000
14002,2041,-3.417969,25000000.000
14003,2041,-3.417969,25000000.000
14004,2044,-1.953125,25000000.000
14005,2043,-2.441406,25000000.000
14006,2045,-1.464844,25000000.000
14007,2046,-0.976562,25000000.000
14008,2045,-1.464844,25000000.000
14009,2047,-0.488281,25000000.000
14010,2048,0.000000,25000000.000
14011,2050,0.976562,25000000.000
14012,2049,0.488281,25000000.000
14013,2051,1.464844,25000000.000
14014,2053,2.441406,25000000.000
14015,2053,2.441406,25000000.000
14016,2052,1.953125,25000000.000
14017,2051,1.464844,25000000.000
14018,2054,2.929688,25000000.000
14019,2054,2.929688,25000000.000
14020,2052,1.953125,25000000.000
14021,2051,1.464844,25000000.000
14022,2053,2.441406,25000000.000
14023,2052,1.953125,25000000.000
14024,2051,1.464844,25000000.000
14025,2050,0.976562,25000000.000
14026,2049,0.488281,25000000.000
14027,2051,1.464844,25000000.000
14028,2047,-0.488281,25000000.000
14029,2047,-0.488281,25000000.000
14030,2045,-1.464844,25000000.000
14031,2046,-0.976562,25000000.000
14032,2047,-0.488281,25000000.000
14033,2043,-2.441406,25000000.000
14034,2043,-2.441406,25000000.000
14035,2042,-2.929688,25000000.000
14036,2041,-3.417969,25000000.000
14037,2041,-3.417969,25000000.000
14038,2039,-4.394531,25000000.000
14039,2041,-3.417969,25000000.000
14040,2041,-3.417969,25000000.000
14041,2042,-2.929688,25000000.000
14042,2041,-3.417969,25000000.000
14043,2040,-3.906250,25000000.000
14044,2041,-3.417969,25000000.000
14045,2042,-2.929688,25000000.000
14046,2043,-2.441406,25000000.000
14047,2044,-1.953125,25000000.000
14048,2046,-0.976562,25000000.000
14049,2045,-1.464844,25000000.000
14050,2047,-0.488281,25000000.000
14051,2047,-0.488281,25000000.000
14052,2049,0.488281,25000000.000
14053,2049,0.488281,25000000.000
14054,2053,2.441406,25000000.000
14055,2051,1.464844,25000000.000
14056,2053,2.441406,25000000.000
14057,2052,1.953125,25000000.000
14058,2053,2.441406,25000000.000
14059,2054,2.929688,25000000.000
14060,2053,2.441406,25000000.000
14061,2055,3.417969,25000000.000
14062,2053,2.441406,25000000.000
14063,2054,2.929688,25000000.000
14064,2053,2.441406,25000000.000
14065,2053,2.441406,25000000.000
14066,2052,1.953125,25000000.000
14067,2051,1.464844,25000000.000
14068,2050,0.976562,25000000.000
14069,2048,0.000000,25000000.000
14070,2046,-0.976562,25000000.000
14071,2046,-0.976562,25000000.000
14072,2046,-0.976562,25000000.000
14073,2045,-1.464844,25000000.000
14074,2043,-2.441406,25000000.000
14075,2042,-2.929688,25000000.000
14076,2041,-3.417969,25000000.000
14077,2041,-3.417969,25000000.000
14078,2041,-3.417969,25000000.000
14079,2041,-3.417969,25000000.000
14080,2040,-3.906250,25000000.000
14081,2040,-3.906250,25000000.000
14082,2041,-3.417969,25000000.000
14083,2042,-2.929688,25000000.000
14084,2042,-2.929688,25000000.000
14085,2042,-2.929688,25000000.000
14086,2043,-2.441406,25000000.000
14087,2042,-2.929688,25000000.000
14088,2043,-2.441406,25000000.000
14089,2046,-0.976562,25000000.000
14090,2046,-0.976562,25000000.000
14091,2046,-0.976562,25000000.000
14092,2049,0.488281,25000000.000
14093,2049,0.488281,25000000.000
14094,2052,1.953125,25000000.000
14095,2051,1.464844,25000000.000
14096,2052,1.953125,25000000.000
14097,2053,2.441406,25000000.000
14098,2054,2.929688,25000000.000
14099,2054,2.929688,25000000.000
14100,2054,2.929688,25000000.000
14101,2054,2.929688,25000000.000
14102,2055,3.417969,25000000.000
14103,2053,2.441406,25000000.000
14104,2052,1.953125,25000000.000
14105,2053,2.441406,25000000.000
14106,2051,1.464844,25000000.000
14107,2051,1.464844,25000000.000
14108,2050,0.976562,25000000.000
14109,2050,0.976562,25000000.000
14110,2048,0.000000,25000000.000
14111,2048,0.000000,25000000.000
14112,2047,-0.488281,25000000.000
14113,2047,-0.488281,25000000.000
14114,2044,-1.953125,25000000.000
14115,2043,-2.441406,25000000.000
14116,2043,-2.441406,25000000.000
14117,2041,-3.417969,25000000.000
14118,2042,-2.929688,25000000.000
14119,2041,-3.417969,25000000.000
14120,2042,-2.929688,25000000.000
14121,2040,-3.906250,25000000.000
14122,2042,-2.929688,25000000.000
14123,2041,-3.417969,25000000.000
14124,2040,-3.906250,25000000.000
14125,2043,-2.441406,25000000.000
14126,2042,-2.929688,25000000.000
14127,2043,-2.441406,25000000.000
14128,2043,-2.441406,25000000.000
14129,2045,-1.464844,25000000.000
14130,2046,-0.976562,25000000.000
14131,2046,-0.976562,25000000.000
14132,2048,0.000000,25000000.000
14133,2049,0.488281,25000000.000
14134,2050,0.976562,25000000.000
14135,2048,0.000000,25000000.000
14136,2053,2.441406,25000000.000
14137,2051,1.464844,25000000.000
14138,2051,1.464844,25000000.000
14139,2052,1.953125,25000000.000
14140,2054,2.929688,25000000.000
14141,2055,3.417969,25000000.000
14142,2053,2.441406,25000000.000
14143,2054,2.929688,25000000.000
14144,2052,1.953125,25000000.000
14145,2052,1.953125,25000000.000
14146,2051,1.464844,25000000.000
14147,2053,2.441406,25000000.000
14148,2052,1.953125,25000000.000
14149,2050,0.976562,25000000.000
14150,2050,0.976562,25000000.000
14151,2049,0.488281,25000000.000
14152,2046,-0.976562,25000000.000
14153,2047,-0.488281,25000000.000
14154,2047,-0.488281,25000000.000
14155,2046,-0.976562,25000000.000
14156,2044,-1.953125,25000000.000
14157,2043,-2.441406,25000000.000
14158,2042,-2.929688,25000000.000
14159,2042,-2.929688,25000000.000
14160,2041,-3.417969,25000000.000
14161,2041,-3.417969,25000000.000
14162,2040,-3.906250,25000000.000
14163,2041,-3.417969,25000000.000
14164,2041,-3.417969,25000000.000
14165,2041,-3.417969,25000000.000
14166,2042,-2.929688,25000000.000
14167,2041,-3.417969,25000000.000
14168,2043,-2.441406,25000000.000
14169,2043,-2.441406,25000000.000
14170,2043,-2.441406,25000000.000
14171,2042,-2.929688,25000000.000
14172,2046,-0.976562,25000000.000
14173,2048,0.000000,25000000.000
14174,2047,-0.488281,25000000.000
14175,2047,-0.488281,25000000.000
14176,2044,-1.953125,25000000.000
14177,2039,-4.394531,25000000.000
14178,2056,3.906250,25000000.000
14179,2043,-2.441406,25000000.000
14180,2055,3.417969,25000000.000
14181,2050,0.976562,25000000.000
14182,2052,1.953125,25000000.000
14183,2052,1.953125,25000000.000
14184,2054,2.929688,25000000.000
14185,2052,1.953125,25000000.000
14186,2054,2.929688,25000000.000
14187,2051,1.464844,25000000.000
14188,2052,1.953125,25000000.000
14189,2051,1.464844,25000000.000
14190,2050,0.976562,25000000.000
14191,2049,0.488281,25000000.000
14192,2048,0.000000,25000000.000
14193,2047,-0.488281,25000000.000
14194,2047,-0.488281,25000000.000
14195,2046,-0.976562,25000000.000
14196,2044,-1.953125,25000000.000
14197,2044,-1.953125,25000000.000
14198,2043,-2.441406,25000000.000
14199,2042,-2.929688,25000000.000
14200,2041,-3.417969,25000000.000
14201,2040,-3.906250,25000000.000
14202,2041,-3.417969,25000000.000
14203,2039,-4.394531,25000000.000
14204,2040,-3.906250,25000000.000
14205,2040,-3.906250,25000000.000
14206,2041,-3.417969,25000000.000
14207,2040,-3.906250,25000000.000
14208,2041,-3.417969,25000000.000
14209,2042,-2.929688,25000000.000
14210,2043,-2.441406,25000000.000
14211,2043,-2.441406,25000000.000
14212,2047,-0.488281,25000000.000
14213,2045,-1.464844,25000000.000
14214,2052,1.953125,25000000.000
14215,2043,-2.441406,25000000.000
14216,2051,1.464844,25000000.000
14217,2048,0.000000,25000000.000
14218,2050,0.976562,25000000.000
14219,2051,1.464844,25000000.000
14220,2052,1.953125,25000000.000
14221,2053,2.441406,25000000.000
14222,2053,2.441406,25000000.000
14223,2052,1.953125,25000000.000
14224,2053,2.441406,25000000.000
14225,2053,2.441406,25000000.000
14226,2053,2.441406,25000000.000
14227,2053,2.441406,25000000.000
14228,2052,1.953125,25000000.000
14229,2051,1.464844,25000000.000
14230,2051,1.464844,25000000.000
14231,2051,1.464844,25000000.000
14232,2050,0.976562,25000000.000
14233,2048,0.000000,25000000.000
14234,2048,0.000000,25000000.000
14235,2046,-0.976562,25000000.000
14236,2045,-1.464844,25000000.000
14237,2044,-1.953125,25000000.000
14238,2042,-2.929688,25000000.000
14239,2042,-2.929688,25000000.000
14240,2043,-2.441406,25000000.000
14241,2042,-2.929688,25000000.000
14242,2041,-3.417969,25000000.000
14243,2041,-3.417969,25000000.000
14244,2041,-3.417969,25000000.000
14245,2040,-3.906250,25000000.000
14246,2041,-3.417969,25000000.000
14247,2041,-3.417969,25000000.000
14248,2042,-2.929688,25000000.000
14249,2042,-2.929688,25000000.000
14250,2042,-2.929688,25000000.000
14251,2043,-2.441406,25000000.000
14252,2043,-2.441406,25000000.000
14253,2045,-1.464844,25000000.000
14254,2046,-0.976562,25000000.000
14255,2044,-1.953125,25000000.000
14256,2048,0.000000,25000000.000
14257,2050,0.976562,25000000.000
14258,2048,0.000000,25000000.000
14259,2050,0.976562,25000000.000
14260,2052,1.953125,25000000.000
14261,2054,2.929688,25000000.000
14262,2052,1.953125,25000000.000
14263,2054,2.929688,25000000.000
14264,2054,2.929688,25000000.000
14265,2054,2.929688,25000000.000
14266,2054,2.929688,25000000.000
14267,2053,2.441406,25000000.000
14268,2053,2.441406,25000000.000
14269,2052,1.953125,25000000.000
14270,2052,1.953125,25000000.000
14271,2053,2.441406,25000000.000
14272,2052,1.953125,25000000.000
14273,2050,0.976562,25000000.000
14274,2048,0.000000,25000000.000
14275,2048,0.000000,25000000.000
14276,2048,0.000000,25000000.000
14277,2045,-1.464844,25000000.000
14278,2045,-1.464844,25000000.000
14279,2046,-0.976562,25000000.000
14280,2043,-2.441406,25000000.000
14281,2042,-2.929688,25000000.000
14282,2042,-2.929688,25000000.000
14283,2042,-2.929688,25000000.000
14284,2041,-3.417969,25000000.000
14285,2040,-3.906250,25000000.000
14286,2040,-3.906250,25000000.000
14287,2040,-3.906250,25000000.000
14288,2040,-3.906250,25000000.000
14289,2041,-3.417969,25000000.000
14290,2042,-2.929688,25000000.000
14291,2043,-2.441406,25000000.000
14292,2043,-2.441406,25000000.000
14293,2046,-0.976562,25000000.000
14294,2045,-1.464844,25000000.000
14295,2046,-0.976562,25000000.000
14296,2047,-0.488281,25000000.000
14297,2048,0.000000,25000000.000
14298,2050,0.976562,25000000.000
14299,2049,0.488281,25000000.000
14300,2051,1.464844,25000000.000
14301,2052,1.953125,25000000.000
14302,2053,2.441406,25000000.000
14303,2052,1.953125,25000000.000
14304,2055,3.417969,25000000.000
14305,2054,2.929688,25000000.000
14306,2054,2.929688,25000000.000
14307,2053,2.441406,25000000.000
14308,2055,3.417969,25000000.000
14309,2054,2.929688,25000000.000
14310,2052,1.953125,25000000.000
14311,2054,2.929688,25000000.000
14312,2053,2.441406,25000000.000
14313,2050,0.976562,25000000.000
14314,2051,1.464844,25000000.000
14315,2051,1.464844,25000000.000
14316,2049,0.488281,25000000.000
14317,2046,-0.976562,25000000.000
14318,2047,-0.488281,25000000.000
14319,2046,-0.976562,25000000.000
14320,2044,-1.953125,25000000.000
14321,2044,-1.953125,25000000.000
14322,2044,-1.953125,25000000.000
14323,2042,-2.929688,25000000.000
14324,2041,-3.417969,25000000.000
14325,2042,-2.929688,25000000.000
14326,2040,-3.906250,25000000.000
14327,2041,-3.417969,25000000.000
14328,2039,-4.394531,25000000.000
14329,2042,-2.929688,25000000.000
14330,2042,-2.929688,25000000.000
14331,2041,-3.417969,25000000.000
14332,2042,-2.929688,25000000.000
14333,2043,-2.441406,25000000.000
14334,2045,-1.464844,25000000.000
14335,2043,-2.441406,25000000.000
14336,2047,-0.488281,25000000.000
14337,2046,-0.976562,25000000.000
14338,2046,-0.976562,25000000.000
14339,2049,0.488281,25000000.000
14340,2049,0.488281,25000000.000
14341,2051,1.464844,25000000.000
14342,2051,1.464844,25000000.000
14343,2051,1.464844,25000000.000
14344,2053,2.441406,25000000.000
14345,2054,2.929688,25000000.000
14346,2054,2.929688,25000000.000
14347,2053,2.441406,25000000.000
14348,2054,2.929688,25000000.000
14349,2053,2.441406,25000000.000
14350,2054,2.929688,25000000.000
14351,2054,2.929688,25000000.000
14352,2053,2.441406,25000000.000
14353,2052,1.953125,25000000.000
14354,2051,1.464844,25000000.000
14355,2050,0.976562,25000000.000
14356,2049,0.488281,25000000.000
14357,2048,0.000000,25000000.000
14358,2047,-0.488281,25000000.000
14359,2046,-0.976562,25000000.000
14360,2045,-1.464844,25000000.000
14361,2044,-1.953125,25000000.000
14362,2044,-1.953125,25000000.000
14363,2043,-2.441406,25000000.000
14364,2042,-2.929688,25000000.000
14365,2040,-3.906250,25000000.000
14366,2040,-3.906250,25000000.000
14367,2040,-3.906250,25000000.000
14368,2040,-3.906250,25000000.000
14369,2040,-3.906250,25000000.000
14370,2040,-3.906250,25000000.000
14371,2040,-3.906250,25000000.000
14372,2042,-2.929688,25000000.000
14373,2042,-2.929688,25000000.000
14374,2042,-2.929688,25000000.000
14375,2042,-2.929688,25000000.000
14376,2043,-2.441406,25000000.000
14377,2045,-1.464844,25000000.000
14378,2046,-0.976562,25000000.000
14379,2046,-0.976562,25000000.000
14380,2048,0.000000,25000000.000
14381,2049,0.488281,25000000.000
14382,2050,0.976562,25000000.000
14383,2051,1.464844,25000000.000
14384,2051,1.464844,25000000.000
14385,2052,1.953125,25000000.000
14386,2054,2.929688,25000000.000
14387,2054,2.929688,25000000.000
14388,2052,1.953125,25000000.000
14389,2052,1.953125,25000000.000
14390,2053,2.441406,25000000.000
14391,2053,2.441406,25000000.000
14392,2053,2.441406,25000000.000
14393,2053,2.441406,25000000.000
14394,2050,0.976562,25000000.000
14395,2047,-0.488281,25000000.000
14396,2047,-0.488281,25000000.000
14397,2049,0.488281,25000000.000
14398,2048,0.000000,25000000.000
14399,2046,-0.976562,25000000.000
14400,2045,-1.464844,25000000.000
14401,2045,-1.464844,25000000.000
14402,2044,-1.953125,25000000.000
14403,2044,-1.953125,25000000.000
14404,2043,-2.441406,25000000.000
14405,2041,-3.417969,25000000.000
14406,2038,-4.882812,25000000.000
14407,2038,-4.882812,25000000.000
14408,2041,-3.417969,25000000.000
14409,2042,-2.929688,25000000.000
14410,2039,-4.394531,25000000.000
14411,2040,-3.906250,25000000.000
14412,2040,-3.906250,25000000.000
14413,2041,-3.417969,25000000.000
14414,2042,-2.929688,25000000.000
14415,2042,-2.929688,25000000.000
14416,2042,-2.929688,25000000.000
14417,2044,-1.953125,25000000.000
14418,2046,-0.976562,25000000.000
14419,2046,-0.976562,25000000.000
14420,2046,-0.976562,25000000.000
14421,2048,0.000000,25000000.000
14422,2049,0.488281,25000000.000
14423,2047,-0.488281,25000000.000
14424,2050,0.976562,25000000.000
14425,2053,2.441406,25000000.000
14426,2053,2.441406,25000000.000
14427,2053,2.441406,25000000.000
14428,2052,1.953125,25000000.000
14429,2054,2.929688,25000000.000
14430,2054,2.929688,25000000.000
14431,2054,2.929688,25000000.000
14432,2052,1.953125,25000000.000
14433,2052,1.953125,25000000.000
14434,2052,1.953125,25000000.000
14435,2052,1.953125,25000000.000
14436,2053,2.441406,25000000.000
14437,2050,0.976562,25000000.000
14438,2050,0.976562,25000000.000
14439,2049,0.488281,25000000.000
14440,2046,-0.976562,25000000.000
14441,2045,-1.464844,25000000.000
14442,2046,-0.976562,25000000.000
14443,2046,-0.976562,25000000.000
14444,2043,-2.441406,25000000.000
14445,2042,-2.929688,25000000.000
14446,2043,-2.441406,25000000.000
14447,2043,-2.441406,25000000.000
14448,2040,-3.906250,25000000.000
14449,2040,-3.906250,25000000.000
14450,2041,-3.417969,25000000.000
14451,2041,-3.417969,25000000.000
14452,2041,-3.417969,25000000.000
14453,2041,-3.417969,25000000.000
14454,2042,-2.929688,25000000.000
14455,2040,-3.906250,25000000.000
14456,2043,-2.441406,25000000.000
14457,2043,-2.441406,25000000.000
14458,2044,-1.953125,25000000.000
14459,2045,-1.464844,25000000.000
14460,2046,-0.976562,25000000.000
14461,2049,0.488281,25000000.000
14462,2049,0.488281,25000000.000
14463,2048,0.000000,25000000.000
14464,2050,0.976562,25000000.000
14465,2051,1.464844,25000000.000
14466,2053,2.441406,25000000.000
14467,2052,1.953125,25000000.000
14468,2054,2.929688,25000000.000
14469,2054,2.929688,25000000.000
14470,2053,2.441406,25000000.000
14471,2054,2.929688,25000000.000
14472,2054,2.929688,25000000.000
14473,2055,3.417969,25000000.000
14474,2053,2.441406,25000000.000
14475,2054,2.929688,25000000.000
14476,2051,1.464844,25000000.000
14477,2051,1.464844,25000000.000
14478,2050,0.976562,25000000.000
14479,2051,1.464844,25000000.000
14480,2048,0.000000,25000000.000
14481,2046,-0.976562,25000000.000
14482,2047,-0.488281,25000000.000
14483,2047,-0.488281,25000000.000
14484,2044,-1.953125,25000000.000
14485,2044,-1.953125,25000000.000
14486,2045,-1.464844,25000000.000
14487,2043,-2.441406,25000000.000
14488,2040,-3.906250,25000000.000
14489,2042,-2.929688,25000000.000
14490,2040,-3.906250,25000000.000
14491,2040,-3.906250,25000000.000
14492,2041,-3.417969,25000000.000
14493,2042,-2.929688,25000000.000
14494,2040,-3.906250,25000000.000
14495,2043,-2.441406,25000000.000
14496,2043,-2.441406,25000000.000
14497,2043,-2.441406,25000000.000
14498,2044,-1.953125,25000000.000
14499,2044,-1.953125,25000000.000
14500,2046,-0.976562,25000000.000
14501,2046,-0.976562,25000000.000
14502,2048,0.000000,25000000.000
14503,2047,-0.488281,25000000.000
14504,2050,0.976562,25000000.000
14505,2051,1.464844,25000000.000
14506,2051,1.464844,25000000.000
14507,2051,1.464844,25000000.000
14508,2053,2.441406,25000000.000
14509,2054,2.929688,25000000.000
14510,2053,2.441406,25000000.000
14511,2055,3.417969,25000000.000
14512,2054,2.929688,25000000.000
14513,2054,2.929688,25000000.000
14514,2053,2.441406,25000000.000
14515,2053,2.441406,25000000.000
14516,2054,2.929688,25000000.000
14517,2051,1.464844,25000000.000
14518,2052,1.953125,25000000.000
14519,2051,1.464844,25000000.000
14520,2048,0.000000,25000000.000
14521,2048,0.000000,25000000.000
14522,2054,2.929688,25000000.000
14523,2047,-0.488281,25000000.000
14524,2034,-6.835938,25000000.000
14525,2040,-3.906250,25000000.000
14526,2045,-1.464844,25000000.000
14527,2042,-2.929688,25000000.000
14528,2038,-4.882812,25000000.000
14529,2044,-1.953125,25000000.000
14530,2041,-3.417969,25000000.000
14531,2042,-2.929688,25000000.000
14532,2043,-2.441406,25000000.000
14533,2041,-3.417969,25000000.000
14534,2041,-3.417969,25000000.000
14535,2040,-3.906250,25000000.000
14536,2042,-2.929688,25000000.000
14537,2043,-2.441406,25000000.000
14538,2043,-2.441406,25000000.000
14539,2043,-2.441406,25000000.000
14540,2046,-0.976562,25000000.000
14541,2047,-0.488281,25000000.000
14542,2045,-1.464844,25000000.000
14543,2047,-0.488281,25000000.000
14544,2049,0.488281,25000000.000
14545,2048,0.000000,25000000.000
14546,2051,1.464844,25000000.000
14547,2051,1.464844,25000000.000
14548,2052,1.953125,25000000.000
14549,2052,1.953125,25000000.000
14550,2054,2.929688,25000000.000
14551,2053,2.441406,25000000.000
14552,2053,2.441406,25000000.000
14553,2055,3.417969,25000000.000
14554,2054,2.929688,25000000.000
14555,2052,1.953125,25000000.000
14556,2053,2.441406,25000000.000
14557,2053,2.441406,25000000.000
14558,2053,2.441406,25000000.000
14559,2053,2.441406,25000000.000
14560,2048,0.000000,25000000.000
14561,2050,0.976562,25000000.000
14562,2048,0.000000,25000000.000
14563,2046,-0.976562,25000000.000
14564,2046,-0.976562,25000000.000
14565,2046,-0.976562,25000000.000
14566,2044,-1.953125,25000000.000
14567,2043,-2.441406,25000000.000
14568,2043,-2.441406,25000000.000
14569,2043,-2.441406,25000000.000
14570,2040,-3.906250,25000000.000
14571,2040,-3.906250,25000000.000
14572,2040,-3.906250,25000000.000
14573,2040,-3.906250,25000000.000
14574,2038,-4.882812,25000000.000
14575,2039,-4.394531,25000000.000
14576,2039,-4.394531,25000000.000
14577,2039,-4.394531,25000000.000
14578,2040,-3.906250,25000000.000
14579,2041,-3.417969,25000000.000
14580,2043,-2.441406,25000000.000
14581,2043,-2.441406,25000000.000
14582,2044,-1.953125,25000000.000
14583,2044,-1.953125,25000000.000
14584,2047,-0.488281,25000000.000
14585,2047,-0.488281,25000000.000
14586,2050,0.976562,25000000.000
14587,2047,-0.488281,25000000.000
14588,2051,1.464844,25000000.000
14589,2052,1.953125,25000000.000
14590,2052,1.953125,25000000.000
14591,2052,1.953125,25000000.000
14592,2052,1.953125,25000000.000
14593,2055,3.417969,25000000.000
14594,2052,1.953125,25000000.000
14595,2052,1.953125,25000000.000
14596,2053,2.441406,25000000.000
14597,2053,2.441406,25000000.000
14598,2053,2.441406,25000000.000
14599,2050,0.976562,25000000.000
14600,2050,0.976562,25000000.000
14601,2050,0.976562,25000000.000
14602,2049,0.488281,25000000.000
14603,2049,0.488281,25000000.000
14604,2048,0.000000,25000000.000
14605,2047,-0.488281,25000000.000
14606,2044,-1.953125,25000000.000
14607,2044,-1.953125,25000000.000
14608,2043,-2.441406,25000000.000
14609,2043,-2.441406,25000000.000
14610,2041,-3.417969,25000000.000
14611,2041,-3.417969,25000000.000
14612,2039,-4.394531,25000000.000
14613,2039,-4.394531,25000000.000
14614,2040,-3.906250,25000000.000
14615,2040,-3.906250,25000000.000
14616,2041,-3.417969,25000000.000
14617,2040,-3.906250,25000000.000
14618,2041,-3.417969,25000000.000
14619,2040,-3.906250,25000000.000
14620,2040,-3.906250,25000000.000
14621,2043,-2.441406,25000000.000
14622,2043,-2.441406,25000000.000
14623,2043,-2.441406,25000000.000
14624,2046,-0.976562,25000000.000
14625,2046,-0.976562,25000000.000
14626,2048,0.000000,25000000.000
14627,2048,0.000000,25000000.000
14628,2049,0.488281,25000000.000
14629,2051,1.464844,25000000.000
14630,2052,1.953125,25000000.000
14631,2051,1.464844,25000000.000
14632,2053,2.441406,25000000.000
14633,2053,2.441406,25000000.000
14634,2053,2.441406,25000000.000
14635,2052,1.953125,25000000.000
14636,2055,3.417969,25000000.000
14637,2054,2.929688,25000000.000
14638,2053,2.441406,25000000.000
14639,2054,2.929688,25000000.000
14640,2052,1.953125,25000000.000
14641,2051,1.464844,25000000.000
14642,2051,1.464844,25000000.000
14643,2050,0.976562,25000000.000
14644,2049,0.488281,25000000.000
14645,2047,-0.488281,25000000.000
14646,2048,0.000000,25000000.000
14647,2047,-0.488281,25000000.000
14648,2045,-1.464844,25000000.000
14649,2045,-1.464844,25000000.000
14650,2042,-2.929688,25000000.000
14651,2045,-1.464844,25000000.000
14652,2041,-3.417969,25000000.000
14653,2042,-2.929688,25000000.000
14654,2042,-2.929688,25000000.000
14655,2040,-3.906250,25000000.000
14656,2040,-3.906250,25000000.000
14657,2041,-3.417969,25000000.000
14658,2041,-3.417969,25000000.000
14659,2040,-3.906250,25000000.000
14660,2040,-3.906250,25000000.000
14661,2041,-3.417969,25000000.000
14662,2041,-3.417969,25000000.000
14663,2042,-2.929688,25000000.000
14664,2045,-1.464844,25000000.000
14665,2045,-1.464844,25000000.000
14666,2047,-0.488281,25000000.000
14667,2046,-0.976562,25000000.000
14668,2050,0.976562,25000000.000
14669,2050,0.976562,25000000.000
14670,2051,1.464844,25000000.000
14671,2051,1.464844,25000000.000
14672,2053,2.441406,25000000.000
14673,2054,2.929688,25000000.000
14674,2055,3.417969,25000000.000
14675,2054,2.929688,25000000.000
14676,2055,3.417969,25000000.000
14677,2054,2.929688,25000000.000
14678,2055,3.417969,25000000.000
14679,2055,3.417969,25000000.000
14680,2053,2.441406,25000000.000
14681,2052,1.953125,25000000.000
14682,2054,2.929688,25000000.000
14683,2053,2.441406,25000000.000
14684,2051,1.464844,25000000.000
14685,2049,0.488281,25000000.000
14686,2049,0.488281,25000000.000
14687,2047,-0.488281,25000000.000
14688,2046,-0.976562,25000000.000
14689,2045,-1.464844,25000000.000
14690,2044,-1.953125,25000000.000
14691,2044,-1.953125,25000000.000
14692,2042,-2.929688,25000000.000
14693,2042,-2.929688,25000000.000
14694,2041,-3.417969,25000000.000
14695,2040,-3.906250,25000000.000
14696,2040,-3.906250,25000000.000
14697,2040,-3.906250,25000000.000
14698,2040,-3.906250,25000000.000
14699,2039,-4.394531,25000000.000
14700,2040,-3.906250,25000000.000
14701,2041,-3.417969,25000000.000
14702,2041,-3.417969,25000000.000
14703,2041,-3.417969,25000000.000
14704,2045,-1.464844,25000000.000
14705,2044,-1.953125,25000000.000
14706,2046,-0.976562,25000000.000
14707,2045,-1.464844,25000000.000
14708,2048,0.000000,25000000.000
14709,2049,0.488281,25000000.000
14710,2050,0.976562,25000000.000
14711,2050,0.976562,25000000.000
14712,2052,1.953125,25000000.000
14713,2053,2.441406,25000000.000
14714,2054,2.929688,25000000.000
14715,2053,2.441406,25000000.000
14716,2056,3.906250,25000000.000
14717,2055,3.417969,25000000.000
14718,2055,3.417969,25000000.000
14719,2054,2.929688,25000000.000
14720,2053,2.441406,25000000.000
14721,2053,2.441406,25000000.000
14722,2053,2.441406,25000000.000
14723,2052,1.953125,25000000.000
14724,2050,0.976562,25000000.000
14725,2052,1.953125,25000000.000
14726,2049,0.488281,25000000.000
14727,2050,0.976562,25000000.000
14728,2047,-0.488281,25000000.000
14729,2048,0.000000,25000000.000
14730,2046,-0.976562,25000000.000
14731,2044,-1.953125,25000000.000
14732,2044,-1.953125,25000000.000
14733,2043,-2.441406,25000000.000
14734,2042,-2.929688,25000000.000
14735,2042,-2.929688,25000000.000
14736,2042,-2.929688,25000000.000
14737,2043,-2.441406,25000000.000
14738,2039,-4.394531,25000000.000
14739,2041,-3.417969,25000000.000
14740,2040,-3.906250,25000000.000
14741,2041,-3.417969,25000000.000
14742,2042,-2.929688,25000000.000
14743,2042,-2.929688,25000000.000
14744,2043,-2.441406,25000000.000
14745,2044,-1.953125,25000000.000
14746,2046,-0.976562,25000000.000
14747,2045,-1.464844,25000000.000
14748,2047,-0.488281,25000000.000
14749,2046,-0.976562,25000000.000
14750,2050,0.976562,25000000.000
14751,2049,0.488281,25000000.000
14752,2049,0.488281,25000000.000
14753,2051,1.464844,25000000.000
14754,2049,0.488281,25000000.000
14755,2049,0.488281,25000000.000
14756,2056,3.906250,25000000.000
14757,2054,2.929688,25000000.000
14758,2049,0.488281,25000000.000
14759,2050,0.976562,25000000.000
14760,2055,3.417969,25000000.000
14761,2054,2.929688,25000000.000
14762,2054,2.929688,25000000.000
14763,2052,1.953125,25000000.000
14764,2053,2.441406,25000000.000
14765,2051,1.464844,25000000.000
14766,2051,1.464844,25000000.000
14767,2050,0.976562,25000000.000
14768,2049,0.488281,25000000.000
14769,2047,-0.488281,25000000.000
14770,2046,-0.976562,25000000.000
14771,2046,-0.976562,25000000.000
14772,2043,-2.441406,25000000.000
14773,2043,-2.441406,25000000.000
14774,2042,-2.929688,25000000.000
14775,2042,-2.929688,25000000.000
14776,2041,-3.417969,25000000.000
14777,2039,-4.394531,25000000.000
14778,2039,-4.394531,25000000.000
14779,2040,-3.906250,25000000.000
14780,2039,-4.394531,25000000.000
14781,2040,-3.906250,25000000.000
14782,2041,-3.417969,25000000.000
14783,2040,-3.906250,25000000.000
14784,2042,-2.929688,25000000.000
14785,2041,-3.417969,25000000.000
14786,2044,-1.953125,25000000.000
14787,2042,-2.929688,25000000.000
14788,2043,-2.441406,25000000.000
14789,2047,-0.488281,25000000.000
14790,2047,-0.488281,25000000.000
14791,2048,0.000000,25000000.000
14792,2049,0.488281,25000000.000
14793,2050,0.976562,25000000.000
14794,2053,2.441406,25000000.000
14795,2052,1.953125,25000000.000
14796,2052,1.953125,25000000.000
14797,2053,2.441406,25000000.000
14798,2055,3.417969,25000000.000
14799,2053,2.441406,25000000.000
14800,2054,2.929688,25000000.000
14801,2054,2.929688,25000000.000
14802,2054,2.929688,25000000.000
14803,2053,2.441406,25000000.000
14804,2053,2.441406,25000000.000
14805,2051,1.464844,25000000.000
14806,2051,1.464844,25000000.000
14807,2056,3.906250,25000000.000
14808,2051,1.464844,25000000.000
14809,2050,0.976562,25000000.000
14810,2043,-2.441406,25000000.000
14811,2049,0.488281,25000000.000
14812,2045,-1.464844,25000000.000
14813,2042,-2.929688,25000000.000
14814,2044,-1.953125,25000000.000
14815,2043,-2.441406,25000000.000
14816,2042,-2.929688,25000000.000
14817,2040,-3.906250,25000000.000
14818,2041,-3.417969,25000000.000
14819,2039,-4.394531,25000000.000
14820,2040,-3.906250,25000000.000
14821,2039,-4.394531,25000000.000
14822,2040,-3.906250,25000000.000
14823,2040,-3.906250,25000000.000
14824,2041,-3.417969,25000000.000
14825,2040,-3.906250,25000000.000
14826,2042,-2.929688,25000000.000
14827,2040,-3.906250,25000000.000
14828,2045,-1.464844,25000000.000
14829,2044,-1.953125,25000000.000
14830,2047,-0.488281,25000000.000
14831,2046,-0.976562,25000000.000
14832,2048,0.000000,25000000.000
14833,2048,0.000000,25000000.000
14834,2051,1.464844,25000000.000
14835,2047,-0.488281,25000000.000
14836,2051,1.464844,25000000.000
14837,2054,2.929688,25000000.000
14838,2052,1.953125,25000000.000
14839,2053,2.441406,25000000.000
14840,2052,1.953125,25000000.000
14841,2054,2.929688,25000000.000
14842,2054,2.929688,25000000.000
14843,2053,2.441406,25000000.000
14844,2054,2.929688,25000000.000
14845,2052,1.953125,25000000.000
14846,2052,1.953125,25000000.000
14847,2054,2.929688,25000000.000
14848,2051,1.464844,25000000.000
14849,2050,0.976562,25000000.000
14850,2049,0.488281,25000000.000
14851,2047,-0.488281,25000000.000
14852,2047,-0.488281,25000000.000
14853,2044,-1.953125,25000000.000
14854,2044,-1.953125,25000000.000
14855,2044,-1.953125,25000000.000
14856,2043,-2.441406,25000000.000
14857,2041,-3.417969,25000000.000
14858,2042,-2.929688,25000000.000
14859,2042,-2.929688,25000000.000
14860,2040,-3.906250,25000000.000
14861,2042,-2.929688,25000000.000
14862,2040,-3.906250,25000000.000
14863,2040,-3.906250,25000000.000
14864,2042,-2.929688,25000000.000
14865,2041,-3.417969,25000000.000
14866,2042,-2.929688,25000000.000
14867,2041,-3.417969,25000000.000
14868,2040,-3.906250,25000000.000
14869,2054,2.929688,25000000.000
14870,2057,4.394531,25000000.000
14871,2045,-1.464844,25000000.000
14872,2043,-2.441406,25000000.000
14873,2048,0.000000,25000000.000
14874,2050,0.976562,25000000.000
14875,2050,0.976562,25000000.000
14876,2052,1.953125,25000000.000
14877,2053,2.441406,25000000.000
14878,2054,2.929688,25000000.000
14879,2055,3.417969,25000000.000
14880,2054,2.929688,25000000.000
14881,2054,2.929688,25000000.000
14882,2055,3.417969,25000000.000
14883,2055,3.417969,25000000.000
14884,2054,2.929688,25000000.000
14885,2054,2.929688,25000000.000
14886,2054,2.929688,25000000.000
14887,2052,1.953125,25000000.000
14888,2052,1.953125,25000000.000
14889,2052,1.953125,25000000.000
14890,2049,0.488281,25000000.000
14891,2049,0.488281,25000000.000
14892,2048,0.000000,25000000.000
14893,2048,0.000000,25000000.000
14894,2045,-1.464844,25000000.000
14895,2045,-1.464844,25000000.000
14896,2044,-1.953125,25000000.000
14897,2043,-2.441406,25000000.000
14898,2042,-2.929688,25000000.000
14899,2042,-2.929688,25000000.000
14900,2042,-2.929688,25000000.000
14901,2040,-3.906250,25000000.000
14902,2040,-3.906250,25000000.000
14903,2041,-3.417969,25000000.000
14904,2042,-2.929688,25000000.000
14905,2042,-2.929688,25000000.000
14906,2040,-3.906250,25000000.000
14907,2042,-2.929688,25000000.000
14908,2039,-4.394531,25000000.000
14909,2046,-0.976562,25000000.000
14910,2043,-2.441406,25000000.000
14911,2044,-1.953125,25000000.000
14912,2046,-0.976562,25000000.000
14913,2047,-0.488281,25000000.000
14914,2048,0.000000,25000000.000
14915,2049,0.488281,25000000.000
14916,2051,1.464844,25000000.000
14917,2051,1.464844,25000000.000
14918,2053,2.441406,25000000.000
14919,2053,2.441406,25000000.000
14920,2052,1.953125,25000000.000
14921,2054,2.929688,25000000.000
14922,2055,3.417969,25000000.000
14923,2055,3.417969,25000000.000
14924,2054,2.929688,25000000.000
14925,2055,3.417969,25000000.000
14926,2053,2.441406,25000000.000
14927,2054,2.929688,25000000.000
14928,2052,1.953125,25000000.000
14929,2052,1.953125,25000000.000
14930,2051,1.464844,25000000.000
14931,2051,1.464844,25000000.000
14932,2049,0.488281,25000000.000
14933,2049,0.488281,25000000.000
14934,2046,-0.976562,25000000.000
14935,2040,-3.906250,25000000.000
14936,2045,-1.464844,25000000.000
14937,2043,-2.441406,25000000.000
14938,2049,0.488281,25000000.000
14939,2035,-6.347656,25000000.000
14940,2039,-4.394531,25000000.000
14941,2041,-3.417969,25000000.000
14942,2039,-4.394531,25000000.000
14943,2040,-3.906250,25000000.000
14944,2040,-3.906250,25000000.000
14945,2038,-4.882812,25000000.000
14946,2043,-2.441406,25000000.000
14947,2041,-3.417969,25000000.000
14948,2043,-2.441406,25000000.000
14949,2042,-2.929688,25000000.000
14950,2044,-1.953125,25000000.000
14951,2042,-2.929688,25000000.000
14952,2045,-1.464844,25000000.000
14953,2047,-0.488281,25000000.000
14954,2048,0.000000,25000000.000
14955,2047,-0.488281,25000000.000
14956,2050,0.976562,25000000.000
14957,2050,0.976562,25000000.000
14958,2051,1.464844,25000000.000
14959,2051,1.464844,25000000.000
14960,2051,1.464844,25000000.000
14961,2053,2.441406,25000000.000
14962,2054,2.929688,25000000.000
14963,2053,2.441406,25000000.000
14964,2054,2.929688,25000000.000
14965,2053,2.441406,25000000.000
14966,2053,2.441406,25000000.000
14967,2051,1.464844,25000000.000
14968,2053,2.441406,25000000.000
14969,2052,1.953125,25000000.000
14970,2049,0.488281,25000000.000
14971,2049,0.488281,25000000.000
14972,2050,0.976562,25000000.000
14973,2049,0.488281,25000000.000
14974,2046,-0.976562,25000000.000
14975,2046,-0.976562,25000000.000
14976,2044,-1.953125,25000000.000
14977,2045,-1.464844,25000000.000
14978,2043,-2.441406,25000000.000
14979,2044,-1.953125,25000000.000
14980,2043,-2.441406,25000000.000
14981,2040,-3.906250,25000000.000
14982,2040,-3.906250,25000000.000
14983,2041,-3.417969,25000000.000
14984,2040,-3.906250,25000000.000
14985,2040,-3.906250,25000000.000
14986,2041,-3.417969,25000000.000
14987,2040,-3.906250,25000000.000
14988,2040,-3.906250,25000000.000
14989,2043,-2.441406,25000000.000
14990,2042,-2.929688,25000000.000
14991,2042,-2.929688,25000000.000
14992,2043,-2.441406,25000000.000
14993,2046,-0.976562,25000000.000
14994,2046,-0.976562,25000000.000
14995,2046,-0.976562,25000000.000
14996,2047,-0.488281,25000000.000
14997,2049,0.488281,25000000.000
14998,2050,0.976562,25000000.000
14999,2049,0.488281,25000000.000
15000,2051,1.464844,25000000.000
15001,2052,1.953125,25000000.000
15002,2053,2.441406,25000000.000
15003,2052,1.953125,25000000.000
15004,2054,2.929688,25000000.000
15005,2055,3.417969,25000000.000
15006,2053,2.441406,25000000.000
15007,2053,2.441406,25000000.000
15008,2053,2.441406,25000000.000
15009,2051,1.464844,25000000.000
15010,2053,2.441406,25000000.000
15011,2053,2.441406,25000000.000
15012,2051,1.464844,25000000.000
15013,2049,0.488281,25000000.000
15014,2050,0.976562,25000000.000
15015,2049,0.488281,25000000.000
15016,2046,-0.976562,25000000.000
15017,2044,-1.953125,25000000.000
15018,2046,-0.976562,25000000.000
15019,2044,-1.953125,25000000.000
15020,2042,-2.929688,25000000.000
15021,2041,-3.417969,25000000.000
15022,2039,-4.394531,25000000.000
15023,2039,-4.394531,25000000.000
15024,2039,-4.394531,25000000.000
15025,2042,-2.929688,25000000.000
15026,2041,-3.417969,25000000.000
15027,2039,-4.394531,25000000.000
15028,2040,-3.906250,25000000.000
15029,2042,-2.929688,25000000.000
15030,2041,-3.417969,25000000.000
15031,2041,-3.417969,25000000.000
15032,2045,-1.464844,25000000.000
15033,2043,-2.441406,25000000.000
15034,2044,-1.953125,25000000.000
15035,2044,-1.953125,25000000.000
15036,2050,0.976562,25000000.000
15037,2046,-0.976562,25000000.000
15038,2048,0.000000,25000000.000
15039,2045,-1.464844,25000000.000
15040,2048,0.000000,25000000.000
15041,2052,1.953125,25000000.000
15042,2053,2.441406,25000000.000
15043,2051,1.464844,25000000.000
15044,2053,2.441406,25000000.000
15045,2052,1.953125,25000000.000
15046,2055,3.417969,25000000.000
15047,2055,3.417969,25000000.000
15048,2054,2.929688,25000000.000
15049,2053,2.441406,25000000.000
15050,2053,2.441406,25000000.000
15051,2054,2.929688,25000000.000
15052,2051,1.464844,25000000.000
15053,2049,0.488281,25000000.000
15054,2051,1.464844,25000000.000
15055,2050,0.976562,25000000.000
15056,2048,0.000000,25000000.000
15057,2047,-0.488281,25000000.000
15058,2046,-0.976562,25000000.000
15059,2047,-0.488281,25000000.000
15060,2044,-1.953125,25000000.000
15061,2044,-1.953125,25000000.000
15062,2043,-2.441406,25000000.000
15063,2043,-2.441406,25000000.000
15064,2043,-2.441406,25000000.000
15065,2040,-3.906250,25000000.000
15066,2041,-3.417969,25000000.000
15067,2040,-3.906250,25000000.000
15068,2042,-2.929688,25000000.000
15069,2041,-3.417969,25000000.000
15070,2041,-3.417969,25000000.000
15071,2041,-3.417969,25000000.000
15072,2043,-2.441406,25000000.000
15073,2044,-1.953125,25000000.000
15074,2044,-1.953125,25000000.000
15075,2043,-2.441406,25000000.000
15076,2045,-1.464844,25000000.000
15077,2047,-0.488281,25000000.000
15078,2048,0.000000,25000000.000
15079,2048,0.000000,25000000.000
15080,2050,0.976562,25000000.000
15081,2051,1.464844,25000000.000
15082,2051,1.464844,25000000.000
15083,2053,2.441406,25000000.000
15084,2052,1.953125,25000000.000
15085,2053,2.441406,25000000.000
15086,2053,2.441406,25000000.000
15087,2053,2.441406,25000000.000
15088,2054,2.929688,25000000.000
15089,2054,2.929688,25000000.000
15090,2054,2.929688,25000000.000
15091,2053,2.441406,25000000.000
15092,2053,2.441406,25000000.000
15093,2052,1.953125,25000000.000
15094,2051,1.464844,25000000.000
15095,2051,1.464844,25000000.000
15096,2049,0.488281,25000000.000
15097,2049,0.488281,25000000.000
15098,2047,-0.488281,25000000.000
15099,2046,-0.976562,25000000.000
15100,2046,-0.976562,25000000.000
15101,2044,-1.953125,25000000.000
15102,2043,-2.441406,25000000.000
15103,2041,-3.417969,25000000.000
15104,2042,-2.929688,25000000.000
15105,2040,-3.906250,25000000.000
15106,2041,-3.417969,25000000.000
15107,2040,-3.906250,25000000.000
15108,2040,-3.906250,25000000.000
15109,2040,-3.906250,25000000.000
15110,2040,-3.906250,25000000.000
15111,2041,-3.417969,25000000.000
15112,2041,-3.417969,25000000.000
15113,2042,-2.929688,25000000.000
15114,2044,-1.953125,25000000.000
15115,2044,-1.953125,25000000.000
15116,2046,-0.976562,25000000.000
15117,2046,-0.976562,25000000.000
15118,2047,-0.488281,25000000.000
15119,2047,-0.488281,25000000.000
15120,2050,0.976562,25000000.000
15121,2050,0.976562,25000000.000
15122,2051,1.464844,25000000.000
15123,2051,1.464844,25000000.000
15124,2052,1.953125,25000000.000
15125,2054,2.929688,25000000.000
15126,2055,3.417969,25000000.000
15127,2054,2.929688,25000000.000
15128,2055,3.417969,25000000.000
15129,2054,2.929688,25000000.000
15130,2055,3.417969,25000000.000
15131,2055,3.417969,25000000.000
15132,2054,2.929688,25000000.000
15133,2053,2.441406,25000000.000
15134,2052,1.953125,25000000.000
15135,2052,1.953125,25000000.000
15136,2050,0.976562,25000000.000
15137,2050,0.976562,25000000.000
15138,2048,0.000000,25000000.000
15139,2048,0.000000,25000000.000
15140,2046,-0.976562,25000000.000
15141,2046,-0.976562,25000000.000
15142,2044,-1.953125,25000000.000
15143,2043,-2.441406,25000000.000
15144,2044,-1.953125,25000000.000
15145,2040,-3.906250,25000000.000
15146,2043,-2.441406,25000000.000
15147,2042,-2.929688,25000000.000
15148,2040,-3.906250,25000000.000
15149,2039,-4.394531,25000000.000
15150,2041,-3.417969,25000000.000
15151,2041,-3.417969,25000000.000
15152,2039,-4.394531,25000000.000
15153,2042,-2.929688,25000000.000
15154,2042,-2.929688,25000000.000
15155,2041,-3.417969,25000000.000
15156,2043,-2.441406,25000000.000
15157,2044,-1.953125,25000000.000
15158,2046,-0.976562,25000000.000
15159,2046,-0.976562,25000000.000
15160,2047,-0.488281,25000000.000
15161,2048,0.000000,25000000.000
15162,2050,0.976562,25000000.000
15163,2049,0.488281,25000000.000
15164,2051,1.464844,25000000.000
15165,2052,1.953125,25000000.000
15166,2053,2.441406,25000000.000
15167,2053,2.441406,25000000.000
15168,2054,2.929688,25000000.000
15169,2054,2.929688,25000000.000
15170,2052,1.953125,25000000.000
15171,2052,1.953125,25000000.000
15172,2054,2.929688,25000000.000
15173,2053,2.441406,25000000.000
15174,2052,1.953125,25000000.000
15175,2052,1.953125,25000000.000
15176,2051,1.464844,25000000.000
15177,2050,0.976562,25000000.000
15178,2050,0.976562,25000000.000
15179,2050,0.976562,25000000.000
15180,2046,-0.976562,25000000.000
15181,2045,-1.464844,25000000.000
15182,2045,-1.464844,25000000.000
15183,2046,-0.976562,25000000.000
15184,2042,-2.929688,25000000.000
15185,2043,-2.441406,25000000.000
15186,2041,-3.417969,25000000.000
15187,2041,-3.417969,25000000.000
15188,2040,-3.906250,25000000.000
15189,2041,-3.417969,25000000.000
15190,2039,-4.394531,25000000.000
15191,2042,-2.929688,25000000.000
15192,2039,-4.394531,25000000.000
15193,2041,-3.417969,25000000.000
15194,2041,-3.417969,25000000.000
15195,2040,-3.906250,25000000.000
15196,2042,-2.929688,25000000.000
15197,2043,-2.441406,25000000.000
15198,2044,-1.953125,25000000.000
15199,2044,-1.953125,25000000.000
15200,2046,-0.976562,25000000.000
15201,2047,-0.488281,25000000.000
15202,2047,-0.488281,25000000.000
15203,2048,0.000000,25000000.000
15204,2050,0.976562,25000000.000
15205,2051,1.464844,25000000.000
15206,2051,1.464844,25000000.000
15207,2050,0.976562,25000000.000
15208,2053,2.441406,25000000.000
15209,2053,2.441406,25000000.000
15210,2053,2.441406,25000000.000
15211,2054,2.929688,25000000.000
15212,2053,2.441406,25000000.000
15213,2053,2.441406,25000000.000
15214,2054,2.929688,25000000.000
15215,2051,1.464844,25000000.000
15216,2036,-5.859375,25000000.000
15217,2050,0.976562,25000000.000
15218,2051,1.464844,25000000.000
15219,2044,-1.953125,25000000.000
15220,2047,-0.488281,25000000.000
15221,2046,-0.976562,25000000.000
15222,2047,-0.488281,25000000.000
15223,2046,-0.976562,25000000.000
15224,2043,-2.441406,25000000.000
15225,2044,-1.953125,25000000.000
15226,2041,-3.417969,25000000.000
15227,2042,-2.929688,25000000.000
15228,2042,-2.929688,25000000.000
15229,2040,-3.906250,25000000.000
15230,2040,-3.906250,25000000.000
15231,2040,-3.906250,25000000.000
15232,2039,-4.394531,25000000.000
15233,2041,-3.417969,25000000.000
15234,2040,-3.906250,25000000.000
15235,2040,-3.906250,25000000.000
15236,2041,-3.417969,25000000.000
15237,2042,-2.929688,25000000.000
15238,2044,-1.953125,25000000.000
15239,2044,-1.953125,25000000.000
15240,2044,-1.953125,25000000.000
15241,2045,-1.464844,25000000.000
15242,2046,-0.976562,25000000.000
15243,2047,-0.488281,25000000.000
15244,2049,0.488281,25000000.000
15245,2048,0.000000,25000000.000
15246,2050,0.976562,25000000.000
15247,2049,0.488281,25000000.000
15248,2054,2.929688,25000000.000
15249,2051,1.464844,25000000.000
15250,2052,1.953125,25000000.000
15251,2051,1.464844,25000000.000
15252,2054,2.929688,25000000.000
15253,2053,2.441406,25000000.000
15254,2055,3.417969,25000000.000
15255,2053,2.441406,25000000.000
15256,2053,2.441406,25000000.000
15257,2053,2.441406,25000000.000
15258,2051,1.464844,25000000.000
15259,2053,2.441406,25000000.000
15260,2050,0.976562,25000000.000
15261,2050,0.976562,25000000.000
15262,2049,0.488281,25000000.000
15263,2048,0.000000,25000000.000
15264,2047,-0.488281,25000000.000
15265,2045,-1.464844,25000000.000
15266,2044,-1.953125,25000000.000
15267,2044,-1.953125,25000000.000
15268,2043,-2.441406,25000000.000
15269,2042,-2.929688,25000000.000
15270,2041,-3.417969,25000000.000
15271,2040,-3.906250,25000000.000
15272,2040,-3.906250,25000000.000
15273,2040,-3.906250,25000000.000
15274,2041,-3.417969,25000000.000
15275,2040,-3.906250,25000000.000
15276,2040,-3.906250,25000000.000
15277,2042,-2.929688,25000000.000
15278,2043,-2.441406,25000000.000
15279,2042,-2.929688,25000000.000
15280,2044,-1.953125,25000000.000
15281,2046,-0.976562,25000000.000
15282,2048,0.000000,25000000.000
15283,2047,-0.488281,25000000.000
15284,2049,0.488281,25000000.000
15285,2049,0.488281,25000000.000
15286,2052,1.953125,25000000.000
15287,2051,1.464844,25000000.000
15288,2051,1.464844,25000000.000
15289,2053,2.441406,25000000.000
15290,2053,2.441406,25000000.000
15291,2053,2.441406,25000000.000
15292,2053,2.441406,25000000.000
15293,2055,3.417969,25000000.000
15294,2055,3.417969,25000000.000
15295,2054,2.929688,25000000.000
15296,2054,2.929688,25000000.000
15297,2054,2.929688,25000000.000
15298,2053,2.441406,25000000.000
15299,2052,1.953125,25000000.000
15300,2051,1.464844,25000000.000
15301,2050,0.976562,25000000.000
15302,2050,0.976562,25000000.000
15303,2050,0.976562,25000000.000
15304,2048,0.000000,25000000.000
15305,2045,-1.464844,25000000.000
15306,2045,-1.464844,25000000.000
15307,2044,-1.953125,25000000.000
15308,2043,-2.441406,25000000.000
15309,2043,-2.441406,25000000.000
15310,2042,-2.929688,25000000.000
15311,2040,-3.906250,25000000.000
15312,2041,-3.417969,25000000.000
15313,2040,-3.906250,25000000.000
15314,2041,-3.417969,25000000.000
15315,2041,-3.417969,25000000.000
15316,2041,-3.417969,25000000.000
15317,2042,-2.929688,25000000.000
15318,2043,-2.441406,25000000.000
15319,2041,-3.417969,25000000.000
15320,2043,-2.441406,25000000.000
15321,2045,-1.464844,25000000.000
15322,2044,-1.953125,25000000.000
15323,2045,-1.464844,25000000.000
15324,2047,-0.488281,25000000.000
15325,2049,0.488281,25000000.000
15326,2050,0.976562,25000000.000
15327,2049,0.488281,25000000.000
15328,2051,1.464844,25000000.000
15329,2052,1.953125,25000000.000
15330,2052,1.953125,25000000.000
15331,2053,2.441406,25000000.000
15332,2053,2.441406,25000000.000
15333,2054,2.929688,25000000.000
15334,2054,2.929688,25000000.000
15335,2054,2.929688,25000000.000
15336,2054,2.929688,25000000.000
15337,2054,2.929688,25000000.000
15338,2053,2.441406,25000000.000
15339,2054,2.929688,25000000.000
15340,2051,1.464844,25000000.000
15341,2050,0.976562,25000000.000
15342,2050,0.976562,25000000.000
15343,2050,0.976562,25000000.000
15344,2048,0.000000,25000000.000
15345,2046,-0.976562,25000000.000
15346,2046,-0.976562,25000000.000
15347,2046,-0.976562,25000000.000
15348,2044,-1.953125,25000000.000
15349,2042,-2.929688,25000000.000
15350,2042,-2.929688,25000000.000
15351,2042,-2.929688,25000000.000
15352,2039,-4.394531,25000000.000
15353,2042,-2.929688,25000000.000
15354,2040,-3.906250,25000000.000
15355,2040,-3.906250,25000000.000
15356,2040,-3.906250,25000000.000
15357,2040,-3.906250,25000000.000
15358,2040,-3.906250,25000000.000
15359,2042,-2.929688,25000000.000
15360,2042,-2.929688,25000000.000
15361,2042,-2.929688,25000000.000
15362,2044,-1.953125,25000000.000
15363,2043,-2.441406,25000000.000
15364,2046,-0.976562,25000000.000
15365,2046,-0.976562,25000000.000
15366,2047,-0.488281,25000000.000
15367,2047,-0.488281,25000000.000
15368,2050,0.976562,25000000.000
15369,2051,1.464844,25000000.000
15370,2050,0.976562,25000000.000
15371,2050,0.976562,25000000.000
15372,2051,1.464844,25000000.000
15373,2052,1.953125,25000000.000
15374,2052,1.953125,25000000.000
15375,2053,2.441406,25000000.000
15376,2053,2.441406,25000000.000
15377,2052,1.953125,25000000.000
15378,2053,2.441406,25000000.000
15379,2053,2.441406,25000000.000
15380,2052,1.953125,25000000.000
15381,2051,1.464844,25000000.000
15382,2051,1.464844,25000000.000
15383,2052,1.953125,25000000.000
15384,2048,0.000000,25000000.000
15385,2048,0.000000,25000000.000
15386,2047,-0.488281,25000000.000
15387,2046,-0.976562,25000000.000
15388,2045,-1.464844,25000000.000
15389,2045,-1.464844,25000000.000
15390,2043,-2.441406,25000000.000
15391,2043,-2.441406,25000000.000
15392,2042,-2.929688,25000000.000
15393,2040,-3.906250,25000000.000
15394,2041,-3.417969,25000000.000
15395,2039,-4.394531,25000000.000
15396,2040,-3.906250,25000000.000
15397,2041,-3.417969,25000000.000
15398,2040,-3.906250,25000000.000
15399,2039,-4.394531,25000000.000
15400,2042,-2.929688,25000000.000
15401,2042,-2.929688,25000000.000
15402,2042,-2.929688,25000000.000
15403,2042,-2.929688,25000000.000
15404,2044,-1.953125,25000000.000
15405,2044,-1.953125,25000000.000
15406,2046,-0.976562,25000000.000
15407,2046,-0.976562,25000000.000
15408,2048,0.000000,25000000.000
15409,2046,-0.976562,25000000.000
15410,2051,1.464844,25000000.000
15411,2048,0.000000,25000000.000
15412,2052,1.953125,25000000.000
15413,2051,1.464844,25000000.000
15414,2052,1.953125,25000000.000
15415,2052,1.953125,25000000.000
15416,2053,2.441406,25000000.000
15417,2053,2.441406,25000000.000
15418,2054,2.929688,25000000.000
15419,2053,2.441406,25000000.000
15420,2052,1.953125,25000000.000
15421,2053,2.441406,25000000.000
15422,2052,1.953125,25000000.000
15423,2052,1.953125,25000000.000
15424,2050,0.976562,25000000.000
15425,2050,0.976562,25000000.000
15426,2048,0.000000,25000000.000
15427,2049,0.488281,25000000.000
15428,2046,-0.976562,25000000.000
15429,2045,-1.464844,25000000.000
15430,2044,-1.953125,25000000.000
15431,2043,-2.441406,25000000.000
15432,2044,-1.953125,25000000.000
15433,2043,-2.441406,25000000.000
15434,2040,-3.906250,25000000.000
15435,2041,-3.417969,25000000.000
15436,2041,-3.417969,25000000.000
15437,2040,-3.906250,25000000.000
15438,2039,-4.394531,25000000.000
15439,2040,-3.906250,25000000.000
15440,2040,-3.906250,25000000.000
15441,2040,-3.906250,25000000.000
15442,2041,-3.417969,25000000.000
15443,2041,-3.417969,25000000.000
15444,2043,-2.441406,25000000.000
15445,2043,-2.441406,25000000.000
15446,2045,-1.464844,25000000.000
15447,2046,-0.976562,25000000.000
15448,2048,0.000000,25000000.000
15449,2046,-0.976562,25000000.000
15450,2049,0.488281,25000000.000
15451,2049,0.488281,25000000.000
15452,2050,0.976562,25000000.000
15453,2055,3.417969,25000000.000
15454,2051,1.464844,25000000.000
15455,2053,2.441406,25000000.000
15456,2055,3.417969,25000000.000
15457,2056,3.906250,25000000.000
15458,2054,2.929688,25000000.000
15459,2055,3.417969,25000000.000
15460,2054,2.929688,25000000.000
15461,2055,3.417969,25000000.000
15462,2054,2.929688,25000000.000
15463,2053,2.441406,25000000.000
15464,2052,1.953125,25000000.000
15465,2051,1.464844,25000000.000
15466,2049,0.488281,25000000.000
15467,2049,0.488281,25000000.000
15468,2050,0.976562,25000000.000
15469,2047,-0.488281,25000000.000
15470,2045,-1.464844,25000000.000
15471,2046,-0.976562,25000000.000
15472,2045,-1.464844,25000000.000
15473,2043,-2.441406,25000000.000
15474,2041,-3.417969,25000000.000
15475,2041,-3.417969,25000000.000
15476,2042,-2.929688,25000000.000
15477,2039,-4.394531,25000000.000
15478,2040,-3.906250,25000000.000
15479,2041,-3.417969,25000000.000
15480,2042,-2.929688,25000000.000
15481,2040,-3.906250,25000000.000
15482,2042,-2.929688,25000000.000
15483,2043,-2.441406,25000000.000
15484,2043,-2.441406,25000000.000
15485,2045,-1.464844,25000000.000
15486,2045,-1.464844,25000000.000
15487,2045,-1.464844,25000000.000
15488,2046,-0.976562,25000000.000
15489,2049,0.488281,25000000.000
15490,2048,0.000000,25000000.000
15491,2049,0.488281,25000000.000
15492,2050,0.976562,25000000.000
15493,2053,2.441406,25000000.000
15494,2053,2.441406,25000000.000
15495,2052,1.953125,25000000.000
15496,2054,2.929688,25000000.000
15497,2053,2.441406,25000000.000
15498,2054,2.929688,25000000.000
15499,2054,2.929688,25000000.000
15500,2055,3.417969,25000000.000
15501,2054,2.929688,25000000.000
15502,2053,2.441406,25000000.000
15503,2053,2.441406,25000000.000
15504,2052,1.953125,25000000.000
15505,2052,1.953125,25000000.000
15506,2051,1.464844,25000000.000
15507,2050,0.976562,25000000.000
15508,2049,0.488281,25000000.000
15509,2047,-0.488281,25000000.000
15510,2047,-0.488281,25000000.000
15511,2047,-0.488281,25000000.000
15512,2044,-1.953125,25000000.000
15513,2044,-1.953125,25000000.000
15514,2044,-1.953125,25000000.000
15515,2043,-2.441406,25000000.000
15516,2041,-3.417969,25000000.000
15517,2042,-2.929688,25000000.000
15518,2041,-3.417969,25000000.000
15519,2040,-3.906250,25000000.000
15520,2039,-4.394531,25000000.000
15521,2041,-3.417969,25000000.000
15522,2042,-2.929688,25000000.000
15523,2042,-2.929688,25000000.000
15524,2042,-2.929688,25000000.000
15525,2043,-2.441406,25000000.000
15526,2043,-2.441406,25000000.000
15527,2044,-1.953125,25000000.000
15528,2046,-0.976562,25000000.000
15529,2046,-0.976562,25000000.000
15530,2046,-0.976562,25000000.000
15531,2047,-0.488281,25000000.000
15532,2048,0.000000,25000000.000
15533,2051,1.464844,25000000.000
15534,2051,1.464844,25000000.000
15535,2050,0.976562,25000000.000
15536,2051,1.464844,25000000.000
15537,2053,2.441406,25000000.000
15538,2052,1.953125,25000000.000
15539,2051,1.464844,25000000.000
15540,2052,1.953125,25000000.000
15541,2053,2.441406,25000000.000
15542,2054,2.929688,25000000.000
15543,2053,2.441406,25000000.000
15544,2053,2.441406,25000000.000
15545,2051,1.464844,25000000.000
15546,2052,1.953125,25000000.000
15547,2052,1.953125,25000000.000
15548,2050,0.976562,25000000.000
15549,2049,0.488281,25000000.000
15550,2047,-0.488281,25000000.000
15551,2046,-0.976562,25000000.000
15552,2045,-1.464844,25000000.000
15553,2045,-1.464844,25000000.000
15554,2043,-2.441406,25000000.000
15555,2044,-1.953125,25000000.000
15556,2041,-3.417969,25000000.000
15557,2041,-3.417969,25000000.000
15558,2041,-3.417969,25000000.000
15559,2041,-3.417969,25000000.000
15560,2039,-4.394531,25000000.000
15561,2035,-6.347656,25000000.000
15562,2045,-1.464844,25000000.000
15563,2022,-12.695312,25000000.000
15564,2044,-1.953125,25000000.000
15565,2037,-5.371094,25000000.000
15566,2040,-3.906250,25000000.000
15567,2038,-4.882812,25000000.000
15568,2044,-1.953125,25000000.000
15569,2045,-1.464844,25000000.000
15570,2043,-2.441406,25000000.000
15571,2045,-1.464844,25000000.000
15572,2047,-0.488281,25000000.000
15573,2049,0.488281,25000000.000
15574,2050,0.976562,25000000.000
15575,2050,0.976562,25000000.000
15576,2052,1.953125,25000000.000
15577,2051,1.464844,25000000.000
15578,2054,2.929688,25000000.000
15579,2053,2.441406,25000000.000
15580,2053,2.441406,25000000.000
15581,2054,2.929688,25000000.000
15582,2055,3.417969,25000000.000
15583,2055,3.417969,25000000.000
15584,2053,2.441406,25000000.000
15585,2052,1.953125,25000000.000
15586,2052,1.953125,25000000.000
15587,2052,1.953125,25000000.000
15588,2051,1.464844,25000000.000
15589,2051,1.464844,25000000.000
15590,2049,0.488281,25000000.000
15591,2049,0.488281,25000000.000
15592,2046,-0.976562,25000000.000
15593,2047,-0.488281,25000000.000
15594,2046,-0.976562,25000000.000
15595,2046,-0.976562,25000000.000
15596,2041,-3.417969,25000000.000
15597,2040,-3.906250,25000000.000
15598,2042,-2.929688,25000000.000
15599,2038,-4.882812,25000000.000
15600,2038,-4.882812,25000000.000
15601,2041,-3.417969,25000000.000
15602,2039,-4.394531,25000000.000
15603,2038,-4.882812,25000000.000
15604,2040,-3.906250,25000000.000
15605,2041,-3.417969,25000000.000
15606,2042,-2.929688,25000000.000
15607,2042,-2.929688,25000000.000
15608,2041,-3.417969,25000000.000
15609,2043,-2.441406,25000000.000
15610,2045,-1.464844,25000000.000
15611,2046,-0.976562,25000000.000
15612,2047,-0.488281,25000000.000
15613,2047,-0.488281,25000000.000
15614,2049,0.488281,25000000.000
15615,2049,0.488281,25000000.000
15616,2050,0.976562,25000000.000
15617,2051,1.464844,25000000.000
15618,2052,1.953125,25000000.000
15619,2052,1.953125,25000000.000
15620,2052,1.953125,25000000.000
15621,2054,2.929688,25000000.000
15622,2054,2.929688,25000000.000
15623,2054,2.929688,25000000.000
15624,2052,1.953125,25000000.000
15625,2054,2.929688,25000000.000
15626,2053,2.441406,25000000.000
15627,2053,2.441406,25000000.000
15628,2052,1.953125,25000000.000
15629,2051,1.464844,25000000.000
15630,2049,0.488281,25000000.000
15631,2049,0.488281,25000000.000
15632,2049,0.488281,25000000.000
15633,2047,-0.488281,25000000.000
15634,2045,-1.464844,25000000.000
15635,2046,-0.976562,25000000.000
15636,2045,-1.464844,25000000.000
15637,2043,-2.441406,25000000.000
15638,2043,-2.441406,25000000.000
15639,2041,-3.417969,25000000.000
15640,2041,-3.417969,25000000.000
15641,2042,-2.929688,25000000.000
15642,2041,-3.417969,25000000.000
15643,2041,-3.417969,25000000.000
15644,2040,-3.906250,25000000.000
15645,2040,-3.906250,25000000.000
15646,2041,-3.417969,25000000.000
15647,2043,-2.441406,25000000.000
15648,2042,-2.929688,25000000.000
15649,2045,-1.464844,25000000.000
15650,2045,-1.464844,25000000.000
15651,2044,-1.953125,25000000.000
15652,2045,-1.464844,25000000.000
15653,2047,-0.488281,25000000.000
15654,2048,0.000000,25000000.000
15655,2047,-0.488281,25000000.000
15656,2050,0.976562,25000000.000
15657,2050,0.976562,25000000.000
15658,2052,1.953125,25000000.000
15659,2052,1.953125,25000000.000
15660,2054,2.929688,25000000.000
15661,2053,2.441406,25000000.000
15662,2054,2.929688,25000000.000
15663,2054,2.929688,25000000.000
15664,2054,2.929688,25000000.000
15665,2054,2.929688,25000000.000
15666,2053,2.441406,25000000.000
15667,2054,2.929688,25000000.000
15668,2053,2.441406,25000000.000
15669,2052,1.953125,25000000.000
15670,2050,0.976562,25000000.000
15671,2050,0.976562,25000000.000
15672,2051,1.464844,25000000.000
15673,2049,0.488281,25000000.000
15674,2049,0.488281,25000000.000
15675,2046,-0.976562,25000000.000
15676,2046,-0.976562,25000000.000
15677,2042,-2.929688,25000000.000
15678,2047,-0.488281,25000000.000
15679,2042,-2.929688,25000000.000
15680,2044,-1.953125,25000000.000
15681,2040,-3.906250,25000000.000
15682,2043,-2.441406,25000000.000
15683,2039,-4.394531,25000000.000
15684,2038,-4.882812,25000000.000
15685,2044,-1.953125,25000000.000
15686,2042,-2.929688,25000000.000
15687,2041,-3.417969,25000000.000
15688,2043,-2.441406,25000000.000
15689,2045,-1.464844,25000000.000
15690,2043,-2.441406,25000000.000
15691,2042,-2.929688,25000000.000
15692,2046,-0.976562,25000000.000
15693,2045,-1.464844,25000000.000
15694,2047,-0.488281,25000000.000
15695,2046,-0.976562,25000000.000
15696,2049,0.488281,25000000.000
15697,2049,0.488281,25000000.000
15698,2050,0.976562,25000000.000
15699,2049,0.488281,25000000.000
15700,2052,1.953125,25000000.000
15701,2052,1.953125,25000000.000
15702,2053,2.441406,25000000.000
15703,2053,2.441406,25000000.000
15704,2054,2.929688,25000000.000
15705,2054,2.929688,25000000.000
15706,2055,3.417969,25000000.000
15707,2054,2.929688,25000000.000
15708,2053,2.441406,25000000.000
15709,2053,2.441406,25000000.000
15710,2053,2.441406,25000000.000
15711,2054,2.929688,25000000.000
15712,2051,1.464844,25000000.000
15713,2050,0.976562,25000000.000
15714,2050,0.976562,25000000.000
15715,2049,0.488281,25000000.000
15716,2047,-0.488281,25000000.000
15717,2047,-0.488281,25000000.000
15718,2045,-1.464844,25000000.000
15719,2044,-1.953125,25000000.000
15720,2044,-1.953125,25000000.000
15721,2043,-2.441406,25000000.000
15722,2040,-3.906250,25000000.000
15723,2042,-2.929688,25000000.000
15724,2041,-3.417969,25000000.000
15725,2038,-4.882812,25000000.000
15726,2042,-2.929688,25000000.000
15727,2040,-3.906250,25000000.000
15728,2043,-2.441406,25000000.000
15729,2041,-3.417969,25000000.000
15730,2045,-1.464844,25000000.000
15731,2042,-2.929688,25000000.000
15732,2043,-2.441406,25000000.000
15733,2045,-1.464844,25000000.000
15734,2045,-1.464844,25000000.000
15735,2045,-1.464844,25000000.000
15736,2048,0.000000,25000000.000
15737,2049,0.488281,25000000.000
15738,2049,0.488281,25000000.000
15739,2049,0.488281,25000000.000
15740,2051,1.464844,25000000.000
15741,2050,0.976562,25000000.000
15742,2052,1.953125,25000000.000
15743,2052,1.953125,25000000.000
15744,2053,2.441406,25000000.000
15745,2052,1.953125,25000000.000
15746,2055,3.417969,25000000.000
15747,2054,2.929688,25000000.000
15748,2053,2.441406,25000000.000
15749,2052,1.953125,25000000.000
15750,2053,2.441406,25000000.000
15751,2052,1.953125,25000000.000
15752,2050,0.976562,25000000.000
15753,2051,1.464844,25000000.000
15754,2049,0.488281,25000000.000
15755,2048,0.000000,25000000.000
15756,2044,-1.953125,25000000.000
15757,2053,2.441406,25000000.000
15758,2045,-1.464844,25000000.000
15759,2043,-2.441406,25000000.000
15760,2042,-2.929688,25000000.000
15761,2046,-0.976562,25000000.000
15762,2042,-2.929688,25000000.000
15763,2042,-2.929688,25000000.000
15764,2042,-2.929688,25000000.000
15765,2041,-3.417969,25000000.000
15766,2040,-3.906250,25000000.000
15767,2040,-3.906250,25000000.000
15768,2041,-3.417969,25000000.000
15769,2041,-3.417969,25000000.000
15770,2041,-3.417969,25000000.000
15771,2042,-2.929688,25000000.000
15772,2042,-2.929688,25000000.000
15773,2042,-2.929688,25000000.000
15774,2044,-1.953125,25000000.000
15775,2044,-1.953125,25000000.000
15776,2046,-0.976562,25000000.000
15777,2045,-1.464844,25000000.000
15778,2048,0.000000,25000000.000
15779,2049,0.488281,25000000.000
15780,2049,0.488281,25000000.000
15781,2050,0.976562,25000000.000
15782,2050,0.976562,25000000.000
15783,2051,1.464844,25000000.000
15784,2052,1.953125,25000000.000
15785,2054,2.929688,25000000.000
15786,2054,2.929688,25000000.000
15787,2053,2.441406,25000000.000
15788,2053,2.441406,25000000.000
15789,2054,2.929688,25000000.000
15790,2053,2.441406,25000000.000
15791,2052,1.953125,25000000.000
15792,2052,1.953125,25000000.000
15793,2051,1.464844,25000000.000
15794,2050,0.976562,25000000.000
15795,2050,0.976562,25000000.000
15796,2049,0.488281,25000000.000
15797,2047,-0.488281,25000000.000
15798,2046,-0.976562,25000000.000
15799,2048,0.000000,25000000.000
15800,2043,-2.441406,25000000.000
15801,2046,-0.976562,25000000.000
15802,2037,-5.371094,25000000.000
15803,2046,-0.976562,25000000.000
15804,2043,-2.441406,25000000.000
15805,2040,-3.906250,25000000.000
15806,2040,-3.906250,25000000.000
15807,2039,-4.394531,25000000.000
15808,2041,-3.417969,25000000.000
15809,2040,-3.906250,25000000.000
15810,2040,-3.906250,25000000.000
15811,2041,-3.417969,25000000.000
15812,2042,-2.929688,25000000.000
15813,2042,-2.929688,25000000.000
15814,2043,-2.441406,25000000.000
15815,2043,-2.441406,25000000.000
15816,2044,-1.953125,25000000.000
15817,2047,-0.488281,25000000.000
15818,2046,-0.976562,25000000.000
15819,2048,0.000000,25000000.000
15820,2049,0.488281,25000000.000
15821,2052,1.953125,25000000.000
15822,2051,1.464844,25000000.000
15823,2052,1.953125,25000000.000
15824,2051,1.464844,25000000.000
15825,2053,2.441406,25000000.000
15826,2053,2.441406,25000000.000
15827,2053,2.441406,25000000.000
15828,2055,3.417969,25000000.000
15829,2053,2.441406,25000000.000
15830,2054,2.929688,25000000.000
15831,2053,2.441406,25000000.000
15832,2053,2.441406,25000000.000
15833,2053,2.441406,25000000.000
15834,2051,1.464844,25000000.000
15835,2051,1.464844,25000000.000
15836,2050,0.976562,25000000.000
15837,2050,0.976562,25000000.000
15838,2048,0.000000,25000000.000
15839,2048,0.000000,25000000.000
15840,2046,-0.976562,25000000.000
15841,2045,-1.464844,25000000.000
15842,2045,-1.464844,25000000.000
15843,2046,-0.976562,25000000.000
15844,2043,-2.441406,25000000.000
15845,2043,-2.441406,25000000.000
15846,2043,-2.441406,25000000.000
15847,2043,-2.441406,25000000.000
15848,2040,-3.906250,25000000.000
15849,2040,-3.906250,25000000.000
15850,2042,-2.929688,25000000.000
15851,2041,-3.417969,25000000.000
15852,2041,-3.417969,25000000.000
15853,2042,-2.929688,25000000.000
15854,2042,-2.929688,25000000.000
15855,2043,-2.441406,25000000.000
15856,2045,-1.464844,25000000.000
15857,2046,-0.976562,25000000.000
15858,2047,-0.488281,25000000.000
15859,2046,-0.976562,25000000.000
15860,2048,0.000000,25000000.000
15861,2050,0.976562,25000000.000
15862,2051,1.464844,25000000.000
15863,2050,0.976562,25000000.000
15864,2052,1.953125,25000000.000
15865,2054,2.929688,25000000.000
15866,2051,1.464844,25000000.000
15867,2052,1.953125,25000000.000
15868,2052,1.953125,25000000.000
15869,2055,3.417969,25000000.000
15870,2053,2.441406,25000000.000
15871,2052,1.953125,25000000.000
15872,2053,2.441406,25000000.000
15873,2053,2.441406,25000000.000
15874,2053,2.441406,25000000.000
15875,2051,1.464844,25000000.000
15876,2052,1.953125,25000000.000
15877,2049,0.488281,25000000.000
15878,2048,0.000000,25000000.000
15879,2049,0.488281,25000000.000
15880,2046,-0.976562,25000000.000
15881,2046,-0.976562,25000000.000
15882,2045,-1.464844,25000000.000
15883,2045,-1.464844,25000000.000
15884,2043,-2.441406,25000000.000
15885,2042,-2.929688,25000000.000
15886,2041,-3.417969,25000000.000
15887,2041,-3.417969,25000000.000
15888,2041,-3.417969,25000000.000
15889,2042,-2.929688,25000000.000
15890,2040,-3.906250,25000000.000
15891,2040,-3.906250,25000000.000
15892,2042,-2.929688,25000000.000
15893,2043,-2.441406,25000000.000
15894,2041,-3.417969,25000000.000
15895,2042,-2.929688,25000000.000
15896,2045,-1.464844,25000000.000
15897,2044,-1.953125,25000000.000
15898,2046,-0.976562,25000000.000
15899,2046,-0.976562,25000000.000
15900,2048,0.000000,25000000.000
15901,2049,0.488281,25000000.000
15902,2051,1.464844,25000000.000
15903,2053,2.441406,25000000.000
15904,2054,2.929688,25000000.000
15905,2046,-0.976562,25000000.000
15906,2059,5.371094,25000000.000
15907,2045,-1.464844,25000000.000
15908,2042,-2.929688,25000000.000
15909,2061,6.347656,25000000.000
15910,2057,4.394531,25000000.000
15911,2056,3.906250,25000000.000
15912,2051,1.464844,25000000.000
15913,2053,2.441406,25000000.000
15914,2055,3.417969,25000000.000
15915,2054,2.929688,25000000.000
15916,2051,1.464844,25000000.000
15917,2051,1.464844,25000000.000
15918,2052,1.953125,25000000.000
15919,2052,1.953125,25000000.000
15920,2048,0.000000,25000000.000
15921,2048,0.000000,25000000.000
15922,2046,-0.976562,25000000.000
15923,2046,-0.976562,25000000.000
15924,2045,-1.464844,25000000.000
15925,2045,-1.464844,25000000.000
15926,2042,-2.929688,25000000.000
15927,2042,-2.929688,25000000.000
15928,2042,-2.929688,25000000.000
15929,2040,-3.906250,25000000.000
15930,2041,-3.417969,25000000.000
15931,2041,-3.417969,25000000.000
15932,2040,-3.906250,25000000.000
15933,2042,-2.929688,25000000.000
15934,2040,-3.906250,25000000.000
15935,2041,-3.417969,25000000.000
15936,2043,-2.441406,25000000.000
15937,2043,-2.441406,25000000.000
15938,2044,-1.953125,25000000.000
15939,2043,-2.441406,25000000.000
15940,2045,-1.464844,25000000.000
15941,2046,-0.976562,25000000.000
15942,2048,0.000000,25000000.000
15943,2049,0.488281,25000000.000
15944,2048,0.000000,25000000.000
15945,2049,0.488281,25000000.000
15946,2055,3.417969,25000000.000
15947,2045,-1.464844,25000000.000
15948,2055,3.417969,25000000.000
15949,2052,1.953125,25000000.000
15950,2054,2.929688,25000000.000
15951,2054,2.929688,25000000.000
15952,2052,1.953125,25000000.000
15953,2054,2.929688,25000000.000
15954,2053,2.441406,25000000.000
15955,2053,2.441406,25000000.000
15956,2052,1.953125,25000000.000
15957,2052,1.953125,25000000.000
15958,2051,1.464844,25000000.000
15959,2050,0.976562,25000000.000
15960,2049,0.488281,25000000.000
15961,2048,0.000000,25000000.000
15962,2048,0.000000,25000000.000
15963,2045,-1.464844,25000000.000
15964,2046,-0.976562,25000000.000
15965,2043,-2.441406,25000000.000
15966,2042,-2.929688,25000000.000
15967,2043,-2.441406,25000000.000
15968,2042,-2.929688,25000000.000
15969,2040,-3.906250,25000000.000
15970,2040,-3.906250,25000000.000
15971,2039,-4.394531,25000000.000
15972,2041,-3.417969,25000000.000
15973,2039,-4.394531,25000000.000
15974,2040,-3.906250,25000000.000
15975,2041,-3.417969,25000000.000
15976,2043,-2.441406,25000000.000
15977,2041,-3.417969,25000000.000
15978,2043,-2.441406,25000000.000
15979,2043,-2.441406,25000000.000
15980,2044,-1.953125,25000000.000
15981,2046,-0.976562,25000000.000
15982,2047,-0.488281,25000000.000
15983,2046,-0.976562,25000000.000
15984,2047,-0.488281,25000000.000
15985,2048,0.000000,25000000.000
15986,2050,0.976562,25000000.000
15987,2050,0.976562,25000000.000
15988,2051,1.464844,25000000.000
15989,2053,2.441406,25000000.000
15990,2053,2.441406,25000000.000
15991,2054,2.929688,25000000.000
15992,2053,2.441406,25000000.000
15993,2053,2.441406,25000000.000
15994,2054,2.929688,25000000.000
15995,2052,1.953125,25000000.000
15996,2053,2.441406,25000000.000
15997,2053,2.441406,25000000.000
15998,2052,1.953125,25000000.000
15999,2051,1.464844,25000000.000
16000,2050,0.976562,25000000.000
16001,2049,0.488281,25000000.000
16002,2048,0.000000,25000000.000
16003,2047,-0.488281,25000000.000
16004,2045,-1.464844,25000000.000
16005,2045,-1.464844,25000000.000
16006,2045,-1.464844,25000000.000
16007,2044,-1.953125,25000000.000
16008,2043,-2.441406,25000000.000
16009,2042,-2.929688,25000000.000
16010,2041,-3.417969,25000000.000
16011,2041,-3.417969,25000000.000
16012,2041,-3.417969,25000000.000
16013,2041,-3.417969,25000000.000
16014,2041,-3.417969,25000000.000
16015,2041,-3.417969,25000000.000
16016,2041,-3.417969,25000000.000
16017,2041,-3.417969,25000000.000
16018,2043,-2.441406,25000000.000
16019,2042,-2.929688,25000000.000
16020,2043,-2.441406,25000000.000
16021,2044,-1.953125,25000000.000
16022,2045,-1.464844,25000000.000
16023,2046,-0.976562,25000000.000
16024,2048,0.000000,25000000.000
16025,2048,0.000000,25000000.000
16026,2050,0.976562,25000000.000
16027,2049,0.488281,25000000.000
16028,2052,1.953125,25000000.000
16029,2053,2.441406,25000000.000
16030,2052,1.953125,25000000.000
16031,2051,1.464844,25000000.000
16032,2055,3.417969,25000000.000
16033,2053,2.441406,25000000.000
16034,2053,2.441406,25000000.000
16035,2053,2.441406,25000000.000
16036,2053,2.441406,25000000.000
16037,2055,3.417969,25000000.000
16038,2053,2.441406,25000000.000
16039,2054,2.929688,25000000.000
16040,2052,1.953125,25000000.000
16041,2050,0.976562,25000000.000
16042,2051,1.464844,25000000.000
16043,2050,0.976562,25000000.000
16044,2048,0.000000,25000000.000
16045,2047,-0.488281,25000000.000
16046,2046,-0.976562,25000000.000
16047,2046,-0.976562,25000000.000
16048,2042,-2.929688,25000000.000
16049,2043,-2.441406,25000000.000
16050,2041,-3.417969,25000000.000
16051,2042,-2.929688,25000000.000
16052,2041,-3.417969,25000000.000
16053,2041,-3.417969,25000000.000
16054,2040,-3.906250,25000000.000
16055,2041,-3.417969,25000000.000
16056,2040,-3.906250,25000000.000
16057,2042,-2.929688,25000000.000
16058,2043,-2.441406,25000000.000
16059,2041,-3.417969,25000000.000
16060,2043,-2.441406,25000000.000
16061,2044,-1.953125,25000000.000
16062,2044,-1.953125,25000000.000
16063,2044,-1.953125,25000000.000
16064,2048,0.000000,25000000.000
16065,2048,0.000000,25000000.000
16066,2048,0.000000,25000000.000
16067,2049,0.488281,25000000.000
16068,2051,1.464844,25000000.000
16069,2053,2.441406,25000000.000
16070,2052,1.953125,25000000.000
16071,2053,2.441406,25000000.000
16072,2053,2.441406,25000000.000
16073,2053,2.441406,25000000.000
16074,2054,2.929688,25000000.000
16075,2055,3.417969,25000000.000
16076,2054,2.929688,25000000.000
16077,2053,2.441406,25000000.000
16078,2054,2.929688,25000000.000
16079,2056,3.906250,25000000.000
16080,2052,1.953125,25000000.000
16081,2052,1.953125,25000000.000
16082,2052,1.953125,25000000.000
16083,2052,1.953125,25000000.000
16084,2047,-0.488281,25000000.000
16085,2047,-0.488281,25000000.000
16086,2046,-0.976562,25000000.000
16087,2046,-0.976562,25000000.000
16088,2045,-1.464844,25000000.000
16089,2045,-1.464844,25000000.000
16090,2043,-2.441406,25000000.000
16091,2043,-2.441406,25000000.000
16092,2042,-2.929688,25000000.000
16093,2044,-1.953125,25000000.000
16094,2042,-2.929688,25000000.000
16095,2039,-4.394531,25000000.000
16096,2041,-3.417969,25000000.000
16097,2042,-2.929688,25000000.000
16098,2042,-2.929688,25000000.000
16099,2042,-2.929688,25000000.000
16100,2041,-3.417969,25000000.000
16101,2043,-2.441406,25000000.000
16102,2044,-1.953125,25000000.000
16103,2044,-1.953125,25000000.000
16104,2045,-1.464844,25000000.000
16105,2046,-0.976562,25000000.000
16106,2046,-0.976562,25000000.000
16107,2047,-0.488281,25000000.000
16108,2050,0.976562,25000000.000
16109,2049,0.488281,25000000.000
16110,2051,1.464844,25000000.000
16111,2052,1.953125,25000000.000
16112,2054,2.929688,25000000.000
16113,2052,1.953125,25000000.000
16114,2054,2.929688,25000000.000
16115,2054,2.929688,25000000.000
16116,2054,2.929688,25000000.000
16117,2054,2.929688,25000000.000
16118,2054,2.929688,25000000.000
16119,2054,2.929688,25000000.000
16120,2053,2.441406,25000000.000
16121,2054,2.929688,25000000.000
16122,2052,1.953125,25000000.000
16123,2053,2.441406,25000000.000
16124,2051,1.464844,25000000.000
16125,2051,1.464844,25000000.000
16126,2048,0.000000,25000000.000
16127,2049,0.488281,25000000.000
16128,2046,-0.976562,25000000.000
16129,2046,-0.976562,25000000.000
16130,2045,-1.464844,25000000.000
16131,2045,-1.464844,25000000.000
16132,2042,-2.929688,25000000.000
16133,2043,-2.441406,25000000.000
16134,2041,-3.417969,25000000.000
16135,2042,-2.929688,25000000.000
16136,2040,-3.906250,25000000.000
16137,2042,-2.929688,25000000.000
16138,2040,-3.906250,25000000.000
16139,2042,-2.929688,25000000.000
16140,2041,-3.417969,25000000.000
16141,2041,-3.417969,25000000.000
16142,2042,-2.929688,25000000.000
16143,2044,-1.953125,25000000.000
16144,2044,-1.953125,25000000.000
16145,2045,-1.464844,25000000.000
16146,2045,-1.464844,25000000.000
16147,2045,-1.464844,25000000.000
16148,2048,0.000000,25000000.000
16149,2049,0.488281,25000000.000
16150,2050,0.976562,25000000.000
16151,2050,0.976562,25000000.000
16152,2049,0.488281,25000000.000
16153,2052,1.953125,25000000.000
16154,2053,2.441406,25000000.000
16155,2054,2.929688,25000000.000
16156,2053,2.441406,25000000.000
16157,2053,2.441406,25000000.000
16158,2053,2.441406,25000000.000
16159,2053,2.441406,25000000.000
16160,2053,2.441406,25000000.000
16161,2051,1.464844,25000000.000
16162,2052,1.953125,25000000.000
16163,2050,0.976562,25000000.000
16164,2052,1.953125,25000000.000
16165,2049,0.488281,25000000.000
16166,2047,-0.488281,25000000.000
16167,2048,0.000000,25000000.000
16168,2047,-0.488281,25000000.000
16169,2045,-1.464844,25000000.000
16170,2044,-1.953125,25000000.000
16171,2045,-1.464844,25000000.000
16172,2041,-3.417969,25000000.000
16173,2041,-3.417969,25000000.000
16174,2041,-3.417969,25000000.000
16175,2042,-2.929688,25000000.000
16176,2041,-3.417969,25000000.000
16177,2040,-3.906250,25000000.000
16178,2041,-3.417969,25000000.000
16179,2041,-3.417969,25000000.000
16180,2040,-3.906250,25000000.000
16181,2041,-3.417969,25000000.000
16182,2042,-2.929688,25000000.000
16183,2041,-3.417969,25000000.000
16184,2042,-2.929688,25000000.000
16185,2044,-1.953125,25000000.000
16186,2044,-1.953125,25000000.000
16187,2045,-1.464844,25000000.000
16188,2045,-1.464844,25000000.000
16189,2047,-0.488281,25000000.000
16190,2048,0.000000,25000000.000
16191,2048,0.000000,25000000.000
16192,2051,1.464844,25000000.000
16193,2051,1.464844,25000000.000
16194,2053,2.441406,25000000.000
16195,2051,1.464844,25000000.000
16196,2054,2.929688,25000000.000
16197,2053,2.441406,25000000.000
16198,2053,2.441406,25000000.000
16199,2053,2.441406,25000000.000
16200,2054,2.929688,25000000.000
16201,2053,2.441406,25000000.000
16202,2051,1.464844,25000000.000
16203,2052,1.953125,25000000.000
16204,2050,0.976562,25000000.000
16205,2050,0.976562,25000000.000
16206,2050,0.976562,25000000.000
16207,2050,0.976562,25000000.000
16208,2048,0.000000,25000000.000
16209,2045,-1.464844,25000000.000
16210,2046,-0.976562,25000000.000
16211,2046,-0.976562,25000000.000
16212,2044,-1.953125,25000000.000
16213,2043,-2.441406,25000000.000
16214,2043,-2.441406,25000000.000
16215,2042,-2.929688,25000000.000
16216,2041,-3.417969,25000000.000
16217,2041,-3.417969,25000000.000
16218,2042,-2.929688,25000000.000
16219,2041,-3.417969,25000000.000
16220,2040,-3.906250,25000000.000
16221,2041,-3.417969,25000000.000
16222,2041,-3.417969,25000000.000
16223,2041,-3.417969,25000000.000
16224,2042,-2.929688,25000000.000
16225,2043,-2.441406,25000000.000
16226,2044,-1.953125,25000000.000
16227,2043,-2.441406,25000000.000
16228,2046,-0.976562,25000000.000
16229,2047,-0.488281,25000000.000
16230,2047,-0.488281,25000000.000
16231,2046,-0.976562,25000000.000
16232,2050,0.976562,25000000.000
16233,2051,1.464844,25000000.000
16234,2051,1.464844,25000000.000
16235,2051,1.464844,25000000.000
16236,2052,1.953125,25000000.000
16237,2053,2.441406,25000000.000
16238,2053,2.441406,25000000.000
16239,2054,2.929688,25000000.000
16240,2054,2.929688,25000000.000
16241,2053,2.441406,25000000.000
16242,2053,2.441406,25000000.000
16243,2054,2.929688,25000000.000
16244,2054,2.929688,25000000.000
16245,2051,1.464844,25000000.000
16246,2053,2.441406,25000000.000
16247,2051,1.464844,25000000.000
16248,2050,0.976562,25000000.000
16249,2049,0.488281,25000000.000
16250,2048,0.000000,25000000.000
16251,2047,-0.488281,25000000.000
16252,2044,-1.953125,25000000.000
16253,2050,0.976562,25000000.000
16254,2062,6.835938,25000000.000
16255,2036,-5.859375,25000000.000
16256,2034,-6.835938,25000000.000
16257,2039,-4.394531,25000000.000
16258,2046,-0.976562,25000000.000
16259,2041,-3.417969,25000000.000
16260,2039,-4.394531,25000000.000
16261,2039,-4.394531,25000000.000
16262,2041,-3.417969,25000000.000
16263,2040,-3.906250,25000000.000
16264,2042,-2.929688,25000000.000
16265,2041,-3.417969,25000000.000
16266,2042,-2.929688,25000000.000
16267,2042,-2.929688,25000000.000
16268,2044,-1.953125,25000000.000
16269,2045,-1.464844,25000000.000
16270,2046,-0.976562,25000000.000
16271,2046,-0.976562,25000000.000
16272,2048,0.000000,25000000.000
16273,2049,0.488281,25000000.000
16274,2050,0.976562,25000000.000
16275,2050,0.976562,25000000.000
16276,2052,1.953125,25000000.000
16277,2051,1.464844,25000000.000
16278,2053,2.441406,25000000.000
16279,2053,2.441406,25000000.000
16280,2052,1.953125,25000000.000
16281,2054,2.929688,25000000.000
16282,2054,2.929688,25000000.000
16283,2054,2.929688,25000000.000
16284,2053,2.441406,25000000.000
16285,2053,2.441406,25000000.000
16286,2053,2.441406,25000000.000
16287,2053,2.441406,25000000.000
16288,2050,0.976562,25000000.000
16289,2052,1.953125,25000000.000
16290,2049,0.488281,25000000.000
16291,2049,0.488281,25000000.000
16292,2045,-1.464844,25000000.000
16293,2044,-1.953125,25000000.000
16294,2046,-0.976562,25000000.000
16295,2045,-1.464844,25000000.000
16296,2044,-1.953125,25000000.000
16297,2043,-2.441406,25000000.000
16298,2041,-3.417969,25000000.000
16299,2042,-2.929688,25000000.000
16300,2041,-3.417969,25000000.000
16301,2043,-2.441406,25000000.000
16302,2041,-3.417969,25000000.000
16303,2041,-3.417969,25000000.000
16304,2041,-3.417969,25000000.000
16305,2042,-2.929688,25000000.000
16306,2042,-2.929688,25000000.000
16307,2044,-1.953125,25000000.000
16308,2046,-0.976562,25000000.000
16309,2044,-1.953125,25000000.000
16310,2044,-1.953125,25000000.000
16311,2047,-0.488281,25000000.000
16312,2048,0.000000,25000000.000
16313,2050,0.976562,25000000.000
16314,2050,0.976562,25000000.000
16315,2049,0.488281,25000000.000
16316,2050,0.976562,25000000.000
16317,2052,1.953125,25000000.000
16318,2054,2.929688,25000000.000
16319,2053,2.441406,25000000.000
16320,2053,2.441406,25000000.000
16321,2052,1.953125,25000000.000
16322,2051,1.464844,25000000.000
16323,2052,1.953125,25000000.000
16324,2055,3.417969,25000000.000
16325,2054,2.929688,25000000.000
16326,2053,2.441406,25000000.000
16327,2052,1.953125,25000000.000
16328,2052,1.953125,25000000.000
16329,2052,1.953125,25000000.000
16330,2049,0.488281,25000000.000
16331,2049,0.488281,25000000.000
16332,2048,0.000000,25000000.000
16333,2048,0.000000,25000000.000
16334,2046,-0.976562,25000000.000
16335,2046,-0.976562,25000000.000
16336,2042,-2.929688,25000000.000
16337,2042,-2.929688,25000000.000
16338,2042,-2.929688,25000000.000
16339,2043,-2.441406,25000000.000
16340,2041,-3.417969,25000000.000
16341,2039,-4.394531,25000000.000
16342,2039,-4.394531,25000000.000
16343,2041,-3.417969,25000000.000
16344,2041,-3.417969,25000000.000
16345,2040,-3.906250,25000000.000
16346,2041,-3.417969,25000000.000
16347,2042,-2.929688,25000000.000
16348,2042,-2.929688,25000000.000
16349,2043,-2.441406,25000000.000
16350,2045,-1.464844,25000000.000
16351,2044,-1.953125,25000000.000
16352,2045,-1.464844,25000000.000
16353,2046,-0.976562,25000000.000
16354,2048,0.000000,25000000.000
16355,2047,-0.488281,25000000.000
16356,2050,0.976562,25000000.000
16357,2051,1.464844,25000000.000
16358,2052,1.953125,25000000.000
16359,2052,1.953125,25000000.000
16360,2052,1.953125,25000000.000
16361,2054,2.929688,25000000.000
16362,2053,2.441406,25000000.000
16363,2051,1.464844,25000000.000
16364,2056,3.906250,25000000.000
16365,2054,2.929688,25000000.000
16366,2052,1.953125,25000000.000
16367,2052,1.953125,25000000.000
16368,2052,1.953125,25000000.000
16369,2051,1.464844,25000000.000
16370,2050,0.976562,25000000.000
16371,2051,1.464844,25000000.000
16372,2048,0.000000,25000000.000
16373,2048,0.000000,25000000.000
16374,2046,-0.976562,25000000.000
16375,2045,-1.464844,25000000.000
16376,2044,-1.953125,25000000.000
16377,2041,-3.417969,25000000.000
16378,2043,-2.441406,25000000.000
16379,2045,-1.464844,25000000.000
16380,2041,-3.417969,25000000.000
16381,2041,-3.417969,25000000.000
16382,2042,-2.929688,25000000.000
16383,2040,-3.906250,25000000.000
16384,2040,-3.906250,25000000.000
16385,2040,-3.906250,25000000.000
16386,2041,-3.417969,25000000.000
16387,2040,-3.906250,25000000.000
16388,2042,-2.929688,25000000.000
16389,2042,-2.929688,25000000.000
16390,2043,-2.441406,25000000.000
16391,2043,-2.441406,25000000.000
16392,2045,-1.464844,25000000.000
16393,2045,-1.464844,25000000.000
16394,2047,-0.488281,25000000.000
16395,2047,-0.488281,25000000.000
16396,2050,0.976562,25000000.000
16397,2049,0.488281,25000000.000
16398,2051,1.464844,25000000.000
16399,2050,0.976562,25000000.000
16400,2053,2.441406,25000000.000
16401,2053,2.441406,25000000.000
16402,2053,2.441406,25000000.000
16403,2053,2.441406,25000000.000
16404,2053,2.441406,25000000.000
16405,2052,1.953125,25000000.000
16406,2054,2.929688,25000000.000
16407,2054,2.929688,25000000.000
16408,2052,1.953125,25000000.000
16409,2052,1.953125,25000000.000
16410,2050,0.976562,25000000.000
16411,2052,1.953125,25000000.000
16412,2048,0.000000,25000000.000
16413,2048,0.000000,25000000.000
16414,2048,0.000000,25000000.000
16415,2047,-0.488281,25000000.000
16416,2044,-1.953125,25000000.000
16417,2045,-1.464844,25000000.000
16418,2044,-1.953125,25000000.000
16419,2044,-1.953125,25000000.000
16420,2040,-3.906250,25000000.000
16421,2043,-2.441406,25000000.000
16422,2044,-1.953125,25000000.000
16423,2039,-4.394531,25000000.000
16424,2042,-2.929688,25000000.000
16425,2041,-3.417969,25000000.000
16426,2042,-2.929688,25000000.000
16427,2041,-3.417969,25000000.000
16428,2043,-2.441406,25000000.000
16429,2041,-3.417969,25000000.000
16430,2041,-3.417969,25000000.000
16431,2042,-2.929688,25000000.000
16432,2044,-1.953125,25000000.000
16433,2046,-0.976562,25000000.000
16434,2045,-1.464844,25000000.000
16435,2044,-1.953125,25000000.000
16436,2049,0.488281,25000000.000
16437,2049,0.488281,25000000.000
16438,2050,0.976562,25000000.000
16439,2051,1.464844,25000000.000
16440,2051,1.464844,25000000.000
16441,2053,2.441406,25000000.000
16442,2055,3.417969,25000000.000
16443,2053,2.441406,25000000.000
16444,2054,2.929688,25000000.000
16445,2053,2.441406,25000000.000
16446,2054,2.929688,25000000.000
16447,2055,3.417969,25000000.000
16448,2053,2.441406,25000000.000
16449,2053,2.441406,25000000.000
16450,2052,1.953125,25000000.000
16451,2052,1.953125,25000000.000
16452,2051,1.464844,25000000.000
16453,2051,1.464844,25000000.000
16454,2049,0.488281,25000000.000
16455,2050,0.976562,25000000.000
16456,2047,-0.488281,25000000.000
16457,2047,-0.488281,25000000.000
16458,2046,-0.976562,25000000.000
16459,2046,-0.976562,25000000.000
16460,2044,-1.953125,25000000.000
16461,2043,-2.441406,25000000.000
16462,2042,-2.929688,25000000.000
16463,2042,-2.929688,25000000.000
16464,2042,-2.929688,25000000.000
16465,2042,-2.929688,25000000.000
16466,2041,-3.417969,25000000.000
16467,2040,-3.906250,25000000.000
16468,2043,-2.441406,25000000.000
16469,2043,-2.441406,25000000.000
16470,2042,-2.929688,25000000.000
16471,2042,-2.929688,25000000.000
16472,2043,-2.441406,25000000.000
16473,2044,-1.953125,25000000.000
16474,2046,-0.976562,25000000.000
16475,2047,-0.488281,25000000.000
16476,2046,-0.976562,25000000.000
16477,2049,0.488281,25000000.000
16478,2050,0.976562,25000000.000
16479,2050,0.976562,25000000.000
16480,2050,0.976562,25000000.000
16481,2051,1.464844,25000000.000
16482,2052,1.953125,25000000.000
16483,2051,1.464844,25000000.000
16484,2053,2.441406,25000000.000
16485,2054,2.929688,25000000.000
16486,2054,2.929688,25000000.000
16487,2054,2.929688,25000000.000
16488,2053,2.441406,25000000.000
16489,2055,3.417969,25000000.000
16490,2053,2.441406,25000000.000
16491,2054,2.929688,25000000.000
16492,2052,1.953125,25000000.000
16493,2051,1.464844,25000000.000
16494,2050,0.976562,25000000.000
16495,2050,0.976562,25000000.000
16496,2049,0.488281,25000000.000
16497,2047,-0.488281,25000000.000
16498,2046,-0.976562,25000000.000
16499,2046,-0.976562,25000000.000
16500,2043,-2.441406,25000000.000
16501,2046,-0.976562,25000000.000
16502,2041,-3.417969,25000000.000
16503,2041,-3.417969,25000000.000
16504,2040,-3.906250,25000000.000
16505,2041,-3.417969,25000000.000
16506,2041,-3.417969,25000000.000
16507,2039,-4.394531,25000000.000
16508,2041,-3.417969,25000000.000
16509,2040,-3.906250,25000000.000
16510,2041,-3.417969,25000000.000
16511,2041,-3.417969,25000000.000
16512,2043,-2.441406,25000000.000
16513,2043,-2.441406,25000000.000
16514,2044,-1.953125,25000000.000
16515,2043,-2.441406,25000000.000
16516,2044,-1.953125,25000000.000
16517,2047,-0.488281,25000000.000
16518,2047,-0.488281,25000000.000
16519,2049,0.488281,25000000.000
16520,2049,0.488281,25000000.000
16521,2052,1.953125,25000000.000
16522,2051,1.464844,25000000.000
16523,2052,1.953125,25000000.000
16524,2052,1.953125,25000000.000
16525,2054,2.929688,25000000.000
16526,2054,2.929688,25000000.000
16527,2053,2.441406,25000000.000
16528,2054,2.929688,25000000.000
16529,2052,1.953125,25000000.000
16530,2052,1.953125,25000000.000
16531,2053,2.441406,25000000.000
16532,2052,1.953125,25000000.000
16533,2051,1.464844,25000000.000
16534,2049,0.488281,25000000.000
16535,2049,0.488281,25000000.000
16536,2049,0.488281,25000000.000
16537,2047,-0.488281,25000000.000
16538,2046,-0.976562,25000000.000
16539,2046,-0.976562,25000000.000
16540,2046,-0.976562,25000000.000
16541,2043,-2.441406,25000000.000
16542,2044,-1.953125,25000000.000
16543,2044,-1.953125,25000000.000
16544,2043,-2.441406,25000000.000
16545,2041,-3.417969,25000000.000
16546,2041,-3.417969,25000000.000
16547,2041,-3.417969,25000000.000
16548,2040,-3.906250,25000000.000
16549,2040,-3.906250,25000000.000
16550,2041,-3.417969,25000000.000
16551,2040,-3.906250,25000000.000
16552,2041,-3.417969,25000000.000
16553,2042,-2.929688,25000000.000
16554,2043,-2.441406,25000000.000
16555,2042,-2.929688,25000000.000
16556,2045,-1.464844,25000000.000
16557,2045,-1.464844,25000000.000
16558,2048,0.000000,25000000.000
16559,2046,-0.976562,25000000.000
16560,2048,0.000000,25000000.000
16561,2051,1.464844,25000000.000
16562,2049,0.488281,25000000.000
16563,2048,0.000000,25000000.000
16564,2053,2.441406,25000000.000
16565,2052,1.953125,25000000.000
16566,2052,1.953125,25000000.000
16567,2052,1.953125,25000000.000
16568,2053,2.441406,25000000.000
16569,2054,2.929688,25000000.000
16570,2053,2.441406,25000000.000
16571,2053,2.441406,25000000.000
16572,2052,1.953125,25000000.000
16573,2052,1.953125,25000000.000
16574,2051,1.464844,25000000.000
16575,2051,1.464844,25000000.000
16576,2050,0.976562,25000000.000
16577,2048,0.000000,25000000.000
16578,2048,0.000000,25000000.000
16579,2048,0.000000,25000000.000
16580,2046,-0.976562,25000000.000
16581,2046,-0.976562,25000000.000
16582,2044,-1.953125,25000000.000
16583,2044,-1.953125,25000000.000
16584,2043,-2.441406,25000000.000
16585,2042,-2.929688,25000000.000
16586,2042,-2.929688,25000000.000
16587,2043,-2.441406,25000000.000
16588,2039,-4.394531,25000000.000
16589,2041,-3.417969,25000000.000
16590,2041,-3.417969,25000000.000
16591,2040,-3.906250,25000000.000
16592,2040,-3.906250,25000000.000
16593,2041,-3.417969,25000000.000
16594,2043,-2.441406,25000000.000
16595,2040,-3.906250,25000000.000
16596,2045,-1.464844,25000000.000
16597,2044,-1.953125,25000000.000
16598,2045,-1.464844,25000000.000
16599,2044,-1.953125,25000000.000
16600,2037,-5.371094,25000000.000
16601,2056,3.906250,25000000.000
16602,2054,2.929688,25000000.000
16603,2050,0.976562,25000000.000
16604,2048,0.000000,25000000.000
16605,2052,1.953125,25000000.000
16606,2052,1.953125,25000000.000
16607,2052,1.953125,25000000.000
16608,2053,2.441406,25000000.000
16609,2054,2.929688,25000000.000
16610,2055,3.417969,25000000.000
16611,2054,2.929688,25000000.000
16612,2052,1.953125,25000000.000
16613,2051,1.464844,25000000.000
16614,2053,2.441406,25000000.000
16615,2052,1.953125,25000000.000
16616,2049,0.488281,25000000.000
16617,2049,0.488281,25000000.000
16618,2051,1.464844,25000000.000
16619,2048,0.000000,25000000.000
16620,2047,-0.488281,25000000.000
16621,2047,-0.488281,25000000.000
16622,2047,-0.488281,25000000.000
16623,2047,-0.488281,25000000.000
16624,2043,-2.441406,25000000.000
16625,2044,-1.953125,25000000.000
16626,2043,-2.441406,25000000.000
16627,2042,-2.929688,25000000.000
16628,2042,-2.929688,25000000.000
16629,2041,-3.417969,25000000.000
16630,2042,-2.929688,25000000.000
16631,2042,-2.929688,25000000.000
16632,2041,-3.417969,25000000.000
16633,2042,-2.929688,25000000.000
16634,2042,-2.929688,25000000.000
16635,2042,-2.929688,25000000.000
16636,2044,-1.953125,25000000.000
16637,2043,-2.441406,25000000.000
16638,2047,-0.488281,25000000.000
16639,2046,-0.976562,25000000.000
16640,2048,0.000000,25000000.000
16641,2044,-1.953125,25000000.000
16642,2050,0.976562,25000000.000
16643,2050,0.976562,25000000.000
16644,2050,0.976562,25000000.000
16645,2052,1.953125,25000000.000
16646,2053,2.441406,25000000.000
16647,2052,1.953125,25000000.000
16648,2052,1.953125,25000000.000
16649,2053,2.441406,25000000.000
16650,2054,2.929688,25000000.000
16651,2054,2.929688,25000000.000
16652,2053,2.441406,25000000.000
16653,2054,2.929688,25000000.000
16654,2052,1.953125,25000000.000
16655,2053,2.441406,25000000.000
16656,2053,2.441406,25000000.000
16657,2051,1.464844,25000000.000
16658,2050,0.976562,25000000.000
16659,2050,0.976562,25000000.000
16660,2050,0.976562,25000000.000
16661,2046,-0.976562,25000000.000
16662,2045,-1.464844,25000000.000
16663,2045,-1.464844,25000000.000
16664,2047,-0.488281,25000000.000
16665,2045,-1.464844,25000000.000
16666,2042,-2.929688,25000000.000
16667,2042,-2.929688,25000000.000
16668,2043,-2.441406,25000000.000
16669,2041,-3.417969,25000000.000
16670,2042,-2.929688,25000000.000
16671,2042,-2.929688,25000000.000
16672,2041,-3.417969,25000000.000
16673,2042,-2.929688,25000000.000
16674,2043,-2.441406,25000000.000
16675,2044,-1.953125,25000000.000
16676,2047,-0.488281,25000000.000
16677,2044,-1.953125,25000000.000
16678,2042,-2.929688,25000000.000
16679,2046,-0.976562,25000000.000
16680,2047,-0.488281,25000000.000
16681,2045,-1.464844,25000000.000
16682,2047,-0.488281,25000000.000
16683,2046,-0.976562,25000000.000
16684,2049,0.488281,25000000.000
16685,2050,0.976562,25000000.000
16686,2050,0.976562,25000000.000
16687,2051,1.464844,25000000.000
16688,2051,1.464844,25000000.000
16689,2055,3.417969,25000000.000
16690,2054,2.929688,25000000.000
16691,2054,2.929688,25000000.000
16692,2055,3.417969,25000000.000
16693,2053,2.441406,25000000.000
16694,2053,2.441406,25000000.000
16695,2053,2.441406,25000000.000
16696,2054,2.929688,25000000.000
16697,2052,1.953125,25000000.000
16698,2051,1.464844,25000000.000
16699,2051,1.464844,25000000.000
16700,2050,0.976562,25000000.000
16701,2049,0.488281,25000000.000
16702,2048,0.000000,25000000.000
16703,2049,0.488281,25000000.000
16704,2046,-0.976562,25000000.000
16705,2045,-1.464844,25000000.000
16706,2043,-2.441406,25000000.000
16707,2044,-1.953125,25000000.000
16708,2043,-2.441406,25000000.000
16709,2043,-2.441406,25000000.000
16710,2041,-3.417969,25000000.000
16711,2043,-2.441406,25000000.000
16712,2040,-3.906250,25000000.000
16713,2040,-3.906250,25000000.000
16714,2042,-2.929688,25000000.000
16715,2040,-3.906250,25000000.000
16716,2042,-2.929688,25000000.000
16717,2041,-3.417969,25000000.000
16718,2041,-3.417969,25000000.000
16719,2041,-3.417969,25000000.000
16720,2044,-1.953125,25000000.000
16721,2045,-1.464844,25000000.000
16722,2044,-1.953125,25000000.000
16723,2048,0.000000,25000000.000
16724,2049,0.488281,25000000.000
16725,2049,0.488281,25000000.000
16726,2049,0.488281,25000000.000
16727,2049,0.488281,25000000.000
16728,2053,2.441406,25000000.000
16729,2052,1.953125,25000000.000
16730,2052,1.953125,25000000.000
16731,2053,2.441406,25000000.000
16732,2053,2.441406,25000000.000
16733,2054,2.929688,25000000.000
16734,2053,2.441406,25000000.000
16735,2052,1.953125,25000000.000
16736,2052,1.953125,25000000.000
16737,2051,1.464844,25000000.000
16738,2051,1.464844,25000000.000
16739,2051,1.464844,25000000.000
16740,2051,1.464844,25000000.000
16741,2048,0.000000,25000000.000
16742,2048,0.000000,25000000.000
16743,2050,0.976562,25000000.000
16744,2046,-0.976562,25000000.000
16745,2045,-1.464844,25000000.000
16746,2045,-1.464844,25000000.000
16747,2045,-1.464844,25000000.000
16748,2043,-2.441406,25000000.000
16749,2045,-1.464844,25000000.000
16750,2042,-2.929688,25000000.000
16751,2043,-2.441406,25000000.000
16752,2039,-4.394531,25000000.000
16753,2043,-2.441406,25000000.000
16754,2041,-3.417969,25000000.000
16755,2041,-3.417969,25000000.000
16756,2041,-3.417969,25000000.000
16757,2041,-3.417969,25000000.000
16758,2042,-2.929688,25000000.000
16759,2041,-3.417969,25000000.000
16760,2042,-2.929688,25000000.000
16761,2043,-2.441406,25000000.000
16762,2044,-1.953125,25000000.000
16763,2045,-1.464844,25000000.000
16764,2047,-0.488281,25000000.000
16765,2047,-0.488281,25000000.000
16766,2048,0.000000,25000000.000
16767,2048,0.000000,25000000.000
16768,2050,0.976562,25000000.000
16769,2051,1.464844,25000000.000
16770,2050,0.976562,25000000.000
16771,2052,1.953125,25000000.000
16772,2052,1.953125,25000000.000
16773,2051,1.464844,25000000.000
16774,2053,2.441406,25000000.000
16775,2054,2.929688,25000000.000
16776,2053,2.441406,25000000.000
16777,2052,1.953125,25000000.000
16778,2053,2.441406,25000000.000
16779,2052,1.953125,25000000.000
16780,2050,0.976562,25000000.000
16781,2050,0.976562,25000000.000
16782,2050,0.976562,25000000.000
16783,2049,0.488281,25000000.000
16784,2047,-0.488281,25000000.000
16785,2047,-0.488281,25000000.000
16786,2046,-0.976562,25000000.000
16787,2047,-0.488281,25000000.000
16788,2044,-1.953125,25000000.000
16789,2044,-1.953125,25000000.000
16790,2042,-2.929688,25000000.000
16791,2043,-2.441406,25000000.000
16792,2042,-2.929688,25000000.000
16793,2041,-3.417969,25000000.000
16794,2041,-3.417969,25000000.000
16795,2037,-5.371094,25000000.000
16796,2041,-3.417969,25000000.000
16797,2044,-1.953125,25000000.000
16798,2039,-4.394531,25000000.000
16799,2044,-1.953125,25000000.000
16800,2045,-1.464844,25000000.000
16801,2043,-2.441406,25000000.000
16802,2044,-1.953125,25000000.000
16803,2045,-1.464844,25000000.000
16804,2045,-1.464844,25000000.000
16805,2046,-0.976562,25000000.000
16806,2047,-0.488281,25000000.000
16807,2048,0.000000,25000000.000
16808,2049,0.488281,25000000.000
16809,2051,1.464844,25000000.000
16810,2052,1.953125,25000000.000
16811,2051,1.464844,25000000.000
16812,2053,2.441406,25000000.000
16813,2053,2.441406,25000000.000
16814,2054,2.929688,25000000.000
16815,2053,2.441406,25000000.000
16816,2053,2.441406,25000000.000
16817,2053,2.441406,25000000.000
16818,2054,2.929688,25000000.000
16819,2054,2.929688,25000000.000
16820,2053,2.441406,25000000.000
16821,2051,1.464844,25000000.000
16822,2052,1.953125,25000000.000
16823,2052,1.953125,25000000.000
16824,2050,0.976562,25000000.000
16825,2048,0.000000,25000000.000
16826,2047,-0.488281,25000000.000
16827,2048,0.000000,25000000.000
16828,2046,-0.976562,25000000.000
16829,2045,-1.464844,25000000.000
16830,2043,-2.441406,25000000.000
16831,2043,-2.441406,25000000.000
16832,2042,-2.929688,25000000.000
16833,2043,-2.441406,25000000.000
16834,2040,-3.906250,25000000.000
16835,2041,-3.417969,25000000.000
16836,2041,-3.417969,25000000.000
16837,2042,-2.929688,25000000.000
16838,2042,-2.929688,25000000.000
16839,2042,-2.929688,25000000.000
16840,2042,-2.929688,25000000.000
16841,2043,-2.441406,25000000.000
16842,2044,-1.953125,25000000.000
16843,2044,-1.953125,25000000.000
16844,2046,-0.976562,25000000.000
16845,2047,-0.488281,25000000.000
16846,2049,0.488281,25000000.000
16847,2047,-0.488281,25000000.000
16848,2048,0.000000,25000000.000
16849,2050,0.976562,25000000.000
16850,2051,1.464844,25000000.000
16851,2051,1.464844,25000000.000
16852,2052,1.953125,25000000.000
16853,2054,2.929688,25000000.000
16854,2054,2.929688,25000000.000
16855,2054,2.929688,25000000.000
16856,2053,2.441406,25000000.000
16857,2054,2.929688,25000000.000
16858,2055,3.417969,25000000.000
16859,2055,3.417969,25000000.000
16860,2052,1.953125,25000000.000
16861,2053,2.441406,25000000.000
16862,2052,1.953125,25000000.000
16863,2050,0.976562,25000000.000
16864,2050,0.976562,25000000.000
16865,2050,0.976562,25000000.000
16866,2048,0.000000,25000000.000
16867,2049,0.488281,25000000.000
16868,2045,-1.464844,25000000.000
16869,2046,-0.976562,25000000.000
16870,2044,-1.953125,25000000.000
16871,2044,-1.953125,25000000.000
16872,2043,-2.441406,25000000.000
16873,2042,-2.929688,25000000.000
16874,2043,-2.441406,25000000.000
16875,2043,-2.441406,25000000.000
16876,2038,-4.882812,25000000.000
16877,2038,-4.882812,25000000.000
16878,2045,-1.464844,25000000.000
16879,2042,-2.929688,25000000.000
16880,2040,-3.906250,25000000.000
16881,2043,-2.441406,25000000.000
16882,2044,-1.953125,25000000.000
16883,2044,-1.953125,25000000.000
16884,2044,-1.953125,25000000.000
16885,2046,-0.976562,25000000.000
16886,2045,-1.464844,25000000.000
16887,2046,-0.976562,25000000.000
16888,2048,0.000000,25000000.000
16889,2049,0.488281,25000000.000
16890,2050,0.976562,25000000.000
16891,2050,0.976562,25000000.000
16892,2051,1.464844,25000000.000
16893,2052,1.953125,25000000.000
16894,2054,2.929688,25000000.000
16895,2052,1.953125,25000000.000
16896,2053,2.441406,25000000.000
16897,2054,2.929688,25000000.000
16898,2053,2.441406,25000000.000
16899,2054,2.929688,25000000.000
16900,2053,2.441406,25000000.000
16901,2053,2.441406,25000000.000
16902,2053,2.441406,25000000.000
16903,2052,1.953125,25000000.000
16904,2051,1.464844,25000000.000
16905,2050,0.976562,25000000.000
16906,2050,0.976562,25000000.000
16907,2050,0.976562,25000000.000
16908,2049,0.488281,25000000.000
16909,2047,-0.488281,25000000.000
16910,2046,-0.976562,25000000.000
16911,2046,-0.976562,25000000.000
16912,2043,-2.441406,25000000.000
16913,2043,-2.441406,25000000.000
16914,2044,-1.953125,25000000.000
16915,2041,-3.417969,25000000.000
16916,2042,-2.929688,25000000.000
16917,2041,-3.417969,25000000.000
16918,2040,-3.906250,25000000.000
16919,2041,-3.417969,25000000.000
16920,2041,-3.417969,25000000.000
16921,2043,-2.441406,25000000.000
16922,2043,-2.441406,25000000.000
16923,2042,-2.929688,25000000.000
16924,2042,-2.929688,25000000.000
16925,2043,-2.441406,25000000.000
16926,2045,-1.464844,25000000.000
16927,2043,-2.441406,25000000.000
16928,2046,-0.976562,25000000.000
16929,2046,-0.976562,25000000.000
16930,2047,-0.488281,25000000.000
16931,2048,0.000000,25000000.000
16932,2049,0.488281,25000000.000
16933,2051,1.464844,25000000.000
16934,2051,1.464844,25000000.000
16935,2051,1.464844,25000000.000
16936,2051,1.464844,25000000.000
16937,2051,1.464844,25000000.000
16938,2050,0.976562,25000000.000
16939,2051,1.464844,25000000.000
16940,2054,2.929688,25000000.000
16941,2053,2.441406,25000000.000
16942,2053,2.441406,25000000.000
16943,2052,1.953125,25000000.000
16944,2051,1.464844,25000000.000
16945,2052,1.953125,25000000.000
16946,2054,2.929688,25000000.000
16947,2059,5.371094,25000000.000
16948,2046,-0.976562,25000000.000
16949,2049,0.488281,25000000.000
16950,2049,0.488281,25000000.000
16951,2050,0.976562,25000000.000
16952,2042,-2.929688,25000000.000
16953,2046,-0.976562,25000000.000
16954,2042,-2.929688,25000000.000
16955,2044,-1.953125,25000000.000
16956,2040,-3.906250,25000000.000
16957,2041,-3.417969,25000000.000
16958,2040,-3.906250,25000000.000
16959,2042,-2.929688,25000000.000
16960,2041,-3.417969,25000000.000
16961,2041,-3.417969,25000000.000
16962,2035,-6.347656,25000000.000
16963,2036,-5.859375,25000000.000
16964,2046,-0.976562,25000000.000
16965,2043,-2.441406,25000000.000
16966,2043,-2.441406,25000000.000
16967,2044,-1.953125,25000000.000
16968,2046,-0.976562,25000000.000
16969,2045,-1.464844,25000000.000
16970,2048,0.000000,25000000.000
16971,2048,0.000000,25000000.000
16972,2049,0.488281,25000000.000
16973,2049,0.488281,25000000.000
16974,2051,1.464844,25000000.000
16975,2051,1.464844,25000000.000
16976,2053,2.441406,25000000.000
16977,2050,0.976562,25000000.000
16978,2054,2.929688,25000000.000
16979,2052,1.953125,25000000.000
16980,2053,2.441406,25000000.000
16981,2052,1.953125,25000000.000
16982,2052,1.953125,25000000.000
16983,2054,2.929688,25000000.000
16984,2052,1.953125,25000000.000
16985,2052,1.953125,25000000.000
16986,2050,0.976562,25000000.000
16987,2054,2.929688,25000000.000
16988,2047,-0.488281,25000000.000
16989,2050,0.976562,25000000.000
16990,2048,0.000000,25000000.000
16991,2048,0.000000,25000000.000
16992,2045,-1.464844,25000000.000
16993,2043,-2.441406,25000000.000
16994,2045,-1.464844,25000000.000
16995,2044,-1.953125,25000000.000
16996,2043,-2.441406,25000000.000
16997,2042,-2.929688,25000000.000
16998,2042,-2.929688,25000000.000
16999,2041,-3.417969,25000000.000
17000,2040,-3.906250,25000000.000
17001,2042,-2.929688,25000000.000
17002,2041,-3.417969,25000000.000
17003,2041,-3.417969,25000000.000
17004,2041,-3.417969,25000000.000
17005,2041,-3.417969,25000000.000
17006,2043,-2.441406,25000000.000
17007,2044,-1.953125,25000000.000
17008,2045,-1.464844,25000000.000
17009,2045,-1.464844,25000000.000
17010,2046,-0.976562,25000000.000
17011,2047,-0.488281,25000000.000
17012,2048,0.000000,25000000.000
17013,2048,0.000000,25000000.000
17014,2051,1.464844,25000000.000
17015,2050,0.976562,25000000.000
17016,2052,1.953125,25000000.000
17017,2052,1.953125,25000000.000
17018,2054,2.929688,25000000.000
17019,2052,1.953125,25000000.000
17020,2053,2.441406,25000000.000
17021,2054,2.929688,25000000.000
17022,2054,2.929688,25000000.000
17023,2053,2.441406,25000000.000
17024,2052,1.953125,25000000.000
17025,2053,2.441406,25000000.000
17026,2052,1.953125,25000000.000
17027,2051,1.464844,25000000.000
17028,2052,1.953125,25000000.000
17029,2050,0.976562,25000000.000
17030,2049,0.488281,25000000.000
17031,2049,0.488281,25000000.000
17032,2048,0.000000,25000000.000
17033,2046,-0.976562,25000000.000
17034,2045,-1.464844,25000000.000
17035,2045,-1.464844,25000000.000
17036,2044,-1.953125,25000000.000
17037,2044,-1.953125,25000000.000
17038,2042,-2.929688,25000000.000
17039,2043,-2.441406,25000000.000
17040,2041,-3.417969,25000000.000
17041,2041,-3.417969,25000000.000
17042,2041,-3.417969,25000000.000
17043,2042,-2.929688,25000000.000
17044,2042,-2.929688,25000000.000
17045,2042,-2.929688,25000000.000
17046,2044,-1.953125,25000000.000
17047,2043,-2.441406,25000000.000
17048,2044,-1.953125,25000000.000
17049,2045,-1.464844,25000000.000
17050,2045,-1.464844,25000000.000
17051,2044,-1.953125,25000000.000
17052,2046,-0.976562,25000000.000
17053,2048,0.000000,25000000.000
17054,2049,0.488281,25000000.000
17055,2049,0.488281,25000000.000
17056,2051,1.464844,25000000.000
17057,2051,1.464844,25000000.000
17058,2052,1.953125,25000000.000
17059,2052,1.953125,25000000.000
17060,2054,2.929688,25000000.000
17061,2052,1.953125,25000000.000
17062,2052,1.953125,25000000.000
17063,2052,1.953125,25000000.000
17064,2054,2.929688,25000000.000
17065,2052,1.953125,25000000.000
17066,2053,2.441406,25000000.000
17067,2051,1.464844,25000000.000
17068,2052,1.953125,25000000.000
17069,2051,1.464844,25000000.000
17070,2049,0.488281,25000000.000
17071,2051,1.464844,25000000.000
17072,2049,0.488281,25000000.000
17073,2046,-0.976562,25000000.000
17074,2047,-0.488281,25000000.000
17075,2047,-0.488281,25000000.000
17076,2047,-0.488281,25000000.000
17077,2045,-1.464844,25000000.000
17078,2044,-1.953125,25000000.000
17079,2044,-1.953125,25000000.000
17080,2043,-2.441406,25000000.000
17081,2043,-2.441406,25000000.000
17082,2041,-3.417969,25000000.000
17083,2042,-2.929688,25000000.000
17084,2043,-2.441406,25000000.000
17085,2042,-2.929688,25000000.000
17086,2043,-2.441406,25000000.000
17087,2043,-2.441406,25000000.000
17088,2043,-2.441406,25000000.000
17089,2044,-1.953125,25000000.000
17090,2045,-1.464844,25000000.000
17091,2044,-1.953125,25000000.000
17092,2046,-0.976562,25000000.000
17093,2047,-0.488281,25000000.000
17094,2048,0.000000,25000000.000
17095,2047,-0.488281,25000000.000
17096,2051,1.464844,25000000.000
17097,2050,0.976562,25000000.000
17098,2051,1.464844,25000000.000
17099,2050,0.976562,25000000.000
17100,2052,1.953125,25000000.000
17101,2053,2.441406,25000000.000
17102,2053,2.441406,25000000.000
17103,2052,1.953125,25000000.000
17104,2053,2.441406,25000000.000
17105,2053,2.441406,25000000.000
17106,2052,1.953125,25000000.000
17107,2052,1.953125,25000000.000
17108,2052,1.953125,25000000.000
17109,2051,1.464844,25000000.000
17110,2051,1.464844,25000000.000
17111,2050,0.976562,25000000.000
17112,2049,0.488281,25000000.000
17113,2047,-0.488281,25000000.000
17114,2048,0.000000,25000000.000
17115,2047,-0.488281,25000000.000
17116,2046,-0.976562,25000000.000
17117,2045,-1.464844,25000000.000
17118,2044,-1.953125,25000000.000
17119,2044,-1.953125,25000000.000
17120,2042,-2.929688,25000000.000
17121,2042,-2.929688,25000000.000
17122,2042,-2.929688,25000000.000
17123,2042,-2.929688,25000000.000
17124,2040,-3.906250,25000000.000
17125,2042,-2.929688,25000000.000
17126,2040,-3.906250,25000000.000
17127,2040,-3.906250,25000000.000
17128,2042,-2.929688,25000000.000
17129,2041,-3.417969,25000000.000
17130,2042,-2.929688,25000000.000
17131,2043,-2.441406,25000000.000
17132,2043,-2.441406,25000000.000
17133,2046,-0.976562,25000000.000
17134,2047,-0.488281,25000000.000
17135,2046,-0.976562,25000000.000
17136,2049,0.488281,25000000.000
17137,2048,0.000000,25000000.000
17138,2049,0.488281,25000000.000
17139,2049,0.488281,25000000.000
17140,2054,2.929688,25000000.000
17141,2051,1.464844,25000000.000
17142,2054,2.929688,25000000.000
17143,2054,2.929688,25000000.000
17144,2052,1.953125,25000000.000
17145,2052,1.953125,25000000.000
17146,2055,3.417969,25000000.000
17147,2053,2.441406,25000000.000
17148,2051,1.464844,25000000.000
17149,2051,1.464844,25000000.000
17150,2051,1.464844,25000000.000
17151,2051,1.464844,25000000.000
17152,2050,0.976562,25000000.000
17153,2049,0.488281,25000000.000
17154,2048,0.000000,25000000.000
17155,2048,0.000000,25000000.000
17156,2046,-0.976562,25000000.000
17157,2045,-1.464844,25000000.000
17158,2046,-0.976562,25000000.000
17159,2044,-1.953125,25000000.000
17160,2044,-1.953125,25000000.000
17161,2041,-3.417969,25000000.000
17162,2041,-3.417969,25000000.000
17163,2042,-2.929688,25000000.000
17164,2041,-3.417969,25000000.000
17165,2042,-2.929688,25000000.000
17166,2042,-2.929688,25000000.000
17167,2041,-3.417969,25000000.000
17168,2040,-3.906250,25000000.000
17169,2040,-3.906250,25000000.000
17170,2041,-3.417969,25000000.000
17171,2042,-2.929688,25000000.000
17172,2043,-2.441406,25000000.000
17173,2044,-1.953125,25000000.000
17174,2046,-0.976562,25000000.000
17175,2046,-0.976562,25000000.000
17176,2048,0.000000,25000000.000
17177,2047,-0.488281,25000000.000
17178,2049,0.488281,25000000.000
17179,2048,0.000000,25000000.000
17180,2049,0.488281,25000000.000
17181,2050,0.976562,25000000.000
17182,2052,1.953125,25000000.000
17183,2051,1.464844,25000000.000
17184,2052,1.953125,25000000.000
17185,2053,2.441406,25000000.000
17186,2052,1.953125,25000000.000
17187,2052,1.953125,25000000.000
17188,2053,2.441406,25000000.000
17189,2053,2.441406,25000000.000
17190,2052,1.953125,25000000.000
17191,2052,1.953125,25000000.000
17192,2050,0.976562,25000000.000
17193,2050,0.976562,25000000.000
17194,2050,0.976562,25000000.000
17195,2048,0.000000,25000000.000
17196,2047,-0.488281,25000000.000
17197,2048,0.000000,25000000.000
17198,2045,-1.464844,25000000.000
17199,2045,-1.464844,25000000.000
17200,2043,-2.441406,25000000.000
17201,2044,-1.953125,25000000.000
17202,2042,-2.929688,25000000.000
17203,2042,-2.929688,25000000.000
17204,2043,-2.441406,25000000.000
17205,2040,-3.906250,25000000.000
17206,2041,-3.417969,25000000.000
17207,2043,-2.441406,25000000.000
17208,2042,-2.929688,25000000.000
17209,2041,-3.417969,25000000.000
17210,2041,-3.417969,25000000.000
17211,2043,-2.441406,25000000.000
17212,2043,-2.441406,25000000.000
17213,2043,-2.441406,25000000.000
17214,2045,-1.464844,25000000.000
17215,2044,-1.953125,25000000.000
17216,2046,-0.976562,25000000.000
17217,2048,0.000000,25000000.000
17218,2049,0.488281,25000000.000
17219,2049,0.488281,25000000.000
17220,2050,0.976562,25000000.000
17221,2051,1.464844,25000000.000
17222,2051,1.464844,25000000.000
17223,2052,1.953125,25000000.000
17224,2053,2.441406,25000000.000
17225,2053,2.441406,25000000.000
17226,2053,2.441406,25000000.000
17227,2052,1.953125,25000000.000
17228,2054,2.929688,25000000.000
17229,2053,2.441406,25000000.000
17230,2053,2.441406,25000000.000
17231,2053,2.441406,25000000.000
17232,2051,1.464844,25000000.000
17233,2052,1.953125,25000000.000
17234,2050,0.976562,25000000.000
17235,2050,0.976562,25000000.000
17236,2049,0.488281,25000000.000
17237,2047,-0.488281,25000000.000
17238,2048,0.000000,25000000.000
17239,2047,-0.488281,25000000.000
17240,2045,-1.464844,25000000.000
17241,2045,-1.464844,25000000.000
17242,2044,-1.953125,25000000.000
17243,2044,-1.953125,25000000.000
17244,2042,-2.929688,25000000.000
17245,2043,-2.441406,25000000.000
17246,2043,-2.441406,25000000.000
17247,2041,-3.417969,25000000.000
17248,2041,-3.417969,25000000.000
17249,2042,-2.929688,25000000.000
17250,2043,-2.441406,25000000.000
17251,2042,-2.929688,25000000.000
17252,2042,-2.929688,25000000.000
17253,2043,-2.441406,25000000.000
17254,2044,-1.953125,25000000.000
17255,2044,-1.953125,25000000.000
17256,2045,-1.464844,25000000.000
17257,2045,-1.464844,25000000.000
17258,2047,-0.488281,25000000.000
17259,2047,-0.488281,25000000.000
17260,2050,0.976562,25000000.000
17261,2049,0.488281,25000000.000
17262,2050,0.976562,25000000.000
17263,2050,0.976562,25000000.000
17264,2052,1.953125,25000000.000
17265,2053,2.441406,25000000.000
17266,2052,1.953125,25000000.000
17267,2053,2.441406,25000000.000
17268,2054,2.929688,25000000.000
17269,2053,2.441406,25000000.000
17270,2054,2.929688,25000000.000
17271,2053,2.441406,25000000.000
17272,2053,2.441406,25000000.000
17273,2051,1.464844,25000000.000
17274,2053,2.441406,25000000.000
17275,2052,1.953125,25000000.000
17276,2051,1.464844,25000000.000
17277,2048,0.000000,25000000.000
17278,2047,-0.488281,25000000.000
17279,2048,0.000000,25000000.000
17280,2046,-0.976562,25000000.000
17281,2046,-0.976562,25000000.000
17282,2044,-1.953125,25000000.000
17283,2044,-1.953125,25000000.000
17284,2042,-2.929688,25000000.000
17285,2043,-2.441406,25000000.000
17286,2042,-2.929688,25000000.000
17287,2042,-2.929688,25000000.000
17288,2040,-3.906250,25000000.000
17289,2042,-2.929688,25000000.000
17290,2041,-3.417969,25000000.000
17291,2041,-3.417969,25000000.000
17292,2044,-1.953125,25000000.000
17293,2028,-9.765625,25000000.000
17294,2046,-0.976562,25000000.000
17295,2037,-5.371094,25000000.000
17296,2047,-0.488281,25000000.000
17297,2045,-1.464844,25000000.000
17298,2045,-1.464844,25000000.000
17299,2046,-0.976562,25000000.000
17300,2048,0.000000,25000000.000
17301,2049,0.488281,25000000.000
17302,2050,0.976562,25000000.000
17303,2050,0.976562,25000000.000
17304,2052,1.953125,25000000.000
17305,2052,1.953125,25000000.000
17306,2052,1.953125,25000000.000
17307,2053,2.441406,25000000.000
17308,2054,2.929688,25000000.000
17309,2053,2.441406,25000000.000
17310,2054,2.929688,25000000.000
17311,2051,1.464844,25000000.000
17312,2051,1.464844,25000000.000
17313,2052,1.953125,25000000.000
17314,2051,1.464844,25000000.000
17315,2051,1.464844,25000000.000
17316,2049,0.488281,25000000.000
17317,2049,0.488281,25000000.000
17318,2050,0.976562,25000000.000
17319,2049,0.488281,25000000.000
17320,2046,-0.976562,25000000.000
17321,2046,-0.976562,25000000.000
17322,2044,-1.953125,25000000.000
17323,2044,-1.953125,25000000.000
17324,2044,-1.953125,25000000.000
17325,2042,-2.929688,25000000.000
17326,2043,-2.441406,25000000.000
17327,2041,-3.417969,25000000.000
17328,2043,-2.441406,25000000.000
17329,2041,-3.417969,25000000.000
17330,2039,-4.394531,25000000.000
17331,2042,-2.929688,25000000.000
17332,2040,-3.906250,25000000.000
17333,2041,-3.417969,25000000.000
17334,2041,-3.417969,25000000.000
17335,2041,-3.417969,25000000.000
17336,2042,-2.929688,25000000.000
17337,2043,-2.441406,25000000.000
17338,2045,-1.464844,25000000.000
17339,2045,-1.464844,25000000.000
17340,2046,-0.976562,25000000.000
17341,2046,-0.976562,25000000.000
17342,2048,0.000000,25000000.000
17343,2049,0.488281,25000000.000
17344,2050,0.976562,25000000.000
17345,2050,0.976562,25000000.000
17346,2052,1.953125,25000000.000
17347,2050,0.976562,25000000.000
17348,2052,1.953125,25000000.000
17349,2053,2.441406,25000000.000
17350,2052,1.953125,25000000.000
17351,2054,2.929688,25000000.000
17352,2053,2.441406,25000000.000
17353,2052,1.953125,25000000.000
17354,2052,1.953125,25000000.000
17355,2052,1.953125,25000000.000
17356,2050,0.976562,25000000.000
17357,2049,0.488281,25000000.000
17358,2049,0.488281,25000000.000
17359,2049,0.488281,25000000.000
17360,2047,-0.488281,25000000.000
17361,2046,-0.976562,25000000.000
17362,2044,-1.953125,25000000.000
17363,2044,-1.953125,25000000.000
17364,2044,-1.953125,25000000.000
17365,2043,-2.441406,25000000.000
17366,2042,-2.929688,25000000.000
17367,2042,-2.929688,25000000.000
17368,2039,-4.394531,25000000.000
17369,2040,-3.906250,25000000.000
17370,2043,-2.441406,25000000.000
17371,2043,-2.441406,25000000.000
17372,2042,-2.929688,25000000.000
17373,2039,-4.394531,25000000.000
17374,2040,-3.906250,25000000.000
17375,2041,-3.417969,25000000.000
17376,2044,-1.953125,25000000.000
17377,2043,-2.441406,25000000.000
17378,2044,-1.953125,25000000.000
17379,2044,-1.953125,25000000.000
17380,2045,-1.464844,25000000.000
17381,2047,-0.488281,25000000.000
17382,2048,0.000000,25000000.000
17383,2048,0.000000,25000000.000
17384,2050,0.976562,25000000.000
17385,2050,0.976562,25000000.000
17386,2049,0.488281,25000000.000
17387,2051,1.464844,25000000.000
17388,2053,2.441406,25000000.000
17389,2052,1.953125,25000000.000
17390,2052,1.953125,25000000.000
17391,2053,2.441406,25000000.000
17392,2053,2.441406,25000000.000
17393,2054,2.929688,25000000.000
17394,2052,1.953125,25000000.000
17395,2053,2.441406,25000000.000
17396,2053,2.441406,25000000.000
17397,2052,1.953125,25000000.000
17398,2050,0.976562,25000000.000
17399,2050,0.976562,25000000.000
17400,2049,0.488281,25000000.000
17401,2049,0.488281,25000000.000
17402,2047,-0.488281,25000000.000
17403,2048,0.000000,25000000.000
17404,2046,-0.976562,25000000.000
17405,2045,-1.464844,25000000.000
17406,2044,-1.953125,25000000.000
17407,2044,-1.953125,25000000.000
17408,2043,-2.441406,25000000.000
17409,2042,-2.929688,25000000.000
17410,2043,-2.441406,25000000.000
17411,2042,-2.929688,25000000.000
17412,2041,-3.417969,25000000.000
17413,2041,-3.417969,25000000.000
17414,2043,-2.441406,25000000.000
17415,2041,-3.417969,25000000.000
17416,2042,-2.929688,25000000.000
17417,2044,-1.953125,25000000.000
17418,2044,-1.953125,25000000.000
17419,2046,-0.976562,25000000.000
17420,2044,-1.953125,25000000.000
17421,2046,-0.976562,25000000.000
17422,2047,-0.488281,25000000.000
17423,2046,-0.976562,25000000.000
17424,2050,0.976562,25000000.000
17425,2050,0.976562,25000000.000
17426,2049,0.488281,25000000.000
17427,2050,0.976562,25000000.000
17428,2053,2.441406,25000000.000
17429,2052,1.953125,25000000.000
17430,2053,2.441406,25000000.000
17431,2053,2.441406,25000000.000
17432,2054,2.929688,25000000.000
17433,2055,3.417969,25000000.000
17434,2054,2.929688,25000000.000
17435,2053,2.441406,25000000.000
17436,2054,2.929688,25000000.000
17437,2052,1.953125,25000000.000
17438,2054,2.929688,25000000.000
17439,2052,1.953125,25000000.000
17440,2050,0.976562,25000000.000
17441,2048,0.000000,25000000.000
17442,2050,0.976562,25000000.000
17443,2048,0.000000,25000000.000
17444,2047,-0.488281,25000000.000
17445,2045,-1.464844,25000000.000
17446,2045,-1.464844,25000000.000
17447,2044,-1.953125,25000000.000
17448,2043,-2.441406,25000000.000
17449,2044,-1.953125,25000000.000
17450,2041,-3.417969,25000000.000
17451,2040,-3.906250,25000000.000
17452,2040,-3.906250,25000000.000
17453,2041,-3.417969,25000000.000
17454,2042,-2.929688,25000000.000
17455,2042,-2.929688,25000000.000
17456,2042,-2.929688,25000000.000
17457,2042,-2.929688,25000000.000
17458,2042,-2.929688,25000000.000
17459,2042,-2.929688,25000000.000
17460,2044,-1.953125,25000000.000
17461,2044,-1.953125,25000000.000
17462,2045,-1.464844,25000000.000
17463,2046,-0.976562,25000000.000
17464,2048,0.000000,25000000.000
17465,2049,0.488281,25000000.000
17466,2049,0.488281,25000000.000
17467,2050,0.976562,25000000.000
17468,2052,1.953125,25000000.000
17469,2052,1.953125,25000000.000
17470,2053,2.441406,25000000.000
17471,2054,2.929688,25000000.000
17472,2053,2.441406,25000000.000
17473,2053,2.441406,25000000.000
17474,2054,2.929688,25000000.000
17475,2055,3.417969,25000000.000
17476,2053,2.441406,25000000.000
17477,2053,2.441406,25000000.000
17478,2053,2.441406,25000000.000
17479,2051,1.464844,25000000.000
17480,2051,1.464844,25000000.000
17481,2051,1.464844,25000000.000
17482,2050,0.976562,25000000.000
17483,2051,1.464844,25000000.000
17484,2048,0.000000,25000000.000
17485,2049,0.488281,25000000.000
17486,2047,-0.488281,25000000.000
17487,2045,-1.464844,25000000.000
17488,2045,-1.464844,25000000.000
17489,2044,-1.953125,25000000.000
17490,2043,-2.441406,25000000.000
17491,2043,-2.441406,25000000.000
17492,2043,-2.441406,25000000.000
17493,2042,-2.929688,25000000.000
17494,2042,-2.929688,25000000.000
17495,2040,-3.906250,25000000.000
17496,2042,-2.929688,25000000.000
17497,2042,-2.929688,25000000.000
17498,2041,-3.417969,25000000.000
17499,2041,-3.417969,25000000.000
17500,2042,-2.929688,25000000.000
17501,2041,-3.417969,25000000.000
17502,2045,-1.464844,25000000.000
17503,2045,-1.464844,25000000.000
17504,2045,-1.464844,25000000.000
17505,2045,-1.464844,25000000.000
17506,2048,0.000000,25000000.000
17507,2048,0.000000,25000000.000
17508,2051,1.464844,25000000.000
17509,2050,0.976562,25000000.000
17510,2052,1.953125,25000000.000
17511,2051,1.464844,25000000.000
17512,2051,1.464844,25000000.000
17513,2053,2.441406,25000000.000
17514,2054,2.929688,25000000.000
17515,2053,2.441406,25000000.000
17516,2053,2.441406,25000000.000
17517,2054,2.929688,25000000.000
17518,2053,2.441406,25000000.000
17519,2053,2.441406,25000000.000
17520,2051,1.464844,25000000.000
17521,2051,1.464844,25000000.000
17522,2050,0.976562,25000000.000
17523,2049,0.488281,25000000.000
17524,2048,0.000000,25000000.000
17525,2047,-0.488281,25000000.000
17526,2047,-0.488281,25000000.000
17527,2045,-1.464844,25000000.000
17528,2046,-0.976562,25000000.000
17529,2043,-2.441406,25000000.000
17530,2042,-2.929688,25000000.000
17531,2043,-2.441406,25000000.000
17532,2042,-2.929688,25000000.000
17533,2041,-3.417969,25000000.000
17534,2040,-3.906250,25000000.000
17535,2039,-4.394531,25000000.000
17536,2040,-3.906250,25000000.000
17537,2039,-4.394531,25000000.000
17538,2041,-3.417969,25000000.000
17539,2042,-2.929688,25000000.000
17540,2043,-2.441406,25000000.000
17541,2042,-2.929688,25000000.000
17542,2043,-2.441406,25000000.000
17543,2044,-1.953125,25000000.000
17544,2045,-1.464844,25000000.000
17545,2046,-0.976562,25000000.000
17546,2048,0.000000,25000000.000
17547,2047,-0.488281,25000000.000
17548,2048,0.000000,25000000.000
17549,2050,0.976562,25000000.000
17550,2050,0.976562,25000000.000
17551,2051,1.464844,25000000.000
17552,2051,1.464844,25000000.000
17553,2052,1.953125,25000000.000
17554,2052,1.953125,25000000.000
17555,2053,2.441406,25000000.000
17556,2052,1.953125,25000000.000
17557,2054,2.929688,25000000.000
17558,2053,2.441406,25000000.000
17559,2053,2.441406,25000000.000
17560,2052,1.953125,25000000.000
17561,2051,1.464844,25000000.000
17562,2050,0.976562,25000000.000
17563,2049,0.488281,25000000.000
17564,2050,0.976562,25000000.000
17565,2048,0.000000,25000000.000
17566,2045,-1.464844,25000000.000
17567,2046,-0.976562,25000000.000
17568,2047,-0.488281,25000000.000
17569,2045,-1.464844,25000000.000
17570,2044,-1.953125,25000000.000
17571,2044,-1.953125,25000000.000
17572,2044,-1.953125,25000000.000
17573,2042,-2.929688,25000000.000
17574,2043,-2.441406,25000000.000
17575,2042,-2.929688,25000000.000
17576,2040,-3.906250,25000000.000
17577,2039,-4.394531,25000000.000
17578,2042,-2.929688,25000000.000
17579,2040,-3.906250,25000000.000
17580,2041,-3.417969,25000000.000
17581,2042,-2.929688,25000000.000
17582,2041,-3.417969,25000000.000
17583,2042,-2.929688,25000000.000
17584,2044,-1.953125,25000000.000
17585,2045,-1.464844,25000000.000
17586,2045,-1.464844,25000000.000
17587,2046,-0.976562,25000000.000
17588,2047,-0.488281,25000000.000
17589,2049,0.488281,25000000.000
17590,2050,0.976562,25000000.000
17591,2049,0.488281,25000000.000
17592,2052,1.953125,25000000.000
17593,2052,1.953125,25000000.000
17594,2052,1.953125,25000000.000
17595,2052,1.953125,25000000.000
17596,2052,1.953125,25000000.000
17597,2054,2.929688,25000000.000
17598,2053,2.441406,25000000.000
17599,2052,1.953125,25000000.000
17600,2052,1.953125,25000000.000
17601,2054,2.929688,25000000.000
17602,2051,1.464844,25000000.000
17603,2052,1.953125,25000000.000
17604,2049,0.488281,25000000.000
17605,2046,-0.976562,25000000.000
17606,2049,0.488281,25000000.000
17607,2053,2.441406,25000000.000
17608,2048,0.000000,25000000.000
17609,2046,-0.976562,25000000.000
17610,2045,-1.464844,25000000.000
17611,2045,-1.464844,25000000.000
17612,2043,-2.441406,25000000.000
17613,2044,-1.953125,25000000.000
17614,2043,-2.441406,25000000.000
17615,2041,-3.417969,25000000.000
17616,2043,-2.441406,25000000.000
17617,2042,-2.929688,25000000.000
17618,2041,-3.417969,25000000.000
17619,2041,-3.417969,25000000.000
17620,2041,-3.417969,25000000.000
17621,2042,-2.929688,25000000.000
17622,2043,-2.441406,25000000.000
17623,2043,-2.441406,25000000.000
17624,2042,-2.929688,25000000.000
17625,2045,-1.464844,25000000.000
17626,2045,-1.464844,25000000.000
17627,2045,-1.464844,25000000.000
17628,2048,0.000000,25000000.000
17629,2048,0.000000,25000000.000
17630,2049,0.488281,25000000.000
17631,2049,0.488281,25000000.000
17632,2050,0.976562,25000000.000
17633,2052,1.953125,25000000.000
17634,2052,1.953125,25000000.000
17635,2052,1.953125,25000000.000
17636,2053,2.441406,25000000.000
17637,2053,2.441406,25000000.000
17638,2064,7.812500,25000000.000
17639,2039,-4.394531,25000000.000
17640,2052,1.953125,25000000.000
17641,2043,-2.441406,25000000.000
17642,2052,1.953125,25000000.000
17643,2049,0.488281,25000000.000
17644,2051,1.464844,25000000.000
17645,2050,0.976562,25000000.000
17646,2051,1.464844,25000000.000
17647,2049,0.488281,25000000.000
17648,2047,-0.488281,25000000.000
17649,2047,-0.488281,25000000.000
17650,2046,-0.976562,25000000.000
17651,2046,-0.976562,25000000.000
17652,2045,-1.464844,25000000.000
17653,2045,-1.464844,25000000.000
17654,2043,-2.441406,25000000.000
17655,2043,-2.441406,25000000.000
17656,2043,-2.441406,25000000.000
17657,2041,-3.417969,25000000.000
17658,2043,-2.441406,25000000.000
17659,2041,-3.417969,25000000.000
17660,2043,-2.441406,25000000.000
17661,2041,-3.417969,25000000.000
17662,2041,-3.417969,25000000.000
17663,2042,-2.929688,25000000.000
17664,2042,-2.929688,25000000.000
17665,2043,-2.441406,25000000.000
17666,2042,-2.929688,25000000.000
17667,2044,-1.953125,25000000.000
17668,2049,0.488281,25000000.000
17669,2044,-1.953125,25000000.000
17670,2047,-0.488281,25000000.000
17671,2048,0.000000,25000000.000
17672,2052,1.953125,25000000.000
17673,2050,0.976562,25000000.000
17674,2052,1.953125,25000000.000
17675,2051,1.464844,25000000.000
17676,2051,1.464844,25000000.000
17677,2052,1.953125,25000000.000
17678,2054,2.929688,25000000.000
17679,2052,1.953125,25000000.000
17680,2051,1.464844,25000000.000
17681,2051,1.464844,25000000.000
17682,2052,1.953125,25000000.000
17683,2052,1.953125,25000000.000
17684,2053,2.441406,25000000.000
17685,2053,2.441406,25000000.000
17686,2050,0.976562,25000000.000
17687,2051,1.464844,25000000.000
17688,2050,0.976562,25000000.000
17689,2048,0.000000,25000000.000
17690,2048,0.000000,25000000.000
17691,2047,-0.488281,25000000.000
17692,2047,-0.488281,25000000.000
17693,2043,-2.441406,25000000.000
17694,2044,-1.953125,25000000.000
17695,2043,-2.441406,25000000.000
17696,2042,-2.929688,25000000.000
17697,2042,-2.929688,25000000.000
17698,2040,-3.906250,25000000.000
17699,2042,-2.929688,25000000.000
17700,2040,-3.906250,25000000.000
17701,2040,-3.906250,25000000.000
17702,2041,-3.417969,25000000.000
17703,2042,-2.929688,25000000.000
17704,2041,-3.417969,25000000.000
17705,2041,-3.417969,25000000.000
17706,2043,-2.441406,25000000.000
17707,2045,-1.464844,25000000.000
17708,2044,-1.953125,25000000.000
17709,2047,-0.488281,25000000.000
17710,2046,-0.976562,25000000.000
17711,2046,-0.976562,25000000.000
17712,2047,-0.488281,25000000.000
17713,2049,0.488281,25000000.000
17714,2051,1.464844,25000000.000
17715,2050,0.976562,25000000.000
17716,2050,0.976562,25000000.000
17717,2052,1.953125,25000000.000
17718,2052,1.953125,25000000.000
17719,2052,1.953125,25000000.000
17720,2053,2.441406,25000000.000
17721,2053,2.441406,25000000.000
17722,2053,2.441406,25000000.000
17723,2053,2.441406,25000000.000
17724,2052,1.953125,25000000.000
17725,2051,1.464844,25000000.000
17726,2050,0.976562,25000000.000
17727,2050,0.976562,25000000.000
17728,2050,0.976562,25000000.000
17729,2049,0.488281,25000000.000
17730,2048,0.000000,25000000.000
17731,2047,-0.488281,25000000.000
17732,2046,-0.976562,25000000.000
17733,2046,-0.976562,25000000.000
17734,2045,-1.464844,25000000.000
17735,2045,-1.464844,25000000.000
17736,2043,-2.441406,25000000.000
17737,2041,-3.417969,25000000.000
17738,2041,-3.417969,25000000.000
17739,2042,-2.929688,25000000.000
17740,2041,-3.417969,25000000.000
17741,2040,-3.906250,25000000.000
17742,2041,-3.417969,25000000.000
17743,2041,-3.417969,25000000.000
17744,2039,-4.394531,25000000.000
17745,2042,-2.929688,25000000.000
17746,2042,-2.929688,25000000.000
17747,2042,-2.929688,25000000.000
17748,2043,-2.441406,25000000.000
17749,2045,-1.464844,25000000.000
17750,2045,-1.464844,25000000.000
17751,2046,-0.976562,25000000.000
17752,2047,-0.488281,25000000.000
17753,2048,0.000000,25000000.000
17754,2049,0.488281,25000000.000
17755,2049,0.488281,25000000.000
17756,2051,1.464844,25000000.000
17757,2051,1.464844,25000000.000
17758,2051,1.464844,25000000.000
17759,2051,1.464844,25000000.000
17760,2052,1.953125,25000000.000
17761,2053,2.441406,25000000.000
17762,2052,1.953125,25000000.000
17763,2052,1.953125,25000000.000
17764,2053,2.441406,25000000.000
17765,2053,2.441406,25000000.000
17766,2051,1.464844,25000000.000
17767,2052,1.953125,25000000.000
17768,2051,1.464844,25000000.000
17769,2050,0.976562,25000000.000
17770,2047,-0.488281,25000000.000
17771,2049,0.488281,25000000.000
17772,2050,0.976562,25000000.000
17773,2045,-1.464844,25000000.000
17774,2048,0.000000,25000000.000
17775,2044,-1.953125,25000000.000
17776,2043,-2.441406,25000000.000
17777,2041,-3.417969,25000000.000
17778,2046,-0.976562,25000000.000
17779,2041,-3.417969,25000000.000
17780,2041,-3.417969,25000000.000
17781,2040,-3.906250,25000000.000
17782,2044,-1.953125,25000000.000
17783,2043,-2.441406,25000000.000
17784,2040,-3.906250,25000000.000
17785,2042,-2.929688,25000000.000
17786,2043,-2.441406,25000000.000
17787,2043,-2.441406,25000000.000
17788,2042,-2.929688,25000000.000
17789,2043,-2.441406,25000000.000
17790,2046,-0.976562,25000000.000
17791,2044,-1.953125,25000000.000
17792,2047,-0.488281,25000000.000
17793,2047,-0.488281,25000000.000
17794,2047,-0.488281,25000000.000
17795,2049,0.488281,25000000.000
17796,2048,0.000000,25000000.000
17797,2054,2.929688,25000000.000
17798,2054,2.929688,25000000.000
17799,2053,2.441406,25000000.000
17800,2051,1.464844,25000000.000
17801,2054,2.929688,25000000.000
17802,2053,2.441406,25000000.000
17803,2055,3.417969,25000000.000
17804,2053,2.441406,25000000.000
17805,2053,2.441406,25000000.000
17806,2052,1.953125,25000000.000
17807,2053,2.441406,25000000.000
17808,2052,1.953125,25000000.000
17809,2051,1.464844,25000000.000
17810,2050,0.976562,25000000.000
17811,2051,1.464844,25000000.000
17812,2048,0.000000,25000000.000
17813,2048,0.000000,25000000.000
17814,2048,0.000000,25000000.000
17815,2047,-0.488281,25000000.000
17816,2045,-1.464844,25000000.000
17817,2045,-1.464844,25000000.000
17818,2043,-2.441406,25000000.000
17819,2043,-2.441406,25000000.000
17820,2041,-3.417969,25000000.000
17821,2043,-2.441406,25000000.000
17822,2042,-2.929688,25000000.000
17823,2041,-3.417969,25000000.000
17824,2042,-2.929688,25000000.000
17825,2041,-3.417969,25000000.000
17826,2042,-2.929688,25000000.000
17827,2041,-3.417969,25000000.000
17828,2044,-1.953125,25000000.000
17829,2044,-1.953125,25000000.000
17830,2042,-2.929688,25000000.000
17831,2044,-1.953125,25000000.000
17832,2046,-0.976562,25000000.000
17833,2047,-0.488281,25000000.000
17834,2048,0.000000,25000000.000
17835,2049,0.488281,25000000.000
17836,2050,0.976562,25000000.000
17837,2050,0.976562,25000000.000
17838,2052,1.953125,25000000.000
17839,2051,1.464844,25000000.000
17840,2052,1.953125,25000000.000
17841,2054,2.929688,25000000.000
17842,2052,1.953125,25000000.000
17843,2053,2.441406,25000000.000
17844,2052,1.953125,25000000.000
17845,2055,3.417969,25000000.000
17846,2053,2.441406,25000000.000
17847,2053,2.441406,25000000.000
17848,2053,2.441406,25000000.000
17849,2053,2.441406,25000000.000
17850,2052,1.953125,25000000.000
17851,2051,1.464844,25000000.000
17852,2050,0.976562,25000000.000
17853,2049,0.488281,25000000.000
17854,2049,0.488281,25000000.000
17855,2051,1.464844,25000000.000
17856,2045,-1.464844,25000000.000
17857,2042,-2.929688,25000000.000
17858,2050,0.976562,25000000.000
17859,2043,-2.441406,25000000.000
17860,2044,-1.953125,25000000.000
17861,2044,-1.953125,25000000.000
17862,2042,-2.929688,25000000.000
17863,2042,-2.929688,25000000.000
17864,2042,-2.929688,25000000.000
17865,2040,-3.906250,25000000.000
17866,2041,-3.417969,25000000.000
17867,2041,-3.417969,25000000.000
17868,2045,-1.464844,25000000.000
17869,2041,-3.417969,25000000.000
17870,2042,-2.929688,25000000.000
17871,2043,-2.441406,25000000.000
17872,2047,-0.488281,25000000.000
17873,2046,-0.976562,25000000.000
17874,2046,-0.976562,25000000.000
17875,2046,-0.976562,25000000.000
17876,2047,-0.488281,25000000.000
17877,2048,0.000000,25000000.000
17878,2050,0.976562,25000000.000
17879,2049,0.488281,25000000.000
17880,2050,0.976562,25000000.000
17881,2052,1.953125,25000000.000
17882,2051,1.464844,25000000.000
17883,2052,1.953125,25000000.000
17884,2052,1.953125,25000000.000
17885,2052,1.953125,25000000.000
17886,2052,1.953125,25000000.000
17887,2052,1.953125,25000000.000
17888,2053,2.441406,25000000.000
17889,2051,1.464844,25000000.000
17890,2051,1.464844,25000000.000
17891,2050,0.976562,25000000.000
17892,2052,1.953125,25000000.000
17893,2049,0.488281,25000000.000
17894,2047,-0.488281,25000000.000
17895,2047,-0.488281,25000000.000
17896,2047,-0.488281,25000000.000
17897,2046,-0.976562,25000000.000
17898,2043,-2.441406,25000000.000
17899,2044,-1.953125,25000000.000
17900,2043,-2.441406,25000000.000
17901,2042,-2.929688,25000000.000
17902,2041,-3.417969,25000000.000
17903,2041,-3.417969,25000000.000
17904,2042,-2.929688,25000000.000
17905,2041,-3.417969,25000000.000
17906,2040,-3.906250,25000000.000
17907,2041,-3.417969,25000000.000
17908,2040,-3.906250,25000000.000
17909,2042,-2.929688,25000000.000
17910,2041,-3.417969,25000000.000
17911,2042,-2.929688,25000000.000
17912,2042,-2.929688,25000000.000
17913,2044,-1.953125,25000000.000
17914,2044,-1.953125,25000000.000
17915,2045,-1.464844,25000000.000
17916,2045,-1.464844,25000000.000
17917,2048,0.000000,25000000.000
17918,2048,0.000000,25000000.000
17919,2047,-0.488281,25000000.000
17920,2049,0.488281,25000000.000
17921,2051,1.464844,25000000.000
17922,2052,1.953125,25000000.000
17923,2050,0.976562,25000000.000
17924,2052,1.953125,25000000.000
17925,2053,2.441406,25000000.000
17926,2052,1.953125,25000000.000
17927,2053,2.441406,25000000.000
17928,2052,1.953125,25000000.000
17929,2054,2.929688,25000000.000
17930,2052,1.953125,25000000.000
17931,2052,1.953125,25000000.000
17932,2051,1.464844,25000000.000
17933,2050,0.976562,25000000.000
17934,2049,0.488281,25000000.000
17935,2049,0.488281,25000000.000
17936,2048,0.000000,25000000.000
17937,2046,-0.976562,25000000.000
17938,2047,-0.488281,25000000.000
17939,2047,-0.488281,25000000.000
17940,2045,-1.464844,25000000.000
17941,2044,-1.953125,25000000.000
17942,2044,-1.953125,25000000.000
17943,2042,-2.929688,25000000.000
17944,2041,-3.417969,25000000.000
17945,2041,-3.417969,25000000.000
17946,2041,-3.417969,25000000.000
17947,2040,-3.906250,25000000.000
17948,2041,-3.417969,25000000.000
17949,2041,-3.417969,25000000.000
17950,2041,-3.417969,25000000.000
17951,2041,-3.417969,25000000.000
17952,2042,-2.929688,25000000.000
17953,2043,-2.441406,25000000.000
17954,2044,-1.953125,25000000.000
17955,2043,-2.441406,25000000.000
17956,2046,-0.976562,25000000.000
17957,2046,-0.976562,25000000.000
17958,2047,-0.488281,25000000.000
17959,2047,-0.488281,25000000.000
17960,2049,0.488281,25000000.000
17961,2050,0.976562,25000000.000
17962,2051,1.464844,25000000.000
17963,2050,0.976562,25000000.000
17964,2052,1.953125,25000000.000
17965,2052,1.953125,25000000.000
17966,2053,2.441406,25000000.000
17967,2054,2.929688,25000000.000
17968,2053,2.441406,25000000.000
17969,2052,1.953125,25000000.000
17970,2053,2.441406,25000000.000
17971,2053,2.441406,25000000.000
17972,2052,1.953125,25000000.000
17973,2050,0.976562,25000000.000
17974,2051,1.464844,25000000.000
17975,2052,1.953125,25000000.000
17976,2048,0.000000,25000000.000
17977,2047,-0.488281,25000000.000
17978,2047,-0.488281,25000000.000
17979,2047,-0.488281,25000000.000
17980,2045,-1.464844,25000000.000
17981,2044,-1.953125,25000000.000
17982,2044,-1.953125,25000000.000
17983,2044,-1.953125,25000000.000
17984,2034,-6.835938,25000000.000
17985,2044,-1.953125,25000000.000
17986,2051,1.464844,25000000.000
17987,2038,-4.882812,25000000.000
17988,2038,-4.882812,25000000.000
17989,2040,-3.906250,25000000.000
17990,2042,-2.929688,25000000.000
17991,2040,-3.906250,25000000.000
17992,2043,-2.441406,25000000.000
17993,2042,-2.929688,25000000.000
17994,2043,-2.441406,25000000.000
17995,2043,-2.441406,25000000.000
17996,2045,-1.464844,25000000.000
17997,2046,-0.976562,25000000.000
17998,2048,0.000000,25000000.000
17999,2046,-0.976562,25000000.000
18000,2049,0.488281,25000000.000
18001,2050,0.976562,25000000.000
18002,2050,0.976562,25000000.000
18003,2051,1.464844,25000000.000
18004,2052,1.953125,25000000.000
18005,2052,1.953125,25000000.000
18006,2053,2.441406,25000000.000
18007,2052,1.953125,25000000.000
18008,2054,2.929688,25000000.000
18009,2053,2.441406,25000000.000
18010,2054,2.929688,25000000.000
18011,2052,1.953125,25000000.000
18012,2053,2.441406,25000000.000
18013,2052,1.953125,25000000.000
18014,2052,1.953125,25000000.000
18015,2051,1.464844,25000000.000
18016,2050,0.976562,25000000.000
18017,2050,0.976562,25000000.000
18018,2049,0.488281,25000000.000
18019,2048,0.000000,25000000.000
18020,2047,-0.488281,25000000.000
18021,2044,-1.953125,25000000.000
18022,2046,-0.976562,25000000.000
18023,2046,-0.976562,25000000.000
18024,2043,-2.441406,25000000.000
18025,2041,-3.417969,25000000.000
18026,2047,-0.488281,25000000.000
18027,2041,-3.417969,25000000.000
18028,2042,-2.929688,25000000.000
18029,2042,-2.929688,25000000.000
18030,2041,-3.417969,25000000.000
18031,2042,-2.929688,25000000.000
18032,2041,-3.417969,25000000.000
18033,2042,-2.929688,25000000.000
18034,2043,-2.441406,25000000.000
18035,2043,-2.441406,25000000.000
18036,2044,-1.953125,25000000.000
18037,2044,-1.953125,25000000.000
18038,2046,-0.976562,25000000.000
18039,2047,-0.488281,25000000.000
18040,2047,-0.488281,25000000.000
18041,2049,0.488281,25000000.000
18042,2049,0.488281,25000000.000
18043,2049,0.488281,25000000.000
18044,2050,0.976562,25000000.000
18045,2052,1.953125,25000000.000
18046,2052,1.953125,25000000.000
18047,2051,1.464844,25000000.000
18048,2053,2.441406,25000000.000
18049,2053,2.441406,25000000.000
18050,2054,2.929688,25000000.000
18051,2056,3.906250,25000000.000
18052,2052,1.953125,25000000.000
18053,2052,1.953125,25000000.000
18054,2053,2.441406,25000000.000
18055,2052,1.953125,25000000.000
18056,2050,0.976562,25000000.000
18057,2049,0.488281,25000000.000
18058,2049,0.488281,25000000.000
18059,2049,0.488281,25000000.000
18060,2049,0.488281,25000000.000
18061,2046,-0.976562,25000000.000
18062,2045,-1.464844,25000000.000
18063,2047,-0.488281,25000000.000
18064,2044,-1.953125,25000000.000
18065,2044,-1.953125,25000000.000
18066,2041,-3.417969,25000000.000
18067,2043,-2.441406,25000000.000
18068,2044,-1.953125,25000000.000
18069,2042,-2.929688,25000000.000
18070,2041,-3.417969,25000000.000
18071,2042,-2.929688,25000000.000
18072,2042,-2.929688,25000000.000
18073,2042,-2.929688,25000000.000
18074,2044,-1.953125,25000000.000
18075,2042,-2.929688,25000000.000
18076,2043,-2.441406,25000000.000
18077,2044,-1.953125,25000000.000
18078,2045,-1.464844,25000000.000
18079,2045,-1.464844,25000000.000
18080,2047,-0.488281,25000000.000
18081,2047,-0.488281,25000000.000
18082,2048,0.000000,25000000.000
18083,2048,0.000000,25000000.000
18084,2051,1.464844,25000000.000
18085,2052,1.953125,25000000.000
18086,2051,1.464844,25000000.000
18087,2051,1.464844,25000000.000
18088,2053,2.441406,25000000.000
18089,2053,2.441406,25000000.000
18090,2054,2.929688,25000000.000
18091,2052,1.953125,25000000.000
18092,2054,2.929688,25000000.000
18093,2052,1.953125,25000000.000
18094,2051,1.464844,25000000.000
18095,2052,1.953125,25000000.000
18096,2052,1.953125,25000000.000
18097,2050,0.976562,25000000.000
18098,2049,0.488281,25000000.000
18099,2050,0.976562,25000000.000
18100,2048,0.000000,25000000.000
18101,2047,-0.488281,25000000.000
18102,2047,-0.488281,25000000.000
18103,2046,-0.976562,25000000.000
18104,2046,-0.976562,25000000.000
18105,2043,-2.441406,25000000.000
18106,2042,-2.929688,25000000.000
18107,2042,-2.929688,25000000.000
18108,2042,-2.929688,25000000.000
18109,2040,-3.906250,25000000.000
18110,2042,-2.929688,25000000.000
18111,2041,-3.417969,25000000.000
18112,2040,-3.906250,25000000.000
18113,2041,-3.417969,25000000.000
18114,2041,-3.417969,25000000.000
18115,2040,-3.906250,25000000.000
18116,2042,-2.929688,25000000.000
18117,2043,-2.441406,25000000.000
18118,2042,-2.929688,25000000.000
18119,2043,-2.441406,25000000.000
18120,2045,-1.464844,25000000.000
18121,2046,-0.976562,25000000.000
18122,2048,0.000000,25000000.000
18123,2047,-0.488281,25000000.000
18124,2049,0.488281,25000000.000
18125,2048,0.000000,25000000.000
18126,2050,0.976562,25000000.000
18127,2050,0.976562,25000000.000
18128,2053,2.441406,25000000.000
18129,2053,2.441406,25000000.000
18130,2051,1.464844,25000000.000
18131,2053,2.441406,25000000.000
18132,2053,2.441406,25000000.000
18133,2053,2.441406,25000000.000
18134,2053,2.441406,25000000.000
18135,2054,2.929688,25000000.000
18136,2052,1.953125,25000000.000
18137,2051,1.464844,25000000.000
18138,2051,1.464844,25000000.000
18139,2051,1.464844,25000000.000
18140,2049,0.488281,25000000.000
18141,2047,-0.488281,25000000.000
18142,2048,0.000000,25000000.000
18143,2047,-0.488281,25000000.000
18144,2045,-1.464844,25000000.000
18145,2043,-2.441406,25000000.000
18146,2043,-2.441406,25000000.000
18147,2044,-1.953125,25000000.000
18148,2042,-2.929688,25000000.000
18149,2042,-2.929688,25000000.000
18150,2041,-3.417969,25000000.000
18151,2041,-3.417969,25000000.000
18152,2040,-3.906250,25000000.000
18153,2040,-3.906250,25000000.000
18154,2041,-3.417969,25000000.000
18155,2041,-3.417969,25000000.000
18156,2042,-2.929688,25000000.000
18157,2041,-3.417969,25000000.000
18158,2043,-2.441406,25000000.000
18159,2041,-3.417969,25000000.000
18160,2045,-1.464844,25000000.000
18161,2045,-1.464844,25000000.000
18162,2046,-0.976562,25000000.000
18163,2047,-0.488281,25000000.000
18164,2047,-0.488281,25000000.000
18165,2048,0.000000,25000000.000
18166,2049,0.488281,25000000.000
18167,2050,0.976562,25000000.000
18168,2052,1.953125,25000000.000
18169,2051,1.464844,25000000.000
18170,2052,1.953125,25000000.000
18171,2052,1.953125,25000000.000
18172,2054,2.929688,25000000.000
18173,2053,2.441406,25000000.000
18174,2051,1.464844,25000000.000
18175,2053,2.441406,25000000.000
18176,2052,1.953125,25000000.000
18177,2052,1.953125,25000000.000
18178,2050,0.976562,25000000.000
18179,2051,1.464844,25000000.000
18180,2051,1.464844,25000000.000
18181,2050,0.976562,25000000.000
18182,2048,0.000000,25000000.000
18183,2048,0.000000,25000000.000
18184,2048,0.000000,25000000.000
18185,2045,-1.464844,25000000.000
18186,2046,-0.976562,25000000.000
18187,2046,-0.976562,25000000.000
18188,2043,-2.441406,25000000.000
18189,2044,-1.953125,25000000.000
18190,2043,-2.441406,25000000.000
18191,2042,-2.929688,25000000.000
18192,2043,-2.441406,25000000.000
18193,2042,-2.929688,25000000.000
18194,2042,-2.929688,25000000.000
18195,2042,-2.929688,25000000.000
18196,2041,-3.417969,25000000.000
18197,2042,-2.929688,25000000.000
18198,2044,-1.953125,25000000.000
18199,2042,-2.929688,25000000.000
18200,2044,-1.953125,25000000.000
18201,2043,-2.441406,25000000.000
18202,2045,-1.464844,25000000.000
18203,2046,-0.976562,25000000.000
18204,2047,-0.488281,25000000.000
18205,2047,-0.488281,25000000.000
18206,2050,0.976562,25000000.000
18207,2050,0.976562,25000000.000
18208,2051,1.464844,25000000.000
18209,2051,1.464844,25000000.000
18210,2053,2.441406,25000000.000
18211,2051,1.464844,25000000.000
18212,2052,1.953125,25000000.000
18213,2054,2.929688,25000000.000
18214,2053,2.441406,25000000.000
18215,2053,2.441406,25000000.000
18216,2052,1.953125,25000000.000
18217,2053,2.441406,25000000.000
18218,2053,2.441406,25000000.000
18219,2053,2.441406,25000000.000
18220,2052,1.953125,25000000.000
18221,2052,1.953125,25000000.000
18222,2050,0.976562,25000000.000
18223,2049,0.488281,25000000.000
18224,2048,0.000000,25000000.000
18225,2048,0.000000,25000000.000
18226,2046,-0.976562,25000000.000
18227,2045,-1.464844,25000000.000
18228,2045,-1.464844,25000000.000
18229,2044,-1.953125,25000000.000
18230,2042,-2.929688,25000000.000
18231,2042,-2.929688,25000000.000
18232,2042,-2.929688,25000000.000
18233,2041,-3.417969,25000000.000
18234,2042,-2.929688,25000000.000
18235,2041,-3.417969,25000000.000
18236,2041,-3.417969,25000000.000
18237,2039,-4.394531,25000000.000
18238,2042,-2.929688,25000000.000
18239,2042,-2.929688,25000000.000
18240,2043,-2.441406,25000000.000
18241,2042,-2.929688,25000000.000
18242,2043,-2.441406,25000000.000
18243,2046,-0.976562,25000000.000
18244,2045,-1.464844,25000000.000
18245,2047,-0.488281,25000000.000
18246,2046,-0.976562,25000000.000
18247,2052,1.953125,25000000.000
18248,2055,3.417969,25000000.000
18249,2048,0.000000,25000000.000
18250,2052,1.953125,25000000.000
18251,2055,3.417969,25000000.000
18252,2053,2.441406,25000000.000
18253,2053,2.441406,25000000.000
18254,2056,3.906250,25000000.000
18255,2053,2.441406,25000000.000
18256,2055,3.417969,25000000.000
18257,2053,2.441406,25000000.000
18258,2054,2.929688,25000000.000
18259,2053,2.441406,25000000.000
18260,2053,2.441406,25000000.000
18261,2053,2.441406,25000000.000
18262,2051,1.464844,25000000.000
18263,2051,1.464844,25000000.000
18264,2049,0.488281,25000000.000
18265,2048,0.000000,25000000.000
18266,2048,0.000000,25000000.000
18267,2048,0.000000,25000000.000
18268,2045,-1.464844,25000000.000
18269,2044,-1.953125,25000000.000
18270,2043,-2.441406,25000000.000
18271,2043,-2.441406,25000000.000
18272,2042,-2.929688,25000000.000
18273,2041,-3.417969,25000000.000
18274,2042,-2.929688,25000000.000
18275,2042,-2.929688,25000000.000
18276,2040,-3.906250,25000000.000
18277,2041,-3.417969,25000000.000
18278,2042,-2.929688,25000000.000
18279,2041,-3.417969,25000000.000
18280,2041,-3.417969,25000000.000
18281,2044,-1.953125,25000000.000
18282,2042,-2.929688,25000000.000
18283,2044,-1.953125,25000000.000
18284,2044,-1.953125,25000000.000
18285,2046,-0.976562,25000000.000
18286,2048,0.000000,25000000.000
18287,2047,-0.488281,25000000.000
18288,2049,0.488281,25000000.000
18289,2049,0.488281,25000000.000
18290,2050,0.976562,25000000.000
18291,2049,0.488281,25000000.000
18292,2052,1.953125,25000000.000
18293,2053,2.441406,25000000.000
18294,2052,1.953125,25000000.000
18295,2051,1.464844,25000000.000
18296,2053,2.441406,25000000.000
18297,2053,2.441406,25000000.000
18298,2052,1.953125,25000000.000
18299,2051,1.464844,25000000.000
18300,2052,1.953125,25000000.000
18301,2052,1.953125,25000000.000
18302,2051,1.464844,25000000.000
18303,2053,2.441406,25000000.000
18304,2049,0.488281,25000000.000
18305,2049,0.488281,25000000.000
18306,2048,0.000000,25000000.000
18307,2048,0.000000,25000000.000
18308,2046,-0.976562,25000000.000
18309,2044,-1.953125,25000000.000
18310,2044,-1.953125,25000000.000
18311,2043,-2.441406,25000000.000
18312,2042,-2.929688,25000000.000
18313,2042,-2.929688,25000000.000
18314,2041,-3.417969,25000000.000
18315,2042,-2.929688,25000000.000
18316,2039,-4.394531,25000000.000
18317,2041,-3.417969,25000000.000
18318,2040,-3.906250,25000000.000
18319,2040,-3.906250,25000000.000
18320,2042,-2.929688,25000000.000
18321,2041,-3.417969,25000000.000
18322,2042,-2.929688,25000000.000
18323,2041,-3.417969,25000000.000
18324,2045,-1.464844,25000000.000
18325,2042,-2.929688,25000000.000
18326,2049,0.488281,25000000.000
18327,2046,-0.976562,25000000.000
18328,2045,-1.464844,25000000.000
18329,2049,0.488281,25000000.000
18330,2055,3.417969,25000000.000
18331,2040,-3.906250,25000000.000
18332,2053,2.441406,25000000.000
18333,2045,-1.464844,25000000.000
18334,2050,0.976562,25000000.000
18335,2052,1.953125,25000000.000
18336,2053,2.441406,25000000.000
18337,2052,1.953125,25000000.000
18338,2053,2.441406,25000000.000
18339,2052,1.953125,25000000.000
18340,2053,2.441406,25000000.000
18341,2052,1.953125,25000000.000
18342,2052,1.953125,25000000.000
18343,2051,1.464844,25000000.000
18344,2051,1.464844,25000000.000
18345,2050,0.976562,25000000.000
18346,2048,0.000000,25000000.000
18347,2048,0.000000,25000000.000
18348,2047,-0.488281,25000000.000
18349,2047,-0.488281,25000000.000
18350,2045,-1.464844,25000000.000
18351,2045,-1.464844,25000000.000
18352,2045,-1.464844,25000000.000
18353,2043,-2.441406,25000000.000
18354,2043,-2.441406,25000000.000
18355,2043,-2.441406,25000000.000
18356,2041,-3.417969,25000000.000
18357,2040,-3.906250,25000000.000
18358,2041,-3.417969,25000000.000
18359,2039,-4.394531,25000000.000
18360,2041,-3.417969,25000000.000
18361,2041,-3.417969,25000000.000
18362,2041,-3.417969,25000000.000
18363,2041,-3.417969,25000000.000
18364,2043,-2.441406,25000000.000
18365,2044,-1.953125,25000000.000
18366,2044,-1.953125,25000000.000
18367,2045,-1.464844,25000000.000
18368,2046,-0.976562,25000000.000
18369,2046,-0.976562,25000000.000
18370,2047,-0.488281,25000000.000
18371,2050,0.976562,25000000.000
18372,2049,0.488281,25000000.000
18373,2055,3.417969,25000000.000
18374,2050,0.976562,25000000.000
18375,2051,1.464844,25000000.000
18376,2050,0.976562,25000000.000
18377,2052,1.953125,25000000.000
18378,2054,2.929688,25000000.000
18379,2054,2.929688,25000000.000
18380,2053,2.441406,25000000.000
18381,2053,2.441406,25000000.000
18382,2052,1.953125,25000000.000
18383,2053,2.441406,25000000.000
18384,2051,1.464844,25000000.000
18385,2050,0.976562,25000000.000
18386,2050,0.976562,25000000.000
18387,2048,0.000000,25000000.000
18388,2049,0.488281,25000000.000
18389,2047,-0.488281,25000000.000
18390,2046,-0.976562,25000000.000
18391,2046,-0.976562,25000000.000
18392,2045,-1.464844,25000000.000
18393,2044,-1.953125,25000000.000
18394,2043,-2.441406,25000000.000
18395,2042,-2.929688,25000000.000
18396,2042,-2.929688,25000000.000
18397,2041,-3.417969,25000000.000
18398,2041,-3.417969,25000000.000
18399,2041,-3.417969,25000000.000
18400,2043,-2.441406,25000000.000
18401,2040,-3.906250,25000000.000
18402,2042,-2.929688,25000000.000
18403,2043,-2.441406,25000000.000
18404,2042,-2.929688,25000000.000
18405,2042,-2.929688,25000000.000
18406,2046,-0.976562,25000000.000
18407,2045,-1.464844,25000000.000
18408,2045,-1.464844,25000000.000
18409,2047,-0.488281,25000000.000
18410,2047,-0.488281,25000000.000
18411,2047,-0.488281,25000000.000
18412,2049,0.488281,25000000.000
18413,2050,0.976562,25000000.000
18414,2051,1.464844,25000000.000
18415,2050,0.976562,25000000.000
18416,2053,2.441406,25000000.000
18417,2055,3.417969,25000000.000
18418,2053,2.441406,25000000.000
18419,2056,3.906250,25000000.000
18420,2052,1.953125,25000000.000
18421,2055,3.417969,25000000.000
18422,2053,2.441406,25000000.000
18423,2054,2.929688,25000000.000
18424,2051,1.464844,25000000.000
18425,2051,1.464844,25000000.000
18426,2051,1.464844,25000000.000
18427,2051,1.464844,25000000.000
18428,2051,1.464844,25000000.000
18429,2050,0.976562,25000000.000
18430,2047,-0.488281,25000000.000
18431,2047,-0.488281,25000000.000
18432,2046,-0.976562,25000000.000
18433,2045,-1.464844,25000000.000
18434,2044,-1.953125,25000000.000
18435,2044,-1.953125,25000000.000
18436,2044,-1.953125,25000000.000
18437,2042,-2.929688,25000000.000
18438,2042,-2.929688,25000000.000
18439,2042,-2.929688,25000000.000
18440,2042,-2.929688,25000000.000
18441,2040,-3.906250,25000000.000
18442,2041,-3.417969,25000000.000
18443,2040,-3.906250,25000000.000
18444,2041,-3.417969,25000000.000
18445,2043,-2.441406,25000000.000
18446,2042,-2.929688,25000000.000
18447,2042,-2.929688,25000000.000
18448,2044,-1.953125,25000000.000
18449,2046,-0.976562,25000000.000
18450,2047,-0.488281,25000000.000
18451,2046,-0.976562,25000000.000
18452,2048,0.000000,25000000.000
18453,2048,0.000000,25000000.000
18454,2051,1.464844,25000000.000
18455,2050,0.976562,25000000.000
18456,2052,1.953125,25000000.000
18457,2052,1.953125,25000000.000
18458,2053,2.441406,25000000.000
18459,2052,1.953125,25000000.000
18460,2053,2.441406,25000000.000
18461,2055,3.417969,25000000.000
18462,2053,2.441406,25000000.000
18463,2053,2.441406,25000000.000
18464,2052,1.953125,25000000.000
18465,2053,2.441406,25000000.000
18466,2052,1.953125,25000000.000
18467,2052,1.953125,25000000.000
18468,2051,1.464844,25000000.000
18469,2048,0.000000,25000000.000
18470,2049,0.488281,25000000.000
18471,2049,0.488281,25000000.000
18472,2047,-0.488281,25000000.000
18473,2046,-0.976562,25000000.000
18474,2046,-0.976562,25000000.000
18475,2045,-1.464844,25000000.000
18476,2044,-1.953125,25000000.000
18477,2043,-2.441406,25000000.000
18478,2042,-2.929688,25000000.000
18479,2043,-2.441406,25000000.000
18480,2042,-2.929688,25000000.000
18481,2042,-2.929688,25000000.000
18482,2041,-3.417969,25000000.000
18483,2041,-3.417969,25000000.000
18484,2043,-2.441406,25000000.000
18485,2043,-2.441406,25000000.000
18486,2044,-1.953125,25000000.000
18487,2043,-2.441406,25000000.000
18488,2044,-1.953125,25000000.000
18489,2044,-1.953125,25000000.000
18490,2044,-1.953125,25000000.000
18491,2045,-1.464844,25000000.000
18492,2047,-0.488281,25000000.000
18493,2048,0.000000,25000000.000
18494,2047,-0.488281,25000000.000
18495,2048,0.000000,25000000.000
18496,2050,0.976562,25000000.000
18497,2051,1.464844,25000000.000
18498,2051,1.464844,25000000.000
18499,2051,1.464844,25000000.000
18500,2054,2.929688,25000000.000
18501,2052,1.953125,25000000.000
18502,2052,1.953125,25000000.000
18503,2053,2.441406,25000000.000
18504,2053,2.441406,25000000.000
18505,2052,1.953125,25000000.000
18506,2052,1.953125,25000000.000
18507,2052,1.953125,25000000.000
18508,2050,0.976562,25000000.000
18509,2050,0.976562,25000000.000
18510,2050,0.976562,25000000.000
18511,2048,0.000000,25000000.000
18512,2047,-0.488281,25000000.000
18513,2047,-0.488281,25000000.000
18514,2046,-0.976562,25000000.000
18515,2045,-1.464844,25000000.000
18516,2043,-2.441406,25000000.000
18517,2042,-2.929688,25000000.000
18518,2041,-3.417969,25000000.000
18519,2042,-2.929688,25000000.000
18520,2041,-3.417969,25000000.000
18521,2041,-3.417969,25000000.000
18522,2041,-3.417969,25000000.000
18523,2040,-3.906250,25000000.000
18524,2041,-3.417969,25000000.000
18525,2041,-3.417969,25000000.000
18526,2041,-3.417969,25000000.000
18527,2040,-3.906250,25000000.000
18528,2044,-1.953125,25000000.000
18529,2043,-2.441406,25000000.000
18530,2044,-1.953125,25000000.000
18531,2043,-2.441406,25000000.000
18532,2044,-1.953125,25000000.000
18533,2047,-0.488281,25000000.000
18534,2047,-0.488281,25000000.000
18535,2048,0.000000,25000000.000
18536,2050,0.976562,25000000.000
18537,2049,0.488281,25000000.000
18538,2052,1.953125,25000000.000
18539,2052,1.953125,25000000.000
18540,2052,1.953125,25000000.000
18541,2052,1.953125,25000000.000
18542,2054,2.929688,25000000.000
18543,2052,1.953125,25000000.000
18544,2052,1.953125,25000000.000
18545,2052,1.953125,25000000.000
18546,2052,1.953125,25000000.000
18547,2053,2.441406,25000000.000
18548,2050,0.976562,25000000.000
18549,2053,2.441406,25000000.000
18550,2050,0.976562,25000000.000
18551,2050,0.976562,25000000.000
18552,2047,-0.488281,25000000.000
18553,2047,-0.488281,25000000.000
18554,2047,-0.488281,25000000.000
18555,2047,-0.488281,25000000.000
18556,2045,-1.464844,25000000.000
18557,2045,-1.464844,25000000.000
18558,2042,-2.929688,25000000.000
18559,2042,-2.929688,25000000.000
18560,2044,-1.953125,25000000.000
18561,2041,-3.417969,25000000.000
18562,2041,-3.417969,25000000.000
18563,2042,-2.929688,25000000.000
18564,2041,-3.417969,25000000.000
18565,2041,-3.417969,25000000.000
18566,2041,-3.417969,25000000.000
18567,2042,-2.929688,25000000.000
18568,2043,-2.441406,25000000.000
18569,2042,-2.929688,25000000.000
18570,2043,-2.441406,25000000.000
18571,2044,-1.953125,25000000.000
18572,2045,-1.464844,25000000.000
18573,2045,-1.464844,25000000.000
18574,2047,-0.488281,25000000.000
18575,2046,-0.976562,25000000.000
18576,2048,0.000000,25000000.000
18577,2050,0.976562,25000000.000
18578,2049,0.488281,25000000.000
18579,2049,0.488281,25000000.000
18580,2051,1.464844,25000000.000
18581,2052,1.953125,25000000.000
18582,2051,1.464844,25000000.000
18583,2053,2.441406,25000000.000
18584,2053,2.441406,25000000.000
18585,2053,2.441406,25000000.000
18586,2053,2.441406,25000000.000
18587,2053,2.441406,25000000.000
18588,2054,2.929688,25000000.000
18589,2053,2.441406,25000000.000
18590,2052,1.953125,25000000.000
18591,2052,1.953125,25000000.000
18592,2050,0.976562,25000000.000
18593,2050,0.976562,25000000.000
18594,2049,0.488281,25000000.000
18595,2048,0.000000,25000000.000
18596,2047,-0.488281,25000000.000
18597,2046,-0.976562,25000000.000
18598,2046,-0.976562,25000000.000
18599,2046,-0.976562,25000000.000
18600,2042,-2.929688,25000000.000
18601,2043,-2.441406,25000000.000
18602,2042,-2.929688,25000000.000
18603,2043,-2.441406,25000000.000
18604,2042,-2.929688,25000000.000
18605,2040,-3.906250,25000000.000
18606,2041,-3.417969,25000000.000
18607,2042,-2.929688,25000000.000
18608,2041,-3.417969,25000000.000
18609,2045,-1.464844,25000000.000
18610,2041,-3.417969,25000000.000
18611,2046,-0.976562,25000000.000
18612,2045,-1.464844,25000000.000
18613,2049,0.488281,25000000.000
18614,2043,-2.441406,25000000.000
18615,2048,0.000000,25000000.000
18616,2048,0.000000,25000000.000
18617,2049,0.488281,25000000.000
18618,2050,0.976562,25000000.000
18619,2050,0.976562,25000000.000
18620,2053,2.441406,25000000.000
18621,2051,1.464844,25000000.000
18622,2049,0.488281,25000000.000
18623,2054,2.929688,25000000.000
18624,2055,3.417969,25000000.000
18625,2051,1.464844,25000000.000
18626,2052,1.953125,25000000.000
18627,2053,2.441406,25000000.000
18628,2054,2.929688,25000000.000
18629,2054,2.929688,25000000.000
18630,2051,1.464844,25000000.000
18631,2052,1.953125,25000000.000
18632,2051,1.464844,25000000.000
18633,2049,0.488281,25000000.000
18634,2050,0.976562,25000000.000
18635,2049,0.488281,25000000.000
18636,2046,-0.976562,25000000.000
18637,2045,-1.464844,25000000.000
18638,2046,-0.976562,25000000.000
18639,2045,-1.464844,25000000.000
18640,2043,-2.441406,25000000.000
18641,2042,-2.929688,25000000.000
18642,2043,-2.441406,25000000.000
18643,2043,-2.441406,25000000.000
18644,2041,-3.417969,25000000.000
18645,2041,-3.417969,25000000.000
18646,2041,-3.417969,25000000.000
18647,2041,-3.417969,25000000.000
18648,2041,-3.417969,25000000.000
18649,2042,-2.929688,25000000.000
18650,2043,-2.441406,25000000.000
18651,2042,-2.929688,25000000.000
18652,2043,-2.441406,25000000.000
18653,2045,-1.464844,25000000.000
18654,2046,-0.976562,25000000.000
18655,2045,-1.464844,25000000.000
18656,2047,-0.488281,25000000.000
18657,2049,0.488281,25000000.000
18658,2049,0.488281,25000000.000
18659,2049,0.488281,25000000.000
18660,2052,1.953125,25000000.000
18661,2052,1.953125,25000000.000
18662,2052,1.953125,25000000.000
18663,2053,2.441406,25000000.000
18664,2053,2.441406,25000000.000
18665,2053,2.441406,25000000.000
18666,2054,2.929688,25000000.000
18667,2053,2.441406,25000000.000
18668,2055,3.417969,25000000.000
18669,2053,2.441406,25000000.000
18670,2052,1.953125,25000000.000
18671,2054,2.929688,25000000.000
18672,2051,1.464844,25000000.000
18673,2050,0.976562,25000000.000
18674,2052,1.953125,25000000.000
18675,2051,1.464844,25000000.000
18676,2047,-0.488281,25000000.000
18677,2045,-1.464844,25000000.000
18678,2048,0.000000,25000000.000
18679,2048,0.000000,25000000.000
18680,2042,-2.929688,25000000.000
18681,2044,-1.953125,25000000.000
18682,2042,-2.929688,25000000.000
18683,2043,-2.441406,25000000.000
18684,2043,-2.441406,25000000.000
18685,2043,-2.441406,25000000.000
18686,2041,-3.417969,25000000.000
18687,2040,-3.906250,25000000.000
18688,2042,-2.929688,25000000.000
18689,2041,-3.417969,25000000.000
18690,2042,-2.929688,25000000.000
18691,2041,-3.417969,25000000.000
18692,2042,-2.929688,25000000.000
18693,2044,-1.953125,25000000.000
18694,2043,-2.441406,25000000.000
18695,2044,-1.953125,25000000.000
18696,2045,-1.464844,25000000.000
18697,2046,-0.976562,25000000.000
18698,2047,-0.488281,25000000.000
18699,2048,0.000000,25000000.000
18700,2049,0.488281,25000000.000
18701,2049,0.488281,25000000.000
18702,2049,0.488281,25000000.000
18703,2050,0.976562,25000000.000
18704,2051,1.464844,25000000.000
18705,2051,1.464844,25000000.000
18706,2053,2.441406,25000000.000
18707,2052,1.953125,25000000.000
18708,2053,2.441406,25000000.000
18709,2052,1.953125,25000000.000
18710,2052,1.953125,25000000.000
18711,2052,1.953125,25000000.000
18712,2052,1.953125,25000000.000
18713,2051,1.464844,25000000.000
18714,2048,0.000000,25000000.000
18715,2051,1.464844,25000000.000
18716,2049,0.488281,25000000.000
18717,2047,-0.488281,25000000.000
18718,2047,-0.488281,25000000.000
18719,2045,-1.464844,25000000.000
18720,2042,-2.929688,25000000.000
18721,2044,-1.953125,25000000.000
18722,2046,-0.976562,25000000.000
18723,2040,-3.906250,25000000.000
18724,2043,-2.441406,25000000.000
18725,2041,-3.417969,25000000.000
18726,2040,-3.906250,25000000.000
18727,2040,-3.906250,25000000.000
18728,2041,-3.417969,25000000.000
18729,2041,-3.417969,25000000.000
18730,2040,-3.906250,25000000.000
18731,2039,-4.394531,25000000.000
18732,2041,-3.417969,25000000.000
18733,2041,-3.417969,25000000.000
18734,2043,-2.441406,25000000.000
18735,2044,-1.953125,25000000.000
18736,2044,-1.953125,25000000.000
18737,2045,-1.464844,25000000.000
18738,2046,-0.976562,25000000.000
18739,2045,-1.464844,25000000.000
18740,2047,-0.488281,25000000.000
18741,2048,0.000000,25000000.000
18742,2050,0.976562,25000000.000
18743,2050,0.976562,25000000.000
18744,2051,1.464844,25000000.000
18745,2052,1.953125,25000000.000
18746,2052,1.953125,25000000.000
18747,2051,1.464844,25000000.000
18748,2053,2.441406,25000000.000
18749,2053,2.441406,25000000.000
18750,2054,2.929688,25000000.000
18751,2053,2.441406,25000000.000
18752,2052,1.953125,25000000.000
18753,2052,1.953125,25000000.000
18754,2051,1.464844,25000000.000
18755,2051,1.464844,25000000.000
18756,2051,1.464844,25000000.000
18757,2050,0.976562,25000000.000
18758,2047,-0.488281,25000000.000
18759,2047,-0.488281,25000000.000
18760,2046,-0.976562,25000000.000
18761,2046,-0.976562,25000000.000
18762,2044,-1.953125,25000000.000
18763,2044,-1.953125,25000000.000
18764,2042,-2.929688,25000000.000
18765,2042,-2.929688,25000000.000
18766,2041,-3.417969,25000000.000
18767,2041,-3.417969,25000000.000
18768,2041,-3.417969,25000000.000
18769,2041,-3.417969,25000000.000
18770,2040,-3.906250,25000000.000
18771,2041,-3.417969,25000000.000
18772,2042,-2.929688,25000000.000
18773,2042,-2.929688,25000000.000
18774,2042,-2.929688,25000000.000
18775,2041,-3.417969,25000000.000
18776,2044,-1.953125,25000000.000
18777,2046,-0.976562,25000000.000
18778,2046,-0.976562,25000000.000
18779,2046,-0.976562,25000000.000
18780,2047,-0.488281,25000000.000
18781,2050,0.976562,25000000.000
18782,2049,0.488281,25000000.000
18783,2049,0.488281,25000000.000
18784,2052,1.953125,25000000.000
18785,2052,1.953125,25000000.000
18786,2052,1.953125,25000000.000
18787,2052,1.953125,25000000.000
18788,2054,2.929688,25000000.000
18789,2053,2.441406,25000000.000
18790,2052,1.953125,25000000.000
18791,2052,1.953125,25000000.000
18792,2055,3.417969,25000000.000
18793,2052,1.953125,25000000.000
18794,2053,2.441406,25000000.000
18795,2053,2.441406,25000000.000
18796,2056,3.906250,25000000.000
18797,2051,1.464844,25000000.000
18798,2052,1.953125,25000000.000
18799,2047,-0.488281,25000000.000
18800,2048,0.000000,25000000.000
18801,2050,0.976562,25000000.000
18802,2047,-0.488281,25000000.000
18803,2045,-1.464844,25000000.000
18804,2046,-0.976562,25000000.000
18805,2042,-2.929688,25000000.000
18806,2043,-2.441406,25000000.000
18807,2045,-1.464844,25000000.000
18808,2040,-3.906250,25000000.000
18809,2042,-2.929688,25000000.000
18810,2042,-2.929688,25000000.000
18811,2042,-2.929688,25000000.000
18812,2040,-3.906250,25000000.000
18813,2042,-2.929688,25000000.000
18814,2042,-2.929688,25000000.000
18815,2043,-2.441406,25000000.000
18816,2042,-2.929688,25000000.000
18817,2045,-1.464844,25000000.000
18818,2046,-0.976562,25000000.000
18819,2045,-1.464844,25000000.000
18820,2046,-0.976562,25000000.000
18821,2047,-0.488281,25000000.000
18822,2049,0.488281,25000000.000
18823,2048,0.000000,25000000.000
18824,2051,1.464844,25000000.000
18825,2051,1.464844,25000000.000
18826,2052,1.953125,25000000.000
18827,2051,1.464844,25000000.000
18828,2052,1.953125,25000000.000
18829,2053,2.441406,25000000.000
18830,2054,2.929688,25000000.000
18831,2054,2.929688,25000000.000
18832,2055,3.417969,25000000.000
18833,2053,2.441406,25000000.000
18834,2053,2.441406,25000000.000
18835,2053,2.441406,25000000.000
18836,2052,1.953125,25000000.000
18837,2050,0.976562,25000000.000
18838,2051,1.464844,25000000.000
18839,2050,0.976562,25000000.000
18840,2048,0.000000,25000000.000
18841,2047,-0.488281,25000000.000
18842,2046,-0.976562,25000000.000
18843,2047,-0.488281,25000000.000
18844,2044,-1.953125,25000000.000
18845,2044,-1.953125,25000000.000
18846,2043,-2.441406,25000000.000
18847,2043,-2.441406,25000000.000
18848,2042,-2.929688,25000000.000
18849,2042,-2.929688,25000000.000
18850,2041,-3.417969,25000000.000
18851,2042,-2.929688,25000000.000
18852,2041,-3.417969,25000000.000
18853,2041,-3.417969,25000000.000
18854,2041,-3.417969,25000000.000
18855,2041,-3.417969,25000000.000
18856,2042,-2.929688,25000000.000
18857,2042,-2.929688,25000000.000
18858,2043,-2.441406,25000000.000
18859,2043,-2.441406,25000000.000
18860,2044,-1.953125,25000000.000
18861,2047,-0.488281,25000000.000
18862,2046,-0.976562,25000000.000
18863,2047,-0.488281,25000000.000
18864,2049,0.488281,25000000.000
18865,2049,0.488281,25000000.000
18866,2051,1.464844,25000000.000
18867,2052,1.953125,25000000.000
18868,2051,1.464844,25000000.000
18869,2052,1.953125,25000000.000
18870,2053,2.441406,25000000.000
18871,2053,2.441406,25000000.000
18872,2054,2.929688,25000000.000
18873,2053,2.441406,25000000.000
18874,2052,1.953125,25000000.000
18875,2051,1.464844,25000000.000
18876,2052,1.953125,25000000.000
18877,2053,2.441406,25000000.000
18878,2052,1.953125,25000000.000
18879,2051,1.464844,25000000.000
18880,2049,0.488281,25000000.000
18881,2049,0.488281,25000000.000
18882,2047,-0.488281,25000000.000
18883,2047,-0.488281,25000000.000
18884,2049,0.488281,25000000.000
18885,2044,-1.953125,25000000.000
18886,2043,-2.441406,25000000.000
18887,2044,-1.953125,25000000.000
18888,2044,-1.953125,25000000.000
18889,2041,-3.417969,25000000.000
18890,2047,-0.488281,25000000.000
18891,2041,-3.417969,25000000.000
18892,2042,-2.929688,25000000.000
18893,2040,-3.906250,25000000.000
18894,2039,-4.394531,25000000.000
18895,2040,-3.906250,25000000.000
18896,2042,-2.929688,25000000.000
18897,2042,-2.929688,25000000.000
18898,2042,-2.929688,25000000.000
18899,2042,-2.929688,25000000.000
18900,2044,-1.953125,25000000.000
18901,2045,-1.464844,25000000.000
18902,2046,-0.976562,25000000.000
18903,2048,0.000000,25000000.000
18904,2049,0.488281,25000000.000
18905,2048,0.000000,25000000.000
18906,2050,0.976562,25000000.000
18907,2051,1.464844,25000000.000
18908,2050,0.976562,25000000.000
18909,2052,1.953125,25000000.000
18910,2053,2.441406,25000000.000
18911,2054,2.929688,25000000.000
18912,2052,1.953125,25000000.000
18913,2052,1.953125,25000000.000
18914,2052,1.953125,25000000.000
18915,2053,2.441406,25000000.000
18916,2053,2.441406,25000000.000
18917,2051,1.464844,25000000.000
18918,2052,1.953125,25000000.000
18919,2051,1.464844,25000000.000
18920,2050,0.976562,25000000.000
18921,2050,0.976562,25000000.000
18922,2049,0.488281,25000000.000
18923,2047,-0.488281,25000000.000
18924,2048,0.000000,25000000.000
18925,2047,-0.488281,25000000.000
18926,2045,-1.464844,25000000.000
18927,2044,-1.953125,25000000.000
18928,2044,-1.953125,25000000.000
18929,2043,-2.441406,25000000.000
18930,2042,-2.929688,25000000.000
18931,2043,-2.441406,25000000.000
18932,2042,-2.929688,25000000.000
18933,2041,-3.417969,25000000.000
18934,2042,-2.929688,25000000.000
18935,2042,-2.929688,25000000.000
18936,2043,-2.441406,25000000.000
18937,2041,-3.417969,25000000.000
18938,2043,-2.441406,25000000.000
18939,2042,-2.929688,25000000.000
18940,2042,-2.929688,25000000.000
18941,2043,-2.441406,25000000.000
18942,2044,-1.953125,25000000.000
18943,2045,-1.464844,25000000.000
18944,2045,-1.464844,25000000.000
18945,2047,-0.488281,25000000.000
18946,2048,0.000000,25000000.000
18947,2049,0.488281,25000000.000
18948,2049,0.488281,25000000.000
18949,2051,1.464844,25000000.000
18950,2052,1.953125,25000000.000
18951,2053,2.441406,25000000.000
18952,2053,2.441406,25000000.000
18953,2053,2.441406,25000000.000
18954,2052,1.953125,25000000.000
18955,2051,1.464844,25000000.000
18956,2054,2.929688,25000000.000
18957,2053,2.441406,25000000.000
18958,2052,1.953125,25000000.000
18959,2051,1.464844,25000000.000
18960,2051,1.464844,25000000.000
18961,2051,1.464844,25000000.000
18962,2050,0.976562,25000000.000
18963,2049,0.488281,25000000.000
18964,2047,-0.488281,25000000.000
18965,2047,-0.488281,25000000.000
18966,2046,-0.976562,25000000.000
18967,2047,-0.488281,25000000.000
18968,2044,-1.953125,25000000.000
18969,2043,-2.441406,25000000.000
18970,2043,-2.441406,25000000.000
18971,2044,-1.953125,25000000.000
18972,2041,-3.417969,25000000.000
18973,2042,-2.929688,25000000.000
18974,2042,-2.929688,25000000.000
18975,2041,-3.417969,25000000.000
18976,2040,-3.906250,25000000.000
18977,2043,-2.441406,25000000.000
18978,2042,-2.929688,25000000.000
18979,2041,-3.417969,25000000.000
18980,2042,-2.929688,25000000.000
18981,2044,-1.953125,25000000.000
18982,2044,-1.953125,25000000.000
18983,2045,-1.464844,25000000.000
18984,2046,-0.976562,25000000.000
18985,2047,-0.488281,25000000.000
18986,2048,0.000000,25000000.000
18987,2047,-0.488281,25000000.000
18988,2049,0.488281,25000000.000
18989,2051,1.464844,25000000.000
18990,2051,1.464844,25000000.000
18991,2050,0.976562,25000000.000
18992,2052,1.953125,25000000.000
18993,2052,1.953125,25000000.000
18994,2052,1.953125,25000000.000
18995,2052,1.953125,25000000.000
18996,2053,2.441406,25000000.000
18997,2053,2.441406,25000000.000
18998,2052,1.953125,25000000.000
18999,2053,2.441406,25000000.000
19000,2052,1.953125,25000000.000
19001,2052,1.953125,25000000.000
19002,2049,0.488281,25000000.000
19003,2050,0.976562,25000000.000
19004,2049,0.488281,25000000.000
19005,2048,0.000000,25000000.000
19006,2047,-0.488281,25000000.000
19007,2047,-0.488281,25000000.000
19008,2046,-0.976562,25000000.000
19009,2045,-1.464844,25000000.000
19010,2044,-1.953125,25000000.000
19011,2044,-1.953125,25000000.000
19012,2043,-2.441406,25000000.000
19013,2043,-2.441406,25000000.000
19014,2043,-2.441406,25000000.000
19015,2041,-3.417969,25000000.000
19016,2042,-2.929688,25000000.000
19017,2043,-2.441406,25000000.000
19018,2043,-2.441406,25000000.000
19019,2042,-2.929688,25000000.000
19020,2043,-2.441406,25000000.000
19021,2043,-2.441406,25000000.000
19022,2045,-1.464844,25000000.000
19023,2043,-2.441406,25000000.000
19024,2055,3.417969,25000000.000
19025,2046,-0.976562,25000000.000
19026,2047,-0.488281,25000000.000
19027,2048,0.000000,25000000.000
19028,2050,0.976562,25000000.000
19029,2053,2.441406,25000000.000
19030,2051,1.464844,25000000.000
19031,2053,2.441406,25000000.000
19032,2051,1.464844,25000000.000
19033,2053,2.441406,25000000.000
19034,2054,2.929688,25000000.000
19035,2054,2.929688,25000000.000
19036,2053,2.441406,25000000.000
19037,2053,2.441406,25000000.000
19038,2055,3.417969,25000000.000
19039,2053,2.441406,25000000.000
19040,2053,2.441406,25000000.000
19041,2052,1.953125,25000000.000
19042,2051,1.464844,25000000.000
19043,2052,1.953125,25000000.000
19044,2050,0.976562,25000000.000
19045,2050,0.976562,25000000.000
19046,2048,0.000000,25000000.000
19047,2049,0.488281,25000000.000
19048,2046,-0.976562,25000000.000
19049,2046,-0.976562,25000000.000
19050,2045,-1.464844,25000000.000
19051,2045,-1.464844,25000000.000
19052,2043,-2.441406,25000000.000
19053,2043,-2.441406,25000000.000
19054,2043,-2.441406,25000000.000
19055,2042,-2.929688,25000000.000
19056,2040,-3.906250,25000000.000
19057,2041,-3.417969,25000000.000
19058,2041,-3.417969,25000000.000
19059,2041,-3.417969,25000000.000
19060,2040,-3.906250,25000000.000
19061,2042,-2.929688,25000000.000
19062,2040,-3.906250,25000000.000
19063,2043,-2.441406,25000000.000
19064,2044,-1.953125,25000000.000
19065,2046,-0.976562,25000000.000
19066,2044,-1.953125,25000000.000
19067,2047,-0.488281,25000000.000
19068,2045,-1.464844,25000000.000
19069,2050,0.976562,25000000.000
19070,2047,-0.488281,25000000.000
19071,2049,0.488281,25000000.000
19072,2051,1.464844,25000000.000
19073,2052,1.953125,25000000.000
19074,2052,1.953125,25000000.000
19075,2053,2.441406,25000000.000
19076,2052,1.953125,25000000.000
19077,2053,2.441406,25000000.000
19078,2053,2.441406,25000000.000
19079,2053,2.441406,25000000.000
19080,2053,2.441406,25000000.000
19081,2053,2.441406,25000000.000
19082,2052,1.953125,25000000.000
19083,2052,1.953125,25000000.000
19084,2050,0.976562,25000000.000
19085,2050,0.976562,25000000.000
19086,2050,0.976562,25000000.000
19087,2048,0.000000,25000000.000
19088,2048,0.000000,25000000.000
19089,2046,-0.976562,25000000.000
19090,2045,-1.464844,25000000.000
19091,2045,-1.464844,25000000.000
19092,2044,-1.953125,25000000.000
19093,2042,-2.929688,25000000.000
19094,2041,-3.417969,25000000.000
19095,2042,-2.929688,25000000.000
19096,2041,-3.417969,25000000.000
19097,2041,-3.417969,25000000.000
19098,2041,-3.417969,25000000.000
19099,2040,-3.906250,25000000.000
19100,2042,-2.929688,25000000.000
19101,2041,-3.417969,25000000.000
19102,2042,-2.929688,25000000.000
19103,2041,-3.417969,25000000.000
19104,2043,-2.441406,25000000.000
19105,2043,-2.441406,25000000.000
19106,2046,-0.976562,25000000.000
19107,2045,-1.464844,25000000.000
19108,2046,-0.976562,25000000.000
19109,2047,-0.488281,25000000.000
19110,2049,0.488281,25000000.000
19111,2048,0.000000,25000000.000
19112,2049,0.488281,25000000.000
19113,2050,0.976562,25000000.000
19114,2051,1.464844,25000000.000
19115,2051,1.464844,25000000.000
19116,2052,1.953125,25000000.000
19117,2052,1.953125,25000000.000
19118,2052,1.953125,25000000.000
19119,2052,1.953125,25000000.000
19120,2052,1.953125,25000000.000
19121,2053,2.441406,25000000.000
19122,2052,1.953125,25000000.000
19123,2053,2.441406,25000000.000
19124,2052,1.953125,25000000.000
19125,2050,0.976562,25000000.000
19126,2049,0.488281,25000000.000
19127,2050,0.976562,25000000.000
19128,2048,0.000000,25000000.000
19129,2047,-0.488281,25000000.000
19130,2046,-0.976562,25000000.000
19131,2046,-0.976562,25000000.000
19132,2044,-1.953125,25000000.000
19133,2043,-2.441406,25000000.000
19134,2043,-2.441406,25000000.000
19135,2044,-1.953125,25000000.000
19136,2042,-2.929688,25000000.000
19137,2041,-3.417969,25000000.000
19138,2042,-2.929688,25000000.000
19139,2041,-3.417969,25000000.000
19140,2040,-3.906250,25000000.000
19141,2041,-3.417969,25000000.000
19142,2041,-3.417969,25000000.000
19143,2041,-3.417969,25000000.000
19144,2040,-3.906250,25000000.000
19145,2042,-2.929688,25000000.000
19146,2043,-2.441406,25000000.000
19147,2044,-1.953125,25000000.000
19148,2044,-1.953125,25000000.000
19149,2047,-0.488281,25000000.000
19150,2047,-0.488281,25000000.000
19151,2047,-0.488281,25000000.000
19152,2048,0.000000,25000000.000
19153,2049,0.488281,25000000.000
19154,2051,1.464844,25000000.000
19155,2051,1.464844,25000000.000
19156,2052,1.953125,25000000.000
19157,2053,2.441406,25000000.000
19158,2053,2.441406,25000000.000
19159,2053,2.441406,25000000.000
19160,2054,2.929688,25000000.000
19161,2054,2.929688,25000000.000
19162,2053,2.441406,25000000.000
19163,2053,2.441406,25000000.000
19164,2054,2.929688,25000000.000
19165,2053,2.441406,25000000.000
19166,2052,1.953125,25000000.000
19167,2052,1.953125,25000000.000
19168,2050,0.976562,25000000.000
19169,2049,0.488281,25000000.000
19170,2049,0.488281,25000000.000
19171,2049,0.488281,25000000.000
19172,2046,-0.976562,25000000.000
19173,2045,-1.464844,25000000.000
19174,2045,-1.464844,25000000.000
19175,2044,-1.953125,25000000.000
19176,2044,-1.953125,25000000.000
19177,2042,-2.929688,25000000.000
19178,2042,-2.929688,25000000.000
19179,2042,-2.929688,25000000.000
19180,2040,-3.906250,25000000.000
19181,2040,-3.906250,25000000.000
19182,2042,-2.929688,25000000.000
19183,2041,-3.417969,25000000.000
19184,2041,-3.417969,25000000.000
19185,2042,-2.929688,25000000.000
19186,2044,-1.953125,25000000.000
19187,2042,-2.929688,25000000.000
19188,2047,-0.488281,25000000.000
19189,2046,-0.976562,25000000.000
19190,2045,-1.464844,25000000.000
19191,2046,-0.976562,25000000.000
19192,2051,1.464844,25000000.000
19193,2051,1.464844,25000000.000
19194,2050,0.976562,25000000.000
19195,2050,0.976562,25000000.000
19196,2053,2.441406,25000000.000
19197,2053,2.441406,25000000.000
19198,2054,2.929688,25000000.000
19199,2055,3.417969,25000000.000
19200,2055,3.417969,25000000.000
19201,2054,2.929688,25000000.000
19202,2053,2.441406,25000000.000
19203,2054,2.929688,25000000.000
19204,2054,2.929688,25000000.000
19205,2052,1.953125,25000000.000
19206,2053,2.441406,25000000.000
19207,2051,1.464844,25000000.000
19208,2050,0.976562,25000000.000
19209,2049,0.488281,25000000.000
19210,2048,0.000000,25000000.000
19211,2049,0.488281,25000000.000
19212,2046,-0.976562,25000000.000
19213,2046,-0.976562,25000000.000
19214,2045,-1.464844,25000000.000
19215,2044,-1.953125,25000000.000
19216,2044,-1.953125,25000000.000
19217,2043,-2.441406,25000000.000
19218,2043,-2.441406,25000000.000
19219,2042,-2.929688,25000000.000
19220,2041,-3.417969,25000000.000
19221,2040,-3.906250,25000000.000
19222,2041,-3.417969,25000000.000
19223,2039,-4.394531,25000000.000
19224,2041,-3.417969,25000000.000
19225,2042,-2.929688,25000000.000
19226,2041,-3.417969,25000000.000
19227,2042,-2.929688,25000000.000
19228,2044,-1.953125,25000000.000
19229,2045,-1.464844,25000000.000
19230,2045,-1.464844,25000000.000
19231,2046,-0.976562,25000000.000
19232,2047,-0.488281,25000000.000
19233,2047,-0.488281,25000000.000
19234,2051,1.464844,25000000.000
19235,2049,0.488281,25000000.000
19236,2051,1.464844,25000000.000
19237,2052,1.953125,25000000.000
19238,2053,2.441406,25000000.000
19239,2052,1.953125,25000000.000
19240,2053,2.441406,25000000.000
19241,2052,1.953125,25000000.000
19242,2055,3.417969,25000000.000
19243,2053,2.441406,25000000.000
19244,2053,2.441406,25000000.000
19245,2055,3.417969,25000000.000
19246,2051,1.464844,25000000.000
19247,2052,1.953125,25000000.000
19248,2052,1.953125,25000000.000
19249,2052,1.953125,25000000.000
19250,2050,0.976562,25000000.000
19251,2049,0.488281,25000000.000
19252,2048,0.000000,25000000.000
19253,2047,-0.488281,25000000.000
19254,2047,-0.488281,25000000.000
19255,2046,-0.976562,25000000.000
19256,2044,-1.953125,25000000.000
19257,2044,-1.953125,25000000.000
19258,2042,-2.929688,25000000.000
19259,2043,-2.441406,25000000.000
19260,2042,-2.929688,25000000.000
19261,2041,-3.417969,25000000.000
19262,2041,-3.417969,25000000.000
19263,2042,-2.929688,25000000.000
19264,2041,-3.417969,25000000.000
19265,2042,-2.929688,25000000.000
19266,2043,-2.441406,25000000.000
19267,2042,-2.929688,25000000.000
19268,2044,-1.953125,25000000.000
19269,2043,-2.441406,25000000.000
19270,2045,-1.464844,25000000.000
19271,2044,-1.953125,25000000.000
19272,2046,-0.976562,25000000.000
19273,2047,-0.488281,25000000.000
19274,2048,0.000000,25000000.000
19275,2047,-0.488281,25000000.000
19276,2049,0.488281,25000000.000
19277,2050,0.976562,25000000.000
19278,2051,1.464844,25000000.000
19279,2051,1.464844,25000000.000
19280,2050,0.976562,25000000.000
19281,2056,3.906250,25000000.000
19282,2051,1.464844,25000000.000
19283,2052,1.953125,25000000.000
19284,2052,1.953125,25000000.000
19285,2052,1.953125,25000000.000
19286,2054,2.929688,25000000.000
19287,2053,2.441406,25000000.000
19288,2051,1.464844,25000000.000
19289,2052,1.953125,25000000.000
19290,2050,0.976562,25000000.000
19291,2051,1.464844,25000000.000
19292,2049,0.488281,25000000.000
19293,2048,0.000000,25000000.000
19294,2046,-0.976562,25000000.000
19295,2046,-0.976562,25000000.000
19296,2045,-1.464844,25000000.000
19297,2044,-1.953125,25000000.000
19298,2043,-2.441406,25000000.000
19299,2043,-2.441406,25000000.000
19300,2042,-2.929688,25000000.000
19301,2041,-3.417969,25000000.000
19302,2041,-3.417969,25000000.000
19303,2042,-2.929688,25000000.000
19304,2041,-3.417969,25000000.000
19305,2041,-3.417969,25000000.000
19306,2041,-3.417969,25000000.000
19307,2041,-3.417969,25000000.000
19308,2040,-3.906250,25000000.000
19309,2043,-2.441406,25000000.000
19310,2042,-2.929688,25000000.000
19311,2043,-2.441406,25000000.000
19312,2043,-2.441406,25000000.000
19313,2046,-0.976562,25000000.000
19314,2045,-1.464844,25000000.000
19315,2047,-0.488281,25000000.000
19316,2048,0.000000,25000000.000
19317,2050,0.976562,25000000.000
19318,2050,0.976562,25000000.000
19319,2050,0.976562,25000000.000
19320,2053,2.441406,25000000.000
19321,2052,1.953125,25000000.000
19322,2053,2.441406,25000000.000
19323,2052,1.953125,25000000.000
19324,2054,2.929688,25000000.000
19325,2053,2.441406,25000000.000
19326,2053,2.441406,25000000.000
19327,2053,2.441406,25000000.000
19328,2053,2.441406,25000000.000
19329,2053,2.441406,25000000.000
19330,2049,0.488281,25000000.000
19331,2050,0.976562,25000000.000
19332,2050,0.976562,25000000.000
19333,2048,0.000000,25000000.000
19334,2047,-0.488281,25000000.000
19335,2048,0.000000,25000000.000
19336,2045,-1.464844,25000000.000
19337,2045,-1.464844,25000000.000
19338,2044,-1.953125,25000000.000
19339,2043,-2.441406,25000000.000
19340,2041,-3.417969,25000000.000
19341,2042,-2.929688,25000000.000
19342,2042,-2.929688,25000000.000
19343,2040,-3.906250,25000000.000
19344,2040,-3.906250,25000000.000
19345,2042,-2.929688,25000000.000
19346,2040,-3.906250,25000000.000
19347,2042,-2.929688,25000000.000
19348,2041,-3.417969,25000000.000
19349,2042,-2.929688,25000000.000
19350,2044,-1.953125,25000000.000
19351,2043,-2.441406,25000000.000
19352,2045,-1.464844,25000000.000
19353,2045,-1.464844,25000000.000
19354,2045,-1.464844,25000000.000
19355,2045,-1.464844,25000000.000
19356,2048,0.000000,25000000.000
19357,2050,0.976562,25000000.000
19358,2049,0.488281,25000000.000
19359,2050,0.976562,25000000.000
19360,2052,1.953125,25000000.000
19361,2052,1.953125,25000000.000
19362,2052,1.953125,25000000.000
19363,2053,2.441406,25000000.000
19364,2053,2.441406,25000000.000
19365,2053,2.441406,25000000.000
19366,2054,2.929688,25000000.000
19367,2054,2.929688,25000000.000
19368,2054,2.929688,25000000.000
19369,2057,4.394531,25000000.000
19370,2064,7.812500,25000000.000
19371,2046,-0.976562,25000000.000
19372,2047,-0.488281,25000000.000
19373,2050,0.976562,25000000.000
19374,2050,0.976562,25000000.000
19375,2049,0.488281,25000000.000
19376,2047,-0.488281,25000000.000
19377,2047,-0.488281,25000000.000
19378,2046,-0.976562,25000000.000
19379,2045,-1.464844,25000000.000
19380,2043,-2.441406,25000000.000
19381,2044,-1.953125,25000000.000
19382,2043,-2.441406,25000000.000
19383,2043,-2.441406,25000000.000
19384,2043,-2.441406,25000000.000
19385,2042,-2.929688,25000000.000
19386,2042,-2.929688,25000000.000
19387,2041,-3.417969,25000000.000
19388,2043,-2.441406,25000000.000
19389,2042,-2.929688,25000000.000
19390,2043,-2.441406,25000000.000
19391,2043,-2.441406,25000000.000
19392,2043,-2.441406,25000000.000
19393,2044,-1.953125,25000000.000
19394,2044,-1.953125,25000000.000
19395,2045,-1.464844,25000000.000
19396,2047,-0.488281,25000000.000
19397,2048,0.000000,25000000.000
19398,2048,0.000000,25000000.000
19399,2049,0.488281,25000000.000
19400,2051,1.464844,25000000.000
19401,2050,0.976562,25000000.000
19402,2052,1.953125,25000000.000
19403,2052,1.953125,25000000.000
19404,2054,2.929688,25000000.000
19405,2052,1.953125,25000000.000
19406,2054,2.929688,25000000.000
19407,2053,2.441406,25000000.000
19408,2053,2.441406,25000000.000
19409,2052,1.953125,25000000.000
19410,2052,1.953125,25000000.000
19411,2052,1.953125,25000000.000
19412,2051,1.464844,25000000.000
19413,2051,1.464844,25000000.000
19414,2053,2.441406,25000000.000
19415,2048,0.000000,25000000.000
19416,2049,0.488281,25000000.000
19417,2047,-0.488281,25000000.000
19418,2047,-0.488281,25000000.000
19419,2046,-0.976562,25000000.000
19420,2046,-0.976562,25000000.000
19421,2044,-1.953125,25000000.000
19422,2043,-2.441406,25000000.000
19423,2043,-2.441406,25000000.000
19424,2042,-2.929688,25000000.000
19425,2043,-2.441406,25000000.000
19426,2042,-2.929688,25000000.000
19427,2041,-3.417969,25000000.000
19428,2041,-3.417969,25000000.000
19429,2043,-2.441406,25000000.000
19430,2041,-3.417969,25000000.000
19431,2042,-2.929688,25000000.000
19432,2043,-2.441406,25000000.000
19433,2043,-2.441406,25000000.000
19434,2045,-1.464844,25000000.000
19435,2045,-1.464844,25000000.000
19436,2047,-0.488281,25000000.000
19437,2047,-0.488281,25000000.000
19438,2050,0.976562,25000000.000
19439,2049,0.488281,25000000.000
19440,2049,0.488281,25000000.000
19441,2051,1.464844,25000000.000
19442,2052,1.953125,25000000.000
19443,2052,1.953125,25000000.000
19444,2052,1.953125,25000000.000
19445,2054,2.929688,25000000.000
19446,2054,2.929688,25000000.000
19447,2053,2.441406,25000000.000
19448,2055,3.417969,25000000.000
19449,2054,2.929688,25000000.000
19450,2053,2.441406,25000000.000
19451,2053,2.441406,25000000.000
19452,2053,2.441406,25000000.000
19453,2051,1.464844,25000000.000
19454,2052,1.953125,25000000.000
19455,2051,1.464844,25000000.000
19456,2050,0.976562,25000000.000
19457,2048,0.000000,25000000.000
19458,2047,-0.488281,25000000.000
19459,2049,0.488281,25000000.000
19460,2045,-1.464844,25000000.000
19461,2045,-1.464844,25000000.000
19462,2046,-0.976562,25000000.000
19463,2045,-1.464844,25000000.000
19464,2044,-1.953125,25000000.000
19465,2041,-3.417969,25000000.000
19466,2043,-2.441406,25000000.000
19467,2042,-2.929688,25000000.000
19468,2042,-2.929688,25000000.000
19469,2040,-3.906250,25000000.000
19470,2041,-3.417969,25000000.000
19471,2041,-3.417969,25000000.000
19472,2043,-2.441406,25000000.000
19473,2042,-2.929688,25000000.000
19474,2043,-2.441406,25000000.000
19475,2042,-2.929688,25000000.000
19476,2044,-1.953125,25000000.000
19477,2046,-0.976562,25000000.000
19478,2046,-0.976562,25000000.000
19479,2048,0.000000,25000000.000
19480,2048,0.000000,25000000.000
19481,2050,0.976562,25000000.000
19482,2049,0.488281,25000000.000
19483,2051,1.464844,25000000.000
19484,2050,0.976562,25000000.000
19485,2052,1.953125,25000000.000
19486,2052,1.953125,25000000.000
19487,2051,1.464844,25000000.000
19488,2055,3.417969,25000000.000
19489,2053,2.441406,25000000.000
19490,2053,2.441406,25000000.000
19491,2053,2.441406,25000000.000
19492,2052,1.953125,25000000.000
19493,2052,1.953125,25000000.000
19494,2051,1.464844,25000000.000
19495,2052,1.953125,25000000.000
19496,2049,0.488281,25000000.000
19497,2049,0.488281,25000000.000
19498,2049,0.488281,25000000.000
19499,2048,0.000000,25000000.000
19500,2046,-0.976562,25000000.000
19501,2045,-1.464844,25000000.000
19502,2045,-1.464844,25000000.000
19503,2044,-1.953125,25000000.000
19504,2043,-2.441406,25000000.000
19505,2041,-3.417969,25000000.000
19506,2041,-3.417969,25000000.000
19507,2042,-2.929688,25000000.000
19508,2040,-3.906250,25000000.000
19509,2042,-2.929688,25000000.000
19510,2039,-4.394531,25000000.000
19511,2041,-3.417969,25000000.000
19512,2040,-3.906250,25000000.000
19513,2042,-2.929688,25000000.000
19514,2043,-2.441406,25000000.000
19515,2042,-2.929688,25000000.000
19516,2044,-1.953125,25000000.000
19517,2045,-1.464844,25000000.000
19518,2045,-1.464844,25000000.000
19519,2046,-0.976562,25000000.000
19520,2048,0.000000,25000000.000
19521,2047,-0.488281,25000000.000
19522,2048,0.000000,25000000.000
19523,2048,0.000000,25000000.000
19524,2052,1.953125,25000000.000
19525,2050,0.976562,25000000.000
19526,2051,1.464844,25000000.000
19527,2051,1.464844,25000000.000
19528,2054,2.929688,25000000.000
19529,2052,1.953125,25000000.000
19530,2052,1.953125,25000000.000
19531,2053,2.441406,25000000.000
19532,2052,1.953125,25000000.000
19533,2054,2.929688,25000000.000
19534,2048,0.000000,25000000.000
19535,2052,1.953125,25000000.000
19536,2052,1.953125,25000000.000
19537,2049,0.488281,25000000.000
19538,2050,0.976562,25000000.000
19539,2049,0.488281,25000000.000
19540,2047,-0.488281,25000000.000
19541,2047,-0.488281,25000000.000
19542,2045,-1.464844,25000000.000
19543,2045,-1.464844,25000000.000
19544,2042,-2.929688,25000000.000
19545,2043,-2.441406,25000000.000
19546,2042,-2.929688,25000000.000
19547,2042,-2.929688,25000000.000
19548,2042,-2.929688,25000000.000
19549,2042,-2.929688,25000000.000
19550,2041,-3.417969,25000000.000
19551,2040,-3.906250,25000000.000
19552,2041,-3.417969,25000000.000
19553,2040,-3.906250,25000000.000
19554,2041,-3.417969,25000000.000
19555,2040,-3.906250,25000000.000
19556,2042,-2.929688,25000000.000
19557,2044,-1.953125,25000000.000
19558,2044,-1.953125,25000000.000
19559,2043,-2.441406,25000000.000
19560,2046,-0.976562,25000000.000
19561,2047,-0.488281,25000000.000
19562,2047,-0.488281,25000000.000
19563,2048,0.000000,25000000.000
19564,2050,0.976562,25000000.000
19565,2051,1.464844,25000000.000
19566,2051,1.464844,25000000.000
19567,2053,2.441406,25000000.000
19568,2053,2.441406,25000000.000
19569,2053,2.441406,25000000.000
19570,2055,3.417969,25000000.000
19571,2053,2.441406,25000000.000
19572,2053,2.441406,25000000.000
19573,2053,2.441406,25000000.000
19574,2055,3.417969,25000000.000
19575,2054,2.929688,25000000.000
19576,2052,1.953125,25000000.000
19577,2052,1.953125,25000000.000
19578,2050,0.976562,25000000.000
19579,2050,0.976562,25000000.000
19580,2049,0.488281,25000000.000
19581,2052,1.953125,25000000.000
19582,2048,0.000000,25000000.000
19583,2045,-1.464844,25000000.000
19584,2043,-2.441406,25000000.000
19585,2047,-0.488281,25000000.000
19586,2042,-2.929688,25000000.000
19587,2041,-3.417969,25000000.000
19588,2042,-2.929688,25000000.000
19589,2040,-3.906250,25000000.000
19590,2041,-3.417969,25000000.000
19591,2040,-3.906250,25000000.000
19592,2042,-2.929688,25000000.000
19593,2042,-2.929688,25000000.000
19594,2041,-3.417969,25000000.000
19595,2041,-3.417969,25000000.000
19596,2043,-2.441406,25000000.000
19597,2043,-2.441406,25000000.000
19598,2043,-2.441406,25000000.000
19599,2044,-1.953125,25000000.000
19600,2046,-0.976562,25000000.000
19601,2046,-0.976562,25000000.000
19602,2048,0.000000,25000000.000
19603,2048,0.000000,25000000.000
19604,2050,0.976562,25000000.000
19605,2051,1.464844,25000000.000
19606,2053,2.441406,25000000.000
19607,2051,1.464844,25000000.000
19608,2053,2.441406,25000000.000
19609,2054,2.929688,25000000.000
19610,2054,2.929688,25000000.000
19611,2054,2.929688,25000000.000
19612,2053,2.441406,25000000.000
19613,2054,2.929688,25000000.000
19614,2054,2.929688,25000000.000
19615,2055,3.417969,25000000.000
19616,2053,2.441406,25000000.000
19617,2051,1.464844,25000000.000
19618,2051,1.464844,25000000.000
19619,2051,1.464844,25000000.000
19620,2051,1.464844,25000000.000
19621,2049,0.488281,25000000.000
19622,2046,-0.976562,25000000.000
19623,2047,-0.488281,25000000.000
19624,2047,-0.488281,25000000.000
19625,2045,-1.464844,25000000.000
19626,2043,-2.441406,25000000.000
19627,2043,-2.441406,25000000.000
19628,2043,-2.441406,25000000.000
19629,2041,-3.417969,25000000.000
19630,2041,-3.417969,25000000.000
19631,2042,-2.929688,25000000.000
19632,2041,-3.417969,25000000.000
19633,2040,-3.906250,25000000.000
19634,2043,-2.441406,25000000.000
19635,2042,-2.929688,25000000.000
19636,2042,-2.929688,25000000.000
19637,2041,-3.417969,25000000.000
19638,2043,-2.441406,25000000.000
19639,2043,-2.441406,25000000.000
19640,2043,-2.441406,25000000.000
19641,2045,-1.464844,25000000.000
19642,2045,-1.464844,25000000.000
19643,2047,-0.488281,25000000.000
19644,2048,0.000000,25000000.000
19645,2050,0.976562,25000000.000
19646,2049,0.488281,25000000.000
19647,2051,1.464844,25000000.000
19648,2052,1.953125,25000000.000
19649,2053,2.441406,25000000.000
19650,2053,2.441406,25000000.000
19651,2053,2.441406,25000000.000
19652,2054,2.929688,25000000.000
19653,2054,2.929688,25000000.000
19654,2054,2.929688,25000000.000
19655,2053,2.441406,25000000.000
19656,2054,2.929688,25000000.000
19657,2054,2.929688,25000000.000
19658,2051,1.464844,25000000.000
19659,2051,1.464844,25000000.000
19660,2052,1.953125,25000000.000
19661,2050,0.976562,25000000.000
19662,2049,0.488281,25000000.000
19663,2049,0.488281,25000000.000
19664,2047,-0.488281,25000000.000
19665,2046,-0.976562,25000000.000
19666,2045,-1.464844,25000000.000
19667,2046,-0.976562,25000000.000
19668,2044,-1.953125,25000000.000
19669,2043,-2.441406,25000000.000
19670,2044,-1.953125,25000000.000
19671,2043,-2.441406,25000000.000
19672,2039,-4.394531,25000000.000
19673,2040,-3.906250,25000000.000
19674,2041,-3.417969,25000000.000
19675,2040,-3.906250,25000000.000
19676,2040,-3.906250,25000000.000
19677,2041,-3.417969,25000000.000
19678,2042,-2.929688,25000000.000
19679,2041,-3.417969,25000000.000
19680,2043,-2.441406,25000000.000
19681,2044,-1.953125,25000000.000
19682,2045,-1.464844,25000000.000
19683,2045,-1.464844,25000000.000
19684,2047,-0.488281,25000000.000
19685,2048,0.000000,25000000.000
19686,2049,0.488281,25000000.000
19687,2047,-0.488281,25000000.000
19688,2051,1.464844,25000000.000
19689,2051,1.464844,25000000.000
19690,2051,1.464844,25000000.000
19691,2051,1.464844,25000000.000
19692,2053,2.441406,25000000.000
19693,2053,2.441406,25000000.000
19694,2053,2.441406,25000000.000
19695,2052,1.953125,25000000.000
19696,2054,2.929688,25000000.000
19697,2051,1.464844,25000000.000
19698,2055,3.417969,25000000.000
19699,2053,2.441406,25000000.000
19700,2052,1.953125,25000000.000
19701,2048,0.000000,25000000.000
19702,2050,0.976562,25000000.000
19703,2050,0.976562,25000000.000
19704,2048,0.000000,25000000.000
19705,2046,-0.976562,25000000.000
19706,2047,-0.488281,25000000.000
19707,2045,-1.464844,25000000.000
19708,2043,-2.441406,25000000.000
19709,2043,-2.441406,25000000.000
19710,2041,-3.417969,25000000.000
19711,2043,-2.441406,25000000.000
19712,2040,-3.906250,25000000.000
19713,2042,-2.929688,25000000.000
19714,2042,-2.929688,25000000.000
19715,2042,-2.929688,25000000.000
19716,2040,-3.906250,25000000.000
19717,2037,-5.371094,25000000.000
19718,2040,-3.906250,25000000.000
19719,2040,-3.906250,25000000.000
19720,2045,-1.464844,25000000.000
19721,2043,-2.441406,25000000.000
19722,2042,-2.929688,25000000.000
19723,2043,-2.441406,25000000.000
19724,2046,-0.976562,25000000.000
19725,2046,-0.976562,25000000.000
19726,2048,0.000000,25000000.000
19727,2048,0.000000,25000000.000
19728,2050,0.976562,25000000.000
19729,2050,0.976562,25000000.000
19730,2052,1.953125,25000000.000
19731,2050,0.976562,25000000.000
19732,2052,1.953125,25000000.000
19733,2051,1.464844,25000000.000
19734,2054,2.929688,25000000.000
19735,2054,2.929688,25000000.000
19736,2053,2.441406,25000000.000
19737,2053,2.441406,25000000.000
19738,2054,2.929688,25000000.000
19739,2052,1.953125,25000000.000
19740,2052,1.953125,25000000.000
19741,2052,1.953125,25000000.000
19742,2052,1.953125,25000000.000
19743,2051,1.464844,25000000.000
19744,2050,0.976562,25000000.000
19745,2048,0.000000,25000000.000
19746,2048,0.000000,25000000.000
19747,2047,-0.488281,25000000.000
19748,2044,-1.953125,25000000.000
19749,2045,-1.464844,25000000.000
19750,2044,-1.953125,25000000.000
19751,2044,-1.953125,25000000.000
19752,2041,-3.417969,25000000.000
19753,2042,-2.929688,25000000.000
19754,2043,-2.441406,25000000.000
19755,2041,-3.417969,25000000.000
19756,2040,-3.906250,25000000.000
19757,2041,-3.417969,25000000.000
19758,2039,-4.394531,25000000.000
19759,2043,-2.441406,25000000.000
19760,2040,-3.906250,25000000.000
19761,2048,0.000000,25000000.000
19762,2042,-2.929688,25000000.000
19763,2044,-1.953125,25000000.000
19764,2044,-1.953125,25000000.000
19765,2045,-1.464844,25000000.000
19766,2049,0.488281,25000000.000
19767,2048,0.000000,25000000.000
19768,2049,0.488281,25000000.000
19769,2050,0.976562,25000000.000
19770,2050,0.976562,25000000.000
19771,2053,2.441406,25000000.000
19772,2050,0.976562,25000000.000
19773,2053,2.441406,25000000.000
19774,2055,3.417969,25000000.000
19775,2054,2.929688,25000000.000
19776,2054,2.929688,25000000.000
19777,2053,2.441406,25000000.000
19778,2053,2.441406,25000000.000
19779,2053,2.441406,25000000.000
19780,2053,2.441406,25000000.000
19781,2052,1.953125,25000000.000
19782,2051,1.464844,25000000.000
19783,2052,1.953125,25000000.000
19784,2050,0.976562,25000000.000
19785,2048,0.000000,25000000.000
19786,2048,0.000000,25000000.000
19787,2048,0.000000,25000000.000
19788,2046,-0.976562,25000000.000
19789,2044,-1.953125,25000000.000
19790,2042,-2.929688,25000000.000
19791,2043,-2.441406,25000000.000
19792,2043,-2.441406,25000000.000
19793,2044,-1.953125,25000000.000
19794,2042,-2.929688,25000000.000
19795,2041,-3.417969,25000000.000
19796,2042,-2.929688,25000000.000
19797,2042,-2.929688,25000000.000
19798,2041,-3.417969,25000000.000
19799,2042,-2.929688,25000000.000
19800,2043,-2.441406,25000000.000
19801,2042,-2.929688,25000000.000
19802,2042,-2.929688,25000000.000
19803,2042,-2.929688,25000000.000
19804,2044,-1.953125,25000000.000
19805,2045,-1.464844,25000000.000
19806,2045,-1.464844,25000000.000
19807,2046,-0.976562,25000000.000
19808,2048,0.000000,25000000.000
19809,2048,0.000000,25000000.000
19810,2049,0.488281,25000000.000
19811,2050,0.976562,25000000.000
19812,2052,1.953125,25000000.000
19813,2053,2.441406,25000000.000
19814,2051,1.464844,25000000.000
19815,2051,1.464844,25000000.000
19816,2055,3.417969,25000000.000
19817,2053,2.441406,25000000.000
19818,2052,1.953125,25000000.000
19819,2052,1.953125,25000000.000
19820,2055,3.417969,25000000.000
19821,2054,2.929688,25000000.000
19822,2053,2.441406,25000000.000
19823,2053,2.441406,25000000.000
19824,2052,1.953125,25000000.000
19825,2052,1.953125,25000000.000
19826,2050,0.976562,25000000.000
19827,2050,0.976562,25000000.000
19828,2048,0.000000,25000000.000
19829,2048,0.000000,25000000.000
19830,2047,-0.488281,25000000.000
19831,2047,-0.488281,25000000.000
19832,2045,-1.464844,25000000.000
19833,2044,-1.953125,25000000.000
19834,2043,-2.441406,25000000.000
19835,2044,-1.953125,25000000.000
19836,2042,-2.929688,25000000.000
19837,2043,-2.441406,25000000.000
19838,2044,-1.953125,25000000.000
19839,2042,-2.929688,25000000.000
19840,2042,-2.929688,25000000.000
19841,2045,-1.464844,25000000.000
19842,2040,-3.906250,25000000.000
19843,2041,-3.417969,25000000.000
19844,2043,-2.441406,25000000.000
19845,2044,-1.953125,25000000.000
19846,2043,-2.441406,25000000.000
19847,2043,-2.441406,25000000.000
19848,2046,-0.976562,25000000.000
19849,2047,-0.488281,25000000.000
19850,2047,-0.488281,25000000.000
19851,2047,-0.488281,25000000.000
19852,2051,1.464844,25000000.000
19853,2052,1.953125,25000000.000
19854,2051,1.464844,25000000.000
19855,2051,1.464844,25000000.000
19856,2053,2.441406,25000000.000
19857,2055,3.417969,25000000.000
19858,2054,2.929688,25000000.000
19859,2054,2.929688,25000000.000
19860,2054,2.929688,25000000.000
19861,2053,2.441406,25000000.000
19862,2052,1.953125,25000000.000
19863,2053,2.441406,25000000.000
19864,2053,2.441406,25000000.000
19865,2051,1.464844,25000000.000
19866,2051,1.464844,25000000.000
19867,2051,1.464844,25000000.000
19868,2048,0.000000,25000000.000
19869,2048,0.000000,25000000.000
19870,2048,0.000000,25000000.000
19871,2046,-0.976562,25000000.000
19872,2043,-2.441406,25000000.000
19873,2041,-3.417969,25000000.000
19874,2043,-2.441406,25000000.000
19875,2043,-2.441406,25000000.000
19876,2041,-3.417969,25000000.000
19877,2041,-3.417969,25000000.000
19878,2040,-3.906250,25000000.000
19879,2041,-3.417969,25000000.000
19880,2040,-3.906250,25000000.000
19881,2040,-3.906250,25000000.000
19882,2042,-2.929688,25000000.000
19883,2040,-3.906250,25000000.000
19884,2042,-2.929688,25000000.000
19885,2042,-2.929688,25000000.000
19886,2043,-2.441406,25000000.000
19887,2042,-2.929688,25000000.000
19888,2046,-0.976562,25000000.000
19889,2044,-1.953125,25000000.000
19890,2046,-0.976562,25000000.000
19891,2046,-0.976562,25000000.000
19892,2048,0.000000,25000000.000
19893,2050,0.976562,25000000.000
19894,2049,0.488281,25000000.000
19895,2050,0.976562,25000000.000
19896,2051,1.464844,25000000.000
19897,2053,2.441406,25000000.000
19898,2054,2.929688,25000000.000
19899,2054,2.929688,25000000.000
19900,2053,2.441406,25000000.000
19901,2053,2.441406,25000000.000
19902,2053,2.441406,25000000.000
19903,2052,1.953125,25000000.000
19904,2051,1.464844,25000000.000
19905,2052,1.953125,25000000.000
19906,2051,1.464844,25000000.000
19907,2051,1.464844,25000000.000
19908,2048,0.000000,25000000.000
19909,2048,0.000000,25000000.000
19910,2048,0.000000,25000000.000
19911,2048,0.000000,25000000.000
19912,2045,-1.464844,25000000.000
19913,2046,-0.976562,25000000.000
19914,2044,-1.953125,25000000.000
19915,2044,-1.953125,25000000.000
19916,2042,-2.929688,25000000.000
19917,2042,-2.929688,25000000.000
19918,2040,-3.906250,25000000.000
19919,2040,-3.906250,25000000.000
19920,2041,-3.417969,25000000.000
19921,2042,-2.929688,25000000.000
19922,2041,-3.417969,25000000.000
19923,2040,-3.906250,25000000.000
19924,2042,-2.929688,25000000.000
19925,2043,-2.441406,25000000.000
19926,2043,-2.441406,25000000.000
19927,2041,-3.417969,25000000.000
19928,2044,-1.953125,25000000.000
19929,2045,-1.464844,25000000.000
19930,2045,-1.464844,25000000.000
19931,2046,-0.976562,25000000.000
19932,2047,-0.488281,25000000.000
19933,2049,0.488281,25000000.000
19934,2048,0.000000,25000000.000
19935,2048,0.000000,25000000.000
19936,2051,1.464844,25000000.000
19937,2051,1.464844,25000000.000
19938,2052,1.953125,25000000.000
19939,2052,1.953125,25000000.000
19940,2052,1.953125,25000000.000
19941,2053,2.441406,25000000.000
19942,2053,2.441406,25000000.000
19943,2053,2.441406,25000000.000
19944,2053,2.441406,25000000.000
19945,2053,2.441406,25000000.000
19946,2051,1.464844,25000000.000
19947,2051,1.464844,25000000.000
19948,2051,1.464844,25000000.000
19949,2050,0.976562,25000000.000
19950,2049,0.488281,25000000.000
19951,2049,0.488281,25000000.000
19952,2047,-0.488281,25000000.000
19953,2046,-0.976562,25000000.000
19954,2044,-1.953125,25000000.000
19955,2045,-1.464844,25000000.000
19956,2044,-1.953125,25000000.000
19957,2043,-2.441406,25000000.000
19958,2042,-2.929688,25000000.000
19959,2042,-2.929688,25000000.000
19960,2040,-3.906250,25000000.000
19961,2040,-3.906250,25000000.000
19962,2041,-3.417969,25000000.000
19963,2041,-3.417969,25000000.000
19964,2042,-2.929688,25000000.000
19965,2043,-2.441406,25000000.000
19966,2042,-2.929688,25000000.000
19967,2043,-2.441406,25000000.000
19968,2045,-1.464844,25000000.000
19969,2046,-0.976562,25000000.000
19970,2046,-0.976562,25000000.000
19971,2045,-1.464844,25000000.000
19972,2047,-0.488281,25000000.000
19973,2048,0.000000,25000000.000
19974,2049,0.488281,25000000.000
19975,2048,0.000000,25000000.000
19976,2050,0.976562,25000000.000
19977,2052,1.953125,25000000.000
19978,2052,1.953125,25000000.000
19979,2052,1.953125,25000000.000
19980,2052,1.953125,25000000.000
19981,2054,2.929688,25000000.000
19982,2054,2.929688,25000000.000
19983,2053,2.441406,25000000.000
19984,2054,2.929688,25000000.000
19985,2053,2.441406,25000000.000
19986,2053,2.441406,25000000.000
19987,2052,1.953125,25000000.000
19988,2053,2.441406,25000000.000
19989,2052,1.953125,25000000.000
19990,2050,0.976562,25000000.000
19991,2050,0.976562,25000000.000
19992,2048,0.000000,25000000.000
19993,2048,0.000000,25000000.000
19994,2046,-0.976562,25000000.000
19995,2046,-0.976562,25000000.000
19996,2045,-1.464844,25000000.000
19997,2043,-2.441406,25000000.000
19998,2043,-2.441406,25000000.000
19999,2042,-2.929688,25000000.000
20000,2043,-2.441406,25000000.000
20001,2041,-3.417969,25000000.000
20002,2042,-2.929688,25000000.000
20003,2042,-2.929688,25000000.000
20004,2041,-3.417969,25000000.000
20005,2041,-3.417969,25000000.000
20006,2042,-2.929688,25000000.000
20007,2044,-1.953125,25000000.000
20008,2042,-2.929688,25000000.000
20009,2044,-1.953125,25000000.000
20010,2044,-1.953125,25000000.000
20011,2044,-1.953125,25000000.000
20012,2046,-0.976562,25000000.000
20013,2048,0.000000,25000000.000
20014,2049,0.488281,25000000.000
20015,2047,-0.488281,25000000.000
20016,2050,0.976562,25000000.000
20017,2051,1.464844,25000000.000
20018,2051,1.464844,25000000.000
20019,2050,0.976562,25000000.000
20020,2056,3.906250,25000000.000
20021,2053,2.441406,25000000.000
20022,2053,2.441406,25000000.000
20023,2053,2.441406,25000000.000
20024,2054,2.929688,25000000.000
20025,2054,2.929688,25000000.000
20026,2054,2.929688,25000000.000
20027,2053,2.441406,25000000.000
20028,2052,1.953125,25000000.000
20029,2051,1.464844,25000000.000
20030,2052,1.953125,25000000.000
20031,2051,1.464844,25000000.000
20032,2049,0.488281,25000000.000
20033,2046,-0.976562,25000000.000
20034,2050,0.976562,25000000.000
20035,2050,0.976562,25000000.000
20036,2045,-1.464844,25000000.000
20037,2043,-2.441406,25000000.000
20038,2045,-1.464844,25000000.000
20039,2044,-1.953125,25000000.000
20040,2042,-2.929688,25000000.000
20041,2042,-2.929688,25000000.000
20042,2040,-3.906250,25000000.000
20043,2040,-3.906250,25000000.000
20044,2041,-3.417969,25000000.000
20045,2041,-3.417969,25000000.000
20046,2041,-3.417969,25000000.000
20047,2042,-2.929688,25000000.000
20048,2041,-3.417969,25000000.000
20049,2042,-2.929688,25000000.000
20050,2046,-0.976562,25000000.000
20051,2043,-2.441406,25000000.000
20052,2046,-0.976562,25000000.000
20053,2045,-1.464844,25000000.000
20054,2047,-0.488281,25000000.000
20055,2045,-1.464844,25000000.000
20056,2049,0.488281,25000000.000
20057,2050,0.976562,25000000.000
20058,2050,0.976562,25000000.000
20059,2051,1.464844,25000000.000
20060,2052,1.953125,25000000.000
20061,2053,2.441406,25000000.000
20062,2061,6.347656,25000000.000
20063,2050,0.976562,25000000.000
20064,2051,1.464844,25000000.000
20065,2053,2.441406,25000000.000
20066,2053,2.441406,25000000.000
20067,2053,2.441406,25000000.000
20068,2052,1.953125,25000000.000
20069,2052,1.953125,25000000.000
20070,2052,1.953125,25000000.000
20071,2051,1.464844,25000000.000
20072,2048,0.000000,25000000.000
20073,2049,0.488281,25000000.000
20074,2048,0.000000,25000000.000
20075,2047,-0.488281,25000000.000
20076,2045,-1.464844,25000000.000
20077,2045,-1.464844,25000000.000
20078,2046,-0.976562,25000000.000
20079,2045,-1.464844,25000000.000
20080,2041,-3.417969,25000000.000
20081,2042,-2.929688,25000000.000
20082,2043,-2.441406,25000000.000
20083,2042,-2.929688,25000000.000
20084,2042,-2.929688,25000000.000
20085,2039,-4.394531,25000000.000
20086,2040,-3.906250,25000000.000
20087,2039,-4.394531,25000000.000
20088,2042,-2.929688,25000000.000
20089,2041,-3.417969,25000000.000
20090,2040,-3.906250,25000000.000
20091,2041,-3.417969,25000000.000
20092,2043,-2.441406,25000000.000
20093,2045,-1.464844,25000000.000
20094,2045,-1.464844,25000000.000
20095,2046,-0.976562,25000000.000
20096,2047,-0.488281,25000000.000
20097,2049,0.488281,25000000.000
20098,2050,0.976562,25000000.000
20099,2050,0.976562,25000000.000
20100,2052,1.953125,25000000.000
20101,2050,0.976562,25000000.000
20102,2053,2.441406,25000000.000
20103,2053,2.441406,25000000.000
20104,2054,2.929688,25000000.000
20105,2053,2.441406,25000000.000
20106,2053,2.441406,25000000.000
20107,2053,2.441406,25000000.000
20108,2047,-0.488281,25000000.000
20109,2050,0.976562,25000000.000
20110,2052,1.953125,25000000.000
20111,2049,0.488281,25000000.000
20112,2050,0.976562,25000000.000
20113,2051,1.464844,25000000.000
20114,2050,0.976562,25000000.000
20115,2049,0.488281,25000000.000
20116,2047,-0.488281,25000000.000
20117,2046,-0.976562,25000000.000
20118,2045,-1.464844,25000000.000
20119,2044,-1.953125,25000000.000
20120,2044,-1.953125,25000000.000
20121,2042,-2.929688,25000000.000
20122,2041,-3.417969,25000000.000
20123,2042,-2.929688,25000000.000
20124,2040,-3.906250,25000000.000
20125,2041,-3.417969,25000000.000
20126,2040,-3.906250,25000000.000
20127,2040,-3.906250,25000000.000
20128,2041,-3.417969,25000000.000
20129,2039,-4.394531,25000000.000
20130,2041,-3.417969,25000000.000
20131,2042,-2.929688,25000000.000
20132,2044,-1.953125,25000000.000
20133,2044,-1.953125,25000000.000
20134,2044,-1.953125,25000000.000
20135,2047,-0.488281,25000000.000
20136,2047,-0.488281,25000000.000
20137,2048,0.000000,25000000.000
20138,2047,-0.488281,25000000.000
20139,2049,0.488281,25000000.000
20140,2049,0.488281,25000000.000
20141,2051,1.464844,25000000.000
20142,2052,1.953125,25000000.000
20143,2051,1.464844,25000000.000
20144,2053,2.441406,25000000.000
20145,2053,2.441406,25000000.000
20146,2053,2.441406,25000000.000
20147,2053,2.441406,25000000.000
20148,2054,2.929688,25000000.000
20149,2053,2.441406,25000000.000
20150,2053,2.441406,25000000.000
20151,2052,1.953125,25000000.000
20152,2051,1.464844,25000000.000
20153,2052,1.953125,25000000.000
20154,2049,0.488281,25000000.000
20155,2050,0.976562,25000000.000
20156,2049,0.488281,25000000.000
20157,2047,-0.488281,25000000.000
20158,2045,-1.464844,25000000.000
20159,2046,-0.976562,25000000.000
20160,2044,-1.953125,25000000.000
20161,2045,-1.464844,25000000.000
20162,2043,-2.441406,25000000.000
20163,2044,-1.953125,25000000.000
20164,2041,-3.417969,25000000.000
20165,2041,-3.417969,25000000.000
20166,2042,-2.929688,25000000.000
20167,2042,-2.929688,25000000.000
20168,2042,-2.929688,25000000.000
20169,2042,-2.929688,25000000.000
20170,2041,-3.417969,25000000.000
20171,2043,-2.441406,25000000.000
20172,2044,-1.953125,25000000.000
20173,2044,-1.953125,25000000.000
20174,2043,-2.441406,25000000.000
20175,2046,-0.976562,25000000.000
20176,2049,0.488281,25000000.000
20177,2047,-0.488281,25000000.000
20178,2048,0.000000,25000000.000
20179,2051,1.464844,25000000.000
20180,2049,0.488281,25000000.000
20181,2051,1.464844,25000000.000
20182,2052,1.953125,25000000.000
20183,2052,1.953125,25000000.000
20184,2053,2.441406,25000000.000
20185,2053,2.441406,25000000.000
20186,2054,2.929688,25000000.000
20187,2052,1.953125,25000000.000
20188,2056,3.906250,25000000.000
20189,2053,2.441406,25000000.000
20190,2054,2.929688,25000000.000
20191,2054,2.929688,25000000.000
20192,2053,2.441406,25000000.000
20193,2053,2.441406,25000000.000
20194,2051,1.464844,25000000.000
20195,2051,1.464844,25000000.000
20196,2049,0.488281,25000000.000
20197,2048,0.000000,25000000.000
20198,2049,0.488281,25000000.000
20199,2048,0.000000,25000000.000
20200,2046,-0.976562,25000000.000
20201,2046,-0.976562,25000000.000
20202,2045,-1.464844,25000000.000
20203,2044,-1.953125,25000000.000
20204,2042,-2.929688,25000000.000
20205,2042,-2.929688,25000000.000
20206,2041,-3.417969,25000000.000
20207,2041,-3.417969,25000000.000
20208,2041,-3.417969,25000000.000
20209,2043,-2.441406,25000000.000
20210,2042,-2.929688,25000000.000
20211,2042,-2.929688,25000000.000
20212,2042,-2.929688,25000000.000
20213,2044,-1.953125,25000000.000
20214,2044,-1.953125,25000000.000
20215,2043,-2.441406,25000000.000
20216,2045,-1.464844,25000000.000
20217,2046,-0.976562,25000000.000
20218,2048,0.000000,25000000.000
20219,2047,-0.488281,25000000.000
20220,2049,0.488281,25000000.000
20221,2050,0.976562,25000000.000
20222,2049,0.488281,25000000.000
20223,2050,0.976562,25000000.000
20224,2052,1.953125,25000000.000
20225,2053,2.441406,25000000.000
20226,2053,2.441406,25000000.000
20227,2053,2.441406,25000000.000
20228,2053,2.441406,25000000.000
20229,2054,2.929688,25000000.000
20230,2054,2.929688,25000000.000
20231,2054,2.929688,25000000.000
20232,2055,3.417969,25000000.000
20233,2052,1.953125,25000000.000
20234,2052,1.953125,25000000.000
20235,2051,1.464844,25000000.000
20236,2048,0.000000,25000000.000
20237,2048,0.000000,25000000.000
20238,2051,1.464844,25000000.000
20239,2047,-0.488281,25000000.000
20240,2042,-2.929688,25000000.000
20241,2045,-1.464844,25000000.000
20242,2045,-1.464844,25000000.000
20243,2044,-1.953125,25000000.000
20244,2043,-2.441406,25000000.000
20245,2042,-2.929688,25000000.000
20246,2042,-2.929688,25000000.000
20247,2042,-2.929688,25000000.000
20248,2041,-3.417969,25000000.000
20249,2041,-3.417969,25000000.000
20250,2042,-2.929688,25000000.000
20251,2040,-3.906250,25000000.000
20252,2041,-3.417969,25000000.000
20253,2040,-3.906250,25000000.000
20254,2042,-2.929688,25000000.000
20255,2041,-3.417969,25000000.000
20256,2042,-2.929688,25000000.000
20257,2044,-1.953125,25000000.000
20258,2044,-1.953125,25000000.000
20259,2046,-0.976562,25000000.000
20260,2046,-0.976562,25000000.000
20261,2046,-0.976562,25000000.000
20262,2047,-0.488281,25000000.000
20263,2049,0.488281,25000000.000
20264,2051,1.464844,25000000.000
20265,2050,0.976562,25000000.000
20266,2051,1.464844,25000000.000
20267,2052,1.953125,25000000.000
20268,2052,1.953125,25000000.000
20269,2052,1.953125,25000000.000
20270,2054,2.929688,25000000.000
20271,2053,2.441406,25000000.000
20272,2053,2.441406,25000000.000
20273,2052,1.953125,25000000.000
20274,2052,1.953125,25000000.000
20275,2051,1.464844,25000000.000
20276,2051,1.464844,25000000.000
20277,2051,1.464844,25000000.000
20278,2048,0.000000,25000000.000
20279,2049,0.488281,25000000.000
20280,2048,0.000000,25000000.000
20281,2047,-0.488281,25000000.000
20282,2046,-0.976562,25000000.000
20283,2045,-1.464844,25000000.000
20284,2046,-0.976562,25000000.000
20285,2042,-2.929688,25000000.000
20286,2041,-3.417969,25000000.000
20287,2041,-3.417969,25000000.000
20288,2042,-2.929688,25000000.000
20289,2041,-3.417969,25000000.000
20290,2040,-3.906250,25000000.000
20291,2040,-3.906250,25000000.000
20292,2040,-3.906250,25000000.000
20293,2040,-3.906250,25000000.000
20294,2043,-2.441406,25000000.000
20295,2041,-3.417969,25000000.000
20296,2042,-2.929688,25000000.000
20297,2042,-2.929688,25000000.000
20298,2043,-2.441406,25000000.000
20299,2044,-1.953125,25000000.000
20300,2045,-1.464844,25000000.000
20301,2046,-0.976562,25000000.000
20302,2048,0.000000,25000000.000
20303,2048,0.000000,25000000.000
20304,2049,0.488281,25000000.000
20305,2050,0.976562,25000000.000
20306,2050,0.976562,25000000.000
20307,2052,1.953125,25000000.000
20308,2051,1.464844,25000000.000
20309,2053,2.441406,25000000.000
20310,2053,2.441406,25000000.000
20311,2054,2.929688,25000000.000
20312,2052,1.953125,25000000.000
20313,2053,2.441406,25000000.000
20314,2054,2.929688,25000000.000
20315,2052,1.953125,25000000.000
20316,2054,2.929688,25000000.000
20317,2050,0.976562,25000000.000
20318,2048,0.000000,25000000.000
20319,2048,0.000000,25000000.000
20320,2051,1.464844,25000000.000
20321,2049,0.488281,25000000.000
20322,2046,-0.976562,25000000.000
20323,2045,-1.464844,25000000.000
20324,2044,-1.953125,25000000.000
20325,2045,-1.464844,25000000.000
20326,2043,-2.441406,25000000.000
20327,2044,-1.953125,25000000.000
20328,2041,-3.417969,25000000.000
20329,2041,-3.417969,25000000.000
20330,2042,-2.929688,25000000.000
20331,2041,-3.417969,25000000.000
20332,2040,-3.906250,25000000.000
20333,2041,-3.417969,25000000.000
20334,2039,-4.394531,25000000.000
20335,2042,-2.929688,25000000.000
20336,2038,-4.882812,25000000.000
20337,2042,-2.929688,25000000.000
20338,2043,-2.441406,25000000.000
20339,2042,-2.929688,25000000.000
20340,2044,-1.953125,25000000.000
20341,2048,0.000000,25000000.000
20342,2046,-0.976562,25000000.000
20343,2047,-0.488281,25000000.000
20344,2049,0.488281,25000000.000
20345,2050,0.976562,25000000.000
20346,2051,1.464844,25000000.000
20347,2051,1.464844,25000000.000
20348,2053,2.441406,25000000.000
20349,2053,2.441406,25000000.000
20350,2053,2.441406,25000000.000
20351,2053,2.441406,25000000.000
20352,2055,3.417969,25000000.000
20353,2054,2.929688,25000000.000
20354,2054,2.929688,25000000.000
20355,2053,2.441406,25000000.000
20356,2053,2.441406,25000000.000
20357,2052,1.953125,25000000.000
20358,2051,1.464844,25000000.000
20359,2051,1.464844,25000000.000
20360,2051,1.464844,25000000.000
20361,2050,0.976562,25000000.000
20362,2047,-0.488281,25000000.000
20363,2048,0.000000,25000000.000
20364,2045,-1.464844,25000000.000
20365,2045,-1.464844,25000000.000
20366,2046,-0.976562,25000000.000
20367,2047,-0.488281,25000000.000
20368,2043,-2.441406,25000000.000
20369,2041,-3.417969,25000000.000
20370,2042,-2.929688,25000000.000
20371,2041,-3.417969,25000000.000
20372,2041,-3.417969,25000000.000
20373,2040,-3.906250,25000000.000
20374,2040,-3.906250,25000000.000
20375,2042,-2.929688,25000000.000
20376,2042,-2.929688,25000000.000
20377,2043,-2.441406,25000000.000
20378,2043,-2.441406,25000000.000
20379,2043,-2.441406,25000000.000
20380,2046,-0.976562,25000000.000
20381,2045,-1.464844,25000000.000
20382,2046,-0.976562,25000000.000
20383,2045,-1.464844,25000000.000
20384,2048,0.000000,25000000.000
20385,2049,0.488281,25000000.000
20386,2049,0.488281,25000000.000
20387,2049,0.488281,25000000.000
20388,2053,2.441406,25000000.000
20389,2053,2.441406,25000000.000
20390,2052,1.953125,25000000.000
20391,2053,2.441406,25000000.000
20392,2053,2.441406,25000000.000
20393,2054,2.929688,25000000.000
20394,2052,1.953125,25000000.000
20395,2053,2.441406,25000000.000
20396,2054,2.929688,25000000.000
20397,2053,2.441406,25000000.000
20398,2052,1.953125,25000000.000
20399,2052,1.953125,25000000.000
20400,2051,1.464844,25000000.000
20401,2049,0.488281,25000000.000
20402,2050,0.976562,25000000.000
20403,2048,0.000000,25000000.000
20404,2046,-0.976562,25000000.000
20405,2046,-0.976562,25000000.000
20406,2045,-1.464844,25000000.000
20407,2044,-1.953125,25000000.000
20408,2047,-0.488281,25000000.000
20409,2054,2.929688,25000000.000
20410,2042,-2.929688,25000000.000
20411,2043,-2.441406,25000000.000
20412,2041,-3.417969,25000000.000
20413,2042,-2.929688,25000000.000
20414,2041,-3.417969,25000000.000
20415,2039,-4.394531,25000000.000
20416,2043,-2.441406,25000000.000
20417,2041,-3.417969,25000000.000
20418,2042,-2.929688,25000000.000
20419,2043,-2.441406,25000000.000
20420,2045,-1.464844,25000000.000
20421,2045,-1.464844,25000000.000
20422,2044,-1.953125,25000000.000
20423,2044,-1.953125,25000000.000
20424,2047,-0.488281,25000000.000
20425,2049,0.488281,25000000.000
20426,2049,0.488281,25000000.000
20427,2049,0.488281,25000000.000
20428,2051,1.464844,25000000.000
20429,2051,1.464844,25000000.000
20430,2052,1.953125,25000000.000
20431,2053,2.441406,25000000.000
20432,2053,2.441406,25000000.000
20433,2052,1.953125,25000000.000
20434,2056,3.906250,25000000.000
20435,2054,2.929688,25000000.000
20436,2054,2.929688,25000000.000
20437,2053,2.441406,25000000.000
20438,2053,2.441406,25000000.000
20439,2052,1.953125,25000000.000
20440,2051,1.464844,25000000.000
20441,2050,0.976562,25000000.000
20442,2050,0.976562,25000000.000
20443,2050,0.976562,25000000.000
20444,2048,0.000000,25000000.000
20445,2048,0.000000,25000000.000
20446,2046,-0.976562,25000000.000
20447,2047,-0.488281,25000000.000
20448,2045,-1.464844,25000000.000
20449,2044,-1.953125,25000000.000
20450,2044,-1.953125,25000000.000
20451,2043,-2.441406,25000000.000
20452,2040,-3.906250,25000000.000
20453,2043,-2.441406,25000000.000
20454,2041,-3.417969,25000000.000
20455,2045,-1.464844,25000000.000
20456,2039,-4.394531,25000000.000
20457,2040,-3.906250,25000000.000
20458,2041,-3.417969,25000000.000
20459,2041,-3.417969,25000000.000
20460,2041,-3.417969,25000000.000
20461,2043,-2.441406,25000000.000
20462,2044,-1.953125,25000000.000
20463,2045,-1.464844,25000000.000
20464,2046,-0.976562,25000000.000
20465,2045,-1.464844,25000000.000
20466,2047,-0.488281,25000000.000
20467,2048,0.000000,25000000.000
20468,2050,0.976562,25000000.000
20469,2050,0.976562,25000000.000
20470,2052,1.953125,25000000.000
20471,2051,1.464844,25000000.000
20472,2052,1.953125,25000000.000
20473,2054,2.929688,25000000.000
20474,2052,1.953125,25000000.000
20475,2053,2.441406,25000000.000
20476,2054,2.929688,25000000.000
20477,2054,2.929688,25000000.000
20478,2052,1.953125,25000000.000
20479,2052,1.953125,25000000.000
20480,2052,1.953125,25000000.000
20481,2052,1.953125,25000000.000
20482,2052,1.953125,25000000.000
20483,2050,0.976562,25000000.000
20484,2049,0.488281,25000000.000
20485,2048,0.000000,25000000.000
20486,2047,-0.488281,25000000.000
20487,2046,-0.976562,25000000.000
20488,2046,-0.976562,25000000.000
20489,2045,-1.464844,25000000.000
20490,2043,-2.441406,25000000.000
20491,2043,-2.441406,25000000.000
20492,2041,-3.417969,25000000.000
20493,2042,-2.929688,25000000.000
20494,2039,-4.394531,25000000.000
20495,2041,-3.417969,25000000.000
20496,2041,-3.417969,25000000.000
20497,2039,-4.394531,25000000.000
20498,2039,-4.394531,25000000.000
20499,2039,-4.394531,25000000.000
20500,2042,-2.929688,25000000.000
20501,2043,-2.441406,25000000.000
20502,2043,-2.441406,25000000.000
20503,2043,-2.441406,25000000.000
20504,2045,-1.464844,25000000.000
20505,2047,-0.488281,25000000.000
20506,2045,-1.464844,25000000.000
20507,2046,-0.976562,25000000.000
20508,2047,-0.488281,25000000.000
20509,2051,1.464844,25000000.000
20510,2050,0.976562,25000000.000
20511,2052,1.953125,25000000.000
20512,2051,1.464844,25000000.000
20513,2051,1.464844,25000000.000
20514,2053,2.441406,25000000.000
20515,2053,2.441406,25000000.000
20516,2052,1.953125,25000000.000
20517,2052,1.953125,25000000.000
20518,2053,2.441406,25000000.000
20519,2052,1.953125,25000000.000
20520,2052,1.953125,25000000.000
20521,2051,1.464844,25000000.000
20522,2051,1.464844,25000000.000
20523,2050,0.976562,25000000.000
20524,2049,0.488281,25000000.000
20525,2048,0.000000,25000000.000
20526,2048,0.000000,25000000.000
20527,2049,0.488281,25000000.000
20528,2047,-0.488281,25000000.000
20529,2045,-1.464844,25000000.000
20530,2045,-1.464844,25000000.000
20531,2046,-0.976562,25000000.000
20532,2043,-2.441406,25000000.000
20533,2043,-2.441406,25000000.000
20534,2043,-2.441406,25000000.000
20535,2043,-2.441406,25000000.000
20536,2039,-4.394531,25000000.000
20537,2041,-3.417969,25000000.000
20538,2043,-2.441406,25000000.000
20539,2040,-3.906250,25000000.000
20540,2039,-4.394531,25000000.000
20541,2046,-0.976562,25000000.000
20542,2040,-3.906250,25000000.000
20543,2043,-2.441406,25000000.000
20544,2043,-2.441406,25000000.000
20545,2046,-0.976562,25000000.000
20546,2046,-0.976562,25000000.000
20547,2045,-1.464844,25000000.000
20548,2048,0.000000,25000000.000
20549,2047,-0.488281,25000000.000
20550,2050,0.976562,25000000.000
20551,2047,-0.488281,25000000.000
20552,2053,2.441406,25000000.000
20553,2054,2.929688,25000000.000
20554,2050,0.976562,25000000.000
20555,2056,3.906250,25000000.000
20556,2052,1.953125,25000000.000
20557,2057,4.394531,25000000.000
20558,2051,1.464844,25000000.000
20559,2055,3.417969,25000000.000
20560,2053,2.441406,25000000.000
20561,2054,2.929688,25000000.000
20562,2054,2.929688,25000000.000
20563,2053,2.441406,25000000.000
20564,2053,2.441406,25000000.000
20565,2050,0.976562,25000000.000
20566,2050,0.976562,25000000.000
20567,2050,0.976562,25000000.000
20568,2049,0.488281,25000000.000
20569,2047,-0.488281,25000000.000
20570,2046,-0.976562,25000000.000
20571,2046,-0.976562,25000000.000
20572,2044,-1.953125,25000000.000
20573,2044,-1.953125,25000000.000
20574,2042,-2.929688,25000000.000
20575,2043,-2.441406,25000000.000
20576,2041,-3.417969,25000000.000
20577,2042,-2.929688,25000000.000
20578,2042,-2.929688,25000000.000
20579,2041,-3.417969,25000000.000
20580,2041,-3.417969,25000000.000
20581,2041,-3.417969,25000000.000
20582,2043,-2.441406,25000000.000
20583,2041,-3.417969,25000000.000
20584,2045,-1.464844,25000000.000
20585,2043,-2.441406,25000000.000
20586,2044,-1.953125,25000000.000
20587,2044,-1.953125,25000000.000
20588,2048,0.000000,25000000.000
20589,2047,-0.488281,25000000.000
20590,2048,0.000000,25000000.000
20591,2049,0.488281,25000000.000
20592,2049,0.488281,25000000.000
20593,2050,0.976562,25000000.000
20594,2051,1.464844,25000000.000
20595,2050,0.976562,25000000.000
20596,2052,1.953125,25000000.000
20597,2053,2.441406,25000000.000
20598,2053,2.441406,25000000.000
20599,2053,2.441406,25000000.000
20600,2054,2.929688,25000000.000
20601,2053,2.441406,25000000.000
20602,2053,2.441406,25000000.000
20603,2053,2.441406,25000000.000
20604,2051,1.464844,25000000.000
20605,2052,1.953125,25000000.000
20606,2051,1.464844,25000000.000
20607,2052,1.953125,25000000.000
20608,2049,0.488281,25000000.000
20609,2050,0.976562,25000000.000
20610,2048,0.000000,25000000.000
20611,2047,-0.488281,25000000.000
20612,2044,-1.953125,25000000.000
20613,2044,-1.953125,25000000.000
20614,2045,-1.464844,25000000.000
20615,2042,-2.929688,25000000.000
20616,2043,-2.441406,25000000.000
20617,2041,-3.417969,25000000.000
20618,2041,-3.417969,25000000.000
20619,2041,-3.417969,25000000.000
20620,2041,-3.417969,25000000.000
20621,2042,-2.929688,25000000.000
20622,2041,-3.417969,25000000.000
20623,2041,-3.417969,25000000.000
20624,2043,-2.441406,25000000.000
20625,2044,-1.953125,25000000.000
20626,2044,-1.953125,25000000.000
20627,2044,-1.953125,25000000.000
20628,2046,-0.976562,25000000.000
20629,2047,-0.488281,25000000.000
20630,2048,0.000000,25000000.000
20631,2048,0.000000,25000000.000
20632,2049,0.488281,25000000.000
20633,2051,1.464844,25000000.000
20634,2051,1.464844,25000000.000
20635,2052,1.953125,25000000.000
20636,2052,1.953125,25000000.000
20637,2052,1.953125,25000000.000
20638,2054,2.929688,25000000.000
20639,2053,2.441406,25000000.000
20640,2052,1.953125,25000000.000
20641,2053,2.441406,25000000.000
20642,2052,1.953125,25000000.000
20643,2052,1.953125,25000000.000
20644,2052,1.953125,25000000.000
20645,2053,2.441406,25000000.000
20646,2050,0.976562,25000000.000
20647,2050,0.976562,25000000.000
20648,2050,0.976562,25000000.000
20649,2049,0.488281,25000000.000
20650,2048,0.000000,25000000.000
20651,2047,-0.488281,25000000.000
20652,2046,-0.976562,25000000.000
20653,2045,-1.464844,25000000.000
20654,2044,-1.953125,25000000.000
20655,2044,-1.953125,25000000.000
20656,2042,-2.929688,25000000.000
20657,2042,-2.929688,25000000.000
20658,2041,-3.417969,25000000.000
20659,2040,-3.906250,25000000.000
20660,2041,-3.417969,25000000.000
20661,2040,-3.906250,25000000.000
20662,2040,-3.906250,25000000.000
20663,2041,-3.417969,25000000.000
20664,2042,-2.929688,25000000.000
20665,2042,-2.929688,25000000.000
20666,2043,-2.441406,25000000.000
20667,2042,-2.929688,25000000.000
20668,2043,-2.441406,25000000.000
20669,2045,-1.464844,25000000.000
20670,2047,-0.488281,25000000.000
20671,2046,-0.976562,25000000.000
20672,2047,-0.488281,25000000.000
20673,2049,0.488281,25000000.000
20674,2050,0.976562,25000000.000
20675,2049,0.488281,25000000.000
20676,2051,1.464844,25000000.000
20677,2053,2.441406,25000000.000
20678,2052,1.953125,25000000.000
20679,2052,1.953125,25000000.000
20680,2053,2.441406,25000000.000
20681,2053,2.441406,25000000.000
20682,2053,2.441406,25000000.000
20683,2052,1.953125,25000000.000
20684,2053,2.441406,25000000.000
20685,2051,1.464844,25000000.000
20686,2051,1.464844,25000000.000
20687,2051,1.464844,25000000.000
20688,2050,0.976562,25000000.000
20689,2049,0.488281,25000000.000
20690,2047,-0.488281,25000000.000
20691,2047,-0.488281,25000000.000
20692,2046,-0.976562,25000000.000
20693,2046,-0.976562,25000000.000
20694,2045,-1.464844,25000000.000
20695,2045,-1.464844,25000000.000
20696,2043,-2.441406,25000000.000
20697,2042,-2.929688,25000000.000
20698,2042,-2.929688,25000000.000
20699,2041,-3.417969,25000000.000
20700,2041,-3.417969,25000000.000
20701,2041,-3.417969,25000000.000
20702,2041,-3.417969,25000000.000
20703,2040,-3.906250,25000000.000
20704,2041,-3.417969,25000000.000
20705,2043,-2.441406,25000000.000
20706,2042,-2.929688,25000000.000
20707,2042,-2.929688,25000000.000
20708,2042,-2.929688,25000000.000
20709,2045,-1.464844,25000000.000
20710,2045,-1.464844,25000000.000
20711,2045,-1.464844,25000000.000
20712,2047,-0.488281,25000000.000
20713,2047,-0.488281,25000000.000
20714,2049,0.488281,25000000.000
20715,2048,0.000000,25000000.000
20716,2051,1.464844,25000000.000
20717,2050,0.976562,25000000.000
20718,2051,1.464844,25000000.000
20719,2051,1.464844,25000000.000
20720,2052,1.953125,25000000.000
20721,2052,1.953125,25000000.000
20722,2051,1.464844,25000000.000
20723,2051,1.464844,25000000.000
20724,2051,1.464844,25000000.000
20725,2049,0.488281,25000000.000
20726,2056,3.906250,25000000.000
20727,2054,2.929688,25000000.000
20728,2050,0.976562,25000000.000
20729,2049,0.488281,25000000.000
20730,2053,2.441406,25000000.000
20731,2051,1.464844,25000000.000
20732,2048,0.000000,25000000.000
20733,2047,-0.488281,25000000.000
20734,2048,0.000000,25000000.000
20735,2048,0.000000,25000000.000
20736,2044,-1.953125,25000000.000
20737,2043,-2.441406,25000000.000
20738,2044,-1.953125,25000000.000
20739,2042,-2.929688,25000000.000
20740,2041,-3.417969,25000000.000
20741,2042,-2.929688,25000000.000
20742,2041,-3.417969,25000000.000
20743,2042,-2.929688,25000000.000
20744,2041,-3.417969,25000000.000
20745,2041,-3.417969,25000000.000
20746,2043,-2.441406,25000000.000
20747,2042,-2.929688,25000000.000
20748,2044,-1.953125,25000000.000
20749,2044,-1.953125,25000000.000
20750,2045,-1.464844,25000000.000
20751,2045,-1.464844,25000000.000
20752,2046,-0.976562,25000000.000
20753,2047,-0.488281,25000000.000
20754,2045,-1.464844,25000000.000
20755,2045,-1.464844,25000000.000
20756,2052,1.953125,25000000.000
20757,2048,0.000000,25000000.000
20758,2049,0.488281,25000000.000
20759,2052,1.953125,25000000.000
20760,2053,2.441406,25000000.000
20761,2052,1.953125,25000000.000
20762,2052,1.953125,25000000.000
20763,2054,2.929688,25000000.000
20764,2054,2.929688,25000000.000
20765,2054,2.929688,25000000.000
20766,2054,2.929688,25000000.000
20767,2054,2.929688,25000000.000
20768,2052,1.953125,25000000.000
20769,2052,1.953125,25000000.000
20770,2051,1.464844,25000000.000
20771,2050,0.976562,25000000.000
20772,2049,0.488281,25000000.000
20773,2049,0.488281,25000000.000
20774,2048,0.000000,25000000.000
20775,2048,0.000000,25000000.000
20776,2046,-0.976562,25000000.000
20777,2044,-1.953125,25000000.000
20778,2044,-1.953125,25000000.000
20779,2044,-1.953125,25000000.000
20780,2043,-2.441406,25000000.000
20781,2042,-2.929688,25000000.000
20782,2041,-3.417969,25000000.000
20783,2042,-2.929688,25000000.000
20784,2042,-2.929688,25000000.000
20785,2041,-3.417969,25000000.000
20786,2042,-2.929688,25000000.000
20787,2041,-3.417969,25000000.000
20788,2044,-1.953125,25000000.000
20789,2043,-2.441406,25000000.000
20790,2044,-1.953125,25000000.000
20791,2043,-2.441406,25000000.000
20792,2045,-1.464844,25000000.000
20793,2046,-0.976562,25000000.000
20794,2047,-0.488281,25000000.000
20795,2048,0.000000,25000000.000
20796,2049,0.488281,25000000.000
20797,2047,-0.488281,25000000.000
20798,2050,0.976562,25000000.000
20799,2050,0.976562,25000000.000
20800,2051,1.464844,25000000.000
20801,2053,2.441406,25000000.000
20802,2056,3.906250,25000000.000
20803,2052,1.953125,25000000.000
20804,2054,2.929688,25000000.000
20805,2051,1.464844,25000000.000
20806,2054,2.929688,25000000.000
20807,2054,2.929688,25000000.000
20808,2051,1.464844,25000000.000
20809,2051,1.464844,25000000.000
20810,2051,1.464844,25000000.000
20811,2050,0.976562,25000000.000
20812,2050,0.976562,25000000.000
20813,2051,1.464844,25000000.000
20814,2050,0.976562,25000000.000
20815,2047,-0.488281,25000000.000
20816,2046,-0.976562,25000000.000
20817,2048,0.000000,25000000.000
20818,2049,0.488281,25000000.000
20819,2042,-2.929688,25000000.000
20820,2044,-1.953125,25000000.000
20821,2042,-2.929688,25000000.000
20822,2042,-2.929688,25000000.000
20823,2044,-1.953125,25000000.000
20824,2042,-2.929688,25000000.000
20825,2042,-2.929688,25000000.000
20826,2041,-3.417969,25000000.000
20827,2042,-2.929688,25000000.000
20828,2043,-2.441406,25000000.000
20829,2042,-2.929688,25000000.000
20830,2044,-1.953125,25000000.000
20831,2043,-2.441406,25000000.000
20832,2044,-1.953125,25000000.000
20833,2045,-1.464844,25000000.000
20834,2047,-0.488281,25000000.000
20835,2046,-0.976562,25000000.000
20836,2046,-0.976562,25000000.000
20837,2048,0.000000,25000000.000
20838,2050,0.976562,25000000.000
20839,2049,0.488281,25000000.000
20840,2052,1.953125,25000000.000
20841,2052,1.953125,25000000.000
20842,2053,2.441406,25000000.000
20843,2053,2.441406,25000000.000
20844,2053,2.441406,25000000.000
20845,2053,2.441406,25000000.000
20846,2054,2.929688,25000000.000
20847,2052,1.953125,25000000.000
20848,2054,2.929688,25000000.000
20849,2053,2.441406,25000000.000
20850,2051,1.464844,25000000.000
20851,2051,1.464844,25000000.000
20852,2050,0.976562,25000000.000
20853,2052,1.953125,25000000.000
20854,2050,0.976562,25000000.000
20855,2047,-0.488281,25000000.000
20856,2046,-0.976562,25000000.000
20857,2047,-0.488281,25000000.000
20858,2046,-0.976562,25000000.000
20859,2046,-0.976562,25000000.000
20860,2043,-2.441406,25000000.000
20861,2043,-2.441406,25000000.000
20862,2042,-2.929688,25000000.000
20863,2043,-2.441406,25000000.000
20864,2042,-2.929688,25000000.000
20865,2040,-3.906250,25000000.000
20866,2042,-2.929688,25000000.000
20867,2041,-3.417969,25000000.000
20868,2041,-3.417969,25000000.000
20869,2042,-2.929688,25000000.000
20870,2042,-2.929688,25000000.000
20871,2042,-2.929688,25000000.000
20872,2042,-2.929688,25000000.000
20873,2044,-1.953125,25000000.000
20874,2043,-2.441406,25000000.000
20875,2044,-1.953125,25000000.000
20876,2045,-1.464844,25000000.000
20877,2047,-0.488281,25000000.000
20878,2049,0.488281,25000000.000
20879,2047,-0.488281,25000000.000
20880,2051,1.464844,25000000.000
20881,2048,0.000000,25000000.000
20882,2051,1.464844,25000000.000
20883,2051,1.464844,25000000.000
20884,2053,2.441406,25000000.000
20885,2053,2.441406,25000000.000
20886,2052,1.953125,25000000.000
20887,2051,1.464844,25000000.000
20888,2054,2.929688,25000000.000
20889,2054,2.929688,25000000.000
20890,2052,1.953125,25000000.000
20891,2052,1.953125,25000000.000
20892,2050,0.976562,25000000.000
20893,2050,0.976562,25000000.000
20894,2049,0.488281,25000000.000
20895,2051,1.464844,25000000.000
20896,2048,0.000000,25000000.000
20897,2047,-0.488281,25000000.000
20898,2047,-0.488281,25000000.000
20899,2047,-0.488281,25000000.000
20900,2045,-1.464844,25000000.000
20901,2042,-2.929688,25000000.000
20902,2043,-2.441406,25000000.000
20903,2042,-2.929688,25000000.000
20904,2041,-3.417969,25000000.000
20905,2041,-3.417969,25000000.000
20906,2041,-3.417969,25000000.000
20907,2042,-2.929688,25000000.000
20908,2039,-4.394531,25000000.000
20909,2042,-2.929688,25000000.000
20910,2040,-3.906250,25000000.000
20911,2041,-3.417969,25000000.000
20912,2042,-2.929688,25000000.000
20913,2041,-3.417969,25000000.000
20914,2043,-2.441406,25000000.000
20915,2043,-2.441406,25000000.000
20916,2045,-1.464844,25000000.000
20917,2044,-1.953125,25000000.000
20918,2047,-0.488281,25000000.000
20919,2047,-0.488281,25000000.000
20920,2049,0.488281,25000000.000
20921,2051,1.464844,25000000.000
20922,2052,1.953125,25000000.000
20923,2050,0.976562,25000000.000
20924,2052,1.953125,25000000.000
20925,2052,1.953125,25000000.000
20926,2053,2.441406,25000000.000
20927,2053,2.441406,25000000.000
20928,2055,3.417969,25000000.000
20929,2053,2.441406,25000000.000
20930,2053,2.441406,25000000.000
20931,2056,3.906250,25000000.000
20932,2052,1.953125,25000000.000
20933,2051,1.464844,25000000.000
20934,2051,1.464844,25000000.000
20935,2050,0.976562,25000000.000
20936,2050,0.976562,25000000.000
20937,2049,0.488281,25000000.000
20938,2047,-0.488281,25000000.000
20939,2047,-0.488281,25000000.000
20940,2045,-1.464844,25000000.000
20941,2046,-0.976562,25000000.000
20942,2044,-1.953125,25000000.000
20943,2044,-1.953125,25000000.000
20944,2042,-2.929688,25000000.000
20945,2042,-2.929688,25000000.000
20946,2043,-2.441406,25000000.000
20947,2042,-2.929688,25000000.000
20948,2043,-2.441406,25000000.000
20949,2041,-3.417969,25000000.000
20950,2042,-2.929688,25000000.000
20951,2041,-3.417969,25000000.000
20952,2042,-2.929688,25000000.000
20953,2043,-2.441406,25000000.000
20954,2043,-2.441406,25000000.000
20955,2043,-2.441406,25000000.000
20956,2045,-1.464844,25000000.000
20957,2045,-1.464844,25000000.000
20958,2046,-0.976562,25000000.000
20959,2048,0.000000,25000000.000
20960,2049,0.488281,25000000.000
20961,2049,0.488281,25000000.000
20962,2049,0.488281,25000000.000
20963,2051,1.464844,25000000.000
20964,2052,1.953125,25000000.000
20965,2052,1.953125,25000000.000
20966,2054,2.929688,25000000.000
20967,2053,2.441406,25000000.000
20968,2054,2.929688,25000000.000
20969,2052,1.953125,25000000.000
20970,2056,3.906250,25000000.000
20971,2053,2.441406,25000000.000
20972,2055,3.417969,25000000.000
20973,2052,1.953125,25000000.000
20974,2053,2.441406,25000000.000
20975,2053,2.441406,25000000.000
20976,2052,1.953125,25000000.000
20977,2049,0.488281,25000000.000
20978,2050,0.976562,25000000.000
20979,2050,0.976562,25000000.000
20980,2046,-0.976562,25000000.000
20981,2046,-0.976562,25000000.000
20982,2045,-1.464844,25000000.000
20983,2044,-1.953125,25000000.000
20984,2045,-1.464844,25000000.000
20985,2041,-3.417969,25000000.000
20986,2041,-3.417969,25000000.000
20987,2042,-2.929688,25000000.000
20988,2042,-2.929688,25000000.000
20989,2042,-2.929688,25000000.000
20990,2041,-3.417969,25000000.000
20991,2040,-3.906250,25000000.000
20992,2042,-2.929688,25000000.000
20993,2041,-3.417969,25000000.000
20994,2043,-2.441406,25000000.000
20995,2042,-2.929688,25000000.000
20996,2044,-1.953125,25000000.000
20997,2044,-1.953125,25000000.000
20998,2045,-1.464844,25000000.000
20999,2047,-0.488281,25000000.000
21000,2047,-0.488281,25000000.000
21001,2049,0.488281,25000000.000
21002,2051,1.464844,25000000.000
21003,2049,0.488281,25000000.000
21004,2051,1.464844,25000000.000
21005,2052,1.953125,25000000.000
21006,2053,2.441406,25000000.000
21007,2053,2.441406,25000000.000
21008,2053,2.441406,25000000.000
21009,2055,3.417969,25000000.000
21010,2054,2.929688,25000000.000
21011,2055,3.417969,25000000.000
21012,2054,2.929688,25000000.000
21013,2053,2.441406,25000000.000
21014,2054,2.929688,25000000.000
21015,2053,2.441406,25000000.000
21016,2053,2.441406,25000000.000
21017,2051,1.464844,25000000.000
21018,2049,0.488281,25000000.000
21019,2049,0.488281,25000000.000
21020,2048,0.000000,25000000.000
21021,2047,-0.488281,25000000.000
21022,2045,-1.464844,25000000.000
21023,2046,-0.976562,25000000.000
21024,2045,-1.464844,25000000.000
21025,2044,-1.953125,25000000.000
21026,2042,-2.929688,25000000.000
21027,2043,-2.441406,25000000.000
21028,2042,-2.929688,25000000.000
21029,2041,-3.417969,25000000.000
21030,2042,-2.929688,25000000.000
21031,2043,-2.441406,25000000.000
21032,2041,-3.417969,25000000.000
21033,2041,-3.417969,25000000.000
21034,2043,-2.441406,25000000.000
21035,2041,-3.417969,25000000.000
21036,2042,-2.929688,25000000.000
21037,2043,-2.441406,25000000.000
21038,2045,-1.464844,25000000.000
21039,2044,-1.953125,25000000.000
21040,2047,-0.488281,25000000.000
21041,2048,0.000000,25000000.000
21042,2048,0.000000,25000000.000
21043,2049,0.488281,25000000.000
21044,2050,0.976562,25000000.000
21045,2050,0.976562,25000000.000
21046,2052,1.953125,25000000.000
21047,2050,0.976562,25000000.000
21048,2054,2.929688,25000000.000
21049,2053,2.441406,25000000.000
21050,2052,1.953125,25000000.000
21051,2052,1.953125,25000000.000
21052,2054,2.929688,25000000.000
21053,2054,2.929688,25000000.000
21054,2052,1.953125,25000000.000
21055,2052,1.953125,25000000.000
21056,2052,1.953125,25000000.000
21057,2053,2.441406,25000000.000
21058,2051,1.464844,25000000.000
21059,2050,0.976562,25000000.000
21060,2047,-0.488281,25000000.000
21061,2047,-0.488281,25000000.000
21062,2048,0.000000,25000000.000
21063,2046,-0.976562,25000000.000
21064,2045,-1.464844,25000000.000
21065,2043,-2.441406,25000000.000
21066,2045,-1.464844,25000000.000
21067,2042,-2.929688,25000000.000
21068,2040,-3.906250,25000000.000
21069,2040,-3.906250,25000000.000
21070,2040,-3.906250,25000000.000
21071,2040,-3.906250,25000000.000
21072,2039,-4.394531,25000000.000
21073,2042,-2.929688,25000000.000
21074,2040,-3.906250,25000000.000
21075,2041,-3.417969,25000000.000
21076,2041,-3.417969,25000000.000
21077,2043,-2.441406,25000000.000
21078,2042,-2.929688,25000000.000
21079,2043,-2.441406,25000000.000
21080,2046,-0.976562,25000000.000
21081,2047,-0.488281,25000000.000
21082,2046,-0.976562,25000000.000
21083,2047,-0.488281,25000000.000
21084,2048,0.000000,25000000.000
21085,2050,0.976562,25000000.000
21086,2050,0.976562,25000000.000
21087,2050,0.976562,25000000.000
21088,2052,1.953125,25000000.000
21089,2052,1.953125,25000000.000
21090,2052,1.953125,25000000.000
21091,2052,1.953125,25000000.000
21092,2053,2.441406,25000000.000
21093,2052,1.953125,25000000.000
21094,2054,2.929688,25000000.000
21095,2054,2.929688,25000000.000
21096,2053,2.441406,25000000.000
21097,2051,1.464844,25000000.000
21098,2051,1.464844,25000000.000
21099,2051,1.464844,25000000.000
21100,2049,0.488281,25000000.000
21101,2040,-3.906250,25000000.000
21102,2045,-1.464844,25000000.000
21103,2050,0.976562,25000000.000
21104,2045,-1.464844,25000000.000
21105,2046,-0.976562,25000000.000
21106,2044,-1.953125,25000000.000
21107,2043,-2.441406,25000000.000
21108,2042,-2.929688,25000000.000
21109,2044,-1.953125,25000000.000
21110,2041,-3.417969,25000000.000
21111,2041,-3.417969,25000000.000
21112,2041,-3.417969,25000000.000
21113,2040,-3.906250,25000000.000
21114,2041,-3.417969,25000000.000
21115,2041,-3.417969,25000000.000
21116,2042,-2.929688,25000000.000
21117,2041,-3.417969,25000000.000
21118,2042,-2.929688,25000000.000
21119,2041,-3.417969,25000000.000
21120,2044,-1.953125,25000000.000
21121,2044,-1.953125,25000000.000
21122,2044,-1.953125,25000000.000
21123,2045,-1.464844,25000000.000
21124,2047,-0.488281,25000000.000
21125,2050,0.976562,25000000.000
21126,2049,0.488281,25000000.000
21127,2049,0.488281,25000000.000
21128,2051,1.464844,25000000.000
21129,2051,1.464844,25000000.000
21130,2053,2.441406,25000000.000
21131,2053,2.441406,25000000.000
21132,2054,2.929688,25000000.000
21133,2052,1.953125,25000000.000
21134,2055,3.417969,25000000.000
21135,2054,2.929688,25000000.000
21136,2053,2.441406,25000000.000
21137,2053,2.441406,25000000.000
21138,2053,2.441406,25000000.000
21139,2052,1.953125,25000000.000
21140,2050,0.976562,25000000.000
21141,2051,1.464844,25000000.000
21142,2048,0.000000,25000000.000
21143,2050,0.976562,25000000.000
21144,2049,0.488281,25000000.000
21145,2045,-1.464844,25000000.000
21146,2048,0.000000,25000000.000
21147,2041,-3.417969,25000000.000
21148,2046,-0.976562,25000000.000
21149,2040,-3.906250,25000000.000
21150,2041,-3.417969,25000000.000
21151,2041,-3.417969,25000000.000
21152,2042,-2.929688,25000000.000
21153,2041,-3.417969,25000000.000
21154,2040,-3.906250,25000000.000
21155,2041,-3.417969,25000000.000
21156,2043,-2.441406,25000000.000
21157,2043,-2.441406,25000000.000
21158,2042,-2.929688,25000000.000
21159,2043,-2.441406,25000000.000
21160,2042,-2.929688,25000000.000
21161,2046,-0.976562,25000000.000
21162,2046,-0.976562,25000000.000
21163,2047,-0.488281,25000000.000
21164,2046,-0.976562,25000000.000
21165,2048,0.000000,25000000.000
21166,2050,0.976562,25000000.000
21167,2050,0.976562,25000000.000
21168,2049,0.488281,25000000.000
21169,2052,1.953125,25000000.000
21170,2053,2.441406,25000000.000
21171,2053,2.441406,25000000.000
21172,2052,1.953125,25000000.000
21173,2054,2.929688,25000000.000
21174,2054,2.929688,25000000.000
21175,2054,2.929688,25000000.000
21176,2054,2.929688,25000000.000
21177,2053,2.441406,25000000.000
21178,2054,2.929688,25000000.000
21179,2053,2.441406,25000000.000
21180,2052,1.953125,25000000.000
21181,2051,1.464844,25000000.000
21182,2052,1.953125,25000000.000
21183,2050,0.976562,25000000.000
21184,2049,0.488281,25000000.000
21185,2048,0.000000,25000000.000
21186,2051,1.464844,25000000.000
21187,2047,-0.488281,25000000.000
21188,2044,-1.953125,25000000.000
21189,2045,-1.464844,25000000.000
21190,2045,-1.464844,25000000.000
21191,2045,-1.464844,25000000.000
21192,2043,-2.441406,25000000.000
21193,2041,-3.417969,25000000.000
21194,2042,-2.929688,25000000.000
21195,2041,-3.417969,25000000.000
21196,2041,-3.417969,25000000.000
21197,2041,-3.417969,25000000.000
21198,2043,-2.441406,25000000.000
21199,2042,-2.929688,25000000.000
21200,2042,-2.929688,25000000.000
21201,2043,-2.441406,25000000.000
21202,2045,-1.464844,25000000.000
21203,2044,-1.953125,25000000.000
21204,2046,-0.976562,25000000.000
21205,2046,-0.976562,25000000.000
21206,2047,-0.488281,25000000.000
21207,2049,0.488281,25000000.000
21208,2049,0.488281,25000000.000
21209,2052,1.953125,25000000.000
21210,2052,1.953125,25000000.000
21211,2052,1.953125,25000000.000
21212,2053,2.441406,25000000.000
21213,2051,1.464844,25000000.000
21214,2055,3.417969,25000000.000
21215,2053,2.441406,25000000.000
21216,2054,2.929688,25000000.000
21217,2052,1.953125,25000000.000
21218,2054,2.929688,25000000.000
21219,2053,2.441406,25000000.000
21220,2053,2.441406,25000000.000
21221,2052,1.953125,25000000.000
21222,2051,1.464844,25000000.000
21223,2051,1.464844,25000000.000
21224,2048,0.000000,25000000.000
21225,2049,0.488281,25000000.000
21226,2049,0.488281,25000000.000
21227,2048,0.000000,25000000.000
21228,2046,-0.976562,25000000.000
21229,2044,-1.953125,25000000.000
21230,2043,-2.441406,25000000.000
21231,2044,-1.953125,25000000.000
21232,2044,-1.953125,25000000.000
21233,2041,-3.417969,25000000.000
21234,2041,-3.417969,25000000.000
21235,2042,-2.929688,25000000.000
21236,2041,-3.417969,25000000.000
21237,2042,-2.929688,25000000.000
21238,2040,-3.906250,25000000.000
21239,2041,-3.417969,25000000.000
21240,2041,-3.417969,25000000.000
21241,2043,-2.441406,25000000.000
21242,2042,-2.929688,25000000.000
21243,2043,-2.441406,25000000.000
21244,2044,-1.953125,25000000.000
21245,2044,-1.953125,25000000.000
21246,2046,-0.976562,25000000.000
21247,2045,-1.464844,25000000.000
21248,2048,0.000000,25000000.000
21249,2048,0.000000,25000000.000
21250,2050,0.976562,25000000.000
21251,2051,1.464844,25000000.000
21252,2051,1.464844,25000000.000
21253,2053,2.441406,25000000.000
21254,2052,1.953125,25000000.000
21255,2052,1.953125,25000000.000
21256,2052,1.953125,25000000.000
21257,2053,2.441406,25000000.000
21258,2053,2.441406,25000000.000
21259,2053,2.441406,25000000.000
21260,2051,1.464844,25000000.000
21261,2053,2.441406,25000000.000
21262,2052,1.953125,25000000.000
21263,2053,2.441406,25000000.000
21264,2051,1.464844,25000000.000
21265,2049,0.488281,25000000.000
21266,2049,0.488281,25000000.000
21267,2048,0.000000,25000000.000
21268,2047,-0.488281,25000000.000
21269,2045,-1.464844,25000000.000
21270,2044,-1.953125,25000000.000
21271,2045,-1.464844,25000000.000
21272,2041,-3.417969,25000000.000
21273,2042,-2.929688,25000000.000
21274,2042,-2.929688,25000000.000
21275,2042,-2.929688,25000000.000
21276,2039,-4.394531,25000000.000
21277,2041,-3.417969,25000000.000
21278,2042,-2.929688,25000000.000
21279,2040,-3.906250,25000000.000
21280,2041,-3.417969,25000000.000
21281,2041,-3.417969,25000000.000
21282,2041,-3.417969,25000000.000
21283,2040,-3.906250,25000000.000
21284,2044,-1.953125,25000000.000
21285,2042,-2.929688,25000000.000
21286,2045,-1.464844,25000000.000
21287,2045,-1.464844,25000000.000
21288,2046,-0.976562,25000000.000
21289,2048,0.000000,25000000.000
21290,2048,0.000000,25000000.000
21291,2049,0.488281,25000000.000
21292,2051,1.464844,25000000.000
21293,2051,1.464844,25000000.000
21294,2053,2.441406,25000000.000
21295,2052,1.953125,25000000.000
21296,2053,2.441406,25000000.000
21297,2052,1.953125,25000000.000
21298,2053,2.441406,25000000.000
21299,2054,2.929688,25000000.000
21300,2052,1.953125,25000000.000
21301,2053,2.441406,25000000.000
21302,2053,2.441406,25000000.000
21303,2051,1.464844,25000000.000
21304,2050,0.976562,25000000.000
21305,2050,0.976562,25000000.000
21306,2048,0.000000,25000000.000
21307,2050,0.976562,25000000.000
21308,2048,0.000000,25000000.000
21309,2046,-0.976562,25000000.000
21310,2046,-0.976562,25000000.000
21311,2046,-0.976562,25000000.000
21312,2044,-1.953125,25000000.000
21313,2043,-2.441406,25000000.000
21314,2043,-2.441406,25000000.000
21315,2040,-3.906250,25000000.000
21316,2042,-2.929688,25000000.000
21317,2041,-3.417969,25000000.000
21318,2040,-3.906250,25000000.000
21319,2041,-3.417969,25000000.000
21320,2040,-3.906250,25000000.000
21321,2042,-2.929688,25000000.000
21322,2042,-2.929688,25000000.000
21323,2041,-3.417969,25000000.000
21324,2043,-2.441406,25000000.000
21325,2044,-1.953125,25000000.000
21326,2044,-1.953125,25000000.000
21327,2044,-1.953125,25000000.000
21328,2047,-0.488281,25000000.000
21329,2046,-0.976562,25000000.000
21330,2049,0.488281,25000000.000
21331,2050,0.976562,25000000.000
21332,2050,0.976562,25000000.000
21333,2051,1.464844,25000000.000
21334,2052,1.953125,25000000.000
21335,2052,1.953125,25000000.000
21336,2052,1.953125,25000000.000
21337,2054,2.929688,25000000.000
21338,2053,2.441406,25000000.000
21339,2053,2.441406,25000000.000
21340,2052,1.953125,25000000.000
21341,2055,3.417969,25000000.000
21342,2053,2.441406,25000000.000
21343,2054,2.929688,25000000.000
21344,2051,1.464844,25000000.000
21345,2051,1.464844,25000000.000
21346,2050,0.976562,25000000.000
21347,2050,0.976562,25000000.000
21348,2049,0.488281,25000000.000
21349,2048,0.000000,25000000.000
21350,2046,-0.976562,25000000.000
21351,2047,-0.488281,25000000.000
21352,2046,-0.976562,25000000.000
21353,2044,-1.953125,25000000.000
21354,2044,-1.953125,25000000.000
21355,2043,-2.441406,25000000.000
21356,2042,-2.929688,25000000.000
21357,2043,-2.441406,25000000.000
21358,2042,-2.929688,25000000.000
21359,2043,-2.441406,25000000.000
21360,2042,-2.929688,25000000.000
21361,2041,-3.417969,25000000.000
21362,2043,-2.441406,25000000.000
21363,2043,-2.441406,25000000.000
21364,2043,-2.441406,25000000.000
21365,2043,-2.441406,25000000.000
21366,2044,-1.953125,25000000.000
21367,2045,-1.464844,25000000.000
21368,2045,-1.464844,25000000.000
21369,2046,-0.976562,25000000.000
21370,2048,0.000000,25000000.000
21371,2047,-0.488281,25000000.000
21372,2049,0.488281,25000000.000
21373,2050,0.976562,25000000.000
21374,2051,1.464844,25000000.000
21375,2051,1.464844,25000000.000
21376,2054,2.929688,25000000.000
21377,2054,2.929688,25000000.000
21378,2054,2.929688,25000000.000
21379,2053,2.441406,25000000.000
21380,2054,2.929688,25000000.000
21381,2054,2.929688,25000000.000
21382,2053,2.441406,25000000.000
21383,2052,1.953125,25000000.000
21384,2054,2.929688,25000000.000
21385,2051,1.464844,25000000.000
21386,2051,1.464844,25000000.000
21387,2050,0.976562,25000000.000
21388,2050,0.976562,25000000.000
21389,2049,0.488281,25000000.000
21390,2049,0.488281,25000000.000
21391,2048,0.000000,25000000.000
21392,2046,-0.976562,25000000.000
21393,2045,-1.464844,25000000.000
21394,2044,-1.953125,25000000.000
21395,2044,-1.953125,25000000.000
21396,2044,-1.953125,25000000.000
21397,2041,-3.417969,25000000.000
21398,2043,-2.441406,25000000.000
21399,2041,-3.417969,25000000.000
21400,2040,-3.906250,25000000.000
21401,2040,-3.906250,25000000.000
21402,2042,-2.929688,25000000.000
21403,2040,-3.906250,25000000.000
21404,2042,-2.929688,25000000.000
21405,2043,-2.441406,25000000.000
21406,2043,-2.441406,25000000.000
21407,2044,-1.953125,25000000.000
21408,2044,-1.953125,25000000.000
21409,2045,-1.464844,25000000.000
21410,2047,-0.488281,25000000.000
21411,2046,-0.976562,25000000.000
21412,2048,0.000000,25000000.000
21413,2049,0.488281,25000000.000
21414,2050,0.976562,25000000.000
21415,2049,0.488281,25000000.000
21416,2053,2.441406,25000000.000
21417,2052,1.953125,25000000.000
21418,2051,1.464844,25000000.000
21419,2052,1.953125,25000000.000
21420,2053,2.441406,25000000.000
21421,2053,2.441406,25000000.000
21422,2052,1.953125,25000000.000
21423,2054,2.929688,25000000.000
21424,2053,2.441406,25000000.000
21425,2052,1.953125,25000000.000
21426,2051,1.464844,25000000.000
21427,2052,1.953125,25000000.000
21428,2050,0.976562,25000000.000
21429,2049,0.488281,25000000.000
21430,2049,0.488281,25000000.000
21431,2050,0.976562,25000000.000
21432,2047,-0.488281,25000000.000
21433,2046,-0.976562,25000000.000
21434,2046,-0.976562,25000000.000
21435,2045,-1.464844,25000000.000
21436,2043,-2.441406,25000000.000
21437,2042,-2.929688,25000000.000
21438,2041,-3.417969,25000000.000
21439,2040,-3.906250,25000000.000
21440,2041,-3.417969,25000000.000
21441,2041,-3.417969,25000000.000
21442,2039,-4.394531,25000000.000
21443,2039,-4.394531,25000000.000
21444,2041,-3.417969,25000000.000
21445,2042,-2.929688,25000000.000
21446,2040,-3.906250,25000000.000
21447,2040,-3.906250,25000000.000
21448,2045,-1.464844,25000000.000
21449,2044,-1.953125,25000000.000
21450,2039,-4.394531,25000000.000
21451,2046,-0.976562,25000000.000
21452,2046,-0.976562,25000000.000
21453,2047,-0.488281,25000000.000
21454,2049,0.488281,25000000.000
21455,2049,0.488281,25000000.000
21456,2051,1.464844,25000000.000
21457,2050,0.976562,25000000.000
21458,2052,1.953125,25000000.000
21459,2052,1.953125,25000000.000
21460,2057,4.394531,25000000.000
21461,2053,2.441406,25000000.000
21462,2047,-0.488281,25000000.000
21463,2056,3.906250,25000000.000
21464,2055,3.417969,25000000.000
21465,2053,2.441406,25000000.000
21466,2054,2.929688,25000000.000
21467,2052,1.953125,25000000.000
21468,2049,0.488281,25000000.000
21469,2050,0.976562,25000000.000
21470,2049,0.488281,25000000.000
21471,2049,0.488281,25000000.000
21472,2047,-0.488281,25000000.000
21473,2046,-0.976562,25000000.000
21474,2046,-0.976562,25000000.000
21475,2047,-0.488281,25000000.000
21476,2044,-1.953125,25000000.000
21477,2045,-1.464844,25000000.000
21478,2042,-2.929688,25000000.000
21479,2041,-3.417969,25000000.000
21480,2041,-3.417969,25000000.000
21481,2041,-3.417969,25000000.000
21482,2041,-3.417969,25000000.000
21483,2040,-3.906250,25000000.000
21484,2041,-3.417969,25000000.000
21485,2040,-3.906250,25000000.000
21486,2039,-4.394531,25000000.000
21487,2038,-4.882812,25000000.000
21488,2042,-2.929688,25000000.000
21489,2047,-0.488281,25000000.000
21490,2042,-2.929688,25000000.000
21491,2045,-1.464844,25000000.000
21492,2050,0.976562,25000000.000
21493,2043,-2.441406,25000000.000
21494,2048,0.000000,25000000.000
21495,2049,0.488281,25000000.000
21496,2049,0.488281,25000000.000
21497,2049,0.488281,25000000.000
21498,2051,1.464844,25000000.000
21499,2052,1.953125,25000000.000
21500,2051,1.464844,25000000.000
21501,2053,2.441406,25000000.000
21502,2052,1.953125,25000000.000
21503,2052,1.953125,25000000.000
21504,2052,1.953125,25000000.000
21505,2054,2.929688,25000000.000
21506,2053,2.441406,25000000.000
21507,2054,2.929688,25000000.000
21508,2052,1.953125,25000000.000
21509,2053,2.441406,25000000.000
21510,2051,1.464844,25000000.000
21511,2051,1.464844,25000000.000
21512,2049,0.488281,25000000.000
21513,2049,0.488281,25000000.000
21514,2048,0.000000,25000000.000
21515,2047,-0.488281,25000000.000
21516,2045,-1.464844,25000000.000
21517,2045,-1.464844,25000000.000
21518,2045,-1.464844,25000000.000
21519,2046,-0.976562,25000000.000
21520,2041,-3.417969,25000000.000
21521,2040,-3.906250,25000000.000
21522,2044,-1.953125,25000000.000
21523,2040,-3.906250,25000000.000
21524,2042,-2.929688,25000000.000
21525,2040,-3.906250,25000000.000
21526,2042,-2.929688,25000000.000
21527,2042,-2.929688,25000000.000
21528,2042,-2.929688,25000000.000
21529,2043,-2.441406,25000000.000
21530,2042,-2.929688,25000000.000
21531,2044,-1.953125,25000000.000
21532,2045,-1.464844,25000000.000
21533,2046,-0.976562,25000000.000
21534,2048,0.000000,25000000.000
21535,2047,-0.488281,25000000.000
21536,2048,0.000000,25000000.000
21537,2050,0.976562,25000000.000
21538,2050,0.976562,25000000.000
21539,2050,0.976562,25000000.000
21540,2052,1.953125,25000000.000
21541,2053,2.441406,25000000.000
21542,2054,2.929688,25000000.000
21543,2054,2.929688,25000000.000
21544,2054,2.929688,25000000.000
21545,2054,2.929688,25000000.000
21546,2054,2.929688,25000000.000
21547,2055,3.417969,25000000.000
21548,2054,2.929688,25000000.000
21549,2052,1.953125,25000000.000
21550,2051,1.464844,25000000.000
21551,2051,1.464844,25000000.000
21552,2049,0.488281,25000000.000
21553,2049,0.488281,25000000.000
21554,2048,0.000000,25000000.000
21555,2047,-0.488281,25000000.000
21556,2046,-0.976562,25000000.000
21557,2045,-1.464844,25000000.000
21558,2044,-1.953125,25000000.000
21559,2045,-1.464844,25000000.000
21560,2043,-2.441406,25000000.000
21561,2041,-3.417969,25000000.000
21562,2042,-2.929688,25000000.000
21563,2042,-2.929688,25000000.000
21564,2041,-3.417969,25000000.000
21565,2042,-2.929688,25000000.000
21566,2042,-2.929688,25000000.000
21567,2041,-3.417969,25000000.000
21568,2042,-2.929688,25000000.000
21569,2042,-2.929688,25000000.000
21570,2043,-2.441406,25000000.000
21571,2042,-2.929688,25000000.000
21572,2044,-1.953125,25000000.000
21573,2047,-0.488281,25000000.000
21574,2047,-0.488281,25000000.000
21575,2046,-0.976562,25000000.000
21576,2049,0.488281,25000000.000
21577,2049,0.488281,25000000.000
21578,2050,0.976562,25000000.000
21579,2050,0.976562,25000000.000
21580,2052,1.953125,25000000.000
21581,2051,1.464844,25000000.000
21582,2053,2.441406,25000000.000
21583,2051,1.464844,25000000.000
21584,2054,2.929688,25000000.000
21585,2052,1.953125,25000000.000
21586,2052,1.953125,25000000.000
21587,2052,1.953125,25000000.000
21588,2051,1.464844,25000000.000
21589,2053,2.441406,25000000.000
21590,2051,1.464844,25000000.000
21591,2051,1.464844,25000000.000
21592,2050,0.976562,25000000.000
21593,2049,0.488281,25000000.000
21594,2049,0.488281,25000000.000
21595,2050,0.976562,25000000.000
21596,2048,0.000000,25000000.000
21597,2048,0.000000,25000000.000
21598,2048,0.000000,25000000.000
21599,2048,0.000000,25000000.000
21600,2045,-1.464844,25000000.000
21601,2043,-2.441406,25000000.000
21602,2044,-1.953125,25000000.000
21603,2043,-2.441406,25000000.000
21604,2043,-2.441406,25000000.000
21605,2043,-2.441406,25000000.000
21606,2041,-3.417969,25000000.000
21607,2043,-2.441406,25000000.000
21608,2043,-2.441406,25000000.000
21609,2042,-2.929688,25000000.000
21610,2043,-2.441406,25000000.000
21611,2043,-2.441406,25000000.000
21612,2045,-1.464844,25000000.000
21613,2043,-2.441406,25000000.000
21614,2045,-1.464844,25000000.000
21615,2046,-0.976562,25000000.000
21616,2047,-0.488281,25000000.000
21617,2046,-0.976562,25000000.000
21618,2047,-0.488281,25000000.000
21619,2047,-0.488281,25000000.000
21620,2050,0.976562,25000000.000
21621,2051,1.464844,25000000.000
21622,2050,0.976562,25000000.000
21623,2050,0.976562,25000000.000
21624,2053,2.441406,25000000.000
21625,2053,2.441406,25000000.000
21626,2053,2.441406,25000000.000
21627,2053,2.441406,25000000.000
21628,2053,2.441406,25000000.000
21629,2052,1.953125,25000000.000
21630,2053,2.441406,25000000.000
21631,2053,2.441406,25000000.000
21632,2051,1.464844,25000000.000
21633,2051,1.464844,25000000.000
21634,2051,1.464844,25000000.000
21635,2049,0.488281,25000000.000
21636,2048,0.000000,25000000.000
21637,2048,0.000000,25000000.000
21638,2046,-0.976562,25000000.000
21639,2046,-0.976562,25000000.000
21640,2045,-1.464844,25000000.000
21641,2044,-1.953125,25000000.000
21642,2042,-2.929688,25000000.000
21643,2043,-2.441406,25000000.000
21644,2042,-2.929688,25000000.000
21645,2040,-3.906250,25000000.000
21646,2040,-3.906250,25000000.000
21647,2039,-4.394531,25000000.000
21648,2042,-2.929688,25000000.000
21649,2040,-3.906250,25000000.000
21650,2040,-3.906250,25000000.000
21651,2040,-3.906250,25000000.000
21652,2042,-2.929688,25000000.000
21653,2043,-2.441406,25000000.000
21654,2043,-2.441406,25000000.000
21655,2043,-2.441406,25000000.000
21656,2045,-1.464844,25000000.000
21657,2046,-0.976562,25000000.000
21658,2047,-0.488281,25000000.000
21659,2048,0.000000,25000000.000
21660,2049,0.488281,25000000.000
21661,2049,0.488281,25000000.000
21662,2051,1.464844,25000000.000
21663,2051,1.464844,25000000.000
21664,2052,1.953125,25000000.000
21665,2052,1.953125,25000000.000
21666,2054,2.929688,25000000.000
21667,2054,2.929688,25000000.000
21668,2053,2.441406,25000000.000
21669,2054,2.929688,25000000.000
21670,2052,1.953125,25000000.000
21671,2053,2.441406,25000000.000
21672,2051,1.464844,25000000.000
21673,2053,2.441406,25000000.000
21674,2051,1.464844,25000000.000
21675,2051,1.464844,25000000.000
21676,2050,0.976562,25000000.000
21677,2048,0.000000,25000000.000
21678,2047,-0.488281,25000000.000
21679,2046,-0.976562,25000000.000
21680,2045,-1.464844,25000000.000
21681,2043,-2.441406,25000000.000
21682,2044,-1.953125,25000000.000
21683,2042,-2.929688,25000000.000
21684,2042,-2.929688,25000000.000
21685,2041,-3.417969,25000000.000
21686,2042,-2.929688,25000000.000
21687,2042,-2.929688,25000000.000
21688,2039,-4.394531,25000000.000
21689,2040,-3.906250,25000000.000
21690,2041,-3.417969,25000000.000
21691,2040,-3.906250,25000000.000
21692,2041,-3.417969,25000000.000
21693,2041,-3.417969,25000000.000
21694,2042,-2.929688,25000000.000
21695,2042,-2.929688,25000000.000
21696,2044,-1.953125,25000000.000
21697,2045,-1.464844,25000000.000
21698,2046,-0.976562,25000000.000
21699,2046,-0.976562,25000000.000
21700,2046,-0.976562,25000000.000
21701,2048,0.000000,25000000.000
21702,2050,0.976562,25000000.000
21703,2049,0.488281,25000000.000
21704,2051,1.464844,25000000.000
21705,2052,1.953125,25000000.000
21706,2053,2.441406,25000000.000
21707,2054,2.929688,25000000.000
21708,2053,2.441406,25000000.000
21709,2053,2.441406,25000000.000
21710,2053,2.441406,25000000.000
21711,2053,2.441406,25000000.000
21712,2054,2.929688,25000000.000
21713,2051,1.464844,25000000.000
21714,2048,0.000000,25000000.000
21715,2049,0.488281,25000000.000
21716,2056,3.906250,25000000.000
21717,2051,1.464844,25000000.000
21718,2049,0.488281,25000000.000
21719,2043,-2.441406,25000000.000
21720,2047,-0.488281,25000000.000
21721,2046,-0.976562,25000000.000
21722,2043,-2.441406,25000000.000
21723,2045,-1.464844,25000000.000
21724,2045,-1.464844,25000000.000
21725,2043,-2.441406,25000000.000
21726,2042,-2.929688,25000000.000
21727,2042,-2.929688,25000000.000
21728,2041,-3.417969,25000000.000
21729,2042,-2.929688,25000000.000
21730,2042,-2.929688,25000000.000
21731,2042,-2.929688,25000000.000
21732,2041,-3.417969,25000000.000
21733,2044,-1.953125,25000000.000
21734,2044,-1.953125,25000000.000
21735,2043,-2.441406,25000000.000
21736,2043,-2.441406,25000000.000
21737,2045,-1.464844,25000000.000
21738,2046,-0.976562,25000000.000
21739,2045,-1.464844,25000000.000
21740,2047,-0.488281,25000000.000
21741,2050,0.976562,25000000.000
21742,2049,0.488281,25000000.000
21743,2049,0.488281,25000000.000
21744,2051,1.464844,25000000.000
21745,2051,1.464844,25000000.000
21746,2053,2.441406,25000000.000
21747,2052,1.953125,25000000.000
21748,2054,2.929688,25000000.000
21749,2053,2.441406,25000000.000
21750,2053,2.441406,25000000.000
21751,2053,2.441406,25000000.000
21752,2053,2.441406,25000000.000
21753,2054,2.929688,25000000.000
21754,2054,2.929688,25000000.000
21755,2052,1.953125,25000000.000
21756,2051,1.464844,25000000.000
21757,2052,1.953125,25000000.000
21758,2049,0.488281,25000000.000
21759,2049,0.488281,25000000.000
21760,2049,0.488281,25000000.000
21761,2046,-0.976562,25000000.000
21762,2046,-0.976562,25000000.000
21763,2046,-0.976562,25000000.000
21764,2044,-1.953125,25000000.000
21765,2043,-2.441406,25000000.000
21766,2043,-2.441406,25000000.000
21767,2042,-2.929688,25000000.000
21768,2040,-3.906250,25000000.000
21769,2041,-3.417969,25000000.000
21770,2041,-3.417969,25000000.000
21771,2041,-3.417969,25000000.000
21772,2040,-3.906250,25000000.000
21773,2041,-3.417969,25000000.000
21774,2041,-3.417969,25000000.000
21775,2042,-2.929688,25000000.000
21776,2042,-2.929688,25000000.000
21777,2043,-2.441406,25000000.000
21778,2045,-1.464844,25000000.000
21779,2045,-1.464844,25000000.000
21780,2047,-0.488281,25000000.000
21781,2047,-0.488281,25000000.000
21782,2048,0.000000,25000000.000
21783,2047,-0.488281,25000000.000
21784,2052,1.953125,25000000.000
21785,2051,1.464844,25000000.000
21786,2051,1.464844,25000000.000
21787,2052,1.953125,25000000.000
21788,2054,2.929688,25000000.000
21789,2054,2.929688,25000000.000
21790,2054,2.929688,25000000.000
21791,2055,3.417969,25000000.000
21792,2055,3.417969,25000000.000
21793,2056,3.906250,25000000.000
21794,2048,0.000000,25000000.000
21795,2063,7.324219,25000000.000
21796,2055,3.417969,25000000.000
21797,2051,1.464844,25000000.000
21798,2052,1.953125,25000000.000
21799,2052,1.953125,25000000.000
21800,2047,-0.488281,25000000.000
21801,2049,0.488281,25000000.000
21802,2047,-0.488281,25000000.000
21803,2047,-0.488281,25000000.000
21804,2045,-1.464844,25000000.000
21805,2044,-1.953125,25000000.000
21806,2044,-1.953125,25000000.000
21807,2043,-2.441406,25000000.000
21808,2042,-2.929688,25000000.000
21809,2042,-2.929688,25000000.000
21810,2042,-2.929688,25000000.000
21811,2042,-2.929688,25000000.000
21812,2041,-3.417969,25000000.000
21813,2041,-3.417969,25000000.000
21814,2043,-2.441406,25000000.000
21815,2040,-3.906250,25000000.000
21816,2043,-2.441406,25000000.000
21817,2042,-2.929688,25000000.000
21818,2044,-1.953125,25000000.000
21819,2045,-1.464844,25000000.000
21820,2044,-1.953125,25000000.000
21821,2045,-1.464844,25000000.000
21822,2049,0.488281,25000000.000
21823,2048,0.000000,25000000.000
21824,2050,0.976562,25000000.000
21825,2048,0.000000,25000000.000
21826,2051,1.464844,25000000.000
21827,2050,0.976562,25000000.000
21828,2053,2.441406,25000000.000
21829,2052,1.953125,25000000.000
21830,2052,1.953125,25000000.000
21831,2053,2.441406,25000000.000
21832,2053,2.441406,25000000.000
21833,2053,2.441406,25000000.000
21834,2053,2.441406,25000000.000
21835,2052,1.953125,25000000.000
21836,2054,2.929688,25000000.000
21837,2049,0.488281,25000000.000
21838,2054,2.929688,25000000.000
21839,2051,1.464844,25000000.000
21840,2050,0.976562,25000000.000
21841,2047,-0.488281,25000000.000
21842,2048,0.000000,25000000.000
21843,2048,0.000000,25000000.000
21844,2047,-0.488281,25000000.000
21845,2045,-1.464844,25000000.000
21846,2045,-1.464844,25000000.000
21847,2043,-2.441406,25000000.000
21848,2041,-3.417969,25000000.000
21849,2043,-2.441406,25000000.000
21850,2041,-3.417969,25000000.000
21851,2041,-3.417969,25000000.000
21852,2041,-3.417969,25000000.000
21853,2041,-3.417969,25000000.000
21854,2040,-3.906250,25000000.000
21855,2040,-3.906250,25000000.000
21856,2041,-3.417969,25000000.000
21857,2041,-3.417969,25000000.000
21858,2042,-2.929688,25000000.000
21859,2042,-2.929688,25000000.000
21860,2043,-2.441406,25000000.000
21861,2043,-2.441406,25000000.000
21862,2044,-1.953125,25000000.000
21863,2046,-0.976562,25000000.000
21864,2045,-1.464844,25000000.000
21865,2051,1.464844,25000000.000
21866,2051,1.464844,25000000.000
21867,2051,1.464844,25000000.000
21868,2050,0.976562,25000000.000
21869,2053,2.441406,25000000.000
21870,2051,1.464844,25000000.000
21871,2053,2.441406,25000000.000
21872,2052,1.953125,25000000.000
21873,2053,2.441406,25000000.000
21874,2053,2.441406,25000000.000
21875,2054,2.929688,25000000.000
21876,2053,2.441406,25000000.000
21877,2052,1.953125,25000000.000
21878,2052,1.953125,25000000.000
21879,2052,1.953125,25000000.000
21880,2052,1.953125,25000000.000
21881,2049,0.488281,25000000.000
21882,2048,0.000000,25000000.000
21883,2049,0.488281,25000000.000
21884,2047,-0.488281,25000000.000
21885,2045,-1.464844,25000000.000
21886,2044,-1.953125,25000000.000
21887,2045,-1.464844,25000000.000
21888,2043,-2.441406,25000000.000
21889,2043,-2.441406,25000000.000
21890,2041,-3.417969,25000000.000
21891,2041,-3.417969,25000000.000
21892,2041,-3.417969,25000000.000
21893,2040,-3.906250,25000000.000
21894,2041,-3.417969,25000000.000
21895,2040,-3.906250,25000000.000
21896,2040,-3.906250,25000000.000
21897,2041,-3.417969,25000000.000
21898,2043,-2.441406,25000000.000
21899,2042,-2.929688,25000000.000
21900,2042,-2.929688,25000000.000
21901,2044,-1.953125,25000000.000
21902,2045,-1.464844,25000000.000
21903,2045,-1.464844,25000000.000
21904,2045,-1.464844,25000000.000
21905,2049,0.488281,25000000.000
21906,2048,0.000000,25000000.000
21907,2048,0.000000,25000000.000
21908,2049,0.488281,25000000.000
21909,2051,1.464844,25000000.000
21910,2052,1.953125,25000000.000
21911,2051,1.464844,25000000.000
21912,2054,2.929688,25000000.000
21913,2054,2.929688,25000000.000
21914,2054,2.929688,25000000.000
21915,2052,1.953125,25000000.000
21916,2054,2.929688,25000000.000
21917,2054,2.929688,25000000.000
21918,2053,2.441406,25000000.000
21919,2052,1.953125,25000000.000
21920,2053,2.441406,25000000.000
21921,2050,0.976562,25000000.000
21922,2050,0.976562,25000000.000
21923,2049,0.488281,25000000.000
21924,2049,0.488281,25000000.000
21925,2046,-0.976562,25000000.000
21926,2047,-0.488281,25000000.000
21927,2048,0.000000,25000000.000
21928,2046,-0.976562,25000000.000
21929,2045,-1.464844,25000000.000
21930,2043,-2.441406,25000000.000
21931,2044,-1.953125,25000000.000
21932,2041,-3.417969,25000000.000
21933,2042,-2.929688,25000000.000
21934,2042,-2.929688,25000000.000
21935,2041,-3.417969,25000000.000
21936,2040,-3.906250,25000000.000
21937,2042,-2.929688,25000000.000
21938,2041,-3.417969,25000000.000
21939,2042,-2.929688,25000000.000
21940,2043,-2.441406,25000000.000
21941,2043,-2.441406,25000000.000
21942,2044,-1.953125,25000000.000
21943,2043,-2.441406,25000000.000
21944,2047,-0.488281,25000000.000
21945,2047,-0.488281,25000000.000
21946,2047,-0.488281,25000000.000
21947,2047,-0.488281,25000000.000
21948,2050,0.976562,25000000.000
21949,2050,0.976562,25000000.000
21950,2051,1.464844,25000000.000
21951,2050,0.976562,25000000.000
21952,2052,1.953125,25000000.000
21953,2053,2.441406,25000000.000
21954,2052,1.953125,25000000.000
21955,2054,2.929688,25000000.000
21956,2055,3.417969,25000000.000
21957,2053,2.441406,25000000.000
21958,2055,3.417969,25000000.000
21959,2056,3.906250,25000000.000
21960,2053,2.441406,25000000.000
21961,2052,1.953125,25000000.000
21962,2053,2.441406,25000000.000
21963,2052,1.953125,25000000.000
21964,2050,0.976562,25000000.000
21965,2048,0.000000,25000000.000
21966,2049,0.488281,25000000.000
21967,2048,0.000000,25000000.000
21968,2045,-1.464844,25000000.000
21969,2046,-0.976562,25000000.000
21970,2044,-1.953125,25000000.000
21971,2045,-1.464844,25000000.000
21972,2041,-3.417969,25000000.000
21973,2042,-2.929688,25000000.000
21974,2042,-2.929688,25000000.000
21975,2042,-2.929688,25000000.000
21976,2041,-3.417969,25000000.000
21977,2039,-4.394531,25000000.000
21978,2041,-3.417969,25000000.000
21979,2041,-3.417969,25000000.000
21980,2041,-3.417969,25000000.000
21981,2042,-2.929688,25000000.000
21982,2042,-2.929688,25000000.000
21983,2043,-2.441406,25000000.000
21984,2046,-0.976562,25000000.000
21985,2044,-1.953125,25000000.000
21986,2046,-0.976562,25000000.000
21987,2047,-0.488281,25000000.000
21988,2049,0.488281,25000000.000
21989,2049,0.488281,25000000.000
21990,2048,0.000000,25000000.000
21991,2052,1.953125,25000000.000
21992,2052,1.953125,25000000.000
21993,2052,1.953125,25000000.000
21994,2054,2.929688,25000000.000
21995,2054,2.929688,25000000.000
21996,2053,2.441406,25000000.000
21997,2054,2.929688,25000000.000
21998,2055,3.417969,25000000.000
21999,2054,2.929688,25000000.000
22000,2053,2.441406,25000000.000
22001,2052,1.953125,25000000.000
22002,2050,0.976562,25000000.000
22003,2051,1.464844,25000000.000
22004,2051,1.464844,25000000.000
22005,2051,1.464844,25000000.000
22006,2050,0.976562,25000000.000
22007,2050,0.976562,25000000.000
22008,2046,-0.976562,25000000.000
22009,2047,-0.488281,25000000.000
22010,2046,-0.976562,25000000.000
22011,2046,-0.976562,25000000.000
22012,2045,-1.464844,25000000.000
22013,2043,-2.441406,25000000.000
22014,2042,-2.929688,25000000.000
22015,2041,-3.417969,25000000.000
22016,2042,-2.929688,25000000.000
22017,2041,-3.417969,25000000.000
22018,2041,-3.417969,25000000.000
22019,2041,-3.417969,25000000.000
22020,2042,-2.929688,25000000.000
22021,2043,-2.441406,25000000.000
22022,2042,-2.929688,25000000.000
22023,2042,-2.929688,25000000.000
22024,2044,-1.953125,25000000.000
22025,2044,-1.953125,25000000.000
22026,2046,-0.976562,25000000.000
22027,2045,-1.464844,25000000.000
22028,2048,0.000000,25000000.000
22029,2048,0.000000,25000000.000
22030,2051,1.464844,25000000.000
22031,2047,-0.488281,25000000.000
22032,2049,0.488281,25000000.000
22033,2051,1.464844,25000000.000
22034,2054,2.929688,25000000.000
22035,2052,1.953125,25000000.000
22036,2052,1.953125,25000000.000
22037,2053,2.441406,25000000.000
22038,2053,2.441406,25000000.000
22039,2054,2.929688,25000000.000
22040,2052,1.953125,25000000.000
22041,2052,1.953125,25000000.000
22042,2052,1.953125,25000000.000
22043,2051,1.464844,25000000.000
22044,2050,0.976562,25000000.000
22045,2048,0.000000,25000000.000
22046,2049,0.488281,25000000.000
22047,2048,0.000000,25000000.000
22048,2046,-0.976562,25000000.000
22049,2047,-0.488281,25000000.000
22050,2045,-1.464844,25000000.000
22051,2044,-1.953125,25000000.000
22052,2043,-2.441406,25000000.000
22053,2044,-1.953125,25000000.000
22054,2042,-2.929688,25000000.000
22055,2043,-2.441406,25000000.000
22056,2040,-3.906250,25000000.000
22057,2041,-3.417969,25000000.000
22058,2042,-2.929688,25000000.000
22059,2041,-3.417969,25000000.000
22060,2041,-3.417969,25000000.000
22061,2041,-3.417969,25000000.000
22062,2041,-3.417969,25000000.000
22063,2042,-2.929688,25000000.000
22064,2043,-2.441406,25000000.000
22065,2043,-2.441406,25000000.000
22066,2045,-1.464844,25000000.000
22067,2044,-1.953125,25000000.000
22068,2045,-1.464844,25000000.000
22069,2046,-0.976562,25000000.000
22070,2049,0.488281,25000000.000
22071,2047,-0.488281,25000000.000
22072,2048,0.000000,25000000.000
22073,2050,0.976562,25000000.000
22074,2051,1.464844,25000000.000
22075,2051,1.464844,25000000.000
22076,2052,1.953125,25000000.000
22077,2053,2.441406,25000000.000
22078,2054,2.929688,25000000.000
22079,2052,1.953125,25000000.000
22080,2053,2.441406,25000000.000
22081,2053,2.441406,25000000.000
22082,2052,1.953125,25000000.000
22083,2051,1.464844,25000000.000
22084,2052,1.953125,25000000.000
22085,2051,1.464844,25000000.000
22086,2050,0.976562,25000000.000
22087,2050,0.976562,25000000.000
22088,2048,0.000000,25000000.000
22089,2047,-0.488281,25000000.000
22090,2046,-0.976562,25000000.000
22091,2047,-0.488281,25000000.000
22092,2045,-1.464844,25000000.000
22093,2043,-2.441406,25000000.000
22094,2044,-1.953125,25000000.000
22095,2043,-2.441406,25000000.000
22096,2042,-2.929688,25000000.000
22097,2041,-3.417969,25000000.000
22098,2042,-2.929688,25000000.000
22099,2040,-3.906250,25000000.000
22100,2040,-3.906250,25000000.000
22101,2040,-3.906250,25000000.000
22102,2041,-3.417969,25000000.000
22103,2041,-3.417969,25000000.000
22104,2040,-3.906250,25000000.000
22105,2049,0.488281,25000000.000
22106,2041,-3.417969,25000000.000
22107,2044,-1.953125,25000000.000
22108,2044,-1.953125,25000000.000
22109,2047,-0.488281,25000000.000
22110,2048,0.000000,25000000.000
22111,2047,-0.488281,25000000.000
22112,2049,0.488281,25000000.000
22113,2048,0.000000,25000000.000
22114,2051,1.464844,25000000.000
22115,2050,0.976562,25000000.000
22116,2052,1.953125,25000000.000
22117,2052,1.953125,25000000.000
22118,2052,1.953125,25000000.000
22119,2052,1.953125,25000000.000
22120,2053,2.441406,25000000.000
22121,2053,2.441406,25000000.000
22122,2053,2.441406,25000000.000
22123,2053,2.441406,25000000.000
22124,2053,2.441406,25000000.000
22125,2051,1.464844,25000000.000
22126,2052,1.953125,25000000.000
22127,2052,1.953125,25000000.000
22128,2051,1.464844,25000000.000
22129,2049,0.488281,25000000.000
22130,2050,0.976562,25000000.000
22131,2048,0.000000,25000000.000
22132,2045,-1.464844,25000000.000
22133,2046,-0.976562,25000000.000
22134,2046,-0.976562,25000000.000
22135,2044,-1.953125,25000000.000
22136,2042,-2.929688,25000000.000
22137,2043,-2.441406,25000000.000
22138,2041,-3.417969,25000000.000
22139,2042,-2.929688,25000000.000
22140,2047,-0.488281,25000000.000
22141,2043,-2.441406,25000000.000
22142,2042,-2.929688,25000000.000
22143,2043,-2.441406,25000000.000
22144,2043,-2.441406,25000000.000
22145,2042,-2.929688,25000000.000
22146,2043,-2.441406,25000000.000
22147,2042,-2.929688,25000000.000
22148,2046,-0.976562,25000000.000
22149,2046,-0.976562,25000000.000
22150,2044,-1.953125,25000000.000
22151,2046,-0.976562,25000000.000
22152,2050,0.976562,25000000.000
22153,2051,1.464844,25000000.000
22154,2048,0.000000,25000000.000
22155,2047,-0.488281,25000000.000
22156,2052,1.953125,25000000.000
22157,2052,1.953125,25000000.000
22158,2053,2.441406,25000000.000
22159,2053,2.441406,25000000.000
22160,2053,2.441406,25000000.000
22161,2052,1.953125,25000000.000
22162,2053,2.441406,25000000.000
22163,2054,2.929688,25000000.000
22164,2053,2.441406,25000000.000
22165,2052,1.953125,25000000.000
22166,2053,2.441406,25000000.000
22167,2051,1.464844,25000000.000
22168,2049,0.488281,25000000.000
22169,2051,1.464844,25000000.000
22170,2048,0.000000,25000000.000
22171,2049,0.488281,25000000.000
22172,2047,-0.488281,25000000.000
22173,2047,-0.488281,25000000.000
22174,2046,-0.976562,25000000.000
22175,2045,-1.464844,25000000.000
22176,2045,-1.464844,25000000.000
22177,2043,-2.441406,25000000.000
22178,2043,-2.441406,25000000.000
22179,2042,-2.929688,25000000.000
22180,2043,-2.441406,25000000.000
22181,2043,-2.441406,25000000.000
22182,2040,-3.906250,25000000.000
22183,2043,-2.441406,25000000.000
22184,2039,-4.394531,25000000.000
22185,2042,-2.929688,25000000.000
22186,2041,-3.417969,25000000.000
22187,2043,-2.441406,25000000.000
22188,2043,-2.441406,25000000.000
22189,2044,-1.953125,25000000.000
22190,2045,-1.464844,25000000.000
22191,2046,-0.976562,25000000.000
22192,2048,0.000000,25000000.000
22193,2047,-0.488281,25000000.000
22194,2049,0.488281,25000000.000
22195,2049,0.488281,25000000.000
22196,2051,1.464844,25000000.000
22197,2050,0.976562,25000000.000
22198,2054,2.929688,25000000.000
22199,2052,1.953125,25000000.000
22200,2053,2.441406,25000000.000
22201,2055,3.417969,25000000.000
22202,2053,2.441406,25000000.000
22203,2053,2.441406,25000000.000
22204,2055,3.417969,25000000.000
22205,2054,2.929688,25000000.000
22206,2053,2.441406,25000000.000
22207,2053,2.441406,25000000.000
22208,2052,1.953125,25000000.000
22209,2051,1.464844,25000000.000
22210,2050,0.976562,25000000.000
22211,2052,1.953125,25000000.000
22212,2049,0.488281,25000000.000
22213,2047,-0.488281,25000000.000
22214,2047,-0.488281,25000000.000
22215,2046,-0.976562,25000000.000
22216,2046,-0.976562,25000000.000
22217,2044,-1.953125,25000000.000
22218,2043,-2.441406,25000000.000
22219,2044,-1.953125,25000000.000
22220,2041,-3.417969,25000000.000
22221,2042,-2.929688,25000000.000
22222,2040,-3.906250,25000000.000
22223,2041,-3.417969,25000000.000
22224,2043,-2.441406,25000000.000
22225,2041,-3.417969,25000000.000
22226,2041,-3.417969,25000000.000
22227,2043,-2.441406,25000000.000
22228,2043,-2.441406,25000000.000
22229,2043,-2.441406,25000000.000
22230,2043,-2.441406,25000000.000
22231,2044,-1.953125,25000000.000
22232,2045,-1.464844,25000000.000
22233,2046,-0.976562,25000000.000
22234,2047,-0.488281,25000000.000
22235,2047,-0.488281,25000000.000
22236,2048,0.000000,25000000.000
22237,2050,0.976562,25000000.000
22238,2050,0.976562,25000000.000
22239,2050,0.976562,25000000.000
22240,2051,1.464844,25000000.000
22241,2052,1.953125,25000000.000
22242,2052,1.953125,25000000.000
22243,2053,2.441406,25000000.000
22244,2053,2.441406,25000000.000
22245,2053,2.441406,25000000.000
22246,2051,1.464844,25000000.000
22247,2054,2.929688,25000000.000
22248,2052,1.953125,25000000.000
22249,2054,2.929688,25000000.000
22250,2048,0.000000,25000000.000
22251,2050,0.976562,25000000.000
22252,2048,0.000000,25000000.000
22253,2049,0.488281,25000000.000
22254,2047,-0.488281,25000000.000
22255,2047,-0.488281,25000000.000
22256,2045,-1.464844,25000000.000
22257,2043,-2.441406,25000000.000
22258,2043,-2.441406,25000000.000
22259,2044,-1.953125,25000000.000
22260,2042,-2.929688,25000000.000
22261,2041,-3.417969,25000000.000
22262,2042,-2.929688,25000000.000
22263,2041,-3.417969,25000000.000
22264,2041,-3.417969,25000000.000
22265,2041,-3.417969,25000000.000
22266,2041,-3.417969,25000000.000
22267,2041,-3.417969,25000000.000
22268,2041,-3.417969,25000000.000
22269,2043,-2.441406,25000000.000
22270,2043,-2.441406,25000000.000
22271,2043,-2.441406,25000000.000
22272,2044,-1.953125,25000000.000
22273,2047,-0.488281,25000000.000
22274,2046,-0.976562,25000000.000
22275,2047,-0.488281,25000000.000
22276,2048,0.000000,25000000.000
22277,2049,0.488281,25000000.000
22278,2050,0.976562,25000000.000
22279,2049,0.488281,25000000.000
22280,2052,1.953125,25000000.000
22281,2052,1.953125,25000000.000
22282,2053,2.441406,25000000.000
22283,2053,2.441406,25000000.000
22284,2053,2.441406,25000000.000
22285,2052,1.953125,25000000.000
22286,2053,2.441406,25000000.000
22287,2054,2.929688,25000000.000
22288,2052,1.953125,25000000.000
22289,2051,1.464844,25000000.000
22290,2050,0.976562,25000000.000
22291,2051,1.464844,25000000.000
22292,2050,0.976562,25000000.000
22293,2048,0.000000,25000000.000
22294,2050,0.976562,25000000.000
22295,2048,0.000000,25000000.000
22296,2046,-0.976562,25000000.000
22297,2044,-1.953125,25000000.000
22298,2045,-1.464844,25000000.000
22299,2044,-1.953125,25000000.000
22300,2043,-2.441406,25000000.000
22301,2043,-2.441406,25000000.000
22302,2041,-3.417969,25000000.000
22303,2042,-2.929688,25000000.000
22304,2041,-3.417969,25000000.000
22305,2041,-3.417969,25000000.000
22306,2040,-3.906250,25000000.000
22307,2042,-2.929688,25000000.000
22308,2041,-3.417969,25000000.000
22309,2042,-2.929688,25000000.000
22310,2043,-2.441406,25000000.000
22311,2042,-2.929688,25000000.000
22312,2044,-1.953125,25000000.000
22313,2044,-1.953125,25000000.000
22314,2046,-0.976562,25000000.000
22315,2045,-1.464844,25000000.000
22316,2047,-0.488281,25000000.000
22317,2049,0.488281,25000000.000
22318,2050,0.976562,25000000.000
22319,2050,0.976562,25000000.000
22320,2052,1.953125,25000000.000
22321,2053,2.441406,25000000.000
22322,2051,1.464844,25000000.000
22323,2051,1.464844,25000000.000
22324,2054,2.929688,25000000.000
22325,2054,2.929688,25000000.000
22326,2055,3.417969,25000000.000
22327,2055,3.417969,25000000.000
22328,2054,2.929688,25000000.000
22329,2052,1.953125,25000000.000
22330,2053,2.441406,25000000.000
22331,2052,1.953125,25000000.000
22332,2051,1.464844,25000000.000
22333,2050,0.976562,25000000.000
22334,2050,0.976562,25000000.000
22335,2050,0.976562,25000000.000
22336,2048,0.000000,25000000.000
22337,2048,0.000000,25000000.000
22338,2046,-0.976562,25000000.000
22339,2047,-0.488281,25000000.000
22340,2043,-2.441406,25000000.000
22341,2043,-2.441406,25000000.000
22342,2044,-1.953125,25000000.000
22343,2043,-2.441406,25000000.000
22344,2042,-2.929688,25000000.000
22345,2042,-2.929688,25000000.000
22346,2042,-2.929688,25000000.000
22347,2041,-3.417969,25000000.000
22348,2042,-2.929688,25000000.000
22349,2043,-2.441406,25000000.000
22350,2041,-3.417969,25000000.000
22351,2041,-3.417969,25000000.000
22352,2043,-2.441406,25000000.000
22353,2045,-1.464844,25000000.000
22354,2044,-1.953125,25000000.000
22355,2045,-1.464844,25000000.000
22356,2048,0.000000,25000000.000
22357,2047,-0.488281,25000000.000
22358,2048,0.000000,25000000.000
22359,2051,1.464844,25000000.000
22360,2051,1.464844,25000000.000
22361,2051,1.464844,25000000.000
22362,2053,2.441406,25000000.000
22363,2053,2.441406,25000000.000
22364,2053,2.441406,25000000.000
22365,2052,1.953125,25000000.000
22366,2054,2.929688,25000000.000
22367,2054,2.929688,25000000.000
22368,2053,2.441406,25000000.000
22369,2054,2.929688,25000000.000
22370,2052,1.953125,25000000.000
22371,2053,2.441406,25000000.000
22372,2051,1.464844,25000000.000
22373,2052,1.953125,25000000.000
22374,2050,0.976562,25000000.000
22375,2050,0.976562,25000000.000
22376,2049,0.488281,25000000.000
22377,2047,-0.488281,25000000.000
22378,2047,-0.488281,25000000.000
22379,2046,-0.976562,25000000.000
22380,2046,-0.976562,25000000.000
22381,2044,-1.953125,25000000.000
22382,2043,-2.441406,25000000.000
22383,2043,-2.441406,25000000.000
22384,2043,-2.441406,25000000.000
22385,2042,-2.929688,25000000.000
22386,2042,-2.929688,25000000.000
22387,2041,-3.417969,25000000.000
22388,2042,-2.929688,25000000.000
22389,2041,-3.417969,25000000.000
22390,2042,-2.929688,25000000.000
22391,2042,-2.929688,25000000.000
22392,2043,-2.441406,25000000.000
22393,2043,-2.441406,25000000.000
22394,2045,-1.464844,25000000.000
22395,2044,-1.953125,25000000.000
22396,2046,-0.976562,25000000.000
22397,2045,-1.464844,25000000.000
22398,2048,0.000000,25000000.000
22399,2047,-0.488281,25000000.000
22400,2049,0.488281,25000000.000
22401,2051,1.464844,25000000.000
22402,2050,0.976562,25000000.000
22403,2051,1.464844,25000000.000
22404,2053,2.441406,25000000.000
22405,2053,2.441406,25000000.000
22406,2053,2.441406,25000000.000
22407,2053,2.441406,25000000.000
22408,2053,2.441406,25000000.000
22409,2053,2.441406,25000000.000
22410,2054,2.929688,25000000.000
22411,2053,2.441406,25000000.000
22412,2052,1.953125,25000000.000
22413,2051,1.464844,25000000.000
22414,2051,1.464844,25000000.000
22415,2051,1.464844,25000000.000
22416,2049,0.488281,25000000.000
22417,2049,0.488281,25000000.000
22418,2047,-0.488281,25000000.000
22419,2047,-0.488281,25000000.000
22420,2046,-0.976562,25000000.000
22421,2045,-1.464844,25000000.000
22422,2043,-2.441406,25000000.000
22423,2043,-2.441406,25000000.000
22424,2043,-2.441406,25000000.000
22425,2042,-2.929688,25000000.000
22426,2042,-2.929688,25000000.000
22427,2042,-2.929688,25000000.000
22428,2041,-3.417969,25000000.000
22429,2039,-4.394531,25000000.000
22430,2042,-2.929688,25000000.000
22431,2041,-3.417969,25000000.000
22432,2041,-3.417969,25000000.000
22433,2041,-3.417969,25000000.000
22434,2043,-2.441406,25000000.000
22435,2041,-3.417969,25000000.000
22436,2043,-2.441406,25000000.000
22437,2045,-1.464844,25000000.000
22438,2046,-0.976562,25000000.000
22439,2046,-0.976562,25000000.000
22440,2052,1.953125,25000000.000
22441,2049,0.488281,25000000.000
22442,2053,2.441406,25000000.000
22443,2050,0.976562,25000000.000
22444,2050,0.976562,25000000.000
22445,2052,1.953125,25000000.000
22446,2053,2.441406,25000000.000
22447,2050,0.976562,25000000.000
22448,2052,1.953125,25000000.000
22449,2054,2.929688,25000000.000
22450,2053,2.441406,25000000.000
22451,2052,1.953125,25000000.000
22452,2053,2.441406,25000000.000
22453,2052,1.953125,25000000.000
22454,2052,1.953125,25000000.000
22455,2052,1.953125,25000000.000
22456,2051,1.464844,25000000.000
22457,2048,0.000000,25000000.000
22458,2049,0.488281,25000000.000
22459,2049,0.488281,25000000.000
22460,2046,-0.976562,25000000.000
22461,2046,-0.976562,25000000.000
22462,2045,-1.464844,25000000.000
22463,2044,-1.953125,25000000.000
22464,2044,-1.953125,25000000.000
22465,2042,-2.929688,25000000.000
22466,2042,-2.929688,25000000.000
22467,2041,-3.417969,25000000.000
22468,2040,-3.906250,25000000.000
22469,2043,-2.441406,25000000.000
22470,2039,-4.394531,25000000.000
22471,2041,-3.417969,25000000.000
22472,2040,-3.906250,25000000.000
22473,2042,-2.929688,25000000.000
22474,2044,-1.953125,25000000.000
22475,2043,-2.441406,25000000.000
22476,2043,-2.441406,25000000.000
22477,2043,-2.441406,25000000.000
22478,2045,-1.464844,25000000.000
22479,2044,-1.953125,25000000.000
22480,2047,-0.488281,25000000.000
22481,2048,0.000000,25000000.000
22482,2048,0.000000,25000000.000
22483,2047,-0.488281,25000000.000
22484,2051,1.464844,25000000.000
22485,2051,1.464844,25000000.000
22486,2050,0.976562,25000000.000
22487,2047,-0.488281,25000000.000
22488,2055,3.417969,25000000.000
22489,2055,3.417969,25000000.000
22490,2051,1.464844,25000000.000
22491,2053,2.441406,25000000.000
22492,2053,2.441406,25000000.000
22493,2052,1.953125,25000000.000
22494,2054,2.929688,25000000.000
22495,2052,1.953125,25000000.000
22496,2051,1.464844,25000000.000
22497,2049,0.488281,25000000.000
22498,2052,1.953125,25000000.000
22499,2050,0.976562,25000000.000
22500,2047,-0.488281,25000000.000
22501,2046,-0.976562,25000000.000
22502,2045,-1.464844,25000000.000
22503,2047,-0.488281,25000000.000
22504,2045,-1.464844,25000000.000
22505,2044,-1.953125,25000000.000
22506,2044,-1.953125,25000000.000
22507,2045,-1.464844,25000000.000
22508,2043,-2.441406,25000000.000
22509,2043,-2.441406,25000000.000
22510,2042,-2.929688,25000000.000
22511,2041,-3.417969,25000000.000
22512,2042,-2.929688,25000000.000
22513,2041,-3.417969,25000000.000
22514,2042,-2.929688,25000000.000
22515,2040,-3.906250,25000000.000
22516,2044,-1.953125,25000000.000
22517,2044,-1.953125,25000000.000
22518,2044,-1.953125,25000000.000
22519,2045,-1.464844,25000000.000
22520,2045,-1.464844,25000000.000
22521,2045,-1.464844,25000000.000
22522,2047,-0.488281,25000000.000
22523,2049,0.488281,25000000.000
22524,2050,0.976562,25000000.000
22525,2051,1.464844,25000000.000
22526,2052,1.953125,25000000.000
22527,2052,1.953125,25000000.000
22528,2053,2.441406,25000000.000
22529,2051,1.464844,25000000.000
22530,2051,1.464844,25000000.000
22531,2052,1.953125,25000000.000
22532,2056,3.906250,25000000.000
22533,2054,2.929688,25000000.000
22534,2053,2.441406,25000000.000
22535,2053,2.441406,25000000.000
22536,2052,1.953125,25000000.000
22537,2052,1.953125,25000000.000
22538,2052,1.953125,25000000.000
22539,2052,1.953125,25000000.000
22540,2050,0.976562,25000000.000
22541,2050,0.976562,25000000.000
22542,2047,-0.488281,25000000.000
22543,2048,0.000000,25000000.000
22544,2046,-0.976562,25000000.000
22545,2044,-1.953125,25000000.000
22546,2043,-2.441406,25000000.000
22547,2044,-1.953125,25000000.000
22548,2043,-2.441406,25000000.000
22549,2043,-2.441406,25000000.000
22550,2040,-3.906250,25000000.000
22551,2041,-3.417969,25000000.000
22552,2042,-2.929688,25000000.000
22553,2042,-2.929688,25000000.000
22554,2041,-3.417969,25000000.000
22555,2041,-3.417969,25000000.000
22556,2042,-2.929688,25000000.000
22557,2042,-2.929688,25000000.000
22558,2044,-1.953125,25000000.000
22559,2043,-2.441406,25000000.000
22560,2044,-1.953125,25000000.000
22561,2046,-0.976562,25000000.000
22562,2048,0.000000,25000000.000
22563,2047,-0.488281,25000000.000
22564,2049,0.488281,25000000.000
22565,2051,1.464844,25000000.000
22566,2051,1.464844,25000000.000
22567,2050,0.976562,25000000.000
22568,2053,2.441406,25000000.000
22569,2054,2.929688,25000000.000
22570,2053,2.441406,25000000.000
22571,2053,2.441406,25000000.000
22572,2055,3.417969,25000000.000
22573,2055,3.417969,25000000.000
22574,2053,2.441406,25000000.000
22575,2054,2.929688,25000000.000
22576,2054,2.929688,25000000.000
22577,2053,2.441406,25000000.000
22578,2052,1.953125,25000000.000
22579,2052,1.953125,25000000.000
22580,2050,0.976562,25000000.000
22581,2049,0.488281,25000000.000
22582,2049,0.488281,25000000.000
22583,2048,0.000000,25000000.000
22584,2049,0.488281,25000000.000
22585,2045,-1.464844,25000000.000
22586,2044,-1.953125,25000000.000
22587,2044,-1.953125,25000000.000
22588,2043,-2.441406,25000000.000
22589,2042,-2.929688,25000000.000
22590,2042,-2.929688,25000000.000
22591,2043,-2.441406,25000000.000
22592,2042,-2.929688,25000000.000
22593,2040,-3.906250,25000000.000
22594,2041,-3.417969,25000000.000
22595,2041,-3.417969,25000000.000
22596,2041,-3.417969,25000000.000
22597,2041,-3.417969,25000000.000
22598,2043,-2.441406,25000000.000
22599,2042,-2.929688,25000000.000
22600,2044,-1.953125,25000000.000
22601,2046,-0.976562,25000000.000
22602,2045,-1.464844,25000000.000
22603,2044,-1.953125,25000000.000
22604,2047,-0.488281,25000000.000
22605,2050,0.976562,25000000.000
22606,2050,0.976562,25000000.000
22607,2049,0.488281,25000000.000
22608,2051,1.464844,25000000.000
22609,2052,1.953125,25000000.000
22610,2052,1.953125,25000000.000
22611,2051,1.464844,25000000.000
22612,2052,1.953125,25000000.000
22613,2053,2.441406,25000000.000
22614,2054,2.929688,25000000.000
22615,2052,1.953125,25000000.000
22616,2052,1.953125,25000000.000
22617,2052,1.953125,25000000.000
22618,2051,1.464844,25000000.000
22619,2050,0.976562,25000000.000
22620,2051,1.464844,25000000.000
22621,2050,0.976562,25000000.000
22622,2048,0.000000,25000000.000
22623,2048,0.000000,25000000.000
22624,2047,-0.488281,25000000.000
22625,2045,-1.464844,25000000.000
22626,2045,-1.464844,25000000.000
22627,2046,-0.976562,25000000.000
22628,2043,-2.441406,25000000.000
22629,2043,-2.441406,25000000.000
22630,2043,-2.441406,25000000.000
22631,2042,-2.929688,25000000.000
22632,2040,-3.906250,25000000.000
22633,2041,-3.417969,25000000.000
22634,2041,-3.417969,25000000.000
22635,2040,-3.906250,25000000.000
22636,2041,-3.417969,25000000.000
22637,2042,-2.929688,25000000.000
22638,2043,-2.441406,25000000.000
22639,2044,-1.953125,25000000.000
22640,2042,-2.929688,25000000.000
22641,2044,-1.953125,25000000.000
22642,2045,-1.464844,25000000.000
22643,2044,-1.953125,25000000.000
22644,2047,-0.488281,25000000.000
22645,2046,-0.976562,25000000.000
22646,2047,-0.488281,25000000.000
22647,2048,0.000000,25000000.000
22648,2051,1.464844,25000000.000
22649,2050,0.976562,25000000.000
22650,2050,0.976562,25000000.000
22651,2050,0.976562,25000000.000
22652,2052,1.953125,25000000.000
22653,2053,2.441406,25000000.000
22654,2052,1.953125,25000000.000
22655,2053,2.441406,25000000.000
22656,2052,1.953125,25000000.000
22657,2051,1.464844,25000000.000
22658,2052,1.953125,25000000.000
22659,2054,2.929688,25000000.000
22660,2053,2.441406,25000000.000
22661,2050,0.976562,25000000.000
22662,2054,2.929688,25000000.000
22663,2048,0.000000,25000000.000
22664,2049,0.488281,25000000.000
22665,2045,-1.464844,25000000.000
22666,2054,2.929688,25000000.000
22667,2048,0.000000,25000000.000
22668,2042,-2.929688,25000000.000
22669,2043,-2.441406,25000000.000
22670,2043,-2.441406,25000000.000
22671,2044,-1.953125,25000000.000
22672,2041,-3.417969,25000000.000
22673,2042,-2.929688,25000000.000
22674,2041,-3.417969,25000000.000
22675,2042,-2.929688,25000000.000
22676,2042,-2.929688,25000000.000
22677,2039,-4.394531,25000000.000
22678,2041,-3.417969,25000000.000
22679,2040,-3.906250,25000000.000
22680,2043,-2.441406,25000000.000
22681,2044,-1.953125,25000000.000
22682,2042,-2.929688,25000000.000
22683,2042,-2.929688,25000000.000
22684,2045,-1.464844,25000000.000
22685,2047,-0.488281,25000000.000
22686,2048,0.000000,25000000.000
22687,2047,-0.488281,25000000.000
22688,2049,0.488281,25000000.000
22689,2051,1.464844,25000000.000
22690,2052,1.953125,25000000.000
22691,2051,1.464844,25000000.000
22692,2051,1.464844,25000000.000
22693,2054,2.929688,25000000.000
22694,2053,2.441406,25000000.000
22695,2052,1.953125,25000000.000
22696,2053,2.441406,25000000.000
22697,2053,2.441406,25000000.000
22698,2054,2.929688,25000000.000
22699,2052,1.953125,25000000.000
22700,2052,1.953125,25000000.000
22701,2052,1.953125,25000000.000
22702,2051,1.464844,25000000.000
22703,2051,1.464844,25000000.000
22704,2051,1.464844,25000000.000
22705,2049,0.488281,25000000.000
22706,2047,-0.488281,25000000.000
22707,2047,-0.488281,25000000.000
22708,2046,-0.976562,25000000.000
22709,2045,-1.464844,25000000.000
22710,2045,-1.464844,25000000.000
22711,2045,-1.464844,25000000.000
22712,2044,-1.953125,25000000.000
22713,2041,-3.417969,25000000.000
22714,2041,-3.417969,25000000.000
22715,2041,-3.417969,25000000.000
22716,2042,-2.929688,25000000.000
22717,2041,-3.417969,25000000.000
22718,2041,-3.417969,25000000.000
22719,2042,-2.929688,25000000.000
22720,2042,-2.929688,25000000.000
22721,2043,-2.441406,25000000.000
22722,2043,-2.441406,25000000.000
22723,2044,-1.953125,25000000.000
22724,2046,-0.976562,25000000.000
22725,2046,-0.976562,25000000.000
22726,2047,-0.488281,25000000.000
22727,2048,0.000000,25000000.000
22728,2050,0.976562,25000000.000
22729,2050,0.976562,25000000.000
22730,2050,0.976562,25000000.000
22731,2050,0.976562,25000000.000
22732,2051,1.464844,25000000.000
22733,2053,2.441406,25000000.000
22734,2053,2.441406,25000000.000
22735,2054,2.929688,25000000.000
22736,2053,2.441406,25000000.000
22737,2056,3.906250,25000000.000
22738,2054,2.929688,25000000.000
22739,2053,2.441406,25000000.000
22740,2054,2.929688,25000000.000
22741,2052,1.953125,25000000.000
22742,2050,0.976562,25000000.000
22743,2051,1.464844,25000000.000
22744,2052,1.953125,25000000.000
22745,2049,0.488281,25000000.000
22746,2050,0.976562,25000000.000
22747,2045,-1.464844,25000000.000
22748,2046,-0.976562,25000000.000
22749,2045,-1.464844,25000000.000
22750,2044,-1.953125,25000000.000
22751,2044,-1.953125,25000000.000
22752,2043,-2.441406,25000000.000
22753,2042,-2.929688,25000000.000
22754,2043,-2.441406,25000000.000
22755,2042,-2.929688,25000000.000
22756,2041,-3.417969,25000000.000
22757,2040,-3.906250,25000000.000
22758,2042,-2.929688,25000000.000
22759,2042,-2.929688,25000000.000
22760,2042,-2.929688,25000000.000
22761,2042,-2.929688,25000000.000
22762,2042,-2.929688,25000000.000
22763,2042,-2.929688,25000000.000
22764,2043,-2.441406,25000000.000
22765,2045,-1.464844,25000000.000
22766,2046,-0.976562,25000000.000
22767,2046,-0.976562,25000000.000
22768,2048,0.000000,25000000.000
22769,2049,0.488281,25000000.000
22770,2049,0.488281,25000000.000
22771,2051,1.464844,25000000.000
22772,2050,0.976562,25000000.000
22773,2053,2.441406,25000000.000
22774,2053,2.441406,25000000.000
22775,2052,1.953125,25000000.000
22776,2055,3.417969,25000000.000
22777,2053,2.441406,25000000.000
22778,2054,2.929688,25000000.000
22779,2053,2.441406,25000000.000
22780,2054,2.929688,25000000.000
22781,2053,2.441406,25000000.000
22782,2053,2.441406,25000000.000
22783,2053,2.441406,25000000.000
22784,2052,1.953125,25000000.000
22785,2050,0.976562,25000000.000
22786,2050,0.976562,25000000.000
22787,2050,0.976562,25000000.000
22788,2047,-0.488281,25000000.000
22789,2047,-0.488281,25000000.000
22790,2047,-0.488281,25000000.000
22791,2046,-0.976562,25000000.000
22792,2045,-1.464844,25000000.000
22793,2043,-2.441406,25000000.000
22794,2043,-2.441406,25000000.000
22795,2043,-2.441406,25000000.000
22796,2042,-2.929688,25000000.000
22797,2041,-3.417969,25000000.000
22798,2042,-2.929688,25000000.000
22799,2042,-2.929688,25000000.000
22800,2042,-2.929688,25000000.000
22801,2043,-2.441406,25000000.000
22802,2043,-2.441406,25000000.000
22803,2043,-2.441406,25000000.000
22804,2043,-2.441406,25000000.000
22805,2045,-1.464844,25000000.000
22806,2044,-1.953125,25000000.000
22807,2045,-1.464844,25000000.000
22808,2046,-0.976562,25000000.000
22809,2047,-0.488281,25000000.000
22810,2047,-0.488281,25000000.000
22811,2047,-0.488281,25000000.000
22812,2049,0.488281,25000000.000
22813,2049,0.488281,25000000.000
22814,2050,0.976562,25000000.000
22815,2049,0.488281,25000000.000
22816,2052,1.953125,25000000.000
22817,2053,2.441406,25000000.000
22818,2052,1.953125,25000000.000
22819,2052,1.953125,25000000.000
22820,2051,1.464844,25000000.000
22821,2051,1.464844,25000000.000
22822,2052,1.953125,25000000.000
22823,2053,2.441406,25000000.000
22824,2052,1.953125,25000000.000
22825,2050,0.976562,25000000.000
22826,2052,1.953125,25000000.000
22827,2051,1.464844,25000000.000
22828,2048,0.000000,25000000.000
22829,2048,0.000000,25000000.000
22830,2047,-0.488281,25000000.000
22831,2047,-0.488281,25000000.000
22832,2041,-3.417969,25000000.000
22833,2040,-3.906250,25000000.000
22834,2041,-3.417969,25000000.000
22835,2041,-3.417969,25000000.000
22836,2042,-2.929688,25000000.000
22837,2043,-2.441406,25000000.000
22838,2041,-3.417969,25000000.000
22839,2043,-2.441406,25000000.000
22840,2041,-3.417969,25000000.000
22841,2039,-4.394531,25000000.000
22842,2041,-3.417969,25000000.000
22843,2040,-3.906250,25000000.000
22844,2041,-3.417969,25000000.000
22845,2041,-3.417969,25000000.000
22846,2041,-3.417969,25000000.000
22847,2043,-2.441406,25000000.000
22848,2045,-1.464844,25000000.000
22849,2047,-0.488281,25000000.000
22850,2045,-1.464844,25000000.000
22851,2046,-0.976562,25000000.000
22852,2049,0.488281,25000000.000
22853,2050,0.976562,25000000.000
22854,2050,0.976562,25000000.000
22855,2051,1.464844,25000000.000
22856,2051,1.464844,25000000.000
22857,2051,1.464844,25000000.000
22858,2052,1.953125,25000000.000
22859,2053,2.441406,25000000.000
22860,2054,2.929688,25000000.000
22861,2052,1.953125,25000000.000
22862,2052,1.953125,25000000.000
22863,2052,1.953125,25000000.000
22864,2052,1.953125,25000000.000
22865,2053,2.441406,25000000.000
22866,2052,1.953125,25000000.000
22867,2049,0.488281,25000000.000
22868,2051,1.464844,25000000.000
22869,2045,-1.464844,25000000.000
22870,2048,0.000000,25000000.000
22871,2052,1.953125,25000000.000
22872,2046,-0.976562,25000000.000
22873,2047,-0.488281,25000000.000
22874,2044,-1.953125,25000000.000
22875,2045,-1.464844,25000000.000
22876,2046,-0.976562,25000000.000
22877,2040,-3.906250,25000000.000
22878,2042,-2.929688,25000000.000
22879,2043,-2.441406,25000000.000
22880,2040,-3.906250,25000000.000
22881,2042,-2.929688,25000000.000
22882,2039,-4.394531,25000000.000
22883,2041,-3.417969,25000000.000
22884,2042,-2.929688,25000000.000
22885,2044,-1.953125,25000000.000
22886,2041,-3.417969,25000000.000
22887,2043,-2.441406,25000000.000
22888,2043,-2.441406,25000000.000
22889,2046,-0.976562,25000000.000
22890,2045,-1.464844,25000000.000
22891,2048,0.000000,25000000.000
22892,2049,0.488281,25000000.000
22893,2049,0.488281,25000000.000
22894,2050,0.976562,25000000.000
22895,2049,0.488281,25000000.000
22896,2050,0.976562,25000000.000
22897,2053,2.441406,25000000.000
22898,2052,1.953125,25000000.000
22899,2052,1.953125,25000000.000
22900,2051,1.464844,25000000.000
22901,2054,2.929688,25000000.000
22902,2052,1.953125,25000000.000
22903,2053,2.441406,25000000.000
22904,2054,2.929688,25000000.000
22905,2052,1.953125,25000000.000
22906,2053,2.441406,25000000.000
22907,2053,2.441406,25000000.000
22908,2051,1.464844,25000000.000
22909,2050,0.976562,25000000.000
22910,2050,0.976562,25000000.000
22911,2048,0.000000,25000000.000
22912,2048,0.000000,25000000.000
22913,2047,-0.488281,25000000.000
22914,2045,-1.464844,25000000.000
22915,2047,-0.488281,25000000.000
22916,2044,-1.953125,25000000.000
22917,2044,-1.953125,25000000.000
22918,2042,-2.929688,25000000.000
22919,2042,-2.929688,25000000.000
22920,2043,-2.441406,25000000.000
22921,2041,-3.417969,25000000.000
22922,2041,-3.417969,25000000.000
22923,2041,-3.417969,25000000.000
22924,2042,-2.929688,25000000.000
22925,2042,-2.929688,25000000.000
22926,2043,-2.441406,25000000.000
22927,2043,-2.441406,25000000.000
22928,2044,-1.953125,25000000.000
22929,2045,-1.464844,25000000.000
22930,2046,-0.976562,25000000.000
22931,2046,-0.976562,25000000.000
22932,2046,-0.976562,25000000.000
22933,2048,0.000000,25000000.000
22934,2050,0.976562,25000000.000
22935,2047,-0.488281,25000000.000
22936,2051,1.464844,25000000.000
22937,2052,1.953125,25000000.000
22938,2053,2.441406,25000000.000
22939,2052,1.953125,25000000.000
22940,2052,1.953125,25000000.000
22941,2053,2.441406,25000000.000
22942,2052,1.953125,25000000.000
22943,2052,1.953125,25000000.000
22944,2053,2.441406,25000000.000
22945,2051,1.464844,25000000.000
22946,2051,1.464844,25000000.000
22947,2051,1.464844,25000000.000
22948,2051,1.464844,25000000.000
22949,2051,1.464844,25000000.000
22950,2049,0.488281,25000000.000
22951,2049,0.488281,25000000.000
22952,2048,0.000000,25000000.000
22953,2048,0.000000,25000000.000
22954,2046,-0.976562,25000000.000
22955,2046,-0.976562,25000000.000
22956,2045,-1.464844,25000000.000
22957,2044,-1.953125,25000000.000
22958,2044,-1.953125,25000000.000
22959,2044,-1.953125,25000000.000
22960,2043,-2.441406,25000000.000
22961,2043,-2.441406,25000000.000
22962,2043,-2.441406,25000000.000
22963,2043,-2.441406,25000000.000
22964,2042,-2.929688,25000000.000
22965,2043,-2.441406,25000000.000
22966,2043,-2.441406,25000000.000
22967,2043,-2.441406,25000000.000
22968,2043,-2.441406,25000000.000
22969,2045,-1.464844,25000000.000
22970,2045,-1.464844,25000000.000
22971,2045,-1.464844,25000000.000
22972,2046,-0.976562,25000000.000
22973,2047,-0.488281,25000000.000
22974,2049,0.488281,25000000.000
22975,2047,-0.488281,25000000.000
22976,2050,0.976562,25000000.000
22977,2049,0.488281,25000000.000
22978,2050,0.976562,25000000.000
22979,2051,1.464844,25000000.000
22980,2053,2.441406,25000000.000
22981,2052,1.953125,25000000.000
22982,2052,1.953125,25000000.000
22983,2053,2.441406,25000000.000
22984,2054,2.929688,25000000.000
22985,2054,2.929688,25000000.000
22986,2053,2.441406,25000000.000
22987,2053,2.441406,25000000.000
22988,2052,1.953125,25000000.000
22989,2051,1.464844,25000000.000
22990,2051,1.464844,25000000.000
22991,2052,1.953125,25000000.000
22992,2049,0.488281,25000000.000
22993,2049,0.488281,25000000.000
22994,2049,0.488281,25000000.000
22995,2049,0.488281,25000000.000
22996,2046,-0.976562,25000000.000
22997,2045,-1.464844,25000000.000
22998,2045,-1.464844,25000000.000
22999,2043,-2.441406,25000000.000
23000,2042,-2.929688,25000000.000
23001,2042,-2.929688,25000000.000
23002,2042,-2.929688,25000000.000
23003,2042,-2.929688,25000000.000
23004,2041,-3.417969,25000000.000
23005,2042,-2.929688,25000000.000
23006,2042,-2.929688,25000000.000
23007,2041,-3.417969,25000000.000
23008,2043,-2.441406,25000000.000
23009,2042,-2.929688,25000000.000
23010,2042,-2.929688,25000000.000
23011,2041,-3.417969,25000000.000
23012,2045,-1.464844,25000000.000
23013,2046,-0.976562,25000000.000
23014,2047,-0.488281,25000000.000
23015,2045,-1.464844,25000000.000
23016,2047,-0.488281,25000000.000
23017,2049,0.488281,25000000.000
23018,2049,0.488281,25000000.000
23019,2049,0.488281,25000000.000
23020,2051,1.464844,25000000.000
23021,2050,0.976562,25000000.000
23022,2051,1.464844,25000000.000
23023,2052,1.953125,25000000.000
23024,2054,2.929688,25000000.000
23025,2053,2.441406,25000000.000
23026,2053,2.441406,25000000.000
23027,2053,2.441406,25000000.000
23028,2052,1.953125,25000000.000
23029,2051,1.464844,25000000.000
23030,2052,1.953125,25000000.000
23031,2052,1.953125,25000000.000
23032,2050,0.976562,25000000.000
23033,2048,0.000000,25000000.000
23034,2047,-0.488281,25000000.000
23035,2048,0.000000,25000000.000
23036,2045,-1.464844,25000000.000
23037,2046,-0.976562,25000000.000
23038,2044,-1.953125,25000000.000
23039,2045,-1.464844,25000000.000
23040,2043,-2.441406,25000000.000
23041,2042,-2.929688,25000000.000
23042,2042,-2.929688,25000000.000
23043,2041,-3.417969,25000000.000
23044,2042,-2.929688,25000000.000
23045,2042,-2.929688,25000000.000
23046,2040,-3.906250,25000000.000
23047,2040,-3.906250,25000000.000
23048,2042,-2.929688,25000000.000
23049,2042,-2.929688,25000000.000
23050,2041,-3.417969,25000000.000
23051,2042,-2.929688,25000000.000
23052,2044,-1.953125,25000000.000
23053,2044,-1.953125,25000000.000
23054,2046,-0.976562,25000000.000
23055,2046,-0.976562,25000000.000
23056,2049,0.488281,25000000.000
23057,2046,-0.976562,25000000.000
23058,2049,0.488281,25000000.000
23059,2050,0.976562,25000000.000
23060,2050,0.976562,25000000.000
23061,2050,0.976562,25000000.000
23062,2051,1.464844,25000000.000
23063,2051,1.464844,25000000.000
23064,2052,1.953125,25000000.000
23065,2053,2.441406,25000000.000
23066,2051,1.464844,25000000.000
23067,2052,1.953125,25000000.000
23068,2053,2.441406,25000000.000
23069,2052,1.953125,25000000.000
23070,2051,1.464844,25000000.000
23071,2052,1.953125,25000000.000
23072,2050,0.976562,25000000.000
23073,2050,0.976562,25000000.000
23074,2050,0.976562,25000000.000
23075,2049,0.488281,25000000.000
23076,2047,-0.488281,25000000.000
23077,2045,-1.464844,25000000.000
23078,2047,-0.488281,25000000.000
23079,2045,-1.464844,25000000.000
23080,2044,-1.953125,25000000.000
23081,2042,-2.929688,25000000.000
23082,2043,-2.441406,25000000.000
23083,2042,-2.929688,25000000.000
23084,2041,-3.417969,25000000.000
23085,2042,-2.929688,25000000.000
23086,2042,-2.929688,25000000.000
23087,2042,-2.929688,25000000.000
23088,2041,-3.417969,25000000.000
23089,2041,-3.417969,25000000.000
23090,2042,-2.929688,25000000.000
23091,2042,-2.929688,25000000.000
23092,2043,-2.441406,25000000.000
23093,2044,-1.953125,25000000.000
23094,2045,-1.464844,25000000.000
23095,2044,-1.953125,25000000.000
23096,2046,-0.976562,25000000.000
23097,2046,-0.976562,25000000.000
23098,2048,0.000000,25000000.000
23099,2048,0.000000,25000000.000
23100,2048,0.000000,25000000.000
23101,2052,1.953125,25000000.000
23102,2052,1.953125,25000000.000
23103,2052,1.953125,25000000.000
23104,2054,2.929688,25000000.000
23105,2054,2.929688,25000000.000
23106,2052,1.953125,25000000.000
23107,2051,1.464844,25000000.000
23108,2054,2.929688,25000000.000
23109,2055,3.417969,25000000.000
23110,2051,1.464844,25000000.000
23111,2053,2.441406,25000000.000
23112,2052,1.953125,25000000.000
23113,2051,1.464844,25000000.000
23114,2051,1.464844,25000000.000
23115,2050,0.976562,25000000.000
23116,2049,0.488281,25000000.000
23117,2049,0.488281,25000000.000
23118,2046,-0.976562,25000000.000
23119,2046,-0.976562,25000000.000
23120,2046,-0.976562,25000000.000
23121,2045,-1.464844,25000000.000
23122,2044,-1.953125,25000000.000
23123,2045,-1.464844,25000000.000
23124,2043,-2.441406,25000000.000
23125,2042,-2.929688,25000000.000
23126,2043,-2.441406,25000000.000
23127,2041,-3.417969,25000000.000
23128,2044,-1.953125,25000000.000
23129,2041,-3.417969,25000000.000
23130,2041,-3.417969,25000000.000
23131,2040,-3.906250,25000000.000
23132,2043,-2.441406,25000000.000
23133,2044,-1.953125,25000000.000
23134,2043,-2.441406,25000000.000
23135,2044,-1.953125,25000000.000
23136,2045,-1.464844,25000000.000
23137,2047,-0.488281,25000000.000
23138,2048,0.000000,25000000.000
23139,2049,0.488281,25000000.000
23140,2049,0.488281,25000000.000
23141,2049,0.488281,25000000.000
23142,2051,1.464844,25000000.000
23143,2051,1.464844,25000000.000
23144,2052,1.953125,25000000.000
23145,2052,1.953125,25000000.000
23146,2053,2.441406,25000000.000
23147,2054,2.929688,25000000.000
23148,2054,2.929688,25000000.000
23149,2054,2.929688,25000000.000
23150,2053,2.441406,25000000.000
23151,2054,2.929688,25000000.000
23152,2053,2.441406,25000000.000
23153,2052,1.953125,25000000.000
23154,2052,1.953125,25000000.000
23155,2051,1.464844,25000000.000
23156,2050,0.976562,25000000.000
23157,2048,0.000000,25000000.000
23158,2048,0.000000,25000000.000
23159,2047,-0.488281,25000000.000
23160,2046,-0.976562,25000000.000
23161,2047,-0.488281,25000000.000
23162,2045,-1.464844,25000000.000
23163,2044,-1.953125,25000000.000
23164,2044,-1.953125,25000000.000
23165,2043,-2.441406,25000000.000
23166,2042,-2.929688,25000000.000
23167,2042,-2.929688,25000000.000
23168,2042,-2.929688,25000000.000
23169,2042,-2.929688,25000000.000
23170,2041,-3.417969,25000000.000
23171,2041,-3.417969,25000000.000
23172,2041,-3.417969,25000000.000
23173,2043,-2.441406,25000000.000
23174,2043,-2.441406,25000000.000
23175,2041,-3.417969,25000000.000
23176,2044,-1.953125,25000000.000
23177,2044,-1.953125,25000000.000
23178,2045,-1.464844,25000000.000
23179,2052,1.953125,25000000.000
23180,2048,0.000000,25000000.000
23181,2049,0.488281,25000000.000
23182,2051,1.464844,25000000.000
23183,2050,0.976562,25000000.000
23184,2051,1.464844,25000000.000
23185,2052,1.953125,25000000.000
23186,2052,1.953125,25000000.000
23187,2053,2.441406,25000000.000
23188,2052,1.953125,25000000.000
23189,2053,2.441406,25000000.000
23190,2054,2.929688,25000000.000
23191,2056,3.906250,25000000.000
23192,2053,2.441406,25000000.000
23193,2052,1.953125,25000000.000
23194,2054,2.929688,25000000.000
23195,2052,1.953125,25000000.000
23196,2050,0.976562,25000000.000
23197,2050,0.976562,25000000.000
23198,2050,0.976562,25000000.000
23199,2049,0.488281,25000000.000
23200,2047,-0.488281,25000000.000
23201,2046,-0.976562,25000000.000
23202,2045,-1.464844,25000000.000
23203,2045,-1.464844,25000000.000
23204,2043,-2.441406,25000000.000
23205,2044,-1.953125,25000000.000
23206,2044,-1.953125,25000000.000
23207,2041,-3.417969,25000000.000
23208,2042,-2.929688,25000000.000
23209,2041,-3.417969,25000000.000
23210,2041,-3.417969,25000000.000
23211,2040,-3.906250,25000000.000
23212,2042,-2.929688,25000000.000
23213,2042,-2.929688,25000000.000
23214,2041,-3.417969,25000000.000
23215,2042,-2.929688,25000000.000
23216,2042,-2.929688,25000000.000
23217,2044,-1.953125,25000000.000
23218,2046,-0.976562,25000000.000
23219,2045,-1.464844,25000000.000
23220,2046,-0.976562,25000000.000
23221,2047,-0.488281,25000000.000
23222,2046,-0.976562,25000000.000
23223,2046,-0.976562,25000000.000
23224,2052,1.953125,25000000.000
23225,2050,0.976562,25000000.000
23226,2052,1.953125,25000000.000
23227,2051,1.464844,25000000.000
23228,2051,1.464844,25000000.000
23229,2053,2.441406,25000000.000
23230,2052,1.953125,25000000.000
23231,2054,2.929688,25000000.000
23232,2052,1.953125,25000000.000
23233,2053,2.441406,25000000.000
23234,2052,1.953125,25000000.000
23235,2052,1.953125,25000000.000
23236,2051,1.464844,25000000.000
23237,2051,1.464844,25000000.000
23238,2049,0.488281,25000000.000
23239,2049,0.488281,25000000.000
23240,2047,-0.488281,25000000.000
23241,2047,-0.488281,25000000.000
23242,2046,-0.976562,25000000.000
23243,2044,-1.953125,25000000.000
23244,2046,-0.976562,25000000.000
23245,2044,-1.953125,25000000.000
23246,2042,-2.929688,25000000.000
23247,2042,-2.929688,25000000.000
23248,2041,-3.417969,25000000.000
23249,2041,-3.417969,25000000.000
23250,2039,-4.394531,25000000.000
23251,2041,-3.417969,25000000.000
23252,2041,-3.417969,25000000.000
23253,2041,-3.417969,25000000.000
23254,2041,-3.417969,25000000.000
23255,2042,-2.929688,25000000.000
23256,2043,-2.441406,25000000.000
23257,2042,-2.929688,25000000.000
23258,2045,-1.464844,25000000.000
23259,2044,-1.953125,25000000.000
23260,2046,-0.976562,25000000.000
23261,2045,-1.464844,25000000.000
23262,2047,-0.488281,25000000.000
23263,2047,-0.488281,25000000.000
23264,2050,0.976562,25000000.000
23265,2050,0.976562,25000000.000
23266,2049,0.488281,25000000.000
23267,2051,1.464844,25000000.000
23268,2050,0.976562,25000000.000
23269,2053,2.441406,25000000.000
23270,2052,1.953125,25000000.000
23271,2053,2.441406,25000000.000
23272,2052,1.953125,25000000.000
23273,2053,2.441406,25000000.000
23274,2054,2.929688,25000000.000
23275,2051,1.464844,25000000.000
23276,2052,1.953125,25000000.000
23277,2050,0.976562,25000000.000
23278,2049,0.488281,25000000.000
23279,2050,0.976562,25000000.000
23280,2049,0.488281,25000000.000
23281,2048,0.000000,25000000.000
23282,2046,-0.976562,25000000.000
23283,2046,-0.976562,25000000.000
23284,2045,-1.464844,25000000.000
23285,2044,-1.953125,25000000.000
23286,2044,-1.953125,25000000.000
23287,2043,-2.441406,25000000.000
23288,2042,-2.929688,25000000.000
23289,2041,-3.417969,25000000.000
23290,2042,-2.929688,25000000.000
23291,2043,-2.441406,25000000.000
23292,2041,-3.417969,25000000.000
23293,2042,-2.929688,25000000.000
23294,2042,-2.929688,25000000.000
23295,2042,-2.929688,25000000.000
23296,2043,-2.441406,25000000.000
23297,2044,-1.953125,25000000.000
23298,2044,-1.953125,25000000.000
23299,2044,-1.953125,25000000.000
23300,2045,-1.464844,25000000.000
23301,2046,-0.976562,25000000.000
23302,2045,-1.464844,25000000.000
23303,2047,-0.488281,25000000.000
23304,2048,0.000000,25000000.000
23305,2050,0.976562,25000000.000
23306,2051,1.464844,25000000.000
23307,2050,0.976562,25000000.000
23308,2052,1.953125,25000000.000
23309,2052,1.953125,25000000.000
23310,2053,2.441406,25000000.000
23311,2054,2.929688,25000000.000
23312,2053,2.441406,25000000.000
23313,2053,2.441406,25000000.000
23314,2054,2.929688,25000000.000
23315,2053,2.441406,25000000.000
23316,2053,2.441406,25000000.000
23317,2052,1.953125,25000000.000
23318,2051,1.464844,25000000.000
23319,2051,1.464844,25000000.000
23320,2051,1.464844,25000000.000
23321,2048,0.000000,25000000.000
23322,2048,0.000000,25000000.000
23323,2049,0.488281,25000000.000
23324,2048,0.000000,25000000.000
23325,2046,-0.976562,25000000.000
23326,2046,-0.976562,25000000.000
23327,2046,-0.976562,25000000.000
23328,2044,-1.953125,25000000.000
23329,2043,-2.441406,25000000.000
23330,2043,-2.441406,25000000.000
23331,2041,-3.417969,25000000.000
23332,2042,-2.929688,25000000.000
23333,2042,-2.929688,25000000.000
23334,2041,-3.417969,25000000.000
23335,2040,-3.906250,25000000.000
23336,2042,-2.929688,25000000.000
23337,2043,-2.441406,25000000.000
23338,2044,-1.953125,25000000.000
23339,2043,-2.441406,25000000.000
23340,2044,-1.953125,25000000.000
23341,2044,-1.953125,25000000.000
23342,2045,-1.464844,25000000.000
23343,2044,-1.953125,25000000.000
23344,2048,0.000000,25000000.000
23345,2048,0.000000,25000000.000
23346,2049,0.488281,25000000.000
23347,2048,0.000000,25000000.000
23348,2050,0.976562,25000000.000
23349,2051,1.464844,25000000.000
23350,2050,0.976562,25000000.000
23351,2052,1.953125,25000000.000
23352,2053,2.441406,25000000.000
23353,2051,1.464844,25000000.000
23354,2053,2.441406,25000000.000
23355,2054,2.929688,25000000.000
23356,2054,2.929688,25000000.000
23357,2051,1.464844,25000000.000
23358,2052,1.953125,25000000.000
23359,2053,2.441406,25000000.000
23360,2052,1.953125,25000000.000
23361,2049,0.488281,25000000.000
23362,2050,0.976562,25000000.000
23363,2048,0.000000,25000000.000
23364,2047,-0.488281,25000000.000
23365,2048,0.000000,25000000.000
23366,2047,-0.488281,25000000.000
23367,2046,-0.976562,25000000.000
23368,2045,-1.464844,25000000.000
23369,2045,-1.464844,25000000.000
23370,2042,-2.929688,25000000.000
23371,2044,-1.953125,25000000.000
23372,2042,-2.929688,25000000.000
23373,2043,-2.441406,25000000.000
23374,2043,-2.441406,25000000.000
23375,2042,-2.929688,25000000.000
23376,2043,-2.441406,25000000.000
23377,2044,-1.953125,25000000.000
23378,2042,-2.929688,25000000.000
23379,2043,-2.441406,25000000.000
23380,2044,-1.953125,25000000.000
23381,2045,-1.464844,25000000.000
23382,2045,-1.464844,25000000.000
23383,2045,-1.464844,25000000.000
23384,2047,-0.488281,25000000.000
23385,2049,0.488281,25000000.000
23386,2048,0.000000,25000000.000
23387,2049,0.488281,25000000.000
23388,2051,1.464844,25000000.000
23389,2049,0.488281,25000000.000
23390,2057,4.394531,25000000.000
23391,2049,0.488281,25000000.000
23392,2052,1.953125,25000000.000
23393,2056,3.906250,25000000.000
23394,2052,1.953125,25000000.000
23395,2051,1.464844,25000000.000
23396,2053,2.441406,25000000.000
23397,2051,1.464844,25000000.000
23398,2054,2.929688,25000000.000
23399,2053,2.441406,25000000.000
23400,2051,1.464844,25000000.000
23401,2050,0.976562,25000000.000
23402,2050,0.976562,25000000.000
23403,2050,0.976562,25000000.000
23404,2047,-0.488281,25000000.000
23405,2047,-0.488281,25000000.000
23406,2047,-0.488281,25000000.000
23407,2048,0.000000,25000000.000
23408,2045,-1.464844,25000000.000
23409,2045,-1.464844,25000000.000
23410,2042,-2.929688,25000000.000
23411,2042,-2.929688,25000000.000
23412,2043,-2.441406,25000000.000
23413,2043,-2.441406,25000000.000
23414,2040,-3.906250,25000000.000
23415,2040,-3.906250,25000000.000
23416,2041,-3.417969,25000000.000
23417,2040,-3.906250,25000000.000
23418,2042,-2.929688,25000000.000
23419,2041,-3.417969,25000000.000
23420,2041,-3.417969,25000000.000
23421,2042,-2.929688,25000000.000
23422,2044,-1.953125,25000000.000
23423,2045,-1.464844,25000000.000
23424,2046,-0.976562,25000000.000
23425,2045,-1.464844,25000000.000
23426,2048,0.000000,25000000.000
23427,2047,-0.488281,25000000.000
23428,2048,0.000000,25000000.000
23429,2048,0.000000,25000000.000
23430,2051,1.464844,25000000.000
23431,2050,0.976562,25000000.000
23432,2051,1.464844,25000000.000
23433,2052,1.953125,25000000.000
23434,2052,1.953125,25000000.000
23435,2053,2.441406,25000000.000
23436,2052,1.953125,25000000.000
23437,2054,2.929688,25000000.000
23438,2052,1.953125,25000000.000
23439,2054,2.929688,25000000.000
23440,2052,1.953125,25000000.000
23441,2051,1.464844,25000000.000
23442,2049,0.488281,25000000.000
23443,2050,0.976562,25000000.000
23444,2049,0.488281,25000000.000
23445,2047,-0.488281,25000000.000
23446,2047,-0.488281,25000000.000
23447,2047,-0.488281,25000000.000
23448,2046,-0.976562,25000000.000
23449,2045,-1.464844,25000000.000
23450,2043,-2.441406,25000000.000
23451,2043,-2.441406,25000000.000
23452,2044,-1.953125,25000000.000
23453,2043,-2.441406,25000000.000
23454,2040,-3.906250,25000000.000
23455,2041,-3.417969,25000000.000
23456,2041,-3.417969,25000000.000
23457,2041,-3.417969,25000000.000
23458,2042,-2.929688,25000000.000
23459,2042,-2.929688,25000000.000
23460,2041,-3.417969,25000000.000
23461,2042,-2.929688,25000000.000
23462,2043,-2.441406,25000000.000
23463,2043,-2.441406,25000000.000
23464,2046,-0.976562,25000000.000
23465,2046,-0.976562,25000000.000
23466,2046,-0.976562,25000000.000
23467,2046,-0.976562,25000000.000
23468,2049,0.488281,25000000.000
23469,2050,0.976562,25000000.000
23470,2049,0.488281,25000000.000
23471,2050,0.976562,25000000.000
23472,2050,0.976562,25000000.000
23473,2051,1.464844,25000000.000
23474,2054,2.929688,25000000.000
23475,2054,2.929688,25000000.000
23476,2053,2.441406,25000000.000
23477,2052,1.953125,25000000.000
23478,2053,2.441406,25000000.000
23479,2051,1.464844,25000000.000
23480,2052,1.953125,25000000.000
23481,2053,2.441406,25000000.000
23482,2050,0.976562,25000000.000
23483,2051,1.464844,25000000.000
23484,2050,0.976562,25000000.000
23485,2048,0.000000,25000000.000
23486,2048,0.000000,25000000.000
23487,2049,0.488281,25000000.000
23488,2046,-0.976562,25000000.000
23489,2045,-1.464844,25000000.000
23490,2045,-1.464844,25000000.000
23491,2045,-1.464844,25000000.000
23492,2043,-2.441406,25000000.000
23493,2042,-2.929688,25000000.000
23494,2043,-2.441406,25000000.000
23495,2042,-2.929688,25000000.000
23496,2041,-3.417969,25000000.000
23497,2041,-3.417969,25000000.000
23498,2043,-2.441406,25000000.000
23499,2042,-2.929688,25000000.000
23500,2041,-3.417969,25000000.000
23501,2043,-2.441406,25000000.000
23502,2045,-1.464844,25000000.000
23503,2044,-1.953125,25000000.000
23504,2044,-1.953125,25000000.000
23505,2045,-1.464844,25000000.000
23506,2047,-0.488281,25000000.000
23507,2046,-0.976562,25000000.000
23508,2048,0.000000,25000000.000
23509,2049,0.488281,25000000.000
23510,2050,0.976562,25000000.000
23511,2050,0.976562,25000000.000
23512,2052,1.953125,25000000.000
23513,2052,1.953125,25000000.000
23514,2053,2.441406,25000000.000
23515,2052,1.953125,25000000.000
23516,2053,2.441406,25000000.000
23517,2053,2.441406,25000000.000
23518,2053,2.441406,25000000.000
23519,2054,2.929688,25000000.000
23520,2052,1.953125,25000000.000
23521,2052,1.953125,25000000.000
23522,2053,2.441406,25000000.000
23523,2051,1.464844,25000000.000
23524,2048,0.000000,25000000.000
23525,2049,0.488281,25000000.000
23526,2053,2.441406,25000000.000
23527,2046,-0.976562,25000000.000
23528,2050,0.976562,25000000.000
23529,2047,-0.488281,25000000.000
23530,2047,-0.488281,25000000.000
23531,2046,-0.976562,25000000.000
23532,2043,-2.441406,25000000.000
23533,2044,-1.953125,25000000.000
23534,2044,-1.953125,25000000.000
23535,2043,-2.441406,25000000.000
23536,2043,-2.441406,25000000.000
23537,2042,-2.929688,25000000.000
23538,2042,-2.929688,25000000.000
23539,2042,-2.929688,25000000.000
23540,2043,-2.441406,25000000.000
23541,2042,-2.929688,25000000.000
23542,2043,-2.441406,25000000.000
23543,2042,-2.929688,25000000.000
23544,2045,-1.464844,25000000.000
23545,2045,-1.464844,25000000.000
23546,2045,-1.464844,25000000.000
23547,2045,-1.464844,25000000.000
23548,2046,-0.976562,25000000.000
23549,2048,0.000000,25000000.000
23550,2049,0.488281,25000000.000
23551,2048,0.000000,25000000.000
23552,2049,0.488281,25000000.000
23553,2051,1.464844,25000000.000
23554,2050,0.976562,25000000.000
23555,2051,1.464844,25000000.000
23556,2053,2.441406,25000000.000
23557,2052,1.953125,25000000.000
23558,2055,3.417969,25000000.000
23559,2055,3.417969,25000000.000
23560,2054,2.929688,25000000.000
23561,2052,1.953125,25000000.000
23562,2053,2.441406,25000000.000
23563,2053,2.441406,25000000.000
23564,2051,1.464844,25000000.000
23565,2053,2.441406,25000000.000
23566,2051,1.464844,25000000.000
23567,2046,-0.976562,25000000.000
23568,2046,-0.976562,25000000.000
23569,2048,0.000000,25000000.000
23570,2047,-0.488281,25000000.000
23571,2046,-0.976562,25000000.000
23572,2045,-1.464844,25000000.000
23573,2045,-1.464844,25000000.000
23574,2043,-2.441406,25000000.000
23575,2042,-2.929688,25000000.000
23576,2043,-2.441406,25000000.000
23577,2043,-2.441406,25000000.000
23578,2041,-3.417969,25000000.000
23579,2041,-3.417969,25000000.000
23580,2042,-2.929688,25000000.000
23581,2042,-2.929688,25000000.000
23582,2041,-3.417969,25000000.000
23583,2042,-2.929688,25000000.000
23584,2042,-2.929688,25000000.000
23585,2042,-2.929688,25000000.000
23586,2044,-1.953125,25000000.000
23587,2044,-1.953125,25000000.000
23588,2046,-0.976562,25000000.000
23589,2046,-0.976562,25000000.000
23590,2046,-0.976562,25000000.000
23591,2047,-0.488281,25000000.000
23592,2049,0.488281,25000000.000
23593,2048,0.000000,25000000.000
23594,2051,1.464844,25000000.000
23595,2049,0.488281,25000000.000
23596,2051,1.464844,25000000.000
23597,2052,1.953125,25000000.000
23598,2052,1.953125,25000000.000
23599,2052,1.953125,25000000.000
23600,2053,2.441406,25000000.000
23601,2054,2.929688,25000000.000
23602,2052,1.953125,25000000.000
23603,2053,2.441406,25000000.000
23604,2052,1.953125,25000000.000
23605,2051,1.464844,25000000.000
23606,2052,1.953125,25000000.000
23607,2050,0.976562,25000000.000
23608,2049,0.488281,25000000.000
23609,2048,0.000000,25000000.000
23610,2046,-0.976562,25000000.000
23611,2046,-0.976562,25000000.000
23612,2046,-0.976562,25000000.000
23613,2046,-0.976562,25000000.000
23614,2044,-1.953125,25000000.000
23615,2043,-2.441406,25000000.000
23616,2042,-2.929688,25000000.000
23617,2042,-2.929688,25000000.000
23618,2042,-2.929688,25000000.000
23619,2043,-2.441406,25000000.000
23620,2040,-3.906250,25000000.000
23621,2039,-4.394531,25000000.000
23622,2038,-4.882812,25000000.000
23623,2040,-3.906250,25000000.000
23624,2045,-1.464844,25000000.000
23625,2045,-1.464844,25000000.000
23626,2046,-0.976562,25000000.000
23627,2043,-2.441406,25000000.000
23628,2041,-3.417969,25000000.000
23629,2046,-0.976562,25000000.000
23630,2045,-1.464844,25000000.000
23631,2046,-0.976562,25000000.000
23632,2047,-0.488281,25000000.000
23633,2046,-0.976562,25000000.000
23634,2050,0.976562,25000000.000
23635,2049,0.488281,25000000.000
23636,2051,1.464844,25000000.000
23637,2051,1.464844,25000000.000
23638,2052,1.953125,25000000.000
23639,2051,1.464844,25000000.000
23640,2053,2.441406,25000000.000
23641,2052,1.953125,25000000.000
23642,2052,1.953125,25000000.000
23643,2051,1.464844,25000000.000
23644,2052,1.953125,25000000.000
23645,2053,2.441406,25000000.000
23646,2051,1.464844,25000000.000
23647,2051,1.464844,25000000.000
23648,2051,1.464844,25000000.000
23649,2050,0.976562,25000000.000
23650,2048,0.000000,25000000.000
23651,2049,0.488281,25000000.000
23652,2048,0.000000,25000000.000
23653,2045,-1.464844,25000000.000
23654,2044,-1.953125,25000000.000
23655,2045,-1.464844,25000000.000
23656,2045,-1.464844,25000000.000
23657,2042,-2.929688,25000000.000
23658,2042,-2.929688,25000000.000
23659,2044,-1.953125,25000000.000
23660,2042,-2.929688,25000000.000
23661,2042,-2.929688,25000000.000
23662,2041,-3.417969,25000000.000
23663,2041,-3.417969,25000000.000
23664,2042,-2.929688,25000000.000
23665,2040,-3.906250,25000000.000
23666,2041,-3.417969,25000000.000
23667,2043,-2.441406,25000000.000
23668,2043,-2.441406,25000000.000
23669,2044,-1.953125,25000000.000
23670,2045,-1.464844,25000000.000
23671,2044,-1.953125,25000000.000
23672,2047,-0.488281,25000000.000
23673,2047,-0.488281,25000000.000
23674,2049,0.488281,25000000.000
23675,2048,0.000000,25000000.000
23676,2051,1.464844,25000000.000
23677,2050,0.976562,25000000.000
23678,2051,1.464844,25000000.000
23679,2051,1.464844,25000000.000
23680,2052,1.953125,25000000.000
23681,2054,2.929688,25000000.000
23682,2053,2.441406,25000000.000
23683,2052,1.953125,25000000.000
23684,2054,2.929688,25000000.000
23685,2052,1.953125,25000000.000
23686,2052,1.953125,25000000.000
23687,2054,2.929688,25000000.000
23688,2051,1.464844,25000000.000
23689,2050,0.976562,25000000.000
23690,2048,0.000000,25000000.000
23691,2049,0.488281,25000000.000
23692,2049,0.488281,25000000.000
23693,2047,-0.488281,25000000.000
23694,2046,-0.976562,25000000.000
23695,2046,-0.976562,25000000.000
23696,2043,-2.441406,25000000.000
23697,2045,-1.464844,25000000.000
23698,2043,-2.441406,25000000.000
23699,2045,-1.464844,25000000.000
23700,2042,-2.929688,25000000.000
23701,2043,-2.441406,25000000.000
23702,2042,-2.929688,25000000.000
23703,2042,-2.929688,25000000.000
23704,2042,-2.929688,25000000.000
23705,2042,-2.929688,25000000.000
23706,2043,-2.441406,25000000.000
23707,2041,-3.417969,25000000.000
23708,2044,-1.953125,25000000.000
23709,2043,-2.441406,25000000.000
23710,2045,-1.464844,25000000.000
23711,2044,-1.953125,25000000.000
23712,2046,-0.976562,25000000.000
23713,2048,0.000000,25000000.000
23714,2047,-0.488281,25000000.000
23715,2048,0.000000,25000000.000
23716,2050,0.976562,25000000.000
23717,2050,0.976562,25000000.000
23718,2052,1.953125,25000000.000
23719,2052,1.953125,25000000.000
23720,2052,1.953125,25000000.000
23721,2053,2.441406,25000000.000
23722,2053,2.441406,25000000.000
23723,2054,2.929688,25000000.000
23724,2054,2.929688,25000000.000
23725,2053,2.441406,25000000.000
23726,2054,2.929688,25000000.000
23727,2054,2.929688,25000000.000
23728,2052,1.953125,25000000.000
23729,2053,2.441406,25000000.000
23730,2051,1.464844,25000000.000
23731,2050,0.976562,25000000.000
23732,2048,0.000000,25000000.000
23733,2048,0.000000,25000000.000
23734,2047,-0.488281,25000000.000
23735,2047,-0.488281,25000000.000
23736,2046,-0.976562,25000000.000
23737,2044,-1.953125,25000000.000
23738,2046,-0.976562,25000000.000
23739,2043,-2.441406,25000000.000
23740,2043,-2.441406,25000000.000
23741,2041,-3.417969,25000000.000
23742,2041,-3.417969,25000000.000
23743,2042,-2.929688,25000000.000
23744,2042,-2.929688,25000000.000
23745,2042,-2.929688,25000000.000
23746,2041,-3.417969,25000000.000
23747,2043,-2.441406,25000000.000
23748,2043,-2.441406,25000000.000
23749,2044,-1.953125,25000000.000
23750,2044,-1.953125,25000000.000
23751,2043,-2.441406,25000000.000
23752,2046,-0.976562,25000000.000
23753,2045,-1.464844,25000000.000
23754,2048,0.000000,25000000.000
23755,2047,-0.488281,25000000.000
23756,2049,0.488281,25000000.000
23757,2049,0.488281,25000000.000
23758,2051,1.464844,25000000.000
23759,2051,1.464844,25000000.000
23760,2050,0.976562,25000000.000
23761,2051,1.464844,25000000.000
23762,2053,2.441406,25000000.000
23763,2052,1.953125,25000000.000
23764,2051,1.464844,25000000.000
23765,2053,2.441406,25000000.000
23766,2052,1.953125,25000000.000
23767,2053,2.441406,25000000.000
23768,2052,1.953125,25000000.000
23769,2053,2.441406,25000000.000
23770,2051,1.464844,25000000.000
23771,2051,1.464844,25000000.000
23772,2050,0.976562,25000000.000
23773,2048,0.000000,25000000.000
23774,2049,0.488281,25000000.000
23775,2048,0.000000,25000000.000
23776,2047,-0.488281,25000000.000
23777,2046,-0.976562,25000000.000
23778,2045,-1.464844,25000000.000
23779,2043,-2.441406,25000000.000
23780,2044,-1.953125,25000000.000
23781,2043,-2.441406,25000000.000
23782,2042,-2.929688,25000000.000
23783,2041,-3.417969,25000000.000
23784,2041,-3.417969,25000000.000
23785,2041,-3.417969,25000000.000
23786,2041,-3.417969,25000000.000
23787,2041,-3.417969,25000000.000
23788,2042,-2.929688,25000000.000
23789,2042,-2.929688,25000000.000
23790,2042,-2.929688,25000000.000
23791,2042,-2.929688,25000000.000
23792,2044,-1.953125,25000000.000
23793,2044,-1.953125,25000000.000
23794,2046,-0.976562,25000000.000
23795,2045,-1.464844,25000000.000
23796,2046,-0.976562,25000000.000
23797,2048,0.000000,25000000.000
23798,2049,0.488281,25000000.000
23799,2050,0.976562,25000000.000
23800,2050,0.976562,25000000.000
23801,2051,1.464844,25000000.000
23802,2051,1.464844,25000000.000
23803,2052,1.953125,25000000.000
23804,2052,1.953125,25000000.000
23805,2052,1.953125,25000000.000
23806,2053,2.441406,25000000.000
23807,2051,1.464844,25000000.000
23808,2054,2.929688,25000000.000
23809,2051,1.464844,25000000.000
23810,2051,1.464844,25000000.000
23811,2050,0.976562,25000000.000
23812,2051,1.464844,25000000.000
23813,2049,0.488281,25000000.000
23814,2048,0.000000,25000000.000
23815,2048,0.000000,25000000.000
23816,2046,-0.976562,25000000.000
23817,2045,-1.464844,25000000.000
23818,2045,-1.464844,25000000.000
23819,2047,-0.488281,25000000.000
23820,2045,-1.464844,25000000.000
23821,2042,-2.929688,25000000.000
23822,2043,-2.441406,25000000.000
23823,2043,-2.441406,25000000.000
23824,2042,-2.929688,25000000.000
23825,2040,-3.906250,25000000.000
23826,2040,-3.906250,25000000.000
23827,2041,-3.417969,25000000.000
23828,2041,-3.417969,25000000.000
23829,2041,-3.417969,25000000.000
23830,2042,-2.929688,25000000.000
23831,2042,-2.929688,25000000.000
23832,2043,-2.441406,25000000.000
23833,2044,-1.953125,25000000.000
23834,2044,-1.953125,25000000.000
23835,2044,-1.953125,25000000.000
23836,2046,-0.976562,25000000.000
23837,2047,-0.488281,25000000.000
23838,2047,-0.488281,25000000.000
23839,2047,-0.488281,25000000.000
23840,2051,1.464844,25000000.000
23841,2050,0.976562,25000000.000
23842,2051,1.464844,25000000.000
23843,2050,0.976562,25000000.000
23844,2053,2.441406,25000000.000
23845,2052,1.953125,25000000.000
23846,2051,1.464844,25000000.000
23847,2052,1.953125,25000000.000
23848,2053,2.441406,25000000.000
23849,2054,2.929688,25000000.000
23850,2051,1.464844,25000000.000
23851,2051,1.464844,25000000.000
23852,2051,1.464844,25000000.000
23853,2050,0.976562,25000000.000
23854,2051,1.464844,25000000.000
23855,2047,-0.488281,25000000.000
23856,2048,0.000000,25000000.000
23857,2046,-0.976562,25000000.000
23858,2045,-1.464844,25000000.000
23859,2041,-3.417969,25000000.000
23860,2047,-0.488281,25000000.000
23861,2043,-2.441406,25000000.000
23862,2044,-1.953125,25000000.000
23863,2043,-2.441406,25000000.000
23864,2043,-2.441406,25000000.000
23865,2042,-2.929688,25000000.000
23866,2039,-4.394531,25000000.000
23867,2041,-3.417969,25000000.000
23868,2041,-3.417969,25000000.000
23869,2042,-2.929688,25000000.000
23870,2041,-3.417969,25000000.000
23871,2040,-3.906250,25000000.000
23872,2036,-5.859375,25000000.000
23873,2047,-0.488281,25000000.000
23874,2045,-1.464844,25000000.000
23875,2043,-2.441406,25000000.000
23876,2044,-1.953125,25000000.000
23877,2047,-0.488281,25000000.000
23878,2048,0.000000,25000000.000
23879,2048,0.000000,25000000.000
23880,2049,0.488281,25000000.000
23881,2051,1.464844,25000000.000
23882,2051,1.464844,25000000.000
23883,2052,1.953125,25000000.000
23884,2053,2.441406,25000000.000
23885,2053,2.441406,25000000.000
23886,2053,2.441406,25000000.000
23887,2053,2.441406,25000000.000
23888,2054,2.929688,25000000.000
23889,2055,3.417969,25000000.000
23890,2053,2.441406,25000000.000
23891,2053,2.441406,25000000.000
23892,2053,2.441406,25000000.000
23893,2054,2.929688,25000000.000
23894,2052,1.953125,25000000.000
23895,2051,1.464844,25000000.000
23896,2049,0.488281,25000000.000
23897,2049,0.488281,25000000.000
23898,2048,0.000000,25000000.000
23899,2049,0.488281,25000000.000
23900,2048,0.000000,25000000.000
23901,2046,-0.976562,25000000.000
23902,2044,-1.953125,25000000.000
23903,2045,-1.464844,25000000.000
23904,2042,-2.929688,25000000.000
23905,2045,-1.464844,25000000.000
23906,2042,-2.929688,25000000.000
23907,2042,-2.929688,25000000.000
23908,2042,-2.929688,25000000.000
23909,2043,-2.441406,25000000.000
23910,2043,-2.441406,25000000.000
23911,2043,-2.441406,25000000.000
23912,2046,-0.976562,25000000.000
23913,2041,-3.417969,25000000.000
23914,2044,-1.953125,25000000.000
23915,2042,-2.929688,25000000.000
23916,2046,-0.976562,25000000.000
23917,2044,-1.953125,25000000.000
23918,2046,-0.976562,25000000.000
23919,2046,-0.976562,25000000.000
23920,2049,0.488281,25000000.000
23921,2049,0.488281,25000000.000
23922,2049,0.488281,25000000.000
23923,2050,0.976562,25000000.000
23924,2052,1.953125,25000000.000
23925,2051,1.464844,25000000.000
23926,2052,1.953125,25000000.000
23927,2052,1.953125,25000000.000
23928,2052,1.953125,25000000.000
23929,2053,2.441406,25000000.000
23930,2054,2.929688,25000000.000
23931,2053,2.441406,25000000.000
23932,2053,2.441406,25000000.000
23933,2053,2.441406,25000000.000
23934,2052,1.953125,25000000.000
23935,2052,1.953125,25000000.000
23936,2050,0.976562,25000000.000
23937,2050,0.976562,25000000.000
23938,2049,0.488281,25000000.000
23939,2049,0.488281,25000000.000
23940,2047,-0.488281,25000000.000
23941,2046,-0.976562,25000000.000
23942,2045,-1.464844,25000000.000
23943,2044,-1.953125,25000000.000
23944,2046,-0.976562,25000000.000
23945,2044,-1.953125,25000000.000
23946,2043,-2.441406,25000000.000
23947,2042,-2.929688,25000000.000
23948,2043,-2.441406,25000000.000
23949,2042,-2.929688,25000000.000
23950,2042,-2.929688,25000000.000
23951,2043,-2.441406,25000000.000
23952,2043,-2.441406,25000000.000
23953,2042,-2.929688,25000000.000
23954,2045,-1.464844,25000000.000
23955,2044,-1.953125,25000000.000
23956,2045,-1.464844,25000000.000
23957,2044,-1.953125,25000000.000
23958,2044,-1.953125,25000000.000
23959,2045,-1.464844,25000000.000
23960,2047,-0.488281,25000000.000
23961,2048,0.000000,25000000.000
23962,2049,0.488281,25000000.000
23963,2049,0.488281,25000000.000
23964,2051,1.464844,25000000.000
23965,2052,1.953125,25000000.000
23966,2050,0.976562,25000000.000
23967,2052,1.953125,25000000.000
23968,2053,2.441406,25000000.000
23969,2054,2.929688,25000000.000
23970,2052,1.953125,25000000.000
23971,2054,2.929688,25000000.000
23972,2053,2.441406,25000000.000
23973,2054,2.929688,25000000.000
23974,2053,2.441406,25000000.000
23975,2051,1.464844,25000000.000
23976,2054,2.929688,25000000.000
23977,2052,1.953125,25000000.000
23978,2049,0.488281,25000000.000
23979,2050,0.976562,25000000.000
23980,2048,0.000000,25000000.000
23981,2047,-0.488281,25000000.000
23982,2046,-0.976562,25000000.000
23983,2046,-0.976562,25000000.000
23984,2043,-2.441406,25000000.000
23985,2043,-2.441406,25000000.000
23986,2043,-2.441406,25000000.000
23987,2043,-2.441406,25000000.000
23988,2042,-2.929688,25000000.000
23989,2042,-2.929688,25000000.000
23990,2040,-3.906250,25000000.000
23991,2041,-3.417969,25000000.000
23992,2041,-3.417969,25000000.000
23993,2041,-3.417969,25000000.000
23994,2042,-2.929688,25000000.000
23995,2041,-3.417969,25000000.000
23996,2040,-3.906250,25000000.000
23997,2043,-2.441406,25000000.000
23998,2043,-2.441406,25000000.000
23999,2042,-2.929688,25000000.000
24000,2045,-1.464844,25000000.000
24001,2047,-0.488281,25000000.000
24002,2047,-0.488281,25000000.000
24003,2047,-0.488281,25000000.000
24004,2049,0.488281,25000000.000
24005,2050,0.976562,25000000.000
24006,2050,0.976562,25000000.000
24007,2051,1.464844,25000000.000
24008,2053,2.441406,25000000.000
24009,2052,1.953125,25000000.000
24010,2052,1.953125,25000000.000
24011,2051,1.464844,25000000.000
24012,2053,2.441406,25000000.000
24013,2053,2.441406,25000000.000
24014,2053,2.441406,25000000.000
24015,2051,1.464844,25000000.000
24016,2051,1.464844,25000000.000
24017,2051,1.464844,25000000.000
24018,2050,0.976562,25000000.000
24019,2051,1.464844,25000000.000
24020,2048,0.000000,25000000.000
24021,2047,-0.488281,25000000.000
24022,2046,-0.976562,25000000.000
24023,2047,-0.488281,25000000.000
24024,2045,-1.464844,25000000.000
24025,2043,-2.441406,25000000.000
24026,2045,-1.464844,25000000.000
24027,2043,-2.441406,25000000.000
24028,2041,-3.417969,25000000.000
24029,2040,-3.906250,25000000.000
24030,2040,-3.906250,25000000.000
24031,2040,-3.906250,25000000.000
24032,2041,-3.417969,25000000.000
24033,2035,-6.347656,25000000.000
24034,2045,-1.464844,25000000.000
24035,2040,-3.906250,25000000.000
24036,2041,-3.417969,25000000.000
24037,2042,-2.929688,25000000.000
24038,2044,-1.953125,25000000.000
24039,2041,-3.417969,25000000.000
24040,2045,-1.464844,25000000.000
24041,2045,-1.464844,25000000.000
24042,2047,-0.488281,25000000.000
24043,2046,-0.976562,25000000.000
24044,2049,0.488281,25000000.000
24045,2050,0.976562,25000000.000
24046,2049,0.488281,25000000.000
24047,2049,0.488281,25000000.000
24048,2051,1.464844,25000000.000
24049,2053,2.441406,25000000.000
24050,2051,1.464844,25000000.000
24051,2053,2.441406,25000000.000
24052,2053,2.441406,25000000.000
24053,2053,2.441406,25000000.000
24054,2054,2.929688,25000000.000
24055,2054,2.929688,25000000.000
24056,2052,1.953125,25000000.000
24057,2053,2.441406,25000000.000
24058,2050,0.976562,25000000.000
24059,2053,2.441406,25000000.000
24060,2048,0.000000,25000000.000
24061,2051,1.464844,25000000.000
24062,2047,-0.488281,25000000.000
24063,2048,0.000000,25000000.000
24064,2045,-1.464844,25000000.000
24065,2046,-0.976562,25000000.000
24066,2045,-1.464844,25000000.000
24067,2047,-0.488281,25000000.000
24068,2045,-1.464844,25000000.000
24069,2044,-1.953125,25000000.000
24070,2041,-3.417969,25000000.000
24071,2042,-2.929688,25000000.000
24072,2042,-2.929688,25000000.000
24073,2042,-2.929688,25000000.000
24074,2041,-3.417969,25000000.000
24075,2039,-4.394531,25000000.000
24076,2042,-2.929688,25000000.000
24077,2043,-2.441406,25000000.000
24078,2042,-2.929688,25000000.000
24079,2043,-2.441406,25000000.000
24080,2045,-1.464844,25000000.000
24081,2046,-0.976562,25000000.000
24082,2044,-1.953125,25000000.000
24083,2046,-0.976562,25000000.000
24084,2048,0.000000,25000000.000
24085,2047,-0.488281,25000000.000
24086,2051,1.464844,25000000.000
24087,2050,0.976562,25000000.000
24088,2051,1.464844,25000000.000
24089,2053,2.441406,25000000.000
24090,2053,2.441406,25000000.000
24091,2052,1.953125,25000000.000
24092,2052,1.953125,25000000.000
24093,2052,1.953125,25000000.000
24094,2053,2.441406,25000000.000
24095,2054,2.929688,25000000.000
24096,2053,2.441406,25000000.000
24097,2053,2.441406,25000000.000
24098,2052,1.953125,25000000.000
24099,2052,1.953125,25000000.000
24100,2051,1.464844,25000000.000
24101,2052,1.953125,25000000.000
24102,2050,0.976562,25000000.000
24103,2050,0.976562,25000000.000
24104,2047,-0.488281,25000000.000
24105,2047,-0.488281,25000000.000
24106,2046,-0.976562,25000000.000
24107,2046,-0.976562,25000000.000
24108,2045,-1.464844,25000000.000
24109,2044,-1.953125,25000000.000
24110,2042,-2.929688,25000000.000
24111,2043,-2.441406,25000000.000
24112,2043,-2.441406,25000000.000
24113,2042,-2.929688,25000000.000
24114,2042,-2.929688,25000000.000
24115,2042,-2.929688,25000000.000
24116,2041,-3.417969,25000000.000
24117,2041,-3.417969,25000000.000
24118,2041,-3.417969,25000000.000
24119,2042,-2.929688,25000000.000
24120,2043,-2.441406,25000000.000
24121,2043,-2.441406,25000000.000
24122,2045,-1.464844,25000000.000
24123,2044,-1.953125,25000000.000
24124,2046,-0.976562,25000000.000
24125,2046,-0.976562,25000000.000
24126,2048,0.000000,25000000.000
24127,2048,0.000000,25000000.000
24128,2049,0.488281,25000000.000
24129,2050,0.976562,25000000.000
24130,2052,1.953125,25000000.000
24131,2051,1.464844,25000000.000
24132,2052,1.953125,25000000.000
24133,2053,2.441406,25000000.000
24134,2053,2.441406,25000000.000
24135,2054,2.929688,25000000.000
24136,2053,2.441406,25000000.000
24137,2053,2.441406,25000000.000
24138,2052,1.953125,25000000.000
24139,2052,1.953125,25000000.000
24140,2052,1.953125,25000000.000
24141,2051,1.464844,25000000.000
24142,2050,0.976562,25000000.000
24143,2051,1.464844,25000000.000
24144,2050,0.976562,25000000.000
24145,2049,0.488281,25000000.000
24146,2046,-0.976562,25000000.000
24147,2046,-0.976562,25000000.000
24148,2046,-0.976562,25000000.000
24149,2045,-1.464844,25000000.000
24150,2044,-1.953125,25000000.000
24151,2043,-2.441406,25000000.000
24152,2042,-2.929688,25000000.000
24153,2043,-2.441406,25000000.000
24154,2043,-2.441406,25000000.000
24155,2043,-2.441406,25000000.000
24156,2042,-2.929688,25000000.000
24157,2040,-3.906250,25000000.000
24158,2044,-1.953125,25000000.000
24159,2041,-3.417969,25000000.000
24160,2045,-1.464844,25000000.000
24161,2042,-2.929688,25000000.000
24162,2045,-1.464844,25000000.000
24163,2045,-1.464844,25000000.000
24164,2046,-0.976562,25000000.000
24165,2046,-0.976562,25000000.000
24166,2047,-0.488281,25000000.000
24167,2048,0.000000,25000000.000
24168,2048,0.000000,25000000.000
24169,2050,0.976562,25000000.000
24170,2051,1.464844,25000000.000
24171,2049,0.488281,25000000.000
24172,2051,1.464844,25000000.000
24173,2051,1.464844,25000000.000
24174,2054,2.929688,25000000.000
24175,2053,2.441406,25000000.000
24176,2053,2.441406,25000000.000
24177,2052,1.953125,25000000.000
24178,2052,1.953125,25000000.000
24179,2054,2.929688,25000000.000
24180,2052,1.953125,25000000.000
24181,2052,1.953125,25000000.000
24182,2049,0.488281,25000000.000
24183,2050,0.976562,25000000.000
24184,2051,1.464844,25000000.000
24185,2048,0.000000,25000000.000
24186,2048,0.000000,25000000.000
24187,2048,0.000000,25000000.000
24188,2047,-0.488281,25000000.000
24189,2045,-1.464844,25000000.000
24190,2044,-1.953125,25000000.000
24191,2044,-1.953125,25000000.000
24192,2042,-2.929688,25000000.000
24193,2041,-3.417969,25000000.000
24194,2043,-2.441406,25000000.000
24195,2042,-2.929688,25000000.000
24196,2038,-4.882812,25000000.000
24197,2041,-3.417969,25000000.000
24198,2042,-2.929688,25000000.000
24199,2040,-3.906250,25000000.000
24200,2040,-3.906250,25000000.000
24201,2043,-2.441406,25000000.000
24202,2043,-2.441406,25000000.000
24203,2043,-2.441406,25000000.000
24204,2044,-1.953125,25000000.000
24205,2044,-1.953125,25000000.000
24206,2045,-1.464844,25000000.000
24207,2045,-1.464844,25000000.000
24208,2048,0.000000,25000000.000
24209,2048,0.000000,25000000.000
24210,2049,0.488281,25000000.000
24211,2049,0.488281,25000000.000
24212,2051,1.464844,25000000.000
24213,2053,2.441406,25000000.000
24214,2053,2.441406,25000000.000
24215,2052,1.953125,25000000.000
24216,2051,1.464844,25000000.000
24217,2044,-1.953125,25000000.000
24218,2041,-3.417969,25000000.000
24219,2054,2.929688,25000000.000
24220,2057,4.394531,25000000.000
24221,2053,2.441406,25000000.000
24222,2051,1.464844,25000000.000
24223,2053,2.441406,25000000.000
24224,2050,0.976562,25000000.000
24225,2050,0.976562,25000000.000
24226,2048,0.000000,25000000.000
24227,2048,0.000000,25000000.000
24228,2047,-0.488281,25000000.000
24229,2046,-0.976562,25000000.000
24230,2044,-1.953125,25000000.000
24231,2045,-1.464844,25000000.000
24232,2043,-2.441406,25000000.000
24233,2044,-1.953125,25000000.000
24234,2043,-2.441406,25000000.000
24235,2043,-2.441406,25000000.000
24236,2041,-3.417969,25000000.000
24237,2041,-3.417969,25000000.000
24238,2041,-3.417969,25000000.000
24239,2041,-3.417969,25000000.000
24240,2041,-3.417969,25000000.000
24241,2043,-2.441406,25000000.000
24242,2042,-2.929688,25000000.000
24243,2041,-3.417969,25000000.000
24244,2044,-1.953125,25000000.000
24245,2045,-1.464844,25000000.000
24246,2044,-1.953125,25000000.000
24247,2045,-1.464844,25000000.000
24248,2046,-0.976562,25000000.000
24249,2048,0.000000,25000000.000
24250,2048,0.000000,25000000.000
24251,2049,0.488281,25000000.000
24252,2050,0.976562,25000000.000
24253,2049,0.488281,25000000.000
24254,2051,1.464844,25000000.000
24255,2050,0.976562,25000000.000
24256,2053,2.441406,25000000.000
24257,2050,0.976562,25000000.000
24258,2052,1.953125,25000000.000
24259,2052,1.953125,25000000.000
24260,2053,2.441406,25000000.000
24261,2054,2.929688,25000000.000
24262,2051,1.464844,25000000.000
24263,2052,1.953125,25000000.000
24264,2052,1.953125,25000000.000
24265,2050,0.976562,25000000.000
24266,2048,0.000000,25000000.000
24267,2050,0.976562,25000000.000
24268,2047,-0.488281,25000000.000
24269,2048,0.000000,25000000.000
24270,2046,-0.976562,25000000.000
24271,2044,-1.953125,25000000.000
24272,2046,-0.976562,25000000.000
24273,2043,-2.441406,25000000.000
24274,2042,-2.929688,25000000.000
24275,2041,-3.417969,25000000.000
24276,2042,-2.929688,25000000.000
24277,2043,-2.441406,25000000.000
24278,2041,-3.417969,25000000.000
24279,2040,-3.906250,25000000.000
24280,2040,-3.906250,25000000.000
24281,2043,-2.441406,25000000.000
24282,2042,-2.929688,25000000.000
24283,2042,-2.929688,25000000.000
24284,2043,-2.441406,25000000.000
24285,2043,-2.441406,25000000.000
24286,2045,-1.464844,25000000.000
24287,2045,-1.464844,25000000.000
24288,2045,-1.464844,25000000.000
24289,2046,-0.976562,25000000.000
24290,2050,0.976562,25000000.000
24291,2049,0.488281,25000000.000
24292,2049,0.488281,25000000.000
24293,2050,0.976562,25000000.000
24294,2051,1.464844,25000000.000
24295,2050,0.976562,25000000.000
24296,2053,2.441406,25000000.000
24297,2053,2.441406,25000000.000
24298,2054,2.929688,25000000.000
24299,2053,2.441406,25000000.000
24300,2053,2.441406,25000000.000
24301,2054,2.929688,25000000.000
24302,2054,2.929688,25000000.000
24303,2053,2.441406,25000000.000
24304,2054,2.929688,25000000.000
24305,2051,1.464844,25000000.000
24306,2051,1.464844,25000000.000
24307,2050,0.976562,25000000.000
24308,2050,0.976562,25000000.000
24309,2049,0.488281,25000000.000
24310,2046,-0.976562,25000000.000
24311,2047,-0.488281,25000000.000
24312,2045,-1.464844,25000000.000
24313,2045,-1.464844,25000000.000
24314,2043,-2.441406,25000000.000
24315,2043,-2.441406,25000000.000
24316,2042,-2.929688,25000000.000
24317,2042,-2.929688,25000000.000
24318,2042,-2.929688,25000000.000
24319,2044,-1.953125,25000000.000
24320,2042,-2.929688,25000000.000
24321,2041,-3.417969,25000000.000
24322,2042,-2.929688,25000000.000
24323,2043,-2.441406,25000000.000
24324,2044,-1.953125,25000000.000
24325,2043,-2.441406,25000000.000
24326,2045,-1.464844,25000000.000
24327,2043,-2.441406,25000000.000
24328,2044,-1.953125,25000000.000
24329,2047,-0.488281,25000000.000
24330,2048,0.000000,25000000.000
24331,2048,0.000000,25000000.000
24332,2049,0.488281,25000000.000
24333,2050,0.976562,25000000.000
24334,2050,0.976562,25000000.000
24335,2049,0.488281,25000000.000
24336,2051,1.464844,25000000.000
24337,2051,1.464844,25000000.000
24338,2052,1.953125,25000000.000
24339,2051,1.464844,25000000.000
24340,2054,2.929688,25000000.000
24341,2051,1.464844,25000000.000
24342,2051,1.464844,25000000.000
24343,2052,1.953125,25000000.000
24344,2053,2.441406,25000000.000
24345,2052,1.953125,25000000.000
24346,2055,3.417969,25000000.000
24347,2050,0.976562,25000000.000
24348,2048,0.000000,25000000.000
24349,2047,-0.488281,25000000.000
24350,2048,0.000000,25000000.000
24351,2053,2.441406,25000000.000
24352,2046,-0.976562,25000000.000
24353,2045,-1.464844,25000000.000
24354,2046,-0.976562,25000000.000
24355,2046,-0.976562,25000000.000
24356,2044,-1.953125,25000000.000
24357,2044,-1.953125,25000000.000
24358,2044,-1.953125,25000000.000
24359,2043,-2.441406,25000000.000
24360,2042,-2.929688,25000000.000
24361,2042,-2.929688,25000000.000
24362,2042,-2.929688,25000000.000
24363,2041,-3.417969,25000000.000
24364,2042,-2.929688,25000000.000
24365,2043,-2.441406,25000000.000
24366,2043,-2.441406,25000000.000
24367,2043,-2.441406,25000000.000
24368,2045,-1.464844,25000000.000
24369,2047,-0.488281,25000000.000
24370,2047,-0.488281,25000000.000
24371,2045,-1.464844,25000000.000
24372,2048,0.000000,25000000.000
24373,2048,0.000000,25000000.000
24374,2049,0.488281,25000000.000
24375,2050,0.976562,25000000.000
24376,2051,1.464844,25000000.000
24377,2051,1.464844,25000000.000
24378,2051,1.464844,25000000.000
24379,2051,1.464844,25000000.000
24380,2053,2.441406,25000000.000
24381,2053,2.441406,25000000.000
24382,2053,2.441406,25000000.000
24383,2053,2.441406,25000000.000
24384,2053,2.441406,25000000.000
24385,2052,1.953125,25000000.000
24386,2052,1.953125,25000000.000
24387,2052,1.953125,25000000.000
24388,2051,1.464844,25000000.000
24389,2050,0.976562,25000000.000
24390,2050,0.976562,25000000.000
24391,2049,0.488281,25000000.000
24392,2045,-1.464844,25000000.000
24393,2046,-0.976562,25000000.000
24394,2045,-1.464844,25000000.000
24395,2045,-1.464844,25000000.000
24396,2042,-2.929688,25000000.000
24397,2044,-1.953125,25000000.000
24398,2042,-2.929688,25000000.000
24399,2044,-1.953125,25000000.000
24400,2041,-3.417969,25000000.000
24401,2040,-3.906250,25000000.000
24402,2040,-3.906250,25000000.000
24403,2041,-3.417969,25000000.000
24404,2041,-3.417969,25000000.000
24405,2039,-4.394531,25000000.000
24406,2042,-2.929688,25000000.000
24407,2041,-3.417969,25000000.000
24408,2043,-2.441406,25000000.000
24409,2044,-1.953125,25000000.000
24410,2044,-1.953125,25000000.000
24411,2044,-1.953125,25000000.000
24412,2046,-0.976562,25000000.000
24413,2047,-0.488281,25000000.000
24414,2047,-0.488281,25000000.000
24415,2047,-0.488281,25000000.000
24416,2051,1.464844,25000000.000
24417,2050,0.976562,25000000.000
24418,2050,0.976562,25000000.000
24419,2051,1.464844,25000000.000
24420,2052,1.953125,25000000.000
24421,2053,2.441406,25000000.000
24422,2052,1.953125,25000000.000
24423,2053,2.441406,25000000.000
24424,2053,2.441406,25000000.000
24425,2051,1.464844,25000000.000
24426,2052,1.953125,25000000.000
24427,2051,1.464844,25000000.000
24428,2051,1.464844,25000000.000
24429,2051,1.464844,25000000.000
24430,2048,0.000000,25000000.000
24431,2050,0.976562,25000000.000
24432,2048,0.000000,25000000.000
24433,2048,0.000000,25000000.000
24434,2046,-0.976562,25000000.000
24435,2046,-0.976562,25000000.000
24436,2045,-1.464844,25000000.000
24437,2044,-1.953125,25000000.000
24438,2044,-1.953125,25000000.000
24439,2042,-2.929688,25000000.000
24440,2042,-2.929688,25000000.000
24441,2042,-2.929688,25000000.000
24442,2041,-3.417969,25000000.000
24443,2042,-2.929688,25000000.000
24444,2043,-2.441406,25000000.000
24445,2040,-3.906250,25000000.000
24446,2044,-1.953125,25000000.000
24447,2043,-2.441406,25000000.000
24448,2043,-2.441406,25000000.000
24449,2043,-2.441406,25000000.000
24450,2044,-1.953125,25000000.000
24451,2043,-2.441406,25000000.000
24452,2046,-0.976562,25000000.000
24453,2046,-0.976562,25000000.000
24454,2046,-0.976562,25000000.000
24455,2047,-0.488281,25000000.000
24456,2050,0.976562,25000000.000
24457,2049,0.488281,25000000.000
24458,2052,1.953125,25000000.000
24459,2051,1.464844,25000000.000
24460,2051,1.464844,25000000.000
24461,2053,2.441406,25000000.000
24462,2052,1.953125,25000000.000
24463,2052,1.953125,25000000.000
24464,2052,1.953125,25000000.000
24465,2053,2.441406,25000000.000
24466,2051,1.464844,25000000.000
24467,2053,2.441406,25000000.000
24468,2050,0.976562,25000000.000
24469,2051,1.464844,25000000.000
24470,2050,0.976562,25000000.000
24471,2050,0.976562,25000000.000
24472,2050,0.976562,25000000.000
24473,2049,0.488281,25000000.000
24474,2048,0.000000,25000000.000
24475,2047,-0.488281,25000000.000
24476,2046,-0.976562,25000000.000
24477,2045,-1.464844,25000000.000
24478,2044,-1.953125,25000000.000
24479,2042,-2.929688,25000000.000
24480,2043,-2.441406,25000000.000
24481,2042,-2.929688,25000000.000
24482,2042,-2.929688,25000000.000
24483,2043,-2.441406,25000000.000
24484,2041,-3.417969,25000000.000
24485,2041,-3.417969,25000000.000
24486,2042,-2.929688,25000000.000
24487,2042,-2.929688,25000000.000
24488,2044,-1.953125,25000000.000
24489,2044,-1.953125,25000000.000
24490,2044,-1.953125,25000000.000
24491,2044,-1.953125,25000000.000
24492,2045,-1.464844,25000000.000
24493,2046,-0.976562,25000000.000
24494,2047,-0.488281,25000000.000
24495,2047,-0.488281,25000000.000
24496,2048,0.000000,25000000.000
24497,2049,0.488281,25000000.000
24498,2051,1.464844,25000000.000
24499,2051,1.464844,25000000.000
24500,2052,1.953125,25000000.000
24501,2052,1.953125,25000000.000
24502,2052,1.953125,25000000.000
24503,2052,1.953125,25000000.000
24504,2053,2.441406,25000000.000
24505,2053,2.441406,25000000.000
24506,2053,2.441406,25000000.000
24507,2052,1.953125,25000000.000
24508,2054,2.929688,25000000.000
24509,2053,2.441406,25000000.000
24510,2051,1.464844,25000000.000
24511,2051,1.464844,25000000.000
24512,2050,0.976562,25000000.000
24513,2051,1.464844,25000000.000
24514,2048,0.000000,25000000.000
24515,2048,0.000000,25000000.000
24516,2047,-0.488281,25000000.000
24517,2045,-1.464844,25000000.000
24518,2045,-1.464844,25000000.000
24519,2046,-0.976562,25000000.000
24520,2042,-2.929688,25000000.000
24521,2043,-2.441406,25000000.000
24522,2043,-2.441406,25000000.000
24523,2043,-2.441406,25000000.000
24524,2041,-3.417969,25000000.000
24525,2042,-2.929688,25000000.000
24526,2043,-2.441406,25000000.000
24527,2042,-2.929688,25000000.000
24528,2042,-2.929688,25000000.000
24529,2042,-2.929688,25000000.000
24530,2042,-2.929688,25000000.000
24531,2043,-2.441406,25000000.000
24532,2044,-1.953125,25000000.000
24533,2044,-1.953125,25000000.000
24534,2045,-1.464844,25000000.000
24535,2045,-1.464844,25000000.000
24536,2048,0.000000,25000000.000
24537,2047,-0.488281,25000000.000
24538,2049,0.488281,25000000.000
24539,2048,0.000000,25000000.000
24540,2053,2.441406,25000000.000
24541,2051,1.464844,25000000.000
24542,2051,1.464844,25000000.000
24543,2052,1.953125,25000000.000
24544,2053,2.441406,25000000.000
24545,2054,2.929688,25000000.000
24546,2051,1.464844,25000000.000
24547,2052,1.953125,25000000.000
24548,2054,2.929688,25000000.000
24549,2053,2.441406,25000000.000
24550,2052,1.953125,25000000.000
24551,2051,1.464844,25000000.000
24552,2052,1.953125,25000000.000
24553,2050,0.976562,25000000.000
24554,2050,0.976562,25000000.000
24555,2051,1.464844,25000000.000
24556,2048,0.000000,25000000.000
24557,2048,0.000000,25000000.000
24558,2048,0.000000,25000000.000
24559,2047,-0.488281,25000000.000
24560,2044,-1.953125,25000000.000
24561,2045,-1.464844,25000000.000
24562,2044,-1.953125,25000000.000
24563,2044,-1.953125,25000000.000
24564,2036,-5.859375,25000000.000
24565,2036,-5.859375,25000000.000
24566,2038,-4.882812,25000000.000
24567,2036,-5.859375,25000000.000
24568,2043,-2.441406,25000000.000
24569,2043,-2.441406,25000000.000
24570,2042,-2.929688,25000000.000
24571,2042,-2.929688,25000000.000
24572,2041,-3.417969,25000000.000
24573,2043,-2.441406,25000000.000
24574,2046,-0.976562,25000000.000
24575,2044,-1.953125,25000000.000
24576,2045,-1.464844,25000000.000
24577,2048,0.000000,25000000.000
24578,2047,-0.488281,25000000.000
24579,2047,-0.488281,25000000.000
24580,2049,0.488281,25000000.000
24581,2050,0.976562,25000000.000
24582,2051,1.464844,25000000.000
24583,2051,1.464844,25000000.000
24584,2053,2.441406,25000000.000
24585,2050,0.976562,25000000.000
24586,2058,4.882812,25000000.000
24587,2058,4.882812,25000000.000
24588,2051,1.464844,25000000.000
24589,2056,3.906250,25000000.000
24590,2053,2.441406,25000000.000
24591,2052,1.953125,25000000.000
24592,2051,1.464844,25000000.000
24593,2050,0.976562,25000000.000
24594,2051,1.464844,25000000.000
24595,2049,0.488281,25000000.000
24596,2047,-0.488281,25000000.000
24597,2048,0.000000,25000000.000
24598,2046,-0.976562,25000000.000
24599,2047,-0.488281,25000000.000
24600,2045,-1.464844,25000000.000
24601,2045,-1.464844,25000000.000
24602,2045,-1.464844,25000000.000
24603,2043,-2.441406,25000000.000
24604,2040,-3.906250,25000000.000
24605,2040,-3.906250,25000000.000
24606,2040,-3.906250,25000000.000
24607,2040,-3.906250,25000000.000
24608,2042,-2.929688,25000000.000
24609,2041,-3.417969,25000000.000
24610,2040,-3.906250,25000000.000
24611,2040,-3.906250,25000000.000
24612,2042,-2.929688,25000000.000
24613,2044,-1.953125,25000000.000
24614,2044,-1.953125,25000000.000
24615,2042,-2.929688,25000000.000
24616,2045,-1.464844,25000000.000
24617,2046,-0.976562,25000000.000
24618,2047,-0.488281,25000000.000
24619,2047,-0.488281,25000000.000
24620,2049,0.488281,25000000.000
24621,2049,0.488281,25000000.000
24622,2051,1.464844,25000000.000
24623,2051,1.464844,25000000.000
24624,2050,0.976562,25000000.000
24625,2052,1.953125,25000000.000
24626,2053,2.441406,25000000.000
24627,2052,1.953125,25000000.000
24628,2051,1.464844,25000000.000
24629,2053,2.441406,25000000.000
24630,2051,1.464844,25000000.000
24631,2053,2.441406,25000000.000
24632,2051,1.464844,25000000.000
24633,2052,1.953125,25000000.000
24634,2050,0.976562,25000000.000
24635,2049,0.488281,25000000.000
24636,2049,0.488281,25000000.000
24637,2048,0.000000,25000000.000
24638,2047,-0.488281,25000000.000
24639,2047,-0.488281,25000000.000
24640,2046,-0.976562,25000000.000
24641,2043,-2.441406,25000000.000
24642,2042,-2.929688,25000000.000
24643,2043,-2.441406,25000000.000
24644,2043,-2.441406,25000000.000
24645,2044,-1.953125,25000000.000
24646,2042,-2.929688,25000000.000
24647,2044,-1.953125,25000000.000
24648,2040,-3.906250,25000000.000
24649,2043,-2.441406,25000000.000
24650,2041,-3.417969,25000000.000
24651,2042,-2.929688,25000000.000
24652,2042,-2.929688,25000000.000
24653,2042,-2.929688,25000000.000
24654,2043,-2.441406,25000000.000
24655,2042,-2.929688,25000000.000
24656,2044,-1.953125,25000000.000
24657,2045,-1.464844,25000000.000
24658,2046,-0.976562,25000000.000
24659,2046,-0.976562,25000000.000
24660,2046,-0.976562,25000000.000
24661,2048,0.000000,25000000.000
24662,2049,0.488281,25000000.000
24663,2048,0.000000,25000000.000
24664,2049,0.488281,25000000.000
24665,2051,1.464844,25000000.000
24666,2051,1.464844,25000000.000
24667,2051,1.464844,25000000.000
24668,2052,1.953125,25000000.000
24669,2053,2.441406,25000000.000
24670,2054,2.929688,25000000.000
24671,2053,2.441406,25000000.000
24672,2052,1.953125,25000000.000
24673,2052,1.953125,25000000.000
24674,2052,1.953125,25000000.000
24675,2050,0.976562,25000000.000
24676,2050,0.976562,25000000.000
24677,2049,0.488281,25000000.000
24678,2054,2.929688,25000000.000
24679,2049,0.488281,25000000.000
24680,2047,-0.488281,25000000.000
24681,2045,-1.464844,25000000.000
24682,2046,-0.976562,25000000.000
24683,2046,-0.976562,25000000.000
24684,2044,-1.953125,25000000.000
24685,2043,-2.441406,25000000.000
24686,2043,-2.441406,25000000.000
24687,2043,-2.441406,25000000.000
24688,2042,-2.929688,25000000.000
24689,2042,-2.929688,25000000.000
24690,2043,-2.441406,25000000.000
24691,2041,-3.417969,25000000.000
24692,2042,-2.929688,25000000.000
24693,2042,-2.929688,25000000.000
24694,2042,-2.929688,25000000.000
24695,2043,-2.441406,25000000.000
24696,2044,-1.953125,25000000.000
24697,2044,-1.953125,25000000.000
24698,2045,-1.464844,25000000.000
24699,2046,-0.976562,25000000.000
24700,2047,-0.488281,25000000.000
24701,2047,-0.488281,25000000.000
24702,2049,0.488281,25000000.000
24703,2048,0.000000,25000000.000
24704,2052,1.953125,25000000.000
24705,2051,1.464844,25000000.000
24706,2051,1.464844,25000000.000
24707,2050,0.976562,25000000.000
24708,2053,2.441406,25000000.000
24709,2053,2.441406,25000000.000
24710,2053,2.441406,25000000.000
24711,2053,2.441406,25000000.000
24712,2054,2.929688,25000000.000
24713,2053,2.441406,25000000.000
24714,2051,1.464844,25000000.000
24715,2051,1.464844,25000000.000
24716,2052,1.953125,25000000.000
24717,2051,1.464844,25000000.000
24718,2050,0.976562,25000000.000
24719,2051,1.464844,25000000.000
24720,2049,0.488281,25000000.000
24721,2046,-0.976562,25000000.000
24722,2048,0.000000,25000000.000
24723,2048,0.000000,25000000.000
24724,2046,-0.976562,25000000.000
24725,2044,-1.953125,25000000.000
24726,2044,-1.953125,25000000.000
24727,2044,-1.953125,25000000.000
24728,2042,-2.929688,25000000.000
24729,2043,-2.441406,25000000.000
24730,2043,-2.441406,25000000.000
24731,2043,-2.441406,25000000.000
24732,2041,-3.417969,25000000.000
24733,2042,-2.929688,25000000.000
24734,2042,-2.929688,25000000.000
24735,2042,-2.929688,25000000.000
24736,2043,-2.441406,25000000.000
24737,2043,-2.441406,25000000.000
24738,2045,-1.464844,25000000.000
24739,2044,-1.953125,25000000.000
24740,2046,-0.976562,25000000.000
24741,2046,-0.976562,25000000.000
24742,2047,-0.488281,25000000.000
24743,2047,-0.488281,25000000.000
24744,2050,0.976562,25000000.000
24745,2050,0.976562,25000000.000
24746,2050,0.976562,25000000.000
24747,2051,1.464844,25000000.000
24748,2052,1.953125,25000000.000
24749,2053,2.441406,25000000.000
24750,2053,2.441406,25000000.000
24751,2053,2.441406,25000000.000
24752,2054,2.929688,25000000.000
24753,2053,2.441406,25000000.000
24754,2054,2.929688,25000000.000
24755,2054,2.929688,25000000.000
24756,2051,1.464844,25000000.000
24757,2052,1.953125,25000000.000
24758,2051,1.464844,25000000.000
24759,2050,0.976562,25000000.000
24760,2048,0.000000,25000000.000
24761,2048,0.000000,25000000.000
24762,2047,-0.488281,25000000.000
24763,2048,0.000000,25000000.000
24764,2046,-0.976562,25000000.000
24765,2047,-0.488281,25000000.000
24766,2043,-2.441406,25000000.000
24767,2044,-1.953125,25000000.000
24768,2043,-2.441406,25000000.000
24769,2042,-2.929688,25000000.000
24770,2042,-2.929688,25000000.000
24771,2040,-3.906250,25000000.000
24772,2041,-3.417969,25000000.000
24773,2042,-2.929688,25000000.000
24774,2042,-2.929688,25000000.000
24775,2040,-3.906250,25000000.000
24776,2043,-2.441406,25000000.000
24777,2043,-2.441406,25000000.000
24778,2043,-2.441406,25000000.000
24779,2043,-2.441406,25000000.000
24780,2045,-1.464844,25000000.000
24781,2046,-0.976562,25000000.000
24782,2046,-0.976562,25000000.000
24783,2047,-0.488281,25000000.000
24784,2048,0.000000,25000000.000
24785,2048,0.000000,25000000.000
24786,2050,0.976562,25000000.000
24787,2050,0.976562,25000000.000
24788,2051,1.464844,25000000.000
24789,2050,0.976562,25000000.000
24790,2053,2.441406,25000000.000
24791,2054,2.929688,25000000.000
24792,2052,1.953125,25000000.000
24793,2053,2.441406,25000000.000
24794,2051,1.464844,25000000.000
24795,2054,2.929688,25000000.000
24796,2052,1.953125,25000000.000
24797,2054,2.929688,25000000.000
24798,2049,0.488281,25000000.000
24799,2052,1.953125,25000000.000
24800,2048,0.000000,25000000.000
24801,2050,0.976562,25000000.000
24802,2048,0.000000,25000000.000
24803,2048,0.000000,25000000.000
24804,2047,-0.488281,25000000.000
24805,2044,-1.953125,25000000.000
24806,2045,-1.464844,25000000.000
24807,2043,-2.441406,25000000.000
24808,2044,-1.953125,25000000.000
24809,2042,-2.929688,25000000.000
24810,2041,-3.417969,25000000.000
24811,2041,-3.417969,25000000.000
24812,2041,-3.417969,25000000.000
24813,2040,-3.906250,25000000.000
24814,2041,-3.417969,25000000.000
24815,2041,-3.417969,25000000.000
24816,2041,-3.417969,25000000.000
24817,2040,-3.906250,25000000.000
24818,2042,-2.929688,25000000.000
24819,2042,-2.929688,25000000.000
24820,2044,-1.953125,25000000.000
24821,2043,-2.441406,25000000.000
24822,2045,-1.464844,25000000.000
24823,2045,-1.464844,25000000.000
24824,2047,-0.488281,25000000.000
24825,2047,-0.488281,25000000.000
24826,2049,0.488281,25000000.000
24827,2049,0.488281,25000000.000
24828,2050,0.976562,25000000.000
24829,2052,1.953125,25000000.000
24830,2051,1.464844,25000000.000
24831,2053,2.441406,25000000.000
24832,2052,1.953125,25000000.000
24833,2053,2.441406,25000000.000
24834,2055,3.417969,25000000.000
24835,2056,3.906250,25000000.000
24836,2056,3.906250,25000000.000
24837,2051,1.464844,25000000.000
24838,2057,4.394531,25000000.000
24839,2049,0.488281,25000000.000
24840,2051,1.464844,25000000.000
24841,2048,0.000000,25000000.000
24842,2049,0.488281,25000000.000
24843,2046,-0.976562,25000000.000
24844,2046,-0.976562,25000000.000
24845,2046,-0.976562,25000000.000
24846,2046,-0.976562,25000000.000
24847,2045,-1.464844,25000000.000
24848,2044,-1.953125,25000000.000
24849,2043,-2.441406,25000000.000
24850,2042,-2.929688,25000000.000
24851,2042,-2.929688,25000000.000
24852,2043,-2.441406,25000000.000
24853,2041,-3.417969,25000000.000
24854,2042,-2.929688,25000000.000
24855,2041,-3.417969,25000000.000
24856,2042,-2.929688,25000000.000
24857,2042,-2.929688,25000000.000
24858,2044,-1.953125,25000000.000
24859,2043,-2.441406,25000000.000
24860,2042,-2.929688,25000000.000
24861,2045,-1.464844,25000000.000
24862,2046,-0.976562,25000000.000
24863,2045,-1.464844,25000000.000
24864,2047,-0.488281,25000000.000
24865,2048,0.000000,25000000.000
24866,2048,0.000000,25000000.000
24867,2049,0.488281,25000000.000
24868,2050,0.976562,25000000.000
24869,2051,1.464844,25000000.000
24870,2052,1.953125,25000000.000
24871,2052,1.953125,25000000.000
24872,2053,2.441406,25000000.000
24873,2052,1.953125,25000000.000
24874,2052,1.953125,25000000.000
24875,2051,1.464844,25000000.000
24876,2053,2.441406,25000000.000
24877,2053,2.441406,25000000.000
24878,2052,1.953125,25000000.000
24879,2052,1.953125,25000000.000
24880,2050,0.976562,25000000.000
24881,2051,1.464844,25000000.000
24882,2050,0.976562,25000000.000
24883,2050,0.976562,25000000.000
24884,2049,0.488281,25000000.000
24885,2048,0.000000,25000000.000
24886,2047,-0.488281,25000000.000
24887,2048,0.000000,25000000.000
24888,2046,-0.976562,25000000.000
24889,2046,-0.976562,25000000.000
24890,2047,-0.488281,25000000.000
24891,2043,-2.441406,25000000.000
24892,2041,-3.417969,25000000.000
24893,2043,-2.441406,25000000.000
24894,2042,-2.929688,25000000.000
24895,2044,-1.953125,25000000.000
24896,2040,-3.906250,25000000.000
24897,2044,-1.953125,25000000.000
24898,2043,-2.441406,25000000.000
24899,2043,-2.441406,25000000.000
24900,2044,-1.953125,25000000.000
24901,2043,-2.441406,25000000.000
24902,2045,-1.464844,25000000.000
24903,2044,-1.953125,25000000.000
24904,2045,-1.464844,25000000.000
24905,2046,-0.976562,25000000.000
24906,2047,-0.488281,25000000.000
24907,2047,-0.488281,25000000.000
24908,2049,0.488281,25000000.000
24909,2045,-1.464844,25000000.000
24910,2046,-0.976562,25000000.000
24911,2044,-1.953125,25000000.000
24912,2056,3.906250,25000000.000
24913,2051,1.464844,25000000.000
24914,2050,0.976562,25000000.000
24915,2054,2.929688,25000000.000
24916,2054,2.929688,25000000.000
24917,2053,2.441406,25000000.000
24918,2054,2.929688,25000000.000
24919,2053,2.441406,25000000.000
24920,2053,2.441406,25000000.000
24921,2051,1.464844,25000000.000
24922,2050,0.976562,25000000.000
24923,2051,1.464844,25000000.000
24924,2051,1.464844,25000000.000
24925,2049,0.488281,25000000.000
24926,2047,-0.488281,25000000.000
24927,2047,-0.488281,25000000.000
24928,2046,-0.976562,25000000.000
24929,2046,-0.976562,25000000.000
24930,2045,-1.464844,25000000.000
24931,2046,-0.976562,25000000.000
24932,2044,-1.953125,25000000.000
24933,2044,-1.953125,25000000.000
24934,2043,-2.441406,25000000.000
24935,2042,-2.929688,25000000.000
24936,2042,-2.929688,25000000.000
24937,2041,-3.417969,25000000.000
24938,2042,-2.929688,25000000.000
24939,2040,-3.906250,25000000.000
24940,2042,-2.929688,25000000.000
24941,2042,-2.929688,25000000.000
24942,2043,-2.441406,25000000.000
24943,2042,-2.929688,25000000.000
24944,2045,-1.464844,25000000.000
24945,2045,-1.464844,25000000.000
24946,2045,-1.464844,25000000.000
24947,2047,-0.488281,25000000.000
24948,2047,-0.488281,25000000.000
24949,2048,0.000000,25000000.000
24950,2049,0.488281,25000000.000
24951,2053,2.441406,25000000.000
24952,2051,1.464844,25000000.000
24953,2051,1.464844,25000000.000
24954,2052,1.953125,25000000.000
24955,2053,2.441406,25000000.000
24956,2054,2.929688,25000000.000
24957,2052,1.953125,25000000.000
24958,2053,2.441406,25000000.000
24959,2053,2.441406,25000000.000
24960,2051,1.464844,25000000.000
24961,2052,1.953125,25000000.000
24962,2051,1.464844,25000000.000
24963,2050,0.976562,25000000.000
24964,2051,1.464844,25000000.000
24965,2050,0.976562,25000000.000
24966,2050,0.976562,25000000.000
24967,2049,0.488281,25000000.000
24968,2046,-0.976562,25000000.000
24969,2047,-0.488281,25000000.000
24970,2046,-0.976562,25000000.000
24971,2044,-1.953125,25000000.000
24972,2044,-1.953125,25000000.000
24973,2042,-2.929688,25000000.000
24974,2042,-2.929688,25000000.000
24975,2042,-2.929688,25000000.000
24976,2040,-3.906250,25000000.000
24977,2040,-3.906250,25000000.000
24978,2040,-3.906250,25000000.000
24979,2041,-3.417969,25000000.000
24980,2042,-2.929688,25000000.000
24981,2041,-3.417969,25000000.000
24982,2042,-2.929688,25000000.000
24983,2042,-2.929688,25000000.000
24984,2043,-2.441406,25000000.000
24985,2044,-1.953125,25000000.000
24986,2046,-0.976562,25000000.000
24987,2045,-1.464844,25000000.000
24988,2045,-1.464844,25000000.000
24989,2046,-0.976562,25000000.000
24990,2049,0.488281,25000000.000
24991,2048,0.000000,25000000.000
24992,2049,0.488281,25000000.000
24993,2050,0.976562,25000000.000
24994,2052,1.953125,25000000.000
24995,2051,1.464844,25000000.000
24996,2052,1.953125,25000000.000
24997,2054,2.929688,25000000.000
24998,2052,1.953125,25000000.000
24999,2053,2.441406,25000000.000
